                                Open       High        Low      Close  Adj Close  Volume
2022-10-13 10:30:00-04:00  33.330002  33.369999  31.920000  32.060001  32.060001       0
2022-10-13 11:30:00-04:00  32.009998  32.299999  31.719999  31.889999  31.889999       0
2022-10-13 12:30:00-04:00  31.900000  32.080002  31.629999  31.799999  31.799999       0
2022-10-13 13:30:00-04:00  31.799999  32.480000  31.790001  32.299999  32.299999       0
2022-10-13 14:30:00-04:00  32.290001  32.430000  32.250000  32.410000  32.410000       0
2022-10-13 15:30:00-04:00  32.419998  32.549999  32.119999  32.130001  32.130001       0
2022-10-14 09:30:00-04:00  31.469999  32.919998  31.139999  32.430000  32.430000       0
2022-10-14 10:30:00-04:00  32.490002  32.910000  32.080002  32.250000  32.250000       0
2022-10-14 11:30:00-04:00  32.299999  32.930000  32.299999  32.759998  32.759998       0
2022-10-14 12:30:00-04:00  32.570000  32.759998  32.250000  32.619999  32.619999       0
2022-10-14 13:30:00-04:00  32.610001  32.720001  32.099998  32.599998  32.599998       0
2022-10-14 14:30:00-04:00  32.540001  32.860001  32.360001  32.360001  32.360001       0
2022-10-14 15:30:00-04:00  32.369999  32.439999  31.980000  32.139999  32.139999       0
2022-10-17 09:30:00-04:00  31.430000  31.610001  30.990000  31.150000  31.150000       0
2022-10-17 10:30:00-04:00  31.110001  31.410000  30.900000  30.990000  30.990000       0
2022-10-17 11:30:00-04:00  30.969999  31.000000  30.700001  30.889999  30.889999       0
2022-10-17 12:30:00-04:00  30.879999  31.129999  30.760000  30.879999  30.879999       0
2022-10-17 13:30:00-04:00  30.870001  31.100000  30.719999  31.010000  31.010000       0
2022-10-17 14:30:00-04:00  31.000000  31.250000  30.870001  31.090000  31.090000       0
2022-10-17 15:30:00-04:00  31.080000  31.299999  31.080000  31.230000  31.230000       0
2022-10-18 09:30:00-04:00  30.730000  31.190001  30.620001  31.030001  31.030001       0
2022-10-18 10:30:00-04:00  31.070000  31.799999  30.770000  31.670000  31.670000       0
2022-10-18 11:30:00-04:00  31.670000  31.930000  31.219999  31.290001  31.290001       0
2022-10-18 12:30:00-04:00  31.299999  31.430000  30.840000  30.850000  30.850000       0
2022-10-18 13:30:00-04:00  30.830000  30.920000  30.639999  30.750000  30.750000       0
2022-10-18 14:30:00-04:00  30.780001  31.350000  30.760000  30.940001  30.940001       0
2022-10-18 15:30:00-04:00  30.889999  30.889999  30.650000  30.650000  30.650000       0
2022-10-19 09:30:00-04:00  31.430000  31.770000  30.910000  30.990000  30.990000       0
2022-10-19 10:30:00-04:00  30.980000  31.190001  30.920000  31.010000  31.010000       0
2022-10-19 11:30:00-04:00  31.030001  31.320000  30.850000  31.320000  31.320000       0
2022-10-19 12:30:00-04:00  31.309999  31.900000  31.040001  31.540001  31.540001       0
2022-10-19 13:30:00-04:00  31.559999  31.670000  31.090000  31.160000  31.160000       0
2022-10-19 14:30:00-04:00  31.180000  31.299999  30.840000  30.990000  30.990000       0
2022-10-19 15:30:00-04:00  30.980000  31.129999  30.940001  30.940001  30.940001       0
2022-10-20 09:30:00-04:00  30.809999  30.889999  29.980000  30.040001  30.040001       0
2022-10-20 10:30:00-04:00  30.059999  30.260000  30.059999  30.250000  30.250000       0