                                Open       High        Low      Close  Adj Close  Volume
2023-02-03 10:30:00-05:00  18.250000  18.620001  18.230000  18.440001  18.440001       0
2023-02-03 11:30:00-05:00  18.440001  18.639999  18.400000  18.410000  18.410000       0
2023-02-03 12:30:00-05:00  18.420000  18.969999  18.299999  18.860001  18.860001       0
2023-02-03 13:30:00-05:00  18.879999  19.299999  18.750000  18.799999  18.799999       0
2023-02-03 14:30:00-05:00  18.799999  18.950001  18.430000  18.510000  18.510000       0
2023-02-03 15:30:00-05:00  18.510000  18.690001  18.410000  18.430000  18.430000       0
2023-02-06 09:30:00-05:00  19.440001  19.610001  19.230000  19.590000  19.590000       0
2023-02-06 10:30:00-05:00  19.600000  19.740000  19.270000  19.320000  19.320000       0
2023-02-06 11:30:00-05:00  19.320000  19.590000  19.280001  19.549999  19.549999       0
2023-02-06 12:30:00-05:00  19.540001  19.670000  19.370001  19.540001  19.540001       0
2023-02-06 13:30:00-05:00  19.549999  19.680000  19.350000  19.440001  19.440001       0
2023-02-06 14:30:00-05:00  19.440001  19.610001  19.370001  19.540001  19.540001       0
2023-02-06 15:30:00-05:00  19.540001  19.590000  19.410000  19.430000  19.430000       0
2023-02-07 09:30:00-05:00  19.920000  19.990000  19.660000  19.809999  19.809999       0
2023-02-07 10:30:00-05:00  19.790001  19.809999  19.540001  19.610001  19.610001       0
2023-02-07 11:30:00-05:00  19.610001  19.610001  19.420000  19.580000  19.580000       0
2023-02-07 12:30:00-05:00  19.580000  19.610001  18.610001  19.290001  19.290001       0
2023-02-07 13:30:00-05:00  19.270000  19.860001  18.860001  18.910000  18.910000       0
2023-02-07 14:30:00-05:00  18.920000  18.940001  18.590000  18.590000  18.590000       0
2023-02-07 15:30:00-05:00  18.629999  18.690001  18.430000  18.540001  18.540001       0
2023-02-08 09:30:00-05:00  18.889999  18.920000  18.549999  18.719999  18.719999       0
2023-02-08 10:30:00-05:00  18.709999  19.690001  18.709999  19.590000  19.590000       0
2023-02-08 11:30:00-05:00  19.600000  20.120001  19.600000  19.670000  19.670000       0
2023-02-08 12:30:00-05:00  19.639999  19.930000  19.480000  19.730000  19.730000       0
2023-02-08 13:30:00-05:00  19.740000  20.049999  19.639999  19.820000  19.820000       0
2023-02-08 14:30:00-05:00  19.820000  20.000000  19.670000  19.709999  19.709999       0
2023-02-08 15:30:00-05:00  19.700001  19.740000  19.459999  19.570000  19.570000       0
2023-02-09 09:30:00-05:00  19.250000  19.350000  19.020000  19.309999  19.309999       0
2023-02-09 10:30:00-05:00  19.330000  19.740000  19.190001  19.650000  19.650000       0
2023-02-09 11:30:00-05:00  19.660000  19.809999  19.480000  19.610001  19.610001       0
2023-02-09 12:30:00-05:00  19.620001  20.090000  19.620001  20.030001  20.030001       0
2023-02-09 13:30:00-05:00  20.040001  20.510000  19.930000  20.480000  20.480000       0
2023-02-09 14:30:00-05:00  20.480000  20.889999  20.270000  20.870001  20.870001       0
2023-02-09 15:30:00-05:00  20.870001  21.080000  20.570000  20.750000  20.750000       0
2023-02-10 09:30:00-05:00  21.260000  21.580000  20.799999  20.870001  20.870001       0
2023-02-10 10:30:00-05:00  20.870001  21.040001  20.840000  21.030001  21.030001       0