                                Open       High        Low      Close  Adj Close  Volume
2023-02-15 10:30:00-05:00  18.480000  18.500000  18.260000  18.260000  18.260000       0
2023-02-15 11:30:00-05:00  18.280001  18.510000  18.219999  18.510000  18.510000       0
2023-02-15 12:30:00-05:00  18.520000  18.540001  18.290001  18.299999  18.299999       0
2023-02-15 13:30:00-05:00  18.299999  18.299999  18.190001  18.270000  18.270000       0
2023-02-15 14:30:00-05:00  18.260000  18.309999  18.110001  18.209999  18.209999       0
2023-02-15 15:30:00-05:00  18.190001  18.309999  18.129999  18.290001  18.290001       0
2023-02-16 09:30:00-05:00  19.480000  20.000000  19.180000  19.240000  19.240000       0
2023-02-16 10:30:00-05:00  19.209999  19.240000  18.990000  19.030001  19.030001       0
2023-02-16 11:30:00-05:00  19.049999  19.190001  18.719999  18.740000  18.740000       0
2023-02-16 12:30:00-05:00  18.750000  18.750000  18.510000  18.730000  18.730000       0
2023-02-16 13:30:00-05:00  18.700001  18.790001  18.500000  18.520000  18.520000       0
2023-02-16 14:30:00-05:00  18.530001  19.520000  18.430000  19.520000  19.520000       0
2023-02-16 15:30:00-05:00  19.520000  20.209999  19.520000  20.160000  20.160000       0
2023-02-17 09:30:00-05:00  20.879999  21.299999  20.250000  20.520000  20.520000       0
2023-02-17 10:30:00-05:00  20.530001  21.030001  20.100000  20.860001  20.860001       0
2023-02-17 11:30:00-05:00  20.870001  20.920000  20.230000  20.469999  20.469999       0
2023-02-17 12:30:00-05:00  20.480000  20.860001  20.340000  20.610001  20.610001       0
2023-02-17 13:30:00-05:00  20.620001  20.650000  20.120001  20.160000  20.160000       0
2023-02-17 14:30:00-05:00  20.170000  20.240000  19.870001  20.110001  20.110001       0
2023-02-17 15:30:00-05:00  20.090000  20.129999  19.820000  19.900000  19.900000       0
2023-02-21 09:30:00-05:00  22.320000  22.840000  22.150000  22.790001  22.790001       0
2023-02-21 10:30:00-05:00  22.780001  23.040001  22.490000  23.040001  23.040001       0
2023-02-21 11:30:00-05:00  23.040001  23.160000  22.860001  23.059999  23.059999       0
2023-02-21 12:30:00-05:00  23.059999  23.100000  22.660000  22.820000  22.820000       0
2023-02-21 13:30:00-05:00  22.799999  23.340000  22.799999  23.110001  23.110001       0
2023-02-21 14:30:00-05:00  23.100000  23.100000  22.709999  22.889999  22.889999       0
2023-02-21 15:30:00-05:00  22.879999  23.000000  22.670000  22.959999  22.959999       0
2023-02-22 09:30:00-05:00  23.290001  23.450001  22.760000  23.020000  23.020000       0
2023-02-22 10:30:00-05:00  23.129999  23.309999  23.129999  23.190001  23.190001       0