                                Open       High        Low      Close  Adj Close  Volume
2022-11-22 10:30:00-05:00  21.930000  22.020000  21.809999  21.820000  21.820000       0
2022-11-22 11:30:00-05:00  21.830000  21.870001  21.719999  21.790001  21.790001       0
2022-11-22 12:30:00-05:00  21.780001  21.790001  21.540001  21.540001  21.540001       0
2022-11-22 13:30:00-05:00  21.540001  21.570000  21.480000  21.500000  21.500000       0
2022-11-22 14:30:00-05:00  21.500000  21.520000  21.400000  21.430000  21.430000       0
2022-11-22 15:30:00-05:00  21.430000  21.440001  21.340000  21.350000  21.350000       0
2022-11-23 09:30:00-05:00  21.650000  21.690001  21.120001  21.120001  21.120001       0
2022-11-23 10:30:00-05:00  21.129999  21.129999  20.770000  20.830000  20.830000       0
2022-11-23 11:30:00-05:00  20.830000  21.379999  20.830000  21.080000  21.080000       0
2022-11-23 12:30:00-05:00  21.080000  21.549999  21.059999  21.240000  21.240000       0
2022-11-23 13:30:00-05:00  21.230000  21.309999  20.600000  20.680000  20.680000       0
2022-11-23 14:30:00-05:00  20.700001  20.840000  20.320000  20.549999  20.549999       0
2022-11-23 15:30:00-05:00  20.549999  20.580000  20.440001  20.510000  20.510000       0
2022-11-25 09:30:00-05:00  20.889999  21.110001  20.600000  20.620001  20.620001       0
2022-11-25 10:30:00-05:00  20.620001  20.719999  20.580000  20.719999  20.719999       0
2022-11-25 11:30:00-05:00  20.719999  20.740000  20.510000  20.530001  20.530001       0
2022-11-25 13:00:00-05:00  20.520000  20.610001  20.459999  20.500000  20.500000       0
2022-11-28 09:30:00-05:00  22.010000  22.080000  21.760000  21.950001  21.950001       0
2022-11-28 10:30:00-05:00  21.950001  21.969999  21.730000  21.959999  21.959999       0
2022-11-28 11:30:00-05:00  21.930000  22.100000  21.740000  21.790001  21.790001       0
2022-11-28 12:30:00-05:00  21.799999  21.940001  21.650000  21.850000  21.850000       0
2022-11-28 13:30:00-05:00  21.850000  22.270000  21.850000  22.270000  22.270000       0
2022-11-28 14:30:00-05:00  22.270000  22.420000  22.110001  22.410000  22.410000       0
2022-11-28 15:30:00-05:00  22.410000  22.450001  22.110001  22.110001  22.110001       0
2022-11-29 09:30:00-05:00  22.270000  22.570000  21.950001  21.950001  21.950001       0
2022-11-29 10:30:00-05:00  21.930000  21.980000  21.900000  21.930000  21.930000       0