                                Open       High        Low      Close  Adj Close  Volume
2023-03-23 10:30:00-04:00  20.610001  20.719999  20.160000  20.459999  20.459999       0
2023-03-23 11:30:00-04:00  20.450001  20.879999  20.320000  20.809999  20.809999       0
2023-03-23 12:30:00-04:00  20.780001  22.320000  20.719999  22.010000  22.010000       0
2023-03-23 13:30:00-04:00  22.030001  23.480000  21.600000  23.480000  23.480000       0
2023-03-23 14:30:00-04:00  23.549999  24.910000  22.440001  23.719999  23.719999       0
2023-03-23 15:30:00-04:00  23.820000  24.059999  22.290001  22.610001  22.610001       0
2023-03-24 09:30:00-04:00  23.670000  25.030001  23.480000  23.530001  23.530001       0
2023-03-24 10:30:00-04:00  23.549999  24.520000  23.350000  23.969999  23.969999       0
2023-03-24 11:30:00-04:00  24.000000  24.170000  22.840000  23.620001  23.620001       0
2023-03-24 12:30:00-04:00  23.540001  23.540001  22.600000  22.730000  22.730000       0
2023-03-24 13:30:00-04:00  22.730000  22.790001  21.990000  22.270000  22.270000       0
2023-03-24 14:30:00-04:00  22.270000  22.389999  21.889999  21.969999  21.969999       0
2023-03-24 15:30:00-04:00  22.010000  22.260000  21.820000  21.820000  21.820000       0
2023-03-27 09:30:00-04:00  21.360001  21.520000  20.990000  21.400000  21.400000       0
2023-03-27 10:30:00-04:00  21.430000  21.809999  21.309999  21.500000  21.500000       0
2023-03-27 11:30:00-04:00  21.500000  21.700001  21.250000  21.250000  21.250000       0
2023-03-27 12:30:00-04:00  21.250000  21.430000  20.930000  20.930000  20.930000       0
2023-03-27 13:30:00-04:00  20.920000  21.120001  20.660000  20.740000  20.740000       0
2023-03-27 14:30:00-04:00  20.750000  20.860001  20.570000  20.660000  20.660000       0
2023-03-27 15:30:00-04:00  20.660000  20.920000  20.610001  20.850000  20.850000       0
2023-03-28 09:30:00-04:00  20.959999  21.070000  20.270000  20.389999  20.389999       0
2023-03-28 10:30:00-04:00  20.320000  20.820000  20.299999  20.299999  20.299999       0
2023-03-28 11:30:00-04:00  20.320000  20.559999  20.270000  20.490000  20.490000       0
2023-03-28 12:30:00-04:00  20.500000  20.700001  20.389999  20.690001  20.690001       0
2023-03-28 13:30:00-04:00  20.700001  21.400000  20.680000  20.870001  20.870001       0
2023-03-28 14:30:00-04:00  20.860001  20.980000  20.410000  20.530001  20.530001       0
2023-03-28 15:30:00-04:00  20.520000  20.610001  20.070000  20.070000  20.070000       0
2023-03-29 09:30:00-04:00  19.219999  19.420000  19.129999  19.190001  19.190001       0
2023-03-29 10:30:00-04:00  19.180000  19.400000  19.160000  19.219999  19.219999       0
2023-03-29 11:30:00-04:00  19.209999  19.230000  19.090000  19.170000  19.170000       0
2023-03-29 12:30:00-04:00  19.170000  19.320000  19.120001  19.270000  19.270000       0
2023-03-29 13:30:00-04:00  19.280001  19.450001  19.240000  19.240000  19.240000       0
2023-03-29 14:30:00-04:00  19.240000  19.250000  19.100000  19.170000  19.170000       0
2023-03-29 15:30:00-04:00  19.180000  19.270000  19.120001  19.139999  19.139999       0
2023-03-30 09:30:00-04:00  19.010000  19.469999  18.959999  19.290001  19.290001       0
2023-03-30 10:30:00-04:00  19.290001  19.400000  19.240000  19.350000  19.350000       0