                                Open       High        Low      Close  Adj Close  Volume
2022-10-05 10:30:00-04:00  30.020000  30.030001  29.600000  29.700001  29.700001       0
2022-10-05 11:30:00-04:00  29.670000  29.709999  29.180000  29.250000  29.250000       0
2022-10-05 12:30:00-04:00  29.260000  29.299999  28.799999  28.940001  28.940001       0
2022-10-05 13:30:00-04:00  28.959999  29.100000  28.889999  29.030001  29.030001       0
2022-10-05 14:30:00-04:00  29.049999  29.200001  28.500000  28.770000  28.770000       0
2022-10-05 15:30:00-04:00  28.770000  28.980000  28.620001  28.950001  28.950001       0
2022-10-06 09:30:00-04:00  29.090000  29.940001  28.840000  29.930000  29.930000       0
2022-10-06 10:30:00-04:00  29.920000  29.940001  29.070000  29.250000  29.250000       0
2022-10-06 11:30:00-04:00  29.240000  30.010000  29.240000  29.580000  29.580000       0
2022-10-06 12:30:00-04:00  29.580000  29.820000  29.350000  29.610001  29.610001       0
2022-10-06 13:30:00-04:00  29.590000  29.930000  29.430000  29.840000  29.840000       0
2022-10-06 14:30:00-04:00  29.840000  30.730000  29.730000  30.230000  30.230000       0
2022-10-06 15:30:00-04:00  30.150000  30.570000  30.150000  30.420000  30.420000       0
2022-10-07 09:30:00-04:00  30.530001  31.760000  30.530001  31.299999  31.299999       0
2022-10-07 10:30:00-04:00  31.309999  31.490000  30.830000  31.240000  31.240000       0
2022-10-07 11:30:00-04:00  31.230000  31.530001  31.080000  31.480000  31.480000       0
2022-10-07 12:30:00-04:00  31.480000  31.920000  31.260000  31.410000  31.410000       0
2022-10-07 13:30:00-04:00  31.480000  31.559999  31.209999  31.559999  31.559999       0
2022-10-07 14:30:00-04:00  31.559999  31.940001  31.250000  31.940001  31.940001       0
2022-10-07 15:30:00-04:00  31.860001  32.020000  31.219999  31.219999  31.219999       0
2022-10-10 09:30:00-04:00  32.470001  33.060001  32.389999  32.560001  32.560001       0
2022-10-10 10:30:00-04:00  32.520000  33.669998  32.509998  33.220001  33.220001       0
2022-10-10 11:30:00-04:00  33.240002  33.689999  33.070000  33.529999  33.529999       0
2022-10-10 12:30:00-04:00  33.520000  33.990002  33.349998  33.360001  33.360001       0
2022-10-10 13:30:00-04:00  33.369999  33.410000  32.490002  32.730000  32.730000       0
2022-10-10 14:30:00-04:00  32.709999  32.759998  32.049999  32.400002  32.400002       0
2022-10-10 15:30:00-04:00  32.410000  32.580002  32.139999  32.500000  32.500000       0
2022-10-11 09:30:00-04:00  33.459999  33.900002  33.299999  33.500000  33.500000       0
2022-10-11 10:30:00-04:00  33.540001  33.650002  32.720001  32.750000  32.750000       0
2022-10-11 11:30:00-04:00  32.750000  32.900002  32.459999  32.709999  32.709999       0
2022-10-11 12:30:00-04:00  32.709999  32.990002  32.599998  32.959999  32.959999       0
2022-10-11 13:30:00-04:00  32.939999  33.230000  32.900002  33.150002  33.150002       0
2022-10-11 14:30:00-04:00  33.119999  34.430000  32.950001  34.009998  34.009998       0
2022-10-11 15:30:00-04:00  33.980000  34.099998  33.490002  33.680000  33.680000       0
2022-10-12 09:30:00-04:00  34.310001  34.529999  33.730000  33.880001  33.880001       0
2022-10-12 10:30:00-04:00  33.869999  33.919998  33.720001  33.840000  33.840000       0