                                Open       High        Low      Close  Adj Close  Volume
2023-03-20 10:30:00-04:00  25.030001  25.190001  24.110001  24.160000  24.160000       0
2023-03-20 11:30:00-04:00  24.139999  25.490000  24.059999  25.080000  25.080000       0
2023-03-20 12:30:00-04:00  25.040001  25.040001  24.070000  24.580000  24.580000       0
2023-03-20 13:30:00-04:00  24.610001  24.879999  24.320000  24.379999  24.379999       0
2023-03-20 14:30:00-04:00  24.420000  24.820000  24.170000  24.260000  24.260000       0
2023-03-20 15:30:00-04:00  24.280001  24.350000  24.000000  24.139999  24.139999       0
2023-03-21 09:30:00-04:00  22.510000  22.620001  22.139999  22.280001  22.280001       0
2023-03-21 10:30:00-04:00  22.280001  22.360001  21.830000  21.920000  21.920000       0
2023-03-21 11:30:00-04:00  21.900000  22.540001  21.790001  21.860001  21.860001       0
2023-03-21 12:30:00-04:00  21.889999  22.020000  21.510000  21.530001  21.530001       0
2023-03-21 13:30:00-04:00  21.520000  21.969999  21.340000  21.600000  21.600000       0
2023-03-21 14:30:00-04:00  21.590000  21.620001  21.389999  21.450001  21.450001       0
2023-03-21 15:30:00-04:00  21.450001  21.670000  21.290001  21.620001  21.620001       0
2023-03-22 09:30:00-04:00  20.889999  20.940001  20.250000  20.330000  20.330000       0
2023-03-22 10:30:00-04:00  20.360001  20.830000  20.250000  20.709999  20.709999       0
2023-03-22 11:30:00-04:00  20.709999  21.170000  20.660000  21.010000  21.010000       0
2023-03-22 12:30:00-04:00  21.030001  21.570000  21.000000  21.080000  21.080000       0
2023-03-22 13:30:00-04:00  21.080000  21.200001  20.280001  20.700001  20.700001       0
2023-03-22 14:30:00-04:00  20.719999  21.879999  19.940001  20.370001  20.370001       0
2023-03-22 15:30:00-04:00  20.370001  22.230000  20.340000  22.230000  22.230000       0
2023-03-23 09:30:00-04:00  20.850000  20.950001  20.420000  20.610001  20.610001       0
2023-03-23 10:30:00-04:00  20.610001  20.719999  20.160000  20.459999  20.459999       0
2023-03-23 11:30:00-04:00  20.450001  20.879999  20.320000  20.809999  20.809999       0
2023-03-23 12:30:00-04:00  20.780001  22.320000  20.719999  22.010000  22.010000       0
2023-03-23 13:30:00-04:00  22.030001  23.480000  21.600000  23.480000  23.480000       0
2023-03-23 14:30:00-04:00  23.549999  24.910000  22.440001  23.719999  23.719999       0
2023-03-23 15:30:00-04:00  23.820000  24.059999  22.290001  22.610001  22.610001       0
2023-03-24 09:30:00-04:00  23.670000  25.030001  23.480000  23.530001  23.530001       0
2023-03-24 10:30:00-04:00  23.549999  24.520000  23.350000  23.969999  23.969999       0
2023-03-24 11:30:00-04:00  24.000000  24.170000  22.840000  23.620001  23.620001       0
2023-03-24 12:30:00-04:00  23.540001  23.540001  22.600000  22.730000  22.730000       0
2023-03-24 13:30:00-04:00  22.730000  22.790001  21.990000  22.270000  22.270000       0
2023-03-24 14:30:00-04:00  22.270000  22.389999  21.889999  21.969999  21.969999       0
2023-03-24 15:30:00-04:00  22.010000  22.260000  21.820000  21.820000  21.820000       0
2023-03-27 09:30:00-04:00  21.360001  21.520000  20.990000  21.400000  21.400000       0
2023-03-27 10:30:00-04:00  21.430000  21.700001  21.430000  21.629999  21.629999       0