                                Open       High        Low      Close  Adj Close  Volume
2022-12-06 10:30:00-05:00  21.320000  21.820000  21.280001  21.709999  21.709999       0
2022-12-06 11:30:00-05:00  21.700001  22.040001  21.469999  22.020000  22.020000       0
2022-12-06 12:30:00-05:00  22.020000  22.180000  21.850000  22.049999  22.049999       0
2022-12-06 13:30:00-05:00  22.049999  22.219999  21.760000  22.170000  22.170000       0
2022-12-06 14:30:00-05:00  22.190001  22.600000  22.059999  22.600000  22.600000       0
2022-12-06 15:30:00-05:00  22.580000  22.580000  21.969999  22.110001  22.110001       0
2022-12-07 09:30:00-05:00  22.709999  22.990000  22.440001  22.520000  22.520000       0
2022-12-07 10:30:00-05:00  22.540001  22.770000  22.230000  22.770000  22.770000       0
2022-12-07 11:30:00-05:00  22.750000  22.840000  22.570000  22.830000  22.830000       0
2022-12-07 12:30:00-05:00  22.830000  22.889999  22.360001  22.420000  22.420000       0
2022-12-07 13:30:00-05:00  22.410000  22.889999  22.389999  22.740000  22.740000       0
2022-12-07 14:30:00-05:00  22.740000  22.920000  22.639999  22.760000  22.760000       0
2022-12-07 15:30:00-05:00  22.750000  22.750000  22.530001  22.600000  22.600000       0
2022-12-08 09:30:00-05:00  22.840000  23.280001  22.500000  22.549999  22.549999       0
2022-12-08 10:30:00-05:00  22.549999  22.830000  22.469999  22.690001  22.690001       0
2022-12-08 11:30:00-05:00  22.690001  22.750000  22.610001  22.719999  22.719999       0
2022-12-08 12:30:00-05:00  22.719999  22.760000  22.410000  22.410000  22.410000       0
2022-12-08 13:30:00-05:00  22.400000  22.610001  22.200001  22.410000  22.410000       0
2022-12-08 14:30:00-05:00  22.410000  22.490000  22.070000  22.110001  22.110001       0
2022-12-08 15:30:00-05:00  22.120001  22.370001  22.059999  22.280001  22.280001       0
2022-12-09 09:30:00-05:00  22.790001  22.980000  22.430000  22.570000  22.570000       0
2022-12-09 10:30:00-05:00  22.540001  22.580000  22.309999  22.430000  22.430000       0
2022-12-09 11:30:00-05:00  22.420000  22.530001  22.330000  22.410000  22.410000       0
2022-12-09 12:30:00-05:00  22.410000  22.719999  22.350000  22.660000  22.660000       0
2022-12-09 13:30:00-05:00  22.660000  22.860001  22.530001  22.540001  22.540001       0
2022-12-09 14:30:00-05:00  22.549999  22.570000  22.180000  22.330000  22.330000       0
2022-12-09 15:30:00-05:00  22.330000  22.900000  22.330000  22.860001  22.860001       0
2022-12-12 09:30:00-05:00  24.240000  24.629999  24.230000  24.520000  24.520000       0
2022-12-12 10:30:00-05:00  24.530001  24.639999  24.299999  24.340000  24.340000       0
2022-12-12 11:30:00-05:00  24.350000  24.510000  24.309999  24.510000  24.510000       0
2022-12-12 12:30:00-05:00  24.510000  24.680000  24.440001  24.670000  24.670000       0
2022-12-12 13:30:00-05:00  24.660000  25.049999  24.650000  24.760000  24.760000       0
2022-12-12 14:30:00-05:00  24.770000  24.870001  24.559999  24.830000  24.830000       0
2022-12-12 15:30:00-05:00  24.840000  25.040001  24.820000  25.020000  25.020000       0
2022-12-13 09:30:00-05:00  21.590000  22.570000  21.459999  22.430000  22.430000       0
2022-12-13 10:30:00-05:00  22.410000  22.620001  22.270000  22.620001  22.620001       0