                                Open       High        Low      Close  Adj Close  Volume
2023-01-09 09:30:00-05:00  21.719999  21.750000  21.520000  21.559999  21.559999       0
2023-01-09 10:30:00-05:00  21.549999  21.570000  21.420000  21.459999  21.459999       0
2023-01-09 11:30:00-05:00  21.459999  21.469999  21.270000  21.290001  21.290001       0
2023-01-09 12:30:00-05:00  21.299999  21.440001  21.280001  21.340000  21.340000       0
2023-01-09 13:30:00-05:00  21.340000  21.690001  21.309999  21.510000  21.510000       0
2023-01-09 14:30:00-05:00  21.530001  21.900000  21.520000  21.860001  21.860001       0
2023-01-09 15:30:00-05:00  21.870001  21.980000  21.820000  21.860001  21.860001       0
2023-01-10 09:30:00-05:00  22.139999  22.160000  21.590000  21.709999  21.709999       0
2023-01-10 10:30:00-05:00  21.709999  21.969999  21.330000  21.360001  21.360001       0
2023-01-10 11:30:00-05:00  21.340000  21.410000  21.170000  21.219999  21.219999       0
2023-01-10 12:30:00-05:00  21.209999  21.209999  20.889999  20.889999  20.889999       0
2023-01-10 13:30:00-05:00  20.900000  20.959999  20.820000  20.920000  20.920000       0
2023-01-10 14:30:00-05:00  20.930000  21.090000  20.780001  20.780001  20.780001       0
2023-01-10 15:30:00-05:00  20.790001  20.799999  20.590000  20.670000  20.670000       0
2023-01-11 09:30:00-05:00  20.750000  20.860001  20.620001  20.660000  20.660000       0
2023-01-11 10:30:00-05:00  20.660000  20.980000  20.660000  20.799999  20.799999       0
2023-01-11 11:30:00-05:00  20.799999  20.980000  20.740000  20.959999  20.959999       0
2023-01-11 12:30:00-05:00  20.950001  21.070000  20.860001  20.879999  20.879999       0
2023-01-11 13:30:00-05:00  20.889999  21.030001  20.879999  21.020000  21.020000       0
2023-01-11 14:30:00-05:00  21.020000  21.160000  20.889999  21.160000  21.160000       0
2023-01-11 15:30:00-05:00  21.160000  21.250000  21.129999  21.160000  21.160000       0
2023-01-12 09:30:00-05:00  20.059999  20.309999  19.610001  19.670000  19.670000       0
2023-01-12 10:30:00-05:00  19.670000  19.809999  19.309999  19.370001  19.370001       0
2023-01-12 11:30:00-05:00  19.370001  19.510000  19.090000  19.110001  19.110001       0
2023-01-12 12:30:00-05:00  19.110001  19.500000  19.070000  19.469999  19.469999       0
2023-01-12 13:30:00-05:00  19.450001  19.500000  19.059999  19.080000  19.080000       0
2023-01-12 14:30:00-05:00  19.080000  19.200001  18.990000  19.190001  19.190001       0
2023-01-12 15:30:00-05:00  19.190001  19.190001  18.889999  18.889999  18.889999       0
2023-01-13 09:30:00-05:00  19.100000  19.100000  18.240000  18.260000  18.260000       0
2023-01-13 10:30:00-05:00  18.250000  18.580000  18.240000  18.450001  18.450001       0
2023-01-13 11:30:00-05:00  18.459999  18.570000  18.180000  18.200001  18.200001       0
2023-01-13 12:30:00-05:00  18.200001  18.200001  18.059999  18.170000  18.170000       0
2023-01-13 13:30:00-05:00  18.170000  18.180000  18.049999  18.129999  18.129999       0
2023-01-13 14:30:00-05:00  18.129999  18.290001  18.020000  18.020000  18.020000       0
2023-01-13 15:30:00-05:00  18.020000  18.230000  18.010000  18.200001  18.200001       0
2023-01-13 16:00:00-05:00  18.350000  18.350000  18.350000  18.350000  18.350000       0