                                Open       High        Low      Close  Adj Close  Volume
2023-01-04 10:30:00-05:00  22.670000  22.770000  22.400000  22.410000  22.410000       0
2023-01-04 11:30:00-05:00  22.410000  22.410000  22.270000  22.350000  22.350000       0
2023-01-04 12:30:00-05:00  22.340000  22.670000  22.260000  22.420000  22.420000       0
2023-01-04 13:30:00-05:00  22.420000  22.709999  22.059999  22.709999  22.709999       0
2023-01-04 14:30:00-05:00  22.709999  22.730000  22.129999  22.330000  22.330000       0
2023-01-04 15:30:00-05:00  22.340000  22.570000  22.010000  22.010000  22.010000       0
2023-01-05 09:30:00-05:00  22.510000  22.920000  22.270000  22.410000  22.410000       0
2023-01-05 10:30:00-05:00  22.420000  22.690001  22.370001  22.650000  22.650000       0
2023-01-05 11:30:00-05:00  22.629999  22.790001  22.480000  22.680000  22.680000       0
2023-01-05 12:30:00-05:00  22.690001  22.879999  22.410000  22.530001  22.530001       0
2023-01-05 13:30:00-05:00  22.549999  22.690001  22.389999  22.690001  22.690001       0
2023-01-05 14:30:00-05:00  22.690001  22.690001  22.370001  22.520000  22.520000       0
2023-01-05 15:30:00-05:00  22.520000  22.620001  22.510000  22.520000  22.520000       0
2023-01-06 09:30:00-05:00  22.030001  22.240000  21.540001  21.600000  21.600000       0
2023-01-06 10:30:00-05:00  21.580000  21.620001  21.500000  21.530001  21.530001       0
2023-01-06 11:30:00-05:00  21.520000  21.520000  21.320000  21.330000  21.330000       0
2023-01-06 12:30:00-05:00  21.330000  21.330000  21.170000  21.270000  21.270000       0
2023-01-06 13:30:00-05:00  21.270000  21.400000  21.260000  21.299999  21.299999       0
2023-01-06 14:30:00-05:00  21.290001  21.330000  21.000000  21.020000  21.020000       0
2023-01-06 15:30:00-05:00  21.010000  21.110001  21.000000  21.110001  21.110001       0
2023-01-09 09:30:00-05:00  21.719999  21.750000  21.520000  21.559999  21.559999       0
2023-01-09 10:30:00-05:00  21.549999  21.570000  21.420000  21.459999  21.459999       0
2023-01-09 11:30:00-05:00  21.459999  21.469999  21.270000  21.290001  21.290001       0
2023-01-09 12:30:00-05:00  21.299999  21.440001  21.280001  21.340000  21.340000       0
2023-01-09 13:30:00-05:00  21.340000  21.690001  21.309999  21.510000  21.510000       0
2023-01-09 14:30:00-05:00  21.530001  21.900000  21.520000  21.860001  21.860001       0
2023-01-09 15:30:00-05:00  21.870001  21.980000  21.820000  21.860001  21.860001       0
2023-01-10 09:30:00-05:00  22.139999  22.160000  21.590000  21.709999  21.709999       0
2023-01-10 10:30:00-05:00  21.709999  21.969999  21.330000  21.360001  21.360001       0
2023-01-10 11:30:00-05:00  21.340000  21.410000  21.170000  21.219999  21.219999       0
2023-01-10 12:30:00-05:00  21.209999  21.209999  20.889999  20.889999  20.889999       0
2023-01-10 13:30:00-05:00  20.900000  20.959999  20.820000  20.920000  20.920000       0
2023-01-10 14:30:00-05:00  20.930000  21.090000  20.780001  20.780001  20.780001       0
2023-01-10 15:30:00-05:00  20.790001  20.799999  20.590000  20.670000  20.670000       0
2023-01-11 09:30:00-05:00  20.750000  20.860001  20.620001  20.660000  20.660000       0
2023-01-11 10:30:00-05:00  20.660000  20.850000  20.660000  20.850000  20.850000       0