                                Open       High        Low      Close  Adj Close  Volume
2022-11-03 10:30:00-04:00  26.030001  26.240000  25.690001  25.900000  25.900000       0
2022-11-03 11:30:00-04:00  25.910000  26.000000  25.469999  25.530001  25.530001       0
2022-11-03 12:30:00-04:00  25.530001  25.600000  25.270000  25.320000  25.320000       0
2022-11-03 13:30:00-04:00  25.309999  25.530001  25.299999  25.389999  25.389999       0
2022-11-03 14:30:00-04:00  25.389999  25.500000  25.160000  25.180000  25.180000       0
2022-11-03 15:30:00-04:00  25.180000  25.230000  25.100000  25.209999  25.209999       0
2022-11-04 09:30:00-04:00  24.740000  24.959999  24.180000  24.230000  24.230000       0
2022-11-04 10:30:00-04:00  24.260000  24.670000  24.000000  24.670000  24.670000       0
2022-11-04 11:30:00-04:00  24.690001  25.330000  24.480000  24.860001  24.860001       0
2022-11-04 12:30:00-04:00  24.870001  25.260000  24.870001  25.120001  25.120001       0
2022-11-04 13:30:00-04:00  25.139999  25.190001  24.940001  24.940001  24.940001       0
2022-11-04 14:30:00-04:00  24.940001  24.940001  24.590000  24.620001  24.620001       0
2022-11-04 15:30:00-04:00  24.620001  24.750000  24.590000  24.650000  24.650000       0
2022-11-07 09:30:00-05:00  25.309999  25.549999  24.940001  25.150000  25.150000       0
2022-11-07 10:30:00-05:00  25.139999  25.150000  24.790001  24.850000  24.850000       0
2022-11-07 11:30:00-05:00  24.850000  24.980000  24.730000  24.750000  24.750000       0
2022-11-07 12:30:00-05:00  24.750000  24.770000  24.610001  24.670000  24.670000       0
2022-11-07 13:30:00-05:00  24.650000  24.660000  24.379999  24.410000  24.410000       0
2022-11-07 14:30:00-05:00  24.420000  24.520000  24.340000  24.389999  24.389999       0
2022-11-07 15:30:00-05:00  24.389999  24.520000  24.389999  24.469999  24.469999       0
2022-11-08 09:30:00-05:00  24.500000  24.629999  24.260000  24.260000  24.260000       0
2022-11-08 10:30:00-05:00  24.260000  24.370001  24.240000  24.260000  24.260000       0
2022-11-08 11:30:00-05:00  24.270000  24.410000  24.260000  24.400000  24.400000       0
2022-11-08 12:30:00-05:00  24.389999  24.830000  24.389999  24.809999  24.809999       0
2022-11-08 13:30:00-05:00  24.799999  26.049999  24.750000  26.049999  26.049999       0
2022-11-08 14:30:00-05:00  26.070000  26.160000  25.209999  25.240000  25.240000       0
2022-11-08 15:30:00-05:00  25.240000  25.379999  25.080000  25.379999  25.379999       0
2022-11-09 09:30:00-05:00  25.570000  25.670000  25.020000  25.219999  25.219999       0
2022-11-09 10:30:00-05:00  25.209999  25.830000  25.170000  25.370001  25.370001       0
2022-11-09 11:30:00-05:00  25.379999  25.639999  25.309999  25.590000  25.590000       0
2022-11-09 12:30:00-05:00  25.590000  25.990000  25.469999  25.990000  25.990000       0
2022-11-09 13:30:00-05:00  25.990000  26.230000  25.860001  26.100000  26.100000       0
2022-11-09 14:30:00-05:00  26.100000  26.350000  25.940001  25.940001  25.940001       0
2022-11-09 15:30:00-05:00  25.940001  26.170000  25.940001  26.100000  26.100000       0
2022-11-10 09:30:00-05:00  23.469999  23.900000  23.360001  23.459999  23.459999       0
2022-11-10 10:30:00-05:00  23.459999  23.530001  23.340000  23.480000  23.480000       0