                                Open       High        Low      Close  Adj Close  Volume
2023-02-27 10:30:00-05:00  20.879999  21.260000  20.840000  21.250000  21.250000       0
2023-02-27 11:30:00-05:00  21.240000  21.410000  21.080000  21.110001  21.110001       0
2023-02-27 12:30:00-05:00  21.110001  21.110001  20.870001  20.969999  20.969999       0
2023-02-27 13:30:00-05:00  20.950001  21.110001  20.850000  20.910000  20.910000       0
2023-02-27 14:30:00-05:00  20.920000  21.190001  20.860001  21.129999  21.129999       0
2023-02-27 15:30:00-05:00  21.120001  21.290001  20.950001  20.959999  20.959999       0
2023-02-28 09:30:00-05:00  21.120001  21.209999  20.700001  20.969999  20.969999       0
2023-02-28 10:30:00-05:00  20.959999  20.990000  20.379999  20.420000  20.420000       0
2023-02-28 11:30:00-05:00  20.430000  20.580000  20.320000  20.379999  20.379999       0
2023-02-28 12:30:00-05:00  20.370001  20.450001  20.219999  20.219999  20.219999       0
2023-02-28 13:30:00-05:00  20.219999  20.320000  20.110001  20.320000  20.320000       0
2023-02-28 14:30:00-05:00  20.320000  20.379999  20.100000  20.330000  20.330000       0
2023-02-28 15:30:00-05:00  20.340000  20.520000  20.320000  20.430000  20.430000       0
2023-03-01 09:30:00-05:00  20.730000  20.910000  20.260000  20.760000  20.760000       0
2023-03-01 10:30:00-05:00  20.780001  21.320000  20.510000  21.000000  21.000000       0
2023-03-01 11:30:00-05:00  21.030001  21.049999  20.410000  20.549999  20.549999       0
2023-03-01 12:30:00-05:00  20.549999  20.799999  20.469999  20.780001  20.780001       0
2023-03-01 13:30:00-05:00  20.780001  20.910000  20.700001  20.910000  20.910000       0
2023-03-01 14:30:00-05:00  20.930000  21.049999  20.639999  20.760000  20.760000       0
2023-03-01 15:30:00-05:00  20.760000  20.760000  20.540001  20.670000  20.670000       0
2023-03-02 09:30:00-05:00  21.020000  21.090000  20.580000  20.610001  20.610001       0
2023-03-02 10:30:00-05:00  20.600000  20.620001  20.260000  20.400000  20.400000       0
2023-03-02 11:30:00-05:00  20.410000  20.469999  20.320000  20.430000  20.430000       0
2023-03-02 12:30:00-05:00  20.440001  20.440001  20.240000  20.270000  20.270000       0
2023-03-02 13:30:00-05:00  20.270000  20.270000  19.740000  19.750000  19.750000       0
2023-03-02 14:30:00-05:00  19.760000  19.870001  19.750000  19.770000  19.770000       0
2023-03-02 15:30:00-05:00  19.780001  19.780001  19.680000  19.690001  19.690001       0
2023-03-03 09:30:00-05:00  19.420000  19.430000  18.959999  18.969999  18.969999       0
2023-03-03 10:30:00-05:00  18.959999  19.000000  18.780001  18.780001  18.780001       0
2023-03-03 11:30:00-05:00  18.790001  18.790001  18.610001  18.719999  18.719999       0
2023-03-03 12:30:00-05:00  18.709999  18.830000  18.610001  18.830000  18.830000       0
2023-03-03 13:30:00-05:00  18.830000  18.889999  18.690001  18.719999  18.719999       0
2023-03-03 14:30:00-05:00  18.719999  18.799999  18.559999  18.650000  18.650000       0
2023-03-03 15:30:00-05:00  18.650000  19.100000  18.160000  18.500000  18.500000       0
2023-03-06 09:30:00-05:00  18.889999  18.910000  18.600000  18.700001  18.700001       0
2023-03-06 10:30:00-05:00  18.700001  18.740000  18.670000  18.740000  18.740000       0