                                Open       High        Low      Close  Adj Close  Volume
2023-03-03 10:30:00-05:00  18.959999  19.000000  18.780001  18.780001  18.780001       0
2023-03-03 11:30:00-05:00  18.790001  18.790001  18.610001  18.719999  18.719999       0
2023-03-03 12:30:00-05:00  18.709999  18.830000  18.610001  18.830000  18.830000       0
2023-03-03 13:30:00-05:00  18.830000  18.889999  18.690001  18.719999  18.719999       0
2023-03-03 14:30:00-05:00  18.719999  18.799999  18.559999  18.650000  18.650000       0
2023-03-03 15:30:00-05:00  18.650000  19.100000  18.160000  18.500000  18.500000       0
2023-03-06 09:30:00-05:00  18.889999  18.910000  18.600000  18.700001  18.700001       0
2023-03-06 10:30:00-05:00  18.700001  18.840000  18.620001  18.670000  18.670000       0
2023-03-06 11:30:00-05:00  18.660000  18.660000  18.490000  18.590000  18.590000       0
2023-03-06 12:30:00-05:00  18.590000  18.860001  18.590000  18.750000  18.750000       0
2023-03-06 13:30:00-05:00  18.770000  18.860001  18.700001  18.709999  18.709999       0
2023-03-06 14:30:00-05:00  18.709999  18.719999  18.610001  18.700001  18.700001       0
2023-03-06 15:30:00-05:00  18.700001  18.709999  18.639999  18.670000  18.670000       0
2023-03-07 09:30:00-05:00  18.840000  19.270000  18.620001  18.820000  18.820000       0
2023-03-07 10:30:00-05:00  18.809999  19.049999  18.510000  19.020000  19.020000       0
2023-03-07 11:30:00-05:00  19.020000  19.049999  18.700001  18.860001  18.860001       0
2023-03-07 12:30:00-05:00  18.860001  19.270000  18.850000  19.250000  19.250000       0
2023-03-07 13:30:00-05:00  19.240000  19.700001  19.180000  19.620001  19.620001       0
2023-03-07 14:30:00-05:00  19.620001  19.740000  19.370001  19.480000  19.480000       0
2023-03-07 15:30:00-05:00  19.469999  19.620001  19.320000  19.600000  19.600000       0
2023-03-08 09:30:00-05:00  19.750000  20.010000  19.530001  19.610001  19.610001       0
2023-03-08 10:30:00-05:00  19.600000  19.629999  19.340000  19.430000  19.430000       0
2023-03-08 11:30:00-05:00  19.420000  19.590000  19.209999  19.459999  19.459999       0
2023-03-08 12:30:00-05:00  19.459999  19.660000  19.420000  19.660000  19.660000       0
2023-03-08 13:30:00-05:00  19.650000  19.750000  19.340000  19.340000  19.340000       0
2023-03-08 14:30:00-05:00  19.340000  19.420000  19.260000  19.299999  19.299999       0
2023-03-08 15:30:00-05:00  19.299999  19.309999  19.000000  19.049999  19.049999       0
2023-03-09 09:30:00-05:00  19.209999  19.260000  18.879999  19.100000  19.100000       0
2023-03-09 10:30:00-05:00  19.070000  19.180000  18.930000  19.180000  19.180000       0
2023-03-09 11:30:00-05:00  19.180000  19.549999  19.139999  19.379999  19.379999       0
2023-03-09 12:30:00-05:00  19.379999  20.049999  19.360001  19.950001  19.950001       0
2023-03-09 13:30:00-05:00  19.950001  20.820000  19.879999  20.580000  20.580000       0
2023-03-09 14:30:00-05:00  20.620001  23.139999  20.620001  22.540001  22.540001       0
2023-03-09 15:30:00-05:00  22.600000  22.750000  22.090000  22.430000  22.430000       0
2023-03-10 09:30:00-05:00  22.709999  24.520000  22.580000  24.500000  24.500000       0
2023-03-10 10:30:00-05:00  24.540001  24.540001  24.080000  24.160000  24.160000       0