                                Open       High        Low      Close  Adj Close  Volume
2023-03-15 10:30:00-04:00  27.270000  28.209999  27.070000  27.580000  27.580000       0
2023-03-15 11:30:00-04:00  27.610001  29.450001  27.139999  29.209999  29.209999       0
2023-03-15 12:30:00-04:00  29.200001  29.910000  27.910000  27.940001  27.940001       0
2023-03-15 13:30:00-04:00  27.930000  29.030001  26.410000  27.049999  27.049999       0
2023-03-15 14:30:00-04:00  27.020000  27.650000  26.010000  26.049999  26.049999       0
2023-03-15 15:30:00-04:00  26.070000  27.059999  25.920000  26.059999  26.059999       0
2023-03-16 09:30:00-04:00  27.290001  27.490000  25.809999  26.200001  26.200001       0
2023-03-16 10:30:00-04:00  26.150000  26.170000  24.000000  24.190001  24.190001       0
2023-03-16 11:30:00-04:00  24.139999  24.360001  23.670000  23.860001  23.860001       0
2023-03-16 12:30:00-04:00  23.840000  24.209999  23.379999  23.940001  23.940001       0
2023-03-16 13:30:00-04:00  23.950001  24.030001  23.590000  23.709999  23.709999       0
2023-03-16 14:30:00-04:00  23.690001  24.010000  23.209999  23.250000  23.250000       0
2023-03-16 15:30:00-04:00  23.280001  23.400000  23.100000  23.100000  23.100000       0
2023-03-17 09:30:00-04:00  23.620001  24.790001  23.260000  24.400000  24.400000       0
2023-03-17 10:30:00-04:00  24.389999  25.440001  24.309999  25.270000  25.270000       0
2023-03-17 11:30:00-04:00  25.270000  25.830000  24.700001  24.730000  24.730000       0
2023-03-17 12:30:00-04:00  24.750000  25.219999  24.350000  24.690001  24.690001       0
2023-03-17 13:30:00-04:00  24.650000  25.680000  24.420000  25.639999  25.639999       0
2023-03-17 14:30:00-04:00  25.639999  26.139999  24.910000  24.910000  24.910000       0
2023-03-17 15:30:00-04:00  24.860001  26.139999  24.860001  25.610001  25.610001       0
2023-03-20 09:30:00-04:00  25.990000  26.430000  24.959999  25.040001  25.040001       0
2023-03-20 10:30:00-04:00  25.030001  25.190001  24.110001  24.160000  24.160000       0
2023-03-20 11:30:00-04:00  24.139999  25.490000  24.059999  25.080000  25.080000       0
2023-03-20 12:30:00-04:00  25.040001  25.040001  24.070000  24.580000  24.580000       0
2023-03-20 13:30:00-04:00  24.610001  24.879999  24.320000  24.379999  24.379999       0
2023-03-20 14:30:00-04:00  24.420000  24.820000  24.170000  24.260000  24.260000       0
2023-03-20 15:30:00-04:00  24.280001  24.350000  24.000000  24.139999  24.139999       0
2023-03-21 09:30:00-04:00  22.510000  22.620001  22.139999  22.280001  22.280001       0
2023-03-21 10:30:00-04:00  22.280001  22.360001  21.830000  21.920000  21.920000       0
2023-03-21 11:30:00-04:00  21.900000  22.540001  21.790001  21.860001  21.860001       0
2023-03-21 12:30:00-04:00  21.889999  22.020000  21.510000  21.530001  21.530001       0
2023-03-21 13:30:00-04:00  21.520000  21.969999  21.340000  21.600000  21.600000       0
2023-03-21 14:30:00-04:00  21.590000  21.620001  21.389999  21.450001  21.450001       0
2023-03-21 15:30:00-04:00  21.450001  21.670000  21.290001  21.620001  21.620001       0
2023-03-22 09:30:00-04:00  20.889999  20.940001  20.250000  20.330000  20.330000       0
2023-03-22 10:30:00-04:00  20.360001  20.480000  20.350000  20.440001  20.440001       0