                                Open       High        Low      Close  Adj Close  Volume
2022-12-02 10:30:00-05:00  19.580000  19.780001  19.360001  19.610001  19.610001       0
2022-12-02 11:30:00-05:00  19.580000  19.620001  19.260000  19.510000  19.510000       0
2022-12-02 12:30:00-05:00  19.520000  19.780001  19.469999  19.660000  19.660000       0
2022-12-02 13:30:00-05:00  19.639999  19.670000  19.340000  19.350000  19.350000       0
2022-12-02 14:30:00-05:00  19.340000  19.350000  18.959999  18.990000  18.990000       0
2022-12-02 15:30:00-05:00  18.980000  19.129999  18.950001  19.010000  19.010000       0
2022-12-05 09:30:00-05:00  20.260000  20.629999  20.020000  20.330000  20.330000       0
2022-12-05 10:30:00-05:00  20.330000  20.400000  19.780001  20.170000  20.170000       0
2022-12-05 11:30:00-05:00  20.170000  20.629999  20.170000  20.500000  20.500000       0
2022-12-05 12:30:00-05:00  20.510000  20.809999  20.510000  20.650000  20.650000       0
2022-12-05 13:30:00-05:00  20.639999  21.180000  20.530001  21.049999  21.049999       0
2022-12-05 14:30:00-05:00  21.070000  21.290001  20.860001  20.910000  20.910000       0
2022-12-05 15:30:00-05:00  20.910000  20.910000  20.590000  20.590000  20.590000       0
2022-12-06 09:30:00-05:00  20.540001  21.400000  20.420000  21.270000  21.270000       0
2022-12-06 10:30:00-05:00  21.320000  21.820000  21.280001  21.709999  21.709999       0
2022-12-06 11:30:00-05:00  21.700001  22.040001  21.469999  22.020000  22.020000       0
2022-12-06 12:30:00-05:00  22.020000  22.180000  21.850000  22.049999  22.049999       0
2022-12-06 13:30:00-05:00  22.049999  22.219999  21.760000  22.170000  22.170000       0
2022-12-06 14:30:00-05:00  22.190001  22.600000  22.059999  22.600000  22.600000       0
2022-12-06 15:30:00-05:00  22.580000  22.580000  21.969999  22.110001  22.110001       0
2022-12-07 09:30:00-05:00  22.709999  22.990000  22.440001  22.520000  22.520000       0
2022-12-07 10:30:00-05:00  22.540001  22.770000  22.230000  22.770000  22.770000       0
2022-12-07 11:30:00-05:00  22.750000  22.840000  22.570000  22.830000  22.830000       0
2022-12-07 12:30:00-05:00  22.830000  22.889999  22.360001  22.420000  22.420000       0
2022-12-07 13:30:00-05:00  22.410000  22.889999  22.389999  22.740000  22.740000       0
2022-12-07 14:30:00-05:00  22.740000  22.920000  22.639999  22.760000  22.760000       0
2022-12-07 15:30:00-05:00  22.750000  22.750000  22.530001  22.600000  22.600000       0
2022-12-08 09:30:00-05:00  22.840000  23.280001  22.500000  22.549999  22.549999       0
2022-12-08 10:30:00-05:00  22.549999  22.830000  22.469999  22.690001  22.690001       0
2022-12-08 11:30:00-05:00  22.690001  22.750000  22.610001  22.719999  22.719999       0
2022-12-08 12:30:00-05:00  22.719999  22.760000  22.410000  22.410000  22.410000       0
2022-12-08 13:30:00-05:00  22.400000  22.610001  22.200001  22.410000  22.410000       0
2022-12-08 14:30:00-05:00  22.410000  22.490000  22.070000  22.110001  22.110001       0
2022-12-08 15:30:00-05:00  22.120001  22.370001  22.059999  22.280001  22.280001       0
2022-12-09 09:30:00-05:00  22.790001  22.980000  22.430000  22.570000  22.570000       0
2022-12-09 10:30:00-05:00  22.540001  22.580000  22.420000  22.430000  22.430000       0