                                Open       High        Low      Close  Adj Close  Volume
2022-11-10 10:30:00-05:00  23.459999  23.530001  22.850000  22.900000  22.900000       0
2022-11-10 11:30:00-05:00  22.900000  23.290001  22.840000  23.290001  23.290001       0
2022-11-10 12:30:00-05:00  23.280001  23.889999  23.280001  23.520000  23.520000       0
2022-11-10 13:30:00-05:00  23.510000  23.570000  23.250000  23.270000  23.270000       0
2022-11-10 14:30:00-05:00  23.280001  23.430000  23.260000  23.350000  23.350000       0
2022-11-10 15:30:00-05:00  23.350000  23.400000  23.250000  23.370001  23.370001       0
2022-11-11 09:30:00-05:00  23.809999  23.820000  23.010000  23.040001  23.040001       0
2022-11-11 10:30:00-05:00  23.070000  23.090000  22.570000  22.870001  22.870001       0
2022-11-11 11:30:00-05:00  22.879999  23.030001  22.709999  22.709999  22.709999       0
2022-11-11 12:30:00-05:00  22.719999  22.740000  22.480000  22.590000  22.590000       0
2022-11-11 13:30:00-05:00  22.590000  22.709999  22.549999  22.549999  22.549999       0
2022-11-11 14:30:00-05:00  22.549999  22.889999  22.540001  22.660000  22.660000       0
2022-11-11 15:30:00-05:00  22.670000  22.680000  22.370001  22.480000  22.480000       0
2022-11-14 09:30:00-05:00  23.930000  23.930000  23.030001  23.209999  23.209999       0
2022-11-14 10:30:00-05:00  23.209999  23.240000  22.980000  23.200001  23.200001       0
2022-11-14 11:30:00-05:00  23.200001  23.230000  23.020000  23.020000  23.020000       0
2022-11-14 12:30:00-05:00  23.030001  23.110001  22.860001  23.059999  23.059999       0
2022-11-14 13:30:00-05:00  23.070000  23.070000  22.969999  23.059999  23.059999       0
2022-11-14 14:30:00-05:00  23.059999  23.469999  23.010000  23.320000  23.320000       0
2022-11-14 15:30:00-05:00  23.340000  23.910000  23.340000  23.910000  23.910000       0
2022-11-15 09:30:00-05:00  23.430000  23.820000  23.420000  23.590000  23.590000       0
2022-11-15 10:30:00-05:00  23.580000  23.879999  23.510000  23.740000  23.740000       0
2022-11-15 11:30:00-05:00  23.750000  23.750000  23.480000  23.700001  23.700001       0
2022-11-15 12:30:00-05:00  23.709999  25.040001  23.660000  25.040001  25.040001       0
2022-11-15 13:30:00-05:00  25.000000  26.219999  24.500000  24.690001  24.690001       0
2022-11-15 14:30:00-05:00  24.680000  24.830000  23.910000  24.110001  24.110001       0
2022-11-15 15:30:00-05:00  24.090000  24.430000  24.090000  24.280001  24.280001       0
2022-11-16 09:30:00-05:00  24.719999  24.719999  24.180000  24.230000  24.230000       0
2022-11-16 10:30:00-05:00  24.230000  24.360001  24.020000  24.100000  24.100000       0
2022-11-16 11:30:00-05:00  24.110001  24.389999  24.030001  24.299999  24.299999       0
2022-11-16 12:30:00-05:00  24.299999  24.440001  24.180000  24.330000  24.330000       0
2022-11-16 13:30:00-05:00  24.330000  24.540001  24.309999  24.370001  24.370001       0
2022-11-16 14:30:00-05:00  24.379999  24.520000  24.080000  24.200001  24.200001       0
2022-11-16 15:30:00-05:00  24.200001  24.299999  24.100000  24.240000  24.240000       0
2022-11-17 09:30:00-05:00  24.860001  24.920000  24.440001  24.459999  24.459999       0
2022-11-17 10:30:00-05:00  24.450001  24.540001  24.440001  24.469999  24.469999       0