                                Open       High        Low      Close  Adj Close  Volume
2022-11-07 10:30:00-05:00  25.139999  25.150000  24.790001  24.850000  24.850000       0
2022-11-07 11:30:00-05:00  24.850000  24.980000  24.730000  24.750000  24.750000       0
2022-11-07 12:30:00-05:00  24.750000  24.770000  24.610001  24.670000  24.670000       0
2022-11-07 13:30:00-05:00  24.650000  24.660000  24.379999  24.410000  24.410000       0
2022-11-07 14:30:00-05:00  24.420000  24.520000  24.340000  24.389999  24.389999       0
2022-11-07 15:30:00-05:00  24.389999  24.520000  24.389999  24.469999  24.469999       0
2022-11-08 09:30:00-05:00  24.500000  24.629999  24.260000  24.260000  24.260000       0
2022-11-08 10:30:00-05:00  24.260000  24.370001  24.240000  24.260000  24.260000       0
2022-11-08 11:30:00-05:00  24.270000  24.410000  24.260000  24.400000  24.400000       0
2022-11-08 12:30:00-05:00  24.389999  24.830000  24.389999  24.809999  24.809999       0
2022-11-08 13:30:00-05:00  24.799999  26.049999  24.750000  26.049999  26.049999       0
2022-11-08 14:30:00-05:00  26.070000  26.160000  25.209999  25.240000  25.240000       0
2022-11-08 15:30:00-05:00  25.240000  25.379999  25.080000  25.379999  25.379999       0
2022-11-09 09:30:00-05:00  25.570000  25.670000  25.020000  25.219999  25.219999       0
2022-11-09 10:30:00-05:00  25.209999  25.830000  25.170000  25.370001  25.370001       0
2022-11-09 11:30:00-05:00  25.379999  25.639999  25.309999  25.590000  25.590000       0
2022-11-09 12:30:00-05:00  25.590000  25.990000  25.469999  25.990000  25.990000       0
2022-11-09 13:30:00-05:00  25.990000  26.230000  25.860001  26.100000  26.100000       0
2022-11-09 14:30:00-05:00  26.100000  26.350000  25.940001  25.940001  25.940001       0
2022-11-09 15:30:00-05:00  25.940001  26.170000  25.940001  26.100000  26.100000       0
2022-11-10 09:30:00-05:00  23.469999  23.900000  23.360001  23.459999  23.459999       0
2022-11-10 10:30:00-05:00  23.459999  23.530001  22.850000  22.900000  22.900000       0
2022-11-10 11:30:00-05:00  22.900000  23.290001  22.840000  23.290001  23.290001       0
2022-11-10 12:30:00-05:00  23.280001  23.889999  23.280001  23.520000  23.520000       0
2022-11-10 13:30:00-05:00  23.510000  23.570000  23.250000  23.270000  23.270000       0
2022-11-10 14:30:00-05:00  23.280001  23.430000  23.260000  23.350000  23.350000       0
2022-11-10 15:30:00-05:00  23.350000  23.400000  23.250000  23.370001  23.370001       0
2022-11-11 09:30:00-05:00  23.809999  23.820000  23.010000  23.040001  23.040001       0
2022-11-11 10:30:00-05:00  23.070000  23.090000  22.570000  22.870001  22.870001       0
2022-11-11 11:30:00-05:00  22.879999  23.030001  22.709999  22.709999  22.709999       0
2022-11-11 12:30:00-05:00  22.719999  22.740000  22.480000  22.590000  22.590000       0
2022-11-11 13:30:00-05:00  22.590000  22.709999  22.549999  22.549999  22.549999       0
2022-11-11 14:30:00-05:00  22.549999  22.889999  22.540001  22.660000  22.660000       0
2022-11-11 15:30:00-05:00  22.670000  22.680000  22.370001  22.480000  22.480000       0
2022-11-14 09:30:00-05:00  23.930000  23.930000  23.030001  23.209999  23.209999       0
2022-11-14 10:30:00-05:00  23.209999  23.240000  23.090000  23.090000  23.090000       0