                                Open       High        Low      Close  Adj Close  Volume
Datetime                                                                                
2022-12-23 10:30:00-05:00  21.420000  21.610001  21.420000  21.580000  21.580000       0
2022-12-23 11:00:00-05:00  21.590000  21.740000  21.360001  21.410000  21.410000       0
2022-12-23 11:30:00-05:00  21.410000  21.420000  21.120001  21.129999  21.129999       0
2022-12-23 12:00:00-05:00  21.120001  21.139999  21.040001  21.129999  21.129999       0
2022-12-23 12:30:00-05:00  21.150000  21.340000  21.040001  21.230000  21.230000       0
2022-12-23 13:00:00-05:00  21.230000  21.230000  21.080000  21.090000  21.090000       0
2022-12-23 13:30:00-05:00  21.090000  21.299999  21.040001  21.180000  21.180000       0
2022-12-23 14:00:00-05:00  21.190001  21.290001  21.059999  21.100000  21.100000       0
2022-12-23 14:30:00-05:00  21.110001  21.110001  20.809999  20.820000  20.820000       0
2022-12-23 15:00:00-05:00  20.830000  20.930000  20.780001  20.900000  20.900000       0
2022-12-23 15:30:00-05:00  20.900000  21.070000  20.809999  20.969999  20.969999       0
2022-12-27 09:30:00-05:00  22.299999  22.799999  22.299999  22.650000  22.650000       0
2022-12-27 10:00:00-05:00  22.650000  22.780001  22.080000  22.139999  22.139999       0
2022-12-27 10:30:00-05:00  22.150000  22.340000  22.090000  22.340000  22.340000       0
2022-12-27 11:00:00-05:00  22.320000  22.379999  22.250000  22.270000  22.270000       0
2022-12-27 11:30:00-05:00  22.260000  22.260000  21.780001  21.790001  21.790001       0
2022-12-27 12:00:00-05:00  21.780001  21.809999  21.670000  21.780001  21.780001       0
2022-12-27 12:30:00-05:00  21.790001  21.860001  21.730000  21.790001  21.790001       0
2022-12-27 13:00:00-05:00  21.780001  21.790001  21.590000  21.610001  21.610001       0
2022-12-27 13:30:00-05:00  21.610001  21.950001  21.610001  21.920000  21.920000       0
2022-12-27 14:00:00-05:00  21.910000  22.010000  21.799999  21.990000  21.990000       0
2022-12-27 14:30:00-05:00  21.990000  22.059999  21.830000  21.830000  21.830000       0
2022-12-27 15:00:00-05:00  21.820000  21.830000  21.660000  21.730000  21.730000       0
2022-12-27 15:30:00-05:00  21.740000  21.830000  21.650000  21.830000  21.830000       0
2022-12-28 09:30:00-05:00  21.860001  21.860001  21.230000  21.309999  21.309999       0
2022-12-28 10:00:00-05:00  21.299999  21.299999  20.959999  21.260000  21.260000       0
2022-12-28 10:30:00-05:00  21.240000  21.600000  21.150000  21.600000  21.600000       0
2022-12-28 11:00:00-05:00  21.580000  21.879999  21.580000  21.700001  21.700001       0
2022-12-28 11:30:00-05:00  21.690001  21.900000  21.660000  21.889999  21.889999       0
2022-12-28 12:00:00-05:00  21.910000  22.180000  21.900000  22.020000  22.020000       0
2022-12-28 12:30:00-05:00  22.000000  22.000000  21.400000  21.400000  21.400000       0
2022-12-28 13:00:00-05:00  21.410000  21.430000  21.180000  21.400000  21.400000       0
2022-12-28 13:30:00-05:00  21.400000  21.559999  21.400000  21.490000  21.490000       0
2022-12-28 14:00:00-05:00  21.500000  21.600000  21.440001  21.559999  21.559999       0
2022-12-28 14:30:00-05:00  21.580000  21.629999  21.420000  21.629999  21.629999       0
2022-12-28 15:00:00-05:00  21.620001  22.160000  21.620001  22.070000  22.070000       0
2022-12-28 15:30:00-05:00  22.080000  22.260000  22.049999  22.180000  22.180000       0
2022-12-29 09:30:00-05:00  21.930000  22.010000  21.590000  21.750000  21.750000       0
2022-12-29 10:00:00-05:00  21.730000  21.830000  21.580000  21.639999  21.639999       0
2022-12-29 10:30:00-05:00  21.639999  21.639999  21.520000  21.580000  21.580000       0
2022-12-29 11:00:00-05:00  21.549999  21.709999  21.549999  21.610001  21.610001       0
2022-12-29 11:30:00-05:00  21.620001  21.620001  21.480000  21.520000  21.520000       0
2022-12-29 12:00:00-05:00  21.520000  21.549999  21.480000  21.549999  21.549999       0
2022-12-29 12:30:00-05:00  21.549999  21.629999  21.500000  21.520000  21.520000       0
2022-12-29 13:00:00-05:00  21.520000  21.590000  21.500000  21.510000  21.510000       0
2022-12-29 13:30:00-05:00  21.510000  21.510000  21.430000  21.450001  21.450001       0
2022-12-29 14:00:00-05:00  21.459999  21.500000  21.430000  21.500000  21.500000       0
2022-12-29 14:30:00-05:00  21.500000  21.520000  21.360001  21.490000  21.490000       0
2022-12-29 15:00:00-05:00  21.490000  21.540001  21.459999  21.469999  21.469999       0
2022-12-29 15:30:00-05:00  21.469999  21.490000  21.370001  21.469999  21.469999       0
2022-12-30 09:30:00-05:00  22.190001  22.400000  21.900000  22.030001  22.030001       0
2022-12-30 10:00:00-05:00  22.010000  22.129999  21.750000  21.760000  21.760000       0