                                Open       High        Low      Close  Adj Close  Volume
Datetime                                                                                
2022-11-25 09:30:00-05:00  20.889999  21.110001  20.870001  20.969999  20.969999       0
2022-11-25 10:00:00-05:00  20.959999  20.969999  20.600000  20.620001  20.620001       0
2022-11-25 10:30:00-05:00  20.620001  20.650000  20.580000  20.650000  20.650000       0
2022-11-25 11:00:00-05:00  20.639999  20.719999  20.580000  20.719999  20.719999       0
2022-11-25 11:30:00-05:00  20.719999  20.740000  20.530001  20.540001  20.540001       0
2022-11-25 12:00:00-05:00  20.530001  20.590000  20.510000  20.530001  20.530001       0
2022-11-25 12:30:00-05:00  20.520000  20.610001  20.500000  20.530001  20.530001       0
2022-11-25 13:00:00-05:00  20.510000  20.520000  20.459999  20.500000  20.500000       0
2022-11-28 09:30:00-05:00  22.010000  22.049999  21.760000  22.040001  22.040001       0
2022-11-28 10:00:00-05:00  22.030001  22.080000  21.930000  21.950001  21.950001       0
2022-11-28 10:30:00-05:00  21.950001  21.959999  21.730000  21.910000  21.910000       0
2022-11-28 11:00:00-05:00  21.920000  21.969999  21.820000  21.959999  21.959999       0
2022-11-28 11:30:00-05:00  21.930000  22.000000  21.770000  21.809999  21.809999       0
2022-11-28 12:00:00-05:00  21.809999  22.100000  21.740000  21.790001  21.790001       0
2022-11-28 12:30:00-05:00  21.799999  21.940001  21.650000  21.920000  21.920000       0
2022-11-28 13:00:00-05:00  21.920000  21.930000  21.820000  21.850000  21.850000       0
2022-11-28 13:30:00-05:00  21.850000  22.100000  21.850000  22.059999  22.059999       0
2022-11-28 14:00:00-05:00  22.070000  22.270000  22.020000  22.270000  22.270000       0
2022-11-28 14:30:00-05:00  22.270000  22.309999  22.110001  22.200001  22.200001       0
2022-11-28 15:00:00-05:00  22.190001  22.420000  22.180000  22.410000  22.410000       0
2022-11-28 15:30:00-05:00  22.410000  22.450001  22.110001  22.110001  22.110001       0
2022-11-29 09:30:00-05:00  22.270000  22.570000  22.200001  22.440001  22.440001       0
2022-11-29 10:00:00-05:00  22.440001  22.440001  21.950001  21.950001  21.950001       0
2022-11-29 10:30:00-05:00  21.930000  21.980000  21.870001  21.920000  21.920000       0
2022-11-29 11:00:00-05:00  21.930000  22.559999  21.910000  22.450001  22.450001       0
2022-11-29 11:30:00-05:00  22.430000  22.450001  22.180000  22.180000  22.180000       0
2022-11-29 12:00:00-05:00  22.180000  22.299999  22.160000  22.270000  22.270000       0
2022-11-29 12:30:00-05:00  22.280001  22.290001  21.990000  22.030001  22.030001       0
2022-11-29 13:00:00-05:00  22.030001  22.260000  22.030001  22.250000  22.250000       0
2022-11-29 13:30:00-05:00  22.250000  22.260000  22.080000  22.080000  22.080000       0
2022-11-29 14:00:00-05:00  22.090000  22.139999  21.920000  22.110001  22.110001       0
2022-11-29 14:30:00-05:00  22.120001  22.209999  22.080000  22.080000  22.080000       0
2022-11-29 15:00:00-05:00  22.080000  22.129999  21.950001  22.020000  22.020000       0
2022-11-29 15:30:00-05:00  22.040001  22.070000  21.830000  21.850000  21.850000       0
2022-11-30 09:30:00-05:00  22.059999  22.250000  21.990000  22.139999  22.139999       0
2022-11-30 10:00:00-05:00  22.160000  22.260000  22.080000  22.200001  22.200001       0
2022-11-30 10:30:00-05:00  22.209999  22.240000  22.059999  22.110001  22.110001       0
2022-11-30 11:00:00-05:00  22.120001  22.170000  22.000000  22.120001  22.120001       0
2022-11-30 11:30:00-05:00  22.120001  22.250000  22.010000  22.219999  22.219999       0
2022-11-30 12:00:00-05:00  22.230000  22.580000  22.219999  22.580000  22.580000       0
2022-11-30 12:30:00-05:00  22.570000  22.629999  22.540001  22.549999  22.549999       0
2022-11-30 13:00:00-05:00  22.559999  22.570000  22.110001  22.129999  22.129999       0
2022-11-30 13:30:00-05:00  22.100000  22.100000  21.040001  21.059999  21.059999       0
2022-11-30 14:00:00-05:00  21.090000  21.100000  20.309999  20.660000  20.660000       0
2022-11-30 14:30:00-05:00  20.670000  20.820000  20.600000  20.680000  20.680000       0
2022-11-30 15:00:00-05:00  20.670000  20.709999  20.520000  20.610001  20.610001       0
2022-11-30 15:30:00-05:00  20.610001  20.799999  20.450001  20.600000  20.600000       0
2022-12-01 09:30:00-05:00  20.680000  20.680000  20.250000  20.360001  20.360001       0
2022-12-01 10:00:00-05:00  20.420000  20.959999  20.320000  20.950001  20.950001       0