                                Open       High        Low      Close  Adj Close  Volume
Datetime                                                                                
2022-10-17 10:30:00-04:00  31.000000  31.389999  31.000000  31.309999  31.309999       0
2022-10-17 11:00:00-04:00  31.299999  31.410000  30.990000  30.990000  30.990000       0
2022-10-17 11:30:00-04:00  30.969999  30.980000  30.700001  30.900000  30.900000       0
2022-10-17 12:00:00-04:00  30.900000  31.000000  30.760000  30.889999  30.889999       0
2022-10-17 12:30:00-04:00  30.879999  31.129999  30.760000  30.930000  30.930000       0
2022-10-17 13:00:00-04:00  30.950001  31.049999  30.820000  30.879999  30.879999       0
2022-10-17 13:30:00-04:00  30.870001  30.910000  30.719999  30.910000  30.910000       0
2022-10-17 14:00:00-04:00  30.910000  31.100000  30.840000  31.010000  31.010000       0
2022-10-17 14:30:00-04:00  31.000000  31.070000  30.870001  31.070000  31.070000       0
2022-10-17 15:00:00-04:00  31.090000  31.250000  31.020000  31.090000  31.090000       0
2022-10-17 15:30:00-04:00  31.080000  31.299999  31.080000  31.230000  31.230000       0
2022-10-18 09:30:00-04:00  30.730000  31.190001  30.629999  31.030001  31.030001       0
2022-10-18 10:00:00-04:00  30.980000  31.030001  30.620001  31.030001  31.030001       0
2022-10-18 10:30:00-04:00  31.070000  31.299999  30.770000  30.990000  30.990000       0
2022-10-18 11:00:00-04:00  30.969999  31.799999  30.900000  31.670000  31.670000       0
2022-10-18 11:30:00-04:00  31.670000  31.930000  31.480000  31.520000  31.520000       0
2022-10-18 12:00:00-04:00  31.500000  31.549999  31.219999  31.290001  31.290001       0
2022-10-18 12:30:00-04:00  31.299999  31.360001  31.030001  31.139999  31.139999       0
2022-10-18 13:00:00-04:00  31.190001  31.430000  30.840000  30.850000  30.850000       0
2022-10-18 13:30:00-04:00  30.830000  30.870001  30.639999  30.740000  30.740000       0
2022-10-18 14:00:00-04:00  30.730000  30.920000  30.719999  30.750000  30.750000       0
2022-10-18 14:30:00-04:00  30.780001  31.350000  30.760000  30.910000  30.910000       0
2022-10-18 15:00:00-04:00  30.930000  31.230000  30.889999  30.940001  30.940001       0
2022-10-18 15:30:00-04:00  30.889999  30.889999  30.650000  30.650000  30.650000       0
2022-10-19 09:30:00-04:00  31.430000  31.770000  31.190001  31.610001  31.610001       0
2022-10-19 10:00:00-04:00  31.620001  31.660000  30.910000  30.990000  30.990000       0
2022-10-19 10:30:00-04:00  30.980000  31.110001  30.930000  31.070000  31.070000       0
2022-10-19 11:00:00-04:00  31.080000  31.190001  30.920000  31.010000  31.010000       0
2022-10-19 11:30:00-04:00  31.030001  31.110001  30.850000  30.910000  30.910000       0
2022-10-19 12:00:00-04:00  30.920000  31.320000  30.910000  31.320000  31.320000       0
2022-10-19 12:30:00-04:00  31.309999  31.580000  31.040001  31.540001  31.540001       0
2022-10-19 13:00:00-04:00  31.530001  31.900000  31.350000  31.540001  31.540001       0
2022-10-19 13:30:00-04:00  31.559999  31.670000  31.420000  31.420000  31.420000       0
2022-10-19 14:00:00-04:00  31.340000  31.420000  31.090000  31.160000  31.160000       0
2022-10-19 14:30:00-04:00  31.180000  31.299999  31.110001  31.129999  31.129999       0
2022-10-19 15:00:00-04:00  31.129999  31.200001  30.840000  30.990000  30.990000       0
2022-10-19 15:30:00-04:00  30.980000  31.129999  30.940001  30.940001  30.940001       0
2022-10-20 09:30:00-04:00  30.809999  30.889999  30.320000  30.340000  30.340000       0
2022-10-20 10:00:00-04:00  30.590000  30.590000  29.980000  30.040001  30.040001       0
2022-10-20 10:30:00-04:00  30.059999  30.280001  30.059999  30.150000  30.150000       0
2022-10-20 11:00:00-04:00  30.139999  30.219999  29.990000  30.090000  30.090000       0
2022-10-20 11:30:00-04:00  30.080000  30.080000  29.760000  29.920000  29.920000       0
2022-10-20 12:00:00-04:00  29.930000  30.320000  29.930000  30.200001  30.200001       0
2022-10-20 12:30:00-04:00  30.209999  30.450001  30.120001  30.219999  30.219999       0
2022-10-20 13:00:00-04:00  30.200001  30.650000  30.200001  30.400000  30.400000       0
2022-10-20 13:30:00-04:00  30.430000  30.860001  30.430000  30.719999  30.719999       0
2022-10-20 14:00:00-04:00  30.680000  30.980000  30.660000  30.889999  30.889999       0
2022-10-20 14:30:00-04:00  30.900000  30.920000  30.430000  30.500000  30.500000       0
2022-10-20 15:00:00-04:00  30.520000  30.520000  30.160000  30.309999  30.309999       0
2022-10-20 15:30:00-04:00  30.309999  30.459999  30.100000  30.209999  30.209999       0
2022-10-21 09:30:00-04:00  30.129999  30.190001  29.379999  29.379999  29.379999       0
2022-10-21 10:00:00-04:00  29.370001  29.690001  29.309999  29.690001  29.690001       0
2022-10-21 10:30:00-04:00  29.700001  30.000000  29.620001  29.900000  29.900000       0
2022-10-21 11:00:00-04:00  29.900000  30.129999  29.559999  29.590000  29.590000       0
2022-10-21 11:30:00-04:00  29.580000  29.660000  29.240000  29.320000  29.320000       0
2022-10-21 12:00:00-04:00  29.320000  29.620001  29.290001  29.590000  29.590000       0
2022-10-21 12:30:00-04:00  29.570000  29.730000  29.520000  29.730000  29.730000       0
2022-10-21 13:00:00-04:00  29.740000  30.000000  29.730000  29.830000  29.830000       0
2022-10-21 13:30:00-04:00  29.820000  29.830000  29.750000  29.809999  29.809999       0
2022-10-21 14:00:00-04:00  29.809999  29.950001  29.790001  29.889999  29.889999       0
2022-10-21 14:30:00-04:00  29.879999  29.959999  29.840000  29.889999  29.889999       0
2022-10-21 15:00:00-04:00  29.889999  30.090000  29.889999  30.090000  30.090000       0
2022-10-21 15:30:00-04:00  30.100000  30.110001  29.950001  29.950001  29.950001       0
2022-10-24 09:30:00-04:00  30.309999  30.549999  30.070000  30.340000  30.340000       0
2022-10-24 10:00:00-04:00  30.309999  30.830000  30.309999  30.590000  30.590000       0