                                Open       High        Low      Close  Adj Close  Volume
Datetime                                                                                
2023-03-15 10:30:00-04:00  27.969999  28.209999  27.389999  27.389999  27.389999       0
2023-03-15 11:00:00-04:00  27.389999  27.780001  27.070000  27.580000  27.580000       0
2023-03-15 11:30:00-04:00  27.610001  27.990000  27.139999  27.940001  27.940001       0
2023-03-15 12:00:00-04:00  27.990000  29.450001  27.809999  29.209999  29.209999       0
2023-03-15 12:30:00-04:00  29.200001  29.879999  28.719999  29.580000  29.580000       0
2023-03-15 13:00:00-04:00  29.610001  29.910000  27.910000  27.940001  27.940001       0
2023-03-15 13:30:00-04:00  27.930000  29.030001  27.930000  28.270000  28.270000       0
2023-03-15 14:00:00-04:00  28.190001  28.760000  26.410000  27.049999  27.049999       0
2023-03-15 14:30:00-04:00  27.020000  27.650000  26.650000  26.650000  26.650000       0
2023-03-15 15:00:00-04:00  26.660000  27.530001  26.010000  26.049999  26.049999       0
2023-03-15 15:30:00-04:00  26.070000  27.059999  25.920000  26.059999  26.059999       0
2023-03-16 09:30:00-04:00  27.290001  27.490000  25.900000  25.900000  25.900000       0
2023-03-16 10:00:00-04:00  25.860001  26.879999  25.809999  26.200001  26.200001       0
2023-03-16 10:30:00-04:00  26.150000  26.170000  24.070000  24.080000  24.080000       0
2023-03-16 11:00:00-04:00  24.120001  24.469999  24.000000  24.190001  24.190001       0
2023-03-16 11:30:00-04:00  24.139999  24.360001  23.670000  23.830000  23.830000       0
2023-03-16 12:00:00-04:00  23.840000  24.309999  23.750000  23.860001  23.860001       0
2023-03-16 12:30:00-04:00  23.840000  24.049999  23.450001  23.480000  23.480000       0
2023-03-16 13:00:00-04:00  23.490000  24.209999  23.379999  23.940001  23.940001       0
2023-03-16 13:30:00-04:00  23.950001  24.030001  23.590000  23.629999  23.629999       0
2023-03-16 14:00:00-04:00  23.629999  24.000000  23.629999  23.709999  23.709999       0
2023-03-16 14:30:00-04:00  23.690001  24.010000  23.360001  23.400000  23.400000       0
2023-03-16 15:00:00-04:00  23.400000  23.420000  23.209999  23.250000  23.250000       0
2023-03-16 15:30:00-04:00  23.280001  23.400000  23.100000  23.100000  23.100000       0
2023-03-17 09:30:00-04:00  23.620001  24.250000  23.480000  24.020000  24.020000       0
2023-03-17 10:00:00-04:00  24.100000  24.790001  23.260000  24.400000  24.400000       0
2023-03-17 10:30:00-04:00  24.389999  25.360001  24.309999  24.790001  24.790001       0
2023-03-17 11:00:00-04:00  24.830000  25.440001  24.379999  25.270000  25.270000       0
2023-03-17 11:30:00-04:00  25.270000  25.830000  24.889999  25.430000  25.430000       0
2023-03-17 12:00:00-04:00  25.389999  25.389999  24.700001  24.730000  24.730000       0
2023-03-17 12:30:00-04:00  24.750000  25.219999  24.350000  25.090000  25.090000       0
2023-03-17 13:00:00-04:00  25.090000  25.160000  24.360001  24.690001  24.690001       0
2023-03-17 13:30:00-04:00  24.650000  24.969999  24.420000  24.820000  24.820000       0
2023-03-17 14:00:00-04:00  24.780001  25.680000  24.520000  25.639999  25.639999       0
2023-03-17 14:30:00-04:00  25.639999  26.139999  25.360001  25.580000  25.580000       0
2023-03-17 15:00:00-04:00  25.610001  25.820000  24.910000  24.910000  24.910000       0
2023-03-17 15:30:00-04:00  24.860001  26.139999  24.860001  25.610001  25.610001       0
2023-03-20 09:30:00-04:00  25.990000  26.430000  25.459999  25.459999  25.459999       0
2023-03-20 10:00:00-04:00  25.430000  25.600000  24.959999  25.040001  25.040001       0
2023-03-20 10:30:00-04:00  25.030001  25.190001  24.540001  24.549999  24.549999       0
2023-03-20 11:00:00-04:00  24.559999  24.730000  24.110001  24.160000  24.160000       0
2023-03-20 11:30:00-04:00  24.139999  24.600000  24.059999  24.549999  24.549999       0
2023-03-20 12:00:00-04:00  24.610001  25.490000  24.580000  25.080000  25.080000       0
2023-03-20 12:30:00-04:00  25.040001  25.040001  24.250000  24.370001  24.370001       0
2023-03-20 13:00:00-04:00  24.389999  24.590000  24.070000  24.580000  24.580000       0
2023-03-20 13:30:00-04:00  24.610001  24.770000  24.469999  24.610001  24.610001       0
2023-03-20 14:00:00-04:00  24.610001  24.879999  24.320000  24.379999  24.379999       0
2023-03-20 14:30:00-04:00  24.420000  24.820000  24.170000  24.440001  24.440001       0
2023-03-20 15:00:00-04:00  24.440001  24.600000  24.230000  24.260000  24.260000       0
2023-03-20 15:30:00-04:00  24.280001  24.350000  24.000000  24.139999  24.139999       0
2023-03-21 09:30:00-04:00  22.510000  22.620001  22.260000  22.280001  22.280001       0
2023-03-21 10:00:00-04:00  22.280001  22.520000  22.139999  22.280001  22.280001       0
2023-03-21 10:30:00-04:00  22.280001  22.360001  21.879999  22.090000  22.090000       0
2023-03-21 11:00:00-04:00  22.110001  22.110001  21.830000  21.920000  21.920000       0
2023-03-21 11:30:00-04:00  21.900000  22.540001  21.790001  22.299999  22.299999       0
2023-03-21 12:00:00-04:00  22.309999  22.389999  21.860001  21.860001  21.860001       0
2023-03-21 12:30:00-04:00  21.889999  22.020000  21.760000  21.920000  21.920000       0
2023-03-21 13:00:00-04:00  21.920000  21.980000  21.510000  21.530001  21.530001       0
2023-03-21 13:30:00-04:00  21.520000  21.889999  21.340000  21.889999  21.889999       0
2023-03-21 14:00:00-04:00  21.910000  21.969999  21.570000  21.600000  21.600000       0
2023-03-21 14:30:00-04:00  21.590000  21.610001  21.420000  21.600000  21.600000       0
2023-03-21 15:00:00-04:00  21.610001  21.620001  21.389999  21.450001  21.450001       0
2023-03-21 15:30:00-04:00  21.450001  21.670000  21.290001  21.620001  21.620001       0
2023-03-22 09:30:00-04:00  20.889999  20.940001  20.570000  20.570000  20.570000       0
2023-03-22 10:00:00-04:00  20.580000  20.740000  20.250000  20.330000  20.330000       0