                                Open       High        Low      Close  Adj Close  Volume
Datetime                                                                                
2022-11-14 10:30:00-05:00  23.020000  23.100000  23.000000  23.100000  23.100000       0
2022-11-14 11:00:00-05:00  23.100000  23.219999  23.080000  23.200001  23.200001       0
2022-11-14 11:30:00-05:00  23.200001  23.230000  23.080000  23.160000  23.160000       0
2022-11-14 12:00:00-05:00  23.150000  23.160000  23.020000  23.020000  23.020000       0
2022-11-14 12:30:00-05:00  23.030001  23.040001  22.860001  22.959999  22.959999       0
2022-11-14 13:00:00-05:00  22.969999  23.110001  22.920000  23.059999  23.059999       0
2022-11-14 13:30:00-05:00  23.070000  23.070000  22.980000  22.990000  22.990000       0
2022-11-14 14:00:00-05:00  22.980000  23.070000  22.969999  23.059999  23.059999       0
2022-11-14 14:30:00-05:00  23.059999  23.350000  23.010000  23.309999  23.309999       0
2022-11-14 15:00:00-05:00  23.309999  23.469999  23.200001  23.320000  23.320000       0
2022-11-14 15:30:00-05:00  23.340000  23.910000  23.340000  23.910000  23.910000       0
2022-11-15 09:30:00-05:00  23.430000  23.809999  23.420000  23.570000  23.570000       0
2022-11-15 10:00:00-05:00  23.559999  23.820000  23.480000  23.590000  23.590000       0
2022-11-15 10:30:00-05:00  23.580000  23.799999  23.510000  23.730000  23.730000       0
2022-11-15 11:00:00-05:00  23.750000  23.879999  23.660000  23.740000  23.740000       0
2022-11-15 11:30:00-05:00  23.750000  23.750000  23.480000  23.510000  23.510000       0
2022-11-15 12:00:00-05:00  23.500000  23.709999  23.500000  23.700001  23.700001       0
2022-11-15 12:30:00-05:00  23.709999  23.809999  23.660000  23.740000  23.740000       0
2022-11-15 13:00:00-05:00  23.719999  25.040001  23.700001  25.040001  25.040001       0
2022-11-15 13:30:00-05:00  25.000000  26.070000  24.700001  25.740000  25.740000       0
2022-11-15 14:00:00-05:00  25.770000  26.219999  24.500000  24.690001  24.690001       0
2022-11-15 14:30:00-05:00  24.680000  24.830000  24.139999  24.180000  24.180000       0
2022-11-15 15:00:00-05:00  24.160000  24.290001  23.910000  24.110001  24.110001       0
2022-11-15 15:30:00-05:00  24.090000  24.430000  24.090000  24.280001  24.280001       0
2022-11-16 09:30:00-05:00  24.719999  24.719999  24.180000  24.370001  24.370001       0
2022-11-16 10:00:00-05:00  24.389999  24.480000  24.190001  24.230000  24.230000       0
2022-11-16 10:30:00-05:00  24.230000  24.340000  24.020000  24.320000  24.320000       0
2022-11-16 11:00:00-05:00  24.299999  24.360001  24.100000  24.100000  24.100000       0
2022-11-16 11:30:00-05:00  24.110001  24.200001  24.030001  24.110001  24.110001       0
2022-11-16 12:00:00-05:00  24.129999  24.389999  24.120001  24.299999  24.299999       0
2022-11-16 12:30:00-05:00  24.299999  24.420000  24.180000  24.389999  24.389999       0
2022-11-16 13:00:00-05:00  24.379999  24.440001  24.280001  24.330000  24.330000       0
2022-11-16 13:30:00-05:00  24.330000  24.530001  24.309999  24.510000  24.510000       0
2022-11-16 14:00:00-05:00  24.510000  24.540001  24.330000  24.370001  24.370001       0
2022-11-16 14:30:00-05:00  24.379999  24.520000  24.129999  24.129999  24.129999       0
2022-11-16 15:00:00-05:00  24.129999  24.260000  24.080000  24.200001  24.200001       0
2022-11-16 15:30:00-05:00  24.200001  24.299999  24.100000  24.240000  24.240000       0
2022-11-17 09:30:00-05:00  24.860001  24.920000  24.620001  24.900000  24.900000       0
2022-11-17 10:00:00-05:00  24.910000  24.910000  24.440001  24.459999  24.459999       0
2022-11-17 10:30:00-05:00  24.450001  24.700001  24.440001  24.690001  24.690001       0
2022-11-17 11:00:00-05:00  24.670000  24.780001  24.559999  24.590000  24.590000       0
2022-11-17 11:30:00-05:00  24.580000  24.600000  24.250000  24.250000  24.250000       0
2022-11-17 12:00:00-05:00  24.230000  24.250000  24.120001  24.170000  24.170000       0
2022-11-17 12:30:00-05:00  24.190001  24.190001  23.990000  24.000000  24.000000       0
2022-11-17 13:00:00-05:00  24.000000  24.059999  23.870001  23.940001  23.940001       0
2022-11-17 13:30:00-05:00  23.940001  24.020000  23.889999  23.959999  23.959999       0
2022-11-17 14:00:00-05:00  23.959999  24.150000  23.879999  24.049999  24.049999       0
2022-11-17 14:30:00-05:00  24.049999  24.129999  23.870001  23.889999  23.889999       0
2022-11-17 15:00:00-05:00  23.889999  24.160000  23.860001  24.139999  24.139999       0
2022-11-17 15:30:00-05:00  24.139999  24.160000  23.850000  23.889999  23.889999       0
2022-11-18 09:30:00-05:00  23.379999  23.620001  23.280001  23.600000  23.600000       0
2022-11-18 10:00:00-05:00  23.520000  23.840000  23.520000  23.610001  23.610001       0
2022-11-18 10:30:00-05:00  23.600000  23.750000  23.450001  23.719999  23.719999       0
2022-11-18 11:00:00-05:00  23.690001  23.770000  23.389999  23.430000  23.430000       0
2022-11-18 11:30:00-05:00  23.420000  23.610001  23.370001  23.549999  23.549999       0
2022-11-18 12:00:00-05:00  23.520000  23.709999  23.420000  23.559999  23.559999       0
2022-11-18 12:30:00-05:00  23.549999  23.730000  23.469999  23.620001  23.620001       0
2022-11-18 13:00:00-05:00  23.620001  23.639999  23.420000  23.420000  23.420000       0
2022-11-18 13:30:00-05:00  23.420000  23.580000  23.350000  23.459999  23.459999       0
2022-11-18 14:00:00-05:00  23.440001  23.459999  23.299999  23.379999  23.379999       0
2022-11-18 14:30:00-05:00  23.370001  23.450001  23.230000  23.230000  23.230000       0
2022-11-18 15:00:00-05:00  23.230000  23.230000  23.090000  23.090000  23.090000       0
2022-11-18 15:30:00-05:00  23.080000  23.200001  22.980000  23.059999  23.059999       0
2022-11-21 09:30:00-05:00  23.730000  23.730000  23.160000  23.160000  23.160000       0
2022-11-21 10:00:00-05:00  23.160000  23.389999  23.139999  23.309999  23.309999       0