                                Open       High        Low      Close  Adj Close  Volume
Datetime                                                                                
2022-10-31 09:30:00-04:00  26.990000  27.010000  26.740000  26.770000  26.770000       0
2022-10-31 10:00:00-04:00  26.780001  26.780001  26.540001  26.590000  26.590000       0
2022-10-31 10:30:00-04:00  26.600000  26.670000  26.530001  26.549999  26.549999       0
2022-10-31 11:00:00-04:00  26.549999  26.549999  26.320000  26.370001  26.370001       0
2022-10-31 11:30:00-04:00  26.379999  26.530001  26.240000  26.500000  26.500000       0
2022-10-31 12:00:00-04:00  26.469999  26.469999  26.139999  26.270000  26.270000       0
2022-10-31 12:30:00-04:00  26.270000  26.410000  26.270000  26.320000  26.320000       0
2022-10-31 13:00:00-04:00  26.330000  26.370001  26.219999  26.219999  26.219999       0
2022-10-31 13:30:00-04:00  26.219999  26.290001  26.160000  26.160000  26.160000       0
2022-10-31 14:00:00-04:00  26.170000  26.170000  26.030001  26.059999  26.059999       0
2022-10-31 14:30:00-04:00  26.059999  26.070000  25.940001  25.990000  25.990000       0
2022-10-31 15:00:00-04:00  25.990000  26.080000  25.930000  25.940001  25.940001       0
2022-10-31 15:30:00-04:00  25.940001  25.990000  25.860001  25.910000  25.910000       0
2022-11-01 09:30:00-04:00  25.799999  26.049999  25.690001  26.049999  26.049999       0
2022-11-01 10:00:00-04:00  26.049999  26.350000  25.950001  26.020000  26.020000       0
2022-11-01 10:30:00-04:00  26.010000  26.219999  25.870001  26.200001  26.200001       0
2022-11-01 11:00:00-04:00  26.160000  26.209999  25.980000  26.010000  26.010000       0
2022-11-01 11:30:00-04:00  26.000000  26.080000  25.850000  25.850000  25.850000       0
2022-11-01 12:00:00-04:00  25.850000  25.889999  25.680000  25.780001  25.780001       0
2022-11-01 12:30:00-04:00  25.770000  25.820000  25.730000  25.730000  25.730000       0
2022-11-01 13:00:00-04:00  25.730000  25.790001  25.670000  25.760000  25.760000       0
2022-11-01 13:30:00-04:00  25.750000  25.750000  25.680000  25.700001  25.700001       0
2022-11-01 14:00:00-04:00  25.690001  25.770000  25.660000  25.750000  25.750000       0
2022-11-01 14:30:00-04:00  25.760000  25.910000  25.740000  25.760000  25.760000       0
2022-11-01 15:00:00-04:00  25.760000  25.790001  25.660000  25.790001  25.790001       0
2022-11-01 15:30:00-04:00  25.790001  25.790001  25.690001  25.690001  25.690001       0
2022-11-02 09:30:00-04:00  26.450001  26.480000  26.240000  26.480000  26.480000       0
2022-11-02 10:00:00-04:00  26.490000  26.540001  26.350000  26.400000  26.400000       0
2022-11-02 10:30:00-04:00  26.379999  26.379999  26.240000  26.299999  26.299999       0
2022-11-02 11:00:00-04:00  26.309999  26.559999  26.299999  26.559999  26.559999       0
2022-11-02 11:30:00-04:00  26.540001  26.620001  26.510000  26.570000  26.570000       0
2022-11-02 12:00:00-04:00  26.580000  26.590000  26.510000  26.530001  26.530001       0
2022-11-02 12:30:00-04:00  26.540001  26.549999  26.350000  26.360001  26.360001       0
2022-11-02 13:00:00-04:00  26.370001  26.490000  26.340000  26.490000  26.490000       0
2022-11-02 13:30:00-04:00  26.500000  26.520000  26.389999  26.410000  26.410000       0
2022-11-02 14:00:00-04:00  26.430000  26.430000  25.430000  25.770000  25.770000       0
2022-11-02 14:30:00-04:00  25.770000  26.240000  25.590000  25.629999  25.629999       0
2022-11-02 15:00:00-04:00  25.670000  25.790001  25.389999  25.629999  25.629999       0
2022-11-02 15:30:00-04:00  25.670000  26.020000  25.600000  25.860001  25.860001       0
2022-11-03 09:30:00-04:00  26.680000  26.850000  26.049999  26.820000  26.820000       0
2022-11-03 10:00:00-04:00  26.840000  26.870001  25.969999  25.980000  25.980000       0
2022-11-03 10:30:00-04:00  26.030001  26.240000  25.889999  25.889999  25.889999       0
2022-11-03 11:00:00-04:00  25.879999  25.930000  25.690001  25.900000  25.900000       0
2022-11-03 11:30:00-04:00  25.910000  26.000000  25.750000  25.799999  25.799999       0
2022-11-03 12:00:00-04:00  25.799999  25.799999  25.469999  25.530001  25.530001       0
2022-11-03 12:30:00-04:00  25.530001  25.600000  25.270000  25.350000  25.350000       0
2022-11-03 13:00:00-04:00  25.350000  25.459999  25.290001  25.320000  25.320000       0
2022-11-03 13:30:00-04:00  25.309999  25.440001  25.299999  25.420000  25.420000       0
2022-11-03 14:00:00-04:00  25.430000  25.530001  25.360001  25.389999  25.389999       0
2022-11-03 14:30:00-04:00  25.389999  25.500000  25.299999  25.420000  25.420000       0
2022-11-03 15:00:00-04:00  25.420000  25.459999  25.160000  25.180000  25.180000       0
2022-11-03 15:30:00-04:00  25.180000  25.230000  25.100000  25.209999  25.209999       0
2022-11-04 09:30:00-04:00  24.740000  24.959999  24.580000  24.719999  24.719999       0
2022-11-04 10:00:00-04:00  24.719999  24.730000  24.180000  24.230000  24.230000       0
2022-11-04 10:30:00-04:00  24.260000  24.260000  24.000000  24.110001  24.110001       0
2022-11-04 11:00:00-04:00  24.090000  24.670000  24.030001  24.670000  24.670000       0
2022-11-04 11:30:00-04:00  24.690001  25.209999  24.480000  25.100000  25.100000       0
2022-11-04 12:00:00-04:00  25.110001  25.389999  24.840000  24.860001  24.860001       0
2022-11-04 12:30:00-04:00  24.870001  25.270000  24.870001  25.180000  25.180000       0
2022-11-04 13:00:00-04:00  25.180000  25.260000  24.950001  25.120001  25.120001       0
2022-11-04 13:30:00-04:00  25.139999  25.139999  24.969999  25.030001  25.030001       0
2022-11-04 14:00:00-04:00  25.020000  25.190001  24.940001  24.940001  24.940001       0
2022-11-04 14:30:00-04:00  24.940001  24.940001  24.730000  24.740000  24.740000       0
2022-11-04 15:00:00-04:00  24.730000  24.740000  24.590000  24.620001  24.620001       0
2022-11-04 15:30:00-04:00  24.620001  24.750000  24.590000  24.650000  24.650000       0
2022-11-04 16:00:00-04:00  24.549999  24.549999  24.549999  24.549999  24.549999       0