                                Open       High        Low      Close  Adj Close  Volume
Datetime                                                                                
2023-02-02 10:30:00-05:00  17.520000  17.629999  17.520000  17.590000  17.590000       0
2023-02-02 11:00:00-05:00  17.590000  17.760000  17.559999  17.629999  17.629999       0
2023-02-02 11:30:00-05:00  17.639999  17.809999  17.639999  17.799999  17.799999       0
2023-02-02 12:00:00-05:00  17.780001  17.799999  17.650000  17.750000  17.750000       0
2023-02-02 12:30:00-05:00  17.760000  17.930000  17.750000  17.920000  17.920000       0
2023-02-02 13:00:00-05:00  17.930000  18.240000  17.930000  18.230000  18.230000       0
2023-02-02 13:30:00-05:00  18.240000  18.629999  18.219999  18.629999  18.629999       0
2023-02-02 14:00:00-05:00  18.639999  18.959999  18.639999  18.959999  18.959999       0
2023-02-02 14:30:00-05:00  18.959999  19.240000  18.959999  19.190001  19.190001       0
2023-02-02 15:00:00-05:00  19.209999  19.250000  18.730000  18.740000  18.740000       0
2023-02-02 15:30:00-05:00  18.730000  18.799999  18.330000  18.350000  18.350000       0
2023-02-03 09:30:00-05:00  18.520000  18.600000  18.219999  18.459999  18.459999       0
2023-02-03 10:00:00-05:00  18.450001  18.490000  18.120001  18.219999  18.219999       0
2023-02-03 10:30:00-05:00  18.250000  18.620001  18.230000  18.549999  18.549999       0
2023-02-03 11:00:00-05:00  18.570000  18.570000  18.420000  18.440001  18.440001       0
2023-02-03 11:30:00-05:00  18.440001  18.639999  18.400000  18.620001  18.620001       0
2023-02-03 12:00:00-05:00  18.629999  18.639999  18.410000  18.410000  18.410000       0
2023-02-03 12:30:00-05:00  18.420000  18.700001  18.299999  18.700001  18.700001       0
2023-02-03 13:00:00-05:00  18.670000  18.969999  18.639999  18.860001  18.860001       0
2023-02-03 13:30:00-05:00  18.879999  19.299999  18.820000  18.930000  18.930000       0
2023-02-03 14:00:00-05:00  18.930000  18.980000  18.750000  18.799999  18.799999       0
2023-02-03 14:30:00-05:00  18.799999  18.950001  18.620001  18.719999  18.719999       0
2023-02-03 15:00:00-05:00  18.719999  18.930000  18.430000  18.510000  18.510000       0
2023-02-03 15:30:00-05:00  18.510000  18.690001  18.410000  18.430000  18.430000       0
2023-02-06 09:30:00-05:00  19.440001  19.540001  19.299999  19.320000  19.320000       0
2023-02-06 10:00:00-05:00  19.309999  19.610001  19.230000  19.590000  19.590000       0
2023-02-06 10:30:00-05:00  19.600000  19.740000  19.320000  19.320000  19.320000       0
2023-02-06 11:00:00-05:00  19.330000  19.469999  19.270000  19.320000  19.320000       0
2023-02-06 11:30:00-05:00  19.320000  19.520000  19.280001  19.520000  19.520000       0
2023-02-06 12:00:00-05:00  19.520000  19.590000  19.450001  19.549999  19.549999       0
2023-02-06 12:30:00-05:00  19.540001  19.540001  19.370001  19.530001  19.530001       0
2023-02-06 13:00:00-05:00  19.520000  19.670000  19.469999  19.540001  19.540001       0
2023-02-06 13:30:00-05:00  19.549999  19.680000  19.530001  19.590000  19.590000       0
2023-02-06 14:00:00-05:00  19.590000  19.590000  19.350000  19.440001  19.440001       0
2023-02-06 14:30:00-05:00  19.440001  19.480000  19.370001  19.400000  19.400000       0
2023-02-06 15:00:00-05:00  19.400000  19.610001  19.389999  19.540001  19.540001       0
2023-02-06 15:30:00-05:00  19.540001  19.590000  19.410000  19.430000  19.430000       0
2023-02-07 09:30:00-05:00  19.920000  19.990000  19.680000  19.709999  19.709999       0
2023-02-07 10:00:00-05:00  19.719999  19.809999  19.660000  19.809999  19.809999       0
2023-02-07 10:30:00-05:00  19.790001  19.809999  19.639999  19.760000  19.760000       0
2023-02-07 11:00:00-05:00  19.760000  19.760000  19.540001  19.610001  19.610001       0
2023-02-07 11:30:00-05:00  19.610001  19.610001  19.420000  19.530001  19.530001       0
2023-02-07 12:00:00-05:00  19.530001  19.590000  19.440001  19.580000  19.580000       0
2023-02-07 12:30:00-05:00  19.580000  19.610001  18.610001  18.740000  18.740000       0
2023-02-07 13:00:00-05:00  18.750000  19.320000  18.660000  19.290001  19.290001       0
2023-02-07 13:30:00-05:00  19.270000  19.860001  19.270000  19.520000  19.520000       0
2023-02-07 14:00:00-05:00  19.490000  19.490000  18.860001  18.910000  18.910000       0
2023-02-07 14:30:00-05:00  18.920000  18.940001  18.700001  18.700001  18.700001       0
2023-02-07 15:00:00-05:00  18.719999  18.850000  18.590000  18.590000  18.590000       0
2023-02-07 15:30:00-05:00  18.629999  18.690001  18.430000  18.540001  18.540001       0
2023-02-08 09:30:00-05:00  18.889999  18.920000  18.639999  18.730000  18.730000       0
2023-02-08 10:00:00-05:00  18.750000  18.830000  18.549999  18.719999  18.719999       0
2023-02-08 10:30:00-05:00  18.709999  18.980000  18.709999  18.920000  18.920000       0
2023-02-08 11:00:00-05:00  18.930000  19.690001  18.930000  19.590000  19.590000       0
2023-02-08 11:30:00-05:00  19.600000  20.120001  19.600000  19.760000  19.760000       0
2023-02-08 12:00:00-05:00  19.770000  19.980000  19.600000  19.670000  19.670000       0
2023-02-08 12:30:00-05:00  19.639999  19.930000  19.600000  19.610001  19.610001       0
2023-02-08 13:00:00-05:00  19.610001  19.730000  19.480000  19.730000  19.730000       0
2023-02-08 13:30:00-05:00  19.740000  20.020000  19.740000  19.940001  19.940001       0
2023-02-08 14:00:00-05:00  19.950001  20.049999  19.639999  19.820000  19.820000       0
2023-02-08 14:30:00-05:00  19.820000  19.959999  19.670000  19.670000  19.670000       0
2023-02-08 15:00:00-05:00  19.680000  20.000000  19.670000  19.709999  19.709999       0
2023-02-08 15:30:00-05:00  19.700001  19.740000  19.459999  19.570000  19.570000       0
2023-02-09 09:30:00-05:00  19.250000  19.320000  19.070000  19.209999  19.209999       0
2023-02-09 10:00:00-05:00  19.230000  19.350000  19.020000  19.309999  19.309999       0