                                Open       High        Low      Close  Adj Close  Volume
Datetime                                                                                
2023-03-01 10:30:00-05:00  20.530001  20.610001  20.520000  20.540001  20.540001       0
2023-03-01 11:00:00-05:00  20.559999  21.320000  20.559999  21.000000  21.000000       0
2023-03-01 11:30:00-05:00  21.030001  21.049999  20.650000  20.680000  20.680000       0
2023-03-01 12:00:00-05:00  20.680000  20.709999  20.410000  20.549999  20.549999       0
2023-03-01 12:30:00-05:00  20.549999  20.629999  20.469999  20.610001  20.610001       0
2023-03-01 13:00:00-05:00  20.629999  20.799999  20.629999  20.780001  20.780001       0
2023-03-01 13:30:00-05:00  20.780001  20.850000  20.719999  20.730000  20.730000       0
2023-03-01 14:00:00-05:00  20.740000  20.910000  20.700001  20.910000  20.910000       0
2023-03-01 14:30:00-05:00  20.930000  21.049999  20.830000  20.830000  20.830000       0
2023-03-01 15:00:00-05:00  20.860001  20.860001  20.639999  20.760000  20.760000       0
2023-03-01 15:30:00-05:00  20.760000  20.760000  20.540001  20.670000  20.670000       0
2023-03-02 09:30:00-05:00  21.020000  21.090000  20.680000  20.730000  20.730000       0
2023-03-02 10:00:00-05:00  20.740000  20.830000  20.580000  20.610001  20.610001       0
2023-03-02 10:30:00-05:00  20.600000  20.620001  20.420000  20.420000  20.420000       0
2023-03-02 11:00:00-05:00  20.430000  20.440001  20.260000  20.400000  20.400000       0
2023-03-02 11:30:00-05:00  20.410000  20.420000  20.320000  20.360001  20.360001       0
2023-03-02 12:00:00-05:00  20.350000  20.469999  20.330000  20.430000  20.430000       0
2023-03-02 12:30:00-05:00  20.440001  20.440001  20.330000  20.340000  20.340000       0
2023-03-02 13:00:00-05:00  20.330000  20.379999  20.240000  20.270000  20.270000       0
2023-03-02 13:30:00-05:00  20.270000  20.270000  19.900000  19.900000  19.900000       0
2023-03-02 14:00:00-05:00  19.889999  19.889999  19.740000  19.750000  19.750000       0
2023-03-02 14:30:00-05:00  19.760000  19.870001  19.750000  19.799999  19.799999       0
2023-03-02 15:00:00-05:00  19.820000  19.870001  19.760000  19.770000  19.770000       0
2023-03-02 15:30:00-05:00  19.780001  19.780001  19.680000  19.690001  19.690001       0
2023-03-03 09:30:00-05:00  19.420000  19.430000  19.170000  19.209999  19.209999       0
2023-03-03 10:00:00-05:00  19.110001  19.240000  18.959999  18.969999  18.969999       0
2023-03-03 10:30:00-05:00  18.959999  19.000000  18.889999  18.940001  18.940001       0
2023-03-03 11:00:00-05:00  18.950001  18.950001  18.780001  18.780001  18.780001       0
2023-03-03 11:30:00-05:00  18.790001  18.790001  18.610001  18.670000  18.670000       0
2023-03-03 12:00:00-05:00  18.680000  18.760000  18.680000  18.719999  18.719999       0
2023-03-03 12:30:00-05:00  18.709999  18.709999  18.610001  18.639999  18.639999       0
2023-03-03 13:00:00-05:00  18.629999  18.830000  18.629999  18.830000  18.830000       0
2023-03-03 13:30:00-05:00  18.830000  18.889999  18.780001  18.780001  18.780001       0
2023-03-03 14:00:00-05:00  18.780001  18.790001  18.690001  18.719999  18.719999       0
2023-03-03 14:30:00-05:00  18.719999  18.799999  18.650000  18.660000  18.660000       0
2023-03-03 15:00:00-05:00  18.629999  18.650000  18.559999  18.650000  18.650000       0
2023-03-03 15:30:00-05:00  18.650000  19.100000  18.160000  18.500000  18.500000       0
2023-03-06 09:30:00-05:00  18.889999  18.910000  18.670000  18.680000  18.680000       0
2023-03-06 10:00:00-05:00  18.639999  18.719999  18.600000  18.700001  18.700001       0
2023-03-06 10:30:00-05:00  18.700001  18.840000  18.670000  18.709999  18.709999       0
2023-03-06 11:00:00-05:00  18.719999  18.730000  18.620001  18.670000  18.670000       0
2023-03-06 11:30:00-05:00  18.660000  18.660000  18.490000  18.530001  18.530001       0
2023-03-06 12:00:00-05:00  18.530001  18.600000  18.490000  18.590000  18.590000       0
2023-03-06 12:30:00-05:00  18.590000  18.840000  18.590000  18.780001  18.780001       0
2023-03-06 13:00:00-05:00  18.780001  18.860001  18.750000  18.750000  18.750000       0
2023-03-06 13:30:00-05:00  18.770000  18.860001  18.750000  18.830000  18.830000       0
2023-03-06 14:00:00-05:00  18.820000  18.830000  18.700001  18.709999  18.709999       0
2023-03-06 14:30:00-05:00  18.709999  18.709999  18.639999  18.670000  18.670000       0
2023-03-06 15:00:00-05:00  18.660000  18.719999  18.610001  18.700001  18.700001       0
2023-03-06 15:30:00-05:00  18.700001  18.709999  18.639999  18.670000  18.670000       0
2023-03-07 09:30:00-05:00  18.840000  18.850000  18.620001  18.629999  18.629999       0
2023-03-07 10:00:00-05:00  18.629999  19.270000  18.629999  18.820000  18.820000       0
2023-03-07 10:30:00-05:00  18.809999  18.969999  18.510000  18.969999  18.969999       0
2023-03-07 11:00:00-05:00  18.980000  19.049999  18.910000  19.020000  19.020000       0
2023-03-07 11:30:00-05:00  19.020000  19.049999  18.870001  19.030001  19.030001       0
2023-03-07 12:00:00-05:00  19.030001  19.040001  18.700001  18.860001  18.860001       0
2023-03-07 12:30:00-05:00  18.860001  19.020000  18.850000  19.000000  19.000000       0
2023-03-07 13:00:00-05:00  19.030001  19.270000  19.030001  19.250000  19.250000       0
2023-03-07 13:30:00-05:00  19.240000  19.700001  19.180000  19.620001  19.620001       0
2023-03-07 14:00:00-05:00  19.620001  19.650000  19.500000  19.620001  19.620001       0
2023-03-07 14:30:00-05:00  19.620001  19.740000  19.600000  19.730000  19.730000       0
2023-03-07 15:00:00-05:00  19.730000  19.730000  19.370001  19.480000  19.480000       0
2023-03-07 15:30:00-05:00  19.469999  19.620001  19.320000  19.600000  19.600000       0
2023-03-08 09:30:00-05:00  19.750000  19.760000  19.620001  19.650000  19.650000       0
2023-03-08 10:00:00-05:00  19.600000  20.010000  19.530001  19.610001  19.610001       0