                                Open       High        Low      Close  Adj Close  Volume
Datetime                                                                                
2022-11-17 10:30:00-05:00  24.570000  24.700001  24.540001  24.690001  24.690001       0
2022-11-17 11:00:00-05:00  24.670000  24.780001  24.559999  24.590000  24.590000       0
2022-11-17 11:30:00-05:00  24.580000  24.600000  24.250000  24.250000  24.250000       0
2022-11-17 12:00:00-05:00  24.230000  24.250000  24.120001  24.170000  24.170000       0
2022-11-17 12:30:00-05:00  24.190001  24.190001  23.990000  24.000000  24.000000       0
2022-11-17 13:00:00-05:00  24.000000  24.059999  23.870001  23.940001  23.940001       0
2022-11-17 13:30:00-05:00  23.940001  24.020000  23.889999  23.959999  23.959999       0
2022-11-17 14:00:00-05:00  23.959999  24.150000  23.879999  24.049999  24.049999       0
2022-11-17 14:30:00-05:00  24.049999  24.129999  23.870001  23.889999  23.889999       0
2022-11-17 15:00:00-05:00  23.889999  24.160000  23.860001  24.139999  24.139999       0
2022-11-17 15:30:00-05:00  24.139999  24.160000  23.850000  23.889999  23.889999       0
2022-11-18 09:30:00-05:00  23.379999  23.620001  23.280001  23.600000  23.600000       0
2022-11-18 10:00:00-05:00  23.520000  23.840000  23.520000  23.610001  23.610001       0
2022-11-18 10:30:00-05:00  23.600000  23.750000  23.450001  23.719999  23.719999       0
2022-11-18 11:00:00-05:00  23.690001  23.770000  23.389999  23.430000  23.430000       0
2022-11-18 11:30:00-05:00  23.420000  23.610001  23.370001  23.549999  23.549999       0
2022-11-18 12:00:00-05:00  23.520000  23.709999  23.420000  23.559999  23.559999       0
2022-11-18 12:30:00-05:00  23.549999  23.730000  23.469999  23.620001  23.620001       0
2022-11-18 13:00:00-05:00  23.620001  23.639999  23.420000  23.420000  23.420000       0
2022-11-18 13:30:00-05:00  23.420000  23.580000  23.350000  23.459999  23.459999       0
2022-11-18 14:00:00-05:00  23.440001  23.459999  23.299999  23.379999  23.379999       0
2022-11-18 14:30:00-05:00  23.370001  23.450001  23.230000  23.230000  23.230000       0
2022-11-18 15:00:00-05:00  23.230000  23.230000  23.090000  23.090000  23.090000       0
2022-11-18 15:30:00-05:00  23.080000  23.200001  22.980000  23.059999  23.059999       0
2022-11-21 09:30:00-05:00  23.730000  23.730000  23.160000  23.160000  23.160000       0
2022-11-21 10:00:00-05:00  23.160000  23.389999  23.139999  23.309999  23.309999       0
2022-11-21 10:30:00-05:00  23.320000  23.370001  23.209999  23.230000  23.230000       0
2022-11-21 11:00:00-05:00  23.219999  23.240000  23.040001  23.110001  23.110001       0
2022-11-21 11:30:00-05:00  23.100000  23.280001  23.000000  23.129999  23.129999       0
2022-11-21 12:00:00-05:00  23.139999  23.150000  23.010000  23.070000  23.070000       0
2022-11-21 12:30:00-05:00  23.070000  23.070000  22.930000  23.010000  23.010000       0
2022-11-21 13:00:00-05:00  23.010000  23.010000  22.799999  22.870001  22.870001       0
2022-11-21 13:30:00-05:00  22.860001  22.870001  22.700001  22.709999  22.709999       0
2022-11-21 14:00:00-05:00  22.719999  22.719999  22.590000  22.670000  22.670000       0
2022-11-21 14:30:00-05:00  22.680000  22.700001  22.620001  22.680000  22.680000       0
2022-11-21 15:00:00-05:00  22.700001  22.700001  22.469999  22.530001  22.530001       0
2022-11-21 15:30:00-05:00  22.510000  22.540001  22.299999  22.420000  22.420000       0
2022-11-22 09:30:00-05:00  22.170000  22.280001  22.020000  22.020000  22.020000       0
2022-11-22 10:00:00-05:00  22.030001  22.049999  21.809999  21.940001  21.940001       0
2022-11-22 10:30:00-05:00  21.930000  21.990000  21.850000  21.910000  21.910000       0
2022-11-22 11:00:00-05:00  21.910000  22.020000  21.809999  21.820000  21.820000       0
2022-11-22 11:30:00-05:00  21.830000  21.870001  21.750000  21.770000  21.770000       0
2022-11-22 12:00:00-05:00  21.760000  21.809999  21.719999  21.790001  21.790001       0
2022-11-22 12:30:00-05:00  21.780001  21.790001  21.709999  21.740000  21.740000       0
2022-11-22 13:00:00-05:00  21.740000  21.760000  21.540001  21.540001  21.540001       0
2022-11-22 13:30:00-05:00  21.540001  21.559999  21.480000  21.510000  21.510000       0
2022-11-22 14:00:00-05:00  21.510000  21.570000  21.490000  21.500000  21.500000       0
2022-11-22 14:30:00-05:00  21.500000  21.510000  21.420000  21.490000  21.490000       0
2022-11-22 15:00:00-05:00  21.480000  21.520000  21.400000  21.430000  21.430000       0
2022-11-22 15:30:00-05:00  21.430000  21.440001  21.340000  21.350000  21.350000       0
2022-11-23 09:30:00-05:00  21.650000  21.690001  21.260000  21.450001  21.450001       0
2022-11-23 10:00:00-05:00  21.430000  21.480000  21.120001  21.120001  21.120001       0
2022-11-23 10:30:00-05:00  21.129999  21.129999  21.000000  21.070000  21.070000       0
2022-11-23 11:00:00-05:00  21.059999  21.059999  20.770000  20.830000  20.830000       0
2022-11-23 11:30:00-05:00  20.830000  21.379999  20.830000  21.219999  21.219999       0
2022-11-23 12:00:00-05:00  21.209999  21.309999  21.070000  21.080000  21.080000       0
2022-11-23 12:30:00-05:00  21.080000  21.549999  21.059999  21.440001  21.440001       0
2022-11-23 13:00:00-05:00  21.440001  21.490000  21.240000  21.240000  21.240000       0
2022-11-23 13:30:00-05:00  21.230000  21.230000  21.150000  21.190001  21.190001       0
2022-11-23 14:00:00-05:00  21.180000  21.309999  20.600000  20.680000  20.680000       0
2022-11-23 14:30:00-05:00  20.700001  20.840000  20.320000  20.809999  20.809999       0
2022-11-23 15:00:00-05:00  20.809999  20.840000  20.480000  20.549999  20.549999       0
2022-11-23 15:30:00-05:00  20.549999  20.580000  20.440001  20.510000  20.510000       0