                                Open       High        Low      Close  Adj Close  Volume
Datetime                                                                                
2022-10-11 10:30:00-04:00  33.200001  33.250000  33.070000  33.250000  33.250000       0
2022-10-11 11:00:00-04:00  33.250000  33.250000  32.720001  32.750000  32.750000       0
2022-10-11 11:30:00-04:00  32.750000  32.759998  32.459999  32.580002  32.580002       0
2022-10-11 12:00:00-04:00  32.580002  32.900002  32.580002  32.709999  32.709999       0
2022-10-11 12:30:00-04:00  32.709999  32.750000  32.599998  32.700001  32.700001       0
2022-10-11 13:00:00-04:00  32.689999  32.990002  32.689999  32.959999  32.959999       0
2022-10-11 13:30:00-04:00  32.939999  33.130001  32.900002  33.020000  33.020000       0
2022-10-11 14:00:00-04:00  33.009998  33.230000  32.959999  33.150002  33.150002       0
2022-10-11 14:30:00-04:00  33.119999  33.950001  32.950001  33.939999  33.939999       0
2022-10-11 15:00:00-04:00  33.959999  34.430000  33.740002  34.009998  34.009998       0
2022-10-11 15:30:00-04:00  33.980000  34.099998  33.490002  33.680000  33.680000       0
2022-10-12 09:30:00-04:00  34.310001  34.529999  33.759998  33.790001  33.790001       0
2022-10-12 10:00:00-04:00  33.810001  34.340000  33.730000  33.880001  33.880001       0
2022-10-12 10:30:00-04:00  33.869999  34.029999  33.700001  33.820000  33.820000       0
2022-10-12 11:00:00-04:00  33.820000  33.840000  33.419998  33.509998  33.509998       0
2022-10-12 11:30:00-04:00  33.509998  33.610001  33.230000  33.259998  33.259998       0
2022-10-12 12:00:00-04:00  33.259998  33.570000  33.220001  33.570000  33.570000       0
2022-10-12 12:30:00-04:00  33.560001  33.759998  33.549999  33.619999  33.619999       0
2022-10-12 13:00:00-04:00  33.619999  33.810001  33.560001  33.740002  33.740002       0
2022-10-12 13:30:00-04:00  33.689999  34.029999  33.689999  33.939999  33.939999       0
2022-10-12 14:00:00-04:00  33.959999  34.070000  33.509998  33.549999  33.549999       0
2022-10-12 14:30:00-04:00  33.540001  33.849998  33.459999  33.790001  33.790001       0
2022-10-12 15:00:00-04:00  33.790001  33.810001  33.450001  33.490002  33.490002       0
2022-10-12 15:30:00-04:00  33.500000  33.820000  33.360001  33.689999  33.689999       0
2022-10-13 09:30:00-04:00  33.509998  33.869999  32.919998  33.029999  33.029999       0
2022-10-13 10:00:00-04:00  32.980000  33.349998  32.439999  33.330002  33.330002       0
2022-10-13 10:30:00-04:00  33.330002  33.369999  32.630001  32.740002  32.740002       0
2022-10-13 11:00:00-04:00  32.740002  32.799999  31.920000  32.060001  32.060001       0
2022-10-13 11:30:00-04:00  32.009998  32.299999  31.719999  32.099998  32.099998       0
2022-10-13 12:00:00-04:00  32.099998  32.099998  31.770000  31.889999  31.889999       0
2022-10-13 12:30:00-04:00  31.900000  32.080002  31.790001  31.870001  31.870001       0
2022-10-13 13:00:00-04:00  31.879999  31.889999  31.629999  31.799999  31.799999       0
2022-10-13 13:30:00-04:00  31.799999  32.209999  31.790001  32.119999  32.119999       0
2022-10-13 14:00:00-04:00  32.119999  32.480000  32.020000  32.299999  32.299999       0
2022-10-13 14:30:00-04:00  32.290001  32.419998  32.259998  32.279999  32.279999       0
2022-10-13 15:00:00-04:00  32.299999  32.430000  32.250000  32.410000  32.410000       0
2022-10-13 15:30:00-04:00  32.419998  32.549999  32.119999  32.130001  32.130001       0
2022-10-14 09:30:00-04:00  31.469999  31.780001  31.139999  31.650000  31.650000       0
2022-10-14 10:00:00-04:00  31.830000  32.919998  31.780001  32.430000  32.430000       0
2022-10-14 10:30:00-04:00  32.490002  32.910000  32.360001  32.389999  32.389999       0
2022-10-14 11:00:00-04:00  32.380001  32.639999  32.080002  32.250000  32.250000       0
2022-10-14 11:30:00-04:00  32.299999  32.869999  32.299999  32.599998  32.599998       0
2022-10-14 12:00:00-04:00  32.639999  32.930000  32.439999  32.759998  32.759998       0
2022-10-14 12:30:00-04:00  32.570000  32.700001  32.250000  32.630001  32.630001       0
2022-10-14 13:00:00-04:00  32.619999  32.759998  32.400002  32.619999  32.619999       0
2022-10-14 13:30:00-04:00  32.610001  32.610001  32.139999  32.139999  32.139999       0
2022-10-14 14:00:00-04:00  32.099998  32.720001  32.099998  32.599998  32.599998       0
2022-10-14 14:30:00-04:00  32.540001  32.860001  32.509998  32.590000  32.590000       0
2022-10-14 15:00:00-04:00  32.590000  32.799999  32.360001  32.360001  32.360001       0
2022-10-14 15:30:00-04:00  32.369999  32.439999  31.980000  32.139999  32.139999       0
2022-10-17 09:30:00-04:00  31.430000  31.610001  31.219999  31.490000  31.490000       0
2022-10-17 10:00:00-04:00  31.490000  31.540001  30.990000  31.150000  31.150000       0
2022-10-17 10:30:00-04:00  31.110001  31.389999  30.900000  31.309999  31.309999       0
2022-10-17 11:00:00-04:00  31.299999  31.410000  30.990000  30.990000  30.990000       0
2022-10-17 11:30:00-04:00  30.969999  30.980000  30.700001  30.900000  30.900000       0
2022-10-17 12:00:00-04:00  30.900000  31.000000  30.760000  30.889999  30.889999       0
2022-10-17 12:30:00-04:00  30.879999  31.129999  30.760000  30.930000  30.930000       0
2022-10-17 13:00:00-04:00  30.950001  31.049999  30.820000  30.879999  30.879999       0
2022-10-17 13:30:00-04:00  30.870001  30.910000  30.719999  30.910000  30.910000       0
2022-10-17 14:00:00-04:00  30.910000  31.100000  30.840000  31.010000  31.010000       0
2022-10-17 14:30:00-04:00  31.000000  31.070000  30.870001  31.070000  31.070000       0
2022-10-17 15:00:00-04:00  31.090000  31.250000  31.020000  31.090000  31.090000       0
2022-10-17 15:30:00-04:00  31.080000  31.299999  31.080000  31.230000  31.230000       0
2022-10-18 09:30:00-04:00  30.730000  31.190001  30.629999  31.030001  31.030001       0
2022-10-18 10:00:00-04:00  30.980000  31.030001  30.620001  31.030001  31.030001       0