                                Open       High        Low      Close  Adj Close  Volume
Datetime                                                                                
2022-10-19 10:30:00-04:00  30.990000  31.110001  30.930000  31.070000  31.070000       0
2022-10-19 11:00:00-04:00  31.080000  31.190001  30.920000  31.010000  31.010000       0
2022-10-19 11:30:00-04:00  31.030001  31.110001  30.850000  30.910000  30.910000       0
2022-10-19 12:00:00-04:00  30.920000  31.320000  30.910000  31.320000  31.320000       0
2022-10-19 12:30:00-04:00  31.309999  31.580000  31.040001  31.540001  31.540001       0
2022-10-19 13:00:00-04:00  31.530001  31.900000  31.350000  31.540001  31.540001       0
2022-10-19 13:30:00-04:00  31.559999  31.670000  31.420000  31.420000  31.420000       0
2022-10-19 14:00:00-04:00  31.340000  31.420000  31.090000  31.160000  31.160000       0
2022-10-19 14:30:00-04:00  31.180000  31.299999  31.110001  31.129999  31.129999       0
2022-10-19 15:00:00-04:00  31.129999  31.200001  30.840000  30.990000  30.990000       0
2022-10-19 15:30:00-04:00  30.980000  31.129999  30.940001  30.940001  30.940001       0
2022-10-20 09:30:00-04:00  30.809999  30.889999  30.320000  30.340000  30.340000       0
2022-10-20 10:00:00-04:00  30.590000  30.590000  29.980000  30.040001  30.040001       0
2022-10-20 10:30:00-04:00  30.059999  30.280001  30.059999  30.150000  30.150000       0
2022-10-20 11:00:00-04:00  30.139999  30.219999  29.990000  30.090000  30.090000       0
2022-10-20 11:30:00-04:00  30.080000  30.080000  29.760000  29.920000  29.920000       0
2022-10-20 12:00:00-04:00  29.930000  30.320000  29.930000  30.200001  30.200001       0
2022-10-20 12:30:00-04:00  30.209999  30.450001  30.120001  30.219999  30.219999       0
2022-10-20 13:00:00-04:00  30.200001  30.650000  30.200001  30.400000  30.400000       0
2022-10-20 13:30:00-04:00  30.430000  30.860001  30.430000  30.719999  30.719999       0
2022-10-20 14:00:00-04:00  30.680000  30.980000  30.660000  30.889999  30.889999       0
2022-10-20 14:30:00-04:00  30.900000  30.920000  30.430000  30.500000  30.500000       0
2022-10-20 15:00:00-04:00  30.520000  30.520000  30.160000  30.309999  30.309999       0
2022-10-20 15:30:00-04:00  30.309999  30.459999  30.100000  30.209999  30.209999       0
2022-10-21 09:30:00-04:00  30.129999  30.190001  29.379999  29.379999  29.379999       0
2022-10-21 10:00:00-04:00  29.370001  29.690001  29.309999  29.690001  29.690001       0
2022-10-21 10:30:00-04:00  29.700001  30.000000  29.620001  29.900000  29.900000       0
2022-10-21 11:00:00-04:00  29.900000  30.129999  29.559999  29.590000  29.590000       0
2022-10-21 11:30:00-04:00  29.580000  29.660000  29.240000  29.320000  29.320000       0
2022-10-21 12:00:00-04:00  29.320000  29.620001  29.290001  29.590000  29.590000       0
2022-10-21 12:30:00-04:00  29.570000  29.730000  29.520000  29.730000  29.730000       0
2022-10-21 13:00:00-04:00  29.740000  30.000000  29.730000  29.830000  29.830000       0
2022-10-21 13:30:00-04:00  29.820000  29.830000  29.750000  29.809999  29.809999       0
2022-10-21 14:00:00-04:00  29.809999  29.950001  29.790001  29.889999  29.889999       0
2022-10-21 14:30:00-04:00  29.879999  29.959999  29.840000  29.889999  29.889999       0
2022-10-21 15:00:00-04:00  29.889999  30.090000  29.889999  30.090000  30.090000       0
2022-10-21 15:30:00-04:00  30.100000  30.110001  29.950001  29.950001  29.950001       0
2022-10-24 09:30:00-04:00  30.309999  30.549999  30.070000  30.340000  30.340000       0
2022-10-24 10:00:00-04:00  30.309999  30.830000  30.309999  30.590000  30.590000       0
2022-10-24 10:30:00-04:00  30.570000  30.639999  30.299999  30.459999  30.459999       0
2022-10-24 11:00:00-04:00  30.350000  30.490000  30.270000  30.290001  30.290001       0
2022-10-24 11:30:00-04:00  30.299999  30.530001  30.250000  30.530001  30.530001       0
2022-10-24 12:00:00-04:00  30.530001  30.670000  30.459999  30.540001  30.540001       0
2022-10-24 12:30:00-04:00  30.549999  30.580000  30.340000  30.350000  30.350000       0
2022-10-24 13:00:00-04:00  30.360001  30.420000  30.230000  30.370001  30.370001       0
2022-10-24 13:30:00-04:00  30.370001  30.480000  30.160000  30.209999  30.209999       0
2022-10-24 14:00:00-04:00  30.200001  30.219999  30.120001  30.120001  30.120001       0
2022-10-24 14:30:00-04:00  30.129999  30.260000  30.070000  30.260000  30.260000       0
2022-10-24 15:00:00-04:00  30.299999  30.400000  30.160000  30.200001  30.200001       0
2022-10-24 15:30:00-04:00  30.219999  30.219999  29.780001  29.809999  29.809999       0
2022-10-25 09:30:00-04:00  29.680000  29.770000  29.360001  29.480000  29.480000       0
2022-10-25 10:00:00-04:00  29.379999  29.660000  29.209999  29.490000  29.490000       0
2022-10-25 10:30:00-04:00  29.490000  29.490000  29.180000  29.180000  29.180000       0
2022-10-25 11:00:00-04:00  29.180000  29.250000  29.070000  29.070000  29.070000       0
2022-10-25 11:30:00-04:00  29.070000  29.070000  28.799999  28.850000  28.850000       0
2022-10-25 12:00:00-04:00  28.850000  28.870001  28.709999  28.790001  28.790001       0
2022-10-25 12:30:00-04:00  28.790001  28.860001  28.719999  28.750000  28.750000       0
2022-10-25 13:00:00-04:00  28.719999  28.780001  28.580000  28.639999  28.639999       0
2022-10-25 13:30:00-04:00  28.639999  28.790001  28.549999  28.559999  28.559999       0
2022-10-25 14:00:00-04:00  28.559999  28.629999  28.490000  28.590000  28.590000       0
2022-10-25 14:30:00-04:00  28.590000  28.600000  28.459999  28.510000  28.510000       0
2022-10-25 15:00:00-04:00  28.510000  28.520000  28.389999  28.510000  28.510000       0
2022-10-25 15:30:00-04:00  28.520000  28.570000  28.219999  28.330000  28.330000       0
2022-10-26 09:30:00-04:00  28.250000  28.260000  27.719999  27.990000  27.990000       0
2022-10-26 10:00:00-04:00  27.980000  27.990000  27.490000  27.549999  27.549999       0