                                Open       High        Low      Close  Adj Close  Volume
Datetime                                                                                
2023-01-20 10:30:00-05:00  19.580000  19.610001  19.559999  19.590000  19.590000       0
2023-01-20 11:00:00-05:00  19.590000  19.590000  19.440001  19.540001  19.540001       0
2023-01-20 11:30:00-05:00  19.549999  19.600000  19.410000  19.480000  19.480000       0
2023-01-20 12:00:00-05:00  19.480000  19.559999  19.430000  19.540001  19.540001       0
2023-01-20 12:30:00-05:00  19.540001  19.559999  19.510000  19.549999  19.549999       0
2023-01-20 13:00:00-05:00  19.559999  19.740000  19.500000  19.730000  19.730000       0
2023-01-20 13:30:00-05:00  19.730000  19.730000  19.570000  19.660000  19.660000       0
2023-01-20 14:00:00-05:00  19.670000  19.840000  19.639999  19.830000  19.830000       0
2023-01-20 14:30:00-05:00  19.830000  19.930000  19.750000  19.799999  19.799999       0
2023-01-20 15:00:00-05:00  19.799999  19.860001  19.700001  19.719999  19.719999       0
2023-01-20 15:30:00-05:00  19.730000  19.770000  19.629999  19.770000  19.770000       0
2023-01-23 09:30:00-05:00  20.180000  20.230000  19.830000  19.860001  19.860001       0
2023-01-23 10:00:00-05:00  19.850000  19.950001  19.700001  19.760000  19.760000       0
2023-01-23 10:30:00-05:00  19.760000  19.850000  19.730000  19.850000  19.850000       0
2023-01-23 11:00:00-05:00  19.850000  19.910000  19.629999  19.639999  19.639999       0
2023-01-23 11:30:00-05:00  19.650000  19.660000  19.590000  19.620001  19.620001       0
2023-01-23 12:00:00-05:00  19.620001  19.709999  19.590000  19.639999  19.639999       0
2023-01-23 12:30:00-05:00  19.639999  19.660000  19.559999  19.570000  19.570000       0
2023-01-23 13:00:00-05:00  19.580000  19.670000  19.549999  19.660000  19.660000       0
2023-01-23 13:30:00-05:00  19.650000  19.750000  19.650000  19.719999  19.719999       0
2023-01-23 14:00:00-05:00  19.719999  20.040001  19.719999  20.010000  20.010000       0
2023-01-23 14:30:00-05:00  20.030001  20.250000  19.959999  20.139999  20.139999       0
2023-01-23 15:00:00-05:00  20.120001  20.160000  19.840000  19.870001  19.870001       0
2023-01-23 15:30:00-05:00  19.860001  19.889999  19.709999  19.719999  19.719999       0
2023-01-24 09:30:00-05:00  20.200001  20.280001  19.879999  20.209999  20.209999       0
2023-01-24 10:00:00-05:00  20.209999  20.469999  19.969999  19.969999  19.969999       0
2023-01-24 10:30:00-05:00  19.959999  20.020000  19.590000  19.639999  19.639999       0
2023-01-24 11:00:00-05:00  19.629999  19.750000  19.600000  19.610001  19.610001       0
2023-01-24 11:30:00-05:00  19.610001  19.830000  19.610001  19.750000  19.750000       0
2023-01-24 12:00:00-05:00  19.750000  19.889999  19.650000  19.670000  19.670000       0
2023-01-24 12:30:00-05:00  19.670000  19.700001  19.559999  19.600000  19.600000       0
2023-01-24 13:00:00-05:00  19.590000  19.670000  19.340000  19.340000  19.340000       0
2023-01-24 13:30:00-05:00  19.309999  19.320000  19.080000  19.110001  19.110001       0
2023-01-24 14:00:00-05:00  19.120001  19.299999  18.920000  18.920000  18.920000       0
2023-01-24 14:30:00-05:00  18.920000  19.049999  18.910000  19.020000  19.020000       0
2023-01-24 15:00:00-05:00  19.030001  19.270000  19.020000  19.230000  19.230000       0
2023-01-24 15:30:00-05:00  19.230000  19.540001  19.230000  19.379999  19.379999       0
2023-01-25 09:30:00-05:00  20.170000  20.549999  19.980000  20.549999  20.549999       0
2023-01-25 10:00:00-05:00  20.549999  20.690001  20.350000  20.629999  20.629999       0
2023-01-25 10:30:00-05:00  20.629999  20.900000  20.370001  20.370001  20.370001       0
2023-01-25 11:00:00-05:00  20.400000  20.480000  20.020000  20.030001  20.030001       0
2023-01-25 11:30:00-05:00  20.030001  20.040001  19.709999  19.809999  19.809999       0
2023-01-25 12:00:00-05:00  19.820000  20.010000  19.770000  19.959999  19.959999       0
2023-01-25 12:30:00-05:00  19.969999  19.969999  19.799999  19.809999  19.809999       0
2023-01-25 13:00:00-05:00  19.820000  19.830000  19.440001  19.440001  19.440001       0
2023-01-25 13:30:00-05:00  19.469999  19.469999  19.180000  19.240000  19.240000       0
2023-01-25 14:00:00-05:00  19.250000  19.299999  19.120001  19.170000  19.170000       0
2023-01-25 14:30:00-05:00  19.170000  19.379999  19.170000  19.230000  19.230000       0
2023-01-25 15:00:00-05:00  19.250000  19.270000  19.150000  19.209999  19.209999       0
2023-01-25 15:30:00-05:00  19.209999  19.240000  19.090000  19.090000  19.090000       0
2023-01-26 09:30:00-05:00  19.020000  19.360001  19.000000  19.299999  19.299999       0
2023-01-26 10:00:00-05:00  19.270000  19.350000  19.100000  19.180000  19.180000       0
2023-01-26 10:30:00-05:00  19.170000  19.480000  19.110001  19.379999  19.379999       0
2023-01-26 11:00:00-05:00  19.360001  19.440001  19.170000  19.209999  19.209999       0
2023-01-26 11:30:00-05:00  19.200001  19.240000  18.930000  18.959999  18.959999       0
2023-01-26 12:00:00-05:00  18.959999  19.110001  18.900000  19.100000  19.100000       0
2023-01-26 12:30:00-05:00  19.090000  19.160000  19.030001  19.150000  19.150000       0
2023-01-26 13:00:00-05:00  19.150000  19.299999  19.070000  19.200001  19.200001       0
2023-01-26 13:30:00-05:00  19.180000  19.180000  18.860001  18.870001  18.870001       0
2023-01-26 14:00:00-05:00  18.870001  18.910000  18.770000  18.840000  18.840000       0
2023-01-26 14:30:00-05:00  18.830000  18.840000  18.700001  18.770000  18.770000       0
2023-01-26 15:00:00-05:00  18.780001  18.790001  18.670000  18.709999  18.709999       0
2023-01-26 15:30:00-05:00  18.709999  18.809999  18.690001  18.740000  18.740000       0
2023-01-27 09:30:00-05:00  18.750000  18.750000  18.370001  18.379999  18.379999       0
2023-01-27 10:00:00-05:00  18.379999  18.379999  18.150000  18.260000  18.260000       0