                                Open       High        Low      Close  Adj Close  Volume
Datetime                                                                                
2023-03-20 10:30:00-04:00  24.629999  24.799999  24.540001  24.549999  24.549999       0
2023-03-20 11:00:00-04:00  24.559999  24.730000  24.110001  24.160000  24.160000       0
2023-03-20 11:30:00-04:00  24.139999  24.600000  24.059999  24.549999  24.549999       0
2023-03-20 12:00:00-04:00  24.610001  25.490000  24.580000  25.080000  25.080000       0
2023-03-20 12:30:00-04:00  25.040001  25.040001  24.250000  24.370001  24.370001       0
2023-03-20 13:00:00-04:00  24.389999  24.590000  24.070000  24.580000  24.580000       0
2023-03-20 13:30:00-04:00  24.610001  24.770000  24.469999  24.610001  24.610001       0
2023-03-20 14:00:00-04:00  24.610001  24.879999  24.320000  24.379999  24.379999       0
2023-03-20 14:30:00-04:00  24.420000  24.820000  24.170000  24.440001  24.440001       0
2023-03-20 15:00:00-04:00  24.440001  24.600000  24.230000  24.260000  24.260000       0
2023-03-20 15:30:00-04:00  24.280001  24.350000  24.000000  24.139999  24.139999       0
2023-03-21 09:30:00-04:00  22.510000  22.620001  22.260000  22.280001  22.280001       0
2023-03-21 10:00:00-04:00  22.280001  22.520000  22.139999  22.280001  22.280001       0
2023-03-21 10:30:00-04:00  22.280001  22.360001  21.879999  22.090000  22.090000       0
2023-03-21 11:00:00-04:00  22.110001  22.110001  21.830000  21.920000  21.920000       0
2023-03-21 11:30:00-04:00  21.900000  22.540001  21.790001  22.299999  22.299999       0
2023-03-21 12:00:00-04:00  22.309999  22.389999  21.860001  21.860001  21.860001       0
2023-03-21 12:30:00-04:00  21.889999  22.020000  21.760000  21.920000  21.920000       0
2023-03-21 13:00:00-04:00  21.920000  21.980000  21.510000  21.530001  21.530001       0
2023-03-21 13:30:00-04:00  21.520000  21.889999  21.340000  21.889999  21.889999       0
2023-03-21 14:00:00-04:00  21.910000  21.969999  21.570000  21.600000  21.600000       0
2023-03-21 14:30:00-04:00  21.590000  21.610001  21.420000  21.600000  21.600000       0
2023-03-21 15:00:00-04:00  21.610001  21.620001  21.389999  21.450001  21.450001       0
2023-03-21 15:30:00-04:00  21.450001  21.670000  21.290001  21.620001  21.620001       0
2023-03-22 09:30:00-04:00  20.889999  20.940001  20.570000  20.570000  20.570000       0
2023-03-22 10:00:00-04:00  20.580000  20.740000  20.250000  20.330000  20.330000       0
2023-03-22 10:30:00-04:00  20.360001  20.480000  20.250000  20.430000  20.430000       0
2023-03-22 11:00:00-04:00  20.420000  20.830000  20.410000  20.709999  20.709999       0
2023-03-22 11:30:00-04:00  20.709999  20.830000  20.660000  20.790001  20.790001       0
2023-03-22 12:00:00-04:00  20.790001  21.170000  20.780001  21.010000  21.010000       0
2023-03-22 12:30:00-04:00  21.030001  21.270000  21.000000  21.270000  21.270000       0
2023-03-22 13:00:00-04:00  21.270000  21.570000  21.080000  21.080000  21.080000       0
2023-03-22 13:30:00-04:00  21.080000  21.200001  20.969999  21.040001  21.040001       0
2023-03-22 14:00:00-04:00  20.730000  21.190001  20.280001  20.700001  20.700001       0
2023-03-22 14:30:00-04:00  20.719999  21.280001  19.940001  20.700001  20.700001       0
2023-03-22 15:00:00-04:00  20.730000  21.879999  20.059999  20.370001  20.370001       0
2023-03-22 15:30:00-04:00  20.370001  22.230000  20.340000  22.230000  22.230000       0
2023-03-23 09:30:00-04:00  20.850000  20.950001  20.610001  20.709999  20.709999       0
2023-03-23 10:00:00-04:00  20.420000  20.760000  20.420000  20.610001  20.610001       0
2023-03-23 10:30:00-04:00  20.610001  20.719999  20.299999  20.299999  20.299999       0
2023-03-23 11:00:00-04:00  20.299999  20.490000  20.160000  20.459999  20.459999       0
2023-03-23 11:30:00-04:00  20.450001  20.510000  20.320000  20.450001  20.450001       0
2023-03-23 12:00:00-04:00  20.450001  20.879999  20.379999  20.809999  20.809999       0
2023-03-23 12:30:00-04:00  20.780001  21.420000  20.719999  21.219999  21.219999       0
2023-03-23 13:00:00-04:00  21.240000  22.320000  21.100000  22.010000  22.010000       0
2023-03-23 13:30:00-04:00  22.030001  22.290001  21.600000  22.290001  22.290001       0
2023-03-23 14:00:00-04:00  22.270000  23.480000  22.049999  23.480000  23.480000       0
2023-03-23 14:30:00-04:00  23.549999  24.910000  23.129999  23.469999  23.469999       0
2023-03-23 15:00:00-04:00  23.309999  24.350000  22.440001  23.719999  23.719999       0
2023-03-23 15:30:00-04:00  23.820000  24.059999  22.290001  22.610001  22.610001       0
2023-03-24 09:30:00-04:00  23.670000  25.030001  23.670000  24.090000  24.090000       0
2023-03-24 10:00:00-04:00  24.100000  24.469999  23.480000  23.530001  23.530001       0
2023-03-24 10:30:00-04:00  23.549999  24.080000  23.350000  23.809999  23.809999       0
2023-03-24 11:00:00-04:00  23.799999  24.520000  23.650000  23.969999  23.969999       0
2023-03-24 11:30:00-04:00  24.000000  24.170000  23.020000  23.070000  23.070000       0
2023-03-24 12:00:00-04:00  23.059999  23.730000  22.840000  23.620001  23.620001       0
2023-03-24 12:30:00-04:00  23.540001  23.540001  22.600000  22.760000  22.760000       0
2023-03-24 13:00:00-04:00  22.750000  23.129999  22.660000  22.730000  22.730000       0
2023-03-24 13:30:00-04:00  22.730000  22.790001  22.330000  22.530001  22.530001       0
2023-03-24 14:00:00-04:00  22.530001  22.530001  21.990000  22.270000  22.270000       0
2023-03-24 14:30:00-04:00  22.270000  22.309999  22.000000  22.150000  22.150000       0
2023-03-24 15:00:00-04:00  22.120001  22.389999  21.889999  21.969999  21.969999       0
2023-03-24 15:30:00-04:00  22.010000  22.260000  21.820000  21.820000  21.820000       0
2023-03-27 09:30:00-04:00  21.360001  21.469999  20.990000  21.250000  21.250000       0
2023-03-27 10:00:00-04:00  21.219999  21.520000  21.160000  21.400000  21.400000       0