                               Open      High       Low     Close  Adj Close  Volume
Datetime                                                                            
2023-03-07 10:30:00-05:00  12269.50  12272.50  12213.00  12214.00   12214.00    8475
2023-03-07 11:00:00-05:00  12221.50  12258.75  12213.50  12215.50   12215.50   39860
2023-03-07 11:30:00-05:00  12216.00  12263.75  12210.50  12223.50   12223.50   39668
2023-03-07 12:00:00-05:00  12223.75  12310.25  12218.25  12279.75   12279.75   48262
2023-03-07 12:30:00-05:00  12279.75  12295.50  12256.75  12259.75   12259.75   29343
2023-03-07 13:00:00-05:00  12259.75  12263.00  12219.25  12232.00   12232.00   31906
2023-03-07 13:30:00-05:00  12232.25  12244.25  12169.25  12183.50   12183.50   36373
2023-03-07 14:00:00-05:00  12184.25  12203.75  12171.00  12171.75   12171.75   24646
2023-03-07 14:30:00-05:00  12171.50  12179.75  12142.25  12146.25   12146.25   25856
2023-03-07 15:00:00-05:00  12146.50  12178.75  12143.50  12153.50   12153.50   28835
2023-03-07 15:30:00-05:00  12153.75  12186.75  12150.25  12169.25   12169.25   43754
2023-03-07 16:00:00-05:00  12169.00  12184.50  12166.00  12182.00   12182.00    9899
2023-03-07 16:30:00-05:00  12181.75  12186.25  12169.75  12175.50   12175.50    2537
2023-03-07 18:00:00-05:00  12170.00  12184.50  12170.00  12178.50   12178.50    1513
2023-03-07 18:30:00-05:00  12178.50  12182.50  12174.25  12176.25   12176.25     989
2023-03-07 19:00:00-05:00  12176.75  12181.00  12151.50  12167.25   12167.25    3510
2023-03-07 19:30:00-05:00  12168.25  12171.25  12160.25  12166.00   12166.00    2352
2023-03-07 20:00:00-05:00  12166.50  12181.25  12160.50  12175.50   12175.50    2438
2023-03-07 20:30:00-05:00  12175.50  12184.00  12167.25  12170.00   12170.00    2654
2023-03-07 21:00:00-05:00  12169.75  12176.50  12162.50  12165.75   12165.75    1853
2023-03-07 21:30:00-05:00  12165.00  12167.00  12138.75  12146.50   12146.50    4854
2023-03-07 22:00:00-05:00  12146.50  12157.50  12145.50  12147.25   12147.25    2421
2023-03-07 22:30:00-05:00  12147.25  12153.75  12143.50  12145.50   12145.50    1703
2023-03-07 23:00:00-05:00  12145.75  12155.50  12145.75  12153.50   12153.50    1379
2023-03-07 23:30:00-05:00  12154.00  12169.00  12152.25  12163.00   12163.00    2431
2023-03-08 00:00:00-05:00  12162.25  12173.25  12162.25  12168.00   12168.00    1729
2023-03-08 00:30:00-05:00  12168.25  12170.50  12156.75  12157.25   12157.25    1811
2023-03-08 01:00:00-05:00  12157.50  12164.00  12148.75  12153.25   12153.25    2193
2023-03-08 01:30:00-05:00  12153.25  12168.75  12151.75  12167.50   12167.50    1689
2023-03-08 02:00:00-05:00  12167.50  12171.00  12156.00  12163.75   12163.75    2290
2023-03-08 02:30:00-05:00  12163.75  12167.50  12153.25  12155.25   12155.25    1886
2023-03-08 03:00:00-05:00  12154.50  12185.75  12153.50  12176.75   12176.75    6896
2023-03-08 03:30:00-05:00  12177.75  12191.50  12176.25  12183.50   12183.50    4305
2023-03-08 04:00:00-05:00  12183.25  12194.50  12159.75  12171.25   12171.25    4665
2023-03-08 04:30:00-05:00  12171.75  12186.25  12169.25  12183.25   12183.25    2597
2023-03-08 05:00:00-05:00  12183.75  12186.25  12172.50  12177.50   12177.50    2029
2023-03-08 05:30:00-05:00  12178.25  12200.00  12177.25  12196.50   12196.50    3575
2023-03-08 06:00:00-05:00  12196.75  12217.25  12195.00  12207.25   12207.25    6026
2023-03-08 06:30:00-05:00  12207.50  12208.25  12189.50  12190.25   12190.25    3368
2023-03-08 07:00:00-05:00  12190.25  12197.00  12162.25  12172.25   12172.25    6300
2023-03-08 07:30:00-05:00  12173.25  12175.00  12151.75  12169.25   12169.25    5786
2023-03-08 08:00:00-05:00  12168.75  12193.50  12145.25  12177.00   12177.00   13965
2023-03-08 08:30:00-05:00  12177.75  12195.75  12168.00  12177.75   12177.75   10672
2023-03-08 09:00:00-05:00  12177.50  12192.00  12171.50  12185.00   12185.00    7887
2023-03-08 09:30:00-05:00  12185.25  12216.00  12155.00  12178.50   12178.50   54672
2023-03-08 10:00:00-05:00  12178.00  12207.25  12108.25  12187.25   12187.25   84975
2023-03-08 10:30:00-05:00  12187.75  12224.00  12172.50  12190.75   12190.75   45433
2023-03-08 11:00:00-05:00  12191.25  12233.25  12185.25  12200.25   12200.25   32529
2023-03-08 11:30:00-05:00  12200.75  12254.50  12163.75  12245.25   12245.25   45274
2023-03-08 12:00:00-05:00  12245.50  12252.50  12189.25  12192.50   12192.50   31456
2023-03-08 12:30:00-05:00  12192.75  12209.25  12161.00  12192.75   12192.75   29065
2023-03-08 13:00:00-05:00  12192.75  12200.50  12152.00  12156.25   12156.25   32858
2023-03-08 13:30:00-05:00  12156.75  12166.50  12142.00  12155.50   12155.50   26296
2023-03-08 14:00:00-05:00  12156.25  12198.50  12151.25  12196.00   12196.00   26118
2023-03-08 14:30:00-05:00  12195.50  12207.75  12176.50  12179.50   12179.50   21781
2023-03-08 15:00:00-05:00  12179.75  12188.25  12158.00  12170.00   12170.00   20220
2023-03-08 15:30:00-05:00  12169.50  12245.50  12167.75  12230.75   12230.75   47856
2023-03-08 16:00:00-05:00  12231.00  12233.50  12222.75  12232.00   12232.00   10501
2023-03-08 16:30:00-05:00  12232.00  12238.50  12229.50  12238.25   12238.25    3180
2023-03-08 18:00:00-05:00  12231.00  12236.75  12224.50  12228.50   12228.50    1223
2023-03-08 18:30:00-05:00  12229.00  12235.75  12223.25  12224.75   12224.75    1127
2023-03-08 19:00:00-05:00  12225.25  12226.75  12216.00  12219.25   12219.25    2134
2023-03-08 19:30:00-05:00  12219.75  12220.75  12185.50  12212.75   12212.75    5747
2023-03-08 20:00:00-05:00  12212.50  12219.25  12192.75  12198.00   12198.00    2756
2023-03-08 20:30:00-05:00  12198.00  12204.00  12183.00  12185.00   12185.00    2568
2023-03-08 21:00:00-05:00  12184.75  12198.50  12182.25  12197.50   12197.50    1670
2023-03-08 21:30:00-05:00  12197.00  12200.50  12186.75  12196.25   12196.25    1467
2023-03-08 22:00:00-05:00  12195.75  12200.75  12188.50  12198.25   12198.25    1334
2023-03-08 22:30:00-05:00  12198.25  12205.75  12195.50  12201.75   12201.75    1556
2023-03-08 23:00:00-05:00  12202.00  12204.75  12195.75  12202.50   12202.50    1455
2023-03-08 23:30:00-05:00  12202.50  12205.00  12196.00  12204.50   12204.50     784
2023-03-09 00:00:00-05:00  12204.00  12213.50  12204.00  12212.00   12212.00    1355
2023-03-09 00:30:00-05:00  12212.25  12218.50  12207.50  12212.00   12212.00    1370
2023-03-09 01:00:00-05:00  12212.25  12218.00  12207.50  12213.75   12213.75    1224
2023-03-09 01:30:00-05:00  12214.00  12214.75  12208.25  12209.25   12209.25    1096
2023-03-09 02:00:00-05:00  12209.50  12209.50  12188.75  12196.75   12196.75    3041
2023-03-09 02:30:00-05:00  12197.00  12199.00  12186.50  12194.00   12194.00    1681
2023-03-09 03:00:00-05:00  12194.25  12197.00  12164.75  12166.75   12166.75    6410
2023-03-09 03:30:00-05:00  12166.25  12186.00  12163.25  12178.25   12178.25    5262
2023-03-09 04:00:00-05:00  12178.00  12178.25  12152.75  12157.75   12157.75    5725
2023-03-09 04:30:00-05:00  12157.25  12168.00  12141.25  12147.75   12147.75    5915
2023-03-09 05:00:00-05:00  12147.25  12155.25  12136.25  12147.00   12147.00    4670
2023-03-09 05:30:00-05:00  12146.25  12160.75  12146.25  12157.50   12157.50    3302
2023-03-09 06:00:00-05:00  12157.50  12168.75  12154.75  12166.75   12166.75    3076
2023-03-09 06:30:00-05:00  12166.25  12177.00  12163.75  12175.25   12175.25    3506
2023-03-09 07:00:00-05:00  12175.75  12178.50  12154.75  12170.25   12170.25    4910
2023-03-09 07:30:00-05:00  12170.50  12174.00  12155.75  12166.50   12166.50    4467
2023-03-09 08:00:00-05:00  12165.75  12167.50  12151.75  12165.25   12165.25    5978
2023-03-09 08:30:00-05:00  12165.00  12258.25  12164.50  12254.50   12254.50   28953
2023-03-09 09:00:00-05:00  12254.75  12276.25  12244.00  12246.00   12246.00   17118
2023-03-09 09:30:00-05:00  12246.00  12339.25  12230.00  12326.75   12326.75   82332
2023-03-09 10:00:00-05:00  12326.75  12353.50  12282.50  12311.00   12311.00   66772
2023-03-09 10:30:00-05:00  12310.75  12347.00  12297.50  12301.50   12301.50   41952
2023-03-09 11:00:00-05:00  12301.75  12315.75  12280.75  12283.25   12283.25   35802
2023-03-09 11:30:00-05:00  12283.75  12313.00  12281.75  12285.25   12285.25   27300
2023-03-09 12:00:00-05:00  12285.50  12289.00  12241.75  12286.00   12286.00   41309
2023-03-09 12:30:00-05:00  12286.50  12291.25  12217.00  12232.75   12232.75   33409
2023-03-09 13:00:00-05:00  12233.25  12244.00  12158.25  12168.00   12168.00   41755
2023-03-09 13:30:00-05:00  12167.75  12167.75  12101.00  12115.00   12115.00   52774
2023-03-09 14:00:00-05:00  12115.50  12123.75  12081.25  12096.50   12096.50   44455
2023-03-09 14:30:00-05:00  12096.25  12119.00  12067.75  12073.50   12073.50   42625
2023-03-09 15:00:00-05:00  12073.75  12082.50  11977.50  11997.00   11997.00   69912
2023-03-09 15:30:00-05:00  11997.50  12053.75  11987.25  12006.25   12006.25   75917
2023-03-09 16:00:00-05:00  12006.50  12022.50  11990.50  11992.25   11992.25   17067
2023-03-09 16:30:00-05:00  11992.50  12012.00  11992.25  12009.25   12009.25    3038
2023-03-09 18:00:00-05:00  12005.00  12005.50  11955.75  11987.00   11987.00    3319
2023-03-09 18:30:00-05:00  11987.00  11991.25  11976.50  11986.25   11986.25    2156
2023-03-09 19:00:00-05:00  11985.75  11992.50  11960.00  11966.75   11966.75    3308
2023-03-09 19:30:00-05:00  11967.25  11984.25  11962.50  11964.50   11964.50    3030
2023-03-09 20:00:00-05:00  11964.25  11974.50  11943.00  11972.50   11972.50    4408
2023-03-09 20:30:00-05:00  11972.50  11984.75  11965.50  11966.50   11966.50    3363
2023-03-09 21:00:00-05:00  11966.50  11972.50  11926.00  11932.25   11932.25    4905
2023-03-09 21:30:00-05:00  11932.25  11971.75  11931.25  11959.50   11959.50    4452
2023-03-09 22:00:00-05:00  11959.25  11967.50  11948.00  11950.75   11950.75    2100
2023-03-09 22:30:00-05:00  11950.50  11960.75  11938.25  11942.00   11942.00    1954
2023-03-09 23:00:00-05:00  11942.25  11946.50  11928.50  11930.50   11930.50    2332
2023-03-09 23:30:00-05:00  11931.50  11940.75  11927.75  11937.00   11937.00    1871
2023-03-10 00:00:00-05:00  11937.25  11955.75  11937.25  11942.75   11942.75    2874
2023-03-10 00:30:00-05:00  11942.25  11959.00  11938.00  11951.00   11951.00    2223
2023-03-10 01:00:00-05:00  11950.75  11956.00  11936.25  11940.50   11940.50    1757
2023-03-10 01:30:00-05:00  11940.50  11944.75  11921.50  11941.75   11941.75    3007
2023-03-10 02:00:00-05:00  11942.00  12002.50  11937.25  11986.00   11986.00    7292
2023-03-10 02:30:00-05:00  11986.25  12001.25  11966.50  11972.75   11972.75    4321
2023-03-10 03:00:00-05:00  11973.00  11990.25  11943.75  11976.25   11976.25    7839
2023-03-10 03:30:00-05:00  11976.25  11988.50  11968.25  11973.25   11973.25    4944
2023-03-10 04:00:00-05:00  11972.00  12010.75  11967.25  12010.00   12010.00    6387
2023-03-10 04:30:00-05:00  12009.75  12023.00  11984.25  11999.75   11999.75    7085
2023-03-10 05:00:00-05:00  11998.75  12024.75  11993.50  12019.00   12019.00    5137
2023-03-10 05:30:00-05:00  12018.75  12020.00  11990.25  11994.50   11994.50    5014
2023-03-10 06:00:00-05:00  11994.00  12006.25  11980.25  12003.00   12003.00    4773
2023-03-10 06:30:00-05:00  12004.00  12054.50  12003.25  12024.50   12024.50    8922
2023-03-10 07:00:00-05:00  12024.50  12031.25  12010.00  12020.50   12020.50    4974
2023-03-10 07:30:00-05:00  12021.25  12026.00  11990.25  12009.25   12009.25    8939
2023-03-10 08:00:00-05:00  12009.50  12040.25  11987.50  12021.50   12021.50   11717
2023-03-10 08:30:00-05:00  12021.50  12109.00  11933.00  12069.50   12069.50   52643
2023-03-10 09:00:00-05:00  12069.50  12087.75  12001.75  12018.50   12018.50   27192
2023-03-10 09:30:00-05:00  12018.00  12027.50  11865.00  11909.25   11909.25   94858
2023-03-10 10:00:00-05:00  11909.75  11988.25  11899.50  11921.00   11921.00   69668
2023-03-10 10:30:00-05:00  11922.25  12019.00  11910.00  12012.75   12012.75   51005
2023-03-10 11:00:00-05:00  12013.50  12052.00  11968.50  12044.00   12044.00   41648
2023-03-10 11:30:00-05:00  12044.75  12079.50  11963.50  11972.75   11972.75   50211
2023-03-10 12:00:00-05:00  11972.75  11988.00  11921.50  11945.25   11945.25   33434
2023-03-10 12:30:00-05:00  11945.75  11989.25  11894.00  11899.75   11899.75   28458
2023-03-10 13:00:00-05:00  11899.75  11919.75  11838.25  11848.00   11848.00   31203
2023-03-10 13:30:00-05:00  11847.75  11853.00  11795.00  11809.25   11809.25   44146
2023-03-10 14:00:00-05:00  11809.25  11883.25  11806.25  11816.75   11816.75   50159
2023-03-10 14:30:00-05:00  11816.25  11910.00  11814.25  11880.25   11880.25   45891
2023-03-10 15:00:00-05:00  11880.00  11902.75  11836.75  11864.25   11864.25   38306
2023-03-10 15:30:00-05:00  11864.25  11868.25  11797.25  11840.75   11840.75   51178
2023-03-10 16:00:00-05:00  11840.75  11860.25  11828.75  11849.00   11849.00   11017
2023-03-10 16:30:00-05:00  11849.00  11898.75  11838.50  11892.50   11892.50    4094
2023-03-12 18:00:00-04:00  11894.75  12045.00  11850.00  11988.50   11988.50   12279
2023-03-12 18:30:00-04:00  11988.50  12034.75  11951.00  11952.50   11952.50    8703
2023-03-12 19:00:00-04:00  11952.50  12025.25  11935.50  12009.00   12009.00    6949
2023-03-12 19:30:00-04:00  12009.25  12023.25  11985.25  11990.50   11990.50    3979
2023-03-12 20:00:00-04:00  11990.00  12018.75  11987.00  12017.50   12017.50    4567
2023-03-12 20:30:00-04:00  12016.00  12022.00  11978.75  11985.25   11985.25    4317
2023-03-12 21:00:00-04:00  11986.50  11998.75  11950.00  11964.00   11964.00    4162
2023-03-12 21:30:00-04:00  11963.50  11994.75  11952.00  11977.00   11977.00    3134
2023-03-12 22:00:00-04:00  11977.25  12026.00  11970.00  12018.00   12018.00    3828
2023-03-12 22:30:00-04:00  12019.00  12052.25  12018.00  12050.50   12050.50    5119
2023-03-12 23:00:00-04:00  12050.75  12065.00  12042.25  12050.00   12050.00    2627
2023-03-12 23:30:00-04:00  12051.00  12075.50  12043.00  12053.75   12053.75    2057
2023-03-13 00:00:00-04:00  12050.50  12065.25  12046.75  12048.00   12048.00    1925
2023-03-13 00:30:00-04:00  12048.00  12049.00  12038.00  12047.50   12047.50    1414
2023-03-13 01:00:00-04:00  12048.50  12071.50  12042.25  12053.75   12053.75    2144
2023-03-13 01:30:00-04:00  12055.00  12073.50  12041.50  12067.00   12067.00    1987
2023-03-13 02:00:00-04:00  12065.50  12090.75  12061.25  12074.50   12074.50    2289
2023-03-13 02:30:00-04:00  12073.00  12095.75  12058.75  12076.25   12076.25    2484
2023-03-13 03:00:00-04:00  12077.00  12084.25  12025.00  12025.00   12025.00    4492
2023-03-13 03:30:00-04:00  12027.00  12045.75  12021.00  12035.25   12035.25    3103
2023-03-13 04:00:00-04:00  12035.25  12047.25  11996.25  11998.75   11998.75    8431
2023-03-13 04:30:00-04:00  11998.25  12004.50  11922.25  11928.50   11928.50    9851
2023-03-13 05:00:00-04:00  11928.00  11938.25  11866.25  11886.75   11886.75   12261
2023-03-13 05:30:00-04:00  11883.75  11955.00  11880.50  11900.00   11900.00   14112
2023-03-13 06:00:00-04:00  11897.25  11932.50  11870.00  11913.25   11913.25    6721
2023-03-13 06:30:00-04:00  11913.00  11990.50  11888.25  11966.75   11966.75    8293
2023-03-13 07:00:00-04:00  11966.50  12004.25  11930.00  11950.00   11950.00    9282
2023-03-13 07:30:00-04:00  11949.25  11965.50  11919.25  11935.75   11935.75    6918
2023-03-13 08:00:00-04:00  11935.75  11957.50  11867.75  11881.00   11881.00   13272
2023-03-13 08:30:00-04:00  11881.00  11893.00  11674.25  11782.75   11782.75   28554
2023-03-13 09:00:00-04:00  11782.75  11840.00  11742.75  11769.00   11769.00   21521
2023-03-13 09:30:00-04:00  11768.50  11921.50  11705.00  11886.25   11886.25   56883
2023-03-13 10:00:00-04:00  11887.75  11948.50  11846.00  11862.25   11862.25   40688
2023-03-13 10:30:00-04:00  11862.25  11959.00  11844.00  11947.25   11947.25   45521
2023-03-13 11:00:00-04:00  11948.75  12047.00  11933.25  12040.25   12040.25   40902
2023-03-13 11:30:00-04:00  12039.50  12061.75  11978.00  12035.50   12035.50   44125
2023-03-13 12:00:00-04:00  12035.75  12077.00  11984.50  12010.75   12010.75   40368
2023-03-13 12:30:00-04:00  12010.00  12050.00  11959.50  11975.75   11975.75   36304
2023-03-13 13:00:00-04:00  11976.25  12002.75  11929.50  11961.00   11961.00   25956
2023-03-13 13:30:00-04:00  11960.75  12018.50  11934.00  12007.50   12007.50   18939
2023-03-13 14:00:00-04:00  12007.25  12072.00  12005.75  12046.75   12046.75   23756
2023-03-13 14:30:00-04:00  12045.75  12086.00  12014.25  12047.75   12047.75   22423
2023-03-13 15:00:00-04:00  12046.75  12066.25  11949.75  11966.50   11966.50   21929
2023-03-13 15:30:00-04:00  11967.25  12031.00  11927.25  11930.50   11930.50   32447
2023-03-13 16:00:00-04:00  11930.00  11956.00  11922.50  11936.75   11936.75    6645
2023-03-13 16:30:00-04:00  11937.75  11958.25  11935.00  11950.75   11950.75    2387
2023-03-13 18:00:00-04:00  11960.00  11966.00  11930.25  11960.25   11960.25     866
2023-03-13 18:30:00-04:00  11959.75  11972.00  11948.75  11968.00   11968.00     559
2023-03-13 19:00:00-04:00  11968.75  11974.00  11941.25  11948.25   11948.25     968
2023-03-13 19:30:00-04:00  11947.25  11966.00  11944.50  11946.75   11946.75     849
2023-03-13 20:00:00-04:00  11948.75  11987.25  11935.75  11977.00   11977.00    2400
2023-03-13 20:30:00-04:00  11977.25  11991.25  11961.75  11968.00   11968.00    1592
2023-03-13 21:00:00-04:00  11967.25  11993.00  11964.00  11981.50   11981.50    1910
2023-03-13 21:30:00-04:00  11980.75  11988.00  11954.00  11976.00   11976.00    1745
2023-03-13 22:00:00-04:00  11975.25  12013.00  11974.75  12005.25   12005.25    2091
2023-03-13 22:30:00-04:00  12006.25  12007.50  11994.75  11999.25   11999.25    1160
2023-03-13 23:00:00-04:00  11999.00  12004.75  11983.50  11994.00   11994.00     991
2023-03-13 23:30:00-04:00  11995.00  12004.75  11987.25  11988.75   11988.75     548
2023-03-14 00:00:00-04:00  11990.50  12003.25  11990.50  12001.75   12001.75     279
2023-03-14 00:30:00-04:00  12000.75  12003.00  11983.00  11989.00   11989.00     522
2023-03-14 01:00:00-04:00  11990.00  12001.75  11960.50  11960.50   11960.50     858
2023-03-14 01:30:00-04:00  11960.25  11977.25  11957.00  11969.00   11969.00    1211
2023-03-14 02:00:00-04:00  11969.25  11978.75  11932.00  11954.25   11954.25    2828
2023-03-14 02:30:00-04:00  11952.75  11980.25  11942.50  11974.75   11974.75    1300
2023-03-14 03:00:00-04:00  11979.00  12001.50  11945.75  11960.00   11960.00    2961
2023-03-14 03:30:00-04:00  11958.00  11980.75  11950.00  11962.50   11962.50    2017
2023-03-14 04:00:00-04:00  11963.25  11996.50  11957.00  11994.25   11994.25    4982
2023-03-14 04:30:00-04:00  11991.75  12006.25  11981.75  11999.25   11999.25    5070
2023-03-14 05:00:00-04:00  11996.50  12000.25  11957.00  11974.50   11974.50    3670
2023-03-14 05:30:00-04:00  11974.75  11984.00  11960.00  11963.25   11963.25    2924
2023-03-14 06:00:00-04:00  11961.75  11980.00  11944.75  11978.75   11978.75    3820
2023-03-14 06:30:00-04:00  11979.00  11986.50  11955.75  11980.50   11980.50    2674
2023-03-14 07:00:00-04:00  11980.50  12017.75  11975.25  12005.25   12005.25    4482
2023-03-14 07:30:00-04:00  12004.50  12023.75  11996.25  12001.25   12001.25    5786
2023-03-14 08:00:00-04:00  12001.75  12044.00  11999.75  12040.00   12040.00    7448
2023-03-14 08:30:00-04:00  12025.00  12073.00  11921.75  12054.75   12054.75   23637
2023-03-14 09:00:00-04:00  12055.00  12084.25  12046.00  12074.50   12074.50   10543
2023-03-14 09:30:00-04:00  12076.00  12159.00  12070.50  12128.50   12128.50   45743
2023-03-14 10:00:00-04:00  12129.50  12177.75  12114.50  12174.50   12174.50   25886