                               Open      High       Low     Close  Adj Close  Volume
Datetime                                                                            
2022-10-16 18:00:00-04:00  10720.00  10799.00  10713.00  10794.25   10794.25    4316
2022-10-16 18:30:00-04:00  10793.50  10803.00  10787.00  10791.50   10791.50    2242
2022-10-16 19:00:00-04:00  10792.00  10796.00  10773.25  10779.75   10779.75    2136
2022-10-16 19:30:00-04:00  10779.25  10798.00  10773.75  10792.25   10792.25    3110
2022-10-16 20:00:00-04:00  10792.50  10799.00  10762.00  10770.50   10770.50    3750
2022-10-16 20:30:00-04:00  10770.75  10795.25  10767.25  10787.00   10787.00    3143
2022-10-16 21:00:00-04:00  10787.75  10800.00  10772.00  10794.00   10794.00    4556
2022-10-16 21:30:00-04:00  10793.50  10804.00  10782.00  10783.25   10783.25    2933
2022-10-16 22:00:00-04:00  10783.50  10794.50  10771.50  10780.75   10780.75    3137
2022-10-16 22:30:00-04:00  10781.00  10788.00  10774.25  10779.75   10779.75    1579
2022-10-16 23:00:00-04:00  10780.00  10792.00  10772.50  10790.00   10790.00    1668
2022-10-16 23:30:00-04:00  10787.00  10790.50  10782.50  10783.50   10783.50     961
2022-10-17 00:00:00-04:00  10784.50  10785.00  10776.25  10777.50   10777.50    3264
2022-10-17 00:30:00-04:00  10777.50  10792.00  10776.00  10789.25   10789.25    4603
2022-10-17 01:00:00-04:00  10788.00  10827.25  10786.75  10821.00   10821.00    5596
2022-10-17 01:30:00-04:00  10821.25  10850.25  10811.75  10840.00   10840.00    7254
2022-10-17 02:00:00-04:00  10839.00  10853.75  10828.50  10839.00   10839.00    6886
2022-10-17 02:30:00-04:00  10838.75  10848.25  10823.25  10837.25   10837.25    5178
2022-10-17 03:00:00-04:00  10836.75  10889.50  10810.50  10845.25   10845.25   11752
2022-10-17 03:30:00-04:00  10844.75  10901.50  10828.00  10880.25   10880.25    7082
2022-10-17 04:00:00-04:00  10881.25  10883.75  10841.00  10842.75   10842.75    5190
2022-10-17 04:30:00-04:00  10843.25  10872.00  10838.75  10863.50   10863.50    4606
2022-10-17 05:00:00-04:00  10862.75  10880.50  10856.00  10879.25   10879.25    3979
2022-10-17 05:30:00-04:00  10879.25  10887.75  10875.25  10882.75   10882.75    2656
2022-10-17 06:00:00-04:00  10881.75  10915.75  10876.00  10889.00   10889.00    5666
2022-10-17 06:30:00-04:00  10889.25  10908.75  10873.00  10903.75   10903.75    4685
2022-10-17 07:00:00-04:00  10904.50  10910.50  10878.00  10894.75   10894.75    4779
2022-10-17 07:30:00-04:00  10894.00  10905.50  10884.25  10901.50   10901.50    4155
2022-10-17 08:00:00-04:00  10900.50  10912.50  10875.50  10905.75   10905.75    9173
2022-10-17 08:30:00-04:00  10906.25  10950.25  10895.50  10944.25   10944.25   14466
2022-10-17 09:00:00-04:00  10944.50  11005.00  10944.25  11001.25   11001.25   22745
2022-10-17 09:30:00-04:00  11001.25  11116.75  10999.00  11073.50   11073.50   90930
2022-10-17 10:00:00-04:00  11074.25  11133.25  11058.50  11090.00   11090.00   54396
2022-10-17 10:30:00-04:00  11090.50  11109.50  11027.25  11047.00   11047.00   46181
2022-10-17 11:00:00-04:00  11047.00  11091.25  11022.50  11090.50   11090.50   32741
2022-10-17 11:30:00-04:00  11090.75  11138.00  11078.75  11114.75   11114.75   31931
2022-10-17 12:00:00-04:00  11114.75  11132.25  11081.50  11103.00   11103.00   24257
2022-10-17 12:30:00-04:00  11103.00  11123.50  11077.25  11095.00   11095.00   21642
2022-10-17 13:00:00-04:00  11095.50  11121.00  11077.25  11107.00   11107.00   17292
2022-10-17 13:30:00-04:00  11107.75  11137.25  11102.50  11128.00   11128.00   15672
2022-10-17 14:00:00-04:00  11128.50  11146.25  11097.25  11113.25   11113.25   21149
2022-10-17 14:30:00-04:00  11108.00  11134.25  11100.50  11113.00   11113.00   16123
2022-10-17 15:00:00-04:00  11103.25  11122.75  11088.25  11120.50   11120.50   23867
2022-10-17 15:30:00-04:00  11120.25  11136.75  11091.75  11111.25   11111.25   46310
2022-10-17 16:00:00-04:00  11111.00  11141.00  11103.50  11134.00   11134.00   14013
2022-10-17 16:30:00-04:00  11134.00  11146.25  11131.50  11134.00   11134.00    4246
2022-10-17 18:00:00-04:00  11161.25  11196.50  11160.00  11190.75   11190.75    3450
2022-10-17 18:30:00-04:00  11190.50  11191.50  11172.50  11185.75   11185.75    3124
2022-10-17 19:00:00-04:00  11185.75  11208.75  11183.00  11206.25   11206.25    2865
2022-10-17 19:30:00-04:00  11207.00  11218.75  11200.75  11211.25   11211.25    2984
2022-10-17 20:00:00-04:00  11211.00  11218.00  11198.00  11205.50   11205.50    2909
2022-10-17 20:30:00-04:00  11204.00  11208.00  11192.50  11205.25   11205.25    1926
2022-10-17 21:00:00-04:00  11205.00  11214.50  11191.50  11199.50   11199.50    2913
2022-10-17 21:30:00-04:00  11199.25  11202.00  11187.75  11194.50   11194.50    2309
2022-10-17 22:00:00-04:00  11195.00  11195.00  11182.75  11189.50   11189.50    2094
2022-10-17 22:30:00-04:00  11189.25  11191.00  11179.75  11188.00   11188.00    1442
2022-10-17 23:00:00-04:00  11188.25  11208.75  11187.50  11206.75   11206.75    1841
2022-10-17 23:30:00-04:00  11206.50  11316.00  11204.00  11297.50   11297.50   11570
2022-10-18 00:00:00-04:00  11297.50  11363.00  11297.50  11351.00   11351.00    9462
2022-10-18 00:30:00-04:00  11351.00  11360.00  11326.50  11332.00   11332.00    5048
2022-10-18 01:00:00-04:00  11331.50  11339.50  11312.00  11315.75   11315.75    3855
2022-10-18 01:30:00-04:00  11315.25  11326.75  11298.00  11306.50   11306.50    2998
2022-10-18 02:00:00-04:00  11305.50  11322.50  11287.25  11318.00   11318.00    4812
2022-10-18 02:30:00-04:00  11318.75  11352.50  11305.75  11311.25   11311.25    7749
2022-10-18 03:00:00-04:00  11310.75  11311.75  11263.75  11294.50   11294.50   10954
2022-10-18 03:30:00-04:00  11294.00  11337.50  11291.50  11330.00   11330.00    6755
2022-10-18 04:00:00-04:00  11330.75  11335.00  11304.00  11317.25   11317.25    7630
2022-10-18 04:30:00-04:00  11317.00  11324.75  11257.00  11259.50   11259.50    8180
2022-10-18 05:00:00-04:00  11259.25  11271.25  11237.75  11259.75   11259.75   10585
2022-10-18 05:30:00-04:00  11260.75  11293.25  11241.50  11291.25   11291.25    6989
2022-10-18 06:00:00-04:00  11290.75  11312.00  11280.00  11296.00   11296.00    7163
2022-10-18 06:30:00-04:00  11295.75  11330.25  11280.75  11288.25   11288.25    7603
2022-10-18 07:00:00-04:00  11288.25  11326.00  11284.00  11318.25   11318.25    7119
2022-10-18 07:30:00-04:00  11317.75  11356.25  11317.25  11340.25   11340.25   10731
2022-10-18 08:00:00-04:00  11340.75  11382.25  11336.00  11362.50   11362.50   12237
2022-10-18 08:30:00-04:00  11362.25  11398.50  11362.25  11390.75   11390.75   15175
2022-10-18 09:00:00-04:00  11391.75  11410.50  11357.25  11403.25   11403.25   19103
2022-10-18 09:30:00-04:00  11403.50  11431.75  11292.50  11307.25   11307.25   83864
2022-10-18 10:00:00-04:00  11307.25  11345.25  11258.50  11260.00   11260.00   51494
2022-10-18 10:30:00-04:00  11261.50  11282.00  11214.00  11244.25   11244.25   52430
2022-10-18 11:00:00-04:00  11244.00  11257.00  11109.50  11129.25   11129.25   66593
2022-10-18 11:30:00-04:00  11129.00  11160.75  11083.50  11157.00   11157.00   48044
2022-10-18 12:00:00-04:00  11157.25  11221.25  11129.50  11187.25   11187.25   39777
2022-10-18 12:30:00-04:00  11187.75  11247.25  11171.50  11193.75   11193.75   28253
2022-10-18 13:00:00-04:00  11194.25  11219.25  11147.25  11210.75   11210.75   32816
2022-10-18 13:30:00-04:00  11211.00  11254.75  11201.25  11241.75   11241.75   24107
2022-10-18 14:00:00-04:00  11242.00  11248.75  11211.00  11238.75   11238.75   21066
2022-10-18 14:30:00-04:00  11239.00  11239.25  11081.50  11139.25   11139.25   49532
2022-10-18 15:00:00-04:00  11136.75  11157.25  11098.25  11152.25   11152.25   29139
2022-10-18 15:30:00-04:00  11152.75  11217.50  11146.00  11203.00   11203.00   50520
2022-10-18 16:00:00-04:00  11203.25  11326.75  11156.75  11318.25   11318.25   38565
2022-10-18 16:30:00-04:00  11318.75  11338.50  11314.25  11322.75   11322.75    5063
2022-10-18 18:00:00-04:00  11320.25  11339.00  11306.75  11314.50   11314.50    2143
2022-10-18 18:30:00-04:00  11314.25  11334.00  11310.75  11331.00   11331.00    1519
2022-10-18 19:00:00-04:00  11331.75  11382.75  11329.75  11362.75   11362.75    4272
2022-10-18 19:30:00-04:00  11363.00  11373.50  11338.50  11344.50   11344.50    3930
2022-10-18 20:00:00-04:00  11343.00  11360.00  11316.25  11336.50   11336.50    4715
2022-10-18 20:30:00-04:00  11337.25  11359.75  11326.00  11349.00   11349.00    3315
2022-10-18 21:00:00-04:00  11350.00  11352.50  11339.00  11344.00   11344.00    2368
2022-10-18 21:30:00-04:00  11344.00  11377.50  11341.00  11362.75   11362.75    3563
2022-10-18 22:00:00-04:00  11362.75  11364.50  11344.00  11351.75   11351.75    2467
2022-10-18 22:30:00-04:00  11350.50  11352.50  11325.50  11338.75   11338.75    2617
2022-10-18 23:00:00-04:00  11338.75  11343.25  11320.25  11330.75   11330.75    2173
2022-10-18 23:30:00-04:00  11331.00  11343.00  11328.50  11331.50   11331.50    1405
2022-10-19 00:00:00-04:00  11332.00  11334.00  11315.50  11319.00   11319.00    2607
2022-10-19 00:30:00-04:00  11319.25  11322.25  11310.75  11314.75   11314.75    1558
2022-10-19 01:00:00-04:00  11315.75  11323.75  11292.50  11298.00   11298.00    2943
2022-10-19 01:30:00-04:00  11298.00  11305.75  11277.75  11289.00   11289.00    3902
2022-10-19 02:00:00-04:00  11288.75  11298.50  11258.75  11268.50   11268.50    6466
2022-10-19 02:30:00-04:00  11268.50  11276.25  11236.25  11244.75   11244.75    5905
2022-10-19 03:00:00-04:00  11245.50  11260.75  11223.50  11231.00   11231.00   10705
2022-10-19 03:30:00-04:00  11231.25  11259.50  11219.00  11253.50   11253.50    7805
2022-10-19 04:00:00-04:00  11253.00  11253.75  11174.00  11186.75   11186.75    9754
2022-10-19 04:30:00-04:00  11185.75  11217.25  11184.00  11212.25   11212.25    6152
2022-10-19 05:00:00-04:00  11211.25  11248.00  11207.00  11231.75   11231.75    6985
2022-10-19 05:30:00-04:00  11232.75  11290.25  11232.50  11290.00   11290.00    7047
2022-10-19 06:00:00-04:00  11289.75  11292.25  11241.25  11241.50   11241.50    7496
2022-10-19 06:30:00-04:00  11242.50  11252.75  11192.75  11216.25   11216.25    8413
2022-10-19 07:00:00-04:00  11216.50  11237.00  11137.75  11141.50   11141.50   13373
2022-10-19 07:30:00-04:00  11141.00  11171.25  11127.50  11169.50   11169.50   11207
2022-10-19 08:00:00-04:00  11169.00  11174.00  11110.50  11145.50   11145.50   15092
2022-10-19 08:30:00-04:00  11144.50  11147.50  11104.75  11130.50   11130.50   18589
2022-10-19 09:00:00-04:00  11130.75  11140.75  11106.50  11129.25   11129.25   13138
2022-10-19 09:30:00-04:00  11129.75  11213.25  11110.00  11137.25   11137.25   83791
2022-10-19 10:00:00-04:00  11137.00  11283.00  11120.75  11273.00   11273.00   63263
2022-10-19 10:30:00-04:00  11273.75  11284.50  11177.25  11187.50   11187.50   50131
2022-10-19 11:00:00-04:00  11188.00  11233.75  11172.75  11185.00   11185.00   34997
2022-10-19 11:30:00-04:00  11177.25  11226.50  11157.50  11202.50   11202.50   32665
2022-10-19 12:00:00-04:00  11202.75  11208.25  11143.00  11151.00   11151.00   26715
2022-10-19 12:30:00-04:00  11151.00  11181.50  11109.25  11120.50   11120.50   30016
2022-10-19 13:00:00-04:00  11121.00  11128.25  11049.00  11087.50   11087.50   42996
2022-10-19 13:30:00-04:00  11087.50  11101.75  11066.75  11098.75   11098.75   22278
2022-10-19 14:00:00-04:00  11098.75  11153.75  11084.25  11143.25   11143.25   26974
2022-10-19 14:30:00-04:00  11142.75  11149.00  11099.00  11103.00   11103.00   20658
2022-10-19 15:00:00-04:00  11103.25  11153.50  11086.00  11116.25   11116.25   27832
2022-10-19 15:30:00-04:00  11116.25  11157.00  11103.50  11155.00   11155.00   35445
2022-10-19 16:00:00-04:00  11154.50  11212.75  11109.25  11143.75   11143.75   33991
2022-10-19 16:30:00-04:00  11143.25  11169.75  11141.00  11151.00   11151.00    4117
2022-10-19 18:00:00-04:00  11134.00  11145.75  11120.75  11140.75   11140.75    1681
2022-10-19 18:30:00-04:00  11140.50  11143.00  11090.25  11098.25   11098.25    2599
2022-10-19 19:00:00-04:00  11099.00  11103.50  11076.00  11078.25   11078.25    3167
2022-10-19 19:30:00-04:00  11077.75  11092.25  11073.50  11088.50   11088.50    2243
2022-10-19 20:00:00-04:00  11087.75  11114.75  11077.50  11095.50   11095.50    3703
2022-10-19 20:30:00-04:00  11094.25  11110.00  11037.00  11058.25   11058.25    5881
2022-10-19 21:00:00-04:00  11057.75  11058.00  11013.00  11027.00   11027.00    5709
2022-10-19 21:30:00-04:00  11027.00  11041.75  11008.00  11030.50   11030.50    4004
2022-10-19 22:00:00-04:00  11031.50  11040.75  11022.00  11039.00   11039.00    2442
2022-10-19 22:30:00-04:00  11038.00  11056.50  11035.75  11052.75   11052.75    2825
2022-10-19 23:00:00-04:00  11052.00  11059.75  11033.75  11038.50   11038.50    2059
2022-10-19 23:30:00-04:00  11038.50  11039.00  11016.00  11034.75   11034.75    3512
2022-10-20 00:00:00-04:00  11029.75  11102.75  11017.50  11076.75   11076.75    6702
2022-10-20 00:30:00-04:00  11076.00  11084.75  11052.75  11081.25   11081.25    3735
2022-10-20 01:00:00-04:00  11080.75  11155.25  11061.50  11119.25   11119.25    8648
2022-10-20 01:30:00-04:00  11120.00  11125.50  11092.50  11099.25   11099.25    4157
2022-10-20 02:00:00-04:00  11099.75  11108.25  11068.50  11075.75   11075.75    4489
2022-10-20 02:30:00-04:00  11076.25  11093.75  11055.00  11088.75   11088.75    4046
2022-10-20 03:00:00-04:00  11089.50  11099.75  11045.00  11058.75   11058.75   10604
2022-10-20 03:30:00-04:00  11057.75  11057.75  11029.00  11041.25   11041.25    7777
2022-10-20 04:00:00-04:00  11041.50  11066.00  11030.25  11048.25   11048.25    6115
2022-10-20 04:30:00-04:00  11047.25  11074.75  11042.00  11054.75   11054.75    4974
2022-10-20 05:00:00-04:00  11054.25  11079.25  11050.25  11066.25   11066.25    4389
2022-10-20 05:30:00-04:00  11067.00  11104.75  11066.25  11085.25   11085.25    5332
2022-10-20 06:00:00-04:00  11085.00  11099.50  11071.50  11092.50   11092.50    3467
2022-10-20 06:30:00-04:00  11092.50  11178.75  11091.50  11159.00   11159.00   10752
2022-10-20 07:00:00-04:00  11159.50  11188.25  11148.75  11152.25   11152.25    9590
2022-10-20 07:30:00-04:00  11151.50  11161.50  11124.00  11159.25   11159.25    8619
2022-10-20 08:00:00-04:00  11159.00  11205.50  11143.00  11188.50   11188.50   12052
2022-10-20 08:30:00-04:00  11188.75  11219.00  11082.75  11083.25   11083.25   32571
2022-10-20 09:00:00-04:00  11083.75  11129.75  11082.75  11110.25   11110.25   16101
2022-10-20 09:30:00-04:00  11110.50  11229.50  11091.00  11202.00   11202.00   73289
2022-10-20 10:00:00-04:00  11202.25  11328.50  11193.25  11311.75   11311.75   62786
2022-10-20 10:30:00-04:00  11312.00  11322.75  11262.00  11318.00   11318.00   37302
2022-10-20 11:00:00-04:00  11318.75  11325.75  11246.25  11264.50   11264.50   34629
2022-10-20 11:30:00-04:00  11265.00  11312.25  11263.00  11270.75   11270.75   26214
2022-10-20 12:00:00-04:00  11271.50  11275.25  11177.75  11190.00   11190.00   38370
2022-10-20 12:30:00-04:00  11189.75  11202.75  11144.75  11175.50   11175.50   30639
2022-10-20 13:00:00-04:00  11175.50  11183.00  11116.25  11146.00   11146.00   33740
2022-10-20 13:30:00-04:00  11146.25  11149.00  11074.00  11096.25   11096.25   34688
2022-10-20 14:00:00-04:00  11095.75  11101.25  11050.50  11057.75   11057.75   29554
2022-10-20 14:30:00-04:00  11057.25  11103.00  11041.25  11083.75   11083.75   29354
2022-10-20 15:00:00-04:00  11084.25  11118.50  11069.25  11082.25   11082.25   27720
2022-10-20 15:30:00-04:00  11082.75  11118.00  11056.50  11087.50   11087.50   38457
2022-10-20 16:00:00-04:00  11087.50  11126.75  11050.00  11062.00   11062.00   25436
2022-10-20 16:30:00-04:00  11061.25  11075.00  11050.25  11059.50   11059.50    5606
2022-10-20 17:00:00-04:00  11059.75  11059.75  11059.75  11059.75   11059.75       1
2022-10-20 18:00:00-04:00  11061.25  11063.50  11031.50  11034.00   11034.00    2610
2022-10-20 18:30:00-04:00  11034.00  11037.25  11011.00  11018.00   11018.00    2478
2022-10-20 19:00:00-04:00  11017.75  11023.50  10995.75  11001.25   11001.25    3612
2022-10-20 19:30:00-04:00  11001.00  11021.50  10996.50  11020.00   11020.00    2454
2022-10-20 20:00:00-04:00  11021.00  11022.25  10982.50  11000.00   11000.00    3644
2022-10-20 20:30:00-04:00  10999.75  11038.00  10989.00  11027.50   11027.50    3707
2022-10-20 21:00:00-04:00  11027.75  11038.00  11011.00  11026.75   11026.75    2894
2022-10-20 21:30:00-04:00  11027.00  11035.00  11017.50  11018.50   11018.50    2155
2022-10-20 22:00:00-04:00  11019.25  11047.75  11015.50  11039.50   11039.50    2438
2022-10-20 22:30:00-04:00  11040.50  11053.75  11039.25  11048.50   11048.50    2899
2022-10-20 23:00:00-04:00  11047.50  11062.25  11046.00  11055.25   11055.25    2661
2022-10-20 23:30:00-04:00  11054.75  11055.00  11018.75  11024.50   11024.50    2826
2022-10-21 00:00:00-04:00  11025.25  11030.00  11010.00  11023.75   11023.75    2434
2022-10-21 00:30:00-04:00  11024.00  11025.25  11006.00  11020.25   11020.25    1942
2022-10-21 01:00:00-04:00  11020.00  11024.00  11003.25  11007.50   11007.50    2403
2022-10-21 01:30:00-04:00  11007.25  11025.50  11005.00  11017.25   11017.25    2953
2022-10-21 02:00:00-04:00  11016.25  11041.25  11006.00  11019.50   11019.50    3664
2022-10-21 02:30:00-04:00  11018.50  11052.25  11013.25  11038.75   11038.75    3773
2022-10-21 03:00:00-04:00  11039.25  11086.25  11005.25  11068.25   11068.25    9507
2022-10-21 03:30:00-04:00  11067.50  11073.25  11016.00  11017.75   11017.75    6056
2022-10-21 04:00:00-04:00  11016.25  11022.25  10990.00  10998.75   10998.75   10001
2022-10-21 04:30:00-04:00  10999.25  10999.50  10976.00  10987.75   10987.75    7470
2022-10-21 05:00:00-04:00  10987.75  10999.75  10966.75  10990.50   10990.50    7254
2022-10-21 05:30:00-04:00  10990.50  11007.75  10976.00  11001.25   11001.25    5572
2022-10-21 06:00:00-04:00  11000.00  11008.50  10981.50  10989.00   10989.00    4191
2022-10-21 06:30:00-04:00  10989.25  11008.75  10977.75  11002.75   11002.75    4926
2022-10-21 07:00:00-04:00  11001.75  11027.25  10987.25  11018.00   11018.00    5710
2022-10-21 07:30:00-04:00  11017.50  11028.00  10981.25  10982.75   10982.75    7036
2022-10-21 08:00:00-04:00  10982.00  10988.75  10938.50  10949.25   10949.25   15318
2022-10-21 08:30:00-04:00  10949.00  10993.50  10935.50  10982.00   10982.00   16577
2022-10-21 09:00:00-04:00  10981.00  11101.75  10980.50  11044.50   11044.50   57370
2022-10-21 09:30:00-04:00  11044.00  11155.50  10995.25  11155.25   11155.25  102192
2022-10-21 10:00:00-04:00  11155.50  11225.25  11106.75  11108.75   11108.75   70117
2022-10-21 10:30:00-04:00  11109.50  11156.00  11078.75  11089.50   11089.50   59464
2022-10-21 11:00:00-04:00  11090.00  11131.25  11051.00  11120.25   11120.25   49265
2022-10-21 11:30:00-04:00  11121.00  11213.75  11116.50  11212.25   11212.25   48649
2022-10-21 12:00:00-04:00  11212.50  11248.25  11181.00  11186.50   11186.50   49216
2022-10-21 12:30:00-04:00  11186.00  11258.25  11179.75  11232.50   11232.50   33826
2022-10-21 13:00:00-04:00  11232.75  11259.25  11222.75  11240.75   11240.75   27554
2022-10-21 13:30:00-04:00  11240.50  11292.00  11235.25  11291.50   11291.50   27504
2022-10-21 14:00:00-04:00  11291.75  11320.25  11273.50  11295.50   11295.50   30468
2022-10-21 14:30:00-04:00  11295.50  11311.50  11278.25  11300.00   11300.00   22494
2022-10-21 15:00:00-04:00  11307.25  11363.25  11294.50  11362.25   11362.25   28880
2022-10-21 15:30:00-04:00  11362.25  11374.25  11346.50  11353.75   11353.75   50880
2022-10-21 16:00:00-04:00  11353.75  11378.25  11348.50  11375.75   11375.75   14051
2022-10-21 16:30:00-04:00  11375.50  11386.25  11373.25  11378.00   11378.00    4027