                               Open      High       Low     Close  Adj Close  Volume
Datetime                                                                            
2022-10-21 11:00:00-04:00  11083.75  11131.25  11058.25  11120.25   11120.25   22991
2022-10-21 11:30:00-04:00  11121.00  11213.75  11116.50  11212.25   11212.25   48649
2022-10-21 12:00:00-04:00  11212.50  11248.25  11181.00  11186.50   11186.50   49216
2022-10-21 12:30:00-04:00  11186.00  11258.25  11179.75  11232.50   11232.50   33826
2022-10-21 13:00:00-04:00  11232.75  11259.25  11222.75  11240.75   11240.75   27554
2022-10-21 13:30:00-04:00  11240.50  11292.00  11235.25  11291.50   11291.50   27504
2022-10-21 14:00:00-04:00  11291.75  11320.25  11273.50  11295.50   11295.50   30468
2022-10-21 14:30:00-04:00  11295.50  11311.50  11278.25  11300.00   11300.00   22494
2022-10-21 15:00:00-04:00  11307.25  11363.25  11294.50  11362.25   11362.25   28880
2022-10-21 15:30:00-04:00  11362.25  11374.25  11346.50  11353.75   11353.75   50880
2022-10-21 16:00:00-04:00  11353.75  11378.25  11348.50  11375.75   11375.75   14051
2022-10-21 16:30:00-04:00  11375.50  11386.25  11373.25  11378.00   11378.00    4027
2022-10-23 18:00:00-04:00  11393.75  11530.25  11388.00  11488.75   11488.75   11202
2022-10-23 18:30:00-04:00  11489.25  11494.50  11466.50  11477.75   11477.75    4057
2022-10-23 19:00:00-04:00  11477.00  11490.00  11458.75  11463.00   11463.00    3613
2022-10-23 19:30:00-04:00  11463.50  11498.50  11451.50  11451.75   11451.75    6007
2022-10-23 20:00:00-04:00  11451.75  11467.50  11436.75  11465.25   11465.25    5148
2022-10-23 20:30:00-04:00  11466.50  11475.00  11433.00  11445.25   11445.25    4364
2022-10-23 21:00:00-04:00  11445.50  11449.50  11406.25  11418.75   11418.75    5589
2022-10-23 21:30:00-04:00  11417.75  11444.75  11408.00  11417.50   11417.50    4229
2022-10-23 22:00:00-04:00  11418.50  11419.00  11393.25  11409.25   11409.25    4730
2022-10-23 22:30:00-04:00  11409.25  11419.75  11399.00  11407.25   11407.25    2713
2022-10-23 23:00:00-04:00  11408.00  11415.00  11363.00  11376.00   11376.00    4230
2022-10-23 23:30:00-04:00  11376.00  11382.00  11365.50  11373.00   11373.00    2494
2022-10-24 00:00:00-04:00  11376.75  11390.25  11365.00  11385.75   11385.75    3039
2022-10-24 00:30:00-04:00  11385.50  11435.75  11384.75  11418.50   11418.50    4730
2022-10-24 01:00:00-04:00  11417.50  11423.50  11372.00  11381.00   11381.00    4041
2022-10-24 01:30:00-04:00  11380.25  11391.25  11358.50  11372.50   11372.50    3829
2022-10-24 02:00:00-04:00  11371.75  11404.50  11360.50  11399.50   11399.50    5456
2022-10-24 02:30:00-04:00  11399.50  11412.50  11363.75  11375.25   11375.25    5081
2022-10-24 03:00:00-04:00  11375.50  11418.00  11299.25  11315.75   11315.75   16499
2022-10-24 03:30:00-04:00  11314.50  11347.00  11302.75  11328.25   11328.25    8766
2022-10-24 04:00:00-04:00  11328.75  11337.00  11263.75  11272.00   11272.00   13226
2022-10-24 04:30:00-04:00  11270.75  11313.50  11260.75  11298.50   11298.50    8359
2022-10-24 05:00:00-04:00  11297.75  11309.25  11275.00  11279.75   11279.75    4871
2022-10-24 05:30:00-04:00  11279.75  11357.00  11274.50  11350.50   11350.50    7990
2022-10-24 06:00:00-04:00  11350.75  11379.50  11324.50  11358.00   11358.00    9153
2022-10-24 06:30:00-04:00  11358.50  11389.75  11339.25  11384.50   11384.50    7611
2022-10-24 07:00:00-04:00  11384.75  11407.25  11360.75  11400.25   11400.25    8561
2022-10-24 07:30:00-04:00  11400.75  11450.25  11394.00  11413.25   11413.25   12707
2022-10-24 08:00:00-04:00  11412.75  11426.50  11366.25  11379.25   11379.25   12857
2022-10-24 08:30:00-04:00  11378.50  11416.25  11354.50  11404.75   11404.75   14635
2022-10-24 09:00:00-04:00  11404.25  11405.50  11357.00  11359.00   11359.00   17285
2022-10-24 09:30:00-04:00  11359.50  11426.00  11300.50  11362.25   11362.25   87014
2022-10-24 10:00:00-04:00  11363.00  11364.00  11208.00  11250.25   11250.25   62944
2022-10-24 10:30:00-04:00  11250.75  11359.00  11235.75  11355.00   11355.00   51040
2022-10-24 11:00:00-04:00  11354.25  11379.75  11320.50  11370.50   11370.50   34979
2022-10-24 11:30:00-04:00  11370.50  11420.50  11344.75  11417.75   11417.75   33325
2022-10-24 12:00:00-04:00  11418.50  11454.75  11393.00  11429.25   11429.25   28844
2022-10-24 12:30:00-04:00  11429.00  11448.75  11406.25  11428.75   11428.75   23244
2022-10-24 13:00:00-04:00  11428.25  11431.00  11385.50  11393.75   11393.75   21304
2022-10-24 13:30:00-04:00  11393.75  11415.00  11373.50  11395.25   11395.25   20925
2022-10-24 14:00:00-04:00  11395.50  11439.75  11391.00  11430.75   11430.75   16911
2022-10-24 14:30:00-04:00  11430.75  11481.25  11429.00  11479.00   11479.00   21568
2022-10-24 15:00:00-04:00  11478.75  11515.75  11473.75  11501.75   11501.75   27854
2022-10-24 15:30:00-04:00  11502.00  11507.25  11454.75  11480.50   11480.50   35364
2022-10-24 16:00:00-04:00  11480.25  11487.00  11469.00  11473.00   11473.00    9824
2022-10-24 16:30:00-04:00  11473.50  11474.25  11453.75  11459.25   11459.25    3395
2022-10-24 18:00:00-04:00  11453.75  11472.75  11453.50  11467.75   11467.75    1171
2022-10-24 18:30:00-04:00  11467.75  11485.00  11463.50  11484.25   11484.25    1863
2022-10-24 19:00:00-04:00  11484.00  11492.50  11479.00  11483.50   11483.50    2232
2022-10-24 19:30:00-04:00  11483.50  11486.25  11468.25  11475.50   11475.50    1763
2022-10-24 20:00:00-04:00  11475.50  11497.00  11451.50  11487.75   11487.75    3718
2022-10-24 20:30:00-04:00  11487.50  11503.75  11484.00  11490.50   11490.50    2407
2022-10-24 21:00:00-04:00  11490.00  11494.75  11431.25  11451.00   11451.00    5184
2022-10-24 21:30:00-04:00  11452.00  11463.75  11430.25  11454.75   11454.75    4651
2022-10-24 22:00:00-04:00  11452.25  11457.00  11437.75  11452.25   11452.25    2470
2022-10-24 22:30:00-04:00  11451.75  11461.25  11439.25  11460.50   11460.50    1930
2022-10-24 23:00:00-04:00  11460.75  11496.50  11455.50  11491.50   11491.50    3314
2022-10-24 23:30:00-04:00  11491.75  11495.25  11479.25  11479.75   11479.75    2012
2022-10-25 00:00:00-04:00  11482.25  11495.25  11479.50  11490.00   11490.00    1590
2022-10-25 00:30:00-04:00  11490.00  11493.75  11481.25  11485.75   11485.75     831
2022-10-25 01:00:00-04:00  11485.75  11491.00  11463.00  11471.25   11471.25    2384
2022-10-25 01:30:00-04:00  11472.00  11480.25  11465.00  11478.50   11478.50    1699
2022-10-25 02:00:00-04:00  11477.25  11509.50  11476.75  11508.50   11508.50    4587
2022-10-25 02:30:00-04:00  11508.00  11513.75  11484.00  11493.25   11493.25    3548
2022-10-25 03:00:00-04:00  11494.50  11512.50  11474.75  11474.75   11474.75    8943
2022-10-25 03:30:00-04:00  11475.75  11495.50  11471.00  11493.50   11493.50    5708
2022-10-25 04:00:00-04:00  11493.00  11508.75  11481.50  11487.25   11487.25    6700
2022-10-25 04:30:00-04:00  11486.50  11503.75  11468.25  11472.75   11472.75    4206
2022-10-25 05:00:00-04:00  11472.75  11473.00  11457.00  11460.50   11460.50    3619
2022-10-25 05:30:00-04:00  11461.50  11464.25  11440.25  11452.75   11452.75    4737
2022-10-25 06:00:00-04:00  11453.75  11466.00  11440.00  11460.00   11460.00    4245
2022-10-25 06:30:00-04:00  11459.75  11482.00  11454.50  11480.25   11480.25    4507
2022-10-25 07:00:00-04:00  11480.50  11492.50  11462.50  11490.50   11490.50    4715
2022-10-25 07:30:00-04:00  11490.00  11493.75  11463.25  11466.00   11466.00    4744
2022-10-25 08:00:00-04:00  11466.25  11475.75  11446.75  11469.50   11469.50    9495
2022-10-25 08:30:00-04:00  11469.00  11480.75  11449.00  11477.75   11477.75    8749
2022-10-25 09:00:00-04:00  11477.50  11527.25  11477.25  11514.75   11514.75   20170
2022-10-25 09:30:00-04:00  11515.00  11664.75  11515.00  11650.00   11650.00   89103
2022-10-25 10:00:00-04:00  11649.75  11662.75  11617.00  11649.75   11649.75   52578
2022-10-25 10:30:00-04:00  11649.75  11650.50  11606.00  11629.25   11629.25   40145
2022-10-25 11:00:00-04:00  11629.75  11679.25  11621.75  11675.25   11675.25   37619
2022-10-25 11:30:00-04:00  11675.25  11697.00  11665.75  11684.00   11684.00   28824
2022-10-25 12:00:00-04:00  11684.25  11706.00  11671.75  11692.00   11692.00   25111
2022-10-25 12:30:00-04:00  11692.25  11695.75  11648.00  11654.00   11654.00   22786
2022-10-25 13:00:00-04:00  11654.50  11669.00  11615.25  11644.25   11644.25   32296
2022-10-25 13:30:00-04:00  11645.00  11666.50  11629.25  11647.75   11647.75   20715
2022-10-25 14:00:00-04:00  11647.75  11687.75  11644.00  11684.75   11684.75   22210
2022-10-25 14:30:00-04:00  11685.00  11700.75  11670.50  11671.00   11671.00   20739
2022-10-25 15:00:00-04:00  11671.25  11714.25  11670.75  11713.00   11713.00   25388
2022-10-25 15:30:00-04:00  11713.00  11725.75  11694.50  11713.25   11713.25   43516
2022-10-25 16:00:00-04:00  11713.00  11734.00  11539.75  11569.50   11569.50   45987
2022-10-25 16:30:00-04:00  11568.75  11593.00  11558.25  11585.75   11585.75    6063
2022-10-25 17:00:00-04:00  11585.75  11585.75  11585.75  11585.75   11585.75       1
2022-10-25 18:00:00-04:00  11510.00  11525.25  11471.00  11506.00   11506.00    8457
2022-10-25 18:30:00-04:00  11505.25  11510.50  11473.50  11474.00   11474.00    4782
2022-10-25 19:00:00-04:00  11473.75  11477.25  11451.25  11457.00   11457.00    5880
2022-10-25 19:30:00-04:00  11457.50  11478.75  11453.75  11468.75   11468.75    2884
2022-10-25 20:00:00-04:00  11469.50  11476.50  11455.75  11469.25   11469.25    3191
2022-10-25 20:30:00-04:00  11469.50  11471.00  11442.00  11449.25   11449.25    4359
2022-10-25 21:00:00-04:00  11449.25  11468.75  11436.25  11456.75   11456.75    3374
2022-10-25 21:30:00-04:00  11457.00  11489.75  11456.00  11482.75   11482.75    3910
2022-10-25 22:00:00-04:00  11483.50  11498.00  11482.25  11491.50   11491.50    3300
2022-10-25 22:30:00-04:00  11492.00  11507.00  11486.50  11496.00   11496.00    3152
2022-10-25 23:00:00-04:00  11497.00  11498.75  11485.25  11497.50   11497.50    1956
2022-10-25 23:30:00-04:00  11497.00  11498.50  11483.75  11493.50   11493.50    1510
2022-10-26 00:00:00-04:00  11494.25  11496.25  11488.25  11496.00   11496.00     980
2022-10-26 00:30:00-04:00  11496.00  11503.25  11490.75  11492.50   11492.50    1107
2022-10-26 01:00:00-04:00  11491.00  11502.00  11476.00  11488.50   11488.50    2331
2022-10-26 01:30:00-04:00  11488.50  11493.00  11477.75  11481.00   11481.00    1874
2022-10-26 02:00:00-04:00  11480.50  11508.75  11476.75  11482.25   11482.25    4346
2022-10-26 02:30:00-04:00  11483.50  11498.75  11480.50  11494.00   11494.00    2589
2022-10-26 03:00:00-04:00  11494.25  11530.00  11490.25  11524.00   11524.00    9862
2022-10-26 03:30:00-04:00  11529.50  11540.75  11515.25  11531.25   11531.25    6561
2022-10-26 04:00:00-04:00  11532.00  11563.00  11530.50  11546.00   11546.00    8913
2022-10-26 04:30:00-04:00  11546.50  11568.50  11538.75  11559.00   11559.00    6360
2022-10-26 05:00:00-04:00  11558.50  11558.50  11511.75  11515.00   11515.00    5805
2022-10-26 05:30:00-04:00  11515.50  11535.75  11509.00  11518.25   11518.25    5072
2022-10-26 06:00:00-04:00  11518.00  11531.25  11504.75  11525.50   11525.50    5512
2022-10-26 06:30:00-04:00  11525.50  11540.50  11521.25  11533.75   11533.75    5010
2022-10-26 07:00:00-04:00  11533.50  11542.50  11507.75  11537.25   11537.25    6670
2022-10-26 07:30:00-04:00  11537.25  11555.75  11502.25  11515.75   11515.75    8615
2022-10-26 08:00:00-04:00  11515.00  11528.25  11491.75  11497.75   11497.75    9169
2022-10-26 08:30:00-04:00  11498.75  11508.25  11479.00  11506.75   11506.75   11659
2022-10-26 09:00:00-04:00  11506.75  11519.00  11473.50  11474.75   11474.75   15123
2022-10-26 09:30:00-04:00  11474.50  11530.00  11433.00  11482.75   11482.75   86857
2022-10-26 10:00:00-04:00  11483.25  11588.50  11483.25  11579.75   11579.75   68981
2022-10-26 10:30:00-04:00  11579.25  11654.75  11560.25  11605.00   11605.00   52563
2022-10-26 11:00:00-04:00  11605.00  11689.75  11604.75  11680.25   11680.25   45493
2022-10-26 11:30:00-04:00  11680.50  11703.50  11654.25  11666.50   11666.50   33636
2022-10-26 12:00:00-04:00  11666.25  11679.75  11633.50  11639.50   11639.50   26637
2022-10-26 12:30:00-04:00  11639.50  11662.00  11550.75  11554.00   11554.00   34978
2022-10-26 13:00:00-04:00  11536.50  11556.00  11486.00  11492.25   11492.25   44434
2022-10-26 13:30:00-04:00  11492.00  11529.00  11472.25  11524.75   11524.75   30039
2022-10-26 14:00:00-04:00  11524.50  11543.25  11477.75  11483.50   11483.50   26264
2022-10-26 14:30:00-04:00  11482.75  11502.25  11458.75  11479.75   11479.75   27802
2022-10-26 15:00:00-04:00  11479.25  11484.75  11444.00  11467.75   11467.75   29464
2022-10-26 15:30:00-04:00  11467.75  11482.00  11437.50  11454.50   11454.50   46102
2022-10-26 16:00:00-04:00  11454.75  11537.25  11415.00  11452.50   11452.50   41679
2022-10-26 16:30:00-04:00  11452.00  11494.75  11451.25  11474.25   11474.25    6240
2022-10-26 18:00:00-04:00  11417.75  11454.25  11416.00  11453.00   11453.00    2986
2022-10-26 18:30:00-04:00  11453.00  11464.00  11447.50  11464.00   11464.00    2552
2022-10-26 19:00:00-04:00  11463.50  11491.75  11462.25  11478.00   11478.00    3344
2022-10-26 19:30:00-04:00  11478.25  11506.00  11475.25  11498.25   11498.25    3526
2022-10-26 20:00:00-04:00  11498.00  11537.50  11477.50  11508.75   11508.75    6566
2022-10-26 20:30:00-04:00  11508.50  11508.75  11483.00  11491.50   11491.50    3388
2022-10-26 21:00:00-04:00  11491.00  11517.75  11488.00  11496.25   11496.25    4258
2022-10-26 21:30:00-04:00  11497.25  11517.25  11491.75  11505.25   11505.25    3370
2022-10-26 22:00:00-04:00  11505.00  11506.25  11471.25  11473.00   11473.00    2800
2022-10-26 22:30:00-04:00  11474.00  11481.25  11461.50  11477.50   11477.50    2328
2022-10-26 23:00:00-04:00  11477.75  11495.00  11477.75  11480.50   11480.50    1814
2022-10-26 23:30:00-04:00  11480.00  11500.00  11478.50  11498.25   11498.25    1322
2022-10-27 00:00:00-04:00  11498.50  11502.50  11495.50  11501.25   11501.25    1800
2022-10-27 00:30:00-04:00  11501.00  11505.50  11489.00  11502.00   11502.00    1631
2022-10-27 01:00:00-04:00  11502.00  11503.00  11481.50  11486.25   11486.25    1859
2022-10-27 01:30:00-04:00  11485.50  11517.25  11483.50  11510.50   11510.50    2637
2022-10-27 02:00:00-04:00  11510.00  11515.00  11475.50  11490.50   11490.50    3576
2022-10-27 02:30:00-04:00  11491.00  11491.00  11455.50  11459.50   11459.50    4957
2022-10-27 03:00:00-04:00  11459.25  11477.25  11437.00  11440.00   11440.00    9602
2022-10-27 03:30:00-04:00  11441.00  11451.00  11433.75  11444.25   11444.25    6090
2022-10-27 04:00:00-04:00  11443.75  11468.25  11428.25  11453.75   11453.75    7464
2022-10-27 04:30:00-04:00  11453.75  11461.25  11438.50  11439.00   11439.00    3666
2022-10-27 05:00:00-04:00  11439.50  11442.00  11406.75  11419.75   11419.75    5780
2022-10-27 05:30:00-04:00  11420.00  11426.00  11391.75  11392.00   11392.00    5325
2022-10-27 06:00:00-04:00  11393.00  11409.00  11388.00  11394.00   11394.00    3986
2022-10-27 06:30:00-04:00  11393.75  11406.50  11365.75  11372.25   11372.25    6609
2022-10-27 07:00:00-04:00  11371.75  11407.50  11367.75  11401.50   11401.50    8113
2022-10-27 07:30:00-04:00  11400.75  11402.75  11367.50  11376.25   11376.25    5102
2022-10-27 08:00:00-04:00  11376.75  11399.25  11355.75  11388.00   11388.00   19191
2022-10-27 08:30:00-04:00  11388.50  11459.50  11381.00  11437.00   11437.00   34101
2022-10-27 09:00:00-04:00  11437.00  11446.50  11400.50  11400.75   11400.75   25919
2022-10-27 09:30:00-04:00  11401.00  11464.00  11264.00  11291.50   11291.50   81770
2022-10-27 10:00:00-04:00  11292.00  11447.00  11275.50  11432.00   11432.00   62694
2022-10-27 10:30:00-04:00  11431.75  11453.00  11318.75  11320.25   11320.25   49512
2022-10-27 11:00:00-04:00  11320.50  11380.25  11312.00  11334.00   11334.00   37244
2022-10-27 11:30:00-04:00  11333.00  11367.00  11284.25  11290.50   11290.50   35881
2022-10-27 12:00:00-04:00  11291.75  11329.75  11249.50  11249.75   11249.75   32050
2022-10-27 12:30:00-04:00  11249.50  11303.00  11247.50  11288.75   11288.75   25615
2022-10-27 13:00:00-04:00  11289.00  11337.25  11267.75  11291.75   11291.75   29740
2022-10-27 13:30:00-04:00  11291.75  11297.25  11261.25  11263.50   11263.50   18744
2022-10-27 14:00:00-04:00  11263.75  11273.75  11229.75  11252.50   11252.50   22302
2022-10-27 14:30:00-04:00  11252.75  11261.25  11233.25  11243.25   11243.25   18801
2022-10-27 15:00:00-04:00  11243.50  11271.50  11220.25  11268.75   11268.75   26579
2022-10-27 15:30:00-04:00  11268.50  11283.75  11220.25  11239.50   11239.50   38294
2022-10-27 16:00:00-04:00  11240.00  11251.00  10992.25  11015.25   11015.25   52648
2022-10-27 16:30:00-04:00  11014.50  11120.25  10921.50  11095.50   11095.50   32816
2022-10-27 18:00:00-04:00  11122.75  11189.75  11122.75  11157.25   11157.25    6868
2022-10-27 18:30:00-04:00  11158.25  11183.50  11151.25  11154.25   11154.25    3845
2022-10-27 19:00:00-04:00  11154.50  11161.50  11141.00  11149.25   11149.25    2748
2022-10-27 19:30:00-04:00  11148.75  11152.00  11127.25  11135.00   11135.00    2651
2022-10-27 20:00:00-04:00  11136.25  11145.00  11123.25  11135.50   11135.50    3526
2022-10-27 20:30:00-04:00  11134.75  11157.25  11132.00  11144.50   11144.50    2659
2022-10-27 21:00:00-04:00  11145.00  11182.50  11145.00  11174.75   11174.75    4484
2022-10-27 21:30:00-04:00  11175.25  11189.00  11161.50  11180.75   11180.75    3674
2022-10-27 22:00:00-04:00  11180.25  11186.00  11161.25  11166.75   11166.75    2227
2022-10-27 22:30:00-04:00  11166.00  11172.25  11148.50  11166.00   11166.00    2611
2022-10-27 23:00:00-04:00  11166.25  11172.75  11150.25  11154.75   11154.75    1588
2022-10-27 23:30:00-04:00  11151.75  11165.50  11146.50  11158.75   11158.75    2949
2022-10-28 00:00:00-04:00  11160.00  11163.25  11137.00  11142.50   11142.50    1693
2022-10-28 00:30:00-04:00  11143.00  11148.25  11134.75  11146.50   11146.50    1543
2022-10-28 01:00:00-04:00  11146.00  11147.00  11123.25  11133.00   11133.00    3264
2022-10-28 01:30:00-04:00  11132.50  11135.25  11102.75  11112.75   11112.75    5528
2022-10-28 02:00:00-04:00  11113.25  11124.50  11097.25  11117.75   11117.75    4888
2022-10-28 02:30:00-04:00  11117.25  11122.00  11082.75  11091.50   11091.50    5108
2022-10-28 03:00:00-04:00  11092.75  11124.00  11072.00  11077.50   11077.50    9709
2022-10-28 03:30:00-04:00  11076.75  11090.25  11062.00  11077.25   11077.25    7281
2022-10-28 04:00:00-04:00  11077.00  11109.00  11067.50  11096.25   11096.25    5935
2022-10-28 04:30:00-04:00  11096.25  11119.75  11092.00  11109.75   11109.75    3980
2022-10-28 05:00:00-04:00  11110.00  11110.25  11075.75  11094.75   11094.75    5313
2022-10-28 05:30:00-04:00  11094.50  11119.00  11077.75  11116.25   11116.25    5149
2022-10-28 06:00:00-04:00  11117.25  11119.50  11102.00  11110.50   11110.50    3462
2022-10-28 06:30:00-04:00  11110.00  11129.50  11105.00  11119.25   11119.25    3972
2022-10-28 07:00:00-04:00  11119.25  11148.00  11100.75  11147.00   11147.00    5866
2022-10-28 07:30:00-04:00  11146.50  11153.75  11128.25  11129.50   11129.50    6464
2022-10-28 08:00:00-04:00  11130.25  11134.50  11103.00  11107.75   11107.75   11103
2022-10-28 08:30:00-04:00  11107.75  11219.75  11069.00  11151.00   11151.00   36778
2022-10-28 09:00:00-04:00  11150.25  11224.00  11137.00  11213.00   11213.00   24784
2022-10-28 09:30:00-04:00  11213.50  11364.25  11206.25  11319.75   11319.75   87831
2022-10-28 10:00:00-04:00  11320.50  11399.25  11257.25  11380.75   11380.75   70000
2022-10-28 10:30:00-04:00  11381.00  11471.75  11378.25  11461.50   11461.50   51970