                               Open      High       Low     Close  Adj Close  Volume
Datetime                                                                            
2022-12-15 10:30:00-05:00  11425.00  11429.50  11396.50  11409.25   11409.25    1605
2022-12-15 11:00:00-05:00  11408.50  11425.50  11351.50  11387.25   11387.25    9297
2022-12-15 11:30:00-05:00  11387.75  11399.75  11352.75  11361.75   11361.75    8602
2022-12-15 12:00:00-05:00  11364.00  11390.00  11359.00  11375.00   11375.00    5697
2022-12-15 12:30:00-05:00  11375.25  11392.25  11330.50  11340.50   11340.50    5378
2022-12-15 13:00:00-05:00  11341.25  11347.75  11306.75  11322.25   11322.25    5768
2022-12-15 13:30:00-05:00  11321.25  11337.50  11298.25  11327.50   11327.50    5898
2022-12-15 14:00:00-05:00  11327.00  11336.75  11306.25  11314.50   11314.50    5125
2022-12-15 14:30:00-05:00  11314.75  11374.00  11313.25  11372.25   11372.25    6568
2022-12-15 15:00:00-05:00  11371.75  11388.50  11344.00  11382.75   11382.75    5374
2022-12-15 15:30:00-05:00  11383.00  11385.50  11321.00  11353.00   11353.00   11522
2022-12-15 16:00:00-05:00  11348.00  11365.25  11326.75  11335.00   11335.00    2240
2022-12-15 16:30:00-05:00  11334.75  11349.75  11331.50  11340.25   11340.25     771
2022-12-15 18:00:00-05:00  11340.25  11355.50  11340.25  11348.00   11348.00      71
2022-12-15 18:30:00-05:00  11348.50  11350.00  11342.75  11348.25   11348.25      67
2022-12-15 19:00:00-05:00  11353.50  11361.50  11352.00  11355.25   11355.25     189
2022-12-15 19:30:00-05:00  11356.50  11358.25  11347.00  11350.00   11350.00     133
2022-12-15 20:00:00-05:00  11350.50  11357.50  11341.50  11349.00   11349.00     248
2022-12-15 20:30:00-05:00  11350.00  11355.00  11348.75  11351.50   11351.50     238
2022-12-15 21:00:00-05:00  11351.00  11366.25  11350.50  11366.25   11366.25     213
2022-12-15 21:30:00-05:00  11370.00  11381.25  11370.00  11378.25   11378.25     322
2022-12-15 22:00:00-05:00  11378.50  11379.00  11369.00  11369.00   11369.00     184
2022-12-15 22:30:00-05:00  11368.50  11373.00  11359.75  11359.75   11359.75     166
2022-12-15 23:00:00-05:00  11360.75  11361.75  11352.00  11352.75   11352.75     241
2022-12-15 23:30:00-05:00  11353.75  11354.00  11343.25  11344.50   11344.50     147
2022-12-16 00:00:00-05:00  11340.50  11347.50  11331.00  11331.00   11331.00     182
2022-12-16 00:30:00-05:00  11331.00  11353.75  11326.75  11353.75   11353.75     114
2022-12-16 01:00:00-05:00  11353.75  11355.00  11346.25  11348.75   11348.75      59
2022-12-16 01:30:00-05:00  11347.25  11367.75  11347.25  11363.25   11363.25     326
2022-12-16 02:00:00-05:00  11361.50  11364.00  11323.50  11330.75   11330.75     196
2022-12-16 02:30:00-05:00  11331.50  11338.75  11301.75  11304.50   11304.50     177
2022-12-16 03:00:00-05:00  11307.25  11326.00  11233.00  11233.25   11233.25     472
2022-12-16 03:30:00-05:00  11228.75  11246.50  11221.50  11224.75   11224.75     295
2022-12-16 04:00:00-05:00  11226.75  11240.75  11206.50  11223.25   11223.25     491
2022-12-16 04:30:00-05:00  11223.75  11244.25  11214.25  11244.25   11244.25     454
2022-12-16 05:00:00-05:00  11244.25  11252.00  11216.50  11221.00   11221.00     627
2022-12-16 05:30:00-05:00  11224.75  11236.50  11215.00  11235.75   11235.75     326
2022-12-16 06:00:00-05:00  11237.00  11268.00  11226.00  11266.00   11266.00     692
2022-12-16 06:30:00-05:00  11262.75  11275.00  11252.00  11258.50   11258.50     456
2022-12-16 07:00:00-05:00  11260.00  11286.25  11259.75  11265.25   11265.25     280
2022-12-16 07:30:00-05:00  11265.25  11311.75  11256.25  11311.75   11311.75     520
2022-12-16 08:00:00-05:00  11310.00  11310.00  11286.25  11293.25   11293.25     552
2022-12-16 08:30:00-05:00  11289.25  11295.00  11269.50  11292.75   11292.75     342
2022-12-16 09:00:00-05:00  11292.00  11329.00  11256.50  11329.00   11329.00     802
2022-12-16 16:30:00-05:00  11320.00  11320.00  11320.00  11320.00   11320.00  647784
2022-12-18 18:00:00-05:00  11328.75  11366.25  11320.50  11359.75   11359.75    3276
2022-12-18 18:30:00-05:00  11360.00  11362.25  11350.50  11352.50   11352.50    1579
2022-12-18 19:00:00-05:00  11352.75  11371.00  11352.50  11368.75   11368.75    2106
2022-12-18 19:30:00-05:00  11368.25  11369.75  11353.75  11361.25   11361.25    1494
2022-12-18 20:00:00-05:00  11361.50  11381.75  11358.75  11377.50   11377.50    2061
2022-12-18 20:30:00-05:00  11378.50  11383.50  11371.25  11372.75   11372.75    2031
2022-12-18 21:00:00-05:00  11372.25  11379.25  11365.25  11369.00   11369.00    1376
2022-12-18 21:30:00-05:00  11368.25  11373.00  11363.50  11371.00   11371.00    1405
2022-12-18 22:00:00-05:00  11370.25  11379.25  11369.50  11374.00   11374.00     854
2022-12-18 22:30:00-05:00  11374.75  11375.00  11365.50  11369.00   11369.00     774
2022-12-18 23:00:00-05:00  11369.75  11375.75  11369.00  11373.00   11373.00     710
2022-12-18 23:30:00-05:00  11373.00  11375.50  11363.25  11364.00   11364.00    1118
2022-12-19 00:00:00-05:00  11364.50  11366.00  11347.00  11351.50   11351.50    1845
2022-12-19 00:30:00-05:00  11351.75  11353.25  11332.25  11346.75   11346.75    1895
2022-12-19 01:00:00-05:00  11346.50  11361.00  11345.00  11358.25   11358.25    1410
2022-12-19 01:30:00-05:00  11358.50  11368.75  11356.50  11368.25   11368.25    1189
2022-12-19 02:00:00-05:00  11369.00  11374.00  11357.50  11363.75   11363.75    1980
2022-12-19 02:30:00-05:00  11364.00  11364.00  11350.75  11353.75   11353.75    1852
2022-12-19 03:00:00-05:00  11354.25  11405.75  11350.25  11396.00   11396.00    6418
2022-12-19 03:30:00-05:00  11396.50  11400.00  11387.75  11393.50   11393.50    3481
2022-12-19 04:00:00-05:00  11393.25  11404.00  11385.75  11394.75   11394.75    3845
2022-12-19 04:30:00-05:00  11394.75  11396.75  11374.50  11377.00   11377.00    2937
2022-12-19 05:00:00-05:00  11377.50  11407.75  11377.25  11399.00   11399.00    2762
2022-12-19 05:30:00-05:00  11398.75  11411.00  11398.25  11400.25   11400.25    2576
2022-12-19 06:00:00-05:00  11400.50  11402.50  11389.50  11400.75   11400.75    2280
2022-12-19 06:30:00-05:00  11400.00  11402.00  11375.00  11390.25   11390.25    2865
2022-12-19 07:00:00-05:00  11389.25  11397.50  11377.00  11388.75   11388.75    2633
2022-12-19 07:30:00-05:00  11389.00  11399.50  11382.25  11390.25   11390.25    2607
2022-12-19 08:00:00-05:00  11390.50  11396.25  11364.25  11368.00   11368.00    4711
2022-12-19 08:30:00-05:00  11367.75  11370.25  11348.75  11356.00   11356.00    5718
2022-12-19 09:00:00-05:00  11356.25  11373.50  11347.00  11354.25   11354.25    8552
2022-12-19 09:30:00-05:00  11354.00  11359.00  11254.25  11268.75   11268.75   62632
2022-12-19 10:00:00-05:00  11269.25  11309.75  11230.25  11301.00   11301.00   55917
2022-12-19 10:30:00-05:00  11301.25  11301.50  11233.25  11235.75   11235.75   38814
2022-12-19 11:00:00-05:00  11235.50  11239.25  11212.75  11229.25   11229.25   35233
2022-12-19 11:30:00-05:00  11229.50  11230.25  11180.50  11208.00   11208.00   34509
2022-12-19 12:00:00-05:00  11207.75  11234.00  11206.75  11211.50   11211.50   22918
2022-12-19 12:30:00-05:00  11212.25  11248.25  11207.00  11231.50   11231.50   22956
2022-12-19 13:00:00-05:00  11232.00  11255.50  11216.75  11232.75   11232.75   22165
2022-12-19 13:30:00-05:00  11232.00  11234.50  11190.00  11192.25   11192.25   26733
2022-12-19 14:00:00-05:00  11192.00  11193.75  11156.00  11156.25   11156.25   33044
2022-12-19 14:30:00-05:00  11156.75  11193.00  11151.00  11163.00   11163.00   28961
2022-12-19 15:00:00-05:00  11163.75  11165.00  11140.50  11150.50   11150.50   27858
2022-12-19 15:30:00-05:00  11150.75  11204.25  11131.75  11188.00   11188.00   47357
2022-12-19 16:00:00-05:00  11188.00  11197.25  11179.25  11180.75   11180.75   13542
2022-12-19 16:30:00-05:00  11180.50  11187.25  11178.00  11185.00   11185.00    2313
2022-12-19 18:00:00-05:00  11182.50  11209.50  11182.50  11207.75   11207.75    1604
2022-12-19 18:30:00-05:00  11207.75  11220.75  11207.00  11213.75   11213.75    1769
2022-12-19 19:00:00-05:00  11213.25  11216.50  11206.50  11211.00   11211.00    1553
2022-12-19 19:30:00-05:00  11211.25  11222.00  11208.25  11219.25   11219.25    1504
2022-12-19 20:00:00-05:00  11219.00  11227.25  11216.75  11225.00   11225.00    1418
2022-12-19 20:30:00-05:00  11224.25  11228.50  11212.50  11224.25   11224.25    1587
2022-12-19 21:00:00-05:00  11224.00  11227.25  11210.50  11211.50   11211.50    1526
2022-12-19 21:30:00-05:00  11211.50  11217.00  11208.00  11215.50   11215.50    1121
2022-12-19 22:00:00-05:00  11215.50  11218.75  11093.25  11113.25   11113.25   15208
2022-12-19 22:30:00-05:00  11113.75  11125.00  11076.00  11089.25   11089.25    9367
2022-12-19 23:00:00-05:00  11088.50  11094.75  11053.00  11067.75   11067.75    7523
2022-12-19 23:30:00-05:00  11068.25  11079.50  11060.50  11074.50   11074.50    2693
2022-12-20 00:00:00-05:00  11078.50  11085.25  11055.25  11057.75   11057.75    3845
2022-12-20 00:30:00-05:00  11056.75  11075.00  11043.50  11073.50   11073.50    4576
2022-12-20 01:00:00-05:00  11073.00  11078.50  11066.25  11075.50   11075.50    2020
2022-12-20 01:30:00-05:00  11075.00  11101.00  11073.25  11093.00   11093.00    3482
2022-12-20 02:00:00-05:00  11092.75  11115.50  11092.75  11104.75   11104.75    4324
2022-12-20 02:30:00-05:00  11104.50  11111.75  11081.25  11095.25   11095.25    3948
2022-12-20 03:00:00-05:00  11094.25  11119.00  11076.00  11096.00   11096.00    7277
2022-12-20 03:30:00-05:00  11095.25  11170.75  11081.25  11163.75   11163.75    9236
2022-12-20 04:00:00-05:00  11163.00  11173.00  11143.50  11161.75   11161.75    6034
2022-12-20 04:30:00-05:00  11161.00  11179.75  11147.75  11165.50   11165.50    6124
2022-12-20 05:00:00-05:00  11166.00  11175.25  11151.75  11171.00   11171.00    3792
2022-12-20 05:30:00-05:00  11171.00  11173.75  11145.00  11161.50   11161.50    3712
2022-12-20 06:00:00-05:00  11161.25  11187.75  11157.25  11184.25   11184.25    3850
2022-12-20 06:30:00-05:00  11183.75  11185.50  11157.25  11166.25   11166.25    3659
2022-12-20 07:00:00-05:00  11167.00  11179.25  11158.50  11170.25   11170.25    4461
2022-12-20 07:30:00-05:00  11169.75  11171.75  11121.50  11122.75   11122.75    6673
2022-12-20 08:00:00-05:00  11123.25  11142.75  11123.00  11132.00   11132.00    6984
2022-12-20 08:30:00-05:00  11131.25  11160.75  11123.25  11137.75   11137.75    9324
2022-12-20 09:00:00-05:00  11137.75  11139.50  11117.25  11134.00   11134.00   12159
2022-12-20 09:30:00-05:00  11134.25  11177.75  11066.75  11169.25   11169.25   81493
2022-12-20 10:00:00-05:00  11168.50  11219.50  11158.25  11212.50   11212.50   58651
2022-12-20 10:30:00-05:00  11213.00  11247.00  11190.00  11192.50   11192.50   42414
2022-12-20 11:00:00-05:00  11192.75  11212.75  11101.75  11114.00   11114.00   46993
2022-12-20 11:30:00-05:00  11114.25  11179.00  11110.75  11176.00   11176.00   32466
2022-12-20 12:00:00-05:00  11176.25  11211.25  11171.25  11181.25   11181.25   28924
2022-12-20 12:30:00-05:00  11181.50  11194.75  11153.75  11193.50   11193.50   22894
2022-12-20 13:00:00-05:00  11194.25  11207.25  11163.75  11198.75   11198.75   21446
2022-12-20 13:30:00-05:00  11199.50  11228.00  11184.50  11189.00   11189.00   23142
2022-12-20 14:00:00-05:00  11189.50  11217.00  11182.75  11193.25   11193.25   19706
2022-12-20 14:30:00-05:00  11194.50  11200.00  11165.50  11176.75   11176.75   19053
2022-12-20 15:00:00-05:00  11177.00  11196.25  11158.50  11191.50   11191.50   19738
2022-12-20 15:30:00-05:00  11191.75  11206.75  11172.50  11176.00   11176.00   34923
2022-12-20 16:00:00-05:00  11175.50  11191.50  11171.50  11185.50   11185.50    9830
2022-12-20 16:30:00-05:00  11185.75  11195.50  11183.00  11193.00   11193.00    1495
2022-12-20 18:00:00-05:00  11206.50  11231.00  11204.50  11229.00   11229.00    3084
2022-12-20 18:30:00-05:00  11229.25  11234.25  11215.25  11223.25   11223.25    2783
2022-12-20 19:00:00-05:00  11223.25  11224.25  11203.75  11205.25   11205.25    2795
2022-12-20 19:30:00-05:00  11206.00  11233.00  11205.25  11226.00   11226.00    2234
2022-12-20 20:00:00-05:00  11225.50  11257.75  11221.25  11254.50   11254.50    3683
2022-12-20 20:30:00-05:00  11254.50  11263.50  11245.50  11251.00   11251.00    2920
2022-12-20 21:00:00-05:00  11251.25  11257.25  11245.75  11250.00   11250.00    1446
2022-12-20 21:30:00-05:00  11250.75  11251.75  11240.75  11244.50   11244.50    1575
2022-12-20 22:00:00-05:00  11244.25  11246.00  11234.00  11236.25   11236.25    1744
2022-12-20 22:30:00-05:00  11235.75  11240.75  11231.75  11239.00   11239.00    1323
2022-12-20 23:00:00-05:00  11239.25  11240.75  11212.00  11217.00   11217.00    2289
2022-12-20 23:30:00-05:00  11217.00  11217.25  11206.25  11214.00   11214.00    1441
2022-12-21 00:00:00-05:00  11210.75  11227.75  11206.75  11224.50   11224.50    1480
2022-12-21 00:30:00-05:00  11224.25  11233.25  11219.50  11224.75   11224.75    1327
2022-12-21 01:00:00-05:00  11225.25  11238.00  11218.50  11231.00   11231.00    1734
2022-12-21 01:30:00-05:00  11230.50  11238.25  11229.00  11236.25   11236.25     964
2022-12-21 02:00:00-05:00  11235.75  11239.50  11223.25  11235.50   11235.50    2236
2022-12-21 02:30:00-05:00  11235.00  11244.00  11229.00  11238.75   11238.75    1742
2022-12-21 03:00:00-05:00  11238.75  11238.75  11199.00  11215.50   11215.50    5640
2022-12-21 03:30:00-05:00  11216.00  11242.25  11213.00  11237.75   11237.75    3334
2022-12-21 04:00:00-05:00  11237.25  11258.00  11237.25  11250.50   11250.50    3794
2022-12-21 04:30:00-05:00  11250.00  11256.00  11240.25  11250.00   11250.00    3113
2022-12-21 05:00:00-05:00  11249.75  11252.00  11234.50  11242.25   11242.25    3197
2022-12-21 05:30:00-05:00  11242.25  11246.00  11215.50  11219.75   11219.75    2949
2022-12-21 06:00:00-05:00  11220.25  11227.25  11209.00  11214.25   11214.25    2730
2022-12-21 06:30:00-05:00  11214.00  11225.00  11203.00  11218.75   11218.75    3638
2022-12-21 07:00:00-05:00  11218.50  11224.75  11187.00  11197.00   11197.00    6300
2022-12-21 07:30:00-05:00  11197.00  11231.50  11193.75  11228.50   11228.50    4833
2022-12-21 08:00:00-05:00  11228.50  11248.50  11222.25  11234.50   11234.50    8419
2022-12-21 08:30:00-05:00  11235.00  11248.00  11226.00  11236.75   11236.75    8729
2022-12-21 09:00:00-05:00  11236.50  11238.50  11213.75  11217.25   11217.25    9012
2022-12-21 09:30:00-05:00  11217.50  11273.75  11181.00  11226.00   11226.00   78156
2022-12-21 10:00:00-05:00  11226.75  11303.00  11219.25  11292.50   11292.50   55620
2022-12-21 10:30:00-05:00  11292.50  11351.75  11283.25  11350.25   11350.25   50215
2022-12-21 11:00:00-05:00  11350.25  11377.75  11330.00  11345.50   11345.50   36551
2022-12-21 11:30:00-05:00  11345.50  11362.50  11311.75  11328.75   11328.75   32007
2022-12-21 12:00:00-05:00  11329.00  11331.50  11303.50  11317.00   11317.00   28837
2022-12-21 12:30:00-05:00  11317.50  11356.25  11316.50  11354.00   11354.00   28061
2022-12-21 13:00:00-05:00  11354.00  11372.75  11327.25  11330.00   11330.00   33921
2022-12-21 13:30:00-05:00  11330.00  11355.75  11327.00  11350.50   11350.50   22529
2022-12-21 14:00:00-05:00  11350.75  11389.75  11350.75  11361.00   11361.00   33929
2022-12-21 14:30:00-05:00  11361.50  11374.25  11328.50  11340.25   11340.25   34781
2022-12-21 15:00:00-05:00  11340.75  11351.75  11319.50  11324.75   11324.75   30291
2022-12-21 15:30:00-05:00  11324.50  11345.75  11307.25  11335.75   11335.75   40204
2022-12-21 16:00:00-05:00  11336.50  11361.00  11330.50  11355.50   11355.50   12801
2022-12-21 16:30:00-05:00  11356.00  11357.25  11350.00  11355.50   11355.50    2156
2022-12-21 18:00:00-05:00  11357.00  11359.50  11343.50  11346.75   11346.75     804
2022-12-21 18:30:00-05:00  11346.25  11361.75  11344.00  11352.25   11352.25    1202
2022-12-21 19:00:00-05:00  11353.00  11353.00  11339.25  11347.25   11347.25    1487
2022-12-21 19:30:00-05:00  11346.50  11357.25  11338.25  11356.25   11356.25    1615
2022-12-21 20:00:00-05:00  11356.75  11373.75  11349.75  11368.75   11368.75    2283
2022-12-21 20:30:00-05:00  11368.50  11369.00  11359.25  11367.25   11367.25    1060
2022-12-21 21:00:00-05:00  11367.25  11381.00  11365.00  11376.50   11376.50    1580
2022-12-21 21:30:00-05:00  11376.00  11378.00  11370.00  11370.50   11370.50     865
2022-12-21 22:00:00-05:00  11370.25  11373.75  11365.25  11366.00   11366.00     616
2022-12-21 22:30:00-05:00  11365.75  11380.25  11365.50  11374.75   11374.75     952
2022-12-21 23:00:00-05:00  11374.75  11379.00  11370.75  11373.75   11373.75     923
2022-12-21 23:30:00-05:00  11373.75  11376.00  11368.75  11371.00   11371.00     617
2022-12-22 00:00:00-05:00  11370.50  11370.50  11363.75  11369.00   11369.00     617
2022-12-22 00:30:00-05:00  11368.50  11376.50  11365.00  11372.25   11372.25     879
2022-12-22 01:00:00-05:00  11372.00  11374.25  11365.25  11366.25   11366.25    1113
2022-12-22 01:30:00-05:00  11367.00  11367.50  11358.00  11363.50   11363.50     839
2022-12-22 02:00:00-05:00  11363.75  11367.25  11351.75  11364.25   11364.25    1736
2022-12-22 02:30:00-05:00  11364.25  11365.25  11353.25  11353.75   11353.75    1235
2022-12-22 03:00:00-05:00  11353.25  11384.50  11347.75  11366.50   11366.50    4589
2022-12-22 03:30:00-05:00  11366.00  11368.00  11354.25  11363.75   11363.75    2553
2022-12-22 04:00:00-05:00  11364.00  11365.50  11341.25  11342.25   11342.25    2552
2022-12-22 04:30:00-05:00  11342.25  11363.25  11335.50  11338.50   11338.50    3046
2022-12-22 05:00:00-05:00  11338.25  11338.50  11321.75  11330.50   11330.50    3588
2022-12-22 05:30:00-05:00  11330.25  11331.50  11322.50  11328.75   11328.75    2891
2022-12-22 06:00:00-05:00  11329.50  11329.50  11302.00  11305.50   11305.50    3226
2022-12-22 06:30:00-05:00  11305.75  11319.00  11305.00  11315.75   11315.75    2851
2022-12-22 07:00:00-05:00  11315.50  11326.00  11286.00  11297.75   11297.75    4737
2022-12-22 07:30:00-05:00  11297.00  11298.00  11278.50  11294.00   11294.00    4261
2022-12-22 08:00:00-05:00  11294.00  11301.25  11277.75  11282.50   11282.50    4881
2022-12-22 08:30:00-05:00  11281.25  11282.25  11191.25  11203.00   11203.00   24640
2022-12-22 09:00:00-05:00  11203.00  11207.50  11187.50  11202.75   11202.75   16560
2022-12-22 09:30:00-05:00  11202.75  11208.25  11092.75  11123.50   11123.50   66342
2022-12-22 10:00:00-05:00  11123.50  11123.50  11023.50  11025.75   11025.75   65957