                               Open      High       Low     Close  Adj Close  Volume
Datetime                                                                            
2022-11-16 10:30:00-05:00  11737.50  11741.25  11706.50  11715.25   11715.25    4156
2022-11-16 11:00:00-05:00  11716.00  11776.75  11711.50  11766.50   11766.50   27872
2022-11-16 11:30:00-05:00  11766.25  11793.75  11754.00  11767.00   11767.00   22271
2022-11-16 12:00:00-05:00  11767.75  11777.50  11745.75  11771.50   11771.50   23832
2022-11-16 12:30:00-05:00  11772.00  11830.00  11762.50  11793.50   11793.50   25326
2022-11-16 13:00:00-05:00  11793.75  11809.00  11774.00  11795.50   11795.50   19138
2022-11-16 13:30:00-05:00  11795.75  11804.00  11737.50  11744.25   11744.25   20256
2022-11-16 14:00:00-05:00  11744.75  11771.75  11739.00  11762.25   11762.25   17594
2022-11-16 14:30:00-05:00  11762.75  11774.00  11731.25  11766.75   11766.75   22025
2022-11-16 15:00:00-05:00  11767.25  11770.00  11715.25  11727.00   11727.00   22024
2022-11-16 15:30:00-05:00  11727.50  11771.25  11712.00  11740.75   11740.75   37513
2022-11-16 16:00:00-05:00  11740.75  11805.00  11737.75  11778.75   11778.75   21284
2022-11-16 16:30:00-05:00  11778.75  11780.50  11756.75  11771.50   11771.50    4017
2022-11-16 18:00:00-05:00  11777.75  11784.00  11764.25  11773.00   11773.00    1415
2022-11-16 18:30:00-05:00  11773.25  11781.25  11770.00  11780.00   11780.00    1087
2022-11-16 19:00:00-05:00  11780.25  11786.75  11772.75  11782.25   11782.25    1912
2022-11-16 19:30:00-05:00  11782.25  11784.50  11773.75  11782.75   11782.75    1273
2022-11-16 20:00:00-05:00  11783.25  11791.25  11776.00  11777.00   11777.00    1610
2022-11-16 20:30:00-05:00  11777.25  11781.00  11753.75  11760.50   11760.50    2881
2022-11-16 21:00:00-05:00  11760.00  11764.25  11742.75  11747.50   11747.50    1859
2022-11-16 21:30:00-05:00  11747.00  11758.50  11745.50  11756.00   11756.00    1533
2022-11-16 22:00:00-05:00  11756.75  11757.25  11744.50  11747.75   11747.75    1315
2022-11-16 22:30:00-05:00  11747.50  11760.25  11746.50  11758.75   11758.75     975
2022-11-16 23:00:00-05:00  11759.25  11760.75  11753.00  11759.25   11759.25     926
2022-11-16 23:30:00-05:00  11758.75  11759.50  11750.00  11751.25   11751.25     558
2022-11-17 00:00:00-05:00  11749.50  11777.00  11749.50  11773.25   11773.25    1791
2022-11-17 00:30:00-05:00  11772.50  11776.00  11762.00  11762.50   11762.50    1094
2022-11-17 01:00:00-05:00  11762.00  11785.25  11761.25  11783.00   11783.00    1665
2022-11-17 01:30:00-05:00  11783.00  11804.00  11779.75  11798.25   11798.25    2545
2022-11-17 02:00:00-05:00  11798.00  11805.00  11782.25  11789.25   11789.25    2378
2022-11-17 02:30:00-05:00  11789.50  11822.75  11788.50  11802.75   11802.75    4830
2022-11-17 03:00:00-05:00  11803.25  11827.25  11795.50  11796.75   11796.75    5269
2022-11-17 03:30:00-05:00  11797.75  11805.00  11773.50  11774.00   11774.00    4158
2022-11-17 04:00:00-05:00  11775.00  11778.75  11756.00  11767.50   11767.50    4777
2022-11-17 04:30:00-05:00  11767.25  11768.00  11713.75  11725.75   11725.75    8122
2022-11-17 05:00:00-05:00  11725.50  11749.50  11723.75  11746.00   11746.00    3858
2022-11-17 05:30:00-05:00  11746.75  11747.25  11665.50  11668.00   11668.00    8787
2022-11-17 06:00:00-05:00  11668.25  11689.25  11656.50  11662.00   11662.00    7408
2022-11-17 06:30:00-05:00  11662.00  11684.75  11642.25  11683.50   11683.50    7607
2022-11-17 07:00:00-05:00  11684.00  11688.75  11657.50  11668.25   11668.25    6631
2022-11-17 07:30:00-05:00  11667.75  11673.75  11622.50  11628.75   11628.75    9624
2022-11-17 08:00:00-05:00  11628.75  11634.25  11580.50  11604.75   11604.75   18003
2022-11-17 08:30:00-05:00  11605.00  11620.25  11555.75  11560.50   11560.50   20594
2022-11-17 09:00:00-05:00  11560.75  11573.50  11528.25  11550.75   11550.75   19762
2022-11-17 09:30:00-05:00  11550.75  11635.25  11543.75  11589.00   11589.00   67799
2022-11-17 10:00:00-05:00  11588.50  11672.75  11571.00  11660.50   11660.50   50237
2022-11-17 10:30:00-05:00  11661.00  11662.00  11604.75  11606.00   11606.00   33478
2022-11-17 11:00:00-05:00  11606.00  11645.00  11598.00  11640.00   11640.00   29298
2022-11-17 11:30:00-05:00  11640.00  11710.75  11632.25  11708.50   11708.50   49812
2022-11-17 12:00:00-05:00  11708.75  11725.25  11687.25  11691.75   11691.75   29634
2022-11-17 12:30:00-05:00  11692.50  11765.75  11680.75  11748.50   11748.50   30279
2022-11-17 13:00:00-05:00  11748.50  11774.00  11739.00  11750.75   11750.75   24057
2022-11-17 13:30:00-05:00  11751.00  11775.00  11727.25  11746.25   11746.25   23688
2022-11-17 14:00:00-05:00  11746.25  11756.75  11676.25  11688.25   11688.25   33273
2022-11-17 14:30:00-05:00  11688.25  11695.75  11664.25  11683.25   11683.25   26292
2022-11-17 15:00:00-05:00  11683.75  11692.00  11625.50  11639.00   11639.00   31724
2022-11-17 15:30:00-05:00  11638.75  11716.00  11635.25  11711.75   11711.75   42169
2022-11-17 16:00:00-05:00  11712.25  11732.50  11705.50  11726.25   11726.25   14335
2022-11-17 16:30:00-05:00  11726.00  11748.00  11726.00  11746.50   11746.50    2925
2022-11-17 18:00:00-05:00  11747.75  11760.50  11733.00  11741.50   11741.50    1519
2022-11-17 18:30:00-05:00  11741.50  11743.25  11718.00  11719.50   11719.50    1737
2022-11-17 19:00:00-05:00  11720.25  11728.50  11715.25  11718.75   11718.75    1913
2022-11-17 19:30:00-05:00  11719.00  11740.25  11719.00  11738.50   11738.50    1861
2022-11-17 20:00:00-05:00  11739.75  11749.75  11732.25  11744.25   11744.25    1855
2022-11-17 20:30:00-05:00  11744.25  11747.75  11717.50  11731.00   11731.00    2624
2022-11-17 21:00:00-05:00  11730.50  11746.00  11726.50  11742.00   11742.00    2068
2022-11-17 21:30:00-05:00  11742.25  11747.00  11726.00  11728.00   11728.00    1728
2022-11-17 22:00:00-05:00  11728.25  11736.50  11722.75  11734.25   11734.25     925
2022-11-17 22:30:00-05:00  11734.75  11749.00  11733.75  11740.00   11740.00    1420
2022-11-17 23:00:00-05:00  11740.00  11740.25  11720.50  11720.75   11720.75    1340
2022-11-17 23:30:00-05:00  11720.75  11730.25  11720.75  11725.25   11725.25    1473
2022-11-18 00:00:00-05:00  11725.25  11733.50  11717.00  11719.75   11719.75    1422
2022-11-18 00:30:00-05:00  11719.00  11720.75  11706.50  11715.25   11715.25    1672
2022-11-18 01:00:00-05:00  11716.00  11723.25  11703.75  11705.75   11705.75    1962
2022-11-18 01:30:00-05:00  11705.50  11709.50  11685.00  11707.00   11707.00    2945
2022-11-18 02:00:00-05:00  11706.75  11728.25  11701.00  11717.25   11717.25    3656
2022-11-18 02:30:00-05:00  11717.75  11723.75  11703.25  11708.50   11708.50    2244
2022-11-18 03:00:00-05:00  11708.50  11717.75  11672.25  11691.50   11691.50    5772
2022-11-18 03:30:00-05:00  11690.50  11724.00  11684.25  11723.75   11723.75    4658
2022-11-18 04:00:00-05:00  11723.00  11764.25  11715.50  11759.00   11759.00    7347
2022-11-18 04:30:00-05:00  11759.75  11778.50  11751.00  11751.25   11751.25    5367
2022-11-18 05:00:00-05:00  11751.25  11775.00  11741.50  11761.25   11761.25    3828
2022-11-18 05:30:00-05:00  11762.00  11814.50  11760.25  11808.00   11808.00    6098
2022-11-18 06:00:00-05:00  11808.75  11820.00  11792.00  11804.00   11804.00    4646
2022-11-18 06:30:00-05:00  11803.25  11808.75  11790.25  11799.75   11799.75    3318
2022-11-18 07:00:00-05:00  11799.25  11836.00  11796.50  11825.00   11825.00    6735
2022-11-18 07:30:00-05:00  11825.75  11826.25  11806.75  11812.00   11812.00    3599
2022-11-18 08:00:00-05:00  11812.00  11843.00  11805.00  11833.75   11833.75    9373
2022-11-18 08:30:00-05:00  11834.50  11835.00  11811.75  11833.25   11833.25    7948
2022-11-18 09:00:00-05:00  11833.00  11843.00  11818.00  11837.75   11837.75   16039
2022-11-18 09:30:00-05:00  11837.50  11842.50  11735.50  11753.00   11753.00   67063
2022-11-18 10:00:00-05:00  11753.50  11757.75  11676.00  11713.25   11713.25   53803
2022-11-18 10:30:00-05:00  11713.25  11727.50  11655.75  11672.75   11672.75   32388
2022-11-18 11:00:00-05:00  11672.50  11713.75  11645.00  11698.00   11698.00   34266
2022-11-18 11:30:00-05:00  11698.25  11716.75  11656.00  11681.25   11681.25   29332
2022-11-18 12:00:00-05:00  11680.75  11690.75  11607.00  11636.00   11636.00   35365
2022-11-18 12:30:00-05:00  11636.25  11649.50  11610.50  11632.50   11632.50   23176
2022-11-18 13:00:00-05:00  11633.25  11674.25  11628.25  11672.50   11672.50   25152
2022-11-18 13:30:00-05:00  11672.50  11676.00  11626.25  11643.50   11643.50   22935
2022-11-18 14:00:00-05:00  11643.50  11672.00  11640.50  11647.75   11647.75   19939
2022-11-18 14:30:00-05:00  11648.50  11673.25  11636.50  11667.50   11667.50   19417
2022-11-18 15:00:00-05:00  11668.00  11709.25  11665.50  11708.50   11708.50   28028
2022-11-18 15:30:00-05:00  11708.75  11741.25  11682.25  11708.00   11708.00   51785
2022-11-18 16:00:00-05:00  11707.50  11721.75  11699.50  11716.50   11716.50   14035
2022-11-18 16:30:00-05:00  11716.00  11716.25  11702.25  11711.00   11711.00    2064
2022-11-20 18:00:00-05:00  11723.00  11756.00  11706.25  11707.50   11707.50    3297
2022-11-20 18:30:00-05:00  11707.50  11711.50  11701.75  11708.00   11708.00    1431
2022-11-20 19:00:00-05:00  11709.25  11714.50  11685.75  11697.75   11697.75    2075
2022-11-20 19:30:00-05:00  11698.00  11702.25  11680.50  11685.50   11685.50    2000
2022-11-20 20:00:00-05:00  11684.50  11688.00  11667.50  11671.00   11671.00    2872
2022-11-20 20:30:00-05:00  11671.75  11683.75  11663.50  11669.00   11669.00    2312
2022-11-20 21:00:00-05:00  11667.75  11672.50  11658.25  11670.75   11670.75    2000
2022-11-20 21:30:00-05:00  11670.50  11677.75  11663.75  11675.75   11675.75    1401
2022-11-20 22:00:00-05:00  11675.50  11682.00  11672.50  11678.25   11678.25    1585
2022-11-20 22:30:00-05:00  11678.50  11683.25  11671.25  11681.75   11681.75    1233
2022-11-20 23:00:00-05:00  11681.00  11688.00  11674.75  11681.50   11681.50    1426
2022-11-20 23:30:00-05:00  11681.75  11683.00  11672.25  11680.25   11680.25     963
2022-11-21 00:00:00-05:00  11680.00  11682.50  11666.25  11672.75   11672.75    1500
2022-11-21 00:30:00-05:00  11671.75  11682.25  11667.00  11681.50   11681.50    1228
2022-11-21 01:00:00-05:00  11681.50  11684.50  11678.00  11681.00   11681.00     981
2022-11-21 01:30:00-05:00  11680.50  11681.50  11661.00  11665.50   11665.50    1343
2022-11-21 02:00:00-05:00  11665.00  11675.25  11660.50  11673.00   11673.00    1577
2022-11-21 02:30:00-05:00  11672.00  11675.50  11644.75  11648.00   11648.00    2441
2022-11-21 03:00:00-05:00  11649.00  11677.25  11635.00  11670.75   11670.75    4967
2022-11-21 03:30:00-05:00  11670.75  11682.50  11644.25  11650.50   11650.50    4163
2022-11-21 04:00:00-05:00  11649.25  11656.00  11618.00  11623.00   11623.00    5792
2022-11-21 04:30:00-05:00  11623.00  11642.75  11621.50  11631.00   11631.00    3208
2022-11-21 05:00:00-05:00  11631.75  11643.50  11613.00  11616.25   11616.25    2894
2022-11-21 05:30:00-05:00  11616.50  11628.00  11611.50  11618.75   11618.75    2623
2022-11-21 06:00:00-05:00  11618.50  11629.75  11613.50  11614.75   11614.75    2178
2022-11-21 06:30:00-05:00  11614.00  11628.50  11602.25  11610.75   11610.75    2946
2022-11-21 07:00:00-05:00  11610.25  11618.25  11595.25  11613.75   11613.75    3989
2022-11-21 07:30:00-05:00  11613.25  11624.50  11608.50  11622.50   11622.50    2619
2022-11-21 08:00:00-05:00  11623.00  11656.50  11614.25  11652.00   11652.00    6859
2022-11-21 08:30:00-05:00  11652.00  11656.75  11644.25  11653.75   11653.75    7545
2022-11-21 09:00:00-05:00  11653.75  11671.75  11639.50  11649.00   11649.00   15355
2022-11-21 09:30:00-05:00  11649.25  11699.75  11628.25  11662.50   11662.50   54348
2022-11-21 10:00:00-05:00  11663.00  11674.50  11587.25  11604.25   11604.25   45916
2022-11-21 10:30:00-05:00  11604.75  11615.75  11575.00  11598.00   11598.00   29236
2022-11-21 11:00:00-05:00  11598.25  11629.25  11586.00  11605.50   11605.50   22947
2022-11-21 11:30:00-05:00  11605.75  11613.50  11564.50  11578.25   11578.25   27609
2022-11-21 12:00:00-05:00  11578.25  11601.00  11558.50  11561.00   11561.00   23835
2022-11-21 12:30:00-05:00  11561.50  11595.75  11553.00  11560.00   11560.00   19810
2022-11-21 13:00:00-05:00  11559.75  11613.50  11557.50  11605.75   11605.75   24768
2022-11-21 13:30:00-05:00  11605.50  11634.50  11598.50  11600.00   11600.00   22154
2022-11-21 14:00:00-05:00  11600.25  11621.00  11582.00  11588.75   11588.75   21829
2022-11-21 14:30:00-05:00  11589.00  11605.00  11579.50  11589.00   11589.00   19204
2022-11-21 15:00:00-05:00  11588.75  11612.50  11577.00  11585.75   11585.75   19782
2022-11-21 15:30:00-05:00  11586.00  11611.75  11577.50  11587.00   11587.00   34671
2022-11-21 16:00:00-05:00  11587.00  11598.00  11585.00  11589.25   11589.25    9496
2022-11-21 16:30:00-05:00  11589.00  11598.25  11587.75  11589.00   11589.00    1860
2022-11-21 18:00:00-05:00  11588.00  11596.00  11578.00  11585.75   11585.75    1122
2022-11-21 18:30:00-05:00  11587.00  11596.50  11582.75  11593.75   11593.75    1060
2022-11-21 19:00:00-05:00  11594.25  11618.00  11592.75  11617.50   11617.50    2587
2022-11-21 19:30:00-05:00  11618.00  11623.50  11609.00  11610.50   11610.50    1852
2022-11-21 20:00:00-05:00  11611.25  11620.00  11604.75  11615.75   11615.75    1831
2022-11-21 20:30:00-05:00  11615.00  11626.00  11604.25  11605.50   11605.50    1953
2022-11-21 21:00:00-05:00  11605.50  11614.00  11602.00  11604.50   11604.50    1332
2022-11-21 21:30:00-05:00  11604.25  11609.25  11595.00  11606.50   11606.50    1896
2022-11-21 22:00:00-05:00  11607.00  11616.25  11603.00  11615.00   11615.00    1073
2022-11-21 22:30:00-05:00  11615.75  11618.50  11609.00  11609.25   11609.25    1042
2022-11-21 23:00:00-05:00  11609.50  11610.50  11605.75  11608.50   11608.50     628
2022-11-21 23:30:00-05:00  11608.50  11611.50  11603.50  11604.00   11604.00     627
2022-11-22 00:00:00-05:00  11603.75  11603.75  11589.25  11592.25   11592.25    1716
2022-11-22 00:30:00-05:00  11593.25  11595.75  11581.50  11583.50   11583.50    1692
2022-11-22 01:00:00-05:00  11582.75  11592.75  11581.25  11589.25   11589.25    1668
2022-11-22 01:30:00-05:00  11589.50  11590.25  11572.00  11577.75   11577.75    1573
2022-11-22 02:00:00-05:00  11578.00  11581.25  11561.50  11576.00   11576.00    2785
2022-11-22 02:30:00-05:00  11576.00  11593.00  11572.25  11585.75   11585.75    1740
2022-11-22 03:00:00-05:00  11585.25  11588.25  11550.50  11563.00   11563.00    5974
2022-11-22 03:30:00-05:00  11563.50  11566.00  11526.75  11553.50   11553.50    6615
2022-11-22 04:00:00-05:00  11552.75  11589.50  11551.50  11588.00   11588.00    5848
2022-11-22 04:30:00-05:00  11588.50  11624.00  11588.00  11615.00   11615.00    7878
2022-11-22 05:00:00-05:00  11614.75  11619.00  11598.25  11598.50   11598.50    3808
2022-11-22 05:30:00-05:00  11598.50  11609.50  11595.25  11608.00   11608.00    2142
2022-11-22 06:00:00-05:00  11607.25  11614.00  11577.75  11599.25   11599.25    4928
2022-11-22 06:30:00-05:00  11598.50  11603.00  11565.50  11585.00   11585.00    4673
2022-11-22 07:00:00-05:00  11585.75  11610.25  11579.00  11608.25   11608.25    4173
2022-11-22 07:30:00-05:00  11607.75  11614.00  11597.25  11608.25   11608.25    3494
2022-11-22 08:00:00-05:00  11607.75  11634.00  11607.25  11615.00   11615.00    7146
2022-11-22 08:30:00-05:00  11615.00  11641.50  11612.25  11637.00   11637.00    7252
2022-11-22 09:00:00-05:00  11637.25  11642.00  11610.75  11617.25   11617.25   10254
2022-11-22 09:30:00-05:00  11617.25  11628.25  11527.25  11546.00   11546.00   58294
2022-11-22 10:00:00-05:00  11546.50  11619.75  11540.00  11608.50   11608.50   46092
2022-11-22 10:30:00-05:00  11609.25  11654.50  11580.50  11651.00   11651.00   46751
2022-11-22 11:00:00-05:00  11651.25  11656.25  11622.00  11642.00   11642.00   30441
2022-11-22 11:30:00-05:00  11642.50  11647.75  11616.00  11643.25   11643.25   26250
2022-11-22 12:00:00-05:00  11643.75  11668.50  11641.75  11652.25   11652.25   25925
2022-11-22 12:30:00-05:00  11652.50  11663.75  11645.75  11653.75   11653.75   17056
2022-11-22 13:00:00-05:00  11654.00  11693.00  11644.25  11688.50   11688.50   26949
2022-11-22 13:30:00-05:00  11689.00  11700.00  11684.25  11698.25   11698.25   29323
2022-11-22 14:00:00-05:00  11698.50  11707.25  11674.25  11685.75   11685.75   27207
2022-11-22 14:30:00-05:00  11685.75  11704.00  11678.50  11699.50   11699.50   20513
2022-11-22 15:00:00-05:00  11699.25  11731.00  11696.75  11728.00   11728.00   21300
2022-11-22 15:30:00-05:00  11727.75  11759.00  11725.25  11750.75   11750.75   34098
2022-11-22 16:00:00-05:00  11751.25  11754.50  11737.25  11741.00   11741.00   10531
2022-11-22 16:30:00-05:00  11741.00  11741.50  11733.50  11739.25   11739.25    1586
2022-11-22 18:00:00-05:00  11741.50  11751.75  11740.75  11745.25   11745.25     847
2022-11-22 18:30:00-05:00  11746.25  11748.25  11738.25  11744.75   11744.75     897
2022-11-22 19:00:00-05:00  11745.25  11756.00  11744.75  11745.75   11745.75    1330
2022-11-22 19:30:00-05:00  11746.00  11747.50  11736.50  11738.50   11738.50    1156
2022-11-22 20:00:00-05:00  11738.25  11738.75  11723.75  11729.50   11729.50    1715
2022-11-22 20:30:00-05:00  11729.00  11735.00  11721.75  11729.75   11729.75    1387
2022-11-22 21:00:00-05:00  11729.50  11734.25  11723.00  11728.00   11728.00     771
2022-11-22 21:30:00-05:00  11728.50  11736.75  11723.25  11736.75   11736.75     975
2022-11-22 22:00:00-05:00  11737.00  11737.00  11729.50  11731.75   11731.75     527
2022-11-22 22:30:00-05:00  11732.00  11737.00  11726.00  11728.00   11728.00     862
2022-11-22 23:00:00-05:00  11728.00  11728.75  11720.00  11726.50   11726.50    1020
2022-11-22 23:30:00-05:00  11726.75  11730.75  11724.00  11727.75   11727.75     549
2022-11-23 00:00:00-05:00  11727.50  11734.00  11725.25  11733.00   11733.00     881
2022-11-23 00:30:00-05:00  11733.50  11742.75  11728.25  11741.25   11741.25    1228
2022-11-23 01:00:00-05:00  11742.00  11748.50  11728.25  11732.00   11732.00    1738
2022-11-23 01:30:00-05:00  11732.25  11742.25  11730.75  11742.00   11742.00     911
2022-11-23 02:00:00-05:00  11741.50  11746.25  11728.50  11746.25   11746.25    2058
2022-11-23 02:30:00-05:00  11746.25  11770.00  11743.50  11761.75   11761.75    3307
2022-11-23 03:00:00-05:00  11761.75  11766.25  11747.25  11755.00   11755.00    3949
2022-11-23 03:30:00-05:00  11755.75  11758.75  11739.25  11746.25   11746.25    3473
2022-11-23 04:00:00-05:00  11746.75  11765.50  11740.50  11756.25   11756.25    3031
2022-11-23 04:30:00-05:00  11756.50  11781.25  11755.00  11772.50   11772.50    2996
2022-11-23 05:00:00-05:00  11772.50  11772.75  11753.50  11758.00   11758.00    2975
2022-11-23 05:30:00-05:00  11758.75  11765.25  11748.75  11758.00   11758.00    1796
2022-11-23 06:00:00-05:00  11758.50  11765.00  11745.75  11764.00   11764.00    2611
2022-11-23 06:30:00-05:00  11764.50  11777.50  11762.00  11777.00   11777.00    2556
2022-11-23 07:00:00-05:00  11777.00  11785.50  11760.75  11776.50   11776.50    3245
2022-11-23 07:30:00-05:00  11776.50  11793.50  11773.50  11783.50   11783.50    3402
2022-11-23 08:00:00-05:00  11782.25  11783.25  11753.50  11756.75   11756.75    5101
2022-11-23 08:30:00-05:00  11757.50  11778.25  11738.00  11758.75   11758.75   13538
2022-11-23 09:00:00-05:00  11758.75  11767.75  11746.00  11749.50   11749.50    9413
2022-11-23 09:30:00-05:00  11749.75  11852.00  11745.25  11832.50   11832.50   55546
2022-11-23 10:00:00-05:00  11832.75  11868.25  11802.25  11859.00   11859.00   38051