                                   Open      High       Low     Close  Adj Close  Volume
Datetime                                                                                
2023-03-13 10:30:00-04:00  11901.750000  11959.00  11844.00  11947.25   11947.25    8409
2023-03-13 11:00:00-04:00  11948.750000  12047.00  11933.25  12040.25   12040.25   40902
2023-03-13 11:30:00-04:00  12039.500000  12061.75  11978.00  12035.50   12035.50   44125
2023-03-13 12:00:00-04:00  12035.750000  12077.00  11984.50  12010.75   12010.75   40368
2023-03-13 12:30:00-04:00  12010.000000  12050.00  11959.50  11975.75   11975.75   36304
2023-03-13 13:00:00-04:00  11976.250000  12002.75  11929.50  11961.00   11961.00   25956
2023-03-13 13:30:00-04:00  11960.750000  12018.50  11934.00  12007.50   12007.50   18939
2023-03-13 14:00:00-04:00  12007.250000  12072.00  12005.75  12046.75   12046.75   23756
2023-03-13 14:30:00-04:00  12045.750000  12086.00  12014.25  12047.75   12047.75   22423
2023-03-13 15:00:00-04:00  12046.750000  12066.25  11949.75  11966.50   11966.50   21929
2023-03-13 15:30:00-04:00  11967.250000  12031.00  11927.25  11930.50   11930.50   32447
2023-03-13 16:00:00-04:00  11930.000000  11956.00  11922.50  11936.75   11936.75    6645
2023-03-13 16:30:00-04:00  11937.750000  11958.25  11935.00  11950.75   11950.75    2387
2023-03-13 18:00:00-04:00  11960.000000  11966.00  11930.25  11960.25   11960.25     866
2023-03-13 18:30:00-04:00  11959.750000  11972.00  11948.75  11968.00   11968.00     559
2023-03-13 19:00:00-04:00  11968.750000  11974.00  11941.25  11948.25   11948.25     968
2023-03-13 19:30:00-04:00  11947.250000  11966.00  11944.50  11946.75   11946.75     849
2023-03-13 20:00:00-04:00  11948.750000  11987.25  11935.75  11977.00   11977.00    2400
2023-03-13 20:30:00-04:00  11977.250000  11991.25  11961.75  11968.00   11968.00    1592
2023-03-13 21:00:00-04:00  11967.250000  11993.00  11964.00  11981.50   11981.50    1910
2023-03-13 21:30:00-04:00  11980.750000  11988.00  11954.00  11976.00   11976.00    1745
2023-03-13 22:00:00-04:00  11975.250000  12013.00  11974.75  12005.25   12005.25    2091
2023-03-13 22:30:00-04:00  12006.250000  12007.50  11994.75  11999.25   11999.25    1160
2023-03-13 23:00:00-04:00  11999.000000  12004.75  11983.50  11994.00   11994.00     991
2023-03-13 23:30:00-04:00  11995.000000  12004.75  11987.25  11988.75   11988.75     548
2023-03-14 00:00:00-04:00  11990.500000  12003.25  11990.50  12001.75   12001.75     349
2023-03-14 00:30:00-04:00  12000.750000  12003.00  11983.00  11989.00   11989.00     522
2023-03-14 01:00:00-04:00  11990.000000  12001.75  11960.50  11960.50   11960.50     858
2023-03-14 01:30:00-04:00  11960.250000  11977.25  11957.00  11969.00   11969.00    1211
2023-03-14 02:00:00-04:00  11969.250000  11978.75  11932.00  11954.25   11954.25    2828
2023-03-14 02:30:00-04:00  11952.750000  11980.25  11942.50  11974.75   11974.75    1300
2023-03-14 03:00:00-04:00  11979.000000  12001.50  11945.75  11960.00   11960.00    2961
2023-03-14 03:30:00-04:00  11958.000000  11980.75  11950.00  11962.50   11962.50    2017
2023-03-14 04:00:00-04:00  11963.250000  11996.50  11957.00  11994.25   11994.25    4982
2023-03-14 04:30:00-04:00  11991.750000  12006.25  11981.75  11999.25   11999.25    5070
2023-03-14 05:00:00-04:00  11996.500000  12000.25  11957.00  11974.50   11974.50    3670
2023-03-14 05:30:00-04:00  11974.750000  11984.00  11960.00  11963.25   11963.25    2924
2023-03-14 06:00:00-04:00  11961.750000  11980.00  11944.75  11978.75   11978.75    3820
2023-03-14 06:30:00-04:00  11979.000000  11986.50  11955.75  11980.50   11980.50    2674
2023-03-14 07:00:00-04:00  11980.500000  12017.75  11975.25  12005.25   12005.25    4482
2023-03-14 07:30:00-04:00  12004.500000  12023.75  11996.25  12001.25   12001.25    5786
2023-03-14 08:00:00-04:00  12001.750000  12044.00  11999.75  12040.00   12040.00    7448
2023-03-14 08:30:00-04:00  12025.000000  12073.00  11921.75  12054.75   12054.75   23637
2023-03-14 09:00:00-04:00  12055.000000  12084.25  12046.00  12074.50   12074.50   10543
2023-03-14 09:30:00-04:00  12076.000000  12159.00  12070.50  12128.50   12128.50   45743
2023-03-14 10:00:00-04:00  12129.500000  12177.75  12114.50  12174.50   12174.50   25886
2023-03-14 10:30:00-04:00  12175.000000  12193.75  12156.50  12159.00   12159.00   21252
2023-03-14 11:00:00-04:00  12159.500000  12215.75  12158.50  12208.25   12208.25   17668
2023-03-14 11:30:00-04:00  12207.500000  12223.00  12199.75  12201.00   12201.00   16105
2023-03-14 12:00:00-04:00  12201.250000  12213.75  12169.00  12182.00   12182.00   13426
2023-03-14 12:30:00-04:00  12182.000000  12212.00  12170.25  12186.75   12186.75   11062
2023-03-14 13:00:00-04:00  12188.000000  12196.25  12095.50  12143.50   12143.50   18178
2023-03-14 13:30:00-04:00  12143.750000  12163.00  12101.50  12112.50   12112.50   14586
2023-03-14 14:00:00-04:00  12111.500000  12133.25  12060.75  12126.50   12126.50   15608
2023-03-14 14:30:00-04:00  12125.750000  12140.25  12098.50  12104.50   12104.50    8819
2023-03-14 15:00:00-04:00  12105.000000  12122.50  12039.25  12076.50   12076.50   13533
2023-03-14 15:30:00-04:00  12076.750000  12215.00  12065.75  12198.50   12198.50   24230
2023-03-14 16:00:00-04:00  12199.750000  12206.75  12180.25  12193.25   12193.25    4610
2023-03-14 16:30:00-04:00  12195.750000  12206.50  12190.75  12205.00   12205.00    1314
2023-03-14 18:00:00-04:00  12200.750000  12204.75  12186.00  12194.25   12194.25     531
2023-03-14 18:30:00-04:00  12191.500000  12193.50  12184.50  12186.25   12186.25     229
2023-03-14 19:00:00-04:00  12188.250000  12205.75  12188.00  12199.75   12199.75     505
2023-03-14 19:30:00-04:00  12199.500000  12203.25  12187.75  12196.75   12196.75     548
2023-03-14 20:00:00-04:00  12196.500000  12197.50  12180.25  12182.00   12182.00     647
2023-03-14 20:30:00-04:00  12182.750000  12200.25  12182.75  12193.75   12193.75     653
2023-03-14 21:00:00-04:00  12193.250000  12213.75  12191.25  12205.25   12205.25     730
2023-03-14 21:30:00-04:00  12205.000000  12208.75  12195.75  12207.00   12207.00     596
2023-03-14 22:00:00-04:00  12207.250000  12234.75  12205.00  12229.00   12229.00    1064
2023-03-14 22:30:00-04:00  12229.000000  12245.25  12219.50  12239.25   12239.25     921
2023-03-14 23:00:00-04:00  12238.000000  12241.00  12226.00  12228.75   12228.75     598
2023-03-14 23:30:00-04:00  12229.750000  12230.25  12216.25  12219.50   12219.50     581
2023-03-15 00:00:00-04:00  12220.500000  12221.00  12213.50  12214.75   12214.75     573
2023-03-15 00:30:00-04:00  12215.250000  12223.25  12203.50  12217.00   12217.00     545
2023-03-15 01:00:00-04:00  12217.250000  12218.25  12197.00  12199.50   12199.50     497
2023-03-15 01:30:00-04:00  12199.500000  12202.50  12192.00  12202.25   12202.25     600
2023-03-15 02:00:00-04:00  12202.500000  12235.00  12201.50  12229.25   12229.25    1143
2023-03-15 02:30:00-04:00  12228.500000  12239.50  12221.00  12227.50   12227.50     553
2023-03-15 03:00:00-04:00  12229.250000  12236.75  12217.75  12218.75   12218.75    1087
2023-03-15 03:30:00-04:00  12218.750000  12219.50  12197.50  12211.50   12211.50    1348
2023-03-15 04:00:00-04:00  12211.750000  12236.75  12197.00  12210.25   12210.25    2809
2023-03-15 04:30:00-04:00  12211.500000  12228.25  12197.00  12199.50   12199.50    1898
2023-03-15 05:00:00-04:00  12200.000000  12202.00  12150.00  12159.00   12159.00    2794
2023-03-15 05:30:00-04:00  12157.750000  12157.75  12114.00  12121.00   12121.00    3985
2023-03-15 06:00:00-04:00  12120.750000  12135.00  12067.25  12071.50   12071.50    4688
2023-03-15 06:30:00-04:00  12072.500000  12096.00  11972.00  12012.00   12012.00    7575
2023-03-15 07:00:00-04:00  12013.750000  12062.00  12010.00  12049.75   12049.75    6072
2023-03-15 07:30:00-04:00  12049.500000  12058.25  12024.00  12036.75   12036.75    5609
2023-03-15 08:00:00-04:00  12036.250000  12056.50  12012.00  12041.25   12041.25    4969
2023-03-15 08:30:00-04:00  12035.250000  12096.25  11983.25  12028.50   12028.50   10735
2023-03-15 09:00:00-04:00  12029.000000  12104.00  12007.00  12086.00   12086.00   11737
2023-03-15 09:30:00-04:00  12087.000000  12149.00  12070.00  12084.50   12084.50   19414
2023-03-15 10:00:00-04:00  12084.500000  12146.00  12061.25  12079.00   12079.00   22253
2023-03-15 10:30:00-04:00  12077.000000  12115.00  12029.00  12108.00   12108.00   15074
2023-03-15 11:00:00-04:00  12109.000000  12141.75  12088.25  12115.75   12115.75    8899
2023-03-15 11:30:00-04:00  12117.500000  12186.25  12108.75  12138.25   12138.25    9109
2023-03-15 12:00:00-04:00  12145.000000  12150.75  12078.75  12100.00   12100.00    7525
2023-03-15 12:30:00-04:00  12099.000000  12124.25  12060.00  12075.00   12075.00    5851
2023-03-15 13:00:00-04:00  12074.500000  12164.00  12063.75  12158.00   12158.00   10131
2023-03-15 13:30:00-04:00  12158.250000  12180.50  12110.75  12163.25   12163.25    8917
2023-03-15 14:00:00-04:00  12163.750000  12263.50  12130.00  12224.50   12224.50   14734
2023-03-15 14:30:00-04:00  12227.000000  12256.75  12197.75  12250.00   12250.00   11969
2023-03-15 15:00:00-04:00  12250.250000  12280.00  12205.00  12258.50   12258.50   15952
2023-03-15 15:30:00-04:00  12257.500000  12268.25  12173.00  12260.50   12260.50   17679
2023-03-15 16:00:00-04:00  12261.500000  12274.75  12244.25  12266.25   12266.25    6170
2023-03-15 16:30:00-04:00  12266.500000  12276.00  12263.75  12268.75   12268.75     566
2023-03-15 18:00:00-04:00  12264.500000  12280.00  12254.50  12277.25   12277.25     296
2023-03-15 18:30:00-04:00  12278.250000  12297.50  12278.25  12289.00   12289.00     252
2023-03-15 19:00:00-04:00  12290.250000  12302.50  12289.00  12290.00   12290.00     238
2023-03-15 19:30:00-04:00  12291.250000  12299.75  12264.50  12276.25   12276.25     306
2023-03-15 20:00:00-04:00  12278.000000  12315.00  12277.25  12311.25   12311.25     386
2023-03-15 20:30:00-04:00  12309.750000  12329.00  12297.75  12322.25   12322.25     743
2023-03-15 21:00:00-04:00  12319.500000  12332.25  12296.75  12305.25   12305.25     921
2023-03-15 21:30:00-04:00  12303.750000  12326.00  12298.75  12303.50   12303.50     304
2023-03-15 22:00:00-04:00  12305.250000  12315.00  12291.25  12312.50   12312.50     310
2023-03-15 22:30:00-04:00  12311.500000  12320.75  12305.50  12308.00   12308.00     215
2023-03-15 23:00:00-04:00  12310.000000  12311.50  12303.00  12308.00   12308.00     139
2023-03-15 23:30:00-04:00  12309.500000  12313.00  12286.00  12297.50   12297.50     255
2023-03-16 00:00:00-04:00  12300.250000  12314.50  12300.25  12307.00   12307.00     260
2023-03-16 00:30:00-04:00  12307.500000  12321.25  12304.25  12319.00   12319.00     289
2023-03-16 01:00:00-04:00  12319.250000  12320.50  12298.50  12305.75   12305.75     308
2023-03-16 01:30:00-04:00  12305.250000  12317.25  12302.00  12303.00   12303.00     335
2023-03-16 02:00:00-04:00  12304.500000  12306.75  12284.50  12288.75   12288.75     780
2023-03-16 02:30:00-04:00  12291.500000  12300.75  12268.25  12275.50   12275.50     385
2023-03-16 03:00:00-04:00  12273.750000  12282.25  12259.25  12271.50   12271.50     934
2023-03-16 03:30:00-04:00  12271.500000  12322.25  12271.50  12316.50   12316.50    1219
2023-03-16 04:00:00-04:00  12314.500000  12326.00  12280.25  12303.00   12303.00    3591
2023-03-16 04:30:00-04:00  12303.750000  12315.00  12286.00  12286.75   12286.75    2508
2023-03-16 05:00:00-04:00  12286.750000  12294.50  12257.00  12276.75   12276.75    2829
2023-03-16 05:30:00-04:00  12277.000000  12291.25  12249.25  12274.75   12274.75    2236
2023-03-16 06:00:00-04:00  12274.250000  12288.50  12264.50  12286.00   12286.00    1198
2023-03-16 06:30:00-04:00  12287.250000  12292.25  12258.75  12287.75   12287.75    1411
2023-03-16 07:00:00-04:00  12288.500000  12289.00  12252.25  12266.50   12266.50    2103
2023-03-16 07:30:00-04:00  12266.250000  12299.50  12262.75  12282.00   12282.00    1977
2023-03-16 08:00:00-04:00  12284.000000  12298.50  12270.00  12284.00   12284.00    2221
2023-03-16 08:30:00-04:00  12279.500000  12292.25  12223.25  12245.25   12245.25    6864
2023-03-16 09:00:00-04:00  12244.750000  12257.75  12206.00  12217.75   12217.75    5702
2023-03-16 09:30:00-04:00  12217.000000  12290.75  12189.25  12290.75   12290.75   17248
2023-03-16 10:00:00-04:00  12289.250000  12306.75  12237.75  12280.50   12280.50   15736
2023-03-16 10:30:00-04:00  12280.000000  12405.00  12264.00  12389.50   12389.50   16870
2023-03-16 11:00:00-04:00  12388.750000  12466.50  12371.00  12465.00   12465.00   13425
2023-03-16 11:30:00-04:00  12466.750000  12525.75  12453.25  12510.25   12510.25    9848
2023-03-16 12:00:00-04:00  12511.250000  12521.25  12456.75  12502.75   12502.75    7472
2023-03-16 12:30:00-04:00  12504.250000  12551.00  12477.75  12539.50   12539.50    9281
2023-03-16 13:00:00-04:00  12539.750000  12553.50  12503.25  12530.75   12530.75    6395
2023-03-16 13:30:00-04:00  12530.500000  12539.25  12499.25  12528.00   12528.00    5176
2023-03-16 14:00:00-04:00  12528.500000  12536.25  12501.00  12534.75   12534.75    4893
2023-03-16 14:30:00-04:00  12535.500000  12557.50  12501.25  12554.25   12554.25    6005
2023-03-16 15:00:00-04:00  12554.500000  12600.50  12547.50  12594.25   12594.25    6219
2023-03-16 15:30:00-04:00  12594.000000  12595.00  12555.50  12583.00   12583.00   10676
2023-03-16 16:00:00-04:00  12584.000000  12595.00  12563.00  12590.00   12590.00    1789
2023-03-16 16:30:00-04:00  12586.500000  12590.50  12576.75  12580.50   12580.50     774
2023-03-16 18:00:00-04:00  12575.750000  12586.50  12560.75  12571.00   12571.00     206
2023-03-16 18:30:00-04:00  12570.000000  12588.25  12566.75  12585.25   12585.25      99
2023-03-16 19:00:00-04:00  12583.000000  12598.00  12583.00  12591.75   12591.75      91
2023-03-16 19:30:00-04:00  12592.000000  12592.50  12586.25  12592.50   12592.50      59
2023-03-16 20:00:00-04:00  12588.750000  12589.75  12572.50  12579.00   12579.00     201
2023-03-16 20:30:00-04:00  12580.000000  12587.50  12572.00  12574.75   12574.75     244
2023-03-16 21:00:00-04:00  12574.750000  12583.25  12571.50  12583.25   12583.25     117
2023-03-16 21:30:00-04:00  12582.250000  12584.25  12572.00  12577.00   12577.00     145
2023-03-16 22:00:00-04:00  12577.000000  12586.50  12577.00  12579.75   12579.75      72
2023-03-16 22:30:00-04:00  12579.500000  12583.00  12575.50  12577.75   12577.75      32
2023-03-16 23:00:00-04:00  12577.250000  12595.50  12575.50  12593.75   12593.75     286
2023-03-16 23:30:00-04:00  12594.500000  12594.50  12587.50  12589.25   12589.25      46
2023-03-17 00:00:00-04:00  12590.500000  12611.25  12590.50  12603.00   12603.00     103
2023-03-17 00:30:00-04:00  12603.000000  12608.00  12600.75  12608.00   12608.00      87
2023-03-17 01:00:00-04:00  12605.500000  12614.50  12604.50  12610.25   12610.25      84
2023-03-17 01:30:00-04:00  12614.000000  12615.50  12606.50  12609.75   12609.75      55
2023-03-17 02:00:00-04:00  12608.500000  12609.75  12600.25  12606.25   12606.25      80
2023-03-17 02:30:00-04:00  12605.250000  12631.75  12603.00  12631.75   12631.75     102
2023-03-17 03:00:00-04:00  12630.000000  12636.50  12603.25  12606.50   12606.50     152
2023-03-17 03:30:00-04:00  12610.000000  12627.50  12610.00  12613.00   12613.00     529
2023-03-17 04:00:00-04:00  12610.250000  12630.50  12605.75  12622.50   12622.50     457
2023-03-17 04:30:00-04:00  12626.000000  12626.00  12590.00  12592.50   12592.50     374
2023-03-17 05:00:00-04:00  12600.000000  12610.75  12576.25  12597.25   12597.25     258
2023-03-17 05:30:00-04:00  12593.200195  12600.50  12585.00  12600.50   12600.50     215
2023-03-17 06:00:00-04:00  12598.500000  12602.50  12580.50  12591.50   12591.50     461
2023-03-17 06:30:00-04:00  12592.500000  12602.75  12588.75  12590.00   12590.00     119
2023-03-17 07:00:00-04:00  12585.250000  12600.25  12579.00  12582.00   12582.00     281
2023-03-17 07:30:00-04:00  12582.250000  12607.00  12567.00  12602.00   12602.00     681
2023-03-17 08:00:00-04:00  12608.500000  12608.50  12537.00  12541.00   12541.00     971
2023-03-17 08:30:00-04:00  12540.500000  12561.75  12531.75  12546.00   12546.00     674
2023-03-17 09:00:00-04:00  12547.500000  12611.75  12546.25  12600.75   12600.75     804
2023-03-17 16:30:00-04:00  12648.500000  12648.50  12648.50  12648.50   12648.50  711179
2023-03-19 18:00:00-04:00  12690.000000  12750.00  12662.75  12704.75   12704.75    7157
2023-03-19 18:30:00-04:00  12704.250000  12733.50  12696.00  12702.25   12702.25    5175
2023-03-19 19:00:00-04:00  12702.000000  12710.00  12685.00  12695.00   12695.00    2763
2023-03-19 19:30:00-04:00  12695.000000  12721.50  12694.25  12706.25   12706.25    2989
2023-03-19 20:00:00-04:00  12706.250000  12727.50  12705.50  12723.50   12723.50    3636
2023-03-19 20:30:00-04:00  12723.500000  12725.00  12705.00  12711.00   12711.00    2704
2023-03-19 21:00:00-04:00  12710.750000  12710.75  12690.25  12697.25   12697.25    3517
2023-03-19 21:30:00-04:00  12697.500000  12700.50  12656.25  12675.25   12675.25    5068
2023-03-19 22:00:00-04:00  12674.000000  12686.50  12674.00  12681.00   12681.00    2160
2023-03-19 22:30:00-04:00  12682.000000  12691.75  12669.25  12691.25   12691.25    2889
2023-03-19 23:00:00-04:00  12691.250000  12693.00  12668.00  12672.25   12672.25    2977
2023-03-19 23:30:00-04:00  12673.000000  12678.75  12661.25  12669.50   12669.50    2758
2023-03-20 00:00:00-04:00  12666.500000  12678.75  12662.00  12670.00   12670.00    1464
2023-03-20 00:30:00-04:00  12670.500000  12672.00  12635.75  12656.00   12656.00    4024
2023-03-20 01:00:00-04:00  12657.000000  12667.25  12650.75  12659.25   12659.25    2279
2023-03-20 01:30:00-04:00  12658.750000  12667.75  12645.50  12653.25   12653.25    1875
2023-03-20 02:00:00-04:00  12652.250000  12658.00  12601.50  12601.50   12601.50    4526
2023-03-20 02:30:00-04:00  12602.250000  12607.75  12532.50  12571.25   12571.25   12211
2023-03-20 03:00:00-04:00  12571.500000  12605.50  12570.00  12581.50   12581.50    8905
2023-03-20 03:30:00-04:00  12580.500000  12598.25  12552.00  12591.50   12591.50    6834
2023-03-20 04:00:00-04:00  12591.250000  12610.75  12525.25  12551.50   12551.50   18186
2023-03-20 04:30:00-04:00  12550.750000  12619.00  12544.25  12616.50   12616.50   10879
2023-03-20 05:00:00-04:00  12617.750000  12653.00  12602.75  12617.25   12617.25    9473
2023-03-20 05:30:00-04:00  12617.250000  12663.00  12615.50  12654.00   12654.00    6765
2023-03-20 06:00:00-04:00  12653.000000  12683.00  12637.50  12651.50   12651.50    6252
2023-03-20 06:30:00-04:00  12649.000000  12673.75  12641.50  12655.75   12655.75    6184
2023-03-20 07:00:00-04:00  12655.500000  12663.00  12621.25  12651.00   12651.00    6496
2023-03-20 07:30:00-04:00  12651.000000  12664.75  12613.50  12637.50   12637.50    6018
2023-03-20 08:00:00-04:00  12642.000000  12653.50  12615.75  12641.75   12641.75    8115
2023-03-20 08:30:00-04:00  12640.500000  12688.50  12638.25  12671.75   12671.75   12759
2023-03-20 09:00:00-04:00  12672.000000  12674.00  12619.75  12623.75   12623.75   13643
2023-03-20 09:30:00-04:00  12623.000000  12633.00  12529.50  12565.00   12565.00   80018
2023-03-20 10:00:00-04:00  12564.500000  12615.00  12554.75  12606.50   12606.50   50903