                               Open      High       Low     Close  Adj Close  Volume
Datetime                                                                            
2023-02-16 10:30:00-05:00  12664.25  12670.50  12633.25  12649.50   12649.50    6150
2023-02-16 11:00:00-05:00  12649.50  12673.25  12619.75  12642.50   12642.50   37544
2023-02-16 11:30:00-05:00  12643.75  12668.50  12627.50  12641.00   12641.00   26478
2023-02-16 12:00:00-05:00  12641.25  12658.25  12605.25  12652.00   12652.00   26494
2023-02-16 12:30:00-05:00  12652.00  12694.25  12644.25  12653.25   12653.25   29418
2023-02-16 13:00:00-05:00  12653.25  12672.50  12624.75  12630.25   12630.25   24898
2023-02-16 13:30:00-05:00  12630.75  12673.75  12622.50  12663.00   12663.00   22201
2023-02-16 14:00:00-05:00  12663.75  12677.75  12631.75  12655.25   12655.25   21233
2023-02-16 14:30:00-05:00  12655.25  12676.50  12650.50  12652.25   12652.25   20089
2023-02-16 15:00:00-05:00  12652.25  12657.50  12514.50  12514.50   12514.50   54734
2023-02-16 15:30:00-05:00  12514.25  12527.75  12475.75  12481.25   12481.25   65959
2023-02-16 16:00:00-05:00  12481.50  12486.25  12456.00  12456.75   12456.75   15918
2023-02-16 16:30:00-05:00  12457.00  12472.50  12455.25  12466.25   12466.25    4001
2023-02-16 18:00:00-05:00  12462.50  12466.25  12421.00  12431.00   12431.00    4627
2023-02-16 18:30:00-05:00  12430.75  12436.50  12422.00  12428.25   12428.25    2224
2023-02-16 19:00:00-05:00  12428.00  12436.25  12421.25  12427.50   12427.50    2513
2023-02-16 19:30:00-05:00  12427.75  12436.50  12423.00  12431.50   12431.50    1741
2023-02-16 20:00:00-05:00  12432.00  12449.50  12426.75  12442.50   12442.50    2715
2023-02-16 20:30:00-05:00  12442.00  12449.50  12419.00  12428.50   12428.50    2916
2023-02-16 21:00:00-05:00  12428.00  12428.75  12413.50  12422.25   12422.25    2457
2023-02-16 21:30:00-05:00  12422.50  12423.50  12412.75  12415.25   12415.25    1803
2023-02-16 22:00:00-05:00  12415.25  12422.00  12408.25  12421.50   12421.50    1955
2023-02-16 22:30:00-05:00  12421.75  12426.25  12416.50  12416.50   12416.50    1556
2023-02-16 23:00:00-05:00  12416.75  12419.50  12404.25  12409.25   12409.25    1910
2023-02-16 23:30:00-05:00  12410.00  12413.50  12401.50  12412.75   12412.75    1378
2023-02-17 00:00:00-05:00  12413.50  12413.50  12394.25  12399.25   12399.25    1873
2023-02-17 00:30:00-05:00  12399.25  12404.75  12394.50  12400.00   12400.00    1524
2023-02-17 01:00:00-05:00  12400.00  12406.50  12379.75  12387.00   12387.00    2493
2023-02-17 01:30:00-05:00  12387.00  12393.25  12381.25  12389.75   12389.75    1867
2023-02-17 02:00:00-05:00  12390.00  12409.75  12376.50  12409.25   12409.25    4052
2023-02-17 02:30:00-05:00  12408.75  12416.50  12396.75  12401.25   12401.25    4071
2023-02-17 03:00:00-05:00  12401.75  12405.25  12365.00  12367.00   12367.00    8617
2023-02-17 03:30:00-05:00  12367.00  12382.00  12338.00  12373.25   12373.25    9680
2023-02-17 04:00:00-05:00  12373.75  12392.00  12363.50  12391.00   12391.00    6146
2023-02-17 04:30:00-05:00  12390.75  12408.25  12373.75  12379.25   12379.25    6008
2023-02-17 05:00:00-05:00  12379.50  12383.50  12359.00  12377.50   12377.50    4270
2023-02-17 05:30:00-05:00  12376.00  12378.00  12356.50  12357.50   12357.50    3876
2023-02-17 06:00:00-05:00  12357.25  12373.50  12343.50  12367.25   12367.25    4734
2023-02-17 06:30:00-05:00  12367.00  12370.25  12349.00  12369.25   12369.25    4329
2023-02-17 07:00:00-05:00  12369.25  12388.25  12363.25  12372.50   12372.50    5559
2023-02-17 07:30:00-05:00  12373.00  12394.00  12364.75  12381.25   12381.25    5877
2023-02-17 08:00:00-05:00  12380.75  12386.25  12360.25  12370.00   12370.00    7192
2023-02-17 08:30:00-05:00  12369.50  12401.75  12368.00  12390.25   12390.25   10161
2023-02-17 09:00:00-05:00  12389.75  12419.00  12384.25  12389.75   12389.75   14918
2023-02-17 09:30:00-05:00  12389.50  12423.75  12296.25  12329.50   12329.50   80544
2023-02-17 10:00:00-05:00  12328.75  12402.25  12324.25  12352.50   12352.50   60805
2023-02-17 10:30:00-05:00  12352.50  12408.75  12315.25  12318.25   12318.25   41937
2023-02-17 11:00:00-05:00  12318.75  12338.50  12287.75  12293.75   12293.75   33520
2023-02-17 11:30:00-05:00  12294.00  12328.25  12275.00  12302.75   12302.75   33826
2023-02-17 12:00:00-05:00  12302.75  12347.75  12302.00  12311.00   12311.00   30319
2023-02-17 12:30:00-05:00  12310.50  12315.25  12265.75  12282.25   12282.25   24567
2023-02-17 13:00:00-05:00  12283.00  12318.75  12275.25  12284.75   12284.75   24874
2023-02-17 13:30:00-05:00  12285.00  12316.00  12277.75  12307.50   12307.50   16933
2023-02-17 14:00:00-05:00  12308.25  12356.25  12304.75  12343.25   12343.25   27286
2023-02-17 14:30:00-05:00  12343.50  12397.00  12342.75  12390.75   12390.75   29466
2023-02-17 15:00:00-05:00  12391.25  12407.75  12354.75  12359.75   12359.75   30297
2023-02-17 15:30:00-05:00  12359.50  12402.00  12355.00  12392.00   12392.00   40278
2023-02-17 16:00:00-05:00  12392.00  12394.75  12381.75  12386.50   12386.50    8575
2023-02-17 16:30:00-05:00  12386.00  12387.00  12380.25  12384.25   12384.25    1710
2023-02-17 17:00:00-05:00  12384.25  12384.25  12384.00  12384.00   12384.00       2
2023-02-19 18:00:00-05:00  12380.00  12383.25  12346.50  12358.00   12358.00    2834
2023-02-19 18:30:00-05:00  12357.25  12361.75  12353.50  12359.75   12359.75     998
2023-02-19 19:00:00-05:00  12359.25  12360.50  12346.75  12353.25   12353.25    1516
2023-02-19 19:30:00-05:00  12353.75  12358.50  12349.00  12354.75   12354.75     916
2023-02-19 20:00:00-05:00  12354.50  12375.75  12352.50  12370.75   12370.75    1778
2023-02-19 20:30:00-05:00  12371.00  12375.50  12367.25  12369.25   12369.25     976
2023-02-19 21:00:00-05:00  12369.50  12376.25  12366.25  12373.75   12373.75     899
2023-02-19 21:30:00-05:00  12373.50  12392.00  12373.50  12389.00   12389.00    1957
2023-02-19 22:00:00-05:00  12389.50  12391.25  12383.00  12390.75   12390.75     888
2023-02-19 22:30:00-05:00  12390.00  12399.00  12387.00  12391.75   12391.75    1293
2023-02-19 23:00:00-05:00  12391.00  12406.50  12390.75  12401.50   12401.50    1136
2023-02-19 23:30:00-05:00  12401.00  12402.00  12392.25  12393.75   12393.75     733
2023-02-21 00:00:00-05:00  12345.50  12360.50  12341.00  12342.00   12342.00    1789
2023-02-21 00:30:00-05:00  12342.25  12353.00  12340.50  12350.50   12350.50    1234
2023-02-21 01:00:00-05:00  12350.25  12355.50  12347.00  12353.50   12353.50     958
2023-02-21 01:30:00-05:00  12353.50  12357.75  12345.75  12354.25   12354.25    1127
2023-02-21 02:00:00-05:00  12354.50  12355.00  12321.00  12327.50   12327.50    3637
2023-02-21 02:30:00-05:00  12326.50  12332.50  12319.25  12320.00   12320.00    1945
2023-02-21 03:00:00-05:00  12319.75  12333.75  12292.00  12296.75   12296.75    6774
2023-02-21 03:30:00-05:00  12295.75  12302.00  12228.00  12233.00   12233.00   11435
2023-02-21 04:00:00-05:00  12233.75  12264.25  12229.00  12256.50   12256.50    9383
2023-02-21 04:30:00-05:00  12255.75  12318.00  12252.00  12293.50   12293.50    8471
2023-02-21 05:00:00-05:00  12293.25  12299.75  12267.00  12282.25   12282.25    4913
2023-02-21 05:30:00-05:00  12282.25  12290.50  12264.75  12266.75   12266.75    3638
2023-02-21 06:00:00-05:00  12267.25  12292.00  12258.75  12284.00   12284.00    4339
2023-02-21 06:30:00-05:00  12283.75  12292.00  12275.50  12283.00   12283.00    3197
2023-02-21 07:00:00-05:00  12282.50  12285.75  12249.00  12260.00   12260.00    6513
2023-02-21 07:30:00-05:00  12260.00  12275.75  12258.75  12263.50   12263.50    4193
2023-02-21 08:00:00-05:00  12263.50  12265.25  12241.00  12250.25   12250.25    7098
2023-02-21 08:30:00-05:00  12250.00  12266.50  12239.25  12240.50   12240.50    8669
2023-02-21 09:00:00-05:00  12240.50  12252.50  12224.50  12228.50   12228.50    9882
2023-02-21 09:30:00-05:00  12229.00  12290.00  12216.50  12228.50   12228.50   68716
2023-02-21 10:00:00-05:00  12228.25  12241.50  12181.75  12186.75   12186.75   53025
2023-02-21 10:30:00-05:00  12187.00  12228.00  12180.50  12186.75   12186.75   36859
2023-02-21 11:00:00-05:00  12188.00  12204.00  12155.50  12161.25   12161.25   32447
2023-02-21 11:30:00-05:00  12161.25  12175.25  12144.75  12151.00   12151.00   29082
2023-02-21 12:00:00-05:00  12150.50  12165.50  12142.75  12144.75   12144.75   18338
2023-02-21 12:30:00-05:00  12145.50  12174.50  12141.25  12171.00   12171.00   15350
2023-02-21 13:00:00-05:00  12171.50  12175.00  12137.00  12146.75   12146.75   17738
2023-02-21 13:30:00-05:00  12147.00  12151.50  12132.50  12138.00   12138.00   15926
2023-02-21 14:00:00-05:00  12138.25  12139.00  12106.50  12119.50   12119.50   25444
2023-02-21 14:30:00-05:00  12119.50  12145.25  12115.50  12124.00   12124.00   21346
2023-02-21 15:00:00-05:00  12124.50  12141.50  12101.75  12110.25   12110.25   20863
2023-02-21 15:30:00-05:00  12110.25  12128.00  12090.25  12098.00   12098.00   46589
2023-02-21 16:00:00-05:00  12099.00  12118.50  12098.25  12112.25   12112.25   11950
2023-02-21 16:30:00-05:00  12112.00  12115.25  12107.25  12111.50   12111.50    1540
2023-02-21 18:00:00-05:00  12108.00  12113.25  12098.25  12109.25   12109.25    1594
2023-02-21 18:30:00-05:00  12109.25  12117.00  12103.00  12114.25   12114.25    1788
2023-02-21 19:00:00-05:00  12113.50  12123.50  12109.00  12115.50   12115.50    2205
2023-02-21 19:30:00-05:00  12116.00  12123.00  12108.25  12122.00   12122.00    2417
2023-02-21 20:00:00-05:00  12122.50  12129.75  12113.00  12128.50   12128.50    2266
2023-02-21 20:30:00-05:00  12128.75  12130.00  12114.50  12122.25   12122.25    1906
2023-02-21 21:00:00-05:00  12122.25  12133.25  12118.50  12130.50   12130.50    1890
2023-02-21 21:30:00-05:00  12130.75  12143.25  12126.75  12141.75   12141.75    2255
2023-02-21 22:00:00-05:00  12142.00  12142.25  12134.00  12136.50   12136.50     943
2023-02-21 22:30:00-05:00  12136.25  12139.75  12131.50  12139.00   12139.00     892
2023-02-21 23:00:00-05:00  12139.75  12140.75  12132.50  12133.50   12133.50     620
2023-02-21 23:30:00-05:00  12133.25  12134.25  12121.75  12129.00   12129.00    1205
2023-02-22 00:00:00-05:00  12128.75  12128.75  12119.25  12122.00   12122.00    1253
2023-02-22 00:30:00-05:00  12122.00  12127.75  12120.00  12122.00   12122.00     744
2023-02-22 01:00:00-05:00  12122.00  12128.75  12110.00  12110.00   12110.00    1446
2023-02-22 01:30:00-05:00  12110.50  12120.25  12110.00  12118.75   12118.75    1061
2023-02-22 02:00:00-05:00  12118.50  12129.50  12105.00  12129.25   12129.25    2858
2023-02-22 02:30:00-05:00  12129.75  12140.50  12123.75  12124.25   12124.25    2766
2023-02-22 03:00:00-05:00  12125.00  12145.00  12093.25  12098.00   12098.00    7061
2023-02-22 03:30:00-05:00  12098.50  12099.50  12064.50  12094.50   12094.50    8429
2023-02-22 04:00:00-05:00  12096.00  12117.75  12095.25  12099.00   12099.00    6292
2023-02-22 04:30:00-05:00  12098.75  12121.25  12070.50  12110.00   12110.00    6138
2023-02-22 05:00:00-05:00  12110.00  12112.50  12081.50  12092.00   12092.00    4237
2023-02-22 05:30:00-05:00  12091.50  12113.75  12086.75  12101.50   12101.50    2987
2023-02-22 06:00:00-05:00  12101.50  12106.00  12080.75  12083.00   12083.00    3205
2023-02-22 06:30:00-05:00  12083.75  12097.00  12063.25  12096.00   12096.00    5958
2023-02-22 07:00:00-05:00  12096.00  12147.00  12090.50  12141.50   12141.50    9734
2023-02-22 07:30:00-05:00  12141.25  12163.25  12136.50  12144.25   12144.25    9433
2023-02-22 08:00:00-05:00  12144.25  12148.00  12118.75  12120.25   12120.25    7571
2023-02-22 08:30:00-05:00  12119.75  12139.25  12118.75  12130.75   12130.75    6423
2023-02-22 09:00:00-05:00  12130.75  12136.00  12118.75  12120.00   12120.00    8068
2023-02-22 09:30:00-05:00  12120.25  12174.50  12115.50  12122.50   12122.50   60889
2023-02-22 10:00:00-05:00  12122.75  12125.75  12040.00  12059.50   12059.50   66103
2023-02-22 10:30:00-05:00  12059.25  12112.75  12034.00  12100.25   12100.25   44386
2023-02-22 11:00:00-05:00  12100.50  12114.75  12076.50  12089.75   12089.75   28244
2023-02-22 11:30:00-05:00  12090.00  12117.50  12079.50  12108.50   12108.50   24531
2023-02-22 12:00:00-05:00  12108.75  12132.00  12089.50  12118.75   12118.75   23519
2023-02-22 12:30:00-05:00  12119.00  12149.00  12118.75  12134.00   12134.00   20095
2023-02-22 13:00:00-05:00  12134.25  12167.25  12124.50  12163.50   12163.50   17356
2023-02-22 13:30:00-05:00  12163.00  12169.25  12135.75  12150.00   12150.00   16049
2023-02-22 14:00:00-05:00  12148.25  12190.50  12088.50  12116.00   12116.00   71801
2023-02-22 14:30:00-05:00  12116.25  12128.50  12060.00  12062.50   12062.50   45095
2023-02-22 15:00:00-05:00  12063.25  12104.75  12053.50  12072.75   12072.75   35435
2023-02-22 15:30:00-05:00  12073.00  12103.50  12048.25  12102.25   12102.25   45472
2023-02-22 16:00:00-05:00  12102.75  12118.25  12098.00  12106.00   12106.00   11386
2023-02-22 16:30:00-05:00  12106.50  12179.00  12093.75  12166.50   12166.50    8504
2023-02-22 18:00:00-05:00  12176.25  12179.25  12152.00  12163.50   12163.50    2191
2023-02-22 18:30:00-05:00  12163.50  12169.75  12158.50  12167.50   12167.50    2236
2023-02-22 19:00:00-05:00  12167.00  12178.00  12166.75  12174.25   12174.25    1947
2023-02-22 19:30:00-05:00  12174.75  12176.50  12165.25  12168.75   12168.75    1604
2023-02-22 20:00:00-05:00  12169.00  12179.25  12164.75  12177.50   12177.50    1813
2023-02-22 20:30:00-05:00  12177.25  12199.00  12173.50  12198.50   12198.50    3315
2023-02-22 21:00:00-05:00  12198.50  12209.50  12193.75  12201.50   12201.50    3134
2023-02-22 21:30:00-05:00  12202.00  12207.75  12200.00  12207.75   12207.75    1291
2023-02-22 22:00:00-05:00  12207.75  12212.75  12199.00  12210.00   12210.00    2094
2023-02-22 22:30:00-05:00  12208.75  12209.50  12198.50  12202.00   12202.00     977
2023-02-22 23:00:00-05:00  12202.75  12204.00  12197.50  12203.50   12203.50     573
2023-02-22 23:30:00-05:00  12203.75  12206.75  12200.25  12206.00   12206.00     492
2023-02-23 00:00:00-05:00  12206.50  12206.50  12198.75  12200.25   12200.25     913
2023-02-23 00:30:00-05:00  12200.25  12201.00  12187.00  12190.75   12190.75    1855
2023-02-23 01:00:00-05:00  12190.75  12196.50  12187.25  12193.50   12193.50     902
2023-02-23 01:30:00-05:00  12194.00  12199.25  12189.75  12189.75   12189.75    1134
2023-02-23 02:00:00-05:00  12189.75  12194.25  12182.00  12185.00   12185.00    2035
2023-02-23 02:30:00-05:00  12184.50  12188.00  12181.00  12182.25   12182.25    1815
2023-02-23 03:00:00-05:00  12182.75  12207.25  12174.50  12200.00   12200.00    5997
2023-02-23 03:30:00-05:00  12199.50  12218.25  12198.00  12206.00   12206.00    6126
2023-02-23 04:00:00-05:00  12206.00  12224.25  12150.75  12179.50   12179.50    9267
2023-02-23 04:30:00-05:00  12179.50  12187.00  12163.75  12183.00   12183.00    3599
2023-02-23 05:00:00-05:00  12182.75  12190.00  12177.00  12183.75   12183.75    2576
2023-02-23 05:30:00-05:00  12183.75  12190.75  12171.75  12188.50   12188.50    2304
2023-02-23 06:00:00-05:00  12188.00  12204.00  12178.00  12183.75   12183.75    3256
2023-02-23 06:30:00-05:00  12184.25  12208.75  12182.50  12207.75   12207.75    3466
2023-02-23 07:00:00-05:00  12207.50  12219.25  12196.50  12217.00   12217.00    4737
2023-02-23 07:30:00-05:00  12216.00  12219.75  12203.00  12214.25   12214.25    4712
2023-02-23 08:00:00-05:00  12214.00  12232.25  12205.75  12223.25   12223.25    6877
2023-02-23 08:30:00-05:00  12224.25  12238.00  12185.25  12221.50   12221.50   21335
2023-02-23 09:00:00-05:00  12221.00  12261.00  12220.50  12252.00   12252.00   17860
2023-02-23 09:30:00-05:00  12252.00  12259.75  12197.25  12231.75   12231.75   70715
2023-02-23 10:00:00-05:00  12232.00  12247.25  12164.75  12190.25   12190.25   49937