                               Open      High       Low     Close  Adj Close  Volume
Datetime                                                                            
2023-01-13 10:30:00-05:00  11530.25  11535.00  11510.50  11517.25   11517.25    4009
2023-01-13 11:00:00-05:00  11517.25  11525.75  11462.50  11485.25   11485.25   29269
2023-01-13 11:30:00-05:00  11485.75  11487.75  11454.00  11484.25   11484.25   26820
2023-01-13 12:00:00-05:00  11484.75  11521.00  11480.25  11516.50   11516.50   17431
2023-01-13 12:30:00-05:00  11517.00  11528.50  11500.50  11525.50   11525.50   14818
2023-01-13 13:00:00-05:00  11525.50  11532.50  11504.75  11527.75   11527.75   13376
2023-01-13 13:30:00-05:00  11528.50  11568.25  11525.00  11561.00   11561.00   21120
2023-01-13 14:00:00-05:00  11560.75  11571.75  11548.50  11569.00   11569.00   14703
2023-01-13 14:30:00-05:00  11569.25  11578.75  11554.50  11566.00   11566.00   14600
2023-01-13 15:00:00-05:00  11566.25  11598.75  11563.00  11598.25   11598.25   15514
2023-01-13 15:30:00-05:00  11598.25  11619.50  11588.50  11607.50   11607.50   43169
2023-01-13 16:00:00-05:00  11607.25  11611.00  11586.75  11601.25   11601.25    9783
2023-01-13 16:30:00-05:00  11601.50  11606.75  11600.00  11601.50   11601.50    1768
2023-01-15 18:00:00-05:00  11613.50  11619.75  11589.25  11590.25   11590.25    2321
2023-01-15 18:30:00-05:00  11590.50  11595.50  11582.50  11586.75   11586.75    1467
2023-01-15 19:00:00-05:00  11587.25  11598.75  11583.50  11597.00   11597.00    1548
2023-01-15 19:30:00-05:00  11597.25  11608.75  11596.75  11605.75   11605.75    1640
2023-01-15 20:00:00-05:00  11605.00  11615.25  11602.25  11606.00   11606.00    1711
2023-01-15 20:30:00-05:00  11606.25  11638.75  11601.75  11633.00   11633.00    2329
2023-01-15 21:00:00-05:00  11633.75  11633.75  11626.00  11627.25   11627.25    1218
2023-01-15 21:30:00-05:00  11627.25  11628.25  11621.75  11627.50   11627.50     999
2023-01-15 22:00:00-05:00  11627.75  11629.00  11617.00  11625.75   11625.75     861
2023-01-15 22:30:00-05:00  11626.00  11628.00  11622.75  11626.50   11626.50     562
2023-01-15 23:00:00-05:00  11627.50  11628.25  11623.00  11626.50   11626.50     547
2023-01-15 23:30:00-05:00  11626.50  11626.50  11617.25  11619.00   11619.00     657
2023-01-16 00:00:00-05:00  11617.75  11619.25  11614.25  11616.25   11616.25     724
2023-01-16 00:30:00-05:00  11616.75  11617.25  11603.00  11605.00   11605.00     926
2023-01-16 01:00:00-05:00  11605.75  11607.00  11593.75  11593.75   11593.75    1038
2023-01-16 01:30:00-05:00  11593.25  11597.25  11583.75  11591.25   11591.25    1566
2023-01-16 02:00:00-05:00  11591.00  11591.00  11581.25  11587.00   11587.00    1313
2023-01-16 02:30:00-05:00  11587.00  11591.50  11584.00  11590.75   11590.75     729
2023-01-16 03:00:00-05:00  11591.00  11591.25  11556.00  11561.25   11561.25    3666
2023-01-16 03:30:00-05:00  11560.50  11566.00  11532.25  11538.00   11538.00    4432
2023-01-16 04:00:00-05:00  11538.25  11542.00  11517.75  11534.00   11534.00    4742
2023-01-16 04:30:00-05:00  11534.75  11538.00  11510.50  11515.00   11515.00    3574
2023-01-16 05:00:00-05:00  11515.50  11537.00  11514.75  11536.00   11536.00    2701
2023-01-16 05:30:00-05:00  11535.50  11555.00  11527.75  11553.00   11553.00    2510
2023-01-16 06:00:00-05:00  11553.25  11562.75  11551.00  11557.75   11557.75    2119
2023-01-16 06:30:00-05:00  11557.75  11582.00  11556.00  11563.00   11563.00    4102
2023-01-16 07:00:00-05:00  11563.00  11571.00  11556.00  11560.00   11560.00    2038
2023-01-16 07:30:00-05:00  11560.00  11572.50  11555.50  11568.75   11568.75    2121
2023-01-16 08:00:00-05:00  11569.00  11581.50  11567.00  11575.25   11575.25    2259
2023-01-16 08:30:00-05:00  11575.75  11596.75  11573.25  11588.00   11588.00    4042
2023-01-16 09:00:00-05:00  11587.50  11595.50  11584.75  11590.25   11590.25    2548
2023-01-16 09:30:00-05:00  11591.25  11611.25  11588.00  11599.50   11599.50    6018
2023-01-16 10:00:00-05:00  11599.75  11608.25  11582.00  11587.75   11587.75    4435
2023-01-16 10:30:00-05:00  11587.25  11600.50  11587.25  11595.25   11595.25    2377
2023-01-16 11:00:00-05:00  11595.50  11598.75  11584.00  11586.50   11586.50    2218
2023-01-16 11:30:00-05:00  11586.50  11586.50  11566.50  11571.25   11571.25    3135
2023-01-16 12:00:00-05:00  11570.50  11574.75  11564.25  11569.00   11569.00    1915
2023-01-16 12:30:00-05:00  11568.50  11584.75  11560.50  11564.00   11564.00    2831
2023-01-16 18:00:00-05:00  11570.00  11597.50  11569.00  11592.00   11592.00    2424
2023-01-16 18:30:00-05:00  11593.00  11598.25  11582.75  11585.25   11585.25     980
2023-01-16 19:00:00-05:00  11585.00  11602.00  11569.00  11583.75   11583.75    2790
2023-01-16 19:30:00-05:00  11584.25  11593.25  11578.50  11587.75   11587.75    1308
2023-01-16 20:00:00-05:00  11587.00  11591.50  11565.50  11574.50   11574.50    2200
2023-01-16 20:30:00-05:00  11574.25  11576.75  11551.00  11558.25   11558.25    2706
2023-01-16 21:00:00-05:00  11557.50  11570.75  11546.50  11547.25   11547.25    2126
2023-01-16 21:30:00-05:00  11548.00  11553.50  11542.00  11552.50   11552.50    1652
2023-01-16 22:00:00-05:00  11552.00  11557.25  11543.00  11551.75   11551.75    1800
2023-01-16 22:30:00-05:00  11552.00  11557.50  11547.00  11552.50   11552.50    1093
2023-01-16 23:00:00-05:00  11552.25  11556.00  11545.00  11554.00   11554.00    1169
2023-01-16 23:30:00-05:00  11553.25  11554.25  11545.75  11547.00   11547.00     740
2023-01-17 00:00:00-05:00  11545.25  11548.25  11534.25  11537.50   11537.50    1651
2023-01-17 00:30:00-05:00  11537.50  11544.25  11537.25  11543.75   11543.75     848
2023-01-17 01:00:00-05:00  11544.00  11552.00  11542.25  11551.50   11551.50    1036
2023-01-17 01:30:00-05:00  11550.75  11550.75  11536.00  11538.00   11538.00    1718
2023-01-17 02:00:00-05:00  11537.75  11557.00  11531.00  11547.50   11547.50    2817
2023-01-17 02:30:00-05:00  11547.50  11552.00  11536.25  11549.25   11549.25    1921
2023-01-17 03:00:00-05:00  11549.75  11569.25  11548.00  11558.00   11558.00    4042
2023-01-17 03:30:00-05:00  11557.75  11567.75  11546.00  11561.25   11561.25    2685
2023-01-17 04:00:00-05:00  11561.25  11577.50  11539.00  11548.50   11548.50    4892
2023-01-17 04:30:00-05:00  11547.75  11568.50  11546.75  11556.00   11556.00    3000
2023-01-17 05:00:00-05:00  11555.50  11566.50  11546.50  11562.75   11562.75    2054
2023-01-17 05:30:00-05:00  11562.25  11579.00  11560.00  11570.00   11570.00    2508
2023-01-17 06:00:00-05:00  11571.00  11572.50  11559.25  11561.25   11561.25    1758
2023-01-17 06:30:00-05:00  11561.00  11571.75  11556.50  11570.00   11570.00    2351
2023-01-17 07:00:00-05:00  11570.75  11589.00  11561.25  11588.00   11588.00    4617
2023-01-17 07:30:00-05:00  11588.25  11588.75  11551.50  11561.00   11561.00    6080
2023-01-17 08:00:00-05:00  11561.25  11570.00  11542.25  11565.75   11565.75    7563
2023-01-17 08:30:00-05:00  11566.50  11585.75  11555.75  11564.25   11564.25    9998
2023-01-17 09:00:00-05:00  11564.25  11604.25  11564.25  11598.75   11598.75   14798
2023-01-17 09:30:00-05:00  11598.75  11627.25  11549.50  11614.75   11614.75   71557
2023-01-17 10:00:00-05:00  11614.25  11685.00  11614.25  11658.00   11658.00   53978
2023-01-17 10:30:00-05:00  11658.50  11663.50  11585.75  11609.75   11609.75   41492
2023-01-17 11:00:00-05:00  11609.75  11618.75  11554.75  11582.75   11582.75   33408
2023-01-17 11:30:00-05:00  11582.75  11627.50  11579.75  11617.75   11617.75   23810
2023-01-17 12:00:00-05:00  11618.00  11631.75  11588.25  11596.25   11596.25   18591
2023-01-17 12:30:00-05:00  11596.25  11634.25  11593.00  11625.75   11625.75   16147
2023-01-17 13:00:00-05:00  11626.00  11638.75  11618.00  11627.00   11627.00   14949
2023-01-17 13:30:00-05:00  11627.00  11649.75  11620.50  11645.00   11645.00   15175
2023-01-17 14:00:00-05:00  11645.25  11650.00  11604.50  11621.75   11621.75   22530
2023-01-17 14:30:00-05:00  11622.00  11648.75  11620.25  11626.25   11626.25   17726
2023-01-17 15:00:00-05:00  11626.75  11644.00  11619.50  11628.00   11628.00   16640
2023-01-17 15:30:00-05:00  11627.75  11636.75  11602.75  11626.75   11626.75   29145
2023-01-17 16:00:00-05:00  11626.50  11637.75  11618.50  11621.75   11621.75    9342
2023-01-17 16:30:00-05:00  11621.50  11627.25  11621.25  11623.25   11623.25    1375
2023-01-17 18:00:00-05:00  11619.75  11623.50  11594.75  11597.75   11597.75    1662
2023-01-17 18:30:00-05:00  11598.50  11598.50  11582.50  11594.50   11594.50    2124
2023-01-17 19:00:00-05:00  11594.25  11598.75  11581.75  11588.00   11588.00    1615
2023-01-17 19:30:00-05:00  11588.50  11597.00  11585.00  11592.25   11592.25    1505
2023-01-17 20:00:00-05:00  11591.75  11606.75  11590.75  11597.00   11597.00    1714
2023-01-17 20:30:00-05:00  11597.25  11603.50  11590.75  11602.75   11602.75    1217
2023-01-17 21:00:00-05:00  11603.00  11610.75  11601.75  11602.75   11602.75    1180
2023-01-17 21:30:00-05:00  11602.25  11692.50  11591.00  11649.00   11649.00   10933
2023-01-17 22:00:00-05:00  11648.50  11662.75  11636.00  11648.75   11648.75    3354
2023-01-17 22:30:00-05:00  11648.75  11648.75  11618.75  11626.75   11626.75    3495
2023-01-17 23:00:00-05:00  11626.75  11640.25  11615.75  11638.00   11638.00    2626
2023-01-17 23:30:00-05:00  11638.25  11648.75  11634.25  11644.50   11644.50    1440
2023-01-18 00:00:00-05:00  11645.25  11645.25  11634.75  11638.00   11638.00    1032
2023-01-18 00:30:00-05:00  11638.75  11643.25  11632.75  11640.50   11640.50    1091
2023-01-18 01:00:00-05:00  11639.75  11648.50  11638.50  11645.00   11645.00     938
2023-01-18 01:30:00-05:00  11645.25  11659.25  11643.50  11654.75   11654.75    1787
2023-01-18 02:00:00-05:00  11654.75  11662.50  11651.25  11653.50   11653.50    2068
2023-01-18 02:30:00-05:00  11653.00  11660.50  11637.50  11648.25   11648.25    2601
2023-01-18 03:00:00-05:00  11648.50  11662.00  11626.00  11630.25   11630.25    4913
2023-01-18 03:30:00-05:00  11629.75  11635.25  11615.50  11634.75   11634.75    3792
2023-01-18 04:00:00-05:00  11635.25  11641.75  11627.25  11631.00   11631.00    3311
2023-01-18 04:30:00-05:00  11631.25  11634.00  11619.75  11630.50   11630.50    2279
2023-01-18 05:00:00-05:00  11630.50  11633.50  11620.00  11621.50   11621.50    1797
2023-01-18 05:30:00-05:00  11621.75  11645.75  11621.75  11638.00   11638.00    3409
2023-01-18 06:00:00-05:00  11638.50  11645.50  11633.50  11638.75   11638.75    2342
2023-01-18 06:30:00-05:00  11639.25  11650.00  11633.00  11645.25   11645.25    2209
2023-01-18 07:00:00-05:00  11644.25  11655.75  11643.00  11654.25   11654.25    2720
2023-01-18 07:30:00-05:00  11654.00  11674.00  11651.00  11671.25   11671.25    4502
2023-01-18 08:00:00-05:00  11670.50  11671.50  11656.25  11665.00   11665.00    6610
2023-01-18 08:30:00-05:00  11666.00  11721.75  11636.25  11690.75   11690.75   30129
2023-01-18 09:00:00-05:00  11690.50  11712.50  11681.75  11695.00   11695.00   15186
2023-01-18 09:30:00-05:00  11695.00  11726.75  11672.25  11719.75   11719.75   73675
2023-01-18 10:00:00-05:00  11719.50  11759.50  11677.50  11717.50   11717.50   54372
2023-01-18 10:30:00-05:00  11717.75  11719.00  11585.50  11616.75   11616.75   57067
2023-01-18 11:00:00-05:00  11616.75  11625.00  11542.00  11564.25   11564.25   47375
2023-01-18 11:30:00-05:00  11564.00  11564.00  11518.50  11550.50   11550.50   40409
2023-01-18 12:00:00-05:00  11550.75  11560.00  11514.25  11523.50   11523.50   27509
2023-01-18 12:30:00-05:00  11523.75  11538.25  11505.50  11513.50   11513.50   20831
2023-01-18 13:00:00-05:00  11513.50  11525.75  11482.75  11510.50   11510.50   27695
2023-01-18 13:30:00-05:00  11510.50  11537.50  11495.25  11524.75   11524.75   20948
2023-01-18 14:00:00-05:00  11525.00  11544.00  11503.50  11541.00   11541.00   19397
2023-01-18 14:30:00-05:00  11541.00  11545.25  11517.25  11524.25   11524.25   15044
2023-01-18 15:00:00-05:00  11524.25  11540.75  11512.00  11517.50   11517.50   19571
2023-01-18 15:30:00-05:00  11517.25  11517.50  11470.50  11479.50   11479.50   46144
2023-01-18 16:00:00-05:00  11479.00  11483.50  11468.00  11472.75   11472.75   10812
2023-01-18 16:30:00-05:00  11473.00  11485.50  11472.00  11482.00   11482.00    2370
2023-01-18 18:00:00-05:00  11470.50  11487.00  11466.50  11484.25   11484.25    1234
2023-01-18 18:30:00-05:00  11484.25  11486.75  11478.25  11479.50   11479.50     963
2023-01-18 19:00:00-05:00  11479.75  11480.25  11457.50  11463.00   11463.00    2923
2023-01-18 19:30:00-05:00  11463.00  11468.75  11449.75  11452.50   11452.50    2244
2023-01-18 20:00:00-05:00  11453.00  11463.00  11448.00  11463.00   11463.00    1699
2023-01-18 20:30:00-05:00  11462.25  11466.50  11450.25  11455.50   11455.50    1678
2023-01-18 21:00:00-05:00  11455.00  11457.00  11446.50  11451.00   11451.00    1336
2023-01-18 21:30:00-05:00  11451.00  11463.25  11450.50  11460.75   11460.75    1239
2023-01-18 22:00:00-05:00  11460.50  11475.50  11460.50  11468.50   11468.50    2091
2023-01-18 22:30:00-05:00  11468.75  11469.50  11459.25  11461.50   11461.50    2150
2023-01-18 23:00:00-05:00  11461.50  11476.25  11461.00  11466.00   11466.00    1620
2023-01-18 23:30:00-05:00  11467.25  11472.50  11465.50  11468.25   11468.25    1012
2023-01-19 00:00:00-05:00  11468.50  11474.75  11467.50  11470.50   11470.50     942
2023-01-19 00:30:00-05:00  11471.50  11472.25  11457.25  11461.25   11461.25    1275
2023-01-19 01:00:00-05:00  11461.50  11467.25  11455.25  11466.25   11466.25    1009
2023-01-19 01:30:00-05:00  11466.25  11470.75  11448.75  11449.75   11449.75    1596
2023-01-19 02:00:00-05:00  11450.00  11453.25  11427.75  11437.50   11437.50    4078
2023-01-19 02:30:00-05:00  11437.50  11449.75  11437.25  11443.50   11443.50    1946
2023-01-19 03:00:00-05:00  11445.25  11486.75  11444.00  11476.25   11476.25    6369
2023-01-19 03:30:00-05:00  11477.00  11478.00  11439.50  11439.50   11439.50    4859
2023-01-19 04:00:00-05:00  11439.75  11463.50  11435.75  11436.75   11436.75    4551
2023-01-19 04:30:00-05:00  11436.50  11442.50  11422.00  11425.25   11425.25    4466
2023-01-19 05:00:00-05:00  11426.00  11435.50  11408.75  11409.00   11409.00    4434
2023-01-19 05:30:00-05:00  11409.50  11414.00  11400.25  11412.25   11412.25    4807
2023-01-19 06:00:00-05:00  11413.00  11414.75  11375.75  11378.75   11378.75    6268
2023-01-19 06:30:00-05:00  11378.75  11389.25  11373.50  11384.00   11384.00    5278
2023-01-19 07:00:00-05:00  11383.50  11387.75  11368.00  11385.50   11385.50    7585
2023-01-19 07:30:00-05:00  11385.50  11388.50  11356.25  11364.50   11364.50    6597
2023-01-19 08:00:00-05:00  11364.75  11384.25  11355.00  11384.00   11384.00    9117
2023-01-19 08:30:00-05:00  11383.00  11394.75  11344.75  11387.75   11387.75   20007
2023-01-19 09:00:00-05:00  11387.25  11407.75  11376.00  11407.50   11407.50   13883
2023-01-19 09:30:00-05:00  11407.25  11446.50  11348.75  11396.25   11396.25   79790
2023-01-19 10:00:00-05:00  11396.25  11417.75  11357.75  11379.25   11379.25   47644
2023-01-19 10:30:00-05:00  11380.00  11388.75  11321.00  11335.50   11335.50   42140
2023-01-19 11:00:00-05:00  11335.50  11382.50  11326.00  11331.75   11331.75   33024
2023-01-19 11:30:00-05:00  11332.00  11336.50  11308.50  11328.75   11328.75   27932
2023-01-19 12:00:00-05:00  11329.00  11371.25  11327.75  11343.75   11343.75   26917
2023-01-19 12:30:00-05:00  11344.00  11360.00  11334.50  11355.00   11355.00   16512
2023-01-19 13:00:00-05:00  11355.50  11393.00  11351.25  11368.75   11368.75   25363
2023-01-19 13:30:00-05:00  11369.25  11426.00  11368.50  11396.50   11396.50   28987
2023-01-19 14:00:00-05:00  11396.75  11442.50  11379.00  11432.75   11432.75   25115
2023-01-19 14:30:00-05:00  11432.75  11454.25  11420.75  11425.75   11425.75   23987
2023-01-19 15:00:00-05:00  11426.50  11442.00  11403.00  11418.25   11418.25   20540
2023-01-19 15:30:00-05:00  11418.50  11420.00  11351.75  11360.50   11360.50   38607
2023-01-19 16:00:00-05:00  11360.25  11416.75  11355.25  11386.25   11386.25   20480
2023-01-19 16:30:00-05:00  11386.50  11402.00  11381.00  11393.50   11393.50    2381
2023-01-19 18:00:00-05:00  11401.00  11406.50  11394.50  11395.50   11395.50    1294
2023-01-19 18:30:00-05:00  11395.75  11398.25  11381.50  11383.75   11383.75    1699
2023-01-19 19:00:00-05:00  11384.00  11402.00  11382.25  11396.00   11396.00    1960
2023-01-19 19:30:00-05:00  11396.50  11404.25  11392.75  11400.50   11400.50    2121
2023-01-19 20:00:00-05:00  11400.75  11407.50  11390.50  11406.00   11406.00    2065
2023-01-19 20:30:00-05:00  11405.75  11407.75  11396.50  11403.50   11403.50    1041
2023-01-19 21:00:00-05:00  11404.00  11404.75  11398.00  11400.00   11400.00     698
2023-01-19 21:30:00-05:00  11400.50  11401.50  11388.75  11391.50   11391.50    1009
2023-01-19 22:00:00-05:00  11391.50  11397.00  11389.25  11390.00   11390.00     693
2023-01-19 22:30:00-05:00  11390.50  11401.00  11390.50  11394.25   11394.25     756
2023-01-19 23:00:00-05:00  11394.75  11398.75  11392.25  11395.00   11395.00     639
2023-01-19 23:30:00-05:00  11395.50  11401.75  11395.50  11399.75   11399.75     532
2023-01-20 00:00:00-05:00  11399.25  11401.25  11396.00  11398.00   11398.00     628
2023-01-20 00:30:00-05:00  11398.50  11407.00  11394.25  11405.00   11405.00     960
2023-01-20 01:00:00-05:00  11404.75  11409.50  11399.75  11406.25   11406.25     842
2023-01-20 01:30:00-05:00  11406.00  11408.50  11398.25  11404.25   11404.25     924
2023-01-20 02:00:00-05:00  11404.00  11426.00  11399.00  11425.75   11425.75    2297
2023-01-20 02:30:00-05:00  11425.75  11433.00  11421.50  11425.50   11425.50    2290
2023-01-20 03:00:00-05:00  11425.50  11427.00  11380.00  11388.50   11388.50    5820
2023-01-20 03:30:00-05:00  11387.50  11404.75  11381.25  11396.25   11396.25    3582
2023-01-20 04:00:00-05:00  11396.25  11401.75  11368.00  11392.50   11392.50    4948
2023-01-20 04:30:00-05:00  11392.75  11396.75  11378.75  11382.50   11382.50    2580
2023-01-20 05:00:00-05:00  11382.25  11402.50  11365.25  11394.00   11394.00    5069
2023-01-20 05:30:00-05:00  11394.25  11411.50  11390.75  11407.25   11407.25    3828
2023-01-20 06:00:00-05:00  11407.50  11407.50  11387.50  11402.00   11402.00    2569
2023-01-20 06:30:00-05:00  11401.75  11414.50  11401.00  11408.75   11408.75    3010
2023-01-20 07:00:00-05:00  11409.00  11419.50  11402.25  11416.75   11416.75    3194
2023-01-20 07:30:00-05:00  11417.50  11445.00  11416.25  11437.00   11437.00    6890
2023-01-20 08:00:00-05:00  11436.75  11448.50  11430.75  11431.00   11431.00    6548
2023-01-20 08:30:00-05:00  11431.50  11437.00  11408.25  11409.25   11409.25    8341
2023-01-20 09:00:00-05:00  11409.00  11443.25  11407.00  11428.75   11428.75   16245
2023-01-20 09:30:00-05:00  11428.75  11473.00  11383.50  11449.25   11449.25   68402
2023-01-20 10:00:00-05:00  11449.25  11491.75  11424.00  11486.75   11486.75   47368