                               Open      High       Low     Close  Adj Close  Volume
Datetime                                                                            
2023-01-09 10:30:00-05:00  11360.50  11363.75  11332.75  11335.00   11335.00    6508
2023-01-09 11:00:00-05:00  11335.50  11385.50  11334.00  11373.50   11373.50   34743
2023-01-09 11:30:00-05:00  11373.75  11381.50  11350.00  11370.25   11370.25   26721
2023-01-09 12:00:00-05:00  11370.25  11373.75  11350.00  11369.50   11369.50   22540
2023-01-09 12:30:00-05:00  11369.50  11372.75  11331.00  11354.75   11354.75   26622
2023-01-09 13:00:00-05:00  11354.75  11367.25  11336.75  11359.00   11359.00   20646
2023-01-09 13:30:00-05:00  11359.25  11360.25  11264.00  11282.50   11282.50   41178
2023-01-09 14:00:00-05:00  11282.75  11308.75  11265.25  11300.25   11300.25   32981
2023-01-09 14:30:00-05:00  11300.00  11305.75  11220.25  11226.50   11226.50   32786
2023-01-09 15:00:00-05:00  11226.75  11238.75  11203.00  11215.25   11215.25   35241
2023-01-09 15:30:00-05:00  11215.25  11220.00  11159.75  11187.50   11187.50   53450
2023-01-09 16:00:00-05:00  11187.50  11191.25  11171.50  11181.75   11181.75   11039
2023-01-09 16:30:00-05:00  11181.75  11186.25  11174.25  11184.75   11184.75    1845
2023-01-09 18:00:00-05:00  11184.75  11187.00  11175.00  11182.75   11182.75    1171
2023-01-09 18:30:00-05:00  11182.75  11184.00  11166.00  11173.75   11173.75    1470
2023-01-09 19:00:00-05:00  11174.25  11176.25  11142.75  11150.00   11150.00    3228
2023-01-09 19:30:00-05:00  11149.25  11157.75  11144.00  11154.25   11154.25    1470
2023-01-09 20:00:00-05:00  11153.75  11170.75  11153.00  11169.50   11169.50    2110
2023-01-09 20:30:00-05:00  11169.00  11179.00  11157.50  11174.25   11174.25    1832
2023-01-09 21:00:00-05:00  11175.00  11178.00  11155.50  11157.50   11157.50    1728
2023-01-09 21:30:00-05:00  11157.75  11157.75  11125.00  11142.25   11142.25    3432
2023-01-09 22:00:00-05:00  11142.25  11154.75  11136.00  11149.00   11149.00    1761
2023-01-09 22:30:00-05:00  11148.25  11148.50  11130.00  11143.25   11143.25    1995
2023-01-09 23:00:00-05:00  11142.50  11149.00  11140.00  11146.00   11146.00    1065
2023-01-09 23:30:00-05:00  11145.75  11147.00  11139.75  11146.00   11146.00     646
2023-01-10 00:00:00-05:00  11145.25  11159.50  11145.25  11159.50   11159.50    1444
2023-01-10 00:30:00-05:00  11159.50  11166.75  11154.00  11160.50   11160.50    1433
2023-01-10 01:00:00-05:00  11160.50  11172.50  11160.25  11166.25   11166.25    1355
2023-01-10 01:30:00-05:00  11166.25  11173.00  11153.50  11169.50   11169.50    2018
2023-01-10 02:00:00-05:00  11169.50  11174.25  11151.25  11159.50   11159.50    2599
2023-01-10 02:30:00-05:00  11159.25  11173.00  11157.00  11160.00   11160.00    2129
2023-01-10 03:00:00-05:00  11160.00  11186.50  11155.25  11173.25   11173.25    4839
2023-01-10 03:30:00-05:00  11172.50  11184.75  11167.25  11171.75   11171.75    4500
2023-01-10 04:00:00-05:00  11172.00  11178.00  11155.75  11173.50   11173.50    5040
2023-01-10 04:30:00-05:00  11174.00  11189.50  11170.00  11189.00   11189.00    2574
2023-01-10 05:00:00-05:00  11188.25  11196.00  11176.25  11186.75   11186.75    2592
2023-01-10 05:30:00-05:00  11187.75  11205.75  11187.75  11196.50   11196.50    4373
2023-01-10 06:00:00-05:00  11197.00  11200.00  11161.75  11169.25   11169.25    3873
2023-01-10 06:30:00-05:00  11169.75  11171.75  11136.75  11147.25   11147.25    5058
2023-01-10 07:00:00-05:00  11147.75  11149.50  11094.00  11113.00   11113.00   10443
2023-01-10 07:30:00-05:00  11112.25  11121.25  11097.00  11117.75   11117.75    5724
2023-01-10 08:00:00-05:00  11116.75  11132.00  11101.75  11102.00   11102.00    7632
2023-01-10 08:30:00-05:00  11102.25  11130.00  11096.50  11128.00   11128.00    9430
2023-01-10 09:00:00-05:00  11127.75  11176.00  11117.75  11143.00   11143.00   24356
2023-01-10 09:30:00-05:00  11143.00  11246.00  11138.00  11211.25   11211.25   95139
2023-01-10 10:00:00-05:00  11211.00  11283.25  11182.25  11208.25   11208.25   54924
2023-01-10 10:30:00-05:00  11208.50  11219.50  11120.75  11207.50   11207.50   59749
2023-01-10 11:00:00-05:00  11208.50  11223.50  11188.25  11194.75   11194.75   32787
2023-01-10 11:30:00-05:00  11194.25  11204.00  11168.00  11191.00   11191.00   26565
2023-01-10 12:00:00-05:00  11191.50  11213.75  11157.00  11194.75   11194.75   22332
2023-01-10 12:30:00-05:00  11194.50  11233.50  11190.25  11218.75   11218.75   17974
2023-01-10 13:00:00-05:00  11219.25  11243.75  11207.75  11223.75   11223.75   18111
2023-01-10 13:30:00-05:00  11224.00  11248.75  11218.00  11245.25   11245.25   14964
2023-01-10 14:00:00-05:00  11245.00  11270.00  11239.25  11261.75   11261.75   16879
2023-01-10 14:30:00-05:00  11262.25  11271.75  11235.00  11249.75   11249.75   14973
2023-01-10 15:00:00-05:00  11249.25  11252.50  11217.25  11242.25   11242.25   19082
2023-01-10 15:30:00-05:00  11242.50  11286.25  11238.25  11285.75   11285.75   27489
2023-01-10 16:00:00-05:00  11285.50  11288.75  11277.25  11280.25   11280.25    9563
2023-01-10 16:30:00-05:00  11280.00  11284.25  11279.25  11281.25   11281.25    1522
2023-01-10 18:00:00-05:00  11282.50  11286.75  11269.50  11279.00   11279.00     884
2023-01-10 18:30:00-05:00  11279.25  11287.00  11274.50  11285.00   11285.00    1343
2023-01-10 19:00:00-05:00  11285.00  11301.50  11284.25  11290.25   11290.25    2461
2023-01-10 19:30:00-05:00  11291.25  11296.50  11287.00  11296.50   11296.50    1111
2023-01-10 20:00:00-05:00  11296.50  11297.00  11273.75  11278.50   11278.50    1660
2023-01-10 20:30:00-05:00  11277.75  11287.25  11272.50  11283.50   11283.50    1380
2023-01-10 21:00:00-05:00  11283.75  11289.25  11280.00  11288.00   11288.00     940
2023-01-10 21:30:00-05:00  11288.00  11290.75  11275.50  11276.00   11276.00    1018
2023-01-10 22:00:00-05:00  11276.50  11281.25  11270.50  11273.75   11273.75     955
2023-01-10 22:30:00-05:00  11275.25  11282.75  11273.50  11280.25   11280.25     979
2023-01-10 23:00:00-05:00  11280.25  11287.50  11275.50  11276.75   11276.75    1149
2023-01-10 23:30:00-05:00  11276.75  11280.25  11273.50  11276.25   11276.25     739
2023-01-11 00:00:00-05:00  11276.75  11280.75  11275.50  11279.25   11279.25     575
2023-01-11 00:30:00-05:00  11279.25  11291.50  11277.25  11278.25   11278.25    1172
2023-01-11 01:00:00-05:00  11278.75  11284.25  11275.75  11277.50   11277.50     734
2023-01-11 01:30:00-05:00  11277.25  11282.25  11266.25  11267.00   11267.00    1506
2023-01-11 02:00:00-05:00  11266.50  11266.50  11239.75  11247.25   11247.25    4927
2023-01-11 02:30:00-05:00  11247.50  11258.25  11245.00  11250.25   11250.25    2550
2023-01-11 03:00:00-05:00  11250.25  11269.75  11249.50  11255.25   11255.25    4631
2023-01-11 03:30:00-05:00  11254.75  11267.00  11244.00  11266.25   11266.25    3384
2023-01-11 04:00:00-05:00  11267.00  11316.25  11261.00  11310.50   11310.50    6858
2023-01-11 04:30:00-05:00  11310.75  11312.50  11297.25  11304.00   11304.00    3055
2023-01-11 05:00:00-05:00  11304.75  11324.25  11298.50  11306.00   11306.00    3798
2023-01-11 05:30:00-05:00  11305.75  11307.50  11288.00  11292.50   11292.50    2747
2023-01-11 06:00:00-05:00  11292.50  11297.50  11284.50  11292.50   11292.50    2631
2023-01-11 06:30:00-05:00  11293.00  11318.75  11292.25  11299.50   11299.50    4092
2023-01-11 07:00:00-05:00  11299.25  11306.75  11275.50  11287.50   11287.50    4319
2023-01-11 07:30:00-05:00  11287.25  11305.25  11283.50  11297.75   11297.75    4294
2023-01-11 08:00:00-05:00  11298.25  11325.25  11297.00  11315.50   11315.50    6309
2023-01-11 08:30:00-05:00  11315.50  11328.75  11296.25  11323.75   11323.75    8977
2023-01-11 09:00:00-05:00  11324.00  11333.75  11304.25  11323.50   11323.50   12871
2023-01-11 09:30:00-05:00  11323.25  11363.25  11291.00  11336.75   11336.75   67801
2023-01-11 10:00:00-05:00  11337.50  11388.00  11321.50  11386.50   11386.50   38523
2023-01-11 10:30:00-05:00  11386.50  11388.75  11313.25  11321.50   11321.50   37885
2023-01-11 11:00:00-05:00  11321.75  11375.75  11318.25  11368.75   11368.75   27497
2023-01-11 11:30:00-05:00  11369.25  11384.50  11357.75  11376.50   11376.50   20261
2023-01-11 12:00:00-05:00  11377.00  11418.75  11375.75  11408.75   11408.75   28885
2023-01-11 12:30:00-05:00  11409.00  11414.25  11390.75  11401.50   11401.50   21288
2023-01-11 13:00:00-05:00  11401.75  11442.00  11386.25  11419.25   11419.25   30585
2023-01-11 13:30:00-05:00  11419.50  11424.50  11401.25  11409.50   11409.50   14472
2023-01-11 14:00:00-05:00  11409.50  11420.00  11394.75  11407.00   11407.00   14772
2023-01-11 14:30:00-05:00  11407.50  11433.00  11403.75  11421.25   11421.25   14753
2023-01-11 15:00:00-05:00  11421.50  11453.25  11419.50  11442.25   11442.25   24122
2023-01-11 15:30:00-05:00  11442.25  11479.50  11425.75  11475.50   11475.50   44061
2023-01-11 16:00:00-05:00  11475.75  11477.50  11463.25  11468.50   11468.50   11477
2023-01-11 16:30:00-05:00  11468.50  11476.50  11466.50  11475.00   11475.00    2869
2023-01-11 18:00:00-05:00  11474.50  11479.00  11466.00  11470.50   11470.50    1314
2023-01-11 18:30:00-05:00  11469.75  11475.75  11466.00  11474.50   11474.50    2326
2023-01-11 19:00:00-05:00  11475.00  11477.50  11464.50  11471.25   11471.25    2177
2023-01-11 19:30:00-05:00  11471.50  11472.00  11463.00  11470.50   11470.50    1673
2023-01-11 20:00:00-05:00  11470.75  11476.50  11467.00  11470.00   11470.00    1347
2023-01-11 20:30:00-05:00  11469.75  11473.50  11461.75  11470.25   11470.25    1636
2023-01-11 21:00:00-05:00  11470.00  11474.00  11465.00  11466.25   11466.25     992
2023-01-11 21:30:00-05:00  11466.25  11468.00  11462.00  11464.75   11464.75    1231
2023-01-11 22:00:00-05:00  11464.75  11470.00  11463.75  11469.25   11469.25    1047
2023-01-11 22:30:00-05:00  11468.50  11472.25  11466.50  11469.50   11469.50     946
2023-01-11 23:00:00-05:00  11470.25  11474.25  11469.25  11472.50   11472.50     740
2023-01-11 23:30:00-05:00  11472.75  11492.75  11472.50  11488.25   11488.25    2191
2023-01-12 00:00:00-05:00  11487.25  11488.50  11483.00  11484.25   11484.25    1186
2023-01-12 00:30:00-05:00  11485.00  11488.75  11481.25  11482.25   11482.25    1060
2023-01-12 01:00:00-05:00  11482.25  11486.25  11479.25  11480.75   11480.75    1170
2023-01-12 01:30:00-05:00  11480.25  11483.50  11468.75  11468.75   11468.75    1289
2023-01-12 02:00:00-05:00  11469.00  11472.00  11457.75  11463.00   11463.00    2444
2023-01-12 02:30:00-05:00  11462.75  11467.75  11450.75  11464.75   11464.75    3296
2023-01-12 03:00:00-05:00  11464.75  11469.50  11451.00  11464.75   11464.75    3789
2023-01-12 03:30:00-05:00  11465.50  11473.50  11455.75  11471.00   11471.00    3014
2023-01-12 04:00:00-05:00  11471.50  11480.25  11465.75  11475.00   11475.00    4132
2023-01-12 04:30:00-05:00  11474.50  11489.75  11474.50  11483.25   11483.25    3776
2023-01-12 05:00:00-05:00  11483.00  11483.00  11449.25  11462.00   11462.00    5412
2023-01-12 05:30:00-05:00  11461.75  11469.25  11454.50  11463.50   11463.50    2594
2023-01-12 06:00:00-05:00  11463.25  11473.00  11459.00  11467.00   11467.00    2330
2023-01-12 06:30:00-05:00  11466.50  11471.00  11462.25  11464.25   11464.25    2337
2023-01-12 07:00:00-05:00  11464.25  11480.00  11462.00  11477.00   11477.00    5479
2023-01-12 07:30:00-05:00  11476.50  11496.50  11475.00  11496.50   11496.50    6305
2023-01-12 08:00:00-05:00  11496.00  11550.00  11393.00  11393.00   11393.00   17378
2023-01-12 08:30:00-05:00  11393.00  11562.00  11291.00  11545.50   11545.50   85359
2023-01-12 09:00:00-05:00  11546.00  11579.50  11430.50  11490.75   11490.75   41798
2023-01-12 09:30:00-05:00  11490.00  11518.75  11311.25  11358.00   11358.00   87703
2023-01-12 10:00:00-05:00  11357.75  11511.50  11355.25  11465.50   11465.50   67302
2023-01-12 10:30:00-05:00  11465.75  11503.00  11405.50  11429.75   11429.75   47481
2023-01-12 11:00:00-05:00  11429.75  11463.00  11388.50  11451.00   11451.00   37771
2023-01-12 11:30:00-05:00  11451.75  11496.75  11416.75  11489.50   11489.50   30103
2023-01-12 12:00:00-05:00  11490.25  11543.50  11473.75  11539.50   11539.50   36025
2023-01-12 12:30:00-05:00  11540.00  11551.75  11526.50  11537.00   11537.00   26124
2023-01-12 13:00:00-05:00  11537.00  11560.50  11472.50  11480.00   11480.00   35740
2023-01-12 13:30:00-05:00  11480.00  11571.50  11451.75  11565.00   11565.00   43229
2023-01-12 14:00:00-05:00  11565.50  11574.75  11526.75  11535.25   11535.25   24863
2023-01-12 14:30:00-05:00  11534.75  11556.00  11516.50  11536.25   11536.25   23059
2023-01-12 15:00:00-05:00  11536.50  11538.25  11498.75  11516.00   11516.00   25554
2023-01-12 15:30:00-05:00  11517.00  11537.75  11484.00  11530.50   11530.50   37946
2023-01-12 16:00:00-05:00  11530.50  11538.50  11520.00  11527.50   11527.50    8676
2023-01-12 16:30:00-05:00  11527.75  11530.25  11520.75  11521.50   11521.50    1682
2023-01-12 18:00:00-05:00  11528.50  11528.50  11514.25  11524.50   11524.50    1204
2023-01-12 18:30:00-05:00  11524.50  11526.75  11519.50  11524.75   11524.75     833
2023-01-12 19:00:00-05:00  11524.00  11536.25  11523.50  11531.00   11531.00    1985
2023-01-12 19:30:00-05:00  11531.25  11535.25  11518.00  11519.75   11519.75    1667
2023-01-12 20:00:00-05:00  11520.00  11527.25  11501.75  11508.25   11508.25    2234
2023-01-12 20:30:00-05:00  11507.50  11507.50  11487.75  11494.75   11494.75    3008
2023-01-12 21:00:00-05:00  11494.50  11494.50  11471.50  11477.00   11477.00    2454
2023-01-12 21:30:00-05:00  11476.50  11493.50  11474.25  11488.00   11488.00    2448
2023-01-12 22:00:00-05:00  11488.50  11497.00  11484.50  11488.50   11488.50    1181
2023-01-12 22:30:00-05:00  11488.25  11488.75  11478.00  11485.75   11485.75    1254
2023-01-12 23:00:00-05:00  11485.25  11492.00  11483.75  11488.75   11488.75     921
2023-01-12 23:30:00-05:00  11488.75  11490.50  11481.75  11489.00   11489.00     835
2023-01-13 00:00:00-05:00  11491.50  11493.75  11485.00  11486.00   11486.00    1103
2023-01-13 00:30:00-05:00  11485.50  11493.00  11482.25  11491.25   11491.25    1341
2023-01-13 01:00:00-05:00  11491.50  11506.50  11489.00  11502.00   11502.00    2211
2023-01-13 01:30:00-05:00  11501.50  11510.25  11495.25  11506.75   11506.75    1402
2023-01-13 02:00:00-05:00  11507.50  11514.00  11500.50  11504.50   11504.50    1842
2023-01-13 02:30:00-05:00  11504.50  11526.25  11504.50  11524.50   11524.50    2591
2023-01-13 03:00:00-05:00  11525.75  11528.00  11500.25  11521.25   11521.25    5080
2023-01-13 03:30:00-05:00  11521.50  11528.00  11511.00  11524.75   11524.75    3184
2023-01-13 04:00:00-05:00  11524.75  11528.00  11493.50  11496.25   11496.25    4279
2023-01-13 04:30:00-05:00  11496.25  11525.50  11496.00  11519.25   11519.25    3625
2023-01-13 05:00:00-05:00  11519.50  11534.50  11514.25  11521.00   11521.00    2694
2023-01-13 05:30:00-05:00  11520.00  11524.50  11508.00  11513.50   11513.50    2563
2023-01-13 06:00:00-05:00  11513.00  11514.00  11487.75  11489.25   11489.25    4059
2023-01-13 06:30:00-05:00  11489.00  11491.50  11459.50  11474.25   11474.25    7880
2023-01-13 07:00:00-05:00  11474.25  11483.00  11432.50  11437.25   11437.25    7007
2023-01-13 07:30:00-05:00  11437.50  11454.75  11405.00  11412.75   11412.75   10052
2023-01-13 08:00:00-05:00  11413.25  11424.25  11394.25  11408.00   11408.00   10323
2023-01-13 08:30:00-05:00  11408.75  11416.50  11394.75  11405.25   11405.25   10688
2023-01-13 09:00:00-05:00  11405.50  11427.50  11389.00  11425.00   11425.00   12292
2023-01-13 09:30:00-05:00  11425.00  11477.25  11408.75  11458.00   11458.00   65563
2023-01-13 10:00:00-05:00  11457.50  11522.00  11440.50  11518.25   11518.25   46558
2023-01-13 10:30:00-05:00  11518.75  11538.25  11496.25  11516.75   11516.75   27367
2023-01-13 11:00:00-05:00  11517.50  11525.75  11462.50  11485.25   11485.25   29269
2023-01-13 11:30:00-05:00  11485.75  11487.75  11454.00  11484.25   11484.25   26819
2023-01-13 12:00:00-05:00  11484.75  11521.00  11480.25  11516.50   11516.50   17431
2023-01-13 12:30:00-05:00  11517.00  11528.50  11500.50  11525.50   11525.50   14818
2023-01-13 13:00:00-05:00  11525.50  11532.50  11504.75  11527.75   11527.75   13376
2023-01-13 13:30:00-05:00  11528.50  11568.25  11525.00  11561.00   11561.00   21120
2023-01-13 14:00:00-05:00  11560.75  11571.75  11548.50  11569.00   11569.00   14703
2023-01-13 14:30:00-05:00  11569.25  11578.75  11554.50  11566.00   11566.00   14600
2023-01-13 15:00:00-05:00  11566.25  11598.75  11563.00  11598.25   11598.25   15514
2023-01-13 15:30:00-05:00  11598.25  11619.50  11588.50  11607.50   11607.50   43169
2023-01-13 16:00:00-05:00  11607.25  11611.00  11586.75  11601.25   11601.25    9783
2023-01-13 16:30:00-05:00  11601.50  11606.75  11600.00  11601.50   11601.50    1768
2023-01-15 18:00:00-05:00  11613.50  11619.75  11589.25  11590.25   11590.25    2321
2023-01-15 18:30:00-05:00  11590.50  11595.50  11582.50  11586.75   11586.75    1467
2023-01-15 19:00:00-05:00  11587.25  11598.75  11583.50  11597.00   11597.00    1548
2023-01-15 19:30:00-05:00  11597.25  11608.75  11596.75  11606.00   11606.00    1639
2023-01-15 20:00:00-05:00  11605.50  11615.25  11602.50  11606.00   11606.00    1711
2023-01-15 20:30:00-05:00  11606.00  11638.75  11601.75  11633.00   11633.00    2330
2023-01-15 21:00:00-05:00  11633.75  11636.00  11626.00  11627.25   11627.25    1218
2023-01-15 21:30:00-05:00  11627.25  11628.25  11621.75  11627.50   11627.50     999
2023-01-15 22:00:00-05:00  11627.75  11629.00  11617.00  11626.00   11626.00     868
2023-01-15 22:30:00-05:00  11625.25  11628.00  11622.25  11626.50   11626.50     555
2023-01-15 23:00:00-05:00  11627.50  11628.25  11623.50  11626.75   11626.75     548
2023-01-15 23:30:00-05:00  11626.25  11626.25  11617.50  11619.00   11619.00     655
2023-01-16 00:00:00-05:00  11617.75  11619.50  11614.00  11616.25   11616.25     534
2023-01-16 00:30:00-05:00  11616.75  11617.25  11603.00  11605.25   11605.25     927
2023-01-16 01:00:00-05:00  11606.00  11607.00  11593.50  11593.50   11593.50    1036
2023-01-16 01:30:00-05:00  11593.75  11597.25  11583.50  11591.00   11591.00    1568
2023-01-16 02:00:00-05:00  11590.75  11590.75  11580.00  11587.00   11587.00    1312
2023-01-16 02:30:00-05:00  11587.00  11591.50  11584.00  11590.75   11590.75     729
2023-01-16 03:00:00-05:00  11591.00  11591.25  11556.00  11561.25   11561.25    3666
2023-01-16 03:30:00-05:00  11560.50  11566.00  11532.25  11538.00   11538.00    4432
2023-01-16 04:00:00-05:00  11538.25  11542.00  11517.75  11534.00   11534.00    4742
2023-01-16 04:30:00-05:00  11534.75  11538.00  11510.50  11515.00   11515.00    3574
2023-01-16 05:00:00-05:00  11515.50  11537.00  11514.75  11536.00   11536.00    2701
2023-01-16 05:30:00-05:00  11535.25  11555.00  11527.75  11553.00   11553.00    2510
2023-01-16 06:00:00-05:00  11553.25  11562.75  11551.00  11557.75   11557.75    2119
2023-01-16 06:30:00-05:00  11557.75  11582.00  11556.00  11563.00   11563.00    4102
2023-01-16 07:00:00-05:00  11563.00  11571.00  11556.00  11560.00   11560.00    2038
2023-01-16 07:30:00-05:00  11560.00  11572.50  11555.50  11568.75   11568.75    2121
2023-01-16 08:00:00-05:00  11569.00  11581.50  11567.00  11575.25   11575.25    2259
2023-01-16 08:30:00-05:00  11575.75  11596.75  11573.00  11587.50   11587.50    4044
2023-01-16 09:00:00-05:00  11587.75  11595.50  11584.75  11590.25   11590.25    2546
2023-01-16 09:30:00-05:00  11591.25  11611.25  11588.00  11599.25   11599.25    6017
2023-01-16 10:00:00-05:00  11599.50  11608.25  11582.00  11587.75   11587.75    4436