                               Open      High       Low     Close  Adj Close  Volume
Datetime                                                                            
2022-10-26 10:30:00-04:00  11643.00  11647.25  11603.25  11605.00   11605.00    6628
2022-10-26 11:00:00-04:00  11605.00  11689.75  11604.75  11680.25   11680.25   45493
2022-10-26 11:30:00-04:00  11680.50  11703.50  11654.25  11666.50   11666.50   33636
2022-10-26 12:00:00-04:00  11666.25  11679.75  11633.50  11639.50   11639.50   26637
2022-10-26 12:30:00-04:00  11639.50  11662.00  11550.75  11554.00   11554.00   34978
2022-10-26 13:00:00-04:00  11536.50  11556.00  11486.00  11492.25   11492.25   44434
2022-10-26 13:30:00-04:00  11492.00  11529.00  11472.25  11524.75   11524.75   30039
2022-10-26 14:00:00-04:00  11524.50  11543.25  11477.75  11483.50   11483.50   26264
2022-10-26 14:30:00-04:00  11482.75  11502.25  11458.75  11479.75   11479.75   27802
2022-10-26 15:00:00-04:00  11479.25  11484.75  11444.00  11467.75   11467.75   29464
2022-10-26 15:30:00-04:00  11467.75  11482.00  11437.50  11454.50   11454.50   46102
2022-10-26 16:00:00-04:00  11454.75  11537.25  11415.00  11452.50   11452.50   41679
2022-10-26 16:30:00-04:00  11452.00  11494.75  11451.25  11474.25   11474.25    6240
2022-10-26 18:00:00-04:00  11417.75  11454.25  11416.00  11453.00   11453.00    2986
2022-10-26 18:30:00-04:00  11453.00  11464.00  11447.50  11464.00   11464.00    2552
2022-10-26 19:00:00-04:00  11463.50  11491.75  11462.25  11478.00   11478.00    3344
2022-10-26 19:30:00-04:00  11478.25  11506.00  11475.25  11498.25   11498.25    3526
2022-10-26 20:00:00-04:00  11498.00  11537.50  11477.50  11508.75   11508.75    6566
2022-10-26 20:30:00-04:00  11508.50  11508.75  11483.00  11491.50   11491.50    3388
2022-10-26 21:00:00-04:00  11491.00  11517.75  11488.00  11496.25   11496.25    4258
2022-10-26 21:30:00-04:00  11497.25  11517.25  11491.75  11505.25   11505.25    3370
2022-10-26 22:00:00-04:00  11505.00  11506.25  11471.25  11473.00   11473.00    2800
2022-10-26 22:30:00-04:00  11474.00  11481.25  11461.50  11477.50   11477.50    2328
2022-10-26 23:00:00-04:00  11477.75  11495.00  11477.75  11480.50   11480.50    1814
2022-10-26 23:30:00-04:00  11480.00  11500.00  11478.50  11498.25   11498.25    1322
2022-10-27 00:00:00-04:00  11498.50  11502.50  11495.50  11501.25   11501.25    1800
2022-10-27 00:30:00-04:00  11501.00  11505.50  11489.00  11502.00   11502.00    1631
2022-10-27 01:00:00-04:00  11502.00  11503.00  11481.50  11486.25   11486.25    1859
2022-10-27 01:30:00-04:00  11485.50  11517.25  11483.50  11510.50   11510.50    2637
2022-10-27 02:00:00-04:00  11510.00  11515.00  11475.50  11490.50   11490.50    3576
2022-10-27 02:30:00-04:00  11491.00  11491.00  11455.50  11459.50   11459.50    4957
2022-10-27 03:00:00-04:00  11459.25  11477.25  11437.00  11440.00   11440.00    9602
2022-10-27 03:30:00-04:00  11441.00  11451.00  11433.75  11444.25   11444.25    6090
2022-10-27 04:00:00-04:00  11443.75  11468.25  11428.25  11453.75   11453.75    7464
2022-10-27 04:30:00-04:00  11453.75  11461.25  11438.50  11439.00   11439.00    3666
2022-10-27 05:00:00-04:00  11439.50  11442.00  11406.75  11419.75   11419.75    5780
2022-10-27 05:30:00-04:00  11420.00  11426.00  11391.75  11392.00   11392.00    5325
2022-10-27 06:00:00-04:00  11393.00  11409.00  11388.00  11394.00   11394.00    3986
2022-10-27 06:30:00-04:00  11393.75  11406.50  11365.75  11372.25   11372.25    6609
2022-10-27 07:00:00-04:00  11371.75  11407.50  11367.75  11401.50   11401.50    8113
2022-10-27 07:30:00-04:00  11400.75  11402.75  11367.50  11376.25   11376.25    5102
2022-10-27 08:00:00-04:00  11376.75  11399.25  11355.75  11388.00   11388.00   19191
2022-10-27 08:30:00-04:00  11388.50  11459.50  11381.00  11437.00   11437.00   34101
2022-10-27 09:00:00-04:00  11437.00  11446.50  11400.50  11400.75   11400.75   25919
2022-10-27 09:30:00-04:00  11401.00  11464.00  11264.00  11291.50   11291.50   81770
2022-10-27 10:00:00-04:00  11292.00  11447.00  11275.50  11432.00   11432.00   62694
2022-10-27 10:30:00-04:00  11431.75  11453.00  11318.75  11320.25   11320.25   49512
2022-10-27 11:00:00-04:00  11320.50  11380.25  11312.00  11334.00   11334.00   37244
2022-10-27 11:30:00-04:00  11333.00  11367.00  11284.25  11290.50   11290.50   35881
2022-10-27 12:00:00-04:00  11291.75  11329.75  11249.50  11249.75   11249.75   32050
2022-10-27 12:30:00-04:00  11249.50  11303.00  11247.50  11288.75   11288.75   25615
2022-10-27 13:00:00-04:00  11289.00  11337.25  11267.75  11291.75   11291.75   29740
2022-10-27 13:30:00-04:00  11291.75  11297.25  11261.25  11263.50   11263.50   18744
2022-10-27 14:00:00-04:00  11263.75  11273.75  11229.75  11252.50   11252.50   22302
2022-10-27 14:30:00-04:00  11252.75  11261.25  11233.25  11243.25   11243.25   18801
2022-10-27 15:00:00-04:00  11243.50  11271.50  11220.25  11268.75   11268.75   26579
2022-10-27 15:30:00-04:00  11268.50  11283.75  11220.25  11239.50   11239.50   38294
2022-10-27 16:00:00-04:00  11240.00  11251.00  10992.25  11015.25   11015.25   52648
2022-10-27 16:30:00-04:00  11014.50  11120.25  10921.50  11095.50   11095.50   32816
2022-10-27 18:00:00-04:00  11122.75  11189.75  11122.75  11157.25   11157.25    6868
2022-10-27 18:30:00-04:00  11158.25  11183.50  11151.25  11154.25   11154.25    3845
2022-10-27 19:00:00-04:00  11154.50  11161.50  11141.00  11149.25   11149.25    2748
2022-10-27 19:30:00-04:00  11148.75  11152.00  11127.25  11135.00   11135.00    2651
2022-10-27 20:00:00-04:00  11136.25  11145.00  11123.25  11135.50   11135.50    3526
2022-10-27 20:30:00-04:00  11134.75  11157.25  11132.00  11144.50   11144.50    2659
2022-10-27 21:00:00-04:00  11145.00  11182.50  11145.00  11174.75   11174.75    4484
2022-10-27 21:30:00-04:00  11175.25  11189.00  11161.50  11180.75   11180.75    3674
2022-10-27 22:00:00-04:00  11180.25  11186.00  11161.25  11166.75   11166.75    2227
2022-10-27 22:30:00-04:00  11166.00  11172.25  11148.50  11166.00   11166.00    2611
2022-10-27 23:00:00-04:00  11166.25  11172.75  11150.25  11154.75   11154.75    1588
2022-10-27 23:30:00-04:00  11151.75  11165.50  11146.50  11158.75   11158.75    2949
2022-10-28 00:00:00-04:00  11160.00  11163.25  11137.00  11142.50   11142.50    1784
2022-10-28 00:30:00-04:00  11143.00  11148.25  11134.75  11146.50   11146.50    1543
2022-10-28 01:00:00-04:00  11146.00  11147.00  11123.25  11133.00   11133.00    3264
2022-10-28 01:30:00-04:00  11132.50  11135.25  11102.75  11112.75   11112.75    5528
2022-10-28 02:00:00-04:00  11113.25  11124.50  11097.25  11117.75   11117.75    4888
2022-10-28 02:30:00-04:00  11117.25  11122.00  11082.75  11091.50   11091.50    5108
2022-10-28 03:00:00-04:00  11092.75  11124.00  11072.00  11077.50   11077.50    9709
2022-10-28 03:30:00-04:00  11076.75  11090.25  11062.00  11077.25   11077.25    7281
2022-10-28 04:00:00-04:00  11077.00  11109.00  11067.50  11096.25   11096.25    5935
2022-10-28 04:30:00-04:00  11096.25  11119.75  11092.00  11109.75   11109.75    3980
2022-10-28 05:00:00-04:00  11110.00  11110.25  11075.75  11094.75   11094.75    5313
2022-10-28 05:30:00-04:00  11094.50  11119.00  11077.75  11116.25   11116.25    5149
2022-10-28 06:00:00-04:00  11117.25  11119.50  11102.00  11110.50   11110.50    3462
2022-10-28 06:30:00-04:00  11110.00  11129.50  11105.00  11119.25   11119.25    3972
2022-10-28 07:00:00-04:00  11119.25  11148.00  11100.75  11147.00   11147.00    5866
2022-10-28 07:30:00-04:00  11146.50  11153.75  11128.25  11129.50   11129.50    6464
2022-10-28 08:00:00-04:00  11130.25  11134.50  11103.00  11107.75   11107.75   11103
2022-10-28 08:30:00-04:00  11107.75  11219.75  11069.00  11151.00   11151.00   36778
2022-10-28 09:00:00-04:00  11150.25  11224.00  11137.00  11213.00   11213.00   24784
2022-10-28 09:30:00-04:00  11213.50  11364.25  11206.25  11319.75   11319.75   87831
2022-10-28 10:00:00-04:00  11320.50  11399.25  11257.25  11380.75   11380.75   70000
2022-10-28 10:30:00-04:00  11381.00  11471.75  11378.25  11461.50   11461.50   51970
2022-10-28 11:00:00-04:00  11461.50  11497.25  11442.50  11453.75   11453.75   39089
2022-10-28 11:30:00-04:00  11454.00  11494.00  11440.50  11460.25   11460.25   29426
2022-10-28 12:00:00-04:00  11459.50  11512.00  11435.00  11511.00   11511.00   32582
2022-10-28 12:30:00-04:00  11511.25  11531.50  11484.25  11518.50   11518.50   30902
2022-10-28 13:00:00-04:00  11518.75  11543.25  11512.75  11529.00   11529.00   20057
2022-10-28 13:30:00-04:00  11529.25  11554.50  11527.50  11528.50   11528.50   19573
2022-10-28 14:00:00-04:00  11528.50  11552.75  11514.50  11541.50   11541.50   22296
2022-10-28 14:30:00-04:00  11541.50  11585.00  11537.00  11575.75   11575.75   24106
2022-10-28 15:00:00-04:00  11576.25  11587.75  11548.00  11584.25   11584.25   23898
2022-10-28 15:30:00-04:00  11584.25  11605.50  11568.25  11585.25   11585.25   49720
2022-10-28 16:00:00-04:00  11584.50  11615.50  11582.00  11614.75   11614.75   17079
2022-10-28 16:30:00-04:00  11614.25  11626.00  11611.50  11625.50   11625.50    3928
2022-10-30 18:00:00-04:00  11592.50  11595.00  11545.50  11556.25   11556.25    3907
2022-10-30 18:30:00-04:00  11555.75  11578.25  11552.00  11569.75   11569.75    2342
2022-10-30 19:00:00-04:00  11570.75  11587.50  11566.00  11566.25   11566.25    2154
2022-10-30 19:30:00-04:00  11566.25  11575.25  11554.00  11557.50   11557.50    1881
2022-10-30 20:00:00-04:00  11557.50  11561.75  11537.75  11544.00   11544.00    2987
2022-10-30 20:30:00-04:00  11544.25  11545.75  11519.00  11532.00   11532.00    2871
2022-10-30 21:00:00-04:00  11532.00  11536.50  11518.50  11530.00   11530.00    2441
2022-10-30 21:30:00-04:00  11530.00  11554.75  11517.25  11549.75   11549.75    4244
2022-10-30 22:00:00-04:00  11549.25  11556.00  11541.00  11548.50   11548.50    1806
2022-10-30 22:30:00-04:00  11548.75  11565.50  11547.50  11556.00   11556.00    1721
2022-10-30 23:00:00-04:00  11556.25  11570.50  11554.50  11557.25   11557.25    1433
2022-10-30 23:30:00-04:00  11556.50  11581.75  11553.00  11572.50   11572.50    1692
2022-10-31 00:00:00-04:00  11569.00  11573.50  11557.25  11561.00   11561.00    1036
2022-10-31 00:30:00-04:00  11560.75  11569.25  11554.50  11557.25   11557.25    1091
2022-10-31 01:00:00-04:00  11557.25  11572.50  11552.75  11561.75   11561.75    1367
2022-10-31 01:30:00-04:00  11561.75  11567.00  11543.00  11551.00   11551.00    1599
2022-10-31 02:00:00-04:00  11551.75  11557.25  11534.00  11540.00   11540.00    1668
2022-10-31 02:30:00-04:00  11539.75  11548.00  11535.75  11542.00   11542.00    2293
2022-10-31 03:00:00-04:00  11542.00  11547.00  11525.25  11537.00   11537.00    2925
2022-10-31 03:30:00-04:00  11537.25  11562.50  11537.25  11561.75   11561.75    2364
2022-10-31 04:00:00-04:00  11563.00  11563.50  11503.00  11504.50   11504.50    7805
2022-10-31 04:30:00-04:00  11504.00  11504.75  11483.75  11499.25   11499.25    5005
2022-10-31 05:00:00-04:00  11498.50  11509.75  11488.75  11504.75   11504.75    3528
2022-10-31 05:30:00-04:00  11504.75  11522.00  11503.00  11506.25   11506.25    3433
2022-10-31 06:00:00-04:00  11506.75  11517.50  11494.25  11510.00   11510.00    3285
2022-10-31 06:30:00-04:00  11510.00  11515.00  11495.00  11515.00   11515.00    2825
2022-10-31 07:00:00-04:00  11514.25  11545.50  11514.00  11545.25   11545.25    5963
2022-10-31 07:30:00-04:00  11544.50  11545.25  11516.75  11522.75   11522.75    4680
2022-10-31 08:00:00-04:00  11523.00  11525.00  11504.00  11509.50   11509.50    6386
2022-10-31 08:30:00-04:00  11509.75  11512.50  11489.75  11504.25   11504.25    8326
2022-10-31 09:00:00-04:00  11504.50  11517.75  11485.00  11489.25   11489.25   11465
2022-10-31 09:30:00-04:00  11489.00  11522.50  11413.00  11423.00   11423.00   82901
2022-10-31 10:00:00-04:00  11422.75  11453.25  11389.00  11394.50   11394.50   47464
2022-10-31 10:30:00-04:00  11394.50  11436.50  11367.50  11412.00   11412.00   39337
2022-10-31 11:00:00-04:00  11412.50  11471.25  11406.50  11458.75   11458.75   31433
2022-10-31 11:30:00-04:00  11459.25  11500.00  11434.50  11459.50   11459.50   38811
2022-10-31 12:00:00-04:00  11459.50  11513.25  11443.75  11476.00   11476.00   34188
2022-10-31 12:30:00-04:00  11475.50  11476.00  11424.50  11445.75   11445.75   24951
2022-10-31 13:00:00-04:00  11446.50  11491.50  11430.75  11488.25   11488.25   22924
2022-10-31 13:30:00-04:00  11487.00  11497.25  11451.25  11473.25   11473.25   20320
2022-10-31 14:00:00-04:00  11472.50  11485.00  11451.50  11466.25   11466.25   21003
2022-10-31 14:30:00-04:00  11466.00  11498.75  11455.00  11468.00   11468.00   27921
2022-10-31 15:00:00-04:00  11468.25  11470.00  11416.50  11453.00   11453.00   34125
2022-10-31 15:30:00-04:00  11453.00  11482.50  11432.25  11449.75   11449.75   50322
2022-10-31 16:00:00-04:00  11450.00  11466.50  11437.00  11457.50   11457.50   13394
2022-10-31 16:30:00-04:00  11457.50  11469.75  11452.75  11452.75   11452.75    1925
2022-10-31 18:00:00-04:00  11455.00  11465.25  11446.75  11463.00   11463.00    1208
2022-10-31 18:30:00-04:00  11463.75  11467.75  11460.50  11461.75   11461.75     827
2022-10-31 19:00:00-04:00  11462.25  11479.75  11461.75  11475.50   11475.50    1554
2022-10-31 19:30:00-04:00  11475.75  11479.25  11468.00  11468.75   11468.75    1249
2022-10-31 20:00:00-04:00  11469.25  11489.00  11463.25  11486.75   11486.75    2538
2022-10-31 20:30:00-04:00  11486.75  11494.25  11480.50  11483.00   11483.00    2209
2022-10-31 21:00:00-04:00  11483.00  11495.00  11480.25  11494.50   11494.50    1931
2022-10-31 21:30:00-04:00  11494.75  11495.00  11487.50  11494.00   11494.00    2262
2022-10-31 22:00:00-04:00  11494.00  11498.25  11485.00  11494.00   11494.00    2143
2022-10-31 22:30:00-04:00  11493.75  11500.00  11493.75  11499.00   11499.00    2422
2022-10-31 23:00:00-04:00  11499.25  11500.00  11484.00  11485.50   11485.50    2031
2022-10-31 23:30:00-04:00  11486.00  11494.00  11480.75  11487.50   11487.50    1308
2022-11-01 00:00:00-04:00  11490.00  11490.00  11480.50  11481.00   11481.00     777
2022-11-01 00:30:00-04:00  11480.75  11493.25  11478.25  11485.00   11485.00    1223
2022-11-01 01:00:00-04:00  11485.00  11510.75  11483.00  11508.75   11508.75    2527
2022-11-01 01:30:00-04:00  11508.75  11525.00  11507.25  11518.25   11518.25    2314
2022-11-01 02:00:00-04:00  11517.75  11535.00  11517.25  11530.00   11530.00    1881
2022-11-01 02:30:00-04:00  11529.00  11541.50  11519.25  11539.00   11539.00    2251
2022-11-01 03:00:00-04:00  11538.00  11549.25  11505.00  11508.75   11508.75    5043
2022-11-01 03:30:00-04:00  11509.50  11527.50  11503.25  11525.25   11525.25    3128
2022-11-01 04:00:00-04:00  11525.75  11574.25  11522.50  11565.00   11565.00    9189
2022-11-01 04:30:00-04:00  11564.50  11571.00  11552.75  11554.75   11554.75    3479
2022-11-01 05:00:00-04:00  11555.25  11555.75  11535.75  11551.25   11551.25    4964
2022-11-01 05:30:00-04:00  11552.50  11573.00  11551.75  11569.75   11569.75    3918
2022-11-01 06:00:00-04:00  11569.75  11591.25  11558.50  11583.75   11583.75    5003
2022-11-01 06:30:00-04:00  11583.50  11593.25  11579.50  11582.75   11582.75    3501
2022-11-01 07:00:00-04:00  11583.25  11594.75  11568.50  11580.75   11580.75    4351
2022-11-01 07:30:00-04:00  11580.50  11591.25  11573.25  11585.25   11585.25    3197
2022-11-01 08:00:00-04:00  11585.50  11607.50  11577.50  11603.75   11603.75    8256
2022-11-01 08:30:00-04:00  11604.00  11614.50  11598.75  11602.75   11602.75    8190
2022-11-01 09:00:00-04:00  11602.25  11607.50  11583.00  11595.25   11595.25   11039
2022-11-01 09:30:00-04:00  11594.75  11619.00  11499.75  11513.00   11513.00   69059
2022-11-01 10:00:00-04:00  11512.25  11527.75  11375.25  11438.25   11438.25   82258
2022-11-01 10:30:00-04:00  11438.75  11445.50  11342.25  11357.75   11357.75   50603
2022-11-01 11:00:00-04:00  11358.25  11396.50  11350.25  11381.50   11381.50   35465
2022-11-01 11:30:00-04:00  11381.50  11392.75  11325.75  11364.25   11364.25   35073
2022-11-01 12:00:00-04:00  11364.75  11411.25  11339.25  11342.50   11342.50   38239
2022-11-01 12:30:00-04:00  11342.25  11358.00  11315.75  11355.50   11355.50   26324
2022-11-01 13:00:00-04:00  11355.25  11374.75  11334.75  11351.50   11351.50   21591
2022-11-01 13:30:00-04:00  11351.50  11355.50  11323.50  11351.25   11351.25   19333
2022-11-01 14:00:00-04:00  11351.75  11361.50  11341.50  11358.75   11358.75   16546
2022-11-01 14:30:00-04:00  11358.25  11375.75  11328.25  11369.50   11369.50   21575
2022-11-01 15:00:00-04:00  11369.50  11380.00  11333.75  11337.50   11337.50   22268
2022-11-01 15:30:00-04:00  11337.75  11360.00  11328.50  11330.50   11330.50   32699
2022-11-01 16:00:00-04:00  11330.75  11340.25  11288.75  11314.00   11314.00   19607
2022-11-01 16:30:00-04:00  11313.75  11322.75  11309.75  11320.50   11320.50    2556
2022-11-01 18:00:00-04:00  11320.25  11343.75  11320.25  11337.75   11337.75    2206
2022-11-01 18:30:00-04:00  11337.50  11343.00  11333.75  11340.50   11340.50    1027
2022-11-01 19:00:00-04:00  11341.50  11348.75  11340.50  11345.75   11345.75    1195
2022-11-01 19:30:00-04:00  11345.75  11347.50  11327.25  11332.25   11332.25    1373
2022-11-01 20:00:00-04:00  11333.00  11342.25  11318.75  11335.00   11335.00    2730
2022-11-01 20:30:00-04:00  11335.50  11370.25  11333.50  11365.50   11365.50    3727
2022-11-01 21:00:00-04:00  11365.75  11372.50  11359.25  11367.50   11367.50    1698
2022-11-01 21:30:00-04:00  11366.50  11378.25  11364.00  11368.25   11368.25    1630
2022-11-01 22:00:00-04:00  11369.25  11370.00  11352.00  11361.75   11361.75    1877
2022-11-01 22:30:00-04:00  11361.50  11379.50  11360.50  11373.25   11373.25    1448
2022-11-01 23:00:00-04:00  11373.75  11384.25  11361.00  11377.00   11377.00    1882
2022-11-01 23:30:00-04:00  11377.25  11381.75  11368.75  11373.25   11373.25    1686
2022-11-02 00:00:00-04:00  11372.00  11378.25  11362.50  11372.75   11372.75    1452
2022-11-02 00:30:00-04:00  11372.75  11375.25  11364.25  11370.25   11370.25     818
2022-11-02 01:00:00-04:00  11371.00  11381.75  11366.75  11372.75   11372.75    1897
2022-11-02 01:30:00-04:00  11374.00  11382.75  11371.50  11375.50   11375.50    1778
2022-11-02 02:00:00-04:00  11376.50  11377.00  11357.75  11363.75   11363.75    2015
2022-11-02 02:30:00-04:00  11363.75  11366.75  11351.00  11359.75   11359.75    1656
2022-11-02 03:00:00-04:00  11359.75  11362.50  11337.25  11337.75   11337.75    3348
2022-11-02 03:30:00-04:00  11338.00  11366.25  11335.75  11351.75   11351.75    3177
2022-11-02 04:00:00-04:00  11351.00  11390.00  11348.75  11384.00   11384.00    5604
2022-11-02 04:30:00-04:00  11383.75  11387.75  11368.25  11372.25   11372.25    4115
2022-11-02 05:00:00-04:00  11371.75  11380.50  11336.00  11341.00   11341.00    5154
2022-11-02 05:30:00-04:00  11340.50  11357.25  11338.00  11355.25   11355.25    2596
2022-11-02 06:00:00-04:00  11354.25  11361.25  11346.50  11351.25   11351.25    2498
2022-11-02 06:30:00-04:00  11351.75  11356.75  11330.25  11347.50   11347.50    3837
2022-11-02 07:00:00-04:00  11347.25  11355.25  11335.50  11352.50   11352.50    3367
2022-11-02 07:30:00-04:00  11352.25  11359.50  11347.75  11354.50   11354.50    3554
2022-11-02 08:00:00-04:00  11354.25  11360.00  11295.50  11330.50   11330.50   13799
2022-11-02 08:30:00-04:00  11330.75  11351.50  11310.00  11332.25   11332.25   11992
2022-11-02 09:00:00-04:00  11332.25  11340.25  11320.50  11329.75   11329.75    7751
2022-11-02 09:30:00-04:00  11329.75  11341.00  11271.25  11279.75   11279.75   59313
2022-11-02 10:00:00-04:00  11280.50  11309.50  11259.75  11268.00   11268.00   37874