                               Open      High       Low     Close  Adj Close  Volume
Datetime                                                                            
2023-01-31 10:30:00-05:00  12063.00  12083.75  12048.25  12074.00   12074.00    5228
2023-01-31 11:00:00-05:00  12074.25  12092.25  12063.50  12084.00   12084.00   26653
2023-01-31 11:30:00-05:00  12083.75  12096.25  12060.25  12067.50   12067.50   22656
2023-01-31 12:00:00-05:00  12067.75  12089.75  12041.75  12075.25   12075.25   22989
2023-01-31 12:30:00-05:00  12075.50  12095.00  12065.00  12086.25   12086.25   18340
2023-01-31 13:00:00-05:00  12086.50  12092.25  12059.75  12075.50   12075.50   14564
2023-01-31 13:30:00-05:00  12075.75  12101.25  12062.25  12095.25   12095.25   18949
2023-01-31 14:00:00-05:00  12095.25  12107.25  12088.25  12101.00   12101.00   18567
2023-01-31 14:30:00-05:00  12101.00  12119.00  12095.75  12111.25   12111.25   20309
2023-01-31 15:00:00-05:00  12111.50  12125.00  12072.25  12076.75   12076.75   29066
2023-01-31 15:30:00-05:00  12076.75  12156.00  12075.75  12153.00   12153.00   60064
2023-01-31 16:00:00-05:00  12152.75  12154.50  12109.00  12124.25   12124.25   22533
2023-01-31 16:30:00-05:00  12124.75  12126.75  12110.25  12119.25   12119.25    2848
2023-01-31 18:00:00-05:00  12116.00  12119.25  12099.50  12102.00   12102.00    1673
2023-01-31 18:30:00-05:00  12101.75  12111.00  12095.50  12103.25   12103.25    1769
2023-01-31 19:00:00-05:00  12103.00  12122.75  12090.25  12091.25   12091.25    2852
2023-01-31 19:30:00-05:00  12091.75  12099.75  12086.75  12088.50   12088.50    2063
2023-01-31 20:00:00-05:00  12088.00  12099.75  12084.75  12096.50   12096.50    1312
2023-01-31 20:30:00-05:00  12096.50  12103.25  12088.25  12094.25   12094.25    1621
2023-01-31 21:00:00-05:00  12094.25  12095.00  12085.25  12088.50   12088.50     988
2023-01-31 21:30:00-05:00  12088.00  12092.50  12085.75  12087.75   12087.75     894
2023-01-31 22:00:00-05:00  12088.00  12105.25  12087.00  12100.25   12100.25    1490
2023-01-31 22:30:00-05:00  12100.25  12108.50  12100.25  12104.50   12104.50    1151
2023-01-31 23:00:00-05:00  12104.00  12118.50  12102.00  12117.00   12117.00    1727
2023-01-31 23:30:00-05:00  12116.75  12119.00  12107.50  12108.25   12108.25    1048
2023-02-01 00:00:00-05:00  12107.00  12110.50  12105.25  12107.00   12107.00     913
2023-02-01 00:30:00-05:00  12106.50  12114.00  12101.75  12109.50   12109.50    1138
2023-02-01 01:00:00-05:00  12109.00  12111.50  12103.25  12107.25   12107.25     955
2023-02-01 01:30:00-05:00  12107.00  12116.00  12105.00  12113.00   12113.00    1269
2023-02-01 02:00:00-05:00  12112.75  12127.75  12105.50  12125.75   12125.75    2239
2023-02-01 02:30:00-05:00  12126.00  12130.25  12118.00  12126.25   12126.25    1816
2023-02-01 03:00:00-05:00  12126.50  12134.25  12119.25  12123.75   12123.75    3362
2023-02-01 03:30:00-05:00  12124.50  12148.00  12123.00  12127.50   12127.50    4653
2023-02-01 04:00:00-05:00  12127.50  12135.50  12115.25  12130.75   12130.75    3781
2023-02-01 04:30:00-05:00  12130.75  12131.25  12114.00  12117.50   12117.50    2729
2023-02-01 05:00:00-05:00  12117.75  12126.75  12105.25  12109.50   12109.50    3455
2023-02-01 05:30:00-05:00  12110.25  12116.00  12104.00  12110.75   12110.75    2462
2023-02-01 06:00:00-05:00  12111.50  12130.25  12107.25  12126.75   12126.75    3142
2023-02-01 06:30:00-05:00  12126.50  12132.50  12123.00  12131.75   12131.75    3237
2023-02-01 07:00:00-05:00  12132.00  12167.25  12126.00  12167.25   12167.25    7838
2023-02-01 07:30:00-05:00  12167.50  12168.75  12141.25  12154.25   12154.25    5561
2023-02-01 08:00:00-05:00  12153.75  12159.00  12133.00  12139.75   12139.75   10905
2023-02-01 08:30:00-05:00  12139.25  12149.00  12129.75  12135.25   12135.25    8122
2023-02-01 09:00:00-05:00  12135.50  12152.00  12134.25  12144.00   12144.00    8104
2023-02-01 09:30:00-05:00  12144.00  12158.00  12101.25  12149.50   12149.50   53544
2023-02-01 10:00:00-05:00  12149.75  12156.00  12107.50  12139.50   12139.50   36439
2023-02-01 10:30:00-05:00  12140.25  12155.00  12081.50  12087.25   12087.25   27526
2023-02-01 11:00:00-05:00  12087.25  12135.75  12076.75  12130.00   12130.00   23343
2023-02-01 11:30:00-05:00  12130.75  12143.50  12111.50  12121.50   12121.50   15620
2023-02-01 12:00:00-05:00  12121.25  12126.00  12097.50  12116.75   12116.75   14615
2023-02-01 12:30:00-05:00  12117.00  12132.25  12107.25  12122.75   12122.75   10738
2023-02-01 13:00:00-05:00  12123.25  12139.50  12116.50  12139.25   12139.25   10816
2023-02-01 13:30:00-05:00  12139.75  12161.50  12120.50  12133.50   12133.50   15067
2023-02-01 14:00:00-05:00  12139.25  12204.50  12072.50  12150.00   12150.00   62390
2023-02-01 14:30:00-05:00  12149.50  12386.25  12055.50  12339.50   12339.50  105861
2023-02-01 15:00:00-05:00  12340.75  12454.00  12339.75  12430.75   12430.75   65008
2023-02-01 15:30:00-05:00  12430.50  12516.25  12398.50  12418.75   12418.75   84716
2023-02-01 16:00:00-05:00  12419.50  12524.50  12394.00  12494.75   12494.75   30362
2023-02-01 16:30:00-05:00  12494.75  12515.00  12494.25  12505.25   12505.25    5358
2023-02-01 18:00:00-05:00  12520.00  12559.75  12519.00  12549.50   12549.50    4271
2023-02-01 18:30:00-05:00  12549.00  12549.75  12527.75  12544.75   12544.75    3783
2023-02-01 19:00:00-05:00  12544.75  12546.50  12510.25  12519.75   12519.75    5157
2023-02-01 19:30:00-05:00  12519.50  12542.75  12518.50  12536.00   12536.00    2581
2023-02-01 20:00:00-05:00  12536.50  12542.75  12524.25  12537.00   12537.00    2681
2023-02-01 20:30:00-05:00  12537.25  12537.75  12508.00  12523.25   12523.25    4332
2023-02-01 21:00:00-05:00  12523.50  12528.00  12508.00  12512.75   12512.75    2242
2023-02-01 21:30:00-05:00  12513.25  12518.75  12501.75  12509.75   12509.75    1881
2023-02-01 22:00:00-05:00  12509.50  12522.00  12505.25  12521.75   12521.75    1405
2023-02-01 22:30:00-05:00  12521.50  12530.75  12521.50  12524.25   12524.25    1521
2023-02-01 23:00:00-05:00  12524.75  12531.00  12523.25  12524.50   12524.50    1062
2023-02-01 23:30:00-05:00  12524.75  12545.00  12523.50  12539.25   12539.25    1981
2023-02-02 00:00:00-05:00  12540.00  12540.00  12527.75  12527.75   12527.75    1470
2023-02-02 00:30:00-05:00  12527.75  12534.00  12524.25  12529.75   12529.75    1581
2023-02-02 01:00:00-05:00  12530.50  12536.75  12525.50  12533.00   12533.00    1502
2023-02-02 01:30:00-05:00  12532.50  12537.00  12525.25  12536.00   12536.00    1346
2023-02-02 02:00:00-05:00  12536.00  12537.75  12521.25  12526.00   12526.00    2957
2023-02-02 02:30:00-05:00  12526.50  12529.00  12508.50  12519.00   12519.00    4271
2023-02-02 03:00:00-05:00  12519.75  12582.25  12517.75  12578.50   12578.50    8327
2023-02-02 03:30:00-05:00  12578.75  12605.75  12578.75  12604.50   12604.50    9230
2023-02-02 04:00:00-05:00  12604.25  12606.00  12564.25  12573.50   12573.50    7547
2023-02-02 04:30:00-05:00  12573.75  12594.00  12569.25  12590.75   12590.75    4478
2023-02-02 05:00:00-05:00  12590.50  12603.00  12575.25  12581.50   12581.50    4582
2023-02-02 05:30:00-05:00  12581.50  12584.75  12567.25  12573.25   12573.25    4271
2023-02-02 06:00:00-05:00  12574.00  12589.00  12558.00  12584.50   12584.50    3544
2023-02-02 06:30:00-05:00  12585.00  12587.00  12556.00  12567.75   12567.75    3894
2023-02-02 07:00:00-05:00  12568.50  12573.50  12552.75  12562.25   12562.25    5041
2023-02-02 07:30:00-05:00  12563.25  12613.75  12561.50  12611.75   12611.75    9162
2023-02-02 08:00:00-05:00  12611.50  12624.75  12588.50  12617.75   12617.75   11856
2023-02-02 08:30:00-05:00  12618.50  12667.75  12612.25  12662.00   12662.00   20900
2023-02-02 09:00:00-05:00  12662.00  12681.75  12646.50  12680.00   12680.00   22328
2023-02-02 09:30:00-05:00  12680.75  12748.25  12668.75  12671.75   12671.75   92293
2023-02-02 10:00:00-05:00  12673.00  12744.25  12647.25  12734.00   12734.00   56274
2023-02-02 10:30:00-05:00  12733.75  12826.75  12733.75  12804.25   12804.25   53199
2023-02-02 11:00:00-05:00  12804.25  12832.25  12781.00  12809.50   12809.50   37221
2023-02-02 11:30:00-05:00  12809.75  12839.25  12782.75  12786.25   12786.25   28401
2023-02-02 12:00:00-05:00  12786.25  12821.75  12771.25  12814.25   12814.25   24324
2023-02-02 12:30:00-05:00  12814.75  12841.25  12809.00  12834.00   12834.00   19650
2023-02-02 13:00:00-05:00  12834.75  12858.50  12830.50  12853.50   12853.50   22912
2023-02-02 13:30:00-05:00  12854.00  12927.75  12853.50  12927.00   12927.00   32227
2023-02-02 14:00:00-05:00  12927.25  12934.50  12813.50  12817.75   12817.75   44027
2023-02-02 14:30:00-05:00  12818.50  12825.50  12714.50  12720.00   12720.00   55320
2023-02-02 15:00:00-05:00  12719.50  12798.50  12691.00  12782.50   12782.50   46819
2023-02-02 15:30:00-05:00  12782.75  12855.75  12756.75  12854.75   12854.75   58566
2023-02-02 16:00:00-05:00  12854.75  12949.75  12668.75  12737.00   12737.00   46843
2023-02-02 16:30:00-05:00  12737.00  12737.00  12618.25  12670.00   12670.00   19906
2023-02-02 17:00:00-05:00  12670.25  12670.25  12670.25  12670.25   12670.25       1
2023-02-02 18:00:00-05:00  12747.75  12760.00  12675.75  12679.75   12679.75    5174
2023-02-02 18:30:00-05:00  12679.75  12701.25  12654.75  12664.00   12664.00    4740
2023-02-02 19:00:00-05:00  12664.25  12684.75  12660.75  12680.00   12680.00    2514
2023-02-02 19:30:00-05:00  12680.00  12680.50  12670.75  12672.00   12672.00    1658
2023-02-02 20:00:00-05:00  12672.50  12677.50  12655.75  12667.00   12667.00    2889
2023-02-02 20:30:00-05:00  12666.50  12674.25  12656.50  12658.25   12658.25    2230
2023-02-02 21:00:00-05:00  12658.75  12662.00  12630.75  12633.00   12633.00    3397
2023-02-02 21:30:00-05:00  12633.25  12641.25  12618.75  12637.25   12637.25    2782
2023-02-02 22:00:00-05:00  12637.50  12651.25  12635.75  12642.25   12642.25    1777
2023-02-02 22:30:00-05:00  12641.75  12651.00  12638.50  12650.00   12650.00    1696
2023-02-02 23:00:00-05:00  12650.00  12655.75  12644.50  12653.25   12653.25    1191
2023-02-02 23:30:00-05:00  12653.25  12664.50  12652.25  12656.00   12656.00    1155
2023-02-03 00:00:00-05:00  12655.50  12669.75  12651.75  12663.25   12663.25    1822
2023-02-03 00:30:00-05:00  12663.00  12676.75  12656.00  12661.50   12661.50    1668
2023-02-03 01:00:00-05:00  12660.75  12674.50  12656.25  12657.75   12657.75    1669
2023-02-03 01:30:00-05:00  12658.50  12658.50  12642.25  12654.00   12654.00    1694
2023-02-03 02:00:00-05:00  12654.50  12657.00  12629.00  12629.00   12629.00    3459
2023-02-03 02:30:00-05:00  12629.00  12633.50  12599.00  12615.75   12615.75    6113
2023-02-03 03:00:00-05:00  12615.25  12616.75  12581.50  12588.00   12588.00    7175
2023-02-03 03:30:00-05:00  12587.75  12614.50  12586.25  12610.50   12610.50    5358
2023-02-03 04:00:00-05:00  12610.00  12643.75  12598.50  12643.25   12643.25    7093
2023-02-03 04:30:00-05:00  12643.00  12669.25  12641.75  12653.50   12653.50    5594
2023-02-03 05:00:00-05:00  12653.00  12665.50  12637.50  12638.00   12638.00    4267
2023-02-03 05:30:00-05:00  12637.50  12658.25  12635.75  12653.25   12653.25    3634
2023-02-03 06:00:00-05:00  12653.00  12668.50  12635.75  12664.75   12664.75    4046
2023-02-03 06:30:00-05:00  12665.25  12684.25  12663.50  12676.50   12676.50    5740
2023-02-03 07:00:00-05:00  12676.75  12721.50  12674.50  12692.25   12692.25    9065
2023-02-03 07:30:00-05:00  12692.00  12738.00  12680.00  12733.75   12733.75    7549
2023-02-03 08:00:00-05:00  12734.25  12761.00  12724.75  12742.75   12742.75   12256
2023-02-03 08:30:00-05:00  12747.25  12747.25  12569.50  12589.75   12589.75   64737
2023-02-03 09:00:00-05:00  12589.50  12611.75  12551.50  12575.00   12575.00   27134
2023-02-03 09:30:00-05:00  12575.25  12754.00  12558.50  12721.50   12721.50  101754
2023-02-03 10:00:00-05:00  12722.50  12834.00  12668.25  12776.25   12776.25   90084
2023-02-03 10:30:00-05:00  12776.50  12857.75  12758.50  12803.25   12803.25   51154
2023-02-03 11:00:00-05:00  12804.00  12851.50  12802.00  12841.00   12841.00   30037
2023-02-03 11:30:00-05:00  12841.50  12878.00  12767.75  12776.50   12776.50   41172
2023-02-03 12:00:00-05:00  12776.25  12843.75  12764.50  12829.00   12829.00   25010
2023-02-03 12:30:00-05:00  12829.75  12839.25  12719.00  12728.25   12728.25   26805
2023-02-03 13:00:00-05:00  12728.25  12735.50  12673.00  12693.50   12693.50   40326
2023-02-03 13:30:00-05:00  12693.00  12702.25  12617.25  12674.75   12674.75   40539
2023-02-03 14:00:00-05:00  12675.50  12681.25  12624.00  12649.75   12649.75   27531
2023-02-03 14:30:00-05:00  12649.50  12678.25  12601.25  12611.50   12611.50   29852
2023-02-03 15:00:00-05:00  12612.50  12655.25  12578.50  12629.00   12629.00   34957
2023-02-03 15:30:00-05:00  12629.75  12647.25  12598.00  12623.00   12623.00   45709
2023-02-03 16:00:00-05:00  12623.75  12627.50  12607.00  12612.00   12612.00   11637
2023-02-03 16:30:00-05:00  12612.25  12622.00  12612.25  12616.50   12616.50    1645
2023-02-05 18:00:00-05:00  12572.00  12587.25  12550.00  12576.00   12576.00    4857
2023-02-05 18:30:00-05:00  12576.75  12605.50  12569.75  12590.75   12590.75    4085
2023-02-05 19:00:00-05:00  12590.50  12595.50  12570.00  12576.25   12576.25    3334
2023-02-05 19:30:00-05:00  12576.00  12587.25  12573.25  12585.00   12585.00    1670
2023-02-05 20:00:00-05:00  12584.00  12593.00  12578.75  12579.00   12579.00    2110
2023-02-05 20:30:00-05:00  12578.50  12602.00  12562.75  12595.50   12595.50    3563
2023-02-05 21:00:00-05:00  12595.75  12603.50  12584.75  12587.75   12587.75    2677
2023-02-05 21:30:00-05:00  12588.00  12600.50  12571.50  12575.00   12575.00    2387
2023-02-05 22:00:00-05:00  12574.50  12579.25  12568.00  12573.50   12573.50    1856
2023-02-05 22:30:00-05:00  12575.00  12577.75  12569.75  12572.50   12572.50    1225
2023-02-05 23:00:00-05:00  12572.75  12582.00  12559.75  12572.25   12572.25    2464
2023-02-05 23:30:00-05:00  12572.00  12576.75  12562.00  12566.00   12566.00    1386
2023-02-06 00:00:00-05:00  12567.00  12572.25  12542.00  12546.25   12546.25    2775
2023-02-06 00:30:00-05:00  12546.25  12574.50  12542.00  12572.25   12572.25    3635
2023-02-06 01:00:00-05:00  12572.50  12580.00  12562.00  12574.75   12574.75    3656
2023-02-06 01:30:00-05:00  12575.25  12576.00  12546.00  12548.50   12548.50    2507
2023-02-06 02:00:00-05:00  12548.25  12566.75  12542.00  12559.00   12559.00    4697
2023-02-06 02:30:00-05:00  12559.00  12566.50  12546.75  12552.25   12552.25    3695
2023-02-06 03:00:00-05:00  12553.00  12576.25  12537.25  12543.50   12543.50    7926
2023-02-06 03:30:00-05:00  12541.25  12563.50  12530.50  12535.25   12535.25    5639
2023-02-06 04:00:00-05:00  12535.50  12540.00  12512.75  12522.75   12522.75    6822
2023-02-06 04:30:00-05:00  12523.00  12534.00  12487.25  12487.75   12487.75    6158
2023-02-06 05:00:00-05:00  12488.25  12493.50  12470.25  12481.00   12481.00    6684
2023-02-06 05:30:00-05:00  12480.25  12497.25  12466.25  12492.25   12492.25    6071
2023-02-06 06:00:00-05:00  12492.25  12494.75  12473.25  12475.75   12475.75    4409
2023-02-06 06:30:00-05:00  12476.00  12496.50  12457.25  12492.75   12492.75    6566
2023-02-06 07:00:00-05:00  12492.50  12517.50  12492.00  12505.50   12505.50    6851
2023-02-06 07:30:00-05:00  12506.00  12538.00  12498.75  12528.25   12528.25    7893
2023-02-06 08:00:00-05:00  12528.25  12538.75  12510.00  12525.00   12525.00    6414
2023-02-06 08:30:00-05:00  12525.00  12530.25  12481.50  12500.75   12500.75   11032
2023-02-06 09:00:00-05:00  12500.75  12513.25  12488.50  12508.75   12508.75   10263
2023-02-06 09:30:00-05:00  12509.00  12569.00  12502.50  12549.25   12549.25   64228
2023-02-06 10:00:00-05:00  12550.00  12592.25  12473.75  12482.50   12482.50   49669
2023-02-06 10:30:00-05:00  12483.00  12563.25  12455.75  12557.00   12557.00   39624
2023-02-06 11:00:00-05:00  12557.50  12598.00  12534.50  12591.00   12591.00   33263
2023-02-06 11:30:00-05:00  12591.50  12608.50  12530.25  12538.50   12538.50   26364
2023-02-06 12:00:00-05:00  12538.25  12554.00  12518.00  12534.50   12534.50   18904
2023-02-06 12:30:00-05:00  12534.50  12567.75  12534.50  12544.25   12544.25   16350
2023-02-06 13:00:00-05:00  12544.00  12547.25  12503.50  12513.75   12513.75   17626
2023-02-06 13:30:00-05:00  12514.00  12531.75  12502.25  12529.50   12529.50   14812
2023-02-06 14:00:00-05:00  12528.75  12573.50  12528.25  12547.50   12547.50   20177
2023-02-06 14:30:00-05:00  12547.75  12549.75  12511.50  12531.00   12531.00   16828
2023-02-06 15:00:00-05:00  12530.50  12535.50  12479.00  12485.50   12485.50   21047
2023-02-06 15:30:00-05:00  12485.50  12531.00  12467.75  12513.75   12513.75   35098
2023-02-06 16:00:00-05:00  12513.75  12519.75  12506.25  12512.00   12512.00    8069
2023-02-06 16:30:00-05:00  12512.00  12515.25  12504.00  12513.00   12513.00    1879
2023-02-06 18:00:00-05:00  12513.00  12528.75  12510.00  12522.25   12522.25    1392
2023-02-06 18:30:00-05:00  12522.25  12537.50  12516.75  12536.00   12536.00    1748
2023-02-06 19:00:00-05:00  12535.50  12546.00  12532.25  12541.25   12541.25    1977
2023-02-06 19:30:00-05:00  12541.25  12555.00  12540.75  12552.50   12552.50    1755
2023-02-06 20:00:00-05:00  12552.50  12566.00  12551.25  12563.25   12563.25    2280
2023-02-06 20:30:00-05:00  12563.75  12566.50  12550.25  12563.00   12563.00    1708
2023-02-06 21:00:00-05:00  12563.25  12564.50  12551.00  12555.25   12555.25    1161
2023-02-06 21:30:00-05:00  12555.00  12558.75  12548.75  12557.75   12557.75    1135
2023-02-06 22:00:00-05:00  12557.75  12558.50  12548.50  12555.25   12555.25    1257
2023-02-06 22:30:00-05:00  12555.25  12556.75  12540.00  12544.00   12544.00    1727
2023-02-06 23:00:00-05:00  12544.25  12551.25  12540.00  12542.25   12542.25    1502
2023-02-06 23:30:00-05:00  12542.00  12542.75  12529.00  12530.50   12530.50    1534
2023-02-07 00:00:00-05:00  12531.00  12539.25  12531.00  12539.00   12539.00     948
2023-02-07 00:30:00-05:00  12538.75  12546.00  12531.50  12537.75   12537.75    1577
2023-02-07 01:00:00-05:00  12537.50  12544.00  12534.25  12535.25   12535.25    1001
2023-02-07 01:30:00-05:00  12535.25  12538.25  12531.50  12536.00   12536.00     851
2023-02-07 02:00:00-05:00  12536.00  12551.25  12530.50  12545.00   12545.00    3022
2023-02-07 02:30:00-05:00  12545.75  12545.75  12524.00  12528.25   12528.25    4139
2023-02-07 03:00:00-05:00  12528.50  12531.50  12475.50  12507.50   12507.50   10130
2023-02-07 03:30:00-05:00  12507.00  12521.00  12498.75  12515.50   12515.50    4644
2023-02-07 04:00:00-05:00  12515.25  12572.00  12515.00  12565.25   12565.25    7562
2023-02-07 04:30:00-05:00  12565.50  12573.50  12557.25  12560.75   12560.75    3045
2023-02-07 05:00:00-05:00  12560.25  12567.00  12546.75  12566.25   12566.25    2998
2023-02-07 05:30:00-05:00  12566.50  12567.25  12530.00  12531.50   12531.50    2842
2023-02-07 06:00:00-05:00  12531.75  12545.75  12523.75  12538.25   12538.25    3493
2023-02-07 06:30:00-05:00  12538.50  12545.75  12524.50  12542.25   12542.25    3767
2023-02-07 07:00:00-05:00  12542.00  12566.00  12542.00  12558.00   12558.00    4172
2023-02-07 07:30:00-05:00  12557.75  12561.75  12543.25  12560.75   12560.75    3817
2023-02-07 08:00:00-05:00  12560.75  12562.25  12521.50  12533.00   12533.00    8136
2023-02-07 08:30:00-05:00  12532.25  12535.75  12503.50  12519.25   12519.25   11048
2023-02-07 09:00:00-05:00  12519.75  12520.25  12499.00  12503.50   12503.50   12981
2023-02-07 09:30:00-05:00  12504.00  12554.00  12488.75  12497.75   12497.75   60939
2023-02-07 10:00:00-05:00  12497.25  12525.00  12477.00  12498.25   12498.25   38307