                               Open      High       Low     Close  Adj Close  Volume
Datetime                                                                            
2023-02-06 10:30:00-05:00  12517.25  12563.25  12512.00  12557.00   12557.00    5288
2023-02-06 11:00:00-05:00  12557.50  12598.00  12534.50  12591.00   12591.00   33263
2023-02-06 11:30:00-05:00  12591.50  12608.50  12530.25  12538.50   12538.50   26364
2023-02-06 12:00:00-05:00  12538.25  12554.00  12518.00  12534.50   12534.50   18904
2023-02-06 12:30:00-05:00  12534.50  12567.75  12534.50  12544.25   12544.25   16350
2023-02-06 13:00:00-05:00  12544.00  12547.25  12503.50  12513.75   12513.75   17626
2023-02-06 13:30:00-05:00  12514.00  12531.75  12502.25  12529.50   12529.50   14812
2023-02-06 14:00:00-05:00  12528.75  12573.50  12528.25  12547.50   12547.50   20177
2023-02-06 14:30:00-05:00  12547.75  12549.75  12511.50  12531.00   12531.00   16828
2023-02-06 15:00:00-05:00  12530.50  12535.50  12479.00  12485.50   12485.50   21047
2023-02-06 15:30:00-05:00  12485.50  12531.00  12467.75  12513.75   12513.75   35098
2023-02-06 16:00:00-05:00  12513.75  12519.75  12506.25  12512.00   12512.00    8069
2023-02-06 16:30:00-05:00  12512.00  12515.25  12504.00  12513.00   12513.00    1879
2023-02-06 18:00:00-05:00  12513.00  12528.75  12510.00  12522.25   12522.25    1392
2023-02-06 18:30:00-05:00  12522.25  12537.50  12516.75  12536.00   12536.00    1748
2023-02-06 19:00:00-05:00  12535.50  12546.00  12532.25  12541.25   12541.25    1977
2023-02-06 19:30:00-05:00  12541.25  12555.00  12540.75  12552.50   12552.50    1755
2023-02-06 20:00:00-05:00  12552.50  12566.00  12551.25  12563.25   12563.25    2280
2023-02-06 20:30:00-05:00  12563.75  12566.50  12550.25  12563.00   12563.00    1708
2023-02-06 21:00:00-05:00  12563.25  12564.50  12551.00  12555.25   12555.25    1161
2023-02-06 21:30:00-05:00  12555.00  12558.75  12548.75  12557.75   12557.75    1135
2023-02-06 22:00:00-05:00  12557.75  12558.50  12548.50  12555.25   12555.25    1257
2023-02-06 22:30:00-05:00  12555.25  12556.75  12540.00  12544.00   12544.00    1727
2023-02-06 23:00:00-05:00  12544.25  12551.25  12540.00  12542.25   12542.25    1502
2023-02-06 23:30:00-05:00  12542.00  12542.75  12529.00  12530.50   12530.50    1534
2023-02-07 00:00:00-05:00  12531.00  12539.25  12531.00  12539.00   12539.00    1053
2023-02-07 00:30:00-05:00  12538.75  12546.00  12531.50  12537.75   12537.75    1577
2023-02-07 01:00:00-05:00  12537.50  12544.00  12534.25  12535.25   12535.25    1001
2023-02-07 01:30:00-05:00  12535.25  12538.25  12531.50  12536.00   12536.00     851
2023-02-07 02:00:00-05:00  12536.00  12551.25  12530.50  12545.00   12545.00    3022
2023-02-07 02:30:00-05:00  12545.75  12545.75  12524.00  12528.25   12528.25    4139
2023-02-07 03:00:00-05:00  12528.50  12531.50  12475.50  12507.50   12507.50   10130
2023-02-07 03:30:00-05:00  12507.00  12521.00  12498.75  12515.50   12515.50    4644
2023-02-07 04:00:00-05:00  12515.25  12572.00  12515.00  12565.25   12565.25    7562
2023-02-07 04:30:00-05:00  12565.50  12573.50  12557.25  12560.75   12560.75    3045
2023-02-07 05:00:00-05:00  12560.25  12567.00  12546.75  12566.25   12566.25    2998
2023-02-07 05:30:00-05:00  12566.50  12567.25  12530.00  12531.50   12531.50    2842
2023-02-07 06:00:00-05:00  12531.75  12545.75  12523.75  12538.25   12538.25    3493
2023-02-07 06:30:00-05:00  12538.50  12545.75  12524.50  12542.25   12542.25    3767
2023-02-07 07:00:00-05:00  12542.00  12566.00  12542.00  12558.00   12558.00    4172
2023-02-07 07:30:00-05:00  12557.75  12561.75  12543.25  12560.75   12560.75    3817
2023-02-07 08:00:00-05:00  12560.75  12562.25  12521.50  12533.00   12533.00    8136
2023-02-07 08:30:00-05:00  12532.25  12535.75  12503.50  12519.25   12519.25   11048
2023-02-07 09:00:00-05:00  12519.75  12520.25  12499.00  12503.50   12503.50   12981
2023-02-07 09:30:00-05:00  12504.00  12554.00  12488.75  12497.75   12497.75   60939
2023-02-07 10:00:00-05:00  12497.25  12525.00  12477.00  12498.25   12498.25   38307
2023-02-07 10:30:00-05:00  12497.75  12537.75  12494.75  12515.25   12515.25   25731
2023-02-07 11:00:00-05:00  12515.25  12568.00  12515.25  12558.50   12558.50   24353
2023-02-07 11:30:00-05:00  12558.25  12594.75  12557.25  12571.50   12571.50   24496
2023-02-07 12:00:00-05:00  12572.00  12585.75  12536.00  12542.75   12542.75   17761
2023-02-07 12:30:00-05:00  12543.50  12778.50  12540.75  12742.00   12742.00   82422
2023-02-07 13:00:00-05:00  12742.00  12764.50  12545.50  12547.25   12547.25   85437
2023-02-07 13:30:00-05:00  12548.00  12549.00  12459.50  12514.00   12514.00   69202
2023-02-07 14:00:00-05:00  12513.50  12656.50  12510.25  12633.00   12633.00   51093
2023-02-07 14:30:00-05:00  12633.25  12712.00  12625.50  12697.50   12697.50   35713
2023-02-07 15:00:00-05:00  12698.25  12752.50  12660.25  12749.00   12749.00   33654
2023-02-07 15:30:00-05:00  12749.25  12818.50  12731.25  12772.25   12772.25   53136
2023-02-07 16:00:00-05:00  12772.25  12772.75  12721.50  12742.25   12742.25   15865
2023-02-07 16:30:00-05:00  12742.00  12743.75  12736.75  12740.00   12740.00    2018
2023-02-07 18:00:00-05:00  12747.00  12776.00  12747.00  12764.25   12764.25    2415
2023-02-07 18:30:00-05:00  12765.00  12767.75  12745.00  12749.75   12749.75    2406
2023-02-07 19:00:00-05:00  12750.50  12756.25  12739.25  12742.25   12742.25    2361
2023-02-07 19:30:00-05:00  12742.00  12764.75  12742.00  12763.25   12763.25    1778
2023-02-07 20:00:00-05:00  12763.75  12771.50  12751.50  12756.00   12756.00    1788
2023-02-07 20:30:00-05:00  12755.50  12776.00  12755.25  12760.75   12760.75    1888
2023-02-07 21:00:00-05:00  12761.00  12766.00  12757.00  12763.25   12763.25    1122
2023-02-07 21:30:00-05:00  12763.25  12768.75  12761.75  12767.00   12767.00    1176
2023-02-07 22:00:00-05:00  12767.25  12781.00  12764.25  12779.25   12779.25    1616
2023-02-07 22:30:00-05:00  12779.00  12797.25  12778.25  12783.75   12783.75    2599
2023-02-07 23:00:00-05:00  12784.00  12792.50  12780.25  12791.50   12791.50    1126
2023-02-07 23:30:00-05:00  12792.00  12792.25  12781.00  12786.00   12786.00     800
2023-02-08 00:00:00-05:00  12787.50  12787.50  12776.25  12776.25   12776.25    1169
2023-02-08 00:30:00-05:00  12777.00  12808.50  12777.00  12803.25   12803.25    2596
2023-02-08 01:00:00-05:00  12803.50  12806.50  12788.00  12789.00   12789.00    1515
2023-02-08 01:30:00-05:00  12789.00  12792.75  12773.00  12776.50   12776.50    2403
2023-02-08 02:00:00-05:00  12776.50  12783.50  12754.50  12779.50   12779.50    3837
2023-02-08 02:30:00-05:00  12780.00  12794.00  12768.75  12779.25   12779.25    3504
2023-02-08 03:00:00-05:00  12779.75  12788.75  12731.00  12731.75   12731.75    8470
2023-02-08 03:30:00-05:00  12732.25  12752.00  12717.00  12749.50   12749.50    5465
2023-02-08 04:00:00-05:00  12749.50  12770.75  12742.50  12764.00   12764.00    4401
2023-02-08 04:30:00-05:00  12764.25  12765.25  12732.25  12755.00   12755.00    3711
2023-02-08 05:00:00-05:00  12754.25  12756.50  12724.50  12737.25   12737.25    3461
2023-02-08 05:30:00-05:00  12738.00  12757.50  12734.25  12757.50   12757.50    3448
2023-02-08 06:00:00-05:00  12757.00  12763.50  12738.75  12750.50   12750.50    3154
2023-02-08 06:30:00-05:00  12750.50  12759.00  12740.50  12750.50   12750.50    4121
2023-02-08 07:00:00-05:00  12751.25  12782.75  12743.00  12753.75   12753.75    7306
2023-02-08 07:30:00-05:00  12754.50  12773.75  12725.50  12740.00   12740.00    6842
2023-02-08 08:00:00-05:00  12739.50  12744.00  12720.00  12727.00   12727.00    7655
2023-02-08 08:30:00-05:00  12726.50  12736.50  12710.75  12720.75   12720.75    9975
2023-02-08 09:00:00-05:00  12720.25  12734.00  12699.50  12714.00   12714.00   13319
2023-02-08 09:30:00-05:00  12713.75  12752.00  12662.50  12698.75   12698.75   63672
2023-02-08 10:00:00-05:00  12698.50  12734.00  12655.25  12670.25   12670.25   52508
2023-02-08 10:30:00-05:00  12670.00  12670.00  12598.75  12610.25   12610.25   51462
2023-02-08 11:00:00-05:00  12610.00  12619.00  12519.25  12535.25   12535.25   43973
2023-02-08 11:30:00-05:00  12535.75  12584.50  12517.25  12581.00   12581.00   35550
2023-02-08 12:00:00-05:00  12581.25  12596.00  12543.50  12589.75   12589.75   23457
2023-02-08 12:30:00-05:00  12590.25  12603.00  12543.25  12591.75   12591.75   22599
2023-02-08 13:00:00-05:00  12592.50  12623.00  12572.00  12572.00   12572.00   25967
2023-02-08 13:30:00-05:00  12572.25  12576.75  12539.00  12568.00   12568.00   19819
2023-02-08 14:00:00-05:00  12567.75  12601.75  12548.50  12565.50   12565.50   21258
2023-02-08 14:30:00-05:00  12565.50  12580.50  12536.25  12566.75   12566.75   19266
2023-02-08 15:00:00-05:00  12566.75  12570.50  12512.75  12533.50   12533.50   24295
2023-02-08 15:30:00-05:00  12533.50  12566.25  12528.00  12543.00   12543.00   39039
2023-02-08 16:00:00-05:00  12543.25  12550.50  12530.25  12547.25   12547.25    9588
2023-02-08 16:30:00-05:00  12547.50  12559.25  12546.75  12559.00   12559.00    1940
2023-02-08 18:00:00-05:00  12555.00  12557.75  12541.25  12553.00   12553.00    1542
2023-02-08 18:30:00-05:00  12552.75  12568.25  12552.75  12561.25   12561.25    1404
2023-02-08 19:00:00-05:00  12561.75  12576.50  12561.25  12571.50   12571.50    1873
2023-02-08 19:30:00-05:00  12571.25  12575.00  12564.75  12573.00   12573.00    1392
2023-02-08 20:00:00-05:00  12573.25  12580.75  12567.50  12574.25   12574.25    1660
2023-02-08 20:30:00-05:00  12574.00  12585.50  12573.75  12581.50   12581.50    1243
2023-02-08 21:00:00-05:00  12581.25  12591.00  12579.25  12588.25   12588.25    1392
2023-02-08 21:30:00-05:00  12588.25  12593.50  12584.25  12586.50   12586.50     983
2023-02-08 22:00:00-05:00  12586.75  12587.50  12574.75  12576.75   12576.75    2423
2023-02-08 22:30:00-05:00  12576.75  12592.25  12576.00  12581.25   12581.25    1887
2023-02-08 23:00:00-05:00  12580.75  12582.50  12574.25  12580.00   12580.00    1204
2023-02-08 23:30:00-05:00  12579.75  12580.75  12571.75  12576.25   12576.25    1066
2023-02-09 00:00:00-05:00  12576.75  12597.00  12576.75  12591.25   12591.25    2290
2023-02-09 00:30:00-05:00  12591.00  12612.50  12555.00  12591.75   12591.75    4992
2023-02-09 01:00:00-05:00  12590.75  12600.75  12586.25  12600.50   12600.50    1939
2023-02-09 01:30:00-05:00  12600.00  12609.25  12594.75  12604.00   12604.00    1536
2023-02-09 02:00:00-05:00  12604.50  12616.00  12597.50  12603.00   12603.00    2861
2023-02-09 02:30:00-05:00  12602.75  12608.00  12594.25  12606.25   12606.25    2233
2023-02-09 03:00:00-05:00  12607.00  12673.25  12605.50  12656.25   12656.25   10324
2023-02-09 03:30:00-05:00  12654.50  12670.75  12648.25  12656.00   12656.00    4530
2023-02-09 04:00:00-05:00  12657.00  12666.50  12651.00  12662.75   12662.75    4621
2023-02-09 04:30:00-05:00  12663.00  12703.50  12661.00  12703.25   12703.25    6291
2023-02-09 05:00:00-05:00  12703.00  12706.00  12682.75  12688.25   12688.25    4894
2023-02-09 05:30:00-05:00  12689.25  12720.50  12686.75  12718.75   12718.75    4939
2023-02-09 06:00:00-05:00  12719.25  12721.25  12683.75  12689.50   12689.50    5593
2023-02-09 06:30:00-05:00  12689.75  12693.75  12671.75  12690.00   12690.00    4315
2023-02-09 07:00:00-05:00  12689.25  12691.00  12671.50  12678.75   12678.75    4276
2023-02-09 07:30:00-05:00  12678.75  12690.50  12660.50  12661.75   12661.75    6182
2023-02-09 08:00:00-05:00  12662.00  12681.25  12662.00  12679.75   12679.75    5228
2023-02-09 08:30:00-05:00  12679.50  12717.25  12679.00  12714.00   12714.00   13055
2023-02-09 09:00:00-05:00  12714.25  12726.25  12699.00  12722.25   12722.25   12682
2023-02-09 09:30:00-05:00  12722.50  12728.50  12634.25  12673.50   12673.50   68116
2023-02-09 10:00:00-05:00  12673.75  12707.75  12618.50  12620.00   12620.00   44573
2023-02-09 10:30:00-05:00  12620.00  12663.25  12612.25  12644.75   12644.75   35849
2023-02-09 11:00:00-05:00  12652.75  12652.75  12565.50  12580.00   12580.00   41296
2023-02-09 11:30:00-05:00  12580.75  12595.25  12557.00  12582.00   12582.00   29298
2023-02-09 12:00:00-05:00  12582.00  12615.25  12576.50  12581.50   12581.50   23476
2023-02-09 12:30:00-05:00  12582.00  12585.25  12499.50  12542.25   12542.25   35381
2023-02-09 13:00:00-05:00  12542.00  12549.75  12512.00  12534.25   12534.25   24916
2023-02-09 13:30:00-05:00  12534.50  12561.75  12490.75  12503.50   12503.50   25388
2023-02-09 14:00:00-05:00  12504.00  12516.75  12461.00  12462.50   12462.50   27688
2023-02-09 14:30:00-05:00  12462.75  12486.75  12453.25  12467.75   12467.75   22782
2023-02-09 15:00:00-05:00  12468.25  12469.00  12396.25  12404.00   12404.00   35748
2023-02-09 15:30:00-05:00  12405.00  12462.50  12366.50  12427.00   12427.00   58215
2023-02-09 16:00:00-05:00  12427.25  12444.75  12416.75  12440.75   12440.75   10697
2023-02-09 16:30:00-05:00  12441.25  12450.25  12435.50  12449.75   12449.75    3210
2023-02-09 18:00:00-05:00  12448.75  12451.50  12432.25  12447.00   12447.00    2322
2023-02-09 18:30:00-05:00  12447.50  12447.50  12429.25  12434.75   12434.75    2019
2023-02-09 19:00:00-05:00  12435.25  12437.50  12403.50  12404.25   12404.25    3327
2023-02-09 19:30:00-05:00  12405.00  12420.00  12405.00  12415.25   12415.25    2268
2023-02-09 20:00:00-05:00  12415.75  12427.25  12412.00  12425.50   12425.50    2116
2023-02-09 20:30:00-05:00  12424.75  12426.25  12412.50  12423.00   12423.00    1916
2023-02-09 21:00:00-05:00  12422.75  12425.75  12410.25  12416.00   12416.00    1468
2023-02-09 21:30:00-05:00  12416.00  12420.50  12402.50  12403.50   12403.50    1115
2023-02-09 22:00:00-05:00  12403.75  12403.75  12382.50  12383.00   12383.00    3074
2023-02-09 22:30:00-05:00  12382.50  12394.50  12382.00  12394.00   12394.00    1785
2023-02-09 23:00:00-05:00  12393.25  12397.25  12378.25  12392.50   12392.50    1989
2023-02-09 23:30:00-05:00  12392.00  12398.50  12390.00  12390.75   12390.75     969
2023-02-10 00:00:00-05:00  12388.75  12399.50  12388.75  12394.00   12394.00    1518
2023-02-10 00:30:00-05:00  12394.50  12407.50  12393.00  12406.25   12406.25    1933
2023-02-10 01:00:00-05:00  12405.25  12414.00  12401.00  12407.50   12407.50    1949
2023-02-10 01:30:00-05:00  12407.00  12415.25  12403.50  12411.00   12411.00    1574
2023-02-10 02:00:00-05:00  12411.00  12418.25  12399.00  12406.00   12406.00    3976
2023-02-10 02:30:00-05:00  12406.00  12418.00  12399.50  12406.50   12406.50    2670
2023-02-10 03:00:00-05:00  12406.75  12446.25  12400.25  12440.25   12440.25    8197
2023-02-10 03:30:00-05:00  12440.75  12444.50  12418.00  12419.50   12419.50    5591
2023-02-10 04:00:00-05:00  12419.50  12429.25  12386.25  12396.00   12396.00    6950
2023-02-10 04:30:00-05:00  12395.50  12402.00  12329.50  12333.25   12333.25    9434
2023-02-10 05:00:00-05:00  12334.25  12347.00  12300.00  12307.50   12307.50    9032
2023-02-10 05:30:00-05:00  12308.00  12329.50  12303.75  12323.75   12323.75    6376
2023-02-10 06:00:00-05:00  12323.50  12323.50  12275.00  12278.50   12278.50    9420
2023-02-10 06:30:00-05:00  12278.00  12289.25  12272.50  12288.00   12288.00    6326
2023-02-10 07:00:00-05:00  12288.25  12307.50  12270.50  12305.25   12305.25    7386
2023-02-10 07:30:00-05:00  12306.00  12306.50  12280.00  12286.75   12286.75    6052
2023-02-10 08:00:00-05:00  12286.50  12336.75  12282.25  12331.00   12331.00   10819
2023-02-10 08:30:00-05:00  12331.25  12350.75  12322.00  12331.75   12331.75   11339
2023-02-10 09:00:00-05:00  12331.50  12342.00  12315.75  12335.00   12335.00    9942
2023-02-10 09:30:00-05:00  12335.25  12394.00  12311.50  12347.00   12347.00   67104
2023-02-10 10:00:00-05:00  12347.75  12422.00  12284.50  12385.50   12385.50   66524
2023-02-10 10:30:00-05:00  12385.00  12409.00  12307.75  12333.25   12333.25   38004
2023-02-10 11:00:00-05:00  12333.00  12360.75  12316.50  12329.00   12329.00   29822
2023-02-10 11:30:00-05:00  12329.50  12333.25  12277.50  12282.50   12282.50   26931
2023-02-10 12:00:00-05:00  12282.50  12290.25  12243.25  12265.75   12265.75   30257
2023-02-10 12:30:00-05:00  12265.75  12306.50  12261.25  12303.25   12303.25   24992
2023-02-10 13:00:00-05:00  12303.50  12369.00  12297.25  12341.50   12341.50   31301
2023-02-10 13:30:00-05:00  12342.00  12346.75  12303.75  12305.50   12305.50   22172
2023-02-10 14:00:00-05:00  12306.00  12317.75  12288.25  12291.00   12291.00   21111
2023-02-10 14:30:00-05:00  12291.75  12328.75  12280.25  12324.75   12324.75   22135
2023-02-10 15:00:00-05:00  12325.00  12341.25  12297.25  12311.25   12311.25   20600
2023-02-10 15:30:00-05:00  12311.00  12363.50  12309.00  12345.50   12345.50   38004
2023-02-10 16:00:00-05:00  12345.75  12349.50  12331.50  12343.00   12343.00    8566
2023-02-10 16:30:00-05:00  12342.50  12344.25  12336.50  12342.00   12342.00    1474
2023-02-12 18:00:00-05:00  12357.50  12367.00  12298.25  12304.50   12304.50    3084
2023-02-12 18:30:00-05:00  12305.50  12312.25  12294.25  12306.75   12306.75    2181
2023-02-12 19:00:00-05:00  12306.75  12312.50  12290.75  12305.75   12305.75    2059
2023-02-12 19:30:00-05:00  12305.50  12317.00  12302.25  12311.50   12311.50    1303
2023-02-12 20:00:00-05:00  12311.25  12313.75  12267.25  12270.75   12270.75    4115
2023-02-12 20:30:00-05:00  12269.75  12291.50  12265.25  12285.50   12285.50    2373
2023-02-12 21:00:00-05:00  12285.50  12291.00  12276.50  12278.25   12278.25    1413
2023-02-12 21:30:00-05:00  12278.25  12293.25  12276.50  12291.25   12291.25    1380
2023-02-12 22:00:00-05:00  12291.00  12315.50  12285.75  12303.25   12303.25    2358
2023-02-12 22:30:00-05:00  12302.75  12302.75  12281.50  12283.50   12283.50    1799
2023-02-12 23:00:00-05:00  12283.50  12293.00  12283.25  12286.00   12286.00    1137
2023-02-12 23:30:00-05:00  12286.50  12290.50  12282.00  12285.75   12285.75     610
2023-02-13 00:00:00-05:00  12284.75  12300.25  12283.50  12298.25   12298.25    1058
2023-02-13 00:30:00-05:00  12298.50  12306.75  12292.75  12303.25   12303.25    1540
2023-02-13 01:00:00-05:00  12303.50  12308.75  12299.75  12305.00   12305.00    1092
2023-02-13 01:30:00-05:00  12304.50  12310.25  12301.00  12308.50   12308.50    1156
2023-02-13 02:00:00-05:00  12308.25  12335.25  12301.75  12334.50   12334.50    2972
2023-02-13 02:30:00-05:00  12334.00  12334.00  12312.50  12327.00   12327.00    2232
2023-02-13 03:00:00-05:00  12326.75  12337.25  12314.50  12328.50   12328.50    4847
2023-02-13 03:30:00-05:00  12328.50  12356.25  12325.00  12352.00   12352.00    4510
2023-02-13 04:00:00-05:00  12352.50  12380.50  12352.50  12372.50   12372.50    6093
2023-02-13 04:30:00-05:00  12373.00  12384.75  12356.75  12367.75   12367.75    5182
2023-02-13 05:00:00-05:00  12367.25  12380.75  12361.75  12366.50   12366.50    2803
2023-02-13 05:30:00-05:00  12366.25  12396.00  12365.50  12392.75   12392.75    3080
2023-02-13 06:00:00-05:00  12393.00  12400.00  12386.00  12391.00   12391.00    3016
2023-02-13 06:30:00-05:00  12391.25  12407.00  12389.00  12394.00   12394.00    3345
2023-02-13 07:00:00-05:00  12393.50  12432.75  12390.50  12429.50   12429.50    6082
2023-02-13 07:30:00-05:00  12430.00  12433.50  12411.50  12413.25   12413.25    4441
2023-02-13 08:00:00-05:00  12414.00  12423.25  12401.25  12402.75   12402.75    5838
2023-02-13 08:30:00-05:00  12403.00  12406.25  12381.00  12383.75   12383.75    6637
2023-02-13 09:00:00-05:00  12384.00  12408.00  12381.75  12401.50   12401.50    7578
2023-02-13 09:30:00-05:00  12402.25  12465.75  12352.00  12461.00   12461.00   58066
2023-02-13 10:00:00-05:00  12461.25  12473.00  12416.00  12459.50   12459.50   35656