                               Open      High       Low     Close  Adj Close  Volume
Datetime                                                                            
2023-03-20 10:30:00-04:00  12635.25  12651.25  12615.00  12644.50   12644.50    7466
2023-03-20 11:00:00-04:00  12644.75  12694.50  12637.25  12691.75   12691.75   39943
2023-03-20 11:30:00-04:00  12692.25  12697.50  12614.00  12616.50   12616.50   38722
2023-03-20 12:00:00-04:00  12617.00  12626.75  12565.25  12604.50   12604.50   41399
2023-03-20 12:30:00-04:00  12604.50  12648.00  12594.25  12636.75   12636.75   28932
2023-03-20 13:00:00-04:00  12636.75  12666.25  12632.75  12652.50   12652.50   24709
2023-03-20 13:30:00-04:00  12652.50  12673.25  12642.25  12661.25   12661.25   20748
2023-03-20 14:00:00-04:00  12660.75  12678.75  12639.75  12666.00   12666.00   20700
2023-03-20 14:30:00-04:00  12666.00  12687.50  12633.50  12662.00   12662.00   27972
2023-03-20 15:00:00-04:00  12661.75  12676.25  12644.00  12661.25   12661.25   23011
2023-03-20 15:30:00-04:00  12661.00  12708.00  12655.75  12693.25   12693.25   40931
2023-03-20 16:00:00-04:00  12693.00  12698.75  12686.25  12690.25   12690.25    8452
2023-03-20 16:30:00-04:00  12690.75  12704.75  12689.00  12701.00   12701.00    2652
2023-03-20 18:00:00-04:00  12699.75  12702.00  12685.25  12695.00   12695.00     968
2023-03-20 18:30:00-04:00  12694.75  12702.00  12690.25  12697.00   12697.00     788
2023-03-20 19:00:00-04:00  12696.75  12698.00  12687.00  12688.50   12688.50     905
2023-03-20 19:30:00-04:00  12688.50  12693.25  12681.50  12692.50   12692.50    1352
2023-03-20 20:00:00-04:00  12692.25  12737.75  12683.00  12718.25   12718.25    4645
2023-03-20 20:30:00-04:00  12718.75  12720.00  12700.50  12704.00   12704.00    2518
2023-03-20 21:00:00-04:00  12704.50  12706.25  12676.50  12683.00   12683.00    3107
2023-03-20 21:30:00-04:00  12683.75  12699.50  12680.00  12696.25   12696.25    2386
2023-03-20 22:00:00-04:00  12695.75  12705.75  12694.25  12702.00   12702.00    1428
2023-03-20 22:30:00-04:00  12701.25  12710.50  12697.00  12701.25   12701.25    1699
2023-03-20 23:00:00-04:00  12700.50  12704.25  12693.75  12700.00   12700.00     937
2023-03-20 23:30:00-04:00  12699.25  12701.75  12689.00  12694.00   12694.00     863
2023-03-21 00:00:00-04:00  12695.75  12695.75  12686.50  12691.00   12691.00     715
2023-03-21 00:30:00-04:00  12690.75  12698.75  12689.75  12697.50   12697.50     889
2023-03-21 01:00:00-04:00  12697.25  12707.50  12694.25  12699.00   12699.00    1509
2023-03-21 01:30:00-04:00  12698.50  12700.00  12691.00  12698.25   12698.25     754
2023-03-21 02:00:00-04:00  12698.75  12704.00  12692.75  12701.50   12701.50     880
2023-03-21 02:30:00-04:00  12701.75  12712.00  12699.00  12710.25   12710.25    1822
2023-03-21 03:00:00-04:00  12709.50  12728.25  12698.25  12726.00   12726.00    3557
2023-03-21 03:30:00-04:00  12726.00  12742.25  12723.25  12724.00   12724.00    3651
2023-03-21 04:00:00-04:00  12724.50  12733.75  12710.00  12728.50   12728.50    6718
2023-03-21 04:30:00-04:00  12727.75  12732.50  12706.75  12710.50   12710.50    3805
2023-03-21 05:00:00-04:00  12711.00  12717.00  12701.00  12708.00   12708.00    4265
2023-03-21 05:30:00-04:00  12708.75  12718.25  12693.75  12718.00   12718.00    4356
2023-03-21 06:00:00-04:00  12717.50  12748.50  12710.75  12738.50   12738.50    6353
2023-03-21 06:30:00-04:00  12737.75  12746.50  12718.75  12726.50   12726.50    5626
2023-03-21 07:00:00-04:00  12726.50  12778.50  12723.50  12771.25   12771.25    8147
2023-03-21 07:30:00-04:00  12772.00  12792.00  12766.00  12782.25   12782.25    7581
2023-03-21 08:00:00-04:00  12782.25  12789.25  12761.75  12767.00   12767.00    6878
2023-03-21 08:30:00-04:00  12767.00  12774.50  12754.00  12763.25   12763.25    6461
2023-03-21 09:00:00-04:00  12763.25  12786.75  12760.75  12776.00   12776.00    7833
2023-03-21 09:30:00-04:00  12775.25  12818.00  12763.50  12815.00   12815.00   51853
2023-03-21 10:00:00-04:00  12815.00  12837.25  12734.00  12749.75   12749.75   58215
2023-03-21 10:30:00-04:00  12750.25  12763.75  12713.50  12732.00   12732.00   37582
2023-03-21 11:00:00-04:00  12732.25  12778.50  12724.50  12757.00   12757.00   30289
2023-03-21 11:30:00-04:00  12757.25  12772.00  12712.50  12732.75   12732.75   35715
2023-03-21 12:00:00-04:00  12733.00  12771.75  12725.75  12765.50   12765.50   24571
2023-03-21 12:30:00-04:00  12765.75  12789.00  12756.25  12779.50   12779.50   23339
2023-03-21 13:00:00-04:00  12779.75  12808.50  12771.50  12804.25   12804.25   23131
2023-03-21 13:30:00-04:00  12804.25  12820.00  12783.00  12783.00   12783.00   22722
2023-03-21 14:00:00-04:00  12783.50  12813.50  12781.75  12809.50   12809.50   19395
2023-03-21 14:30:00-04:00  12809.75  12848.50  12808.50  12840.00   12840.00   23889
2023-03-21 15:00:00-04:00  12840.00  12868.00  12838.50  12859.75   12859.75   32814
2023-03-21 15:30:00-04:00  12859.50  12898.25  12849.50  12877.50   12877.50   55732
2023-03-21 16:00:00-04:00  12877.25  12886.00  12871.50  12879.50   12879.50   11437
2023-03-21 16:30:00-04:00  12880.00  12883.50  12872.25  12876.25   12876.25    2531
2023-03-21 18:00:00-04:00  12873.25  12875.00  12862.75  12866.00   12866.00     713
2023-03-21 18:30:00-04:00  12866.50  12871.00  12865.50  12867.00   12867.00     439
2023-03-21 19:00:00-04:00  12867.00  12875.75  12865.75  12872.25   12872.25     789
2023-03-21 19:30:00-04:00  12873.00  12873.50  12863.00  12868.75   12868.75    1133
2023-03-21 20:00:00-04:00  12868.25  12871.50  12857.00  12864.50   12864.50    1773
2023-03-21 20:30:00-04:00  12864.00  12871.00  12858.00  12867.25   12867.25    1317
2023-03-21 21:00:00-04:00  12867.50  12880.50  12863.50  12876.25   12876.25    1749
2023-03-21 21:30:00-04:00  12877.00  12886.50  12872.75  12884.50   12884.50    1420
2023-03-21 22:00:00-04:00  12884.75  12885.00  12878.25  12879.25   12879.25    1020
2023-03-21 22:30:00-04:00  12879.50  12879.50  12868.50  12875.25   12875.25    1245
2023-03-21 23:00:00-04:00  12875.00  12876.00  12870.00  12872.50   12872.50     767
2023-03-21 23:30:00-04:00  12873.00  12877.25  12872.50  12876.00   12876.00     601
2023-03-22 00:00:00-04:00  12875.25  12882.25  12875.25  12877.00   12877.00     921
2023-03-22 00:30:00-04:00  12877.75  12886.25  12876.50  12881.75   12881.75    1044
2023-03-22 01:00:00-04:00  12881.25  12883.00  12869.50  12871.50   12871.50    1249
2023-03-22 01:30:00-04:00  12871.50  12875.25  12867.00  12868.50   12868.50     875
2023-03-22 02:00:00-04:00  12868.00  12875.00  12862.75  12874.50   12874.50    1490
2023-03-22 02:30:00-04:00  12874.75  12876.75  12867.50  12874.25   12874.25     966
2023-03-22 03:00:00-04:00  12875.00  12875.50  12851.00  12851.25   12851.25    3333
2023-03-22 03:30:00-04:00  12851.75  12856.25  12831.00  12833.25   12833.25    4337
2023-03-22 04:00:00-04:00  12833.50  12835.25  12809.25  12819.25   12819.25    7121
2023-03-22 04:30:00-04:00  12818.50  12826.50  12813.50  12816.75   12816.75    3702
2023-03-22 05:00:00-04:00  12817.75  12842.50  12810.25  12838.50   12838.50    3767
2023-03-22 05:30:00-04:00  12839.00  12848.00  12834.00  12838.75   12838.75    2948
2023-03-22 06:00:00-04:00  12838.75  12849.00  12832.25  12843.50   12843.50    3319
2023-03-22 06:30:00-04:00  12843.00  12858.75  12837.75  12853.50   12853.50    3268
2023-03-22 07:00:00-04:00  12852.25  12867.25  12851.50  12862.75   12862.75    3636
2023-03-22 07:30:00-04:00  12862.75  12865.50  12843.00  12849.25   12849.25    3842
2023-03-22 08:00:00-04:00  12850.00  12857.25  12835.25  12839.75   12839.75    4606
2023-03-22 08:30:00-04:00  12839.75  12857.75  12837.75  12853.00   12853.00    4267
2023-03-22 09:00:00-04:00  12853.25  12876.50  12850.75  12872.25   12872.25    6976
2023-03-22 09:30:00-04:00  12872.50  12895.50  12851.25  12883.25   12883.25   43767
2023-03-22 10:00:00-04:00  12883.25  12939.00  12864.00  12932.75   12932.75   40185
2023-03-22 10:30:00-04:00  12932.50  12937.25  12901.75  12913.75   12913.75   28003
2023-03-22 11:00:00-04:00  12913.50  12925.75  12887.50  12919.00   12919.00   21478
2023-03-22 11:30:00-04:00  12919.50  12945.25  12919.25  12932.00   12932.00   22538
2023-03-22 12:00:00-04:00  12930.75  12930.75  12875.25  12883.50   12883.50   24569
2023-03-22 12:30:00-04:00  12884.00  12897.00  12877.00  12891.75   12891.75   18366
2023-03-22 13:00:00-04:00  12892.00  12909.75  12871.50  12907.25   12907.25   18824
2023-03-22 13:30:00-04:00  12907.25  12934.25  12906.00  12922.50   12922.50   13162
2023-03-22 14:00:00-04:00  12925.50  13048.00  12916.00  12985.75   12985.75   83223
2023-03-22 14:30:00-04:00  12986.25  13082.00  12876.75  12922.00   12922.00   97582
2023-03-22 15:00:00-04:00  12922.00  12990.25  12819.50  12950.75   12950.75   89355
2023-03-22 15:30:00-04:00  12951.00  12960.50  12696.00  12699.00   12699.00   92565
2023-03-22 16:00:00-04:00  12698.75  12712.75  12678.00  12700.25   12700.25   28326
2023-03-22 16:30:00-04:00  12699.50  12718.00  12695.50  12698.75   12698.75    4959
2023-03-22 18:00:00-04:00  12695.00  12724.75  12694.25  12711.25   12711.25    1755
2023-03-22 18:30:00-04:00  12711.00  12726.00  12711.00  12722.00   12722.00    1338
2023-03-22 19:00:00-04:00  12721.75  12725.50  12708.75  12721.25   12721.25    1568
2023-03-22 19:30:00-04:00  12721.75  12725.75  12712.25  12719.00   12719.00    1512
2023-03-22 20:00:00-04:00  12718.50  12727.75  12705.25  12721.25   12721.25    2628
2023-03-22 20:30:00-04:00  12721.00  12733.50  12717.25  12723.00   12723.00    2154
2023-03-22 21:00:00-04:00  12723.25  12735.25  12719.25  12728.25   12728.25    2128
2023-03-22 21:30:00-04:00  12728.50  12740.75  12725.00  12738.50   12738.50    2268
2023-03-22 22:00:00-04:00  12739.00  12759.00  12738.75  12758.00   12758.00    3005
2023-03-22 22:30:00-04:00  12757.75  12776.25  12753.75  12769.00   12769.00    3300
2023-03-22 23:00:00-04:00  12768.75  12773.75  12762.25  12767.50   12767.50    1935
2023-03-22 23:30:00-04:00  12767.75  12772.25  12764.25  12769.00   12769.00    1040
2023-03-23 00:00:00-04:00  12770.75  12770.75  12763.00  12768.25   12768.25    1267
2023-03-23 00:30:00-04:00  12768.00  12773.50  12763.75  12772.00   12772.00     862
2023-03-23 01:00:00-04:00  12772.00  12774.75  12763.75  12767.75   12767.75    1561
2023-03-23 01:30:00-04:00  12767.50  12796.00  12767.50  12788.75   12788.75    3077
2023-03-23 02:00:00-04:00  12788.25  12802.25  12778.50  12798.25   12798.25    3456
2023-03-23 02:30:00-04:00  12798.00  12805.00  12792.00  12795.00   12795.00    3031
2023-03-23 03:00:00-04:00  12794.75  12819.00  12788.25  12813.25   12813.25    4411
2023-03-23 03:30:00-04:00  12813.50  12819.50  12802.50  12811.00   12811.00    3529
2023-03-23 04:00:00-04:00  12810.50  12843.75  12808.00  12832.50   12832.50    8050
2023-03-23 04:30:00-04:00  12832.25  12855.25  12823.25  12841.50   12841.50    6441
2023-03-23 05:00:00-04:00  12841.50  12843.75  12820.75  12826.25   12826.25    5157
2023-03-23 05:30:00-04:00  12826.00  12839.50  12814.00  12834.25   12834.25    4583
2023-03-23 06:00:00-04:00  12834.25  12840.00  12800.25  12809.25   12809.25    5443
2023-03-23 06:30:00-04:00  12809.50  12824.75  12791.50  12824.75   12824.75    5104
2023-03-23 07:00:00-04:00  12824.25  12835.50  12815.00  12819.00   12819.00    4619
2023-03-23 07:30:00-04:00  12818.75  12836.75  12812.00  12823.50   12823.50    4664
2023-03-23 08:00:00-04:00  12823.50  12828.75  12800.50  12819.50   12819.50    7458
2023-03-23 08:30:00-04:00  12818.25  12845.00  12804.50  12822.75   12822.75   10517
2023-03-23 09:00:00-04:00  12822.00  12858.00  12803.00  12855.25   12855.25   11181
2023-03-23 09:30:00-04:00  12855.25  12896.50  12847.25  12889.75   12889.75   68047
2023-03-23 10:00:00-04:00  12889.50  12958.50  12886.50  12932.00   12932.00   59708
2023-03-23 10:30:00-04:00  12932.00  13006.00  12920.25  12996.25   12996.25   52505
2023-03-23 11:00:00-04:00  12996.75  13031.00  12972.25  12976.50   12976.50   44922
2023-03-23 11:30:00-04:00  12976.75  13010.25  12968.00  12988.00   12988.00   32337
2023-03-23 12:00:00-04:00  12987.75  13003.00  12957.50  12986.75   12986.75   30394
2023-03-23 12:30:00-04:00  12986.75  12997.00  12947.75  12959.75   12959.75   29652
2023-03-23 13:00:00-04:00  12960.00  12977.50  12899.00  12921.25   12921.25   46988
2023-03-23 13:30:00-04:00  12921.25  12950.50  12887.25  12893.50   12893.50   32784
2023-03-23 14:00:00-04:00  12893.50  12913.50  12813.00  12813.75   12813.75   42969
2023-03-23 14:30:00-04:00  12814.25  12833.25  12736.25  12804.50   12804.50   72474
2023-03-23 15:00:00-04:00  12804.75  12878.00  12733.75  12796.50   12796.50   93294
2023-03-23 15:30:00-04:00  12796.50  12912.25  12771.50  12847.25   12847.25   73773
2023-03-23 16:00:00-04:00  12847.25  12849.75  12826.50  12833.25   12833.25   14631
2023-03-23 16:30:00-04:00  12833.25  12893.00  12831.00  12872.50   12872.50    7200
2023-03-23 18:00:00-04:00  12871.50  12881.00  12843.50  12851.00   12851.00    1936
2023-03-23 18:30:00-04:00  12851.50  12852.00  12835.50  12847.25   12847.25    1564
2023-03-23 19:00:00-04:00  12846.50  12868.75  12844.50  12863.75   12863.75    2091
2023-03-23 19:30:00-04:00  12864.00  12868.00  12854.50  12864.75   12864.75    1698
2023-03-23 20:00:00-04:00  12865.00  12866.25  12846.50  12852.25   12852.25    2333
2023-03-23 20:30:00-04:00  12852.75  12858.75  12850.25  12856.00   12856.00    1155
2023-03-23 21:00:00-04:00  12855.25  12857.00  12822.25  12833.25   12833.25    4233
2023-03-23 21:30:00-04:00  12833.50  12851.25  12827.75  12848.25   12848.25    2208
2023-03-23 22:00:00-04:00  12848.75  12871.25  12846.00  12855.50   12855.50    2969
2023-03-23 22:30:00-04:00  12855.50  12859.00  12849.25  12852.75   12852.75    1380
2023-03-23 23:00:00-04:00  12853.00  12857.75  12850.00  12855.50   12855.50    1032
2023-03-23 23:30:00-04:00  12855.50  12866.50  12854.75  12860.50   12860.50    1323
2023-03-24 00:00:00-04:00  12861.25  12862.00  12853.25  12860.75   12860.75    1151
2023-03-24 00:30:00-04:00  12860.00  12863.75  12856.00  12857.00   12857.00     890
2023-03-24 01:00:00-04:00  12856.75  12884.50  12856.00  12882.25   12882.25    2062
2023-03-24 01:30:00-04:00  12882.25  12887.00  12866.50  12869.25   12869.25    1817
2023-03-24 02:00:00-04:00  12869.50  12880.00  12866.75  12872.00   12872.00    1425
2023-03-24 02:30:00-04:00  12872.00  12876.75  12866.25  12873.75   12873.75    1210
2023-03-24 03:00:00-04:00  12874.00  12880.50  12857.50  12877.00   12877.00    3102
2023-03-24 03:30:00-04:00  12876.75  12920.25  12876.75  12907.75   12907.75    5475
2023-03-24 04:00:00-04:00  12907.50  12909.50  12842.25  12882.25   12882.25    9978
2023-03-24 04:30:00-04:00  12882.25  12886.25  12823.00  12857.50   12857.50    8961
2023-03-24 05:00:00-04:00  12858.00  12876.75  12837.00  12848.75   12848.75    7526
2023-03-24 05:30:00-04:00  12849.25  12849.25  12788.00  12796.75   12796.75   10034
2023-03-24 06:00:00-04:00  12796.75  12819.75  12775.00  12797.25   12797.25   10700
2023-03-24 06:30:00-04:00  12796.00  12820.00  12780.50  12809.00   12809.00    7055
2023-03-24 07:00:00-04:00  12808.75  12810.75  12779.00  12802.25   12802.25    7504
2023-03-24 07:30:00-04:00  12801.25  12817.50  12771.25  12778.00   12778.00    6741
2023-03-24 08:00:00-04:00  12777.00  12788.50  12753.50  12784.50   12784.50    8368
2023-03-24 08:30:00-04:00  12784.50  12819.25  12772.25  12808.75   12808.75   11311
2023-03-24 09:00:00-04:00  12808.75  12830.00  12775.50  12826.75   12826.75   10402
2023-03-24 09:30:00-04:00  12826.75  12844.75  12736.25  12821.25   12821.25   77858
2023-03-24 10:00:00-04:00  12821.75  12838.25  12756.75  12824.25   12824.25   61434
2023-03-24 10:30:00-04:00  12824.50  12840.00  12772.25  12802.75   12802.75   40681
2023-03-24 11:00:00-04:00  12804.25  12816.00  12728.00  12750.25   12750.25   46165
2023-03-24 11:30:00-04:00  12750.75  12835.25  12735.75  12827.25   12827.25   38465
2023-03-24 12:00:00-04:00  12828.25  12854.75  12753.00  12776.25   12776.25   39393
2023-03-24 12:30:00-04:00  12776.75  12822.50  12770.50  12801.50   12801.50   27993
2023-03-24 13:00:00-04:00  12802.00  12832.25  12781.75  12816.75   12816.75   28341
2023-03-24 13:30:00-04:00  12816.50  12845.75  12794.00  12811.75   12811.75   27092
2023-03-24 14:00:00-04:00  12822.50  12845.50  12805.50  12832.25   12832.25   23618
2023-03-24 14:30:00-04:00  12831.50  12868.00  12827.50  12850.75   12850.75   30103
2023-03-24 15:00:00-04:00  12851.25  12894.75  12831.50  12882.50   12882.50   32658
2023-03-24 15:30:00-04:00  12882.25  12896.00  12847.25  12894.50   12894.50   41479
2023-03-24 16:00:00-04:00  12894.50  12910.50  12888.00  12907.25   12907.25   13660
2023-03-24 16:30:00-04:00  12907.25  12924.75  12902.75  12922.75   12922.75    3644
2023-03-26 18:00:00-04:00  12916.00  12938.00  12902.50  12934.75   12934.75    3749
2023-03-26 18:30:00-04:00  12935.25  12942.50  12927.75  12933.75   12933.75    1698
2023-03-26 19:00:00-04:00  12933.75  12958.00  12930.00  12952.00   12952.00    2694
2023-03-26 19:30:00-04:00  12951.75  12960.25  12942.50  12947.75   12947.75    1817
2023-03-26 20:00:00-04:00  12948.25  12949.25  12915.25  12916.75   12916.75    2984
2023-03-26 20:30:00-04:00  12917.00  12932.00  12912.00  12921.50   12921.50    2320
2023-03-26 21:00:00-04:00  12921.50  12928.25  12911.00  12924.50   12924.50    1909
2023-03-26 21:30:00-04:00  12924.75  12924.75  12907.00  12912.75   12912.75    2174
2023-03-26 22:00:00-04:00  12912.25  12925.00  12910.25  12916.00   12916.00    1439
2023-03-26 22:30:00-04:00  12915.75  12922.00  12913.75  12922.00   12922.00     819
2023-03-26 23:00:00-04:00  12922.50  12931.25  12919.75  12924.75   12924.75    1036
2023-03-26 23:30:00-04:00  12925.00  12961.00  12925.00  12950.50   12950.50    3117
2023-03-27 00:00:00-04:00  12951.25  12953.25  12938.00  12943.50   12943.50    1149
2023-03-27 00:30:00-04:00  12943.75  12945.50  12933.75  12942.00   12942.00    1206
2023-03-27 01:00:00-04:00  12941.75  12961.50  12935.75  12951.00   12951.00    2645
2023-03-27 01:30:00-04:00  12951.00  12984.50  12944.25  12961.00   12961.00    3186
2023-03-27 02:00:00-04:00  12961.50  12964.50  12945.00  12952.75   12952.75    2864
2023-03-27 02:30:00-04:00  12952.50  12958.75  12933.75  12945.00   12945.00    3531
2023-03-27 03:00:00-04:00  12945.25  12950.75  12878.00  12880.00   12880.00    8473
2023-03-27 03:30:00-04:00  12880.25  12882.00  12848.75  12870.00   12870.00    6929
2023-03-27 04:00:00-04:00  12870.25  12908.50  12867.50  12901.75   12901.75    5835
2023-03-27 04:30:00-04:00  12902.50  12916.25  12901.50  12909.75   12909.75    3223
2023-03-27 05:00:00-04:00  12909.50  12914.75  12897.25  12904.50   12904.50    2929
2023-03-27 05:30:00-04:00  12904.75  12931.75  12901.75  12917.75   12917.75    3845
2023-03-27 06:00:00-04:00  12917.75  12937.25  12917.25  12925.00   12925.00    3444
2023-03-27 06:30:00-04:00  12925.50  12942.25  12920.00  12928.75   12928.75    3034
2023-03-27 07:00:00-04:00  12928.50  12957.50  12927.00  12952.00   12952.00    5584
2023-03-27 07:30:00-04:00  12952.75  12956.25  12932.50  12944.00   12944.00    5033
2023-03-27 08:00:00-04:00  12944.50  12951.50  12928.25  12929.25   12929.25    4929
2023-03-27 08:30:00-04:00  12930.00  12938.25  12911.25  12915.50   12915.50    6618
2023-03-27 09:00:00-04:00  12915.75  12937.00  12913.25  12919.00   12919.00    8964
2023-03-27 09:30:00-04:00  12919.25  12965.00  12880.75  12932.25   12932.25   67628
2023-03-27 10:00:00-04:00  12932.50  12948.25  12893.50  12897.50   12897.50   39379