                               Open      High       Low     Close  Adj Close  Volume
Datetime                                                                            
2023-02-21 00:00:00-05:00  12345.50  12360.50  12341.00  12342.00   12342.00    1789
2023-02-21 00:30:00-05:00  12342.25  12353.00  12340.50  12350.50   12350.50    1234
2023-02-21 01:00:00-05:00  12350.25  12355.50  12347.00  12353.50   12353.50     958
2023-02-21 01:30:00-05:00  12353.50  12357.75  12345.75  12354.25   12354.25    1127
2023-02-21 02:00:00-05:00  12354.50  12355.00  12321.00  12327.50   12327.50    3637
2023-02-21 02:30:00-05:00  12326.50  12332.50  12319.25  12320.00   12320.00    1945
2023-02-21 03:00:00-05:00  12319.75  12333.75  12292.00  12296.75   12296.75    6774
2023-02-21 03:30:00-05:00  12295.75  12302.00  12228.00  12233.00   12233.00   11435
2023-02-21 04:00:00-05:00  12233.75  12264.25  12229.00  12256.50   12256.50    9383
2023-02-21 04:30:00-05:00  12255.75  12318.00  12252.00  12293.50   12293.50    8471
2023-02-21 05:00:00-05:00  12293.25  12299.75  12267.00  12282.25   12282.25    4913
2023-02-21 05:30:00-05:00  12282.25  12290.50  12264.75  12266.75   12266.75    3638
2023-02-21 06:00:00-05:00  12267.25  12292.00  12258.75  12284.00   12284.00    4339
2023-02-21 06:30:00-05:00  12283.75  12292.00  12275.50  12283.00   12283.00    3197
2023-02-21 07:00:00-05:00  12282.50  12285.75  12249.00  12260.00   12260.00    6513
2023-02-21 07:30:00-05:00  12260.00  12275.75  12258.75  12263.50   12263.50    4193
2023-02-21 08:00:00-05:00  12263.50  12265.25  12241.00  12250.25   12250.25    7098
2023-02-21 08:30:00-05:00  12250.00  12266.50  12239.25  12240.50   12240.50    8669
2023-02-21 09:00:00-05:00  12240.50  12252.50  12224.50  12228.50   12228.50    9882
2023-02-21 09:30:00-05:00  12229.00  12290.00  12216.50  12228.50   12228.50   68716
2023-02-21 10:00:00-05:00  12228.25  12241.50  12181.75  12186.75   12186.75   53025
2023-02-21 10:30:00-05:00  12187.00  12228.00  12180.50  12186.75   12186.75   36859
2023-02-21 11:00:00-05:00  12188.00  12204.00  12155.50  12161.25   12161.25   32447
2023-02-21 11:30:00-05:00  12161.25  12175.25  12144.75  12151.00   12151.00   29082
2023-02-21 12:00:00-05:00  12150.50  12165.50  12142.75  12144.75   12144.75   18338
2023-02-21 12:30:00-05:00  12145.50  12174.50  12141.25  12171.00   12171.00   15350
2023-02-21 13:00:00-05:00  12171.50  12175.00  12137.00  12146.75   12146.75   17738
2023-02-21 13:30:00-05:00  12147.00  12151.50  12132.50  12138.00   12138.00   15926
2023-02-21 14:00:00-05:00  12138.25  12139.00  12106.50  12119.50   12119.50   25444
2023-02-21 14:30:00-05:00  12119.50  12145.25  12115.50  12124.00   12124.00   21346
2023-02-21 15:00:00-05:00  12124.50  12141.50  12101.75  12110.25   12110.25   20863
2023-02-21 15:30:00-05:00  12110.25  12128.00  12090.25  12098.00   12098.00   46589
2023-02-21 16:00:00-05:00  12099.00  12118.50  12098.25  12112.25   12112.25   11950
2023-02-21 16:30:00-05:00  12112.00  12115.25  12107.25  12111.50   12111.50    1540
2023-02-21 18:00:00-05:00  12108.00  12113.25  12098.25  12109.25   12109.25    1594
2023-02-21 18:30:00-05:00  12109.25  12117.00  12103.00  12114.25   12114.25    1788
2023-02-21 19:00:00-05:00  12113.50  12123.50  12109.00  12115.50   12115.50    2205
2023-02-21 19:30:00-05:00  12116.00  12123.00  12108.25  12122.00   12122.00    2417
2023-02-21 20:00:00-05:00  12122.50  12129.75  12113.00  12128.50   12128.50    2266
2023-02-21 20:30:00-05:00  12128.75  12130.00  12114.50  12122.25   12122.25    1906
2023-02-21 21:00:00-05:00  12122.25  12133.25  12118.50  12130.50   12130.50    1890
2023-02-21 21:30:00-05:00  12130.75  12143.25  12126.75  12141.75   12141.75    2255
2023-02-21 22:00:00-05:00  12142.00  12142.25  12134.00  12136.50   12136.50     943
2023-02-21 22:30:00-05:00  12136.25  12139.75  12131.50  12139.00   12139.00     892
2023-02-21 23:00:00-05:00  12139.75  12140.75  12132.50  12133.50   12133.50     620
2023-02-21 23:30:00-05:00  12133.25  12134.25  12121.75  12129.00   12129.00    1205
2023-02-22 00:00:00-05:00  12128.75  12128.75  12119.25  12122.00   12122.00    1253
2023-02-22 00:30:00-05:00  12122.00  12127.75  12120.00  12122.00   12122.00     744
2023-02-22 01:00:00-05:00  12122.00  12128.75  12110.00  12110.00   12110.00    1446
2023-02-22 01:30:00-05:00  12110.50  12120.25  12110.00  12118.75   12118.75    1061
2023-02-22 02:00:00-05:00  12118.50  12129.50  12105.00  12129.25   12129.25    2858
2023-02-22 02:30:00-05:00  12129.75  12140.50  12123.75  12124.25   12124.25    2766
2023-02-22 03:00:00-05:00  12125.00  12145.00  12093.25  12098.00   12098.00    7061
2023-02-22 03:30:00-05:00  12098.50  12099.50  12064.50  12094.50   12094.50    8429
2023-02-22 04:00:00-05:00  12096.00  12117.75  12095.25  12099.00   12099.00    6292
2023-02-22 04:30:00-05:00  12098.75  12121.25  12070.50  12110.00   12110.00    6138
2023-02-22 05:00:00-05:00  12110.00  12112.50  12081.50  12092.00   12092.00    4237
2023-02-22 05:30:00-05:00  12091.50  12113.75  12086.75  12101.50   12101.50    2987
2023-02-22 06:00:00-05:00  12101.50  12106.00  12080.75  12083.00   12083.00    3205
2023-02-22 06:30:00-05:00  12083.75  12097.00  12063.25  12096.00   12096.00    5958
2023-02-22 07:00:00-05:00  12096.00  12147.00  12090.50  12141.50   12141.50    9734
2023-02-22 07:30:00-05:00  12141.25  12163.25  12136.50  12144.25   12144.25    9433
2023-02-22 08:00:00-05:00  12144.25  12148.00  12118.75  12120.25   12120.25    7571
2023-02-22 08:30:00-05:00  12119.75  12139.25  12118.75  12130.75   12130.75    6423
2023-02-22 09:00:00-05:00  12130.75  12136.00  12118.75  12120.00   12120.00    8068
2023-02-22 09:30:00-05:00  12120.25  12174.50  12115.50  12122.50   12122.50   60889
2023-02-22 10:00:00-05:00  12122.75  12125.75  12040.00  12059.50   12059.50   66103
2023-02-22 10:30:00-05:00  12059.25  12112.75  12034.00  12100.25   12100.25   44386
2023-02-22 11:00:00-05:00  12100.50  12114.75  12076.50  12089.75   12089.75   28244
2023-02-22 11:30:00-05:00  12090.00  12117.50  12079.50  12108.50   12108.50   24531
2023-02-22 12:00:00-05:00  12108.75  12132.00  12089.50  12118.75   12118.75   23519
2023-02-22 12:30:00-05:00  12119.00  12149.00  12118.75  12134.00   12134.00   20095
2023-02-22 13:00:00-05:00  12134.25  12167.25  12124.50  12163.50   12163.50   17356
2023-02-22 13:30:00-05:00  12163.00  12169.25  12135.75  12150.00   12150.00   16049
2023-02-22 14:00:00-05:00  12148.25  12190.50  12088.50  12116.00   12116.00   71801
2023-02-22 14:30:00-05:00  12116.25  12128.50  12060.00  12062.50   12062.50   45095
2023-02-22 15:00:00-05:00  12063.25  12104.75  12053.50  12072.75   12072.75   35435
2023-02-22 15:30:00-05:00  12073.00  12103.50  12048.25  12102.25   12102.25   45472
2023-02-22 16:00:00-05:00  12102.75  12118.25  12098.00  12106.00   12106.00   11386
2023-02-22 16:30:00-05:00  12106.50  12179.00  12093.75  12166.50   12166.50    8504
2023-02-22 18:00:00-05:00  12176.25  12179.25  12152.00  12163.50   12163.50    2191
2023-02-22 18:30:00-05:00  12163.50  12169.75  12158.50  12167.50   12167.50    2236
2023-02-22 19:00:00-05:00  12167.00  12178.00  12166.75  12174.25   12174.25    1947
2023-02-22 19:30:00-05:00  12174.75  12176.50  12165.25  12168.75   12168.75    1604
2023-02-22 20:00:00-05:00  12169.00  12179.25  12164.75  12177.50   12177.50    1813
2023-02-22 20:30:00-05:00  12177.25  12199.00  12173.50  12198.50   12198.50    3315
2023-02-22 21:00:00-05:00  12198.50  12209.50  12193.75  12201.50   12201.50    3134
2023-02-22 21:30:00-05:00  12202.00  12207.75  12200.00  12207.75   12207.75    1291
2023-02-22 22:00:00-05:00  12207.75  12212.75  12199.00  12210.00   12210.00    2094
2023-02-22 22:30:00-05:00  12208.75  12209.50  12198.50  12202.00   12202.00     977
2023-02-22 23:00:00-05:00  12202.75  12204.00  12197.50  12203.50   12203.50     573
2023-02-22 23:30:00-05:00  12203.75  12206.75  12200.25  12206.00   12206.00     492
2023-02-23 00:00:00-05:00  12206.50  12206.50  12198.75  12200.25   12200.25     976
2023-02-23 00:30:00-05:00  12200.25  12201.00  12187.00  12190.75   12190.75    1855
2023-02-23 01:00:00-05:00  12190.75  12196.50  12187.25  12193.50   12193.50     902
2023-02-23 01:30:00-05:00  12194.00  12199.25  12189.75  12189.75   12189.75    1134
2023-02-23 02:00:00-05:00  12189.75  12194.25  12182.00  12185.00   12185.00    2035
2023-02-23 02:30:00-05:00  12184.50  12188.00  12181.00  12182.25   12182.25    1815
2023-02-23 03:00:00-05:00  12182.75  12207.25  12174.50  12200.00   12200.00    5997
2023-02-23 03:30:00-05:00  12199.50  12218.25  12198.00  12206.00   12206.00    6126
2023-02-23 04:00:00-05:00  12206.00  12224.25  12150.75  12179.50   12179.50    9267
2023-02-23 04:30:00-05:00  12179.50  12187.00  12163.75  12183.00   12183.00    3599
2023-02-23 05:00:00-05:00  12182.75  12190.00  12177.00  12183.75   12183.75    2576
2023-02-23 05:30:00-05:00  12183.75  12190.75  12171.75  12188.50   12188.50    2304
2023-02-23 06:00:00-05:00  12188.00  12204.00  12178.00  12183.75   12183.75    3256
2023-02-23 06:30:00-05:00  12184.25  12208.75  12182.50  12207.75   12207.75    3466
2023-02-23 07:00:00-05:00  12207.50  12219.25  12196.50  12217.00   12217.00    4737
2023-02-23 07:30:00-05:00  12216.00  12219.75  12203.00  12214.25   12214.25    4712
2023-02-23 08:00:00-05:00  12214.00  12232.25  12205.75  12223.25   12223.25    6877
2023-02-23 08:30:00-05:00  12224.25  12238.00  12185.25  12221.50   12221.50   21335
2023-02-23 09:00:00-05:00  12221.00  12261.00  12220.50  12252.00   12252.00   17860
2023-02-23 09:30:00-05:00  12252.00  12259.75  12197.25  12231.75   12231.75   70715
2023-02-23 10:00:00-05:00  12232.00  12247.25  12164.75  12190.25   12190.25   49937
2023-02-23 10:30:00-05:00  12190.00  12204.50  12102.25  12113.00   12113.00   53190
2023-02-23 11:00:00-05:00  12113.50  12134.75  12072.00  12081.50   12081.50   41879
2023-02-23 11:30:00-05:00  12081.50  12091.75  12030.00  12032.50   12032.50   43293
2023-02-23 12:00:00-05:00  12032.00  12068.50  12028.50  12060.75   12060.75   28755
2023-02-23 12:30:00-05:00  12061.50  12082.50  12053.75  12079.00   12079.00   22193
2023-02-23 13:00:00-05:00  12079.50  12098.00  12055.50  12083.00   12083.00   20771
2023-02-23 13:30:00-05:00  12082.75  12125.00  12070.00  12116.25   12116.25   24724
2023-02-23 14:00:00-05:00  12116.25  12191.25  12104.50  12183.75   12183.75   35547
2023-02-23 14:30:00-05:00  12183.50  12214.25  12182.25  12190.00   12190.00   31319
2023-02-23 15:00:00-05:00  12191.25  12244.25  12191.00  12241.75   12241.75   32844
2023-02-23 15:30:00-05:00  12241.75  12248.75  12202.75  12205.75   12205.75   42257
2023-02-23 16:00:00-05:00  12205.75  12210.75  12189.00  12192.00   12192.00   10332
2023-02-23 16:30:00-05:00  12192.50  12200.75  12188.25  12193.00   12193.00    2010
2023-02-23 18:00:00-05:00  12190.00  12192.25  12171.75  12174.50   12174.50    1631
2023-02-23 18:30:00-05:00  12174.50  12180.75  12172.00  12173.75   12173.75    1451
2023-02-23 19:00:00-05:00  12173.50  12191.50  12170.50  12189.25   12189.25    1942
2023-02-23 19:30:00-05:00  12188.75  12198.50  12185.75  12194.00   12194.00    2083
2023-02-23 20:00:00-05:00  12194.75  12214.50  12183.50  12187.25   12187.25    3089
2023-02-23 20:30:00-05:00  12187.25  12187.75  12162.75  12184.50   12184.50    2944
2023-02-23 21:00:00-05:00  12184.00  12190.00  12175.00  12180.00   12180.00    1594
2023-02-23 21:30:00-05:00  12179.00  12183.25  12174.50  12180.25   12180.25     958
2023-02-23 22:00:00-05:00  12179.75  12190.00  12179.00  12187.50   12187.50    1088
2023-02-23 22:30:00-05:00  12187.50  12194.50  12187.50  12190.00   12190.00     902
2023-02-23 23:00:00-05:00  12190.50  12192.75  12178.00  12182.25   12182.25     913
2023-02-23 23:30:00-05:00  12182.25  12184.00  12173.75  12177.00   12177.00     828
2023-02-24 00:00:00-05:00  12177.50  12187.50  12177.50  12183.00   12183.00    1103
2023-02-24 00:30:00-05:00  12182.75  12182.75  12176.25  12177.00   12177.00     812
2023-02-24 01:00:00-05:00  12177.75  12180.50  12166.25  12177.50   12177.50    1276
2023-02-24 01:30:00-05:00  12178.00  12183.75  12174.50  12178.00   12178.00     887
2023-02-24 02:00:00-05:00  12178.75  12178.75  12154.25  12160.50   12160.50    3165
2023-02-24 02:30:00-05:00  12160.50  12162.50  12150.50  12154.75   12154.75    1895
2023-02-24 03:00:00-05:00  12154.00  12162.75  12134.25  12147.00   12147.00    4847
2023-02-24 03:30:00-05:00  12147.50  12155.00  12135.00  12136.25   12136.25    3105
2023-02-24 04:00:00-05:00  12136.50  12148.00  12130.25  12132.75   12132.75    3255
2023-02-24 04:30:00-05:00  12131.25  12138.75  12122.25  12126.25   12126.25    2366
2023-02-24 05:00:00-05:00  12126.00  12134.00  12111.25  12121.25   12121.25    3000
2023-02-24 05:30:00-05:00  12121.00  12124.00  12108.75  12121.50   12121.50    2654
2023-02-24 06:00:00-05:00  12121.00  12121.00  12093.00  12098.50   12098.50    4668
2023-02-24 06:30:00-05:00  12098.75  12103.25  12081.50  12099.25   12099.25    4674
2023-02-24 07:00:00-05:00  12099.50  12108.25  12088.25  12103.25   12103.25    4675
2023-02-24 07:30:00-05:00  12103.00  12109.00  12093.50  12097.50   12097.50    3409
2023-02-24 08:00:00-05:00  12097.00  12104.00  12084.50  12093.00   12093.00    7736
2023-02-24 08:30:00-05:00  12091.25  12091.25  11974.25  11998.75   11998.75   42538
2023-02-24 09:00:00-05:00  11998.25  12010.25  11973.50  11994.25   11994.25   18285
2023-02-24 09:30:00-05:00  11994.00  12043.00  11955.25  11976.50   11976.50   74376
2023-02-24 10:00:00-05:00  11973.00  11992.75  11934.00  11959.00   11959.00   57763
2023-02-24 10:30:00-05:00  11959.00  11963.75  11923.00  11935.75   11935.75   41030
2023-02-24 11:00:00-05:00  11936.25  11986.25  11923.75  11973.50   11973.50   33836
2023-02-24 11:30:00-05:00  11973.75  12018.25  11950.75  11990.75   11990.75   42193
2023-02-24 12:00:00-05:00  11991.00  11998.25  11961.50  11972.00   11972.00   26035
2023-02-24 12:30:00-05:00  11972.50  11984.75  11937.75  11945.00   11945.00   24951
2023-02-24 13:00:00-05:00  11945.25  11965.50  11931.00  11958.25   11958.25   22702
2023-02-24 13:30:00-05:00  11958.75  11975.00  11936.25  11965.75   11965.75   22127
2023-02-24 14:00:00-05:00  11966.00  11980.50  11954.00  11969.25   11969.25   23512
2023-02-24 14:30:00-05:00  11970.00  12013.25  11946.75  12006.00   12006.00   29233
2023-02-24 15:00:00-05:00  12006.00  12021.00  11974.25  11976.50   11976.50   30770
2023-02-24 15:30:00-05:00  11976.50  12003.75  11945.25  11997.50   11997.50   57114
2023-02-24 16:00:00-05:00  11998.00  12004.25  11989.50  12003.25   12003.25    9805
2023-02-24 16:30:00-05:00  12003.50  12005.25  11997.75  11999.75   11999.75    1521
2023-02-26 18:00:00-05:00  12003.00  12008.75  11990.00  11998.50   11998.50    3124
2023-02-26 18:30:00-05:00  11998.00  12025.50  11996.00  12017.25   12017.25    2498
2023-02-26 19:00:00-05:00  12017.50  12020.00  12004.00  12009.00   12009.00    2530
2023-02-26 19:30:00-05:00  12009.00  12019.00  12007.75  12016.25   12016.25    1200
2023-02-26 20:00:00-05:00  12016.50  12026.75  12016.00  12024.25   12024.25    1792
2023-02-26 20:30:00-05:00  12024.25  12046.75  12023.25  12040.50   12040.50    3176
2023-02-26 21:00:00-05:00  12040.75  12045.50  12036.00  12039.00   12039.00    1485
2023-02-26 21:30:00-05:00  12039.25  12042.50  12031.50  12039.25   12039.25    1450
2023-02-26 22:00:00-05:00  12039.75  12042.00  12032.00  12033.25   12033.25    1296
2023-02-26 22:30:00-05:00  12033.00  12035.00  12020.25  12025.75   12025.75    2030
2023-02-26 23:00:00-05:00  12026.00  12028.25  12022.50  12024.25   12024.25     965
2023-02-26 23:30:00-05:00  12024.50  12031.25  12023.00  12029.25   12029.25    1330
2023-02-27 00:00:00-05:00  12031.00  12033.00  12010.75  12011.75   12011.75    1537
2023-02-27 00:30:00-05:00  12012.25  12018.00  12007.00  12011.75   12011.75    1513
2023-02-27 01:00:00-05:00  12011.50  12018.50  12010.75  12011.75   12011.75    1073
2023-02-27 01:30:00-05:00  12011.75  12018.50  12006.50  12012.00   12012.00    1330
2023-02-27 02:00:00-05:00  12011.75  12039.00  12008.00  12032.25   12032.25    2595
2023-02-27 02:30:00-05:00  12033.00  12041.00  12028.00  12037.50   12037.50    1788
2023-02-27 03:00:00-05:00  12037.75  12073.00  12037.75  12056.25   12056.25    7444
2023-02-27 03:30:00-05:00  12056.00  12071.50  12053.25  12056.50   12056.50    4374
2023-02-27 04:00:00-05:00  12057.25  12068.50  12048.50  12068.00   12068.00    4570
2023-02-27 04:30:00-05:00  12067.75  12078.00  12057.50  12058.25   12058.25    3211
2023-02-27 05:00:00-05:00  12058.50  12078.00  12057.75  12067.00   12067.00    3646
2023-02-27 05:30:00-05:00  12067.25  12067.25  12052.50  12053.00   12053.00    2610
2023-02-27 06:00:00-05:00  12053.00  12068.50  12049.00  12068.50   12068.50    2620
2023-02-27 06:30:00-05:00  12068.50  12070.75  12057.75  12063.75   12063.75    2169
2023-02-27 07:00:00-05:00  12063.75  12076.75  12061.25  12065.00   12065.00    3273
2023-02-27 07:30:00-05:00  12065.50  12075.00  12053.50  12058.50   12058.50    3713
2023-02-27 08:00:00-05:00  12059.00  12086.75  12053.75  12075.75   12075.75    6015
2023-02-27 08:30:00-05:00  12076.75  12153.00  12069.00  12137.50   12137.50   21324
2023-02-27 09:00:00-05:00  12138.25  12145.50  12121.75  12131.75   12131.75   13179
2023-02-27 09:30:00-05:00  12131.00  12151.50  12106.25  12147.00   12147.00   62446
2023-02-27 10:00:00-05:00  12147.25  12189.50  12134.25  12156.25   12156.25   48391