                               Open      High       Low     Close  Adj Close  Volume
Datetime                                                                            
2023-02-15 10:30:00-05:00  12562.50  12584.00  12558.00  12562.75   12562.75    4233
2023-02-15 11:00:00-05:00  12562.75  12635.00  12558.00  12631.50   12631.50   31968
2023-02-15 11:30:00-05:00  12632.50  12672.25  12606.50  12647.75   12647.75   36272
2023-02-15 12:00:00-05:00  12648.25  12654.75  12607.75  12618.50   12618.50   24491
2023-02-15 12:30:00-05:00  12619.25  12648.25  12608.50  12632.50   12632.50   24348
2023-02-15 13:00:00-05:00  12632.50  12664.50  12615.00  12661.50   12661.50   18433
2023-02-15 13:30:00-05:00  12662.00  12683.25  12648.50  12682.25   12682.25   19946
2023-02-15 14:00:00-05:00  12682.50  12718.00  12680.50  12708.50   12708.50   26410
2023-02-15 14:30:00-05:00  12708.00  12721.50  12670.25  12677.00   12677.00   22730
2023-02-15 15:00:00-05:00  12676.75  12699.00  12666.25  12680.50   12680.50   19905
2023-02-15 15:30:00-05:00  12680.25  12734.25  12676.75  12733.50   12733.50   34091
2023-02-15 16:00:00-05:00  12734.00  12756.50  12724.00  12747.25   12747.25   16193
2023-02-15 16:30:00-05:00  12747.75  12755.50  12744.00  12747.50   12747.50    2900
2023-02-15 18:00:00-05:00  12740.00  12746.00  12731.75  12745.25   12745.25    1616
2023-02-15 18:30:00-05:00  12745.25  12750.75  12742.50  12747.00   12747.00    1552
2023-02-15 19:00:00-05:00  12746.50  12769.75  12746.50  12757.25   12757.25    2938
2023-02-15 19:30:00-05:00  12757.25  12764.50  12747.00  12764.00   12764.00    2705
2023-02-15 20:00:00-05:00  12763.75  12782.50  12760.50  12774.75   12774.75    3452
2023-02-15 20:30:00-05:00  12774.25  12782.25  12768.25  12774.00   12774.00    2208
2023-02-15 21:00:00-05:00  12774.00  12788.50  12771.25  12781.75   12781.75    2069
2023-02-15 21:30:00-05:00  12781.25  12790.50  12777.75  12787.75   12787.75    1462
2023-02-15 22:00:00-05:00  12787.75  12792.75  12778.00  12779.50   12779.50    1181
2023-02-15 22:30:00-05:00  12780.50  12785.50  12779.00  12780.00   12780.00     936
2023-02-15 23:00:00-05:00  12780.50  12783.25  12774.75  12782.00   12782.00     919
2023-02-15 23:30:00-05:00  12782.25  12783.00  12775.75  12780.25   12780.25     755
2023-02-16 00:00:00-05:00  12780.00  12781.00  12773.50  12775.50   12775.50     841
2023-02-16 00:30:00-05:00  12775.50  12776.50  12767.50  12775.50   12775.50    1133
2023-02-16 01:00:00-05:00  12774.75  12777.25  12758.25  12759.75   12759.75    2240
2023-02-16 01:30:00-05:00  12760.25  12761.75  12747.50  12757.00   12757.00    2162
2023-02-16 02:00:00-05:00  12757.00  12772.50  12751.50  12766.75   12766.75    2273
2023-02-16 02:30:00-05:00  12766.75  12775.75  12762.25  12772.50   12772.50    1510
2023-02-16 03:00:00-05:00  12772.25  12784.00  12742.25  12754.25   12754.25    7527
2023-02-16 03:30:00-05:00  12754.50  12759.75  12743.75  12744.50   12744.50    3596
2023-02-16 04:00:00-05:00  12744.25  12759.00  12736.75  12752.00   12752.00    3900
2023-02-16 04:30:00-05:00  12751.50  12752.00  12727.75  12728.25   12728.25    3227
2023-02-16 05:00:00-05:00  12728.50  12738.75  12720.25  12734.00   12734.00    3808
2023-02-16 05:30:00-05:00  12734.50  12739.50  12725.00  12727.00   12727.00    2387
2023-02-16 06:00:00-05:00  12726.25  12735.00  12721.00  12722.00   12722.00    2688
2023-02-16 06:30:00-05:00  12721.50  12727.00  12715.75  12723.25   12723.25    2949
2023-02-16 07:00:00-05:00  12723.50  12729.25  12679.00  12684.00   12684.00    8237
2023-02-16 07:30:00-05:00  12684.25  12696.00  12681.50  12687.25   12687.25    3874
2023-02-16 08:00:00-05:00  12687.50  12690.75  12656.25  12670.75   12670.75    8663
2023-02-16 08:30:00-05:00  12671.00  12671.00  12533.50  12559.25   12559.25   37621
2023-02-16 09:00:00-05:00  12558.75  12559.75  12514.00  12524.00   12524.00   23389
2023-02-16 09:30:00-05:00  12523.75  12592.00  12496.50  12564.25   12564.25   79825
2023-02-16 10:00:00-05:00  12563.75  12622.25  12535.50  12614.75   12614.75   52828
2023-02-16 10:30:00-05:00  12614.75  12670.50  12611.00  12649.50   12649.50   44678
2023-02-16 11:00:00-05:00  12649.75  12673.25  12620.00  12642.50   12642.50   37544
2023-02-16 11:30:00-05:00  12643.50  12668.50  12627.50  12641.00   12641.00   26478
2023-02-16 12:00:00-05:00  12641.25  12658.25  12605.25  12652.00   12652.00   26494
2023-02-16 12:30:00-05:00  12652.00  12694.25  12644.25  12653.25   12653.25   29418
2023-02-16 13:00:00-05:00  12653.25  12672.50  12624.75  12630.25   12630.25   24898
2023-02-16 13:30:00-05:00  12630.75  12673.75  12622.50  12663.00   12663.00   22201
2023-02-16 14:00:00-05:00  12663.75  12678.00  12631.75  12655.25   12655.25   21233
2023-02-16 14:30:00-05:00  12655.25  12676.50  12650.50  12652.25   12652.25   20089
2023-02-16 15:00:00-05:00  12652.25  12657.50  12514.50  12514.50   12514.50   54734
2023-02-16 15:30:00-05:00  12514.25  12527.75  12475.75  12481.25   12481.25   65952
2023-02-16 16:00:00-05:00  12481.75  12486.25  12456.00  12456.75   12456.75   15925
2023-02-16 16:30:00-05:00  12457.00  12472.50  12455.25  12466.25   12466.25    4001
2023-02-16 18:00:00-05:00  12462.50  12466.25  12421.00  12431.00   12431.00    4627
2023-02-16 18:30:00-05:00  12430.75  12436.50  12422.00  12428.25   12428.25    2224
2023-02-16 19:00:00-05:00  12428.00  12436.25  12421.25  12427.50   12427.50    2513
2023-02-16 19:30:00-05:00  12427.75  12436.50  12423.00  12431.50   12431.50    1741
2023-02-16 20:00:00-05:00  12432.00  12447.50  12426.75  12442.50   12442.50    2715
2023-02-16 20:30:00-05:00  12442.00  12449.50  12419.00  12428.50   12428.50    2916
2023-02-16 21:00:00-05:00  12428.00  12428.75  12413.50  12422.25   12422.25    2457
2023-02-16 21:30:00-05:00  12422.50  12423.50  12412.75  12415.25   12415.25    1803
2023-02-16 22:00:00-05:00  12415.25  12422.00  12408.25  12421.50   12421.50    1955
2023-02-16 22:30:00-05:00  12421.75  12426.00  12416.50  12416.50   12416.50    1556
2023-02-16 23:00:00-05:00  12416.75  12419.50  12404.25  12409.25   12409.25    1910
2023-02-16 23:30:00-05:00  12410.00  12413.50  12401.50  12412.75   12412.75    1378
2023-02-17 00:00:00-05:00  12413.50  12413.50  12394.25  12399.25   12399.25    1873
2023-02-17 00:30:00-05:00  12399.25  12404.75  12394.50  12400.00   12400.00    1524
2023-02-17 01:00:00-05:00  12400.00  12406.50  12379.75  12387.00   12387.00    2493
2023-02-17 01:30:00-05:00  12387.00  12393.25  12381.25  12389.75   12389.75    1867
2023-02-17 02:00:00-05:00  12390.00  12409.75  12376.50  12409.25   12409.25    4052
2023-02-17 02:30:00-05:00  12408.75  12416.50  12396.75  12401.25   12401.25    4071
2023-02-17 03:00:00-05:00  12401.75  12405.25  12365.00  12367.00   12367.00    8617
2023-02-17 03:30:00-05:00  12367.00  12382.00  12338.00  12373.25   12373.25    9680
2023-02-17 04:00:00-05:00  12373.75  12392.00  12363.50  12391.00   12391.00    6146
2023-02-17 04:30:00-05:00  12390.75  12408.25  12373.75  12379.25   12379.25    6008
2023-02-17 05:00:00-05:00  12379.50  12383.50  12359.00  12377.50   12377.50    4270
2023-02-17 05:30:00-05:00  12376.00  12378.00  12356.50  12357.50   12357.50    3876
2023-02-17 06:00:00-05:00  12357.25  12373.50  12343.50  12367.25   12367.25    4734
2023-02-17 06:30:00-05:00  12367.00  12370.25  12349.00  12369.25   12369.25    4329
2023-02-17 07:00:00-05:00  12369.25  12388.25  12363.25  12372.50   12372.50    5559
2023-02-17 07:30:00-05:00  12373.00  12394.00  12364.75  12381.25   12381.25    5877
2023-02-17 08:00:00-05:00  12380.75  12386.25  12360.25  12370.00   12370.00    7192
2023-02-17 08:30:00-05:00  12369.50  12401.75  12368.00  12390.25   12390.25   10161
2023-02-17 09:00:00-05:00  12389.75  12419.00  12384.25  12389.75   12389.75   14918
2023-02-17 09:30:00-05:00  12389.50  12423.75  12296.25  12329.50   12329.50   80543
2023-02-17 10:00:00-05:00  12329.00  12402.25  12324.50  12352.50   12352.50   60806
2023-02-17 10:30:00-05:00  12352.50  12408.75  12315.25  12318.25   12318.25   41937
2023-02-17 11:00:00-05:00  12318.75  12338.50  12287.75  12293.75   12293.75   33520
2023-02-17 11:30:00-05:00  12294.00  12328.25  12275.00  12302.75   12302.75   33826
2023-02-17 12:00:00-05:00  12302.75  12347.75  12301.75  12311.00   12311.00   30319
2023-02-17 12:30:00-05:00  12310.50  12315.25  12265.75  12282.25   12282.25   24567
2023-02-17 13:00:00-05:00  12283.00  12318.75  12275.25  12284.75   12284.75   24874
2023-02-17 13:30:00-05:00  12285.00  12316.00  12277.75  12307.50   12307.50   16933
2023-02-17 14:00:00-05:00  12308.25  12356.25  12304.75  12343.25   12343.25   27286
2023-02-17 14:30:00-05:00  12343.50  12397.00  12342.75  12390.75   12390.75   29466
2023-02-17 15:00:00-05:00  12391.25  12407.75  12354.75  12359.75   12359.75   30297
2023-02-17 15:30:00-05:00  12359.50  12402.00  12355.00  12392.00   12392.00   40276
2023-02-17 16:00:00-05:00  12392.00  12394.50  12381.75  12386.50   12386.50    8577
2023-02-17 16:30:00-05:00  12386.00  12387.00  12380.25  12384.25   12384.25    1710
2023-02-17 17:00:00-05:00  12384.25  12384.25  12384.00  12384.00   12384.00       2
2023-02-19 18:00:00-05:00  12380.00  12383.25  12346.50  12358.00   12358.00    2834
2023-02-19 18:30:00-05:00  12357.25  12361.75  12353.50  12359.75   12359.75     998
2023-02-19 19:00:00-05:00  12359.25  12360.50  12346.75  12353.25   12353.25    1516
2023-02-19 19:30:00-05:00  12353.75  12358.50  12349.00  12354.75   12354.75     916
2023-02-19 20:00:00-05:00  12354.50  12375.75  12352.50  12370.75   12370.75    1777
2023-02-19 20:30:00-05:00  12371.00  12375.50  12367.25  12369.25   12369.25     977
2023-02-19 21:00:00-05:00  12369.50  12376.25  12367.25  12373.75   12373.75     898
2023-02-19 21:30:00-05:00  12373.75  12391.75  12373.75  12388.75   12388.75    1959
2023-02-19 22:00:00-05:00  12389.75  12391.25  12383.00  12390.75   12390.75     887
2023-02-19 22:30:00-05:00  12390.00  12399.00  12387.00  12391.00   12391.00    1294
2023-02-19 23:00:00-05:00  12391.00  12406.50  12390.75  12401.50   12401.50    1135
2023-02-19 23:30:00-05:00  12401.00  12402.00  12392.25  12393.75   12393.75     733
2023-02-21 00:00:00-05:00  12345.50  12356.75  12341.00  12342.00   12342.00    1789
2023-02-21 00:30:00-05:00  12342.25  12353.00  12340.50  12350.50   12350.50    1234
2023-02-21 01:00:00-05:00  12350.25  12355.50  12347.00  12353.50   12353.50     958
2023-02-21 01:30:00-05:00  12353.50  12357.75  12345.75  12354.25   12354.25    1127
2023-02-21 02:00:00-05:00  12354.50  12355.00  12321.00  12327.50   12327.50    3637
2023-02-21 02:30:00-05:00  12326.50  12332.50  12319.25  12320.00   12320.00    1945
2023-02-21 03:00:00-05:00  12319.75  12333.75  12292.00  12296.75   12296.75    6774
2023-02-21 03:30:00-05:00  12295.75  12302.50  12228.00  12233.00   12233.00   11435
2023-02-21 04:00:00-05:00  12233.75  12264.25  12229.00  12256.50   12256.50    9383
2023-02-21 04:30:00-05:00  12255.75  12318.00  12252.00  12293.50   12293.50    8471
2023-02-21 05:00:00-05:00  12293.25  12299.75  12267.00  12282.25   12282.25    4913
2023-02-21 05:30:00-05:00  12282.25  12290.50  12264.75  12266.75   12266.75    3638
2023-02-21 06:00:00-05:00  12267.25  12292.00  12258.75  12284.00   12284.00    4339
2023-02-21 06:30:00-05:00  12283.75  12292.00  12275.50  12283.00   12283.00    3197
2023-02-21 07:00:00-05:00  12282.50  12285.75  12249.00  12260.00   12260.00    6513
2023-02-21 07:30:00-05:00  12260.00  12275.75  12258.75  12263.50   12263.50    4193
2023-02-21 08:00:00-05:00  12263.50  12265.25  12241.00  12250.25   12250.25    7098
2023-02-21 08:30:00-05:00  12250.00  12266.50  12239.25  12240.50   12240.50    8669
2023-02-21 09:00:00-05:00  12240.50  12252.50  12224.50  12228.50   12228.50    9882
2023-02-21 09:30:00-05:00  12229.00  12290.00  12216.50  12228.00   12228.00   68714
2023-02-21 10:00:00-05:00  12228.25  12241.50  12181.75  12186.75   12186.75   53027
2023-02-21 10:30:00-05:00  12186.75  12228.00  12180.50  12186.75   12186.75   36859
2023-02-21 11:00:00-05:00  12188.00  12196.25  12155.50  12161.25   12161.25   32447
2023-02-21 11:30:00-05:00  12161.25  12175.25  12144.75  12151.00   12151.00   29082
2023-02-21 12:00:00-05:00  12150.50  12165.50  12142.75  12144.75   12144.75   18338
2023-02-21 12:30:00-05:00  12145.50  12174.50  12141.25  12171.00   12171.00   15350
2023-02-21 13:00:00-05:00  12171.50  12175.00  12137.00  12146.75   12146.75   17738
2023-02-21 13:30:00-05:00  12147.00  12151.50  12132.50  12138.00   12138.00   15926
2023-02-21 14:00:00-05:00  12138.25  12139.00  12106.50  12119.50   12119.50   25444
2023-02-21 14:30:00-05:00  12119.50  12145.25  12115.50  12124.00   12124.00   21346
2023-02-21 15:00:00-05:00  12124.50  12141.50  12101.75  12110.25   12110.25   20863
2023-02-21 15:30:00-05:00  12110.25  12128.00  12090.25  12098.00   12098.00   46589
2023-02-21 16:00:00-05:00  12098.25  12118.50  12098.00  12112.25   12112.25   11950
2023-02-21 16:30:00-05:00  12112.00  12115.25  12107.25  12111.50   12111.50    1540
2023-02-21 18:00:00-05:00  12108.00  12113.25  12098.25  12109.25   12109.25    1594
2023-02-21 18:30:00-05:00  12109.25  12117.00  12103.00  12114.25   12114.25    1788
2023-02-21 19:00:00-05:00  12113.50  12123.50  12109.00  12115.50   12115.50    2205
2023-02-21 19:30:00-05:00  12116.00  12123.00  12108.25  12122.00   12122.00    2417
2023-02-21 20:00:00-05:00  12122.50  12129.75  12113.00  12128.50   12128.50    2266
2023-02-21 20:30:00-05:00  12128.75  12130.00  12114.25  12122.75   12122.75    1907
2023-02-21 21:00:00-05:00  12122.25  12133.25  12118.50  12130.50   12130.50    1889
2023-02-21 21:30:00-05:00  12130.75  12143.25  12126.75  12141.75   12141.75    2255
2023-02-21 22:00:00-05:00  12142.00  12142.25  12134.00  12137.00   12137.00     956
2023-02-21 22:30:00-05:00  12136.50  12139.75  12131.50  12139.00   12139.00     879
2023-02-21 23:00:00-05:00  12139.75  12140.75  12132.50  12133.50   12133.50     620
2023-02-21 23:30:00-05:00  12133.25  12134.25  12121.75  12129.00   12129.00    1205
2023-02-22 00:00:00-05:00  12128.75  12128.75  12119.25  12122.00   12122.00    1209
2023-02-22 00:30:00-05:00  12122.00  12127.75  12119.75  12122.00   12122.00     744
2023-02-22 01:00:00-05:00  12122.00  12128.75  12110.00  12110.00   12110.00    1446
2023-02-22 01:30:00-05:00  12110.50  12120.25  12110.00  12118.75   12118.75    1061
2023-02-22 02:00:00-05:00  12118.50  12129.50  12105.00  12129.25   12129.25    2858
2023-02-22 02:30:00-05:00  12129.75  12140.50  12123.75  12124.25   12124.25    2766
2023-02-22 03:00:00-05:00  12125.00  12145.00  12093.25  12098.00   12098.00    7063
2023-02-22 03:30:00-05:00  12098.75  12107.75  12064.50  12094.50   12094.50    8427
2023-02-22 04:00:00-05:00  12096.00  12117.75  12095.25  12099.00   12099.00    6292
2023-02-22 04:30:00-05:00  12098.75  12121.25  12070.50  12110.00   12110.00    6138
2023-02-22 05:00:00-05:00  12110.00  12112.50  12081.50  12092.00   12092.00    4237
2023-02-22 05:30:00-05:00  12091.50  12113.75  12086.75  12101.50   12101.50    2987
2023-02-22 06:00:00-05:00  12101.50  12106.00  12080.75  12083.00   12083.00    3205
2023-02-22 06:30:00-05:00  12083.75  12097.00  12063.25  12096.00   12096.00    5958
2023-02-22 07:00:00-05:00  12096.25  12147.00  12090.50  12141.50   12141.50    9734
2023-02-22 07:30:00-05:00  12141.25  12163.25  12136.50  12144.25   12144.25    9433
2023-02-22 08:00:00-05:00  12144.25  12148.00  12118.75  12120.25   12120.25    7571
2023-02-22 08:30:00-05:00  12119.75  12139.25  12118.75  12130.75   12130.75    6423
2023-02-22 09:00:00-05:00  12130.75  12136.00  12118.75  12120.00   12120.00    8068
2023-02-22 09:30:00-05:00  12120.25  12174.50  12115.50  12122.50   12122.50   60889
2023-02-22 10:00:00-05:00  12122.75  12125.75  12040.00  12059.50   12059.50   66103