                               Open      High       Low     Close  Adj Close  Volume
Datetime                                                                            
2022-10-09 18:00:00-04:00  11067.75  11068.25  10986.00  11009.00   11009.00    7762
2022-10-09 18:30:00-04:00  11009.25  11022.25  10993.50  10999.00   10999.00    3841
2022-10-09 19:00:00-04:00  10999.75  11037.25  10987.00  11019.75   11019.75    3836
2022-10-09 19:30:00-04:00  11019.00  11047.75  10988.75  11035.50   11035.50    5520
2022-10-09 20:00:00-04:00  11036.50  11053.75  11013.75  11040.25   11040.25    5549
2022-10-09 20:30:00-04:00  11039.00  11071.25  11033.50  11054.25   11054.25    4674
2022-10-09 21:00:00-04:00  11053.25  11066.75  11035.50  11042.25   11042.25    3838
2022-10-09 21:30:00-04:00  11041.75  11081.75  11040.00  11063.25   11063.25    3837
2022-10-09 22:00:00-04:00  11063.00  11063.25  11045.50  11060.25   11060.25    2450
2022-10-09 22:30:00-04:00  11059.75  11061.50  11046.00  11057.00   11057.00    1517
2022-10-09 23:00:00-04:00  11056.25  11060.25  11038.50  11045.75   11045.75    2345
2022-10-09 23:30:00-04:00  11046.25  11049.25  11035.00  11045.75   11045.75    1773
2022-10-10 00:00:00-04:00  11046.50  11057.75  11042.50  11048.75   11048.75    2127
2022-10-10 00:30:00-04:00  11048.75  11061.50  11043.75  11057.75   11057.75    1553
2022-10-10 01:00:00-04:00  11056.50  11071.00  11048.25  11066.25   11066.25    2255
2022-10-10 01:30:00-04:00  11065.50  11067.25  11027.75  11028.25   11028.25    3823
2022-10-10 02:00:00-04:00  11029.25  11064.25  11028.50  11048.75   11048.75    5460
2022-10-10 02:30:00-04:00  11048.50  11050.50  11011.75  11025.25   11025.25    4576
2022-10-10 03:00:00-04:00  11026.00  11091.75  11023.75  11064.25   11064.25   10141
2022-10-10 03:30:00-04:00  11064.75  11083.00  11040.25  11046.25   11046.25    6298
2022-10-10 04:00:00-04:00  11046.00  11052.25  11005.75  11008.00   11008.00    6992
2022-10-10 04:30:00-04:00  11007.75  11025.75  10995.75  11020.50   11020.50    7068
2022-10-10 05:00:00-04:00  11021.50  11052.50  11020.75  11048.75   11048.75    5245
2022-10-10 05:30:00-04:00  11049.00  11081.25  11042.00  11076.50   11076.50    4998
2022-10-10 06:00:00-04:00  11076.00  11084.25  11046.50  11051.00   11051.00    3909
2022-10-10 06:30:00-04:00  11050.50  11061.25  11034.75  11042.75   11042.75    4966
2022-10-10 07:00:00-04:00  11042.25  11083.75  11042.00  11083.50   11083.50    4939
2022-10-10 07:30:00-04:00  11083.25  11085.25  11060.25  11067.50   11067.50    5418
2022-10-10 08:00:00-04:00  11068.25  11078.25  11051.75  11072.75   11072.75    6925
2022-10-10 08:30:00-04:00  11073.50  11129.00  11063.75  11127.00   11127.00   14706
2022-10-10 09:00:00-04:00  11127.00  11136.50  11105.75  11108.25   11108.25   13605
2022-10-10 09:30:00-04:00  11108.75  11126.00  11002.75  11014.25   11014.25   75591
2022-10-10 10:00:00-04:00  11015.00  11068.25  10983.00  11040.00   11040.00   61040
2022-10-10 10:30:00-04:00  11040.75  11054.50  10934.00  10951.75   10951.75   60160
2022-10-10 11:00:00-04:00  10951.75  10989.50  10927.75  10968.50   10968.50   47121
2022-10-10 11:30:00-04:00  10968.50  11019.00  10953.00  10988.00   10988.00   35078
2022-10-10 12:00:00-04:00  10988.25  10988.75  10915.75  10922.00   10922.00   35249
2022-10-10 12:30:00-04:00  10922.00  10935.25  10906.50  10907.00   10907.00   30225
2022-10-10 13:00:00-04:00  10907.25  10937.75  10876.75  10932.00   10932.00   36373
2022-10-10 13:30:00-04:00  10932.50  11068.25  10929.50  11035.00   11035.00   49106
2022-10-10 14:00:00-04:00  11035.50  11040.25  10971.50  11002.75   11002.75   33874
2022-10-10 14:30:00-04:00  11002.00  11043.25  10987.25  11002.50   11002.50   30289
2022-10-10 15:00:00-04:00  11006.50  11049.50  10985.25  11009.50   11009.50   35203
2022-10-10 15:30:00-04:00  11009.50  11042.75  10977.00  10981.25   10981.25   41776
2022-10-10 16:00:00-04:00  10981.00  11004.50  10979.75  10993.50   10993.50   11651
2022-10-10 16:30:00-04:00  10993.25  10999.75  10992.25  10993.50   10993.50    1694
2022-10-10 18:00:00-04:00  10987.00  11003.50  10984.00  11003.00   11003.00    1046
2022-10-10 18:30:00-04:00  11003.25  11011.25  10996.25  11006.75   11006.75    1274
2022-10-10 19:00:00-04:00  11007.25  11031.25  11007.25  11017.25   11017.25    2491
2022-10-10 19:30:00-04:00  11017.75  11024.00  11010.00  11014.25   11014.25    1636
2022-10-10 20:00:00-04:00  11014.25  11014.25  10968.75  10999.25   10999.25    4985
2022-10-10 20:30:00-04:00  10998.25  11022.25  10997.00  11015.00   11015.00    3135
2022-10-10 21:00:00-04:00  11014.50  11029.25  11004.50  11010.00   11010.00    2780
2022-10-10 21:30:00-04:00  11010.25  11014.25  10950.00  10961.25   10961.25    5924
2022-10-10 22:00:00-04:00  10960.25  10965.00  10921.00  10937.50   10937.50    5825
2022-10-10 22:30:00-04:00  10937.00  10948.75  10923.75  10935.50   10935.50    2680
2022-10-10 23:00:00-04:00  10935.00  10955.00  10930.75  10945.00   10945.00    1970
2022-10-10 23:30:00-04:00  10944.25  10951.50  10929.75  10933.75   10933.75    1635
2022-10-11 00:00:00-04:00  10936.75  10947.25  10914.50  10917.25   10917.25    2506
2022-10-11 00:30:00-04:00  10917.50  10930.75  10913.25  10926.25   10926.25    1813
2022-10-11 01:00:00-04:00  10926.50  10939.25  10916.75  10934.00   10934.00    2052
2022-10-11 01:30:00-04:00  10932.75  10940.50  10925.25  10927.50   10927.50    2242
2022-10-11 02:00:00-04:00  10927.00  10948.50  10921.50  10942.25   10942.25    4372
2022-10-11 02:30:00-04:00  10942.00  10963.75  10885.50  10892.25   10892.25    7646
2022-10-11 03:00:00-04:00  10891.75  10958.00  10853.25  10941.00   10941.00   15616
2022-10-11 03:30:00-04:00  10942.00  10950.00  10884.75  10909.00   10909.00    9350
2022-10-11 04:00:00-04:00  10908.50  10947.00  10903.75  10919.25   10919.25    8306
2022-10-11 04:30:00-04:00  10918.50  10918.75  10874.75  10889.50   10889.50    7358
2022-10-11 05:00:00-04:00  10889.50  10906.50  10878.50  10894.50   10894.50    7104
2022-10-11 05:30:00-04:00  10895.25  10896.00  10867.75  10883.75   10883.75    6288
2022-10-11 06:00:00-04:00  10883.75  10910.25  10858.50  10889.00   10889.00    8192
2022-10-11 06:30:00-04:00  10889.75  10914.25  10886.75  10913.00   10913.00    5148
2022-10-11 07:00:00-04:00  10912.75  10939.25  10909.25  10926.25   10926.25    7784
2022-10-11 07:30:00-04:00  10925.75  10939.00  10907.75  10936.50   10936.50    6975
2022-10-11 08:00:00-04:00  10936.50  10981.75  10927.50  10976.75   10976.75   11756
2022-10-11 08:30:00-04:00  10976.00  10990.75  10942.25  10942.75   10942.75   12661
2022-10-11 09:00:00-04:00  10943.00  10949.00  10915.50  10919.75   10919.75   14318
2022-10-11 09:30:00-04:00  10919.75  10944.75  10821.00  10823.50   10823.50   87956
2022-10-11 10:00:00-04:00  10823.50  10853.00  10788.50  10828.25   10828.25   65645
2022-10-11 10:30:00-04:00  10828.25  10901.50  10808.75  10846.25   10846.25   54176
2022-10-11 11:00:00-04:00  10847.50  10923.00  10843.25  10909.75   10909.75   47860
2022-10-11 11:30:00-04:00  10909.75  10995.75  10901.50  10961.00   10961.00   53717
2022-10-11 12:00:00-04:00  10961.75  10993.75  10913.00  10970.50   10970.50   35312
2022-10-11 12:30:00-04:00  10971.00  11039.50  10965.00  10996.50   10996.50   38691
2022-10-11 13:00:00-04:00  10996.75  11009.00  10948.00  10959.25   10959.25   30564
2022-10-11 13:30:00-04:00  10959.50  10987.25  10940.25  10973.75   10973.75   23511
2022-10-11 14:00:00-04:00  10974.25  10985.25  10920.25  10954.50   10954.50   26687
2022-10-11 14:30:00-04:00  10955.50  10967.00  10810.75  10818.50   10818.50   49320
2022-10-11 15:00:00-04:00  10819.00  10833.50  10767.25  10813.00   10813.00   59957
2022-10-11 15:30:00-04:00  10813.75  10860.00  10792.50  10845.00   10845.00   54740
2022-10-11 16:00:00-04:00  10845.25  10865.25  10840.50  10858.75   10858.75   14161
2022-10-11 16:30:00-04:00  10859.00  10882.00  10854.50  10880.50   10880.50    3021
2022-10-11 18:00:00-04:00  10875.00  10877.75  10861.25  10861.50   10861.50    1858
2022-10-11 18:30:00-04:00  10861.75  10865.00  10852.25  10860.75   10860.75    1370
2022-10-11 19:00:00-04:00  10861.50  10871.50  10844.75  10848.50   10848.50    1767
2022-10-11 19:30:00-04:00  10848.50  10865.75  10847.75  10864.75   10864.75    1594
2022-10-11 20:00:00-04:00  10865.25  10881.50  10836.00  10860.25   10860.25    4834
2022-10-11 20:30:00-04:00  10861.00  10908.00  10860.00  10892.25   10892.25    4726
2022-10-11 21:00:00-04:00  10892.25  10898.25  10871.25  10872.50   10872.50    2926
2022-10-11 21:30:00-04:00  10872.50  10873.00  10846.00  10865.00   10865.00    3854
2022-10-11 22:00:00-04:00  10864.75  10875.75  10840.00  10864.50   10864.50    4090
2022-10-11 22:30:00-04:00  10866.00  10882.75  10856.00  10878.00   10878.00    2391
2022-10-11 23:00:00-04:00  10878.00  10887.25  10869.00  10880.50   10880.50    1984
2022-10-11 23:30:00-04:00  10880.75  10880.75  10861.75  10866.50   10866.50    1553
2022-10-12 00:00:00-04:00  10868.00  10924.25  10868.00  10914.75   10914.75    6063
2022-10-12 00:30:00-04:00  10916.00  10919.50  10898.00  10905.25   10905.25    2874
2022-10-12 01:00:00-04:00  10904.50  10910.00  10883.00  10898.75   10898.75    3040
2022-10-12 01:30:00-04:00  10899.25  10937.25  10893.50  10932.50   10932.50    4154
2022-10-12 02:00:00-04:00  10932.00  10960.00  10913.50  10958.25   10958.25    7353
2022-10-12 02:30:00-04:00  10957.25  10976.75  10936.00  10943.00   10943.00    8921
2022-10-12 03:00:00-04:00  10943.25  10948.50  10887.50  10897.75   10897.75   13138
2022-10-12 03:30:00-04:00  10896.25  10925.50  10874.25  10905.00   10905.00   10799
2022-10-12 04:00:00-04:00  10905.00  10936.25  10898.25  10933.00   10933.00    8829
2022-10-12 04:30:00-04:00  10932.25  10934.25  10906.00  10919.75   10919.75    6115
2022-10-12 05:00:00-04:00  10919.25  10974.00  10908.75  10972.00   10972.00    7458
2022-10-12 05:30:00-04:00  10971.75  10973.50  10938.50  10950.50   10950.50    6638
2022-10-12 06:00:00-04:00  10950.50  10966.75  10925.00  10933.75   10933.75    6639
2022-10-12 06:30:00-04:00  10933.50  10936.75  10910.50  10932.50   10932.50    5600
2022-10-12 07:00:00-04:00  10933.25  10954.25  10923.50  10952.50   10952.50    6122
2022-10-12 07:30:00-04:00  10952.00  10959.75  10931.00  10939.50   10939.50    6793
2022-10-12 08:00:00-04:00  10940.00  10967.75  10933.25  10950.75   10950.75    8977
2022-10-12 08:30:00-04:00  10950.75  10950.75  10852.00  10888.00   10888.00   32134
2022-10-12 09:00:00-04:00  10887.50  10890.00  10843.00  10865.00   10865.00   21521
2022-10-12 09:30:00-04:00  10864.75  10933.25  10805.50  10891.00   10891.00   86422
2022-10-12 10:00:00-04:00  10891.25  10908.25  10810.50  10865.50   10865.50   60610
2022-10-12 10:30:00-04:00  10864.75  10888.75  10807.50  10835.50   10835.50   41838
2022-10-12 11:00:00-04:00  10837.25  10903.25  10831.75  10890.00   10890.00   37772
2022-10-12 11:30:00-04:00  10890.00  10921.75  10866.00  10912.50   10912.50   33410
2022-10-12 12:00:00-04:00  10912.75  10925.25  10856.75  10862.25   10862.25   30678
2022-10-12 12:30:00-04:00  10862.25  10888.75  10842.00  10882.50   10882.50   24553
2022-10-12 13:00:00-04:00  10882.25  10895.25  10860.50  10873.75   10873.75   20725
2022-10-12 13:30:00-04:00  10874.00  10876.25  10837.50  10849.50   10849.50   17946
2022-10-12 14:00:00-04:00  10848.75  10917.25  10830.25  10908.00   10908.00   52574
2022-10-12 14:30:00-04:00  10907.75  10919.25  10850.00  10856.75   10856.75   29699
2022-10-12 15:00:00-04:00  10857.00  10878.50  10836.75  10861.50   10861.50   27391
2022-10-12 15:30:00-04:00  10862.00  10885.25  10835.25  10837.00   10837.00   37664
2022-10-12 16:00:00-04:00  10837.00  10852.00  10833.75  10848.25   10848.25   12742
2022-10-12 16:30:00-04:00  10847.75  10854.00  10845.00  10853.00   10853.00    2074
2022-10-12 18:00:00-04:00  10859.00  10865.25  10849.75  10856.00   10856.00    1003
2022-10-12 18:30:00-04:00  10855.25  10857.25  10851.25  10855.25   10855.25     434
2022-10-12 19:00:00-04:00  10855.25  10861.75  10851.25  10859.75   10859.75     825
2022-10-12 19:30:00-04:00  10859.50  10873.00  10858.75  10869.00   10869.00    1364
2022-10-12 20:00:00-04:00  10868.50  10875.25  10856.50  10867.50   10867.50    2166
2022-10-12 20:30:00-04:00  10867.50  10877.00  10856.75  10872.75   10872.75    1759
2022-10-12 21:00:00-04:00  10873.25  10878.50  10855.50  10860.50   10860.50    1904
2022-10-12 21:30:00-04:00  10860.50  10871.00  10852.25  10858.00   10858.00    2139
2022-10-12 22:00:00-04:00  10858.25  10860.00  10834.75  10839.75   10839.75    2820
2022-10-12 22:30:00-04:00  10839.00  10852.00  10837.50  10846.50   10846.50    1626
2022-10-12 23:00:00-04:00  10846.25  10853.50  10844.00  10851.00   10851.00    1300
2022-10-12 23:30:00-04:00  10850.50  10854.75  10847.00  10850.75   10850.75     943
2022-10-13 00:00:00-04:00  10850.00  10858.00  10844.50  10847.00   10847.00    1396
2022-10-13 00:30:00-04:00  10846.75  10849.50  10837.00  10840.50   10840.50    1068
2022-10-13 01:00:00-04:00  10842.00  10843.50  10825.00  10836.75   10836.75    2105
2022-10-13 01:30:00-04:00  10835.75  10856.25  10827.25  10830.75   10830.75    2836
2022-10-13 02:00:00-04:00  10830.00  10842.50  10821.25  10827.25   10827.25    3725
2022-10-13 02:30:00-04:00  10826.50  10842.75  10823.00  10833.25   10833.25    2150
2022-10-13 03:00:00-04:00  10832.75  10852.75  10803.25  10851.00   10851.00    7939
2022-10-13 03:30:00-04:00  10849.75  10852.25  10826.50  10839.25   10839.25    4174
2022-10-13 04:00:00-04:00  10839.25  10842.75  10823.50  10842.50   10842.50    4089
2022-10-13 04:30:00-04:00  10842.25  10863.50  10837.50  10857.00   10857.00    4896
2022-10-13 05:00:00-04:00  10856.75  10886.00  10856.00  10874.00   10874.00    7309
2022-10-13 05:30:00-04:00  10873.75  10879.00  10855.50  10861.50   10861.50    3787
2022-10-13 06:00:00-04:00  10861.25  10871.75  10854.50  10866.25   10866.25    3077
2022-10-13 06:30:00-04:00  10866.50  10882.25  10861.25  10870.75   10870.75    4515
2022-10-13 07:00:00-04:00  10871.00  10888.25  10864.50  10879.50   10879.50    6011
2022-10-13 07:30:00-04:00  10879.00  10944.00  10875.50  10915.50   10915.50   17974
2022-10-13 08:00:00-04:00  10915.75  10999.00  10903.75  10932.50   10932.50   16235
2022-10-13 08:30:00-04:00  10920.00  10932.50  10502.00  10543.00   10543.00   82293
2022-10-13 09:00:00-04:00  10542.00  10568.00  10497.00  10522.75   10522.75   32759
2022-10-13 09:30:00-04:00  10523.00  10629.75  10484.75  10615.00   10615.00  107218
2022-10-13 10:00:00-04:00  10615.50  10697.00  10596.75  10611.75   10611.75   83210
2022-10-13 10:30:00-04:00  10612.00  10689.25  10604.25  10657.50   10657.50   64011
2022-10-13 11:00:00-04:00  10657.50  11014.50  10642.75  10921.75   10921.75  122425
2022-10-13 11:30:00-04:00  10923.00  11114.75  10895.50  11005.00   11005.00   91308
2022-10-13 12:00:00-04:00  11004.25  11041.25  10914.25  10927.75   10927.75   46691
2022-10-13 12:30:00-04:00  10928.25  10992.75  10918.75  10972.75   10972.75   34477
2022-10-13 13:00:00-04:00  10973.00  11085.25  10973.00  11067.00   11067.00   37660
2022-10-13 13:30:00-04:00  11067.25  11117.25  11048.25  11070.75   11070.75   39447
2022-10-13 14:00:00-04:00  11070.75  11073.75  11006.75  11010.50   11010.50   30638
2022-10-13 14:30:00-04:00  11010.50  11121.50  11010.00  11107.00   11107.00   35293
2022-10-13 15:00:00-04:00  11107.00  11142.75  11082.25  11091.75   11091.75   40337
2022-10-13 15:30:00-04:00  11091.25  11132.00  11053.50  11082.50   11082.50   55769
2022-10-13 16:00:00-04:00  11082.75  11112.75  11060.75  11076.50   11076.50   15614
2022-10-13 16:30:00-04:00  11076.25  11078.25  11064.25  11065.50   11065.50    2612
2022-10-13 18:00:00-04:00  11064.75  11086.25  11057.75  11062.25   11062.25    2039
2022-10-13 18:30:00-04:00  11062.25  11081.00  11061.50  11074.00   11074.00    2785
2022-10-13 19:00:00-04:00  11074.50  11082.00  11068.00  11078.00   11078.00    3473
2022-10-13 19:30:00-04:00  11079.75  11084.25  11064.00  11064.75   11064.75    1968
2022-10-13 20:00:00-04:00  11064.50  11068.25  11021.75  11054.50   11054.50    5985
2022-10-13 20:30:00-04:00  11055.00  11064.75  11046.50  11059.75   11059.75    3019
2022-10-13 21:00:00-04:00  11059.50  11076.00  11053.25  11057.50   11057.50    2604
2022-10-13 21:30:00-04:00  11057.50  11158.75  11057.50  11152.75   11152.75    9365
2022-10-13 22:00:00-04:00  11153.00  11156.50  11136.50  11153.25   11153.25    3836
2022-10-13 22:30:00-04:00  11153.50  11174.00  11134.75  11144.50   11144.50    5213
2022-10-13 23:00:00-04:00  11144.75  11150.00  11132.25  11147.50   11147.50    2124
2022-10-13 23:30:00-04:00  11148.75  11185.00  11145.00  11167.50   11167.50    4083
2022-10-14 00:00:00-04:00  11167.00  11167.25  11152.50  11154.50   11154.50    1843
2022-10-14 00:30:00-04:00  11155.00  11157.50  11141.75  11148.00   11148.00    6691
2022-10-14 01:00:00-04:00  11146.50  11152.25  11136.00  11138.75   11138.75    3444
2022-10-14 01:30:00-04:00  11140.00  11159.50  11132.00  11143.25   11143.25    2953
2022-10-14 02:00:00-04:00  11142.50  11164.50  11126.00  11159.75   11159.75    4511
2022-10-14 02:30:00-04:00  11159.50  11183.00  11147.25  11153.75   11153.75    6167
2022-10-14 03:00:00-04:00  11153.00  11155.50  11085.75  11101.25   11101.25    9574
2022-10-14 03:30:00-04:00  11100.75  11121.25  11070.00  11108.00   11108.00    8875
2022-10-14 04:00:00-04:00  11107.50  11109.25  11033.00  11043.00   11043.00   10408
2022-10-14 04:30:00-04:00  11042.00  11053.50  11005.50  11011.75   11011.75    7369
2022-10-14 05:00:00-04:00  11011.50  11034.75  11000.75  11007.75   11007.75    7101
2022-10-14 05:30:00-04:00  11008.25  11047.25  10988.25  11042.25   11042.25    9817
2022-10-14 06:00:00-04:00  11042.50  11127.75  11037.75  11100.75   11100.75   11308
2022-10-14 06:30:00-04:00  11102.00  11120.00  11080.75  11112.00   11112.00    9146
2022-10-14 07:00:00-04:00  11112.50  11125.00  11089.50  11101.75   11101.75    6927
2022-10-14 07:30:00-04:00  11101.50  11102.25  11027.25  11028.00   11028.00   11825
2022-10-14 08:00:00-04:00  11028.00  11092.50  11026.75  11072.00   11072.00   11249
2022-10-14 08:30:00-04:00  11071.25  11253.50  11038.25  11220.00   11220.00   39117
2022-10-14 09:00:00-04:00  11220.00  11226.50  11160.75  11181.50   11181.50   27979
2022-10-14 09:30:00-04:00  11181.25  11207.50  11031.00  11050.50   11050.50   93497
2022-10-14 10:00:00-04:00  11052.50  11054.25  10860.00  10922.50   10922.50   88618
2022-10-14 10:30:00-04:00  10918.00  10948.50  10852.75  10917.00   10917.00   52482
2022-10-14 11:00:00-04:00  10917.25  10971.50  10862.00  10920.25   10920.25   43554
2022-10-14 11:30:00-04:00  10920.75  10921.00  10826.50  10832.75   10832.75   36458
2022-10-14 12:00:00-04:00  10833.25  10875.25  10783.25  10834.00   10834.00   41602
2022-10-14 12:30:00-04:00  10834.00  10864.25  10807.50  10819.50   10819.50   25635
2022-10-14 13:00:00-04:00  10819.50  10852.00  10793.50  10823.75   10823.75   23897
2022-10-14 13:30:00-04:00  10824.25  10853.00  10817.50  10850.50   10850.50   20996
2022-10-14 14:00:00-04:00  10851.00  10851.50  10770.50  10790.50   10790.50   26841
2022-10-14 14:30:00-04:00  10789.25  10801.25  10767.25  10800.25   10800.25   25937
2022-10-14 15:00:00-04:00  10800.50  10824.50  10759.00  10788.25   10788.25   31869
2022-10-14 15:30:00-04:00  10788.75  10809.25  10726.75  10748.00   10748.00   58850
2022-10-14 16:00:00-04:00  10748.00  10765.75  10741.50  10750.25   10750.25   17830
2022-10-14 16:30:00-04:00  10750.25  10756.00  10745.00  10746.25   10746.25    2174