                               Open      High       Low     Close  Adj Close  Volume
Datetime                                                                            
2023-01-03 10:30:00-05:00  10955.00  10978.00  10929.25  10974.50   10974.50    7357
2023-01-03 11:00:00-05:00  10975.25  10986.00  10890.75  10913.75   10913.75   43573
2023-01-03 11:30:00-05:00  10914.25  10915.00  10858.50  10872.75   10872.75   30179
2023-01-03 12:00:00-05:00  10873.75  10896.00  10853.00  10874.50   10874.50   23050
2023-01-03 12:30:00-05:00  10874.75  10907.75  10844.75  10871.00   10871.00   27846
2023-01-03 13:00:00-05:00  10871.50  10906.00  10852.00  10900.25   10900.25   25019
2023-01-03 13:30:00-05:00  10900.50  10919.75  10882.50  10914.75   10914.75   23701
2023-01-03 14:00:00-05:00  10915.00  10929.25  10892.50  10903.50   10903.50   25322
2023-01-03 14:30:00-05:00  10903.75  10963.25  10870.75  10938.00   10938.00   38422
2023-01-03 15:00:00-05:00  10938.00  10973.00  10927.50  10943.25   10943.25   33032
2023-01-03 15:30:00-05:00  10943.50  10964.25  10932.75  10943.25   10943.25   38146
2023-01-03 16:00:00-05:00  10943.00  10946.25  10921.75  10941.00   10941.00   10041
2023-01-03 16:30:00-05:00  10941.25  10947.25  10932.75  10941.00   10941.00    1795
2023-01-03 18:00:00-05:00  10941.25  10944.75  10920.25  10944.75   10944.75    1031
2023-01-03 18:30:00-05:00  10944.25  10950.25  10936.00  10949.50   10949.50    1132
2023-01-03 19:00:00-05:00  10949.50  10962.25  10945.75  10961.75   10961.75    1733
2023-01-03 19:30:00-05:00  10961.75  10963.25  10946.75  10950.50   10950.50    1823
2023-01-03 20:00:00-05:00  10950.25  10974.00  10948.50  10972.50   10972.50    2394
2023-01-03 20:30:00-05:00  10972.50  10985.25  10969.25  10977.50   10977.50    2095
2023-01-03 21:00:00-05:00  10978.75  10983.75  10971.25  10973.25   10973.25    1121
2023-01-03 21:30:00-05:00  10973.50  10977.50  10957.25  10957.75   10957.75    1859
2023-01-03 22:00:00-05:00  10958.50  10975.00  10957.25  10969.25   10969.25    1553
2023-01-03 22:30:00-05:00  10968.75  10970.25  10953.00  10965.25   10965.25    1921
2023-01-03 23:00:00-05:00  10966.00  10974.25  10963.25  10966.25   10966.25    1215
2023-01-03 23:30:00-05:00  10966.00  10983.50  10965.75  10983.25   10983.25    1328
2023-01-04 00:00:00-05:00  10983.50  10986.00  10972.25  10973.25   10973.25    1369
2023-01-04 00:30:00-05:00  10973.25  10981.00  10968.50  10977.75   10977.75    1021
2023-01-04 01:00:00-05:00  10977.25  10983.25  10972.25  10978.50   10978.50    1123
2023-01-04 01:30:00-05:00  10978.50  10984.00  10965.00  10982.50   10982.50    1310
2023-01-04 02:00:00-05:00  10982.25  10985.50  10977.75  10983.25   10983.25    1600
2023-01-04 02:30:00-05:00  10983.25  11004.00  10976.75  10997.50   10997.50    3064
2023-01-04 03:00:00-05:00  10997.75  11048.75  10994.50  11045.25   11045.25    8167
2023-01-04 03:30:00-05:00  11045.00  11051.25  11018.75  11019.25   11019.25    5352
2023-01-04 04:00:00-05:00  11019.75  11023.75  10998.75  11002.00   11002.00    5892
2023-01-04 04:30:00-05:00  11002.00  11015.00  10994.25  11003.00   11003.00    4769
2023-01-04 05:00:00-05:00  11004.00  11024.75  11003.25  11014.00   11014.00    3720
2023-01-04 05:30:00-05:00  11014.75  11018.00  10972.75  10995.25   10995.25    5131
2023-01-04 06:00:00-05:00  10995.00  11020.50  10993.25  11011.50   11011.50    3824
2023-01-04 06:30:00-05:00  11011.50  11028.50  11006.50  11010.25   11010.25    3838
2023-01-04 07:00:00-05:00  11011.00  11012.25  10989.25  10995.75   10995.75    4616
2023-01-04 07:30:00-05:00  10995.25  11009.50  10972.75  10991.00   10991.00    6027
2023-01-04 08:00:00-05:00  10991.50  11048.00  10986.75  11032.50   11032.50    9571
2023-01-04 08:30:00-05:00  11033.00  11042.25  11012.50  11024.75   11024.75    9948
2023-01-04 09:00:00-05:00  11024.25  11036.50  11004.75  11033.50   11033.50   12158
2023-01-04 09:30:00-05:00  11033.50  11046.50  10954.75  10980.50   10980.50   91645
2023-01-04 10:00:00-05:00  10981.50  11017.75  10863.50  10913.50   10913.50   87205
2023-01-04 10:30:00-05:00  10912.75  10968.00  10876.00  10965.00   10965.00   45607
2023-01-04 11:00:00-05:00  10965.00  10997.25  10941.00  10992.25   10992.25   36112
2023-01-04 11:30:00-05:00  10992.25  11068.50  10992.25  11047.25   11047.25   49184
2023-01-04 12:00:00-05:00  11047.00  11058.25  11028.00  11040.75   11040.75   25362
2023-01-04 12:30:00-05:00  11041.00  11059.50  11002.75  11003.50   11003.50   20505
2023-01-04 13:00:00-05:00  11003.75  11033.25  10976.25  11025.00   11025.00   29575
2023-01-04 13:30:00-05:00  11025.00  11045.50  11004.75  11013.00   11013.00   18233
2023-01-04 14:00:00-05:00  11016.25  11064.00  10905.25  10913.00   10913.00   78301
2023-01-04 14:30:00-05:00  10913.50  10997.50  10901.50  10993.25   10993.25   46496
2023-01-04 15:00:00-05:00  10994.25  11021.75  10955.75  10958.00   10958.00   42188
2023-01-04 15:30:00-05:00  10957.25  11003.75  10906.25  10995.75   10995.75   53979
2023-01-04 16:00:00-05:00  10995.50  11004.50  10979.25  10981.25   10981.25   12182
2023-01-04 16:30:00-05:00  10981.50  10984.50  10973.25  10983.75   10983.75    2286
2023-01-04 18:00:00-05:00  10988.50  10998.50  10986.25  10997.00   10997.00    1624
2023-01-04 18:30:00-05:00  10997.50  11006.50  10996.25  10996.25   10996.25    1439
2023-01-04 19:00:00-05:00  10996.25  10999.25  10986.00  10998.75   10998.75    1631
2023-01-04 19:30:00-05:00  10999.00  10999.00  10981.00  10982.25   10982.25    1615
2023-01-04 20:00:00-05:00  10982.00  10995.75  10976.00  10991.50   10991.50    1906
2023-01-04 20:30:00-05:00  10991.75  10995.00  10979.50  10980.50   10980.50    1704
2023-01-04 21:00:00-05:00  10980.25  10981.00  10938.25  10942.25   10942.25    3425
2023-01-04 21:30:00-05:00  10941.25  10956.75  10934.00  10953.00   10953.00    1917
2023-01-04 22:00:00-05:00  10952.75  10963.25  10945.00  10951.75   10951.75    1522
2023-01-04 22:30:00-05:00  10952.50  10958.50  10940.25  10952.50   10952.50    1483
2023-01-04 23:00:00-05:00  10952.75  10973.00  10952.50  10972.25   10972.25    1737
2023-01-04 23:30:00-05:00  10972.25  10987.50  10972.00  10983.50   10983.50    1729
2023-01-05 00:00:00-05:00  10983.75  10990.00  10974.75  10978.00   10978.00    1245
2023-01-05 00:30:00-05:00  10978.50  10985.00  10976.25  10982.75   10982.75     960
2023-01-05 01:00:00-05:00  10982.75  10993.00  10976.75  10982.50   10982.50    1548
2023-01-05 01:30:00-05:00  10981.50  10982.75  10951.75  10951.75   10951.75    1731
2023-01-05 02:00:00-05:00  10954.00  10967.00  10952.50  10960.75   10960.75    2097
2023-01-05 02:30:00-05:00  10960.50  10969.50  10942.00  10952.00   10952.00    2913
2023-01-05 03:00:00-05:00  10952.25  10976.00  10948.00  10966.00   10966.00    4866
2023-01-05 03:30:00-05:00  10966.25  10966.50  10932.00  10962.25   10962.25    4689
2023-01-05 04:00:00-05:00  10962.00  10983.75  10945.00  10975.25   10975.25    5142
2023-01-05 04:30:00-05:00  10975.25  10984.50  10961.75  10984.50   10984.50    3395
2023-01-05 05:00:00-05:00  10984.50  11008.50  10976.75  10996.50   10996.50    4591
2023-01-05 05:30:00-05:00  10996.25  11016.50  10993.75  11003.00   11003.00    3486
2023-01-05 06:00:00-05:00  11003.75  11034.00  11003.75  11022.75   11022.75    4166
2023-01-05 06:30:00-05:00  11023.50  11040.25  11016.50  11024.50   11024.50    3536
2023-01-05 07:00:00-05:00  11024.50  11036.25  11015.00  11026.25   11026.25    4096
2023-01-05 07:30:00-05:00  11027.00  11046.75  11003.25  11007.75   11007.75    6576
2023-01-05 08:00:00-05:00  11007.75  11024.00  10950.75  10966.00   10966.00   14659
2023-01-05 08:30:00-05:00  10965.25  10968.50  10913.00  10929.00   10929.00   18285
2023-01-05 09:00:00-05:00  10929.25  10930.00  10889.00  10923.00   10923.00   17072
2023-01-05 09:30:00-05:00  10922.75  10924.75  10815.00  10868.25   10868.25   89224
2023-01-05 10:00:00-05:00  10868.50  10927.25  10846.00  10872.75   10872.75   73227
2023-01-05 10:30:00-05:00  10872.50  10879.75  10834.50  10842.25   10842.25   43619
2023-01-05 11:00:00-05:00  10841.75  10881.75  10830.75  10848.25   10848.25   37093
2023-01-05 11:30:00-05:00  10848.00  10885.00  10841.75  10853.50   10853.50   31263
2023-01-05 12:00:00-05:00  10854.00  10885.00  10835.00  10855.75   10855.75   30135
2023-01-05 12:30:00-05:00  10856.00  10879.50  10833.50  10835.50   10835.50   24828
2023-01-05 13:00:00-05:00  10835.75  10909.75  10820.75  10884.00   10884.00   46695
2023-01-05 13:30:00-05:00  10883.75  10913.50  10865.75  10873.00   10873.00   33490
2023-01-05 14:00:00-05:00  10873.75  10885.75  10858.00  10860.50   10860.50   25598
2023-01-05 14:30:00-05:00  10860.75  10912.50  10859.50  10878.25   10878.25   29180
2023-01-05 15:00:00-05:00  10878.50  10878.75  10829.00  10836.25   10836.25   32314
2023-01-05 15:30:00-05:00  10836.25  10844.25  10805.00  10820.50   10820.50   52328
2023-01-05 16:00:00-05:00  10820.00  10836.50  10816.00  10834.75   10834.75   10713
2023-01-05 16:30:00-05:00  10834.50  10840.00  10833.00  10837.25   10837.25    2116
2023-01-05 18:00:00-05:00  10838.75  10843.50  10829.50  10839.25   10839.25    1107
2023-01-05 18:30:00-05:00  10839.00  10848.00  10836.50  10839.25   10839.25    1103
2023-01-05 19:00:00-05:00  10839.25  10849.50  10838.50  10848.00   10848.00    1369
2023-01-05 19:30:00-05:00  10848.50  10853.00  10846.50  10851.25   10851.25    1139
2023-01-05 20:00:00-05:00  10852.00  10857.25  10846.25  10850.75   10850.75    1333
2023-01-05 20:30:00-05:00  10850.75  10868.00  10850.75  10864.00   10864.00    2072
2023-01-05 21:00:00-05:00  10864.00  10868.00  10862.00  10866.50   10866.50     929
2023-01-05 21:30:00-05:00  10866.25  10868.50  10862.25  10865.50   10865.50     842
2023-01-05 22:00:00-05:00  10865.75  10881.75  10864.00  10879.25   10879.25    1652
2023-01-05 22:30:00-05:00  10880.00  10885.75  10868.50  10869.50   10869.50    1829
2023-01-05 23:00:00-05:00  10870.00  10874.50  10864.00  10868.50   10868.50    1054
2023-01-05 23:30:00-05:00  10868.75  10878.50  10867.25  10876.00   10876.00     718
2023-01-06 00:00:00-05:00  10874.50  10874.50  10853.00  10855.25   10855.25    1324
2023-01-06 00:30:00-05:00  10855.75  10856.75  10843.25  10849.00   10849.00    1714
2023-01-06 01:00:00-05:00  10849.25  10856.25  10843.50  10844.50   10844.50    1140
2023-01-06 01:30:00-05:00  10844.50  10855.00  10843.50  10849.25   10849.25     894
2023-01-06 02:00:00-05:00  10849.50  10864.25  10831.00  10831.75   10831.75    2713
2023-01-06 02:30:00-05:00  10832.00  10838.75  10817.75  10819.75   10819.75    2681
2023-01-06 03:00:00-05:00  10819.75  10835.25  10811.00  10828.50   10828.50    5642
2023-01-06 03:30:00-05:00  10828.50  10833.75  10818.50  10828.25   10828.25    2983
2023-01-06 04:00:00-05:00  10828.00  10829.25  10781.25  10788.75   10788.75    6089
2023-01-06 04:30:00-05:00  10789.00  10805.50  10778.00  10803.75   10803.75    4076
2023-01-06 05:00:00-05:00  10803.50  10826.00  10792.25  10805.75   10805.75    4080
2023-01-06 05:30:00-05:00  10806.25  10822.25  10789.75  10791.00   10791.00    3787
2023-01-06 06:00:00-05:00  10790.50  10813.00  10788.50  10802.50   10802.50    3720
2023-01-06 06:30:00-05:00  10803.25  10808.50  10782.75  10792.50   10792.50    3568
2023-01-06 07:00:00-05:00  10792.75  10798.25  10778.50  10794.00   10794.00    3980
2023-01-06 07:30:00-05:00  10793.75  10807.25  10785.75  10795.25   10795.25    5008
2023-01-06 08:00:00-05:00  10795.75  10796.75  10751.00  10766.50   10766.50   11008
2023-01-06 08:30:00-05:00  10763.75  10969.25  10761.50  10943.50   10943.50   56529
2023-01-06 09:00:00-05:00  10942.75  10950.75  10869.25  10891.00   10891.00   26363
2023-01-06 09:30:00-05:00  10891.00  10945.00  10766.25  10814.50   10814.50  105203
2023-01-06 10:00:00-05:00  10815.50  10942.75  10815.50  10891.75   10891.75   76026
2023-01-06 10:30:00-05:00  10892.25  10999.50  10887.75  10986.25   10986.25   58285
2023-01-06 11:00:00-05:00  10986.75  11022.25  10969.75  10986.25   10986.25   46237
2023-01-06 11:30:00-05:00  10986.50  11043.50  10970.75  11023.75   11023.75   37419
2023-01-06 12:00:00-05:00  11024.00  11039.25  11007.75  11021.00   11021.00   26409
2023-01-06 12:30:00-05:00  11020.75  11029.50  10997.50  11013.00   11013.00   17704
2023-01-06 13:00:00-05:00  11013.00  11046.50  11008.25  11042.50   11042.50   19684
2023-01-06 13:30:00-05:00  11042.50  11076.25  11042.00  11072.50   11072.50   24718
2023-01-06 14:00:00-05:00  11073.00  11125.25  11070.00  11107.50   11107.50   32073
2023-01-06 14:30:00-05:00  11107.50  11149.25  11104.75  11138.50   11138.50   24245
2023-01-06 15:00:00-05:00  11138.75  11165.75  11129.50  11133.25   11133.25   29206
2023-01-06 15:30:00-05:00  11133.00  11153.50  11106.50  11113.75   11113.75   49881
2023-01-06 16:00:00-05:00  11113.75  11120.00  11093.75  11104.00   11104.00   14503
2023-01-06 16:30:00-05:00  11104.75  11110.00  11101.00  11108.75   11108.75    2490
2023-01-08 18:00:00-05:00  11126.50  11160.75  11123.25  11139.25   11139.25    3746
2023-01-08 18:30:00-05:00  11139.50  11152.50  11134.50  11142.75   11142.75    1830
2023-01-08 19:00:00-05:00  11143.25  11150.25  11123.50  11127.25   11127.25    2405
2023-01-08 19:30:00-05:00  11127.00  11152.75  11125.25  11151.00   11151.00    2757
2023-01-08 20:00:00-05:00  11151.00  11152.50  11136.75  11138.75   11138.75    2261
2023-01-08 20:30:00-05:00  11139.00  11145.75  11131.00  11138.25   11138.25    1912
2023-01-08 21:00:00-05:00  11138.50  11151.50  11138.25  11145.00   11145.00    1330
2023-01-08 21:30:00-05:00  11145.50  11151.25  11141.50  11145.75   11145.75    1180
2023-01-08 22:00:00-05:00  11146.00  11147.75  11137.75  11142.75   11142.75     948
2023-01-08 22:30:00-05:00  11143.25  11149.00  11143.25  11147.75   11147.75     786
2023-01-08 23:00:00-05:00  11147.25  11160.25  11145.75  11160.25   11160.25    1036
2023-01-08 23:30:00-05:00  11160.25  11178.00  11155.75  11174.00   11174.00    2921
2023-01-09 00:00:00-05:00  11173.75  11174.75  11164.75  11170.00   11170.00    1251
2023-01-09 00:30:00-05:00  11169.75  11172.25  11160.00  11167.00   11167.00    1199
2023-01-09 01:00:00-05:00  11167.50  11168.50  11156.50  11162.00   11162.00    1259
2023-01-09 01:30:00-05:00  11161.50  11163.75  11151.75  11159.25   11159.25    1482
2023-01-09 02:00:00-05:00  11159.75  11168.25  11146.50  11154.25   11154.25    3121
2023-01-09 02:30:00-05:00  11154.75  11160.00  11124.00  11131.50   11131.50    4010
2023-01-09 03:00:00-05:00  11130.75  11151.50  11120.25  11148.00   11148.00    6439
2023-01-09 03:30:00-05:00  11148.50  11148.75  11122.50  11128.25   11128.25    4524
2023-01-09 04:00:00-05:00  11128.50  11174.75  11126.00  11165.25   11165.25    5248
2023-01-09 04:30:00-05:00  11165.75  11187.00  11161.75  11165.25   11165.25    5116
2023-01-09 05:00:00-05:00  11165.75  11178.00  11156.25  11168.25   11168.25    4993
2023-01-09 05:30:00-05:00  11167.50  11168.50  11151.25  11160.50   11160.50    3001
2023-01-09 06:00:00-05:00  11161.75  11169.75  11141.00  11148.75   11148.75    3647
2023-01-09 06:30:00-05:00  11148.50  11158.00  11144.00  11150.75   11150.75    2392
2023-01-09 07:00:00-05:00  11150.25  11167.75  11148.00  11163.00   11163.00    3079
2023-01-09 07:30:00-05:00  11163.00  11185.75  11159.75  11171.00   11171.00    4472
2023-01-09 08:00:00-05:00  11171.00  11184.50  11146.50  11184.00   11184.00    7238
2023-01-09 08:30:00-05:00  11183.75  11197.25  11172.25  11175.00   11175.00   10227
2023-01-09 09:00:00-05:00  11175.00  11205.25  11170.50  11199.75   11199.75   12916
2023-01-09 09:30:00-05:00  11200.00  11311.75  11194.75  11310.50   11310.50   88698
2023-01-09 10:00:00-05:00  11310.75  11325.00  11280.00  11300.50   11300.50   55838
2023-01-09 10:30:00-05:00  11301.00  11364.00  11301.00  11335.00   11335.00   46270
2023-01-09 11:00:00-05:00  11335.50  11385.50  11334.00  11373.50   11373.50   34743
2023-01-09 11:30:00-05:00  11373.75  11381.50  11350.00  11370.25   11370.25   26721
2023-01-09 12:00:00-05:00  11370.25  11373.75  11350.00  11369.50   11369.50   22540
2023-01-09 12:30:00-05:00  11369.50  11372.75  11331.00  11354.75   11354.75   26622
2023-01-09 13:00:00-05:00  11354.75  11367.25  11336.75  11359.00   11359.00   20646
2023-01-09 13:30:00-05:00  11359.25  11360.25  11264.00  11282.50   11282.50   41178
2023-01-09 14:00:00-05:00  11282.75  11308.75  11265.25  11300.25   11300.25   32981
2023-01-09 14:30:00-05:00  11300.00  11305.75  11220.25  11226.50   11226.50   32786
2023-01-09 15:00:00-05:00  11226.75  11238.75  11203.00  11215.25   11215.25   35241
2023-01-09 15:30:00-05:00  11215.25  11220.00  11159.75  11187.50   11187.50   53450
2023-01-09 16:00:00-05:00  11187.50  11191.25  11171.50  11181.75   11181.75   11039
2023-01-09 16:30:00-05:00  11181.75  11186.25  11174.25  11184.75   11184.75    1845
2023-01-09 18:00:00-05:00  11184.75  11187.00  11175.00  11182.75   11182.75    1171
2023-01-09 18:30:00-05:00  11182.75  11184.00  11166.00  11173.75   11173.75    1470
2023-01-09 19:00:00-05:00  11174.25  11176.25  11142.75  11150.00   11150.00    3228
2023-01-09 19:30:00-05:00  11149.25  11157.75  11144.00  11154.25   11154.25    1470
2023-01-09 20:00:00-05:00  11153.75  11170.75  11153.00  11169.50   11169.50    2110
2023-01-09 20:30:00-05:00  11169.00  11179.00  11157.50  11174.25   11174.25    1832
2023-01-09 21:00:00-05:00  11175.00  11178.00  11155.50  11157.50   11157.50    1728
2023-01-09 21:30:00-05:00  11157.75  11157.75  11125.00  11142.25   11142.25    3432
2023-01-09 22:00:00-05:00  11142.25  11154.75  11136.00  11151.25   11151.25    1774
2023-01-09 22:30:00-05:00  11151.50  11152.00  11130.00  11143.25   11143.25    1982
2023-01-09 23:00:00-05:00  11142.75  11149.00  11140.00  11146.00   11146.00    1065
2023-01-09 23:30:00-05:00  11145.75  11147.00  11139.75  11146.00   11146.00     646
2023-01-10 00:00:00-05:00  11145.25  11159.50  11145.25  11159.50   11159.50    1386
2023-01-10 00:30:00-05:00  11159.50  11166.75  11154.00  11160.50   11160.50    1433
2023-01-10 01:00:00-05:00  11160.50  11172.50  11160.25  11166.25   11166.25    1355
2023-01-10 01:30:00-05:00  11166.25  11173.00  11153.50  11169.50   11169.50    2018
2023-01-10 02:00:00-05:00  11169.50  11174.25  11151.25  11159.50   11159.50    2599
2023-01-10 02:30:00-05:00  11159.25  11173.00  11157.00  11160.00   11160.00    2129
2023-01-10 03:00:00-05:00  11160.00  11186.50  11155.25  11173.25   11173.25    4839
2023-01-10 03:30:00-05:00  11172.50  11184.75  11167.25  11171.75   11171.75    4500
2023-01-10 04:00:00-05:00  11172.00  11178.00  11155.75  11173.50   11173.50    5040
2023-01-10 04:30:00-05:00  11174.00  11189.50  11170.00  11189.00   11189.00    2574
2023-01-10 05:00:00-05:00  11188.25  11195.75  11176.25  11186.75   11186.75    2592
2023-01-10 05:30:00-05:00  11187.75  11205.75  11187.25  11196.50   11196.50    4373
2023-01-10 06:00:00-05:00  11197.00  11200.00  11161.75  11169.25   11169.25    3873
2023-01-10 06:30:00-05:00  11169.75  11171.75  11136.75  11147.25   11147.25    5058
2023-01-10 07:00:00-05:00  11147.75  11149.50  11094.00  11113.00   11113.00   10443
2023-01-10 07:30:00-05:00  11112.25  11121.25  11097.00  11117.75   11117.75    5724
2023-01-10 08:00:00-05:00  11116.75  11132.00  11101.75  11102.00   11102.00    7632
2023-01-10 08:30:00-05:00  11102.25  11130.00  11096.50  11128.00   11128.00    9430
2023-01-10 09:00:00-05:00  11127.75  11176.00  11117.75  11143.00   11143.00   24356
2023-01-10 09:30:00-05:00  11143.00  11246.00  11138.00  11210.25   11210.25   95140
2023-01-10 10:00:00-05:00  11211.25  11283.25  11182.25  11208.00   11208.00   54924