                               Open      High       Low     Close  Adj Close  Volume
Datetime                                                                            
2022-12-02 10:30:00-05:00  11925.50  11948.00  11903.25  11903.75   11903.75    5216
2022-12-02 11:00:00-05:00  11904.00  11935.75  11878.75  11932.00   11932.00   27440
2022-12-02 11:30:00-05:00  11931.75  11978.50  11918.25  11943.00   11943.00   32892
2022-12-02 12:00:00-05:00  11943.50  11980.00  11934.50  11941.75   11941.75   22783
2022-12-02 12:30:00-05:00  11941.75  11948.25  11915.25  11922.25   11922.25   18431
2022-12-02 13:00:00-05:00  11922.50  11934.50  11896.75  11927.25   11927.25   18080
2022-12-02 13:30:00-05:00  11927.75  11946.25  11917.75  11936.25   11936.25   14620
2022-12-02 14:00:00-05:00  11936.50  11943.50  11913.00  11936.00   11936.00   17337
2022-12-02 14:30:00-05:00  11936.25  11990.50  11926.75  11988.25   11988.25   22324
2022-12-02 15:00:00-05:00  11988.50  12047.50  11982.25  12011.75   12011.75   38458
2022-12-02 15:30:00-05:00  12011.75  12019.25  11970.75  12013.50   12013.50   40520
2022-12-02 16:00:00-05:00  12013.75  12014.50  11990.25  11991.75   11991.75    9866
2022-12-02 16:30:00-05:00  11991.75  11993.25  11977.00  11979.00   11979.00    2679
2022-12-04 18:00:00-05:00  12000.50  12015.75  11981.25  11991.25   11991.25    2944
2022-12-04 18:30:00-05:00  11990.75  12005.75  11984.00  12001.50   12001.50    1876
2022-12-04 19:00:00-05:00  12001.75  12009.25  11989.50  12003.00   12003.00    2098
2022-12-04 19:30:00-05:00  12002.50  12009.50  11991.00  11991.25   11991.25    1598
2022-12-04 20:00:00-05:00  11991.75  11999.00  11984.25  11993.25   11993.25    2037
2022-12-04 20:30:00-05:00  11994.00  11997.75  11981.25  11984.25   11984.25    1740
2022-12-04 21:00:00-05:00  11983.75  11993.25  11983.25  11991.25   11991.25     809
2022-12-04 21:30:00-05:00  11991.00  11996.50  11990.50  11991.25   11991.25     746
2022-12-04 22:00:00-05:00  11991.75  11995.75  11986.50  11994.75   11994.75     640
2022-12-04 22:30:00-05:00  11993.75  11998.50  11992.75  11996.75   11996.75     638
2022-12-04 23:00:00-05:00  11997.50  11997.75  11989.25  11989.50   11989.50     648
2022-12-04 23:30:00-05:00  11990.50  11992.75  11985.25  11992.00   11992.00     616
2022-12-05 00:00:00-05:00  11991.50  11992.00  11985.75  11991.50   11991.50     600
2022-12-05 00:30:00-05:00  11992.00  11996.00  11989.50  11995.50   11995.50     824
2022-12-05 01:00:00-05:00  11995.50  11995.75  11981.75  11986.00   11986.00    1377
2022-12-05 01:30:00-05:00  11987.00  11996.75  11977.50  11996.25   11996.25    1558
2022-12-05 02:00:00-05:00  11996.00  11996.00  11958.00  11964.50   11964.50    3493
2022-12-05 02:30:00-05:00  11965.00  11976.50  11958.50  11966.75   11966.75    2372
2022-12-05 03:00:00-05:00  11967.25  11985.00  11942.50  11969.75   11969.75    8433
2022-12-05 03:30:00-05:00  11969.25  11992.50  11965.50  11992.50   11992.50    3584
2022-12-05 04:00:00-05:00  11992.25  11993.00  11953.00  11981.00   11981.00    4167
2022-12-05 04:30:00-05:00  11981.00  11987.50  11973.75  11980.00   11980.00    2948
2022-12-05 05:00:00-05:00  11979.25  11986.50  11967.00  11973.50   11973.50    2572
2022-12-05 05:30:00-05:00  11972.50  11978.50  11968.50  11970.75   11970.75    2657
2022-12-05 06:00:00-05:00  11971.00  11985.25  11969.00  11980.25   11980.25    2187
2022-12-05 06:30:00-05:00  11979.75  11995.75  11975.00  11994.25   11994.25    2540
2022-12-05 07:00:00-05:00  11993.50  11998.50  11958.00  11961.25   11961.25    4322
2022-12-05 07:30:00-05:00  11960.75  11964.50  11951.25  11963.00   11963.00    4103
2022-12-05 08:00:00-05:00  11962.75  11966.50  11941.50  11963.75   11963.75    7113
2022-12-05 08:30:00-05:00  11964.25  11969.25  11920.50  11927.50   11927.50   10115
2022-12-05 09:00:00-05:00  11927.75  11938.50  11918.75  11920.25   11920.25   10020
2022-12-05 09:30:00-05:00  11920.00  11972.25  11911.75  11933.00   11933.00   51831
2022-12-05 10:00:00-05:00  11931.50  11931.50  11864.25  11884.50   11884.50   55434
2022-12-05 10:30:00-05:00  11884.25  11932.50  11861.75  11922.50   11922.50   35059
2022-12-05 11:00:00-05:00  11922.50  11951.00  11883.50  11890.50   11890.50   30748
2022-12-05 11:30:00-05:00  11890.50  11892.50  11842.25  11847.75   11847.75   34308
2022-12-05 12:00:00-05:00  11847.75  11872.75  11834.25  11858.75   11858.75   23988
2022-12-05 12:30:00-05:00  11858.75  11864.25  11815.25  11819.75   11819.75   26017
2022-12-05 13:00:00-05:00  11820.00  11844.75  11811.00  11832.50   11832.50   22310
2022-12-05 13:30:00-05:00  11833.00  11848.25  11781.00  11783.25   11783.25   26003
2022-12-05 14:00:00-05:00  11783.00  11802.00  11772.50  11776.00   11776.00   26080
2022-12-05 14:30:00-05:00  11776.00  11776.00  11745.50  11768.50   11768.50   25845
2022-12-05 15:00:00-05:00  11768.00  11779.25  11753.50  11759.00   11759.00   22834
2022-12-05 15:30:00-05:00  11759.50  11809.25  11758.75  11802.75   11802.75   46053
2022-12-05 16:00:00-05:00  11802.50  11813.75  11791.00  11801.50   11801.50   11549
2022-12-05 16:30:00-05:00  11800.75  11813.50  11798.25  11813.50   11813.50    1809
2022-12-05 18:00:00-05:00  11812.00  11829.75  11796.75  11825.50   11825.50    3155
2022-12-05 18:30:00-05:00  11825.00  11827.25  11818.50  11820.00   11820.00    1028
2022-12-05 19:00:00-05:00  11820.00  11834.75  11820.00  11831.75   11831.75    1649
2022-12-05 19:30:00-05:00  11832.25  11835.75  11821.00  11828.75   11828.75    1783
2022-12-05 20:00:00-05:00  11829.50  11842.50  11827.25  11834.75   11834.75    2408
2022-12-05 20:30:00-05:00  11834.75  11844.00  11829.50  11833.00   11833.00    1850
2022-12-05 21:00:00-05:00  11832.00  11841.50  11827.25  11827.50   11827.50    1625
2022-12-05 21:30:00-05:00  11828.00  11829.75  11820.25  11822.50   11822.50    1789
2022-12-05 22:00:00-05:00  11823.00  11828.00  11819.50  11820.75   11820.75    1153
2022-12-05 22:30:00-05:00  11821.50  11823.50  11811.50  11823.00   11823.00    1481
2022-12-05 23:00:00-05:00  11823.00  11824.00  11813.00  11816.50   11816.50    1011
2022-12-05 23:30:00-05:00  11816.00  11817.50  11803.00  11806.25   11806.25    1195
2022-12-06 00:00:00-05:00  11805.50  11812.25  11802.00  11803.75   11803.75    1647
2022-12-06 00:30:00-05:00  11804.25  11805.50  11795.25  11803.00   11803.00    1587
2022-12-06 01:00:00-05:00  11803.50  11803.75  11788.25  11791.75   11791.75    1495
2022-12-06 01:30:00-05:00  11792.25  11801.75  11790.50  11798.50   11798.50    1227
2022-12-06 02:00:00-05:00  11798.00  11800.25  11781.00  11796.00   11796.00    2573
2022-12-06 02:30:00-05:00  11795.75  11808.00  11794.00  11798.25   11798.25    2026
2022-12-06 03:00:00-05:00  11799.00  11827.25  11791.75  11801.75   11801.75    5656
2022-12-06 03:30:00-05:00  11802.00  11839.00  11781.50  11832.75   11832.75    6983
2022-12-06 04:00:00-05:00  11832.50  11837.50  11818.75  11833.25   11833.25    3928
2022-12-06 04:30:00-05:00  11833.25  11838.00  11813.00  11814.75   11814.75    3671
2022-12-06 05:00:00-05:00  11814.25  11823.00  11792.00  11794.75   11794.75    3800
2022-12-06 05:30:00-05:00  11794.25  11826.00  11789.50  11816.50   11816.50    3971
2022-12-06 06:00:00-05:00  11816.75  11820.00  11804.50  11817.00   11817.00    2399
2022-12-06 06:30:00-05:00  11816.75  11832.50  11815.50  11829.75   11829.75    3071
2022-12-06 07:00:00-05:00  11829.50  11846.25  11825.25  11842.25   11842.25    4268
2022-12-06 07:30:00-05:00  11842.25  11845.75  11819.75  11820.75   11820.75    3778
2022-12-06 08:00:00-05:00  11820.50  11826.75  11789.25  11824.50   11824.50    9580
2022-12-06 08:30:00-05:00  11824.25  11833.00  11797.25  11821.25   11821.25    7709
2022-12-06 09:00:00-05:00  11821.50  11829.50  11796.50  11799.25   11799.25    8334
2022-12-06 09:30:00-05:00  11799.00  11805.75  11663.75  11664.75   11664.75   79998
2022-12-06 10:00:00-05:00  11664.50  11674.50  11611.00  11630.25   11630.25   66757
2022-12-06 10:30:00-05:00  11630.25  11644.75  11589.25  11611.75   11611.75   50856
2022-12-06 11:00:00-05:00  11611.50  11640.00  11591.25  11633.00   11633.00   38261
2022-12-06 11:30:00-05:00  11633.25  11645.00  11606.25  11617.25   11617.25   29373
2022-12-06 12:00:00-05:00  11617.25  11634.25  11575.25  11599.25   11599.25   34321
2022-12-06 12:30:00-05:00  11599.75  11612.50  11580.25  11587.00   11587.00   21952
2022-12-06 13:00:00-05:00  11587.00  11601.75  11555.75  11559.75   11559.75   31500
2022-12-06 13:30:00-05:00  11559.50  11586.75  11543.00  11571.75   11571.75   31042
2022-12-06 14:00:00-05:00  11572.00  11574.00  11516.75  11516.75   11516.75   33886
2022-12-06 14:30:00-05:00  11517.00  11546.50  11502.00  11533.75   11533.75   33550
2022-12-06 15:00:00-05:00  11534.00  11564.00  11504.25  11510.25   11510.25   34326
2022-12-06 15:30:00-05:00  11510.50  11579.00  11509.00  11562.00   11562.00   51676
2022-12-06 16:00:00-05:00  11562.50  11569.25  11553.75  11560.50   11560.50   12788
2022-12-06 16:30:00-05:00  11561.00  11569.75  11556.75  11566.25   11566.25    2243
2022-12-06 18:00:00-05:00  11566.00  11575.75  11565.25  11573.75   11573.75    1191
2022-12-06 18:30:00-05:00  11574.00  11582.25  11571.75  11578.75   11578.75    1636
2022-12-06 19:00:00-05:00  11578.75  11588.25  11577.75  11583.00   11583.00    2183
2022-12-06 19:30:00-05:00  11582.75  11584.75  11572.25  11572.25   11572.25    1595
2022-12-06 20:00:00-05:00  11572.25  11580.50  11567.25  11574.25   11574.25    2084
2022-12-06 20:30:00-05:00  11574.25  11596.00  11574.00  11591.25   11591.25    2227
2022-12-06 21:00:00-05:00  11590.75  11595.75  11585.75  11591.75   11591.75    1539
2022-12-06 21:30:00-05:00  11592.00  11595.25  11587.00  11589.25   11589.25    1208
2022-12-06 22:00:00-05:00  11590.00  11590.00  11579.00  11580.00   11580.00    1341
2022-12-06 22:30:00-05:00  11579.75  11595.00  11579.25  11593.25   11593.25    1151
2022-12-06 23:00:00-05:00  11593.50  11595.50  11590.00  11590.75   11590.75     836
2022-12-06 23:30:00-05:00  11591.00  11592.00  11586.50  11590.25   11590.25     880
2022-12-07 00:00:00-05:00  11589.25  11593.00  11584.75  11587.75   11587.75    1495
2022-12-07 00:30:00-05:00  11588.00  11592.25  11573.25  11576.75   11576.75    1706
2022-12-07 01:00:00-05:00  11577.50  11579.00  11554.25  11567.25   11567.25    2441
2022-12-07 01:30:00-05:00  11566.75  11572.25  11561.00  11562.75   11562.75    1143
2022-12-07 02:00:00-05:00  11563.00  11586.50  11546.75  11571.25   11571.25    4756
2022-12-07 02:30:00-05:00  11571.50  11578.75  11548.50  11556.25   11556.25    3838
2022-12-07 03:00:00-05:00  11555.25  11572.00  11544.00  11567.25   11567.25    5463
2022-12-07 03:30:00-05:00  11567.25  11573.25  11541.00  11567.50   11567.50    4887
2022-12-07 04:00:00-05:00  11567.50  11567.75  11544.25  11549.75   11549.75    3435
2022-12-07 04:30:00-05:00  11549.00  11550.75  11512.50  11526.50   11526.50    5278
2022-12-07 05:00:00-05:00  11525.75  11536.50  11517.50  11519.75   11519.75    2989
2022-12-07 05:30:00-05:00  11520.00  11532.75  11519.00  11532.75   11532.75    3179
2022-12-07 06:00:00-05:00  11533.00  11541.50  11520.00  11523.00   11523.00    2932
2022-12-07 06:30:00-05:00  11522.50  11531.75  11481.25  11495.75   11495.75    6175
2022-12-07 07:00:00-05:00  11496.00  11505.75  11431.50  11439.50   11439.50    9820
2022-12-07 07:30:00-05:00  11439.25  11454.75  11422.50  11446.75   11446.75    8458
2022-12-07 08:00:00-05:00  11446.25  11477.50  11443.50  11472.50   11472.50   10390
2022-12-07 08:30:00-05:00  11472.00  11521.00  11471.50  11511.50   11511.50   16105
2022-12-07 09:00:00-05:00  11507.00  11528.50  11492.00  11510.00   11510.00   20261
2022-12-07 09:30:00-05:00  11510.00  11596.25  11460.00  11471.75   11471.75   89406
2022-12-07 10:00:00-05:00  11472.00  11537.75  11440.75  11520.00   11520.00   80071
2022-12-07 10:30:00-05:00  11520.00  11570.50  11460.50  11553.00   11553.00   43534
2022-12-07 11:00:00-05:00  11552.75  11581.00  11465.00  11469.25   11469.25   42484
2022-12-07 11:30:00-05:00  11469.25  11518.50  11458.00  11505.50   11505.50   32380
2022-12-07 12:00:00-05:00  11505.75  11518.25  11478.75  11484.50   11484.50   23958
2022-12-07 12:30:00-05:00  11484.75  11531.25  11473.50  11522.75   11522.75   20412
2022-12-07 13:00:00-05:00  11522.75  11558.00  11507.75  11544.00   11544.00   24444
2022-12-07 13:30:00-05:00  11543.50  11545.75  11502.00  11507.00   11507.00   18011
2022-12-07 14:00:00-05:00  11507.25  11523.00  11482.25  11510.50   11510.50   27752
2022-12-07 14:30:00-05:00  11510.75  11529.50  11491.25  11500.00   11500.00   21493
2022-12-07 15:00:00-05:00  11500.50  11517.75  11474.50  11494.75   11494.75   28288
2022-12-07 15:30:00-05:00  11494.75  11522.25  11493.25  11507.75   11507.75   35355
2022-12-07 16:00:00-05:00  11507.75  11515.25  11495.50  11498.75   11498.75    9085
2022-12-07 16:30:00-05:00  11498.50  11500.75  11496.50  11498.75   11498.75    1142
2022-12-07 18:00:00-05:00  11500.00  11517.25  11500.00  11514.25   11514.25    1283
2022-12-07 18:30:00-05:00  11514.50  11514.75  11506.00  11510.50   11510.50    1220
2022-12-07 19:00:00-05:00  11511.00  11512.75  11484.00  11487.75   11487.75    3078
2022-12-07 19:30:00-05:00  11487.75  11496.50  11479.25  11479.25   11479.25    2407
2022-12-07 20:00:00-05:00  11479.75  11480.25  11433.00  11454.75   11454.75    6573
2022-12-07 20:30:00-05:00  11454.25  11464.75  11448.50  11457.50   11457.50    2386
2022-12-07 21:00:00-05:00  11457.25  11464.50  11454.50  11464.00   11464.00    1453
2022-12-07 21:30:00-05:00  11464.00  11478.00  11462.25  11472.75   11472.75    1597
2022-12-07 22:00:00-05:00  11472.75  11497.75  11470.75  11489.75   11489.75    2475
2022-12-07 22:30:00-05:00  11490.75  11495.25  11487.50  11491.50   11491.50     757
2022-12-07 23:00:00-05:00  11491.00  11498.00  11486.75  11490.50   11490.50    1089
2022-12-07 23:30:00-05:00  11491.00  11494.75  11487.25  11489.50   11489.50     502
2022-12-08 00:00:00-05:00  11490.00  11490.00  11481.00  11483.00   11483.00    1159
2022-12-08 00:30:00-05:00  11483.25  11495.75  11478.75  11494.00   11494.00    1421
2022-12-08 01:00:00-05:00  11493.75  11499.00  11487.25  11497.50   11497.50    1004
2022-12-08 01:30:00-05:00  11498.00  11509.00  11497.00  11506.25   11506.25    1701
2022-12-08 02:00:00-05:00  11505.50  11521.75  11502.00  11515.00   11515.00    2214
2022-12-08 02:30:00-05:00  11515.50  11541.25  11514.25  11530.00   11530.00    3101
2022-12-08 03:00:00-05:00  11530.75  11532.25  11511.00  11530.50   11530.50    4807
2022-12-08 03:30:00-05:00  11530.25  11541.25  11518.75  11536.75   11536.75    3823
2022-12-08 04:00:00-05:00  11536.00  11548.75  11526.75  11530.75   11530.75    4189
2022-12-08 04:30:00-05:00  11530.75  11546.75  11521.75  11531.00   11531.00    2627
2022-12-08 05:00:00-05:00  11532.75  11542.50  11527.75  11536.75   11536.75    2441
2022-12-08 05:30:00-05:00  11537.25  11543.00  11523.25  11534.00   11534.00    2297
2022-12-08 06:00:00-05:00  11534.00  11541.50  11518.00  11533.50   11533.50    3662
2022-12-08 06:30:00-05:00  11533.50  11549.75  11532.50  11539.25   11539.25    2882
2022-12-08 07:00:00-05:00  11538.00  11541.25  11527.00  11534.50   11534.50    2814
2022-12-08 07:30:00-05:00  11534.25  11560.50  11528.00  11556.00   11556.00    5064
2022-12-08 08:00:00-05:00  11556.25  11569.00  11548.50  11563.50   11563.50    5449
2022-12-08 08:30:00-05:00  11564.25  11598.00  11555.75  11575.50   11575.50   15008
2022-12-08 09:00:00-05:00  11575.00  11581.75  11554.00  11565.25   11565.25   10435
2022-12-08 09:30:00-05:00  11565.50  11604.50  11477.25  11601.00   11601.00   80196
2022-12-08 10:00:00-05:00  11600.75  11663.75  11595.75  11649.75   11649.75   64404
2022-12-08 10:30:00-05:00  11648.75  11671.25  11625.25  11644.50   11644.50   38999
2022-12-08 11:00:00-05:00  11644.75  11657.50  11582.00  11624.75   11624.75   43360
2022-12-08 11:30:00-05:00  11624.75  11651.00  11615.25  11634.75   11634.75   27626
2022-12-08 12:00:00-05:00  11634.75  11644.75  11599.50  11606.50   11606.50   26944
2022-12-08 12:30:00-05:00  11607.00  11631.25  11597.50  11627.75   11627.75   23407
2022-12-08 13:00:00-05:00  11628.50  11652.75  11619.50  11652.75   11652.75   21438
2022-12-08 13:30:00-05:00  11652.75  11685.75  11646.75  11649.25   11649.25   30212
2022-12-08 14:00:00-05:00  11649.25  11649.25  11577.50  11607.00   11607.00   38456
2022-12-08 14:30:00-05:00  11607.50  11645.50  11593.50  11626.25   11626.25   24236
2022-12-08 15:00:00-05:00  11626.50  11662.50  11604.50  11657.00   11657.00   26629
2022-12-08 15:30:00-05:00  11657.25  11672.00  11609.50  11645.25   11645.25   37844
2022-12-08 16:00:00-05:00  11644.75  11658.00  11639.00  11656.50   11656.50    9971
2022-12-08 16:30:00-05:00  11656.75  11658.25  11636.25  11637.25   11637.25    2319
2022-12-08 18:00:00-05:00  11641.50  11657.00  11638.00  11646.25   11646.25     835
2022-12-08 18:30:00-05:00  11646.25  11647.25  11637.50  11637.50   11637.50    1151
2022-12-08 19:00:00-05:00  11637.25  11639.25  11625.50  11626.00   11626.00    1637
2022-12-08 19:30:00-05:00  11626.50  11631.25  11624.50  11630.75   11630.75    1189
2022-12-08 20:00:00-05:00  11630.25  11652.25  11628.25  11652.25   11652.25    1813
2022-12-08 20:30:00-05:00  11652.50  11661.50  11651.50  11660.00   11660.00    2638
2022-12-08 21:00:00-05:00  11660.25  11674.50  11660.25  11667.25   11667.25    2460
2022-12-08 21:30:00-05:00  11667.00  11669.00  11662.00  11667.75   11667.75    1305
2022-12-08 22:00:00-05:00  11668.00  11681.50  11668.00  11679.75   11679.75    1464
2022-12-08 22:30:00-05:00  11680.00  11685.50  11670.75  11679.00   11679.00    1688
2022-12-08 23:00:00-05:00  11680.00  11686.75  11678.25  11685.25   11685.25    1162
2022-12-08 23:30:00-05:00  11685.50  11685.50  11677.00  11678.75   11678.75     545
2022-12-09 00:00:00-05:00  11679.00  11684.00  11676.25  11677.50   11677.50     817
2022-12-09 00:30:00-05:00  11678.00  11687.00  11677.75  11681.50   11681.50     901
2022-12-09 01:00:00-05:00  11682.00  11687.50  11680.75  11685.00   11685.00     796
2022-12-09 01:30:00-05:00  11684.25  11698.75  11681.25  11698.00   11698.00    1587
2022-12-09 02:00:00-05:00  11698.00  11711.50  11680.00  11708.25   11708.25    3097
2022-12-09 02:30:00-05:00  11708.00  11716.75  11697.25  11702.00   11702.00    2715
2022-12-09 03:00:00-05:00  11702.00  11706.50  11680.50  11682.00   11682.00    4029
2022-12-09 03:30:00-05:00  11681.75  11693.00  11679.00  11690.75   11690.75    3168
2022-12-09 04:00:00-05:00  11690.25  11699.75  11677.25  11686.50   11686.50    3154
2022-12-09 04:30:00-05:00  11688.00  11689.25  11665.50  11672.00   11672.00    3021
2022-12-09 05:00:00-05:00  11672.50  11689.75  11672.00  11688.00   11688.00    2075
2022-12-09 05:30:00-05:00  11688.75  11704.50  11685.25  11698.25   11698.25    2595
2022-12-09 06:00:00-05:00  11698.00  11709.25  11687.75  11698.50   11698.50    3820
2022-12-09 06:30:00-05:00  11698.75  11702.75  11686.25  11701.00   11701.00    2538
2022-12-09 07:00:00-05:00  11701.50  11719.00  11690.00  11715.75   11715.75    3798
2022-12-09 07:30:00-05:00  11715.75  11735.75  11715.00  11729.75   11729.75    4798
2022-12-09 08:00:00-05:00  11730.00  11735.00  11707.75  11720.50   11720.50    6892
2022-12-09 08:30:00-05:00  11720.50  11748.00  11517.00  11618.50   11618.50   38894
2022-12-09 09:00:00-05:00  11618.25  11624.75  11572.75  11602.00   11602.00   16809
2022-12-09 09:30:00-05:00  11602.25  11660.75  11550.00  11612.75   11612.75   65473
2022-12-09 10:00:00-05:00  11614.75  11659.25  11574.25  11631.00   11631.00   58102