                               Open      High       Low     Close  Adj Close  Volume
Datetime                                                                            
2023-01-10 10:30:00-05:00  11151.25  11219.50  11149.75  11207.50   11207.50    8010
2023-01-10 11:00:00-05:00  11208.25  11223.50  11188.25  11194.75   11194.75   32788
2023-01-10 11:30:00-05:00  11194.25  11204.00  11168.00  11191.00   11191.00   26566
2023-01-10 12:00:00-05:00  11191.50  11213.75  11157.00  11194.75   11194.75   22332
2023-01-10 12:30:00-05:00  11194.50  11233.50  11190.25  11218.75   11218.75   17974
2023-01-10 13:00:00-05:00  11219.25  11243.75  11207.75  11223.75   11223.75   18111
2023-01-10 13:30:00-05:00  11224.00  11248.75  11218.00  11245.25   11245.25   14964
2023-01-10 14:00:00-05:00  11245.00  11270.00  11239.25  11261.75   11261.75   16879
2023-01-10 14:30:00-05:00  11262.25  11271.75  11235.00  11249.75   11249.75   14973
2023-01-10 15:00:00-05:00  11249.25  11252.50  11217.25  11242.25   11242.25   19082
2023-01-10 15:30:00-05:00  11242.50  11286.25  11238.25  11285.75   11285.75   27489
2023-01-10 16:00:00-05:00  11285.50  11288.75  11277.25  11280.25   11280.25    9563
2023-01-10 16:30:00-05:00  11280.00  11284.25  11279.25  11281.25   11281.25    1522
2023-01-10 18:00:00-05:00  11282.50  11286.75  11269.50  11279.00   11279.00     884
2023-01-10 18:30:00-05:00  11279.25  11287.00  11274.50  11285.00   11285.00    1343
2023-01-10 19:00:00-05:00  11285.00  11301.50  11284.25  11290.25   11290.25    2461
2023-01-10 19:30:00-05:00  11291.25  11296.50  11287.00  11296.50   11296.50    1111
2023-01-10 20:00:00-05:00  11296.50  11297.00  11273.75  11278.50   11278.50    1660
2023-01-10 20:30:00-05:00  11277.75  11287.25  11272.50  11284.00   11284.00    1379
2023-01-10 21:00:00-05:00  11283.75  11289.25  11280.00  11288.00   11288.00     941
2023-01-10 21:30:00-05:00  11288.00  11290.75  11275.50  11276.00   11276.00    1018
2023-01-10 22:00:00-05:00  11276.50  11281.25  11270.50  11274.00   11274.00     971
2023-01-10 22:30:00-05:00  11273.50  11282.75  11273.50  11280.25   11280.25     963
2023-01-10 23:00:00-05:00  11280.25  11287.50  11275.50  11276.75   11276.75    1149
2023-01-10 23:30:00-05:00  11276.75  11280.25  11273.50  11276.25   11276.25     739
2023-01-11 00:00:00-05:00  11276.75  11280.75  11275.25  11279.25   11279.25     575
2023-01-11 00:30:00-05:00  11279.25  11291.50  11277.25  11278.25   11278.25    1172
2023-01-11 01:00:00-05:00  11278.75  11284.25  11275.75  11277.50   11277.50     734
2023-01-11 01:30:00-05:00  11277.25  11282.25  11266.25  11267.00   11267.00    1506
2023-01-11 02:00:00-05:00  11266.50  11267.00  11239.75  11247.25   11247.25    4927
2023-01-11 02:30:00-05:00  11247.50  11258.25  11245.00  11250.25   11250.25    2550
2023-01-11 03:00:00-05:00  11250.25  11269.75  11249.50  11255.25   11255.25    4631
2023-01-11 03:30:00-05:00  11254.75  11267.00  11244.00  11266.25   11266.25    3384
2023-01-11 04:00:00-05:00  11267.00  11316.25  11261.00  11310.25   11310.25    6859
2023-01-11 04:30:00-05:00  11310.75  11312.50  11297.25  11304.00   11304.00    3054
2023-01-11 05:00:00-05:00  11304.75  11324.25  11298.50  11306.00   11306.00    3798
2023-01-11 05:30:00-05:00  11305.75  11307.50  11288.00  11292.50   11292.50    2747
2023-01-11 06:00:00-05:00  11292.50  11297.50  11284.50  11292.50   11292.50    2631
2023-01-11 06:30:00-05:00  11293.00  11318.75  11292.25  11299.50   11299.50    4092
2023-01-11 07:00:00-05:00  11299.25  11306.75  11275.50  11287.50   11287.50    4319
2023-01-11 07:30:00-05:00  11287.25  11305.25  11283.50  11297.75   11297.75    4294
2023-01-11 08:00:00-05:00  11298.25  11325.25  11297.00  11315.50   11315.50    6309
2023-01-11 08:30:00-05:00  11315.50  11328.75  11296.25  11323.75   11323.75    8977
2023-01-11 09:00:00-05:00  11324.00  11333.75  11304.25  11323.50   11323.50   12871
2023-01-11 09:30:00-05:00  11323.25  11363.25  11291.00  11336.75   11336.75   67801
2023-01-11 10:00:00-05:00  11337.50  11388.00  11321.50  11386.50   11386.50   38523
2023-01-11 10:30:00-05:00  11386.50  11388.75  11313.25  11321.50   11321.50   37885
2023-01-11 11:00:00-05:00  11321.75  11375.75  11318.25  11368.75   11368.75   27497
2023-01-11 11:30:00-05:00  11369.25  11384.50  11357.75  11376.75   11376.75   20264
2023-01-11 12:00:00-05:00  11377.00  11418.75  11375.75  11408.75   11408.75   28882
2023-01-11 12:30:00-05:00  11409.00  11414.25  11390.75  11401.50   11401.50   21288
2023-01-11 13:00:00-05:00  11401.75  11442.00  11386.50  11419.50   11419.50   30584
2023-01-11 13:30:00-05:00  11419.75  11424.50  11401.25  11409.50   11409.50   14473
2023-01-11 14:00:00-05:00  11409.50  11420.00  11394.75  11407.00   11407.00   14772
2023-01-11 14:30:00-05:00  11407.50  11433.00  11403.75  11421.25   11421.25   14753
2023-01-11 15:00:00-05:00  11421.50  11453.25  11419.50  11442.25   11442.25   24122
2023-01-11 15:30:00-05:00  11442.25  11479.50  11425.75  11475.50   11475.50   44061
2023-01-11 16:00:00-05:00  11475.75  11477.75  11463.25  11468.50   11468.50   11477
2023-01-11 16:30:00-05:00  11468.50  11476.50  11466.50  11475.00   11475.00    2869
2023-01-11 18:00:00-05:00  11474.50  11479.00  11466.00  11470.50   11470.50    1314
2023-01-11 18:30:00-05:00  11469.75  11475.75  11466.00  11474.50   11474.50    2326
2023-01-11 19:00:00-05:00  11475.00  11477.50  11464.50  11471.25   11471.25    2177
2023-01-11 19:30:00-05:00  11471.50  11472.00  11463.00  11470.50   11470.50    1673
2023-01-11 20:00:00-05:00  11470.75  11476.50  11467.00  11470.00   11470.00    1347
2023-01-11 20:30:00-05:00  11469.75  11473.50  11461.75  11470.25   11470.25    1636
2023-01-11 21:00:00-05:00  11470.00  11474.00  11465.00  11466.25   11466.25     992
2023-01-11 21:30:00-05:00  11466.25  11468.00  11462.00  11464.75   11464.75    1231
2023-01-11 22:00:00-05:00  11464.75  11470.00  11463.75  11469.25   11469.25    1047
2023-01-11 22:30:00-05:00  11468.50  11472.25  11466.50  11469.50   11469.50     946
2023-01-11 23:00:00-05:00  11470.25  11474.25  11469.25  11472.50   11472.50     740
2023-01-11 23:30:00-05:00  11472.75  11492.75  11472.50  11488.25   11488.25    2191
2023-01-12 00:00:00-05:00  11487.25  11488.50  11483.00  11484.25   11484.25    1186
2023-01-12 00:30:00-05:00  11485.00  11488.75  11481.25  11482.25   11482.25    1060
2023-01-12 01:00:00-05:00  11482.25  11486.25  11479.25  11480.75   11480.75    1170
2023-01-12 01:30:00-05:00  11480.25  11483.50  11468.75  11468.75   11468.75    1289
2023-01-12 02:00:00-05:00  11469.00  11472.00  11457.75  11463.00   11463.00    2444
2023-01-12 02:30:00-05:00  11462.75  11467.75  11450.75  11464.75   11464.75    3296
2023-01-12 03:00:00-05:00  11464.75  11469.50  11451.00  11465.50   11465.50    3790
2023-01-12 03:30:00-05:00  11465.50  11473.25  11455.75  11471.00   11471.00    3013
2023-01-12 04:00:00-05:00  11471.50  11480.25  11465.75  11475.00   11475.00    4132
2023-01-12 04:30:00-05:00  11474.50  11489.50  11474.50  11483.25   11483.25    3776
2023-01-12 05:00:00-05:00  11483.00  11483.00  11449.25  11462.00   11462.00    5412
2023-01-12 05:30:00-05:00  11461.75  11469.25  11454.50  11463.50   11463.50    2594
2023-01-12 06:00:00-05:00  11463.25  11473.00  11459.00  11467.00   11467.00    2330
2023-01-12 06:30:00-05:00  11466.50  11471.00  11462.25  11464.25   11464.25    2337
2023-01-12 07:00:00-05:00  11464.25  11480.00  11462.00  11477.00   11477.00    5479
2023-01-12 07:30:00-05:00  11476.50  11496.50  11475.00  11496.50   11496.50    6305
2023-01-12 08:00:00-05:00  11496.00  11550.00  11393.00  11393.00   11393.00   17378
2023-01-12 08:30:00-05:00  11393.00  11562.00  11291.00  11545.50   11545.50   85359
2023-01-12 09:00:00-05:00  11546.00  11579.50  11430.50  11490.75   11490.75   41797
2023-01-12 09:30:00-05:00  11490.50  11518.75  11311.25  11358.00   11358.00   87704
2023-01-12 10:00:00-05:00  11357.50  11511.50  11355.00  11465.50   11465.50   67303
2023-01-12 10:30:00-05:00  11465.75  11503.00  11405.50  11429.50   11429.50   47481
2023-01-12 11:00:00-05:00  11429.75  11463.00  11388.25  11451.00   11451.00   37770
2023-01-12 11:30:00-05:00  11451.25  11496.75  11417.00  11489.50   11489.50   30103
2023-01-12 12:00:00-05:00  11490.25  11543.50  11473.75  11539.50   11539.50   36025
2023-01-12 12:30:00-05:00  11540.00  11551.75  11526.50  11537.00   11537.00   26124
2023-01-12 13:00:00-05:00  11537.00  11560.50  11472.50  11480.00   11480.00   35740
2023-01-12 13:30:00-05:00  11480.00  11571.50  11451.75  11565.00   11565.00   43229
2023-01-12 14:00:00-05:00  11565.50  11574.75  11526.75  11535.25   11535.25   24863
2023-01-12 14:30:00-05:00  11534.75  11556.00  11516.50  11536.25   11536.25   23059
2023-01-12 15:00:00-05:00  11536.50  11538.25  11498.75  11516.00   11516.00   25554
2023-01-12 15:30:00-05:00  11517.00  11537.75  11484.00  11530.50   11530.50   37946
2023-01-12 16:00:00-05:00  11531.00  11538.50  11520.00  11527.50   11527.50    8676
2023-01-12 16:30:00-05:00  11527.75  11530.25  11520.75  11521.50   11521.50    1682
2023-01-12 18:00:00-05:00  11528.50  11528.50  11514.25  11524.50   11524.50    1204
2023-01-12 18:30:00-05:00  11524.50  11526.75  11519.50  11524.75   11524.75     833
2023-01-12 19:00:00-05:00  11524.00  11536.25  11523.50  11531.00   11531.00    1985
2023-01-12 19:30:00-05:00  11531.25  11535.25  11518.00  11519.75   11519.75    1667
2023-01-12 20:00:00-05:00  11520.00  11527.25  11501.75  11508.25   11508.25    2234
2023-01-12 20:30:00-05:00  11507.50  11507.50  11487.00  11494.75   11494.75    3008
2023-01-12 21:00:00-05:00  11494.50  11494.50  11471.50  11477.00   11477.00    2454
2023-01-12 21:30:00-05:00  11476.50  11493.50  11474.25  11488.00   11488.00    2448
2023-01-12 22:00:00-05:00  11488.50  11497.00  11484.50  11489.00   11489.00    1163
2023-01-12 22:30:00-05:00  11487.75  11487.75  11478.00  11485.75   11485.75    1272
2023-01-12 23:00:00-05:00  11485.25  11492.00  11483.75  11488.75   11488.75     921
2023-01-12 23:30:00-05:00  11488.75  11490.50  11481.75  11489.00   11489.00     835
2023-01-13 00:00:00-05:00  11491.50  11493.75  11485.00  11486.00   11486.00    1103
2023-01-13 00:30:00-05:00  11485.50  11493.00  11482.25  11491.25   11491.25    1341
2023-01-13 01:00:00-05:00  11491.75  11506.50  11489.00  11502.00   11502.00    2211
2023-01-13 01:30:00-05:00  11501.50  11510.25  11495.25  11506.75   11506.75    1402
2023-01-13 02:00:00-05:00  11507.50  11514.00  11500.50  11504.50   11504.50    1842
2023-01-13 02:30:00-05:00  11504.50  11526.25  11504.50  11524.50   11524.50    2591
2023-01-13 03:00:00-05:00  11525.75  11528.00  11500.25  11521.25   11521.25    5080
2023-01-13 03:30:00-05:00  11521.50  11528.00  11511.00  11524.75   11524.75    3184
2023-01-13 04:00:00-05:00  11524.75  11528.00  11493.75  11496.00   11496.00    4278
2023-01-13 04:30:00-05:00  11496.25  11525.50  11496.00  11519.25   11519.25    3626
2023-01-13 05:00:00-05:00  11519.50  11534.50  11514.25  11521.00   11521.00    2694
2023-01-13 05:30:00-05:00  11522.50  11524.50  11508.00  11513.50   11513.50    2563
2023-01-13 06:00:00-05:00  11513.00  11514.00  11487.75  11489.25   11489.25    4059
2023-01-13 06:30:00-05:00  11489.00  11491.50  11459.50  11474.25   11474.25    7880
2023-01-13 07:00:00-05:00  11474.25  11483.00  11432.50  11437.25   11437.25    7007
2023-01-13 07:30:00-05:00  11437.50  11454.75  11405.00  11412.75   11412.75   10052
2023-01-13 08:00:00-05:00  11413.25  11424.25  11394.25  11408.00   11408.00   10323
2023-01-13 08:30:00-05:00  11408.75  11416.50  11394.75  11405.25   11405.25   10688
2023-01-13 09:00:00-05:00  11405.50  11427.50  11389.00  11425.00   11425.00   12292
2023-01-13 09:30:00-05:00  11425.00  11477.25  11408.75  11458.00   11458.00   65563
2023-01-13 10:00:00-05:00  11457.50  11522.00  11440.75  11518.25   11518.25   46558
2023-01-13 10:30:00-05:00  11519.00  11538.25  11496.25  11517.25   11517.25   27366
2023-01-13 11:00:00-05:00  11517.25  11525.75  11462.50  11485.25   11485.25   29269
2023-01-13 11:30:00-05:00  11485.75  11487.75  11454.00  11484.25   11484.25   26820
2023-01-13 12:00:00-05:00  11484.75  11521.00  11480.25  11516.50   11516.50   17431
2023-01-13 12:30:00-05:00  11517.00  11528.50  11500.50  11525.50   11525.50   14818
2023-01-13 13:00:00-05:00  11525.50  11532.50  11504.75  11527.75   11527.75   13376
2023-01-13 13:30:00-05:00  11528.50  11568.25  11525.00  11561.00   11561.00   21120
2023-01-13 14:00:00-05:00  11560.75  11571.75  11548.50  11569.00   11569.00   14703
2023-01-13 14:30:00-05:00  11569.25  11578.75  11554.50  11566.00   11566.00   14600
2023-01-13 15:00:00-05:00  11566.25  11598.75  11563.00  11598.25   11598.25   15514
2023-01-13 15:30:00-05:00  11598.25  11619.50  11588.50  11607.50   11607.50   43169
2023-01-13 16:00:00-05:00  11607.25  11611.00  11586.75  11601.25   11601.25    9783
2023-01-13 16:30:00-05:00  11601.50  11606.75  11600.00  11601.50   11601.50    1768
2023-01-15 18:00:00-05:00  11613.50  11619.75  11589.25  11590.25   11590.25    2321
2023-01-15 18:30:00-05:00  11590.50  11595.50  11582.50  11586.75   11586.75    1467
2023-01-15 19:00:00-05:00  11587.25  11598.75  11583.50  11597.00   11597.00    1548
2023-01-15 19:30:00-05:00  11597.25  11608.75  11596.75  11605.75   11605.75    1640
2023-01-15 20:00:00-05:00  11605.00  11615.25  11602.25  11606.00   11606.00    1711
2023-01-15 20:30:00-05:00  11606.25  11638.75  11601.75  11633.00   11633.00    2329
2023-01-15 21:00:00-05:00  11633.75  11633.75  11626.00  11627.25   11627.25    1218
2023-01-15 21:30:00-05:00  11627.25  11628.25  11621.75  11627.50   11627.50     999
2023-01-15 22:00:00-05:00  11627.75  11629.00  11617.00  11625.75   11625.75     861
2023-01-15 22:30:00-05:00  11626.00  11628.00  11622.75  11626.50   11626.50     562
2023-01-15 23:00:00-05:00  11627.50  11628.25  11623.00  11626.50   11626.50     547
2023-01-15 23:30:00-05:00  11626.50  11626.50  11617.25  11619.00   11619.00     657
2023-01-16 00:00:00-05:00  11617.75  11619.25  11614.25  11616.25   11616.25     724
2023-01-16 00:30:00-05:00  11616.75  11617.25  11603.00  11605.00   11605.00     926
2023-01-16 01:00:00-05:00  11605.75  11607.00  11593.75  11593.75   11593.75    1038
2023-01-16 01:30:00-05:00  11593.25  11597.25  11583.75  11591.25   11591.25    1566
2023-01-16 02:00:00-05:00  11591.00  11591.00  11581.25  11587.00   11587.00    1313
2023-01-16 02:30:00-05:00  11587.00  11591.50  11584.00  11590.75   11590.75     729
2023-01-16 03:00:00-05:00  11591.00  11591.25  11556.00  11561.25   11561.25    3666
2023-01-16 03:30:00-05:00  11560.50  11566.00  11532.25  11538.00   11538.00    4432
2023-01-16 04:00:00-05:00  11538.25  11542.00  11517.75  11534.00   11534.00    4742
2023-01-16 04:30:00-05:00  11534.75  11538.00  11510.50  11515.00   11515.00    3574
2023-01-16 05:00:00-05:00  11515.50  11537.00  11514.75  11536.00   11536.00    2701
2023-01-16 05:30:00-05:00  11535.50  11555.00  11527.75  11553.00   11553.00    2510
2023-01-16 06:00:00-05:00  11553.25  11562.75  11551.00  11557.75   11557.75    2119
2023-01-16 06:30:00-05:00  11557.75  11582.00  11556.00  11563.00   11563.00    4102
2023-01-16 07:00:00-05:00  11563.00  11571.00  11556.00  11560.00   11560.00    2038
2023-01-16 07:30:00-05:00  11560.00  11572.50  11555.50  11568.75   11568.75    2121
2023-01-16 08:00:00-05:00  11569.00  11581.50  11567.00  11575.25   11575.25    2259
2023-01-16 08:30:00-05:00  11575.75  11596.75  11573.25  11588.00   11588.00    4042
2023-01-16 09:00:00-05:00  11587.50  11595.50  11584.75  11590.25   11590.25    2548
2023-01-16 09:30:00-05:00  11591.25  11611.25  11588.00  11599.50   11599.50    6018
2023-01-16 10:00:00-05:00  11599.75  11608.25  11582.00  11587.75   11587.75    4435
2023-01-16 10:30:00-05:00  11587.25  11600.50  11587.25  11595.25   11595.25    2377
2023-01-16 11:00:00-05:00  11595.50  11598.75  11584.00  11586.50   11586.50    2218
2023-01-16 11:30:00-05:00  11586.50  11586.50  11566.50  11571.25   11571.25    3135
2023-01-16 12:00:00-05:00  11570.50  11574.75  11564.25  11569.00   11569.00    1915
2023-01-16 12:30:00-05:00  11568.50  11584.75  11560.50  11564.00   11564.00    2831
2023-01-16 18:00:00-05:00  11570.00  11597.50  11569.00  11592.00   11592.00    2424
2023-01-16 18:30:00-05:00  11593.00  11598.25  11582.75  11585.25   11585.25     980
2023-01-16 19:00:00-05:00  11585.00  11602.00  11569.00  11583.75   11583.75    2790
2023-01-16 19:30:00-05:00  11584.25  11593.25  11578.50  11587.75   11587.75    1308
2023-01-16 20:00:00-05:00  11587.00  11591.50  11565.50  11574.50   11574.50    2200
2023-01-16 20:30:00-05:00  11574.25  11576.75  11551.00  11558.25   11558.25    2706
2023-01-16 21:00:00-05:00  11557.50  11570.75  11546.50  11547.25   11547.25    2126
2023-01-16 21:30:00-05:00  11548.00  11553.50  11542.00  11552.50   11552.50    1652
2023-01-16 22:00:00-05:00  11552.00  11557.25  11543.00  11551.75   11551.75    1800
2023-01-16 22:30:00-05:00  11552.00  11557.50  11547.00  11552.50   11552.50    1093
2023-01-16 23:00:00-05:00  11552.25  11556.00  11545.00  11554.00   11554.00    1169
2023-01-16 23:30:00-05:00  11553.25  11554.25  11545.75  11547.00   11547.00     740
2023-01-17 00:00:00-05:00  11545.25  11548.25  11534.25  11537.50   11537.50    1454
2023-01-17 00:30:00-05:00  11537.50  11544.25  11537.25  11543.75   11543.75     848
2023-01-17 01:00:00-05:00  11544.00  11552.00  11542.25  11551.50   11551.50    1036
2023-01-17 01:30:00-05:00  11550.75  11550.75  11536.00  11538.00   11538.00    1718
2023-01-17 02:00:00-05:00  11537.75  11557.00  11531.00  11547.50   11547.50    2817
2023-01-17 02:30:00-05:00  11547.50  11552.00  11536.25  11549.25   11549.25    1921
2023-01-17 03:00:00-05:00  11549.75  11569.25  11548.00  11558.00   11558.00    4042
2023-01-17 03:30:00-05:00  11557.75  11567.75  11546.00  11561.25   11561.25    2685
2023-01-17 04:00:00-05:00  11561.25  11577.50  11539.00  11548.50   11548.50    4892
2023-01-17 04:30:00-05:00  11547.75  11568.50  11546.75  11556.00   11556.00    3000
2023-01-17 05:00:00-05:00  11555.50  11566.50  11546.50  11562.75   11562.75    2054
2023-01-17 05:30:00-05:00  11562.25  11579.00  11560.00  11570.00   11570.00    2508
2023-01-17 06:00:00-05:00  11571.00  11572.50  11559.25  11561.25   11561.25    1758
2023-01-17 06:30:00-05:00  11561.00  11571.75  11556.50  11570.00   11570.00    2351
2023-01-17 07:00:00-05:00  11570.75  11589.00  11561.25  11588.00   11588.00    4617
2023-01-17 07:30:00-05:00  11588.25  11588.75  11551.50  11561.00   11561.00    6080
2023-01-17 08:00:00-05:00  11561.25  11570.00  11542.25  11565.75   11565.75    7563
2023-01-17 08:30:00-05:00  11566.50  11585.75  11555.75  11564.25   11564.25    9998
2023-01-17 09:00:00-05:00  11564.25  11604.25  11564.25  11598.75   11598.75   14798
2023-01-17 09:30:00-05:00  11598.75  11627.25  11549.50  11614.75   11614.75   71557
2023-01-17 10:00:00-05:00  11614.25  11685.00  11614.25  11658.00   11658.00   53978