                               Open      High       Low     Close  Adj Close  Volume
Datetime                                                                            
2022-11-01 10:30:00-04:00  11373.50  11388.50  11342.25  11357.75   11357.75    8777
2022-11-01 11:00:00-04:00  11358.25  11396.50  11350.25  11381.50   11381.50   35465
2022-11-01 11:30:00-04:00  11381.50  11392.75  11325.75  11364.25   11364.25   35073
2022-11-01 12:00:00-04:00  11364.75  11411.25  11339.25  11342.50   11342.50   38239
2022-11-01 12:30:00-04:00  11342.25  11358.00  11315.75  11355.50   11355.50   26324
2022-11-01 13:00:00-04:00  11355.25  11374.75  11334.75  11351.50   11351.50   21591
2022-11-01 13:30:00-04:00  11351.50  11355.50  11323.50  11351.25   11351.25   19333
2022-11-01 14:00:00-04:00  11351.75  11361.50  11341.50  11358.75   11358.75   16546
2022-11-01 14:30:00-04:00  11358.25  11375.75  11328.25  11369.50   11369.50   21575
2022-11-01 15:00:00-04:00  11369.50  11380.00  11333.75  11337.50   11337.50   22268
2022-11-01 15:30:00-04:00  11337.75  11360.00  11328.50  11330.50   11330.50   32699
2022-11-01 16:00:00-04:00  11330.75  11340.25  11288.75  11314.00   11314.00   19607
2022-11-01 16:30:00-04:00  11313.75  11322.75  11309.75  11320.50   11320.50    2556
2022-11-01 18:00:00-04:00  11320.25  11343.75  11320.25  11337.75   11337.75    2206
2022-11-01 18:30:00-04:00  11337.50  11343.00  11333.75  11340.50   11340.50    1027
2022-11-01 19:00:00-04:00  11341.50  11348.75  11340.50  11345.75   11345.75    1195
2022-11-01 19:30:00-04:00  11345.75  11347.50  11327.25  11332.25   11332.25    1373
2022-11-01 20:00:00-04:00  11333.00  11342.25  11318.75  11335.00   11335.00    2730
2022-11-01 20:30:00-04:00  11335.50  11370.25  11333.50  11365.50   11365.50    3727
2022-11-01 21:00:00-04:00  11365.75  11372.50  11359.25  11367.50   11367.50    1698
2022-11-01 21:30:00-04:00  11366.50  11378.25  11364.00  11368.25   11368.25    1630
2022-11-01 22:00:00-04:00  11369.25  11370.00  11352.00  11361.75   11361.75    1877
2022-11-01 22:30:00-04:00  11361.50  11379.50  11360.50  11373.25   11373.25    1448
2022-11-01 23:00:00-04:00  11373.75  11384.25  11361.00  11377.00   11377.00    1882
2022-11-01 23:30:00-04:00  11377.25  11381.75  11368.75  11373.25   11373.25    1686
2022-11-02 00:00:00-04:00  11372.00  11378.25  11362.50  11372.75   11372.75    1611
2022-11-02 00:30:00-04:00  11372.75  11375.25  11364.25  11370.25   11370.25     818
2022-11-02 01:00:00-04:00  11371.00  11381.75  11366.75  11372.75   11372.75    1897
2022-11-02 01:30:00-04:00  11374.00  11382.75  11371.50  11375.50   11375.50    1778
2022-11-02 02:00:00-04:00  11376.50  11377.00  11357.75  11363.75   11363.75    2015
2022-11-02 02:30:00-04:00  11363.75  11366.75  11351.00  11359.75   11359.75    1656
2022-11-02 03:00:00-04:00  11359.75  11362.50  11337.25  11337.75   11337.75    3348
2022-11-02 03:30:00-04:00  11338.00  11366.25  11335.75  11351.75   11351.75    3177
2022-11-02 04:00:00-04:00  11351.00  11390.00  11348.75  11384.00   11384.00    5604
2022-11-02 04:30:00-04:00  11383.75  11387.75  11368.25  11372.25   11372.25    4115
2022-11-02 05:00:00-04:00  11371.75  11380.50  11336.00  11341.00   11341.00    5154
2022-11-02 05:30:00-04:00  11340.50  11357.25  11338.00  11355.25   11355.25    2596
2022-11-02 06:00:00-04:00  11354.25  11361.25  11346.50  11351.25   11351.25    2498
2022-11-02 06:30:00-04:00  11351.75  11356.75  11330.25  11347.50   11347.50    3837
2022-11-02 07:00:00-04:00  11347.25  11355.25  11335.50  11352.50   11352.50    3367
2022-11-02 07:30:00-04:00  11352.25  11359.50  11347.75  11354.50   11354.50    3554
2022-11-02 08:00:00-04:00  11354.25  11360.00  11295.50  11330.50   11330.50   13799
2022-11-02 08:30:00-04:00  11330.75  11351.50  11310.00  11332.25   11332.25   11992
2022-11-02 09:00:00-04:00  11332.25  11340.25  11320.50  11329.75   11329.75    7751
2022-11-02 09:30:00-04:00  11329.75  11341.00  11271.25  11279.75   11279.75   59313
2022-11-02 10:00:00-04:00  11280.50  11309.50  11259.75  11268.00   11268.00   37874
2022-11-02 10:30:00-04:00  11268.50  11287.25  11254.00  11269.25   11269.25   27789
2022-11-02 11:00:00-04:00  11269.50  11276.00  11224.50  11233.25   11233.25   29397
2022-11-02 11:30:00-04:00  11233.50  11246.50  11225.50  11234.75   11234.75   21877
2022-11-02 12:00:00-04:00  11235.25  11242.25  11202.50  11203.75   11203.75   19923
2022-11-02 12:30:00-04:00  11203.75  11239.00  11191.00  11235.25   11235.25   20851
2022-11-02 13:00:00-04:00  11235.50  11236.25  11209.75  11215.75   11215.75   14537
2022-11-02 13:30:00-04:00  11215.50  11266.75  11213.75  11250.50   11250.50   18651
2022-11-02 14:00:00-04:00  11251.50  11440.75  11195.50  11434.75   11434.75   95820
2022-11-02 14:30:00-04:00  11434.50  11460.00  11118.00  11158.75   11158.75  137180
2022-11-02 15:00:00-04:00  11159.00  11243.75  10991.00  11020.25   11020.25   78237
2022-11-02 15:30:00-04:00  11019.75  11039.25  10936.75  10939.75   10939.75   67203
2022-11-02 16:00:00-04:00  10938.75  10944.75  10909.00  10943.00   10943.00   27301
2022-11-02 16:30:00-04:00  10943.00  10956.50  10938.75  10941.75   10941.75    5722
2022-11-02 18:00:00-04:00  10938.00  10946.00  10901.25  10926.25   10926.25    3221
2022-11-02 18:30:00-04:00  10926.75  10938.00  10919.00  10923.75   10923.75    2120
2022-11-02 19:00:00-04:00  10923.00  10924.25  10905.50  10913.00   10913.00    2554
2022-11-02 19:30:00-04:00  10913.25  10924.75  10910.50  10919.75   10919.75    1553
2022-11-02 20:00:00-04:00  10919.25  10932.00  10910.00  10925.75   10925.75    3109
2022-11-02 20:30:00-04:00  10926.25  10944.25  10925.25  10944.00   10944.00    2151
2022-11-02 21:00:00-04:00  10943.75  10975.00  10938.75  10969.25   10969.25    4113
2022-11-02 21:30:00-04:00  10969.25  10985.50  10964.25  10965.25   10965.25    3336
2022-11-02 22:00:00-04:00  10965.50  10982.00  10958.00  10976.50   10976.50    2296
2022-11-02 22:30:00-04:00  10976.25  10977.25  10959.75  10964.00   10964.00    1817
2022-11-02 23:00:00-04:00  10964.00  10987.00  10964.00  10969.50   10969.50    2250
2022-11-02 23:30:00-04:00  10970.00  10981.25  10967.25  10980.75   10980.75    1499
2022-11-03 00:00:00-04:00  10979.00  10987.00  10976.50  10979.00   10979.00    1749
2022-11-03 00:30:00-04:00  10979.00  10983.75  10969.00  10976.00   10976.00    1570
2022-11-03 01:00:00-04:00  10976.75  10992.25  10973.50  10987.75   10987.75    1880
2022-11-03 01:30:00-04:00  10988.00  10996.00  10973.50  10976.00   10976.00    2350
2022-11-03 02:00:00-04:00  10975.00  10978.25  10944.50  10954.00   10954.00    4080
2022-11-03 02:30:00-04:00  10953.75  10973.25  10953.50  10959.75   10959.75    2425
2022-11-03 03:00:00-04:00  10959.75  10974.75  10923.50  10928.75   10928.75    5975
2022-11-03 03:30:00-04:00  10928.25  10944.25  10921.25  10942.25   10942.25    4496
2022-11-03 04:00:00-04:00  10943.00  10964.50  10915.25  10921.25   10921.25    9117
2022-11-03 04:30:00-04:00  10920.75  10928.00  10896.50  10918.25   10918.25    7977
2022-11-03 05:00:00-04:00  10917.50  10934.00  10901.25  10925.75   10925.75    7032
2022-11-03 05:30:00-04:00  10926.25  10929.00  10891.25  10914.75   10914.75    4616
2022-11-03 06:00:00-04:00  10915.00  10922.00  10861.25  10866.50   10866.50    7693
2022-11-03 06:30:00-04:00  10866.00  10872.75  10852.75  10866.00   10866.00    6697
2022-11-03 07:00:00-04:00  10865.00  10870.50  10836.25  10842.00   10842.00    7989
2022-11-03 07:30:00-04:00  10842.25  10853.50  10816.00  10828.25   10828.25    7699
2022-11-03 08:00:00-04:00  10828.00  10859.00  10819.50  10831.25   10831.25   12969
2022-11-03 08:30:00-04:00  10832.00  10841.50  10802.25  10805.00   10805.00   16743
2022-11-03 09:00:00-04:00  10804.50  10836.25  10798.00  10829.50   10829.50   19035
2022-11-03 09:30:00-04:00  10829.25  10848.50  10723.00  10725.75   10725.75   91682
2022-11-03 10:00:00-04:00  10726.50  10847.00  10708.25  10842.50   10842.50   68400
2022-11-03 10:30:00-04:00  10843.00  10882.50  10780.25  10867.00   10867.00   52264
2022-11-03 11:00:00-04:00  10867.50  10888.50  10777.50  10781.00   10781.00   45544
2022-11-03 11:30:00-04:00  10781.25  10811.50  10754.00  10768.75   10768.75   34365
2022-11-03 12:00:00-04:00  10764.50  10828.50  10752.00  10811.50   10811.50   33059
2022-11-03 12:30:00-04:00  10812.25  10861.75  10788.75  10851.50   10851.50   30240
2022-11-03 13:00:00-04:00  10852.00  10857.75  10792.75  10802.50   10802.50   22981
2022-11-03 13:30:00-04:00  10803.00  10807.25  10778.00  10782.00   10782.00   17836
2022-11-03 14:00:00-04:00  10781.75  10814.25  10764.00  10805.50   10805.50   21644
2022-11-03 14:30:00-04:00  10805.50  10817.50  10778.25  10809.25   10809.25   22790
2022-11-03 15:00:00-04:00  10809.25  10812.50  10777.25  10794.50   10794.50   19619
2022-11-03 15:30:00-04:00  10795.00  10809.00  10717.00  10724.75   10724.75   51655
2022-11-03 16:00:00-04:00  10724.75  10741.50  10716.75  10725.75   10725.75   14105
2022-11-03 16:30:00-04:00  10725.50  10737.50  10724.50  10728.50   10728.50    3179
2022-11-03 18:00:00-04:00  10712.00  10721.75  10692.75  10714.50   10714.50    3410
2022-11-03 18:30:00-04:00  10713.75  10718.00  10707.00  10711.50   10711.50    1688
2022-11-03 19:00:00-04:00  10712.25  10719.75  10708.00  10717.25   10717.25    1589
2022-11-03 19:30:00-04:00  10716.75  10718.00  10705.25  10710.50   10710.50    1772
2022-11-03 20:00:00-04:00  10710.75  10734.00  10710.50  10721.00   10721.00    2463
2022-11-03 20:30:00-04:00  10721.00  10734.75  10719.25  10733.00   10733.00    2046
2022-11-03 21:00:00-04:00  10733.00  10735.25  10716.25  10720.75   10720.75    2493
2022-11-03 21:30:00-04:00  10720.75  10742.00  10720.50  10740.75   10740.75    2488
2022-11-03 22:00:00-04:00  10741.75  10748.75  10734.00  10747.75   10747.75    1735
2022-11-03 22:30:00-04:00  10748.00  10749.00  10735.25  10743.50   10743.50    1552
2022-11-03 23:00:00-04:00  10744.00  10747.50  10736.50  10744.00   10744.00    1185
2022-11-03 23:30:00-04:00  10744.75  10746.75  10736.75  10744.75   10744.75    1119
2022-11-04 00:00:00-04:00  10745.00  10761.50  10744.75  10753.50   10753.50    1699
2022-11-04 00:30:00-04:00  10753.50  10781.75  10752.75  10775.75   10775.75    3524
2022-11-04 01:00:00-04:00  10775.50  10793.25  10770.50  10785.00   10785.00    3270
2022-11-04 01:30:00-04:00  10785.50  10788.50  10768.75  10770.75   10770.75    2213
2022-11-04 02:00:00-04:00  10772.00  10792.25  10767.50  10788.00   10788.00    2063
2022-11-04 02:30:00-04:00  10787.75  10828.75  10781.00  10814.25   10814.25    5630
2022-11-04 03:00:00-04:00  10814.00  10823.75  10774.50  10780.25   10780.25    5456
2022-11-04 03:30:00-04:00  10779.75  10780.75  10750.00  10757.25   10757.25    7168
2022-11-04 04:00:00-04:00  10757.25  10788.75  10749.50  10769.00   10769.00    6823
2022-11-04 04:30:00-04:00  10768.50  10789.50  10757.00  10788.00   10788.00    4667
2022-11-04 05:00:00-04:00  10788.50  10831.50  10783.75  10810.50   10810.50    9892
2022-11-04 05:30:00-04:00  10810.75  10815.25  10800.50  10805.00   10805.00    4280
2022-11-04 06:00:00-04:00  10805.00  10819.25  10792.75  10809.50   10809.50    4645
2022-11-04 06:30:00-04:00  10809.50  10828.50  10808.75  10818.50   10818.50    3829
2022-11-04 07:00:00-04:00  10818.75  10844.25  10803.50  10809.75   10809.75    8922
2022-11-04 07:30:00-04:00  10808.75  10822.00  10798.00  10817.00   10817.00    5036
2022-11-04 08:00:00-04:00  10817.50  10817.75  10781.25  10792.25   10792.25   10747
2022-11-04 08:30:00-04:00  10793.00  10877.75  10636.00  10873.00   10873.00   65577
2022-11-04 09:00:00-04:00  10872.75  10937.00  10870.50  10932.50   10932.50   31413
2022-11-04 09:30:00-04:00  10932.25  10963.50  10724.75  10844.00   10844.00  106109
2022-11-04 10:00:00-04:00  10844.25  10946.25  10806.50  10923.00   10923.00   74007
2022-11-04 10:30:00-04:00  10923.75  10974.25  10867.25  10889.50   10889.50   57150
2022-11-04 11:00:00-04:00  10890.00  10906.50  10808.00  10814.75   10814.75   45130
2022-11-04 11:30:00-04:00  10815.50  10830.25  10700.75  10705.75   10705.75   53263
2022-11-04 12:00:00-04:00  10705.50  10795.75  10678.75  10784.00   10784.00   52883
2022-11-04 12:30:00-04:00  10777.50  10789.25  10696.50  10717.00   10717.00   34799
2022-11-04 13:00:00-04:00  10707.25  10738.50  10667.75  10700.00   10700.00   39084
2022-11-04 13:30:00-04:00  10700.25  10714.00  10678.00  10687.75   10687.75   24916
2022-11-04 14:00:00-04:00  10688.00  10756.00  10662.75  10744.00   10744.00   30153
2022-11-04 14:30:00-04:00  10742.00  10816.75  10731.00  10808.25   10808.25   34529
2022-11-04 15:00:00-04:00  10808.00  10863.25  10793.00  10836.00   10836.00   37662
2022-11-04 15:30:00-04:00  10836.50  10896.50  10817.25  10893.50   10893.50   49671
2022-11-04 16:00:00-04:00  10893.50  10916.50  10876.50  10879.00   10879.00   19092
2022-11-04 16:30:00-04:00  10879.25  10884.50  10866.25  10871.25   10871.25    2977
2022-11-06 18:00:00-05:00  10788.00  10817.50  10751.00  10800.25   10800.25    5247
2022-11-06 18:30:00-05:00  10800.00  10802.25  10786.75  10796.25   10796.25    2401
2022-11-06 19:00:00-05:00  10796.50  10829.00  10790.50  10814.75   10814.75    3178
2022-11-06 19:30:00-05:00  10815.25  10835.00  10808.25  10822.00   10822.00    2510
2022-11-06 20:00:00-05:00  10822.00  10822.00  10785.00  10792.50   10792.50    3348
2022-11-06 20:30:00-05:00  10791.75  10852.50  10789.25  10844.00   10844.00    5761
2022-11-06 21:00:00-05:00  10843.50  10850.00  10832.50  10846.75   10846.75    2551
2022-11-06 21:30:00-05:00  10845.25  10869.25  10842.00  10865.50   10865.50    2852
2022-11-06 22:00:00-05:00  10866.00  10882.00  10851.00  10867.50   10867.50    3221
2022-11-06 22:30:00-05:00  10867.75  10878.00  10861.75  10864.50   10864.50    1798
2022-11-06 23:00:00-05:00  10863.75  10874.75  10854.75  10867.00   10867.00    2511
2022-11-06 23:30:00-05:00  10867.50  10874.50  10862.25  10863.50   10863.50    1143
2022-11-07 00:00:00-05:00  10864.00  10871.00  10857.25  10866.50   10866.50    1506
2022-11-07 00:30:00-05:00  10866.25  10892.00  10854.00  10858.75   10858.75    2616
2022-11-07 01:00:00-05:00  10857.75  10872.25  10856.50  10863.50   10863.50    1404
2022-11-07 01:30:00-05:00  10863.25  10877.75  10860.25  10871.50   10871.50    1473
2022-11-07 02:00:00-05:00  10871.25  10875.25  10840.25  10841.25   10841.25    3548
2022-11-07 02:30:00-05:00  10841.00  10845.25  10815.00  10820.50   10820.50    3641
2022-11-07 03:00:00-05:00  10821.50  10880.75  10813.00  10877.75   10877.75    7006
2022-11-07 03:30:00-05:00  10878.25  10931.25  10877.50  10926.00   10926.00    8251
2022-11-07 04:00:00-05:00  10925.75  10944.25  10914.75  10927.00   10927.00    7512
2022-11-07 04:30:00-05:00  10927.50  10930.50  10899.25  10901.00   10901.00    4403
2022-11-07 05:00:00-05:00  10901.50  10941.75  10901.50  10938.00   10938.00    3670
2022-11-07 05:30:00-05:00  10938.00  10954.25  10927.75  10949.25   10949.25    4100
2022-11-07 06:00:00-05:00  10949.50  10972.00  10945.75  10953.00   10953.00    4726
2022-11-07 06:30:00-05:00  10952.50  10967.75  10943.00  10945.25   10945.25    3754
2022-11-07 07:00:00-05:00  10944.75  10962.50  10928.00  10933.25   10933.25    6653
2022-11-07 07:30:00-05:00  10932.75  10941.25  10919.25  10932.00   10932.00    4774
2022-11-07 08:00:00-05:00  10932.50  10953.00  10906.25  10914.25   10914.25   14041
2022-11-07 08:30:00-05:00  10913.75  10930.50  10908.75  10926.25   10926.25   10028
2022-11-07 09:00:00-05:00  10926.25  10945.50  10923.50  10939.25   10939.25   11101
2022-11-07 09:30:00-05:00  10938.75  10968.75  10856.25  10883.75   10883.75   68879
2022-11-07 10:00:00-05:00  10884.00  10962.00  10875.50  10893.50   10893.50   49717
2022-11-07 10:30:00-05:00  10893.75  10929.25  10865.00  10926.50   10926.50   34175
2022-11-07 11:00:00-05:00  10927.50  10948.50  10888.75  10937.00   10937.00   28764
2022-11-07 11:30:00-05:00  10937.50  10950.25  10866.75  10867.25   10867.25   28776
2022-11-07 12:00:00-05:00  10867.50  10905.00  10850.25  10897.75   10897.75   21223
2022-11-07 12:30:00-05:00  10898.00  10910.00  10881.00  10898.50   10898.50   16956
2022-11-07 13:00:00-05:00  10898.50  10940.75  10897.25  10924.00   10924.00   18053
2022-11-07 13:30:00-05:00  10924.00  10934.00  10903.75  10932.50   10932.50   13385
2022-11-07 14:00:00-05:00  10932.50  10998.75  10932.50  10995.75   10995.75   26825
2022-11-07 14:30:00-05:00  10995.75  11024.75  10991.75  10997.75   10997.75   27563
2022-11-07 15:00:00-05:00  10997.75  11032.25  10996.00  11025.00   11025.00   21033
2022-11-07 15:30:00-05:00  11024.25  11038.50  10997.25  11015.50   11015.50   34275
2022-11-07 16:00:00-05:00  11015.00  11029.25  11003.50  11022.25   11022.25   12220
2022-11-07 16:30:00-05:00  11022.75  11025.25  11008.75  11014.00   11014.00    2020
2022-11-07 18:00:00-05:00  11016.00  11023.25  11004.25  11015.25   11015.25    1155
2022-11-07 18:30:00-05:00  11015.00  11026.75  11010.00  11024.75   11024.75    1151
2022-11-07 19:00:00-05:00  11025.00  11033.50  11022.25  11032.75   11032.75    1897
2022-11-07 19:30:00-05:00  11032.25  11063.50  11032.25  11055.00   11055.00    4811
2022-11-07 20:00:00-05:00  11055.25  11055.25  11034.75  11041.25   11041.25    2483
2022-11-07 20:30:00-05:00  11041.50  11045.50  11031.00  11042.00   11042.00    1950
2022-11-07 21:00:00-05:00  11041.25  11041.75  11021.00  11028.50   11028.50    1924
2022-11-07 21:30:00-05:00  11028.00  11033.25  11014.75  11015.50   11015.50    1562
2022-11-07 22:00:00-05:00  11015.75  11025.50  11013.25  11025.00   11025.00    1428
2022-11-07 22:30:00-05:00  11024.50  11032.25  11022.25  11023.50   11023.50    1231
2022-11-07 23:00:00-05:00  11024.00  11030.00  11003.00  11003.50   11003.50    2013
2022-11-07 23:30:00-05:00  11003.75  11007.75  10996.25  11005.00   11005.00    1787
2022-11-08 00:00:00-05:00  11005.50  11005.50  10985.25  10991.50   10991.50    2112
2022-11-08 00:30:00-05:00  10992.00  10999.50  10983.25  10992.25   10992.25    2211
2022-11-08 01:00:00-05:00  10992.50  11004.50  10991.25  10999.25   10999.25    2938
2022-11-08 01:30:00-05:00  10998.75  11012.00  10996.50  11006.00   11006.00    2064
2022-11-08 02:00:00-05:00  11006.00  11008.00  10977.75  10994.25   10994.25    3405
2022-11-08 02:30:00-05:00  10993.75  10996.00  10977.75  10983.00   10983.00    2236
2022-11-08 03:00:00-05:00  10984.00  10984.75  10954.75  10975.25   10975.25    5785
2022-11-08 03:30:00-05:00  10975.25  11012.50  10971.25  11006.75   11006.75    5687
2022-11-08 04:00:00-05:00  11006.25  11039.00  10993.00  11038.25   11038.25    6769
2022-11-08 04:30:00-05:00  11038.75  11058.50  11034.00  11058.50   11058.50    4964
2022-11-08 05:00:00-05:00  11057.75  11075.75  11045.75  11052.00   11052.00    5464
2022-11-08 05:30:00-05:00  11053.50  11053.75  11033.25  11035.50   11035.50    3228
2022-11-08 06:00:00-05:00  11035.00  11065.25  11035.00  11060.50   11060.50    3378
2022-11-08 06:30:00-05:00  11060.50  11094.00  11058.50  11086.25   11086.25    6365
2022-11-08 07:00:00-05:00  11085.50  11087.50  11052.75  11065.50   11065.50    6178
2022-11-08 07:30:00-05:00  11065.50  11076.75  11054.75  11073.50   11073.50    4805
2022-11-08 08:00:00-05:00  11074.00  11075.75  11048.25  11058.50   11058.50    8449
2022-11-08 08:30:00-05:00  11058.75  11093.00  11058.00  11080.75   11080.75    8193
2022-11-08 09:00:00-05:00  11080.75  11104.50  11074.25  11076.25   11076.25   13208
2022-11-08 09:30:00-05:00  11076.00  11086.00  11006.75  11064.50   11064.50   76400
2022-11-08 10:00:00-05:00  11064.00  11111.50  11041.00  11091.75   11091.75   54782