                               Open      High       Low     Close  Adj Close  Volume
Datetime                                                                            
2022-10-12 10:30:00-04:00  10836.25  10858.00  10833.00  10835.75   10835.75    5728
2022-10-12 11:00:00-04:00  10837.25  10903.25  10835.75  10890.00   10890.00   37771
2022-10-12 11:30:00-04:00  10890.00  10921.75  10866.00  10912.50   10912.50   33410
2022-10-12 12:00:00-04:00  10912.75  10925.25  10856.75  10862.25   10862.25   30678
2022-10-12 12:30:00-04:00  10862.25  10888.75  10842.00  10882.50   10882.50   24553
2022-10-12 13:00:00-04:00  10882.25  10895.25  10860.50  10873.75   10873.75   20725
2022-10-12 13:30:00-04:00  10874.00  10876.25  10837.50  10849.50   10849.50   17946
2022-10-12 14:00:00-04:00  10848.75  10917.50  10830.25  10908.00   10908.00   52574
2022-10-12 14:30:00-04:00  10907.75  10919.25  10850.00  10856.75   10856.75   29699
2022-10-12 15:00:00-04:00  10857.00  10878.50  10837.75  10861.50   10861.50   27391
2022-10-12 15:30:00-04:00  10862.00  10885.25  10835.25  10837.00   10837.00   37664
2022-10-12 16:00:00-04:00  10837.00  10852.00  10833.75  10848.25   10848.25   12742
2022-10-12 16:30:00-04:00  10847.75  10854.00  10845.00  10853.00   10853.00    2074
2022-10-12 18:00:00-04:00  10859.00  10865.25  10849.75  10856.00   10856.00    1003
2022-10-12 18:30:00-04:00  10855.25  10857.25  10851.25  10855.25   10855.25     434
2022-10-12 19:00:00-04:00  10855.25  10861.75  10851.25  10859.75   10859.75     825
2022-10-12 19:30:00-04:00  10859.50  10873.00  10858.75  10869.00   10869.00    1364
2022-10-12 20:00:00-04:00  10868.50  10875.25  10856.50  10867.50   10867.50    2166
2022-10-12 20:30:00-04:00  10867.50  10877.00  10856.75  10872.75   10872.75    1759
2022-10-12 21:00:00-04:00  10873.25  10878.50  10855.50  10860.50   10860.50    1904
2022-10-12 21:30:00-04:00  10860.50  10871.00  10852.25  10858.75   10858.75    2140
2022-10-12 22:00:00-04:00  10858.25  10860.00  10834.75  10839.75   10839.75    2819
2022-10-12 22:30:00-04:00  10839.00  10852.00  10837.50  10846.50   10846.50    1626
2022-10-12 23:00:00-04:00  10846.25  10853.50  10844.00  10851.00   10851.00    1300
2022-10-12 23:30:00-04:00  10850.50  10854.75  10847.00  10850.75   10850.75     943
2022-10-13 00:00:00-04:00  10850.00  10858.00  10844.50  10847.00   10847.00    1396
2022-10-13 00:30:00-04:00  10846.75  10849.50  10837.00  10840.50   10840.50    1068
2022-10-13 01:00:00-04:00  10842.00  10843.50  10825.00  10836.75   10836.75    2105
2022-10-13 01:30:00-04:00  10835.75  10856.25  10827.25  10830.75   10830.75    2836
2022-10-13 02:00:00-04:00  10830.00  10842.50  10821.00  10827.25   10827.25    3725
2022-10-13 02:30:00-04:00  10826.50  10842.75  10823.00  10833.25   10833.25    2150
2022-10-13 03:00:00-04:00  10832.75  10852.75  10803.25  10851.00   10851.00    7939
2022-10-13 03:30:00-04:00  10850.25  10852.25  10832.25  10839.25   10839.25    4174
2022-10-13 04:00:00-04:00  10839.25  10842.75  10823.50  10842.50   10842.50    4089
2022-10-13 04:30:00-04:00  10842.25  10863.50  10837.50  10857.00   10857.00    4896
2022-10-13 05:00:00-04:00  10856.00  10886.00  10856.00  10874.00   10874.00    7309
2022-10-13 05:30:00-04:00  10873.75  10879.25  10855.50  10861.50   10861.50    3787
2022-10-13 06:00:00-04:00  10861.25  10871.75  10854.50  10866.25   10866.25    3077
2022-10-13 06:30:00-04:00  10866.50  10882.25  10861.25  10870.75   10870.75    4515
2022-10-13 07:00:00-04:00  10871.00  10888.25  10864.50  10879.50   10879.50    6011
2022-10-13 07:30:00-04:00  10879.00  10944.00  10875.50  10915.50   10915.50   17974
2022-10-13 08:00:00-04:00  10915.75  10999.00  10903.75  10932.50   10932.50   16235
2022-10-13 08:30:00-04:00  10920.00  10932.50  10502.00  10543.00   10543.00   82293
2022-10-13 09:00:00-04:00  10542.00  10568.00  10497.00  10522.75   10522.75   32759
2022-10-13 09:30:00-04:00  10523.00  10629.75  10484.75  10615.00   10615.00  107218
2022-10-13 10:00:00-04:00  10615.50  10697.00  10596.75  10611.75   10611.75   83210
2022-10-13 10:30:00-04:00  10612.00  10692.75  10604.25  10657.50   10657.50   64011
2022-10-13 11:00:00-04:00  10657.50  11014.50  10642.75  10921.75   10921.75  122425
2022-10-13 11:30:00-04:00  10923.00  11114.75  10895.50  11005.00   11005.00   91308
2022-10-13 12:00:00-04:00  11004.25  11041.25  10914.25  10927.75   10927.75   46691
2022-10-13 12:30:00-04:00  10928.25  10992.75  10918.75  10972.75   10972.75   34477
2022-10-13 13:00:00-04:00  10973.00  11085.25  10973.00  11067.00   11067.00   37660
2022-10-13 13:30:00-04:00  11067.25  11117.25  11048.25  11070.75   11070.75   39447
2022-10-13 14:00:00-04:00  11070.75  11073.75  11006.75  11010.50   11010.50   30638
2022-10-13 14:30:00-04:00  11010.50  11121.50  11010.00  11107.00   11107.00   35293
2022-10-13 15:00:00-04:00  11107.00  11142.75  11082.25  11091.75   11091.75   40337
2022-10-13 15:30:00-04:00  11091.25  11132.00  11053.50  11082.50   11082.50   55769
2022-10-13 16:00:00-04:00  11082.75  11112.75  11060.75  11076.50   11076.50   15614
2022-10-13 16:30:00-04:00  11076.25  11078.25  11064.25  11065.50   11065.50    2612
2022-10-13 18:00:00-04:00  11064.75  11086.25  11057.75  11062.25   11062.25    2039
2022-10-13 18:30:00-04:00  11062.25  11081.00  11061.50  11074.00   11074.00    2785
2022-10-13 19:00:00-04:00  11074.50  11082.00  11068.00  11078.00   11078.00    3473
2022-10-13 19:30:00-04:00  11079.75  11084.25  11064.00  11064.75   11064.75    1968
2022-10-13 20:00:00-04:00  11064.50  11068.25  11021.75  11054.50   11054.50    5985
2022-10-13 20:30:00-04:00  11055.00  11064.75  11046.50  11059.75   11059.75    3019
2022-10-13 21:00:00-04:00  11059.50  11076.00  11053.25  11057.50   11057.50    2604
2022-10-13 21:30:00-04:00  11057.50  11158.75  11057.50  11152.75   11152.75    9365
2022-10-13 22:00:00-04:00  11153.00  11156.75  11136.50  11153.25   11153.25    3836
2022-10-13 22:30:00-04:00  11153.50  11174.00  11134.75  11144.50   11144.50    5213
2022-10-13 23:00:00-04:00  11144.75  11150.00  11132.25  11147.50   11147.50    2124
2022-10-13 23:30:00-04:00  11148.75  11185.00  11145.00  11167.50   11167.50    4083
2022-10-14 00:00:00-04:00  11167.00  11167.25  11152.50  11154.50   11154.50    1843
2022-10-14 00:30:00-04:00  11155.00  11157.50  11141.75  11148.00   11148.00    6691
2022-10-14 01:00:00-04:00  11146.50  11152.25  11136.00  11138.75   11138.75    3444
2022-10-14 01:30:00-04:00  11140.00  11159.50  11132.00  11143.25   11143.25    2953
2022-10-14 02:00:00-04:00  11142.50  11164.50  11126.00  11159.75   11159.75    4511
2022-10-14 02:30:00-04:00  11159.50  11183.00  11147.25  11153.75   11153.75    6167
2022-10-14 03:00:00-04:00  11153.00  11156.25  11086.00  11101.25   11101.25    9574
2022-10-14 03:30:00-04:00  11100.75  11121.25  11082.75  11108.00   11108.00    8875
2022-10-14 04:00:00-04:00  11107.50  11109.25  11033.00  11043.00   11043.00   10408
2022-10-14 04:30:00-04:00  11042.00  11053.50  11005.50  11011.75   11011.75    7369
2022-10-14 05:00:00-04:00  11011.50  11034.75  11000.75  11007.75   11007.75    7101
2022-10-14 05:30:00-04:00  11008.25  11046.25  10988.25  11042.25   11042.25    9817
2022-10-14 06:00:00-04:00  11042.50  11127.75  11038.75  11100.75   11100.75   11308
2022-10-14 06:30:00-04:00  11102.25  11120.00  11080.75  11112.00   11112.00    9146
2022-10-14 07:00:00-04:00  11112.50  11125.00  11089.50  11101.75   11101.75    6927
2022-10-14 07:30:00-04:00  11101.50  11102.25  11027.25  11028.00   11028.00   11825
2022-10-14 08:00:00-04:00  11028.00  11092.50  11026.75  11072.00   11072.00   11249
2022-10-14 08:30:00-04:00  11071.25  11253.50  11038.25  11220.00   11220.00   39117
2022-10-14 09:00:00-04:00  11220.00  11226.50  11160.75  11181.50   11181.50   27979
2022-10-14 09:30:00-04:00  11181.25  11207.50  11031.00  11050.50   11050.50   93497
2022-10-14 10:00:00-04:00  11052.50  11054.25  10860.25  10920.25   10920.25   89352
2022-10-14 10:30:00-04:00  10919.75  10948.50  10852.75  10917.00   10917.00   51748
2022-10-14 11:00:00-04:00  10917.25  10971.50  10862.00  10920.25   10920.25   43554
2022-10-14 11:30:00-04:00  10920.75  10921.00  10826.50  10832.75   10832.75   36458
2022-10-14 12:00:00-04:00  10833.25  10875.25  10783.25  10834.00   10834.00   41602
2022-10-14 12:30:00-04:00  10834.00  10864.25  10807.50  10819.50   10819.50   25635
2022-10-14 13:00:00-04:00  10819.50  10852.00  10793.50  10823.75   10823.75   23897
2022-10-14 13:30:00-04:00  10824.25  10853.00  10817.50  10850.50   10850.50   20996
2022-10-14 14:00:00-04:00  10851.00  10851.50  10770.50  10790.50   10790.50   26841
2022-10-14 14:30:00-04:00  10789.25  10801.25  10767.25  10800.25   10800.25   25937
2022-10-14 15:00:00-04:00  10800.50  10824.50  10759.00  10788.25   10788.25   31869
2022-10-14 15:30:00-04:00  10788.75  10809.25  10726.75  10748.00   10748.00   58850
2022-10-14 16:00:00-04:00  10748.00  10765.75  10741.50  10750.25   10750.25   17830
2022-10-14 16:30:00-04:00  10750.25  10756.00  10745.00  10746.25   10746.25    2174
2022-10-16 18:00:00-04:00  10720.00  10799.00  10713.00  10794.25   10794.25    4316
2022-10-16 18:30:00-04:00  10793.50  10803.00  10787.00  10791.50   10791.50    2242
2022-10-16 19:00:00-04:00  10792.00  10796.00  10773.25  10779.75   10779.75    2136
2022-10-16 19:30:00-04:00  10779.25  10798.00  10773.75  10792.25   10792.25    3110
2022-10-16 20:00:00-04:00  10792.50  10799.00  10762.00  10770.50   10770.50    3750
2022-10-16 20:30:00-04:00  10770.75  10795.25  10767.25  10787.00   10787.00    3143
2022-10-16 21:00:00-04:00  10787.75  10800.00  10772.00  10794.00   10794.00    4556
2022-10-16 21:30:00-04:00  10793.50  10804.00  10782.00  10783.25   10783.25    2933
2022-10-16 22:00:00-04:00  10783.50  10794.50  10771.50  10780.75   10780.75    3137
2022-10-16 22:30:00-04:00  10781.00  10788.00  10774.25  10779.75   10779.75    1579
2022-10-16 23:00:00-04:00  10780.00  10792.00  10772.50  10790.00   10790.00    1668
2022-10-16 23:30:00-04:00  10787.00  10790.50  10782.50  10783.50   10783.50     961
2022-10-17 00:00:00-04:00  10784.50  10785.00  10776.25  10777.50   10777.50    3264
2022-10-17 00:30:00-04:00  10777.50  10792.00  10776.00  10789.25   10789.25    4603
2022-10-17 01:00:00-04:00  10788.00  10827.25  10786.75  10821.00   10821.00    5596
2022-10-17 01:30:00-04:00  10821.25  10850.25  10811.75  10840.00   10840.00    7254
2022-10-17 02:00:00-04:00  10839.00  10853.75  10828.50  10839.00   10839.00    6886
2022-10-17 02:30:00-04:00  10838.75  10848.25  10823.25  10837.25   10837.25    5178
2022-10-17 03:00:00-04:00  10836.75  10889.50  10810.50  10845.25   10845.25   11752
2022-10-17 03:30:00-04:00  10844.75  10901.50  10828.00  10880.25   10880.25    7082
2022-10-17 04:00:00-04:00  10881.25  10883.75  10841.00  10842.75   10842.75    5190
2022-10-17 04:30:00-04:00  10843.25  10872.00  10838.75  10863.50   10863.50    4606
2022-10-17 05:00:00-04:00  10862.75  10880.50  10856.00  10879.25   10879.25    3979
2022-10-17 05:30:00-04:00  10879.25  10887.75  10875.25  10882.75   10882.75    2656
2022-10-17 06:00:00-04:00  10881.75  10915.75  10876.00  10889.00   10889.00    5666
2022-10-17 06:30:00-04:00  10889.25  10908.75  10873.00  10903.75   10903.75    4685
2022-10-17 07:00:00-04:00  10904.50  10910.50  10878.00  10894.75   10894.75    4779
2022-10-17 07:30:00-04:00  10894.00  10905.50  10884.25  10901.50   10901.50    4155
2022-10-17 08:00:00-04:00  10900.50  10912.50  10875.50  10905.75   10905.75    9173
2022-10-17 08:30:00-04:00  10906.25  10950.25  10895.50  10944.25   10944.25   14466
2022-10-17 09:00:00-04:00  10944.50  11005.00  10944.25  11001.25   11001.25   22745
2022-10-17 09:30:00-04:00  11001.25  11116.75  10999.00  11073.50   11073.50   90930
2022-10-17 10:00:00-04:00  11074.25  11133.25  11058.50  11090.00   11090.00   54396
2022-10-17 10:30:00-04:00  11090.50  11109.50  11027.25  11047.00   11047.00   46181
2022-10-17 11:00:00-04:00  11047.00  11091.25  11022.50  11090.50   11090.50   32741
2022-10-17 11:30:00-04:00  11090.75  11138.00  11078.75  11114.75   11114.75   31931
2022-10-17 12:00:00-04:00  11114.75  11132.25  11081.50  11103.00   11103.00   24257
2022-10-17 12:30:00-04:00  11103.00  11123.50  11077.25  11095.00   11095.00   21642
2022-10-17 13:00:00-04:00  11095.50  11121.00  11077.25  11107.00   11107.00   17292
2022-10-17 13:30:00-04:00  11107.75  11137.25  11102.50  11128.00   11128.00   15672
2022-10-17 14:00:00-04:00  11128.50  11146.25  11097.25  11113.25   11113.25   21149
2022-10-17 14:30:00-04:00  11108.00  11134.25  11100.50  11113.00   11113.00   16123
2022-10-17 15:00:00-04:00  11103.25  11122.75  11088.25  11120.50   11120.50   23867
2022-10-17 15:30:00-04:00  11120.25  11136.75  11091.75  11111.25   11111.25   46310
2022-10-17 16:00:00-04:00  11111.00  11141.00  11103.50  11134.00   11134.00   14013
2022-10-17 16:30:00-04:00  11134.00  11146.25  11131.50  11134.00   11134.00    4246
2022-10-17 18:00:00-04:00  11161.25  11196.50  11160.00  11190.75   11190.75    3450
2022-10-17 18:30:00-04:00  11190.50  11191.50  11172.50  11185.75   11185.75    3124
2022-10-17 19:00:00-04:00  11185.75  11208.75  11183.00  11206.25   11206.25    2865
2022-10-17 19:30:00-04:00  11207.00  11218.75  11200.75  11211.25   11211.25    2984
2022-10-17 20:00:00-04:00  11211.00  11218.00  11198.00  11205.50   11205.50    2909
2022-10-17 20:30:00-04:00  11204.00  11208.00  11192.50  11205.25   11205.25    1926
2022-10-17 21:00:00-04:00  11205.00  11214.50  11191.50  11199.50   11199.50    2913
2022-10-17 21:30:00-04:00  11199.25  11202.00  11187.75  11194.50   11194.50    2309
2022-10-17 22:00:00-04:00  11195.00  11195.00  11182.75  11189.50   11189.50    2094
2022-10-17 22:30:00-04:00  11189.25  11191.00  11179.75  11188.00   11188.00    1442
2022-10-17 23:00:00-04:00  11188.25  11208.75  11187.50  11206.75   11206.75    1841
2022-10-17 23:30:00-04:00  11206.50  11316.00  11204.00  11297.50   11297.50   11570
2022-10-18 00:00:00-04:00  11297.50  11363.00  11297.50  11351.00   11351.00    9462
2022-10-18 00:30:00-04:00  11351.00  11360.00  11326.50  11332.00   11332.00    5048
2022-10-18 01:00:00-04:00  11331.50  11339.50  11312.00  11315.75   11315.75    3855
2022-10-18 01:30:00-04:00  11315.25  11326.75  11298.00  11306.50   11306.50    2998
2022-10-18 02:00:00-04:00  11305.50  11322.50  11287.25  11318.00   11318.00    4812
2022-10-18 02:30:00-04:00  11318.75  11352.50  11305.75  11311.25   11311.25    7749
2022-10-18 03:00:00-04:00  11310.75  11311.75  11263.75  11294.50   11294.50   10954
2022-10-18 03:30:00-04:00  11294.00  11337.50  11291.50  11330.00   11330.00    6755
2022-10-18 04:00:00-04:00  11330.75  11335.00  11304.00  11317.25   11317.25    7630
2022-10-18 04:30:00-04:00  11317.00  11324.75  11257.00  11259.50   11259.50    8180
2022-10-18 05:00:00-04:00  11259.25  11271.25  11237.75  11259.75   11259.75   10585
2022-10-18 05:30:00-04:00  11260.75  11293.25  11241.50  11291.25   11291.25    6989
2022-10-18 06:00:00-04:00  11290.75  11312.00  11280.00  11296.00   11296.00    7163
2022-10-18 06:30:00-04:00  11295.75  11330.25  11280.75  11288.25   11288.25    7603
2022-10-18 07:00:00-04:00  11288.25  11326.00  11284.00  11318.25   11318.25    7119
2022-10-18 07:30:00-04:00  11317.75  11356.25  11317.25  11340.25   11340.25   10731
2022-10-18 08:00:00-04:00  11340.75  11382.25  11336.00  11362.50   11362.50   12237
2022-10-18 08:30:00-04:00  11362.25  11398.50  11362.25  11390.75   11390.75   15175
2022-10-18 09:00:00-04:00  11391.75  11410.50  11357.25  11403.25   11403.25   19103
2022-10-18 09:30:00-04:00  11403.50  11431.75  11292.50  11307.25   11307.25   83864
2022-10-18 10:00:00-04:00  11307.25  11345.25  11258.50  11260.00   11260.00   51494
2022-10-18 10:30:00-04:00  11261.50  11282.00  11214.00  11244.25   11244.25   52430
2022-10-18 11:00:00-04:00  11244.00  11257.00  11109.50  11129.25   11129.25   66593
2022-10-18 11:30:00-04:00  11129.00  11160.75  11083.50  11157.00   11157.00   48044
2022-10-18 12:00:00-04:00  11157.25  11221.25  11129.50  11187.25   11187.25   39777
2022-10-18 12:30:00-04:00  11187.75  11247.25  11171.50  11193.75   11193.75   28253
2022-10-18 13:00:00-04:00  11194.25  11219.25  11147.25  11210.75   11210.75   32816
2022-10-18 13:30:00-04:00  11211.00  11254.75  11201.25  11241.75   11241.75   24107
2022-10-18 14:00:00-04:00  11242.00  11248.75  11211.00  11238.75   11238.75   21066
2022-10-18 14:30:00-04:00  11239.00  11239.25  11081.50  11139.25   11139.25   49532
2022-10-18 15:00:00-04:00  11136.75  11157.25  11098.25  11152.25   11152.25   29139
2022-10-18 15:30:00-04:00  11152.75  11217.50  11146.00  11203.00   11203.00   50520
2022-10-18 16:00:00-04:00  11203.25  11326.75  11156.75  11318.25   11318.25   38565
2022-10-18 16:30:00-04:00  11318.75  11338.50  11314.25  11322.75   11322.75    5063
2022-10-18 18:00:00-04:00  11320.25  11339.00  11306.75  11314.50   11314.50    2143
2022-10-18 18:30:00-04:00  11314.25  11334.00  11310.75  11331.00   11331.00    1519
2022-10-18 19:00:00-04:00  11331.75  11382.75  11329.75  11362.75   11362.75    4272
2022-10-18 19:30:00-04:00  11363.00  11373.50  11338.50  11344.50   11344.50    3930
2022-10-18 20:00:00-04:00  11343.00  11360.00  11316.25  11336.50   11336.50    4715
2022-10-18 20:30:00-04:00  11337.25  11359.75  11326.00  11349.00   11349.00    3315
2022-10-18 21:00:00-04:00  11350.00  11352.50  11339.00  11344.00   11344.00    2368
2022-10-18 21:30:00-04:00  11344.00  11377.50  11341.00  11362.75   11362.75    3563
2022-10-18 22:00:00-04:00  11362.75  11364.50  11344.00  11351.75   11351.75    2467
2022-10-18 22:30:00-04:00  11350.50  11352.50  11325.50  11338.75   11338.75    2617
2022-10-18 23:00:00-04:00  11338.75  11343.25  11320.25  11330.75   11330.75    2173
2022-10-18 23:30:00-04:00  11331.00  11343.00  11328.50  11331.50   11331.50    1405
2022-10-19 00:00:00-04:00  11332.00  11334.00  11315.50  11319.00   11319.00    2475
2022-10-19 00:30:00-04:00  11319.25  11322.25  11310.75  11314.75   11314.75    1558
2022-10-19 01:00:00-04:00  11315.75  11323.75  11292.50  11298.00   11298.00    2943
2022-10-19 01:30:00-04:00  11298.00  11305.75  11277.75  11289.00   11289.00    3902
2022-10-19 02:00:00-04:00  11288.75  11298.50  11258.75  11268.50   11268.50    6466
2022-10-19 02:30:00-04:00  11268.50  11276.25  11236.25  11244.75   11244.75    5905
2022-10-19 03:00:00-04:00  11245.50  11260.75  11223.50  11231.00   11231.00   10705
2022-10-19 03:30:00-04:00  11231.25  11259.50  11219.00  11253.50   11253.50    7805
2022-10-19 04:00:00-04:00  11253.00  11253.75  11174.00  11186.75   11186.75    9754
2022-10-19 04:30:00-04:00  11185.75  11217.25  11184.00  11212.25   11212.25    6152
2022-10-19 05:00:00-04:00  11211.25  11248.00  11207.00  11231.75   11231.75    6985
2022-10-19 05:30:00-04:00  11232.75  11290.25  11232.50  11290.00   11290.00    7047
2022-10-19 06:00:00-04:00  11289.75  11292.25  11241.25  11241.50   11241.50    7496
2022-10-19 06:30:00-04:00  11242.50  11252.75  11192.75  11216.25   11216.25    8413
2022-10-19 07:00:00-04:00  11216.50  11237.00  11137.75  11141.50   11141.50   13373
2022-10-19 07:30:00-04:00  11141.00  11171.25  11127.50  11169.50   11169.50   11207
2022-10-19 08:00:00-04:00  11169.00  11174.00  11110.50  11145.50   11145.50   15092
2022-10-19 08:30:00-04:00  11144.50  11147.50  11104.75  11130.50   11130.50   18589
2022-10-19 09:00:00-04:00  11130.75  11140.75  11106.50  11129.25   11129.25   13138
2022-10-19 09:30:00-04:00  11129.75  11213.25  11110.00  11137.25   11137.25   83791
2022-10-19 10:00:00-04:00  11137.00  11283.00  11120.75  11273.00   11273.00   63263