                                  Open         High          Low        Close    Adj Close     Volume
Datetime                                                                                             
2022-12-06 10:50:00-05:00  3960.600098  3962.330078  3958.439941  3958.540039  3958.540039          0
2022-12-06 10:55:00-05:00  3958.580078  3959.379883  3955.070068  3956.110107  3956.110107   25071647
2022-12-06 11:00:00-05:00  3956.139893  3957.979980  3953.989990  3954.020020  3954.020020   24738623
2022-12-06 11:05:00-05:00  3954.090088  3957.669922  3953.189941  3953.699951  3953.699951   25328408
2022-12-06 11:10:00-05:00  3953.770020  3960.020020  3953.770020  3954.550049  3954.550049          0
2022-12-06 11:15:00-05:00  3953.879883  3953.879883  3948.330078  3951.399902  3951.399902  688832566
2022-12-06 11:20:00-05:00  3951.469971  3957.330078  3951.469971  3957.169922  3957.169922   22258679
2022-12-06 11:25:00-05:00  3957.100098  3957.149902  3953.750000  3956.350098  3956.350098   22730841
2022-12-06 11:30:00-05:00  3956.360107  3960.120117  3954.860107  3958.070068  3958.070068   22049159
2022-12-06 11:35:00-05:00  3957.739990  3959.969971  3953.459961  3954.590088  3954.590088   19079271
2022-12-06 11:40:00-05:00  3954.500000  3956.399902  3952.800049  3956.310059  3956.310059   17547913
2022-12-06 11:45:00-05:00  3956.320068  3958.300049  3955.969971  3957.100098  3957.100098   18117610
2022-12-06 11:50:00-05:00  3957.120117  3958.590088  3952.320068  3952.340088  3952.340088   17363848
2022-12-06 11:55:00-05:00  3952.340088  3956.659912  3950.090088  3953.060059  3953.060059   18721533
2022-12-06 12:00:00-05:00  3953.000000  3956.419922  3952.679932  3955.310059  3955.310059   16649929
2022-12-06 12:05:00-05:00  3955.360107  3957.489990  3953.780029  3954.949951  3954.949951   17108090
2022-12-06 12:10:00-05:00  3954.929932  3955.149902  3952.250000  3952.550049  3952.550049   17033816
2022-12-06 12:15:00-05:00  3952.560059  3952.860107  3942.649902  3942.649902  3942.649902   23152906
2022-12-06 12:20:00-05:00  3942.699951  3947.790039  3942.649902  3947.149902  3947.149902   19237302
2022-12-06 12:25:00-05:00  3946.889893  3949.090088  3946.469971  3947.969971  3947.969971   15637003
2022-12-06 12:30:00-05:00  3947.959961  3949.020020  3945.439941  3948.949951  3948.949951   16317425
2022-12-06 12:35:00-05:00  3948.959961  3948.959961  3945.409912  3946.320068  3946.320068   16586731
2022-12-06 12:40:00-05:00  3946.300049  3947.590088  3944.669922  3946.830078  3946.830078   15119167
2022-12-06 12:45:00-05:00  3946.790039  3946.959961  3944.560059  3946.260010  3946.260010   14335566
2022-12-06 12:50:00-05:00  3946.250000  3946.639893  3943.510010  3945.399902  3945.399902   15844799
2022-12-06 12:55:00-05:00  3945.290039  3945.439941  3941.169922  3942.620117  3942.620117   17368457
2022-12-06 13:00:00-05:00  3942.580078  3944.770020  3940.540039  3941.570068  3941.570068   20183917
2022-12-06 13:05:00-05:00  3941.570068  3941.699951  3934.649902  3934.649902  3934.649902   18866816
2022-12-06 13:10:00-05:00  3934.669922  3936.659912  3933.389893  3936.659912  3936.659912   18316331
2022-12-06 13:15:00-05:00  3936.669922  3938.229980  3935.629883  3935.969971  3935.969971   17198244
2022-12-06 13:20:00-05:00  3935.800049  3936.820068  3932.989990  3933.209961  3933.209961   16384875
2022-12-06 13:25:00-05:00  3933.149902  3933.239990  3930.550049  3931.290039  3931.290039   17002337
2022-12-06 13:30:00-05:00  3931.270020  3932.760010  3928.419922  3931.340088  3931.340088   18764234
2022-12-06 13:35:00-05:00  3931.270020  3933.699951  3931.120117  3933.020020  3933.020020   20163312
2022-12-06 13:40:00-05:00  3932.989990  3937.379883  3932.989990  3937.379883  3937.379883   19229682
2022-12-06 13:45:00-05:00  3937.449951  3939.409912  3937.449951  3938.399902  3938.399902   16080285
2022-12-06 13:50:00-05:00  3938.370117  3938.419922  3933.870117  3934.080078  3934.080078   20387701
2022-12-06 13:55:00-05:00  3934.070068  3935.060059  3932.459961  3934.800049  3934.800049   17076393
2022-12-06 14:00:00-05:00  3934.790039  3935.679932  3930.580078  3931.239990  3931.239990   21422333
2022-12-06 14:05:00-05:00  3931.110107  3931.709961  3927.820068  3929.389893  3929.389893   19588214
2022-12-06 14:10:00-05:00  3929.370117  3929.370117  3925.959961  3927.770020  3927.770020   18800073
2022-12-06 14:15:00-05:00  3927.760010  3930.610107  3925.959961  3928.780029  3928.780029   21339042
2022-12-06 14:20:00-05:00  3928.760010  3929.250000  3926.080078  3928.959961  3928.959961   21229307
2022-12-06 14:25:00-05:00  3928.969971  3928.969971  3923.659912  3923.659912  3923.659912   20882084
2022-12-06 14:30:00-05:00  3923.649902  3924.949951  3919.669922  3920.550049  3920.550049   21280236
2022-12-06 14:35:00-05:00  3920.540039  3921.760010  3918.389893  3921.520020  3921.520020   21325159
2022-12-06 14:40:00-05:00  3921.550049  3926.929932  3921.510010  3926.709961  3926.709961   19386841
2022-12-06 14:45:00-05:00  3926.669922  3926.870117  3924.479980  3925.360107  3925.360107   18492828
2022-12-06 14:50:00-05:00  3925.360107  3929.620117  3924.419922  3929.139893  3929.139893   21365951
2022-12-06 14:55:00-05:00  3929.189941  3929.479980  3927.000000  3927.060059  3927.060059   19018486
2022-12-06 15:00:00-05:00  3927.060059  3934.199951  3927.060059  3931.530029  3931.530029   23557074
2022-12-06 15:05:00-05:00  3931.590088  3933.520020  3929.909912  3930.290039  3930.290039   22743595
2022-12-06 15:10:00-05:00  3930.280029  3930.350098  3926.889893  3927.260010  3927.260010   21746517
2022-12-06 15:15:00-05:00  3927.270020  3928.879883  3921.979980  3922.729980  3922.729980   28329477
2022-12-06 15:20:00-05:00  3922.729980  3927.500000  3922.080078  3926.219971  3926.219971   27400749
2022-12-06 15:25:00-05:00  3926.189941  3927.139893  3921.909912  3922.979980  3922.979980   27624099
2022-12-06 15:30:00-05:00  3922.969971  3931.340088  3922.840088  3928.679932  3928.679932   35327809
2022-12-06 15:35:00-05:00  3928.679932  3933.860107  3928.580078  3933.800049  3933.800049   33538382
2022-12-06 15:40:00-05:00  3933.750000  3940.229980  3931.239990  3938.419922  3938.419922   41575898
2022-12-06 15:45:00-05:00  3938.189941  3941.989990  3937.899902  3941.639893  3941.639893   48710125
2022-12-06 15:50:00-05:00  3941.870117  3943.860107  3938.449951  3941.889893  3941.889893   68107835
2022-12-06 15:55:00-05:00  3941.850098  3943.469971  3937.550049  3941.500000  3941.500000   80246924
2022-12-07 09:30:00-05:00  3933.280029  3944.090088  3929.169922  3943.760010  3943.760010   63748982
2022-12-07 09:35:00-05:00  3943.780029  3954.310059  3943.570068  3948.820068  3948.820068   35909289
2022-12-07 09:40:00-05:00  3948.570068  3950.590088  3941.610107  3942.060059  3942.060059   35264952
2022-12-07 09:45:00-05:00  3941.909912  3945.110107  3930.389893  3931.409912  3931.409912   37813148
2022-12-07 09:50:00-05:00  3930.989990  3932.989990  3926.159912  3929.669922  3929.669922   30595717
2022-12-07 09:55:00-05:00  3929.620117  3932.429932  3927.030029  3929.770020  3929.770020   26908571
2022-12-07 10:00:00-05:00  3929.919922  3940.100098  3922.679932  3939.870117  3939.870117   37090151
2022-12-07 10:05:00-05:00  3939.919922  3944.389893  3939.290039  3939.909912  3939.909912   43034058
2022-12-07 10:10:00-05:00  3939.879883  3942.610107  3926.090088  3938.939941  3938.939941   42022169
2022-12-07 10:15:00-05:00  3939.179932  3945.739990  3937.250000  3939.530029  3939.530029   25872923
2022-12-07 10:20:00-05:00  3939.439941  3942.850098  3936.820068  3939.600098  3939.600098   25434567
2022-12-07 10:25:00-05:00  3939.669922  3948.629883  3934.080078  3948.489990  3948.489990   28591158
2022-12-07 10:30:00-05:00  3948.510010  3952.149902  3941.209961  3941.560059  3941.560059   28323891
2022-12-07 10:35:00-05:00  3941.639893  3942.969971  3935.149902  3935.510010  3935.510010   22660604
2022-12-07 10:40:00-05:00  3935.469971  3941.010010  3934.949951  3940.850098  3940.850098   22168696
2022-12-07 10:45:00-05:00  3940.860107  3948.219971  3940.860107  3948.050049  3948.050049   24848436
2022-12-07 10:50:00-05:00  3948.010010  3955.629883  3946.939941  3952.209961  3952.209961   27913076
2022-12-07 10:55:00-05:00  3952.209961  3954.719971  3951.659912  3953.010010  3953.010010   15430516
2022-12-07 11:00:00-05:00  3954.520020  3956.439941  3952.860107  3955.290039  3955.290039   31191310
2022-12-07 11:05:00-05:00  3955.429932  3957.570068  3948.310059  3948.899902  3948.899902   23074398
2022-12-07 11:10:00-05:00  3948.889893  3949.889893  3942.860107  3943.699951  3943.699951   21226172
2022-12-07 11:15:00-05:00  3943.820068  3946.510010  3942.020020  3942.060059  3942.060059   21122530
2022-12-07 11:20:00-05:00  3942.189941  3942.250000  3929.250000  3929.250000  3929.250000   23604275
2022-12-07 11:25:00-05:00  3929.320068  3931.629883  3927.449951  3928.610107  3928.610107   23245837
2022-12-07 11:30:00-05:00  3928.469971  3930.080078  3925.979980  3926.239990  3926.239990   22160653
2022-12-07 11:35:00-05:00  3926.270020  3932.500000  3926.070068  3931.429932  3931.429932   16538610
2022-12-07 11:40:00-05:00  3931.120117  3934.320068  3931.120117  3933.760010  3933.760010   17067755
2022-12-07 11:45:00-05:00  3933.820068  3934.989990  3932.219971  3933.610107  3933.610107   18357498
2022-12-07 11:50:00-05:00  3933.540039  3934.570068  3929.620117  3930.360107  3930.360107   19995976
2022-12-07 11:55:00-05:00  3930.379883  3937.469971  3929.219971  3936.120117  3936.120117   17867917
2022-12-07 12:00:00-05:00  3935.969971  3938.330078  3932.360107  3932.810059  3932.810059   17994513
2022-12-07 12:05:00-05:00  3932.879883  3934.070068  3930.449951  3934.070068  3934.070068   18256820
2022-12-07 12:10:00-05:00  3934.260010  3936.929932  3930.149902  3933.870117  3933.870117   19116768
2022-12-07 12:15:00-05:00  3933.879883  3938.439941  3933.879883  3934.449951  3934.449951   15528824
2022-12-07 12:20:00-05:00  3934.389893  3936.560059  3932.429932  3932.500000  3932.500000   13763293
2022-12-07 12:25:00-05:00  3932.500000  3934.639893  3930.540039  3931.080078  3931.080078   15513550
2022-12-07 12:30:00-05:00  3931.090088  3932.209961  3929.250000  3930.129883  3930.129883   14304059
2022-12-07 12:35:00-05:00  3930.129883  3933.929932  3930.040039  3931.949951  3931.949951   15490491
2022-12-07 12:40:00-05:00  3931.949951  3940.189941  3931.879883  3938.969971  3938.969971   16426856
2022-12-07 12:45:00-05:00  3938.939941  3941.899902  3937.780029  3940.760010  3940.760010   15556227
2022-12-07 12:50:00-05:00  3940.780029  3941.709961  3939.189941  3940.629883  3940.629883   14464504
2022-12-07 12:55:00-05:00  3940.580078  3941.580078  3937.800049  3939.020020  3939.020020   15834120
2022-12-07 13:00:00-05:00  3939.020020  3941.409912  3936.939941  3936.939941  3936.939941   15364725
2022-12-07 13:05:00-05:00  3936.929932  3940.800049  3935.270020  3940.239990  3940.239990   15717887
2022-12-07 13:10:00-05:00  3940.159912  3945.120117  3938.570068  3944.580078  3944.580078   17555483
2022-12-07 13:15:00-05:00  3944.590088  3947.120117  3942.719971  3946.739990  3946.739990   14923506
2022-12-07 13:20:00-05:00  3946.770020  3946.770020  3942.429932  3944.969971  3944.969971   17431808
2022-12-07 13:25:00-05:00  3945.139893  3945.209961  3941.800049  3943.659912  3943.659912   13942678
2022-12-07 13:30:00-05:00  3943.639893  3943.639893  3940.300049  3942.040039  3942.040039   15927921
2022-12-07 13:35:00-05:00  3942.050049  3943.310059  3938.219971  3938.870117  3938.870117   16413021
2022-12-07 13:40:00-05:00  3938.889893  3941.149902  3938.659912  3940.020020  3940.020020   13412718
2022-12-07 13:45:00-05:00  3940.010010  3940.780029  3939.320068  3940.360107  3940.360107   13294198
2022-12-07 13:50:00-05:00  3940.389893  3940.409912  3934.870117  3936.080078  3936.080078   16022162
2022-12-07 13:55:00-05:00  3936.100098  3936.179932  3931.209961  3932.439941  3932.439941   14990332
2022-12-07 14:00:00-05:00  3932.399902  3933.110107  3925.679932  3927.780029  3927.780029   17557356
2022-12-07 14:05:00-05:00  3927.780029  3929.760010  3927.510010  3929.159912  3929.159912   14540077
2022-12-07 14:10:00-05:00  3929.149902  3934.969971  3928.060059  3934.800049  3934.800049   15921402
2022-12-07 14:15:00-05:00  3934.850098  3935.290039  3931.669922  3932.360107  3932.360107   14963936
2022-12-07 14:20:00-05:00  3932.300049  3932.600098  3927.330078  3929.459961  3929.459961   14543585
2022-12-07 14:25:00-05:00  3929.550049  3934.080078  3929.550049  3933.080078  3933.080078   14770890
2022-12-07 14:30:00-05:00  3933.100098  3936.250000  3931.060059  3936.250000  3936.250000   16222813
2022-12-07 14:35:00-05:00  3936.689941  3938.389893  3935.929932  3938.239990  3938.239990   14589770
2022-12-07 14:40:00-05:00  3938.209961  3938.800049  3933.540039  3936.399902  3936.399902   16745339
2022-12-07 14:45:00-05:00  3936.399902  3936.679932  3933.889893  3934.449951  3934.449951   13085219
2022-12-07 14:50:00-05:00  3934.459961  3934.629883  3931.699951  3931.800049  3931.800049   15229795
2022-12-07 14:55:00-05:00  3931.760010  3932.229980  3929.090088  3930.790039  3930.790039   17426027
2022-12-07 15:00:00-05:00  3930.840088  3935.179932  3930.379883  3935.179932  3935.179932   16797393
2022-12-07 15:05:00-05:00  3935.159912  3935.330078  3925.719971  3926.669922  3926.669922   20263494
2022-12-07 15:10:00-05:00  3926.850098  3929.879883  3926.290039  3928.239990  3928.239990   18414249
2022-12-07 15:15:00-05:00  3928.260010  3930.780029  3925.129883  3926.370117  3926.370117   21889081
2022-12-07 15:20:00-05:00  3926.370117  3927.199951  3923.000000  3927.010010  3927.010010   22393365
2022-12-07 15:25:00-05:00  3926.850098  3929.399902  3926.260010  3929.370117  3929.370117   21200616
2022-12-07 15:30:00-05:00  3929.360107  3933.689941  3929.199951  3931.169922  3931.169922   28993410
2022-12-07 15:35:00-05:00  3931.219971  3932.870117  3929.280029  3932.580078  3932.580078   25971493
2022-12-07 15:40:00-05:00  3932.570068  3933.159912  3928.929932  3929.459961  3929.459961   30098655
2022-12-07 15:45:00-05:00  3929.370117  3931.719971  3928.850098  3930.449951  3930.449951   37104470
2022-12-07 15:50:00-05:00  3930.479980  3934.100098  3929.870117  3933.790039  3933.790039   58463724
2022-12-07 15:55:00-05:00  3933.689941  3936.270020  3933.340088  3933.449951  3933.449951   71820928
2022-12-08 09:30:00-05:00  3947.790039  3952.820068  3940.350098  3941.520020  3941.520020   62825529
2022-12-08 09:35:00-05:00  3941.350098  3944.110107  3938.560059  3943.280029  3943.280029   32688244
2022-12-08 09:40:00-05:00  3943.219971  3946.139893  3938.189941  3938.189941  3938.189941   35041546
2022-12-08 09:45:00-05:00  3938.209961  3945.679932  3935.830078  3945.239990  3945.239990   34842397
2022-12-08 09:50:00-05:00  3945.300049  3955.570068  3945.000000  3953.669922  3953.669922   33485603
2022-12-08 09:55:00-05:00  3953.659912  3963.300049  3952.830078  3963.060059  3963.060059   32106484
2022-12-08 10:00:00-05:00  3963.270020  3966.850098  3962.250000  3964.500000  3964.500000   32315431
2022-12-08 10:05:00-05:00  3964.629883  3970.280029  3964.629883  3967.229980  3967.229980   29453306
2022-12-08 10:10:00-05:00  3967.389893  3968.479980  3964.939941  3967.260010  3967.260010   29739284
2022-12-08 10:15:00-05:00  3967.340088  3969.479980  3962.379883  3962.379883  3962.379883   27553420
2022-12-08 10:20:00-05:00  3962.409912  3966.439941  3962.409912  3965.659912  3965.659912   24286627
2022-12-08 10:25:00-05:00  3965.790039  3972.699951  3965.570068  3970.580078  3970.580078   27455941
2022-12-08 10:30:00-05:00  3970.790039  3972.120117  3965.729980  3971.739990  3971.739990   29629032
2022-12-08 10:35:00-05:00  3971.729980  3974.189941  3969.550049  3969.590088  3969.590088   25538834
2022-12-08 10:40:00-05:00  3969.620117  3970.600098  3964.979980  3966.290039  3966.290039   23088701
2022-12-08 10:45:00-05:00  3966.379883  3968.370117  3965.199951  3968.010010  3968.010010   20902005
2022-12-08 10:50:00-05:00  3968.010010  3970.030029  3967.330078  3968.840088  3968.840088   20587914
2022-12-08 10:55:00-05:00  3968.909912  3970.479980  3966.360107  3967.399902  3967.399902   22269115
2022-12-08 11:00:00-05:00  3967.310059  3969.959961  3963.919922  3964.300049  3964.300049          0
2022-12-08 11:05:00-05:00  3962.820068  3963.800049  3956.409912  3956.459961  3956.459961  603968837
2022-12-08 11:10:00-05:00  3956.379883  3960.620117  3956.189941  3960.370117  3960.370117   20629217
2022-12-08 11:15:00-05:00  3960.449951  3960.979980  3952.020020  3953.840088  3953.840088   22874668
2022-12-08 11:20:00-05:00  3953.820068  3955.899902  3951.860107  3953.550049  3953.550049   20038681
2022-12-08 11:25:00-05:00  3953.510010  3959.909912  3952.699951  3959.750000  3959.750000   19700074
2022-12-08 11:30:00-05:00  3959.729980  3960.929932  3959.290039  3959.689941  3959.689941   21457819
2022-12-08 11:35:00-05:00  3959.639893  3963.510010  3956.879883  3962.949951  3962.949951   19913312
2022-12-08 11:40:00-05:00  3962.939941  3963.290039  3959.699951  3962.530029  3962.530029   16370464
2022-12-08 11:45:00-05:00  3962.530029  3965.219971  3961.500000  3964.449951  3964.449951   17239086
2022-12-08 11:50:00-05:00  3964.479980  3964.770020  3962.580078  3964.100098  3964.100098   18349753
2022-12-08 11:55:00-05:00  3964.050049  3964.719971  3962.550049  3962.709961  3962.709961   15299245
2022-12-08 12:00:00-05:00  3962.699951  3964.260010  3958.840088  3958.959961  3958.959961   17952698
2022-12-08 12:05:00-05:00  3958.909912  3962.620117  3958.379883  3962.459961  3962.459961   14867495
2022-12-08 12:10:00-05:00  3962.439941  3964.050049  3960.550049  3962.409912  3962.409912   15156636
2022-12-08 12:15:00-05:00  3962.459961  3962.459961  3959.739990  3960.110107  3960.110107   15592641
2022-12-08 12:20:00-05:00  3960.060059  3961.270020  3956.469971  3960.760010  3960.760010   16279621
2022-12-08 12:25:00-05:00  3960.739990  3960.750000  3955.830078  3957.040039  3957.040039   16226636
2022-12-08 12:30:00-05:00  3957.050049  3958.090088  3954.850098  3957.560059  3957.560059   16295965
2022-12-08 12:35:00-05:00  3957.540039  3958.879883  3954.750000  3955.250000  3955.250000   14791179
2022-12-08 12:40:00-05:00  3955.239990  3956.919922  3954.739990  3955.510010  3955.510010   13507535
2022-12-08 12:45:00-05:00  3955.459961  3955.679932  3952.659912  3955.659912  3955.659912   14737914
2022-12-08 12:50:00-05:00  3955.649902  3959.600098  3955.649902  3959.600098  3959.600098   14862444
2022-12-08 12:55:00-05:00  3959.520020  3959.919922  3958.229980  3959.580078  3959.580078   13106124
2022-12-08 13:00:00-05:00  3959.560059  3961.530029  3959.330078  3960.709961  3960.709961   15576194
2022-12-08 13:05:00-05:00  3960.699951  3963.139893  3959.840088  3962.229980  3962.229980   16018013
2022-12-08 13:10:00-05:00  3962.229980  3962.260010  3959.270020  3959.370117  3959.370117   14815339
2022-12-08 13:15:00-05:00  3959.360107  3961.699951  3958.159912  3960.989990  3960.989990   14289103
2022-12-08 13:20:00-05:00  3960.979980  3960.979980  3957.979980  3960.600098  3960.600098   12777001
2022-12-08 13:25:00-05:00  3960.820068  3965.860107  3960.510010  3965.729980  3965.729980   16595666
2022-12-08 13:30:00-05:00  3965.790039  3969.379883  3965.790039  3967.520020  3967.520020   18382354
2022-12-08 13:35:00-05:00  3967.500000  3969.989990  3966.610107  3969.989990  3969.989990   15821728
2022-12-08 13:40:00-05:00  3969.979980  3973.300049  3969.979980  3972.350098  3972.350098   17549944
2022-12-08 13:45:00-05:00  3972.370117  3972.939941  3970.959961  3971.459961  3971.459961   13764189
2022-12-08 13:50:00-05:00  3971.479980  3971.489990  3966.219971  3966.219971  3966.219971   16640058
2022-12-08 13:55:00-05:00  3966.409912  3966.929932  3965.110107  3965.929932  3965.929932   17007442
2022-12-08 14:00:00-05:00  3965.939941  3965.939941  3955.189941  3955.189941  3955.189941   22066881
2022-12-08 14:05:00-05:00  3955.199951  3955.199951  3947.669922  3953.370117  3953.370117   26595658
2022-12-08 14:10:00-05:00  3953.340088  3953.340088  3949.479980  3953.229980  3953.229980   16552955
2022-12-08 14:15:00-05:00  3953.209961  3956.830078  3951.320068  3954.919922  3954.919922   18644873
2022-12-08 14:20:00-05:00  3954.810059  3957.310059  3953.810059  3956.320068  3956.320068   15471646
2022-12-08 14:25:00-05:00  3956.310059  3957.649902  3952.209961  3952.860107  3952.860107   15832724
2022-12-08 14:30:00-05:00  3952.840088  3953.419922  3949.370117  3951.389893  3951.389893   18577843
2022-12-08 14:35:00-05:00  3951.290039  3955.550049  3949.750000  3955.229980  3955.229980   17306397
2022-12-08 14:40:00-05:00  3955.199951  3957.620117  3954.929932  3955.209961  3955.209961   16570258
2022-12-08 14:45:00-05:00  3955.350098  3957.810059  3955.310059  3955.709961  3955.709961   16262518
2022-12-08 14:50:00-05:00  3955.709961  3960.340088  3953.310059  3960.080078  3960.080078   19047627
2022-12-08 14:55:00-05:00  3960.120117  3960.840088  3955.899902  3956.479980  3956.479980   17797284
2022-12-08 15:00:00-05:00  3956.469971  3956.479980  3953.000000  3954.719971  3954.719971   20062296
2022-12-08 15:05:00-05:00  3954.709961  3956.649902  3950.620117  3956.580078  3956.580078   20565793
2022-12-08 15:10:00-05:00  3956.489990  3959.659912  3954.939941  3956.120117  3956.120117   18681479
2022-12-08 15:15:00-05:00  3956.129883  3960.110107  3954.399902  3960.050049  3960.050049   20022428
2022-12-08 15:20:00-05:00  3959.929932  3964.030029  3957.830078  3963.649902  3963.649902   22292876
2022-12-08 15:25:00-05:00  3963.560059  3964.699951  3962.270020  3963.110107  3963.110107   22381609
2022-12-08 15:30:00-05:00  3963.110107  3966.620117  3960.629883  3961.409912  3961.409912   29004028
2022-12-08 15:35:00-05:00  3961.260010  3961.260010  3959.090088  3959.300049  3959.300049   27475023
2022-12-08 15:40:00-05:00  3959.169922  3959.699951  3957.500000  3958.959961  3958.959961   30890282
2022-12-08 15:45:00-05:00  3958.929932  3958.929932  3952.469971  3954.320068  3954.320068   44085813
2022-12-08 15:50:00-05:00  3954.399902  3959.110107  3951.679932  3958.550049  3958.550049   61923979
2022-12-08 15:55:00-05:00  3958.729980  3964.330078  3958.120117  3962.909912  3962.909912   70674153
2022-12-09 09:30:00-05:00  3954.169922  3956.350098  3943.750000  3954.620117  3954.620117   57415500
2022-12-09 09:35:00-05:00  3954.879883  3962.860107  3952.820068  3959.330078  3959.330078   30758658
2022-12-09 09:40:00-05:00  3959.409912  3965.679932  3955.699951  3965.679932  3965.679932   31838896
2022-12-09 09:45:00-05:00  3965.350098  3969.860107  3961.479980  3961.479980  3961.479980   30839577
2022-12-09 09:50:00-05:00  3961.489990  3961.489990  3953.610107  3955.760010  3955.760010   28700388
2022-12-09 09:55:00-05:00  3955.550049  3957.580078  3952.560059  3957.580078  3957.580078   22526647
2022-12-09 10:00:00-05:00  3957.879883  3966.250000  3949.590088  3962.810059  3962.810059   38838726
2022-12-09 10:05:00-05:00  3962.899902  3966.600098  3958.260010  3962.580078  3962.580078   26473255
2022-12-09 10:10:00-05:00  3962.560059  3965.350098  3955.060059  3959.489990  3959.489990   23912194
2022-12-09 10:15:00-05:00  3959.879883  3961.570068  3954.810059  3956.590088  3956.590088   23933896
2022-12-09 10:20:00-05:00  3956.520020  3958.949951  3953.229980  3954.030029  3954.030029   23533044
2022-12-09 10:25:00-05:00  3954.239990  3958.429932  3953.530029  3958.429932  3958.429932   21176538
2022-12-09 10:30:00-05:00  3958.429932  3966.949951  3958.320068  3959.199951  3959.199951   28359184
2022-12-09 10:35:00-05:00  3959.159912  3965.300049  3956.520020  3965.300049  3965.300049   20278601
2022-12-09 10:40:00-05:00  3965.360107  3965.830078  3959.979980  3962.320068  3962.320068   20643635
2022-12-09 10:45:00-05:00  3962.280029  3962.280029  3957.760010  3957.939941  3957.939941   19587323
2022-12-09 10:50:00-05:00  3957.860107  3963.870117  3956.800049  3962.969971  3962.969971   21829837
2022-12-09 10:55:00-05:00  3962.919922  3972.300049  3962.469971  3972.300049  3972.300049   23078517
2022-12-09 11:00:00-05:00  3972.250000  3975.139893  3970.729980  3973.820068  3973.820068   25064284
2022-12-09 11:05:00-05:00  3973.840088  3974.489990  3967.270020  3967.270020  3967.270020   20011410
2022-12-09 11:10:00-05:00  3967.260010  3967.560059  3963.659912  3963.800049  3963.800049   35242793
2022-12-09 11:15:00-05:00  3963.840088  3967.260010  3963.840088  3966.060059  3966.060059   18532656
2022-12-09 11:20:00-05:00  3966.010010  3969.889893  3965.510010  3969.000000  3969.000000   18413658
2022-12-09 11:25:00-05:00  3968.979980  3970.979980  3966.560059  3970.100098  3970.100098   19429840
2022-12-09 11:30:00-05:00  3970.120117  3972.050049  3968.590088  3970.540039  3970.540039   18816743
2022-12-09 11:35:00-05:00  3970.540039  3973.489990  3966.850098  3968.699951  3968.699951   19031867
2022-12-09 11:40:00-05:00  3968.699951  3971.879883  3964.639893  3971.879883  3971.879883   17166282
2022-12-09 11:45:00-05:00  3971.909912  3975.899902  3971.909912  3974.070068  3974.070068   17094737
2022-12-09 11:50:00-05:00  3974.199951  3977.020020  3974.199951  3974.629883  3974.629883   16895539
2022-12-09 11:55:00-05:00  3974.639893  3975.550049  3973.570068  3974.830078  3974.830078   15227966
2022-12-09 12:00:00-05:00  3974.810059  3975.169922  3971.090088  3971.649902  3971.649902   17862554
2022-12-09 12:05:00-05:00  3971.639893  3972.570068  3970.080078  3971.709961  3971.709961   13699557
2022-12-09 12:10:00-05:00  3971.790039  3975.389893  3971.770020  3974.489990  3974.489990   15602606
2022-12-09 12:15:00-05:00  3974.429932  3974.429932  3969.580078  3971.219971  3971.219971   15616912
2022-12-09 12:20:00-05:00  3971.280029  3971.399902  3966.600098  3966.709961  3966.709961   14445051
2022-12-09 12:25:00-05:00  3966.729980  3969.070068  3966.729980  3967.260010  3967.260010   13514218
2022-12-09 12:30:00-05:00  3967.280029  3971.389893  3967.030029  3970.320068  3970.320068   15328823
2022-12-09 12:35:00-05:00  3970.340088  3972.760010  3970.330078  3972.179932  3972.179932   13743965
2022-12-09 12:40:00-05:00  3972.219971  3973.100098  3967.610107  3969.159912  3969.159912   17280538
2022-12-09 12:45:00-05:00  3969.179932  3971.610107  3966.419922  3967.010010  3967.010010   15195852
2022-12-09 12:50:00-05:00  3966.949951  3966.959961  3964.959961  3964.989990  3964.989990   13240362
2022-12-09 12:55:00-05:00  3964.939941  3967.310059  3964.889893  3966.389893  3966.389893   13692738
2022-12-09 13:00:00-05:00  3966.399902  3966.399902  3960.729980  3963.120117  3963.120117   16852293
2022-12-09 13:05:00-05:00  3963.149902  3963.300049  3959.229980  3959.459961  3959.459961   14344225
2022-12-09 13:10:00-05:00  3959.409912  3960.340088  3956.649902  3960.229980  3960.229980   17318945
2022-12-09 13:15:00-05:00  3960.209961  3961.850098  3959.679932  3960.739990  3960.739990   14926237
2022-12-09 13:20:00-05:00  3960.739990  3960.739990  3957.060059  3957.060059  3957.060059   15971591
2022-12-09 13:25:00-05:00  3956.709961  3959.469971  3954.969971  3959.399902  3959.399902   14795658
2022-12-09 13:30:00-05:00  3959.270020  3963.389893  3958.389893  3960.550049  3960.550049   16196210
2022-12-09 13:35:00-05:00  3960.610107  3962.810059  3960.449951  3962.439941  3962.439941   12995030
2022-12-09 13:40:00-05:00  3962.489990  3963.399902  3959.770020  3961.149902  3961.149902   14348025
2022-12-09 13:45:00-05:00  3961.100098  3962.010010  3959.629883  3961.570068  3961.570068   13505821
2022-12-09 13:50:00-05:00  3961.600098  3963.479980  3959.800049  3960.610107  3960.610107   13450586
2022-12-09 13:55:00-05:00  3960.610107  3960.909912  3958.919922  3960.679932  3960.679932   12242982
2022-12-09 14:00:00-05:00  3960.669922  3961.100098  3955.760010  3955.889893  3955.889893   15238235
2022-12-09 14:05:00-05:00  3955.899902  3956.229980  3952.020020  3955.360107  3955.360107   16311209
2022-12-09 14:10:00-05:00  3955.350098  3958.090088  3952.679932  3958.090088  3958.090088   16140098
2022-12-09 14:15:00-05:00  3958.330078  3960.469971  3957.909912  3959.550049  3959.550049   16940303
2022-12-09 14:20:00-05:00  3959.469971  3959.860107  3956.889893  3959.040039  3959.040039   16050908
2022-12-09 14:25:00-05:00  3959.050049  3961.149902  3958.929932  3960.060059  3960.060059   15287419
2022-12-09 14:30:00-05:00  3960.010010  3960.919922  3957.870117  3960.120117  3960.120117   15464309
2022-12-09 14:35:00-05:00  3960.139893  3961.679932  3959.770020  3960.540039  3960.540039   13633248
2022-12-09 14:40:00-05:00  3960.530029  3960.750000  3956.889893  3958.300049  3958.300049   14771243
2022-12-09 14:45:00-05:00  3958.280029  3960.840088  3957.689941  3959.729980  3959.729980   15158016
2022-12-09 14:50:00-05:00  3959.770020  3959.909912  3957.330078  3959.860107  3959.860107   13342026
2022-12-09 14:55:00-05:00  3959.850098  3961.320068  3958.560059  3959.419922  3959.419922   17315753
2022-12-09 15:00:00-05:00  3959.330078  3960.860107  3958.290039  3960.659912  3960.659912   14993816
2022-12-09 15:05:00-05:00  3960.620117  3963.449951  3958.610107  3959.580078  3959.580078   17511397
2022-12-09 15:10:00-05:00  3959.580078  3962.229980  3958.169922  3961.929932  3961.929932   17450020
2022-12-09 15:15:00-05:00  3961.870117  3962.879883  3959.590088  3960.229980  3960.229980   21234362
2022-12-09 15:20:00-05:00  3960.219971  3960.750000  3957.489990  3957.570068  3957.570068   18556277
2022-12-09 15:25:00-05:00  3957.439941  3957.899902  3955.649902  3955.870117  3955.870117   20140939
2022-12-09 15:30:00-05:00  3955.860107  3956.679932  3953.830078  3954.459961  3954.459961   26416766
2022-12-09 15:35:00-05:00  3954.510010  3954.649902  3946.820068  3947.070068  3947.070068   27689036
2022-12-09 15:40:00-05:00  3947.050049  3947.050049  3942.050049  3942.600098  3942.600098   34846253
2022-12-09 15:45:00-05:00  3942.639893  3946.449951  3941.379883  3941.860107  3941.860107   40581780
2022-12-09 15:50:00-05:00  3941.850098  3941.850098  3934.590088  3938.060059  3938.060059   68569011
2022-12-09 15:55:00-05:00  3938.189941  3939.909912  3933.040039  3934.360107  3934.360107   76079258
2022-12-12 09:30:00-05:00  3939.290039  3945.659912  3939.290039  3940.070068  3940.070068          0
2022-12-12 09:35:00-05:00  3939.969971  3943.129883  3935.300049  3935.590088  3935.590088   30521132
2022-12-12 09:40:00-05:00  3935.500000  3938.959961  3935.500000  3938.679932  3938.679932   27342581
2022-12-12 09:45:00-05:00  3938.939941  3946.830078  3937.760010  3946.070068  3946.070068   40425149
2022-12-12 09:50:00-05:00  3946.159912  3947.729980  3942.070068  3943.439941  3943.439941   24658948
2022-12-12 09:55:00-05:00  3943.310059  3948.250000  3942.780029  3946.699951  3946.699951   25896288
2022-12-12 10:00:00-05:00  3946.879883  3949.110107  3944.719971  3946.810059  3946.810059   24921384
2022-12-12 10:05:00-05:00  3946.969971  3948.860107  3944.729980  3945.889893  3945.889893   26306901
2022-12-12 10:10:00-05:00  3946.010010  3948.040039  3943.389893  3944.540039  3944.540039   27797887
2022-12-12 10:15:00-05:00  3944.550049  3944.830078  3939.419922  3940.050049  3940.050049   25391408
2022-12-12 10:20:00-05:00  3940.100098  3944.899902  3939.429932  3944.750000  3944.750000   21744378
2022-12-12 10:25:00-05:00  3944.750000  3947.600098  3943.449951  3945.330078  3945.330078   21858576
2022-12-12 10:30:00-05:00  3945.270020  3946.629883  3943.320068  3944.159912  3944.159912   23803230
2022-12-12 10:35:00-05:00  3944.159912  3945.469971  3942.979980  3944.040039  3944.040039   23757653
2022-12-12 10:40:00-05:00  3944.139893  3947.580078  3943.510010  3947.399902  3947.399902   23106977
2022-12-12 10:45:00-05:00  3947.449951  3947.620117  3942.250000  3943.229980  3943.229980   27809689
2022-12-12 10:50:00-05:00  3943.260010  3944.219971  3941.479980  3944.209961  3944.209961   24136676
2022-12-12 10:55:00-05:00  3944.239990  3946.840088  3944.000000  3946.500000  3946.500000   20947068
2022-12-12 11:00:00-05:00  3946.560059  3950.489990  3944.929932  3949.679932  3949.679932   27642214
2022-12-12 11:05:00-05:00  3949.699951  3956.449951  3949.679932  3956.100098  3956.100098   22484761
2022-12-12 11:10:00-05:00  3956.070068  3956.070068  3952.429932  3953.889893  3953.889893   20182140
2022-12-12 11:15:00-05:00  3953.790039  3954.320068  3951.780029  3952.520020  3952.520020   19217846
2022-12-12 11:20:00-05:00  3952.469971  3955.840088  3952.449951  3955.429932  3955.429932   20278515
2022-12-12 11:25:00-05:00  3955.419922  3957.250000  3954.300049  3954.459961  3954.459961   18758878
2022-12-12 11:30:00-05:00  3954.429932  3954.669922  3949.899902  3950.770020  3950.770020   19699847
2022-12-12 11:35:00-05:00  3950.810059  3953.239990  3950.729980  3952.699951  3952.699951   16691967
2022-12-12 11:40:00-05:00  3952.699951  3952.949951  3951.239990  3951.669922  3951.669922   17733215
2022-12-12 11:45:00-05:00  3951.709961  3955.189941  3951.649902  3954.530029  3954.530029   18642651
2022-12-12 11:50:00-05:00  3954.489990  3954.830078  3952.909912  3953.350098  3953.350098   17085890
2022-12-12 11:55:00-05:00  3953.340088  3955.159912  3953.340088  3955.129883  3955.129883   15791095
2022-12-12 12:00:00-05:00  3955.129883  3958.879883  3954.159912  3958.040039  3958.040039   18590324
2022-12-12 12:05:00-05:00  3958.100098  3958.100098  3953.790039  3954.629883  3954.629883   15649284
2022-12-12 12:10:00-05:00  3954.620117  3954.959961  3952.669922  3952.870117  3952.870117   13804110
2022-12-12 12:15:00-05:00  3952.800049  3956.760010  3952.389893  3956.739990  3956.739990   16222807
2022-12-12 12:20:00-05:00  3956.800049  3956.820068  3953.770020  3953.770020  3953.770020   14978197
2022-12-12 12:25:00-05:00  3953.760010  3955.409912  3952.590088  3954.580078  3954.580078   15138328
2022-12-12 12:30:00-05:00  3954.560059  3955.820068  3953.340088  3955.300049  3955.300049   14443922
2022-12-12 12:35:00-05:00  3955.389893  3958.280029  3955.250000  3957.899902  3957.899902   17226784
2022-12-12 12:40:00-05:00  3957.870117  3959.729980  3956.570068  3957.469971  3957.469971   13828540
2022-12-12 12:45:00-05:00  3957.510010  3958.600098  3956.909912  3956.919922  3956.919922   12487623
2022-12-12 12:50:00-05:00  3956.909912  3958.699951  3956.020020  3958.459961  3958.459961   14813857
2022-12-12 12:55:00-05:00  3958.500000  3959.620117  3958.370117  3958.370117  3958.370117   12699387
2022-12-12 13:00:00-05:00  3958.340088  3963.120117  3954.199951  3954.370117  3954.370117   21952224
2022-12-12 13:05:00-05:00  3954.280029  3956.179932  3953.850098  3955.969971  3955.969971   14385020
2022-12-12 13:10:00-05:00  3956.020020  3956.139893  3952.330078  3952.600098  3952.600098   14563486
2022-12-12 13:15:00-05:00  3952.620117  3955.620117  3952.229980  3955.110107  3955.110107   17628717
2022-12-12 13:20:00-05:00  3955.110107  3955.939941  3953.959961  3954.040039  3954.040039   16217788
2022-12-12 13:25:00-05:00  3954.050049  3955.540039  3953.790039  3955.540039  3955.540039   14245749
2022-12-12 13:30:00-05:00  3955.550049  3958.810059  3955.449951  3957.949951  3957.949951   16523356
2022-12-12 13:35:00-05:00  3957.949951  3958.159912  3955.600098  3957.530029  3957.530029   15388365
2022-12-12 13:40:00-05:00  3957.540039  3958.979980  3957.469971  3958.830078  3958.830078   12785551
2022-12-12 13:45:00-05:00  3958.840088  3961.270020  3958.120117  3961.270020  3961.270020   17475501
2022-12-12 13:50:00-05:00  3961.550049  3962.219971  3959.590088  3959.629883  3959.629883   17325247
2022-12-12 13:55:00-05:00  3959.590088  3959.840088  3958.520020  3959.590088  3959.590088   15064034
2022-12-12 14:00:00-05:00  3959.580078  3960.669922  3956.850098  3957.850098  3957.850098   18677061
2022-12-12 14:05:00-05:00  3957.850098  3958.729980  3956.370117  3957.179932  3957.179932   15597349
2022-12-12 14:10:00-05:00  3957.270020  3958.199951  3955.489990  3958.030029  3958.030029   15179535
2022-12-12 14:15:00-05:00  3958.020020  3958.489990  3956.379883  3956.469971  3956.469971   15601235
2022-12-12 14:20:00-05:00  3956.489990  3957.000000  3955.290039  3956.739990  3956.739990   15028118
2022-12-12 14:25:00-05:00  3956.659912  3959.979980  3955.770020  3958.729980  3958.729980   17538717
2022-12-12 14:30:00-05:00  3958.689941  3958.689941  3956.219971  3957.580078  3957.580078   15947260
2022-12-12 14:35:00-05:00  3957.629883  3959.870117  3957.139893  3959.330078  3959.330078   17836755
2022-12-12 14:40:00-05:00  3959.350098  3962.080078  3959.350098  3961.149902  3961.149902   16848260
2022-12-12 14:45:00-05:00  3961.159912  3962.679932  3960.929932  3961.179932  3961.179932   20118645
2022-12-12 14:50:00-05:00  3961.189941  3966.080078  3960.909912  3966.040039  3966.040039   20511552
2022-12-12 14:55:00-05:00  3966.010010  3969.699951  3965.989990  3968.520020  3968.520020   20961251
2022-12-12 15:00:00-05:00  3968.489990  3970.540039  3968.489990  3970.179932  3970.179932   21727690
2022-12-12 15:05:00-05:00  3970.209961  3975.590088  3970.209961  3975.320068  3975.320068   23634217
2022-12-12 15:10:00-05:00  3975.330078  3977.649902  3972.360107  3972.889893  3972.889893   27294206
2022-12-12 15:15:00-05:00  3972.969971  3976.800049  3972.899902  3976.100098  3976.100098   25332191
2022-12-12 15:20:00-05:00  3976.060059  3983.060059  3975.530029  3983.060059  3983.060059   28572643
2022-12-12 15:25:00-05:00  3983.129883  3983.310059  3981.090088  3981.959961  3981.959961   26821431
2022-12-12 15:30:00-05:00  3981.949951  3985.899902  3981.949951  3985.860107  3985.860107   30745689
2022-12-12 15:35:00-05:00  3985.949951  3987.810059  3984.610107  3986.750000  3986.750000   33078875
2022-12-12 15:40:00-05:00  3986.820068  3986.840088  3981.100098  3981.100098  3981.100098   37988819
2022-12-12 15:45:00-05:00  3981.100098  3982.739990  3979.979980  3982.040039  3982.040039   47610772
2022-12-12 15:50:00-05:00  3982.090088  3983.959961  3980.120117  3983.330078  3983.330078   74552286
2022-12-12 15:55:00-05:00  3983.419922  3990.459961  3983.419922  3990.290039  3990.290039  126852177
2022-12-13 09:30:00-05:00  4069.379883  4096.250000  4069.379883  4085.590088  4085.590088   53746814
2022-12-13 09:35:00-05:00  4085.189941  4087.929932  4075.750000  4081.169922  4081.169922   59592635
2022-12-13 09:40:00-05:00  4081.100098  4091.649902  4081.100098  4090.570068  4090.570068   58191410
2022-12-13 09:45:00-05:00  4090.550049  4097.799805  4087.830078  4088.030029  4088.030029   55329720
2022-12-13 09:50:00-05:00  4088.699951  4100.779785  4087.000000  4099.770020  4099.770020   47200211
2022-12-13 09:55:00-05:00  4099.319824  4100.959961  4094.100098  4094.110107  4094.110107   42090477
2022-12-13 10:00:00-05:00  4094.260010  4096.089844  4082.000000  4083.500000  4083.500000   49649696
2022-12-13 10:05:00-05:00  4083.479980  4083.479980  4070.810059  4082.409912  4082.409912   48513611
2022-12-13 10:10:00-05:00  4082.419922  4082.550049  4076.739990  4078.310059  4078.310059   40066040
2022-12-13 10:15:00-05:00  4078.350098  4078.860107  4068.820068  4074.149902  4074.149902   36365237
2022-12-13 10:20:00-05:00  4074.219971  4074.379883  4057.550049  4058.429932  4058.429932   38583567
2022-12-13 10:25:00-05:00  4058.429932  4059.229980  4050.149902  4054.959961  4054.959961   54359016
2022-12-13 10:30:00-05:00  4055.229980  4061.580078  4048.409912  4061.580078  4061.580078   37564474
2022-12-13 10:35:00-05:00  4061.699951  4061.889893  4044.280029  4045.909912  4045.909912   28787980