                                  Open         High          Low        Close    Adj Close     Volume
Datetime                                                                                             
2022-12-15 10:50:00-05:00  3910.719971  3911.760010  3907.330078  3908.409912  3908.409912          0
2022-12-15 10:55:00-05:00  3908.449951  3908.949951  3903.030029  3906.649902  3906.649902   26059939
2022-12-15 11:00:00-05:00  3906.659912  3910.620117  3906.659912  3909.020020  3909.020020   23559727
2022-12-15 11:05:00-05:00  3908.959961  3908.959961  3901.030029  3902.560059  3902.560059   23556109
2022-12-15 11:10:00-05:00  3902.739990  3903.580078  3896.060059  3897.020020  3897.020020   25019808
2022-12-15 11:15:00-05:00  3896.879883  3900.840088  3892.439941  3900.540039  3900.540039   29208892
2022-12-15 11:20:00-05:00  3900.500000  3902.139893  3897.330078  3897.419922  3897.419922   21718190
2022-12-15 11:25:00-05:00  3897.600098  3898.959961  3896.020020  3897.550049  3897.550049   23680063
2022-12-15 11:30:00-05:00  3897.709961  3898.459961  3893.780029  3898.040039  3898.040039   26014947
2022-12-15 11:35:00-05:00  3898.110107  3900.580078  3895.909912  3898.500000  3898.500000   24510891
2022-12-15 11:40:00-05:00  3898.489990  3898.530029  3891.439941  3892.770020  3892.770020   22719020
2022-12-15 11:45:00-05:00  3892.790039  3896.179932  3889.469971  3889.580078  3889.580078   22389395
2022-12-15 11:50:00-05:00  3889.429932  3893.040039  3887.929932  3893.040039  3893.040039   21956083
2022-12-15 11:55:00-05:00  3893.060059  3894.330078  3891.320068  3892.600098  3892.600098   20002589
2022-12-15 12:00:00-05:00  3892.610107  3898.139893  3892.610107  3894.189941  3894.189941   21035208
2022-12-15 12:05:00-05:00  3894.409912  3897.070068  3894.370117  3896.010010  3896.010010   20241634
2022-12-15 12:10:00-05:00  3896.020020  3897.060059  3892.469971  3896.790039  3896.790039   18612232
2022-12-15 12:15:00-05:00  3896.810059  3900.510010  3895.699951  3899.780029  3899.780029   17823353
2022-12-15 12:20:00-05:00  3899.689941  3899.689941  3893.250000  3893.620117  3893.620117   19054642
2022-12-15 12:25:00-05:00  3893.590088  3897.570068  3893.590088  3897.350098  3897.350098   17141088
2022-12-15 12:30:00-05:00  3897.379883  3902.310059  3897.239990  3901.989990  3901.989990   20273968
2022-12-15 12:35:00-05:00  3901.969971  3903.409912  3896.429932  3897.729980  3897.729980   17714069
2022-12-15 12:40:00-05:00  3897.600098  3898.229980  3893.489990  3893.489990  3893.489990   16328899
2022-12-15 12:45:00-05:00  3893.370117  3894.659912  3891.179932  3893.100098  3893.100098   18906645
2022-12-15 12:50:00-05:00  3893.169922  3895.260010  3892.350098  3892.639893  3892.639893   16622986
2022-12-15 12:55:00-05:00  3892.629883  3892.649902  3886.629883  3888.590088  3888.590088   21567506
2022-12-15 13:00:00-05:00  3888.620117  3889.439941  3885.209961  3886.030029  3886.030029   17314622
2022-12-15 13:05:00-05:00  3886.100098  3886.229980  3879.449951  3881.830078  3881.830078   19727931
2022-12-15 13:10:00-05:00  3881.820068  3884.879883  3881.229980  3882.459961  3882.459961   18865055
2022-12-15 13:15:00-05:00  3882.469971  3884.929932  3881.399902  3881.399902  3881.399902   18775165
2022-12-15 13:20:00-05:00  3881.290039  3883.419922  3880.330078  3881.179932  3881.179932   15991140
2022-12-15 13:25:00-05:00  3881.129883  3884.060059  3880.770020  3883.879883  3883.879883   14482735
2022-12-15 13:30:00-05:00  3883.860107  3883.909912  3880.770020  3883.169922  3883.169922   17697375
2022-12-15 13:35:00-05:00  3883.189941  3888.040039  3881.800049  3886.840088  3886.840088   17294637
2022-12-15 13:40:00-05:00  3886.790039  3887.840088  3882.370117  3882.949951  3882.949951   17335549
2022-12-15 13:45:00-05:00  3882.989990  3884.629883  3882.610107  3882.610107  3882.610107   14880390
2022-12-15 13:50:00-05:00  3882.520020  3883.570068  3880.199951  3881.949951  3881.949951   19972183
2022-12-15 13:55:00-05:00  3881.979980  3887.159912  3881.959961  3887.159912  3887.159912   19107457
2022-12-15 14:00:00-05:00  3887.199951  3889.080078  3885.850098  3886.370117  3886.370117   17787879
2022-12-15 14:05:00-05:00  3886.280029  3886.280029  3882.070068  3882.070068  3882.070068   17636608
2022-12-15 14:10:00-05:00  3881.979980  3884.169922  3881.620117  3883.330078  3883.330078   16562774
2022-12-15 14:15:00-05:00  3883.330078  3885.860107  3882.090088  3884.790039  3884.790039   17099742
2022-12-15 14:20:00-05:00  3884.800049  3885.929932  3883.489990  3883.909912  3883.909912   18662176
2022-12-15 14:25:00-05:00  3883.879883  3884.870117  3881.709961  3884.020020  3884.020020   19304788
2022-12-15 14:30:00-05:00  3883.820068  3890.320068  3883.709961  3890.020020  3890.020020   20385882
2022-12-15 14:35:00-05:00  3890.040039  3896.219971  3887.159912  3894.840088  3894.840088   24974316
2022-12-15 14:40:00-05:00  3894.760010  3898.879883  3894.320068  3898.870117  3898.870117   20243523
2022-12-15 14:45:00-05:00  3898.949951  3899.139893  3892.100098  3893.870117  3893.870117   21499561
2022-12-15 14:50:00-05:00  3893.669922  3897.689941  3890.850098  3897.580078  3897.580078   24684377
2022-12-15 14:55:00-05:00  3897.580078  3901.899902  3896.219971  3901.709961  3901.709961   23980454
2022-12-15 15:00:00-05:00  3901.679932  3906.209961  3901.560059  3904.129883  3904.129883   28550024
2022-12-15 15:05:00-05:00  3904.100098  3907.699951  3902.330078  3907.399902  3907.399902   22551848
2022-12-15 15:10:00-05:00  3907.399902  3907.699951  3898.030029  3898.370117  3898.370117   27678567
2022-12-15 15:15:00-05:00  3898.409912  3900.550049  3895.919922  3895.919922  3895.919922   32060246
2022-12-15 15:20:00-05:00  3895.989990  3900.159912  3894.350098  3898.530029  3898.530029   25727625
2022-12-15 15:25:00-05:00  3898.500000  3906.479980  3897.270020  3905.870117  3905.870117   30564906
2022-12-15 15:30:00-05:00  3905.899902  3908.179932  3903.540039  3907.810059  3907.810059   33798060
2022-12-15 15:35:00-05:00  3907.770020  3907.770020  3897.270020  3899.139893  3899.139893   35697909
2022-12-15 15:40:00-05:00  3899.209961  3900.179932  3890.840088  3890.840088  3890.840088   41071657
2022-12-15 15:45:00-05:00  3890.770020  3893.139893  3889.820068  3890.750000  3890.750000   53173649
2022-12-15 15:50:00-05:00  3890.820068  3894.919922  3890.729980  3894.239990  3894.239990   78973766
2022-12-15 15:55:00-05:00  3894.260010  3897.449951  3890.550049  3897.449951  3897.449951  138946598
2022-12-16 09:30:00-05:00  3890.909912  3890.909912  3869.600098  3873.370117  3873.370117  339072734
2022-12-16 09:35:00-05:00  3873.340088  3875.290039  3865.310059  3866.409912  3866.409912   39811636
2022-12-16 09:40:00-05:00  3866.429932  3874.489990  3863.739990  3870.100098  3870.100098   36642228
2022-12-16 09:45:00-05:00  3870.739990  3880.310059  3868.360107  3880.310059  3880.310059   37291331
2022-12-16 09:50:00-05:00  3880.810059  3881.739990  3876.739990  3879.159912  3879.159912   30289121
2022-12-16 09:55:00-05:00  3879.399902  3880.209961  3875.629883  3876.129883  3876.129883   26199797
2022-12-16 10:00:00-05:00  3876.149902  3876.149902  3863.580078  3864.169922  3864.169922   32001579
2022-12-16 10:05:00-05:00  3863.760010  3865.840088  3854.669922  3854.669922  3854.669922   33555038
2022-12-16 10:10:00-05:00  3854.560059  3855.790039  3849.129883  3849.520020  3849.520020   34827588
2022-12-16 10:15:00-05:00  3849.449951  3854.100098  3846.919922  3853.729980  3853.729980   30803942
2022-12-16 10:20:00-05:00  3853.739990  3854.350098  3847.439941  3847.439941  3847.439941   27691821
2022-12-16 10:25:00-05:00  3847.330078  3850.659912  3844.449951  3844.459961  3844.459961   30265961
2022-12-16 10:30:00-05:00  3844.189941  3848.080078  3838.520020  3839.000000  3839.000000   31096976
2022-12-16 10:35:00-05:00  3838.989990  3843.889893  3836.290039  3843.530029  3843.530029   30639892
2022-12-16 10:40:00-05:00  3843.290039  3848.760010  3841.340088  3848.000000  3848.000000   26893731
2022-12-16 10:45:00-05:00  3847.959961  3848.459961  3843.120117  3843.590088  3843.590088   25517803
2022-12-16 10:50:00-05:00  3843.510010  3845.709961  3842.169922  3845.560059  3845.560059   21738599
2022-12-16 10:55:00-05:00  3845.530029  3847.550049  3844.229980  3847.479980  3847.479980   25804666
2022-12-16 11:00:00-05:00  3847.590088  3848.870117  3844.290039  3845.330078  3845.330078   23376943
2022-12-16 11:05:00-05:00  3845.360107  3847.669922  3842.169922  3842.290039  3842.290039   24812524
2022-12-16 11:10:00-05:00  3842.280029  3850.000000  3837.090088  3850.000000  3850.000000   28704604
2022-12-16 11:15:00-05:00  3849.959961  3851.449951  3846.689941  3847.610107  3847.610107   24411003
2022-12-16 11:20:00-05:00  3847.580078  3848.510010  3840.639893  3841.010010  3841.010010   23812214
2022-12-16 11:25:00-05:00  3840.929932  3844.820068  3840.530029  3841.729980  3841.729980   24636137
2022-12-16 11:30:00-05:00  3841.709961  3847.500000  3841.709961  3845.500000  3845.500000   27059760
2022-12-16 11:35:00-05:00  3845.500000  3847.500000  3844.199951  3846.070068  3846.070068   22616805
2022-12-16 11:40:00-05:00  3846.090088  3846.370117  3839.199951  3841.409912  3841.409912   22704851
2022-12-16 11:45:00-05:00  3841.370117  3842.449951  3834.120117  3834.580078  3834.580078   26311438
2022-12-16 11:50:00-05:00  3834.520020  3837.790039  3834.520020  3836.669922  3836.669922   20894079
2022-12-16 11:55:00-05:00  3836.729980  3836.729980  3831.500000  3832.879883  3832.879883   20803346
2022-12-16 12:00:00-05:00  3832.860107  3836.159912  3832.530029  3836.159912  3836.159912   21852089
2022-12-16 12:05:00-05:00  3836.090088  3836.090088  3833.110107  3833.169922  3833.169922   18245722
2022-12-16 12:10:00-05:00  3833.179932  3836.280029  3832.540039  3833.570068  3833.570068   19279299
2022-12-16 12:15:00-05:00  3833.600098  3838.469971  3832.260010  3838.469971  3838.469971   18970900
2022-12-16 12:20:00-05:00  3838.399902  3838.790039  3834.250000  3837.120117  3837.120117   20211734
2022-12-16 12:25:00-05:00  3837.010010  3838.280029  3835.639893  3838.270020  3838.270020   16113854
2022-12-16 12:30:00-05:00  3838.290039  3839.270020  3836.800049  3839.199951  3839.199951   18024354
2022-12-16 12:35:00-05:00  3839.139893  3845.169922  3838.409912  3842.550049  3842.550049   18710401
2022-12-16 12:40:00-05:00  3842.530029  3842.530029  3834.520020  3834.570068  3834.570068   20836207
2022-12-16 12:45:00-05:00  3834.590088  3836.100098  3833.320068  3835.179932  3835.179932   16921980
2022-12-16 12:50:00-05:00  3835.179932  3835.189941  3830.229980  3830.330078  3830.330078   20781687
2022-12-16 12:55:00-05:00  3830.330078  3830.790039  3827.909912  3828.760010  3828.760010   16950456
2022-12-16 13:00:00-05:00  3828.770020  3831.250000  3828.379883  3829.459961  3829.459961   17543099
2022-12-16 13:05:00-05:00  3829.459961  3831.810059  3828.129883  3831.409912  3831.409912   17871384
2022-12-16 13:10:00-05:00  3831.389893  3832.889893  3830.169922  3830.770020  3830.770020   18081067
2022-12-16 13:15:00-05:00  3830.850098  3834.870117  3830.790039  3831.389893  3831.389893   20401033
2022-12-16 13:20:00-05:00  3831.360107  3831.520020  3830.010010  3830.610107  3830.610107   17009309
2022-12-16 13:25:00-05:00  3830.610107  3830.629883  3829.260010  3829.310059  3829.310059   16388046
2022-12-16 13:30:00-05:00  3829.100098  3835.010010  3828.209961  3834.399902  3834.399902   18238192
2022-12-16 13:35:00-05:00  3834.280029  3835.560059  3831.979980  3831.979980  3831.979980   18050706
2022-12-16 13:40:00-05:00  3831.850098  3833.709961  3831.040039  3833.219971  3833.219971   17102721
2022-12-16 13:45:00-05:00  3833.189941  3837.100098  3833.159912  3836.590088  3836.590088   15730482
2022-12-16 13:50:00-05:00  3836.600098  3836.689941  3833.209961  3834.110107  3834.110107   15611469
2022-12-16 13:55:00-05:00  3834.149902  3835.510010  3831.929932  3834.159912  3834.159912   17538309
2022-12-16 14:00:00-05:00  3834.159912  3836.199951  3833.010010  3834.969971  3834.969971   18616119
2022-12-16 14:05:00-05:00  3834.810059  3838.080078  3833.840088  3837.580078  3837.580078   18701869
2022-12-16 14:10:00-05:00  3837.590088  3842.760010  3837.520020  3842.760010  3842.760010   21836218
2022-12-16 14:15:00-05:00  3842.729980  3844.179932  3840.629883  3841.010010  3841.010010   19416043
2022-12-16 14:20:00-05:00  3840.989990  3841.320068  3835.320068  3836.820068  3836.820068   19824232
2022-12-16 14:25:00-05:00  3836.729980  3837.139893  3834.820068  3834.830078  3834.830078   21595098
2022-12-16 14:30:00-05:00  3834.760010  3834.889893  3829.590088  3830.030029  3830.030029   21620983
2022-12-16 14:35:00-05:00  3830.030029  3833.800049  3830.030029  3832.899902  3832.899902   18863511
2022-12-16 14:40:00-05:00  3832.840088  3834.449951  3832.520020  3833.270020  3833.270020   18200425
2022-12-16 14:45:00-05:00  3833.239990  3835.530029  3831.610107  3835.530029  3835.530029   17983473
2022-12-16 14:50:00-05:00  3835.610107  3841.909912  3835.610107  3841.659912  3841.659912   21163960
2022-12-16 14:55:00-05:00  3841.689941  3849.050049  3840.770020  3846.590088  3846.590088   27765556
2022-12-16 15:00:00-05:00  3846.580078  3849.570068  3845.699951  3845.820068  3845.820068   26156789
2022-12-16 15:05:00-05:00  3845.770020  3845.770020  3841.100098  3841.909912  3841.909912   22613243
2022-12-16 15:10:00-05:00  3841.959961  3853.129883  3841.320068  3852.919922  3852.919922   29804280
2022-12-16 15:15:00-05:00  3852.909912  3858.689941  3852.909912  3853.239990  3853.239990   31128568
2022-12-16 15:20:00-05:00  3853.149902  3857.159912  3851.909912  3856.679932  3856.679932   28480537
2022-12-16 15:25:00-05:00  3856.629883  3858.689941  3854.090088  3857.790039  3857.790039   32706004
2022-12-16 15:30:00-05:00  3857.800049  3865.179932  3857.800049  3862.820068  3862.820068   41564383
2022-12-16 15:35:00-05:00  3862.729980  3865.350098  3859.600098  3862.820068  3862.820068   40267808
2022-12-16 15:40:00-05:00  3862.760010  3866.070068  3860.800049  3860.800049  3860.800049   50574310
2022-12-16 15:45:00-05:00  3860.629883  3864.649902  3858.830078  3859.969971  3859.969971   64208266
2022-12-16 15:50:00-05:00  3859.800049  3861.639893  3851.500000  3858.010010  3858.010010  128855343
2022-12-16 15:55:00-05:00  3858.070068  3861.969971  3851.020020  3851.020020  3851.020020  161341396
2022-12-19 09:30:00-05:00  3853.790039  3854.860107  3844.610107  3845.750000  3845.750000          0
2022-12-19 09:35:00-05:00  3845.550049  3853.840088  3844.409912  3852.139893  3852.139893   33058748
2022-12-19 09:40:00-05:00  3851.719971  3852.379883  3845.550049  3848.260010  3848.260010   33418924
2022-12-19 09:45:00-05:00  3848.229980  3848.550049  3837.689941  3838.790039  3838.790039   31597100
2022-12-19 09:50:00-05:00  3838.889893  3840.699951  3837.040039  3839.179932  3839.179932   25652310
2022-12-19 09:55:00-05:00  3838.989990  3840.600098  3836.229980  3840.600098  3840.600098   25023827
2022-12-19 10:00:00-05:00  3840.540039  3840.540039  3836.429932  3837.899902  3837.899902   26545401
2022-12-19 10:05:00-05:00  3837.860107  3837.860107  3834.550049  3837.199951  3837.199951   28804639
2022-12-19 10:10:00-05:00  3836.979980  3844.080078  3836.969971  3843.590088  3843.590088   23513223
2022-12-19 10:15:00-05:00  3843.649902  3845.080078  3841.000000  3844.379883  3844.379883   22146957
2022-12-19 10:20:00-05:00  3844.409912  3852.590088  3844.409912  3851.500000  3851.500000   24505411
2022-12-19 10:25:00-05:00  3851.399902  3852.449951  3849.979980  3852.330078  3852.330078   20569493
2022-12-19 10:30:00-05:00  3852.360107  3852.360107  3845.969971  3846.790039  3846.790039   22699182
2022-12-19 10:35:00-05:00  3846.889893  3848.060059  3841.080078  3841.090088  3841.090088   24729258
2022-12-19 10:40:00-05:00  3841.100098  3843.239990  3840.379883  3841.580078  3841.580078   23077454
2022-12-19 10:45:00-05:00  3841.570068  3843.810059  3841.100098  3843.020020  3843.020020   21125014
2022-12-19 10:50:00-05:00  3843.030029  3843.030029  3836.600098  3837.649902  3837.649902   20897846
2022-12-19 10:55:00-05:00  3837.639893  3837.800049  3833.899902  3833.929932  3833.929932   22804333
2022-12-19 11:00:00-05:00  3833.969971  3834.070068  3828.739990  3829.600098  3829.600098   23299158
2022-12-19 11:05:00-05:00  3829.510010  3831.790039  3829.090088  3831.629883  3831.629883   28621688
2022-12-19 11:10:00-05:00  3831.590088  3832.810059  3830.219971  3830.350098  3830.350098   20401169
2022-12-19 11:15:00-05:00  3830.340088  3834.669922  3829.840088  3834.570068  3834.570068   19969689
2022-12-19 11:20:00-05:00  3834.550049  3835.699951  3830.600098  3834.639893  3834.639893   19544822
2022-12-19 11:25:00-05:00  3834.669922  3834.760010  3830.500000  3833.060059  3833.060059   18303812
2022-12-19 11:30:00-05:00  3832.969971  3832.969971  3825.340088  3826.520020  3826.520020   20944483
2022-12-19 11:35:00-05:00  3826.479980  3826.479980  3824.850098  3825.350098  3825.350098   20809732
2022-12-19 11:40:00-05:00  3825.370117  3826.340088  3821.580078  3826.100098  3826.100098   22733768
2022-12-19 11:45:00-05:00  3826.050049  3829.060059  3825.949951  3829.000000  3829.000000   18834644
2022-12-19 11:50:00-05:00  3828.969971  3829.790039  3827.500000  3829.040039  3829.040039   15749735
2022-12-19 11:55:00-05:00  3829.030029  3829.310059  3825.860107  3826.689941  3826.689941   16883563
2022-12-19 12:00:00-05:00  3826.719971  3831.969971  3826.719971  3830.959961  3830.959961   17218309
2022-12-19 12:05:00-05:00  3830.969971  3833.290039  3829.810059  3831.790039  3831.790039   15738120
2022-12-19 12:10:00-05:00  3831.760010  3833.750000  3829.949951  3833.750000  3833.750000   15975844
2022-12-19 12:15:00-05:00  3833.780029  3834.129883  3831.510010  3832.760010  3832.760010   15316878
2022-12-19 12:20:00-05:00  3832.739990  3832.850098  3829.060059  3829.060059  3829.060059   14967085
2022-12-19 12:25:00-05:00  3829.100098  3829.530029  3827.179932  3827.219971  3827.219971   14648231
2022-12-19 12:30:00-05:00  3827.169922  3827.479980  3824.899902  3825.050049  3825.050049   16730772
2022-12-19 12:35:00-05:00  3825.050049  3829.500000  3825.020020  3828.489990  3828.489990   16759686
2022-12-19 12:40:00-05:00  3828.510010  3829.100098  3826.520020  3827.139893  3827.139893   13989324
2022-12-19 12:45:00-05:00  3827.129883  3831.899902  3826.370117  3831.709961  3831.709961   14922426
2022-12-19 12:50:00-05:00  3831.719971  3833.320068  3831.330078  3831.719971  3831.719971   16368704
2022-12-19 12:55:00-05:00  3831.689941  3831.689941  3829.479980  3830.649902  3830.649902   15261269
2022-12-19 13:00:00-05:00  3830.620117  3831.969971  3829.000000  3831.229980  3831.229980   16133889
2022-12-19 13:05:00-05:00  3831.260010  3831.899902  3826.570068  3826.850098  3826.850098   19445920
2022-12-19 13:10:00-05:00  3826.919922  3831.030029  3826.919922  3830.709961  3830.709961   19188809
2022-12-19 13:15:00-05:00  3830.770020  3830.810059  3827.620117  3828.830078  3828.830078   16702263
2022-12-19 13:20:00-05:00  3828.989990  3832.360107  3828.679932  3831.989990  3831.989990   18679544
2022-12-19 13:25:00-05:00  3832.010010  3833.469971  3826.780029  3827.479980  3827.479980   19707592
2022-12-19 13:30:00-05:00  3827.419922  3828.000000  3823.889893  3823.889893  3823.889893   17628859
2022-12-19 13:35:00-05:00  3823.860107  3825.320068  3822.209961  3824.699951  3824.699951   16770025
2022-12-19 13:40:00-05:00  3824.709961  3825.219971  3818.770020  3819.050049  3819.050049   18923474
2022-12-19 13:45:00-05:00  3819.040039  3819.469971  3817.340088  3819.070068  3819.070068   15599602
2022-12-19 13:50:00-05:00  3819.080078  3820.290039  3818.030029  3818.669922  3818.669922   16201860
2022-12-19 13:55:00-05:00  3818.800049  3818.800049  3815.370117  3815.629883  3815.629883   15286714
2022-12-19 14:00:00-05:00  3815.629883  3815.939941  3808.100098  3808.229980  3808.229980   21686526
2022-12-19 14:05:00-05:00  3808.219971  3813.639893  3808.040039  3812.800049  3812.800049   18429392
2022-12-19 14:10:00-05:00  3812.830078  3813.959961  3810.699951  3810.979980  3810.979980   18039633
2022-12-19 14:15:00-05:00  3810.949951  3811.820068  3808.459961  3808.459961  3808.459961   18998128
2022-12-19 14:20:00-05:00  3808.439941  3811.500000  3806.030029  3806.250000  3806.250000   18410930
2022-12-19 14:25:00-05:00  3806.239990  3807.540039  3803.620117  3803.620117  3803.620117   17759241
2022-12-19 14:30:00-05:00  3803.580078  3807.689941  3803.560059  3807.600098  3807.600098   18479662
2022-12-19 14:35:00-05:00  3807.649902  3807.750000  3804.780029  3807.360107  3807.360107   18925054
2022-12-19 14:40:00-05:00  3807.360107  3807.360107  3802.850098  3805.939941  3805.939941   19497365
2022-12-19 14:45:00-05:00  3806.320068  3811.479980  3805.389893  3805.760010  3805.760010   21044748
2022-12-19 14:50:00-05:00  3805.739990  3805.739990  3800.219971  3800.979980  3800.979980   19713378
2022-12-19 14:55:00-05:00  3801.050049  3804.800049  3800.870117  3804.179932  3804.179932   19185646
2022-12-19 15:00:00-05:00  3804.110107  3804.250000  3800.040039  3801.120117  3801.120117   23032488
2022-12-19 15:05:00-05:00  3801.139893  3803.580078  3800.159912  3803.540039  3803.540039   21916801
2022-12-19 15:10:00-05:00  3803.570068  3805.379883  3801.959961  3801.959961  3801.959961   25049852
2022-12-19 15:15:00-05:00  3801.889893  3806.199951  3801.860107  3805.120117  3805.120117   23710460
2022-12-19 15:20:00-05:00  3805.199951  3806.159912  3802.389893  3805.060059  3805.060059   27269320
2022-12-19 15:25:00-05:00  3805.060059  3807.370117  3804.379883  3804.860107  3804.860107   25701494
2022-12-19 15:30:00-05:00  3804.889893  3809.320068  3804.629883  3808.169922  3808.169922   34776186
2022-12-19 15:35:00-05:00  3808.100098  3810.820068  3805.229980  3805.439941  3805.439941   31674889
2022-12-19 15:40:00-05:00  3805.370117  3807.560059  3802.659912  3807.020020  3807.020020   34818778
2022-12-19 15:45:00-05:00  3806.850098  3812.389893  3806.350098  3809.739990  3809.739990   43660097
2022-12-19 15:50:00-05:00  3809.699951  3815.760010  3809.699951  3815.760010  3815.760010   64539748
2022-12-19 15:55:00-05:00  3815.760010  3820.469971  3814.629883  3817.820068  3817.820068  114341964
2022-12-20 09:30:00-05:00  3810.469971  3810.469971  3803.459961  3809.330078  3809.330078   65230865
2022-12-20 09:35:00-05:00  3809.229980  3814.620117  3806.979980  3813.370117  3813.370117   40236198
2022-12-20 09:40:00-05:00  3813.600098  3814.409912  3801.189941  3801.189941  3801.189941   34189387
2022-12-20 09:45:00-05:00  3800.979980  3801.959961  3796.570068  3800.320068  3800.320068   39143083
2022-12-20 09:50:00-05:00  3800.389893  3804.209961  3795.620117  3802.479980  3802.479980   28858730
2022-12-20 09:55:00-05:00  3802.590088  3818.649902  3802.439941  3817.300049  3817.300049   31988758
2022-12-20 10:00:00-05:00  3817.360107  3822.909912  3817.060059  3820.159912  3820.159912   30431485
2022-12-20 10:05:00-05:00  3820.010010  3825.810059  3820.010010  3820.419922  3820.419922   29430121
2022-12-20 10:10:00-05:00  3820.449951  3825.360107  3817.169922  3824.199951  3824.199951   28663599
2022-12-20 10:15:00-05:00  3823.959961  3825.419922  3821.709961  3823.629883  3823.629883   25412036
2022-12-20 10:20:00-05:00  3823.629883  3832.780029  3823.469971  3830.570068  3830.570068   25467145
2022-12-20 10:25:00-05:00  3830.620117  3831.860107  3827.260010  3830.949951  3830.949951   27537350
2022-12-20 10:30:00-05:00  3831.010010  3837.229980  3831.010010  3832.830078  3832.830078   25742678
2022-12-20 10:35:00-05:00  3832.929932  3837.590088  3832.669922  3835.209961  3835.209961   23262978
2022-12-20 10:40:00-05:00  3835.199951  3836.219971  3831.449951  3833.649902  3833.649902   22287409
2022-12-20 10:45:00-05:00  3833.620117  3835.159912  3830.389893  3834.879883  3834.879883   25451272
2022-12-20 10:50:00-05:00  3834.310059  3835.580078  3831.129883  3834.199951  3834.199951   21080328
2022-12-20 10:55:00-05:00  3834.260010  3836.340088  3829.459961  3829.489990  3829.489990   22213748
2022-12-20 11:00:00-05:00  3829.530029  3831.159912  3826.929932  3830.000000  3830.000000   24939172
2022-12-20 11:05:00-05:00  3830.120117  3830.169922  3825.939941  3825.979980  3825.979980   19711186
2022-12-20 11:10:00-05:00  3825.870117  3826.229980  3820.739990  3822.870117  3822.870117   28621968
2022-12-20 11:15:00-05:00  3822.629883  3822.860107  3810.179932  3813.510010  3813.510010   35021505
2022-12-20 11:20:00-05:00  3813.479980  3814.209961  3810.699951  3813.169922  3813.169922   24573878
2022-12-20 11:25:00-05:00  3812.969971  3813.149902  3806.050049  3807.979980  3807.979980   24095857
2022-12-20 11:30:00-05:00  3808.129883  3813.540039  3807.800049  3812.649902  3812.649902   19763506
2022-12-20 11:35:00-05:00  3812.699951  3813.649902  3810.270020  3812.389893  3812.389893   17770809
2022-12-20 11:40:00-05:00  3812.370117  3815.179932  3810.169922  3814.659912  3814.659912   19246662
2022-12-20 11:45:00-05:00  3814.850098  3817.449951  3813.010010  3817.300049  3817.300049   17615555
2022-12-20 11:50:00-05:00  3817.409912  3817.870117  3814.620117  3817.659912  3817.659912   15487793
2022-12-20 11:55:00-05:00  3817.659912  3823.000000  3814.949951  3822.550049  3822.550049   18552949
2022-12-20 12:00:00-05:00  3822.560059  3825.060059  3822.179932  3824.090088  3824.090088   14994402
2022-12-20 12:05:00-05:00  3824.040039  3828.010010  3823.590088  3826.409912  3826.409912   16763367
2022-12-20 12:10:00-05:00  3826.399902  3829.090088  3822.580078  3823.229980  3823.229980   18535974
2022-12-20 12:15:00-05:00  3823.280029  3824.510010  3822.350098  3822.679932  3822.679932   15158935
2022-12-20 12:20:00-05:00  3822.600098  3827.360107  3822.379883  3826.820068  3826.820068   15798706
2022-12-20 12:25:00-05:00  3826.840088  3827.879883  3823.580078  3823.770020  3823.770020   16677770
2022-12-20 12:30:00-05:00  3823.290039  3823.649902  3818.320068  3818.320068  3818.320068   16567437
2022-12-20 12:35:00-05:00  3818.360107  3819.260010  3817.090088  3819.260010  3819.260010   16209644
2022-12-20 12:40:00-05:00  3819.270020  3824.520020  3819.270020  3821.040039  3821.040039   15891559
2022-12-20 12:45:00-05:00  3821.010010  3824.820068  3820.580078  3823.729980  3823.729980   16968942
2022-12-20 12:50:00-05:00  3823.780029  3825.530029  3823.090088  3825.199951  3825.199951   13501869
2022-12-20 12:55:00-05:00  3825.280029  3827.969971  3824.550049  3827.870117  3827.870117   14288147
2022-12-20 13:00:00-05:00  3827.889893  3830.850098  3827.739990  3829.639893  3829.639893   16701248
2022-12-20 13:05:00-05:00  3829.610107  3829.620117  3825.830078  3826.300049  3826.300049   16009840
2022-12-20 13:10:00-05:00  3826.310059  3826.620117  3822.389893  3824.929932  3824.929932   14613453
2022-12-20 13:15:00-05:00  3824.939941  3828.899902  3824.820068  3825.139893  3825.139893   15546879
2022-12-20 13:20:00-05:00  3825.139893  3828.500000  3823.639893  3827.399902  3827.399902   14760981
2022-12-20 13:25:00-05:00  3827.520020  3832.760010  3827.520020  3831.020020  3831.020020   15780248
2022-12-20 13:30:00-05:00  3831.090088  3835.709961  3831.080078  3834.219971  3834.219971   16233254
2022-12-20 13:35:00-05:00  3834.290039  3838.229980  3834.030029  3837.159912  3837.159912   20744018
2022-12-20 13:40:00-05:00  3837.189941  3838.239990  3834.139893  3835.149902  3835.149902   16152347
2022-12-20 13:45:00-05:00  3835.209961  3835.540039  3831.929932  3832.570068  3832.570068   15604976
2022-12-20 13:50:00-05:00  3832.550049  3833.050049  3831.469971  3831.479980  3831.479980   13669332
2022-12-20 13:55:00-05:00  3831.479980  3832.010010  3828.649902  3829.179932  3829.179932   15234563
2022-12-20 14:00:00-05:00  3829.189941  3833.370117  3827.739990  3832.070068  3832.070068   18322545
2022-12-20 14:05:00-05:00  3832.070068  3834.000000  3830.260010  3832.540039  3832.540039   17128079
2022-12-20 14:10:00-05:00  3832.550049  3836.209961  3832.530029  3835.439941  3835.439941   16224329
2022-12-20 14:15:00-05:00  3835.360107  3835.800049  3831.860107  3832.320068  3832.320068   15133274
2022-12-20 14:20:00-05:00  3832.300049  3832.419922  3829.020020  3829.330078  3829.330078   16671720
2022-12-20 14:25:00-05:00  3829.250000  3830.729980  3828.379883  3830.120117  3830.120117   15756387
2022-12-20 14:30:00-05:00  3830.179932  3830.689941  3828.439941  3829.409912  3829.409912   15355917
2022-12-20 14:35:00-05:00  3829.419922  3829.419922  3825.469971  3826.790039  3826.790039   17480309
2022-12-20 14:40:00-05:00  3826.800049  3828.000000  3823.209961  3823.780029  3823.780029   17311802
2022-12-20 14:45:00-05:00  3823.770020  3825.560059  3823.530029  3823.860107  3823.860107   15129171
2022-12-20 14:50:00-05:00  3823.989990  3826.090088  3821.679932  3826.020020  3826.020020   19009080
2022-12-20 14:55:00-05:00  3826.000000  3826.370117  3822.679932  3823.889893  3823.889893   16417951
2022-12-20 15:00:00-05:00  3823.800049  3824.110107  3819.159912  3819.860107  3819.860107   22246769
2022-12-20 15:05:00-05:00  3819.939941  3820.790039  3817.689941  3819.639893  3819.639893   18590961
2022-12-20 15:10:00-05:00  3819.669922  3822.330078  3818.959961  3822.250000  3822.250000   18004169
2022-12-20 15:15:00-05:00  3822.169922  3824.260010  3820.600098  3820.689941  3820.689941   22621388
2022-12-20 15:20:00-05:00  3820.679932  3822.810059  3819.560059  3821.639893  3821.639893   20292152
2022-12-20 15:25:00-05:00  3821.620117  3827.729980  3821.620117  3826.969971  3826.969971   23322801
2022-12-20 15:30:00-05:00  3826.959961  3829.159912  3825.280029  3827.439941  3827.439941   27498068
2022-12-20 15:35:00-05:00  3827.439941  3831.919922  3827.389893  3831.899902  3831.899902   27627567
2022-12-20 15:40:00-05:00  3831.860107  3831.860107  3828.780029  3829.709961  3829.709961   31335816
2022-12-20 15:45:00-05:00  3829.719971  3831.110107  3827.510010  3829.810059  3829.810059   41774847
2022-12-20 15:50:00-05:00  3829.760010  3829.760010  3825.010010  3825.330078  3825.330078   60914196
2022-12-20 15:55:00-05:00  3825.340088  3825.590088  3820.790039  3821.979980  3821.979980  112093315
2022-12-21 09:30:00-05:00  3839.489990  3849.560059  3839.489990  3844.639893  3844.639893          0
2022-12-21 09:35:00-05:00  3844.669922  3850.750000  3844.010010  3849.280029  3849.280029   39443218
2022-12-21 09:40:00-05:00  3849.229980  3850.510010  3844.459961  3848.179932  3848.179932   40342620
2022-12-21 09:45:00-05:00  3848.159912  3855.229980  3847.870117  3854.770020  3854.770020   38697115
2022-12-21 09:50:00-05:00  3854.750000  3855.760010  3850.389893  3850.860107  3850.860107   35231254
2022-12-21 09:55:00-05:00  3850.649902  3851.080078  3845.870117  3847.300049  3847.300049   27557631
2022-12-21 10:00:00-05:00  3847.429932  3857.669922  3847.429932  3854.729980  3854.729980   34002377
2022-12-21 10:05:00-05:00  3854.750000  3863.070068  3853.850098  3862.969971  3862.969971   28719670
2022-12-21 10:10:00-05:00  3862.949951  3863.729980  3860.209961  3861.370117  3861.370117   26568454
2022-12-21 10:15:00-05:00  3861.300049  3863.129883  3860.020020  3862.389893  3862.389893   26170569
2022-12-21 10:20:00-05:00  3862.419922  3864.699951  3861.709961  3864.370117  3864.370117   27197006
2022-12-21 10:25:00-05:00  3864.340088  3867.280029  3863.500000  3867.060059  3867.060059   23331336
2022-12-21 10:30:00-05:00  3867.100098  3875.600098  3866.179932  3874.860107  3874.860107   28794340
2022-12-21 10:35:00-05:00  3874.879883  3879.199951  3874.780029  3879.199951  3879.199951   24502150
2022-12-21 10:40:00-05:00  3879.399902  3881.560059  3878.310059  3879.479980  3879.479980   26056100
2022-12-21 10:45:00-05:00  3879.500000  3880.340088  3876.050049  3877.959961  3877.959961   24769857
2022-12-21 10:50:00-05:00  3878.129883  3879.199951  3876.199951  3876.679932  3876.679932   21800977
2022-12-21 10:55:00-05:00  3876.689941  3881.860107  3876.659912  3881.840088  3881.840088   22017370
2022-12-21 11:00:00-05:00  3881.860107  3886.850098  3881.860107  3886.850098  3886.850098   23195572
2022-12-21 11:05:00-05:00  3886.879883  3886.899902  3883.110107  3885.699951  3885.699951   21549366
2022-12-21 11:10:00-05:00  3885.719971  3888.389893  3884.979980  3885.139893  3885.139893   20694392
2022-12-21 11:15:00-05:00  3885.020020  3886.090088  3881.159912  3881.159912  3881.159912   19773702
2022-12-21 11:20:00-05:00  3881.179932  3883.000000  3877.399902  3878.929932  3878.929932   18604556
2022-12-21 11:25:00-05:00  3878.949951  3881.030029  3877.909912  3880.639893  3880.639893   19741280
2022-12-21 11:30:00-05:00  3880.620117  3883.919922  3880.620117  3883.340088  3883.340088   18703864
2022-12-21 11:35:00-05:00  3883.320068  3883.320068  3879.919922  3879.949951  3879.949951   16592195
2022-12-21 11:40:00-05:00  3879.929932  3880.169922  3876.520020  3880.090088  3880.090088   16023993
2022-12-21 11:45:00-05:00  3880.189941  3880.739990  3873.620117  3873.620117  3873.620117   18055859
2022-12-21 11:50:00-05:00  3873.669922  3876.270020  3872.739990  3875.310059  3875.310059   18464329
2022-12-21 11:55:00-05:00  3875.250000  3877.669922  3874.250000  3875.929932  3875.929932   16093703
2022-12-21 12:00:00-05:00  3876.030029  3876.270020  3872.510010  3873.459961  3873.459961   16429126
2022-12-21 12:05:00-05:00  3873.429932  3876.229980  3872.659912  3872.659912  3872.659912   15256915
2022-12-21 12:10:00-05:00  3872.610107  3874.419922  3871.530029  3873.689941  3873.689941   17134807
2022-12-21 12:15:00-05:00  3873.679932  3873.870117  3871.020020  3872.290039  3872.290039   16287533
2022-12-21 12:20:00-05:00  3872.250000  3876.340088  3871.580078  3876.020020  3876.020020   15095589
2022-12-21 12:25:00-05:00  3876.169922  3876.189941  3871.510010  3872.639893  3872.639893   15337244
2022-12-21 12:30:00-05:00  3872.679932  3876.889893  3872.679932  3875.959961  3875.959961   15650302
2022-12-21 12:35:00-05:00  3875.979980  3876.870117  3874.590088  3876.489990  3876.489990   13311669
2022-12-21 12:40:00-05:00  3876.419922  3877.159912  3875.110107  3876.800049  3876.800049   13333739
2022-12-21 12:45:00-05:00  3876.800049  3877.260010  3874.270020  3876.610107  3876.610107   15588819
2022-12-21 12:50:00-05:00  3876.590088  3877.110107  3875.129883  3876.780029  3876.780029   13493432
2022-12-21 12:55:00-05:00  3876.770020  3879.979980  3875.820068  3879.959961  3879.959961   14680665
2022-12-21 13:00:00-05:00  3879.919922  3883.389893  3878.389893  3883.330078  3883.330078   15732599
2022-12-21 13:05:00-05:00  3883.300049  3883.659912  3882.110107  3883.399902  3883.399902   13584344
2022-12-21 13:10:00-05:00  3883.419922  3883.919922  3880.429932  3880.840088  3880.840088   14166280
2022-12-21 13:15:00-05:00  3880.870117  3880.870117  3878.830078  3878.879883  3878.879883   15027201
2022-12-21 13:20:00-05:00  3879.159912  3879.350098  3873.770020  3874.290039  3874.290039   17440143
2022-12-21 13:25:00-05:00  3874.260010  3876.260010  3872.939941  3873.840088  3873.840088   15331020
2022-12-21 13:30:00-05:00  3873.800049  3876.469971  3873.709961  3875.300049  3875.300049   13491097
2022-12-21 13:35:00-05:00  3875.300049  3877.199951  3874.600098  3876.159912  3876.159912   14395502
2022-12-21 13:40:00-05:00  3876.159912  3876.760010  3874.080078  3876.729980  3876.729980   12677880
2022-12-21 13:45:00-05:00  3876.760010  3879.899902  3876.750000  3879.459961  3879.459961   16481378
2022-12-21 13:50:00-05:00  3879.459961  3881.010010  3879.169922  3881.000000  3881.000000   13058611
2022-12-21 13:55:00-05:00  3880.989990  3881.449951  3879.959961  3879.959961  3879.959961   14900605
2022-12-21 14:00:00-05:00  3879.959961  3886.830078  3879.959961  3886.169922  3886.169922   19366732
2022-12-21 14:05:00-05:00  3886.290039  3888.919922  3885.479980  3887.750000  3887.750000   20783482
2022-12-21 14:10:00-05:00  3887.739990  3889.820068  3886.070068  3887.280029  3887.280029   18314543
2022-12-21 14:15:00-05:00  3887.260010  3888.580078  3885.350098  3885.350098  3885.350098   16513177
2022-12-21 14:20:00-05:00  3885.330078  3886.320068  3883.370117  3883.409912  3883.409912   16448325
2022-12-21 14:25:00-05:00  3883.429932  3884.750000  3880.760010  3880.879883  3880.879883   18305900
2022-12-21 14:30:00-05:00  3880.850098  3884.520020  3879.820068  3884.120117  3884.120117   16775953
2022-12-21 14:35:00-05:00  3884.139893  3884.250000  3878.239990  3880.580078  3880.580078   18820848
2022-12-21 14:40:00-05:00  3880.620117  3881.459961  3878.760010  3880.219971  3880.219971   14589474
2022-12-21 14:45:00-05:00  3880.169922  3881.679932  3879.250000  3879.429932  3879.429932   16322792
2022-12-21 14:50:00-05:00  3879.429932  3879.439941  3873.959961  3875.530029  3875.530029   16286130
2022-12-21 14:55:00-05:00  3875.479980  3877.949951  3873.909912  3877.419922  3877.419922   17038599
2022-12-21 15:00:00-05:00  3877.399902  3880.370117  3877.020020  3879.280029  3879.280029   17536466
2022-12-21 15:05:00-05:00  3879.250000  3879.290039  3872.879883  3873.489990  3873.489990   17973986
2022-12-21 15:10:00-05:00  3873.570068  3877.580078  3872.320068  3877.310059  3877.310059   18249186
2022-12-21 15:15:00-05:00  3877.330078  3877.909912  3874.669922  3874.750000  3874.750000   18128975
2022-12-21 15:20:00-05:00  3874.840088  3875.979980  3873.080078  3874.679932  3874.679932   19294456
2022-12-21 15:25:00-05:00  3874.729980  3876.649902  3872.070068  3872.070068  3872.070068   22056204
2022-12-21 15:30:00-05:00  3872.050049  3875.860107  3872.010010  3874.929932  3874.929932   26310114
2022-12-21 15:35:00-05:00  3875.010010  3876.810059  3874.149902  3876.489990  3876.489990   27214080
2022-12-21 15:40:00-05:00  3876.520020  3877.479980  3872.979980  3874.370117  3874.370117   31002458
2022-12-21 15:45:00-05:00  3874.389893  3877.399902  3873.659912  3876.879883  3876.879883   38666797
2022-12-21 15:50:00-05:00  3876.719971  3876.719971  3868.899902  3874.239990  3874.239990   67252899
2022-12-21 15:55:00-05:00  3874.219971  3878.840088  3874.129883  3878.060059  3878.060059  105615110
2022-12-22 09:30:00-05:00  3853.260010  3853.260010  3834.560059  3834.689941  3834.689941   31783798
2022-12-22 09:35:00-05:00  3834.389893  3837.330078  3829.199951  3829.379883  3829.379883   34680762
2022-12-22 09:40:00-05:00  3829.500000  3831.379883  3827.899902  3829.949951  3829.949951   46066461
2022-12-22 09:45:00-05:00  3830.129883  3831.600098  3826.280029  3827.899902  3827.899902   31487765
2022-12-22 09:50:00-05:00  3827.820068  3830.739990  3827.370117  3827.830078  3827.830078   27582753
2022-12-22 09:55:00-05:00  3827.830078  3831.770020  3827.830078  3831.770020  3831.770020   26503337
2022-12-22 10:00:00-05:00  3831.909912  3831.909912  3819.550049  3820.469971  3820.469971   33867652
2022-12-22 10:05:00-05:00  3820.429932  3822.129883  3815.469971  3817.449951  3817.449951   28241202
2022-12-22 10:10:00-05:00  3817.429932  3817.590088  3810.250000  3815.290039  3815.290039   29908760
2022-12-22 10:15:00-05:00  3815.229980  3817.790039  3813.360107  3817.149902  3817.149902   25824977
2022-12-22 10:20:00-05:00  3817.050049  3817.219971  3812.459961  3812.459961  3812.459961   24516221
2022-12-22 10:25:00-05:00  3812.300049  3815.729980  3811.639893  3812.020020  3812.020020   23886625
2022-12-22 10:30:00-05:00  3811.840088  3811.840088  3806.500000  3808.239990  3808.239990   34108421
2022-12-22 10:35:00-05:00  3808.219971  3809.370117  3806.239990  3806.629883  3806.629883   20776739