                                  Open         High          Low        Close    Adj Close     Volume
Datetime                                                                                             
2022-11-16 10:50:00-05:00  3967.699951  3968.060059  3958.570068  3958.729980  3958.729980          0
2022-11-16 10:55:00-05:00  3959.090088  3961.959961  3958.909912  3961.280029  3961.280029   22779127
2022-11-16 11:00:00-05:00  3961.270020  3964.899902  3960.489990  3964.290039  3964.290039   22221146
2022-11-16 11:05:00-05:00  3964.290039  3966.050049  3962.709961  3963.479980  3963.479980   22090886
2022-11-16 11:10:00-05:00  3963.429932  3966.379883  3961.110107  3965.520020  3965.520020   19932157
2022-11-16 11:15:00-05:00  3965.540039  3967.969971  3964.219971  3967.699951  3967.699951   20927213
2022-11-16 11:20:00-05:00  3967.729980  3969.969971  3966.540039  3969.570068  3969.570068   20999026
2022-11-16 11:25:00-05:00  3969.429932  3972.550049  3968.199951  3970.820068  3970.820068   22577924
2022-11-16 11:30:00-05:00  3970.780029  3974.459961  3969.850098  3969.949951  3969.949951   22709399
2022-11-16 11:35:00-05:00  3969.979980  3970.000000  3966.739990  3967.959961  3967.959961   18483758
2022-11-16 11:40:00-05:00  3967.939941  3971.270020  3967.820068  3969.879883  3969.879883   17317772
2022-11-16 11:45:00-05:00  3969.810059  3972.949951  3969.719971  3972.350098  3972.350098   18031525
2022-11-16 11:50:00-05:00  3971.750000  3973.129883  3969.040039  3970.540039  3970.540039   16851076
2022-11-16 11:55:00-05:00  3970.570068  3975.080078  3970.040039  3971.560059  3971.560059   18251619
2022-11-16 12:00:00-05:00  3971.580078  3971.679932  3967.199951  3968.229980  3968.229980   15661199
2022-11-16 12:05:00-05:00  3968.159912  3971.959961  3966.159912  3971.540039  3971.540039   17359294
2022-11-16 12:10:00-05:00  3971.489990  3971.489990  3967.989990  3968.110107  3968.110107   16744206
2022-11-16 12:15:00-05:00  3968.080078  3968.879883  3965.860107  3966.520020  3966.520020   15764262
2022-11-16 12:20:00-05:00  3966.500000  3967.939941  3963.820068  3966.939941  3966.939941   24511016
2022-11-16 12:25:00-05:00  3966.780029  3969.689941  3966.370117  3968.860107  3968.860107   14633316
2022-11-16 12:30:00-05:00  3968.879883  3970.860107  3967.459961  3970.120117  3970.120117   16300859
2022-11-16 12:35:00-05:00  3970.060059  3972.919922  3970.060059  3971.020020  3971.020020   15988598
2022-11-16 12:40:00-05:00  3971.010010  3976.760010  3970.419922  3976.479980  3976.479980   15598305
2022-11-16 12:45:00-05:00  3976.479980  3981.979980  3976.189941  3978.139893  3978.139893   20169191
2022-11-16 12:50:00-05:00  3978.090088  3981.500000  3974.229980  3974.739990  3974.739990   20050975
2022-11-16 12:55:00-05:00  3974.810059  3975.489990  3973.000000  3973.270020  3973.270020   13777927
2022-11-16 13:00:00-05:00  3973.260010  3973.260010  3968.989990  3971.929932  3971.929932   18247915
2022-11-16 13:05:00-05:00  3971.889893  3972.330078  3969.810059  3972.020020  3972.020020   14676347
2022-11-16 13:10:00-05:00  3972.040039  3974.780029  3971.540039  3972.360107  3972.360107   15059885
2022-11-16 13:15:00-05:00  3972.340088  3973.129883  3969.850098  3969.850098  3969.850098   13959092
2022-11-16 13:20:00-05:00  3969.860107  3972.379883  3969.110107  3970.780029  3970.780029   16052941
2022-11-16 13:25:00-05:00  3970.760010  3972.949951  3969.179932  3969.649902  3969.649902   15964954
2022-11-16 13:30:00-05:00  3969.620117  3971.469971  3961.250000  3961.280029  3961.280029   18524125
2022-11-16 13:35:00-05:00  3961.370117  3963.750000  3960.939941  3963.560059  3963.560059   18918917
2022-11-16 13:40:00-05:00  3963.550049  3965.560059  3963.120117  3964.739990  3964.739990   16382355
2022-11-16 13:45:00-05:00  3964.709961  3965.080078  3962.270020  3962.389893  3962.389893   15981035
2022-11-16 13:50:00-05:00  3962.379883  3963.199951  3960.830078  3961.540039  3961.540039   14828606
2022-11-16 13:55:00-05:00  3961.540039  3962.439941  3957.969971  3958.929932  3958.929932   16442255
2022-11-16 14:00:00-05:00  3958.929932  3962.500000  3957.580078  3962.000000  3962.000000   17043883
2022-11-16 14:05:00-05:00  3961.989990  3962.959961  3959.689941  3962.959961  3962.959961   15632108
2022-11-16 14:10:00-05:00  3962.969971  3963.179932  3960.870117  3961.350098  3961.350098   14278245
2022-11-16 14:15:00-05:00  3961.379883  3962.780029  3959.110107  3961.000000  3961.000000   15290381
2022-11-16 14:20:00-05:00  3960.979980  3964.139893  3960.739990  3963.530029  3963.530029   15246721
2022-11-16 14:25:00-05:00  3963.600098  3965.810059  3962.879883  3963.580078  3963.580078   14900281
2022-11-16 14:30:00-05:00  3963.649902  3964.100098  3955.959961  3958.169922  3958.169922   19080671
2022-11-16 14:35:00-05:00  3958.169922  3967.439941  3957.909912  3964.209961  3964.209961   20664705
2022-11-16 14:40:00-05:00  3964.179932  3966.209961  3962.760010  3962.850098  3962.850098   15978048
2022-11-16 14:45:00-05:00  3962.919922  3964.239990  3961.239990  3961.600098  3961.600098   15273326
2022-11-16 14:50:00-05:00  3961.580078  3966.929932  3961.260010  3965.300049  3965.300049   16963178
2022-11-16 14:55:00-05:00  3965.270020  3967.939941  3964.590088  3967.729980  3967.729980   17157894
2022-11-16 15:00:00-05:00  3967.770020  3968.449951  3962.629883  3963.389893  3963.389893   19109441
2022-11-16 15:05:00-05:00  3963.399902  3964.449951  3955.429932  3956.689941  3956.689941   25513601
2022-11-16 15:10:00-05:00  3956.629883  3958.780029  3956.409912  3958.310059  3958.310059   21355993
2022-11-16 15:15:00-05:00  3958.300049  3959.379883  3954.340088  3955.919922  3955.919922   24595247
2022-11-16 15:20:00-05:00  3955.939941  3959.320068  3955.790039  3959.149902  3959.149902   26383224
2022-11-16 15:25:00-05:00  3959.159912  3961.399902  3958.739990  3959.449951  3959.449951   27746677
2022-11-16 15:30:00-05:00  3959.229980  3961.850098  3955.709961  3955.709961  3955.709961   32818938
2022-11-16 15:35:00-05:00  3955.719971  3958.760010  3955.719971  3957.669922  3957.669922   34367655
2022-11-16 15:40:00-05:00  3957.909912  3964.070068  3956.159912  3964.070068  3964.070068   41333019
2022-11-16 15:45:00-05:00  3964.060059  3964.060059  3961.139893  3963.260010  3963.260010   42086682
2022-11-16 15:50:00-05:00  3963.189941  3968.330078  3963.189941  3966.590088  3966.590088   77386091
2022-11-16 15:55:00-05:00  3966.510010  3966.510010  3959.149902  3959.780029  3959.780029  122299064
2022-11-17 09:30:00-05:00  3919.260010  3919.260010  3910.790039  3914.020020  3914.020020   73689399
2022-11-17 09:35:00-05:00  3914.199951  3917.209961  3910.330078  3912.479980  3912.479980   36908860
2022-11-17 09:40:00-05:00  3912.629883  3917.520020  3911.530029  3917.129883  3917.129883   38422023
2022-11-17 09:45:00-05:00  3917.209961  3921.669922  3914.780029  3919.080078  3919.080078   35738819
2022-11-17 09:50:00-05:00  3919.189941  3921.110107  3914.280029  3914.409912  3914.409912   29800296
2022-11-17 09:55:00-05:00  3914.610107  3914.870117  3907.770020  3907.969971  3907.969971   32691889
2022-11-17 10:00:00-05:00  3908.219971  3913.139893  3906.540039  3913.139893  3913.139893   32993152
2022-11-17 10:05:00-05:00  3913.489990  3915.729980  3911.979980  3912.709961  3912.709961   27917903
2022-11-17 10:10:00-05:00  3912.590088  3916.270020  3910.300049  3915.340088  3915.340088   27653816
2022-11-17 10:15:00-05:00  3915.120117  3922.550049  3914.610107  3922.350098  3922.350098   29905060
2022-11-17 10:20:00-05:00  3922.340088  3924.080078  3920.600098  3921.129883  3921.129883   26637212
2022-11-17 10:25:00-05:00  3921.139893  3926.709961  3921.050049  3924.879883  3924.879883   24161007
2022-11-17 10:30:00-05:00  3924.899902  3924.949951  3919.909912  3919.909912  3919.909912   23797341
2022-11-17 10:35:00-05:00  3919.909912  3922.310059  3919.070068  3919.449951  3919.449951   22796142
2022-11-17 10:40:00-05:00  3919.300049  3921.939941  3917.919922  3918.699951  3918.699951   21246628
2022-11-17 10:45:00-05:00  3918.659912  3918.659912  3911.879883  3913.159912  3913.159912   23505165
2022-11-17 10:50:00-05:00  3913.290039  3915.169922  3912.530029  3913.810059  3913.810059   20718835
2022-11-17 10:55:00-05:00  3913.830078  3914.169922  3910.679932  3911.110107  3911.110107   17756004
2022-11-17 11:00:00-05:00  3912.750000  3914.719971  3911.709961  3912.300049  3912.300049   24675277
2022-11-17 11:05:00-05:00  3912.340088  3916.719971  3910.310059  3910.310059  3910.310059   20065108
2022-11-17 11:10:00-05:00  3910.290039  3912.229980  3908.459961  3912.229980  3912.229980   18979239
2022-11-17 11:15:00-05:00  3912.229980  3914.320068  3910.919922  3913.060059  3913.060059   17788061
2022-11-17 11:20:00-05:00  3912.989990  3914.909912  3909.689941  3914.530029  3914.530029   19222800
2022-11-17 11:25:00-05:00  3914.540039  3918.320068  3913.979980  3917.459961  3917.459961   19982797
2022-11-17 11:30:00-05:00  3917.500000  3919.820068  3915.959961  3919.699951  3919.699951   19917237
2022-11-17 11:35:00-05:00  3919.870117  3921.739990  3919.050049  3920.379883  3920.379883   18354900
2022-11-17 11:40:00-05:00  3920.439941  3921.149902  3919.139893  3920.600098  3920.600098   16432808
2022-11-17 11:45:00-05:00  3920.590088  3923.179932  3919.850098  3919.850098  3919.850098   16278890
2022-11-17 11:50:00-05:00  3919.939941  3922.719971  3918.840088  3920.770020  3920.770020   17726856
2022-11-17 11:55:00-05:00  3920.760010  3936.540039  3920.760010  3936.169922  3936.169922   28388910
2022-11-17 12:00:00-05:00  3936.370117  3940.429932  3936.300049  3939.270020  3939.270020   20686723
2022-11-17 12:05:00-05:00  3939.320068  3941.409912  3937.739990  3938.780029  3938.780029   18247497
2022-11-17 12:10:00-05:00  3938.810059  3941.000000  3937.889893  3937.949951  3937.949951   17503571
2022-11-17 12:15:00-05:00  3937.959961  3938.969971  3935.429932  3938.969971  3938.969971   17534110
2022-11-17 12:20:00-05:00  3938.959961  3938.959961  3935.620117  3936.310059  3936.310059   15854954
2022-11-17 12:25:00-05:00  3936.320068  3937.260010  3935.510010  3935.510010  3935.510010   15011854
2022-11-17 12:30:00-05:00  3935.419922  3938.550049  3933.090088  3933.330078  3933.330078   15036122
2022-11-17 12:35:00-05:00  3933.330078  3937.250000  3933.239990  3937.080078  3937.080078   16406082
2022-11-17 12:40:00-05:00  3937.310059  3940.100098  3937.229980  3939.219971  3939.219971   17498811
2022-11-17 12:45:00-05:00  3939.229980  3941.909912  3939.030029  3941.540039  3941.540039   16514350
2022-11-17 12:50:00-05:00  3941.540039  3948.100098  3941.540039  3946.260010  3946.260010   21847191
2022-11-17 12:55:00-05:00  3946.250000  3950.129883  3945.649902  3948.620117  3948.620117   19831907
2022-11-17 13:00:00-05:00  3948.449951  3950.600098  3948.260010  3948.310059  3948.310059   15810631
2022-11-17 13:05:00-05:00  3948.239990  3949.909912  3946.479980  3946.689941  3946.689941   17177813
2022-11-17 13:10:00-05:00  3946.689941  3951.669922  3946.689941  3949.449951  3949.449951   16997253
2022-11-17 13:15:00-05:00  3949.540039  3953.560059  3949.530029  3953.449951  3953.449951   15336925
2022-11-17 13:20:00-05:00  3953.459961  3954.330078  3950.800049  3951.050049  3951.050049   15834293
2022-11-17 13:25:00-05:00  3951.050049  3951.340088  3948.820068  3949.219971  3949.219971   14690724
2022-11-17 13:30:00-05:00  3949.320068  3950.139893  3946.830078  3949.030029  3949.030029   16513053
2022-11-17 13:35:00-05:00  3949.020020  3953.659912  3948.540039  3953.330078  3953.330078   18324860
2022-11-17 13:40:00-05:00  3953.350098  3953.629883  3949.889893  3949.889893  3949.889893   17734025
2022-11-17 13:45:00-05:00  3949.850098  3949.959961  3945.770020  3946.030029  3946.030029   15525538
2022-11-17 13:50:00-05:00  3945.959961  3946.330078  3943.530029  3944.889893  3944.889893   16736826
2022-11-17 13:55:00-05:00  3944.899902  3947.969971  3942.889893  3947.489990  3947.489990   14879455
2022-11-17 14:00:00-05:00  3947.489990  3951.379883  3946.979980  3949.969971  3949.969971   15462141
2022-11-17 14:05:00-05:00  3949.979980  3949.979980  3944.000000  3944.000000  3944.000000   16519142
2022-11-17 14:10:00-05:00  3943.959961  3943.959961  3939.879883  3941.199951  3941.199951   17009012
2022-11-17 14:15:00-05:00  3941.270020  3941.350098  3936.780029  3937.199951  3937.199951   16993716
2022-11-17 14:20:00-05:00  3937.179932  3938.379883  3934.389893  3938.169922  3938.169922   18342813
2022-11-17 14:25:00-05:00  3938.070068  3939.229980  3935.870117  3937.469971  3937.469971   19247417
2022-11-17 14:30:00-05:00  3937.560059  3939.040039  3936.389893  3937.919922  3937.919922   16383532
2022-11-17 14:35:00-05:00  3937.959961  3938.429932  3933.429932  3936.209961  3936.209961   16742224
2022-11-17 14:40:00-05:00  3936.290039  3937.389893  3932.399902  3934.760010  3934.760010   19262458
2022-11-17 14:45:00-05:00  3934.540039  3938.010010  3930.969971  3937.010010  3937.010010   19020165
2022-11-17 14:50:00-05:00  3936.989990  3938.939941  3935.500000  3938.939941  3938.939941   15741392
2022-11-17 14:55:00-05:00  3939.020020  3939.139893  3936.639893  3936.870117  3936.870117   15920750
2022-11-17 15:00:00-05:00  3936.870117  3938.699951  3933.389893  3934.699951  3934.699951   27616262
2022-11-17 15:05:00-05:00  3934.590088  3938.270020  3932.479980  3932.520020  3932.520020   23223436
2022-11-17 15:10:00-05:00  3932.770020  3932.909912  3927.729980  3927.729980  3927.729980   22617256
2022-11-17 15:15:00-05:00  3927.679932  3928.399902  3924.790039  3924.790039  3924.790039   22683589
2022-11-17 15:20:00-05:00  3924.770020  3926.199951  3922.709961  3923.719971  3923.719971   23961555
2022-11-17 15:25:00-05:00  3923.699951  3925.979980  3922.139893  3925.929932  3925.929932   24220842
2022-11-17 15:30:00-05:00  3925.879883  3930.659912  3925.199951  3929.620117  3929.620117   27869944
2022-11-17 15:35:00-05:00  3929.629883  3930.989990  3928.189941  3930.850098  3930.850098   26651670
2022-11-17 15:40:00-05:00  3930.929932  3933.889893  3930.929932  3933.000000  3933.000000   29899693
2022-11-17 15:45:00-05:00  3933.030029  3942.250000  3932.939941  3941.379883  3941.379883   45058256
2022-11-17 15:50:00-05:00  3941.360107  3943.300049  3937.679932  3937.679932  3937.679932   63134730
2022-11-17 15:55:00-05:00  3937.729980  3948.500000  3936.870117  3947.620117  3947.620117  114530260
2022-11-18 09:30:00-05:00  3966.389893  3979.889893  3966.389893  3969.750000  3969.750000          0
2022-11-18 09:35:00-05:00  3969.659912  3973.409912  3965.290039  3965.290039  3965.290039   36823854
2022-11-18 09:40:00-05:00  3965.270020  3968.310059  3963.780029  3966.149902  3966.149902   35261545
2022-11-18 09:45:00-05:00  3966.050049  3969.689941  3961.030029  3961.030029  3961.030029   40948676
2022-11-18 09:50:00-05:00  3960.969971  3966.050049  3960.949951  3965.500000  3965.500000   27645580
2022-11-18 09:55:00-05:00  3965.409912  3969.580078  3962.260010  3962.699951  3962.699951   28776450
2022-11-18 10:00:00-05:00  3962.780029  3964.110107  3953.830078  3955.959961  3955.959961   31905462
2022-11-18 10:05:00-05:00  3955.750000  3957.129883  3948.449951  3953.459961  3953.459961   26027028
2022-11-18 10:10:00-05:00  3953.649902  3957.189941  3953.199951  3953.199951  3953.199951   23592509
2022-11-18 10:15:00-05:00  3953.030029  3957.389893  3951.709961  3954.139893  3954.139893   24110488
2022-11-18 10:20:00-05:00  3954.159912  3960.530029  3954.110107  3958.729980  3958.729980   21818127
2022-11-18 10:25:00-05:00  3958.550049  3959.439941  3950.510010  3958.199951  3958.199951   23025341
2022-11-18 10:30:00-05:00  3958.209961  3960.090088  3955.399902  3956.669922  3956.669922   20066261
2022-11-18 10:35:00-05:00  3956.840088  3961.719971  3955.270020  3957.949951  3957.949951   22356388
2022-11-18 10:40:00-05:00  3957.820068  3961.000000  3957.600098  3958.429932  3958.429932   20143562
2022-11-18 10:45:00-05:00  3958.429932  3960.020020  3954.870117  3959.780029  3959.780029   19624624
2022-11-18 10:50:00-05:00  3959.810059  3960.120117  3957.250000  3959.189941  3959.189941   19566958
2022-11-18 10:55:00-05:00  3959.189941  3959.510010  3948.090088  3950.399902  3950.399902   23427954
2022-11-18 11:00:00-05:00  3950.409912  3952.080078  3945.810059  3947.090088  3947.090088   19201716
2022-11-18 11:05:00-05:00  3947.040039  3951.590088  3946.969971  3951.590088  3951.590088   15944850
2022-11-18 11:10:00-05:00  3951.959961  3955.350098  3950.050049  3955.139893  3955.139893   19757232
2022-11-18 11:15:00-05:00  3955.159912  3961.350098  3954.560059  3961.189941  3961.189941   19251302
2022-11-18 11:20:00-05:00  3961.169922  3963.040039  3959.179932  3960.939941  3960.939941   21653900
2022-11-18 11:25:00-05:00  3960.939941  3963.050049  3959.429932  3959.919922  3959.919922   22678401
2022-11-18 11:30:00-05:00  3959.979980  3964.300049  3959.840088  3960.479980  3960.479980   18103433
2022-11-18 11:35:00-05:00  3960.500000  3961.800049  3955.100098  3955.610107  3955.610107   17515113
2022-11-18 11:40:00-05:00  3955.620117  3957.360107  3953.830078  3956.169922  3956.169922   17415897
2022-11-18 11:45:00-05:00  3956.179932  3957.070068  3951.459961  3951.590088  3951.590088   17503998
2022-11-18 11:50:00-05:00  3951.610107  3954.209961  3950.659912  3953.560059  3953.560059   16119215
2022-11-18 11:55:00-05:00  3953.570068  3956.620117  3952.639893  3955.699951  3955.699951   16128166
2022-11-18 12:00:00-05:00  3955.949951  3957.370117  3954.909912  3956.969971  3956.969971   17586617
2022-11-18 12:05:00-05:00  3956.899902  3956.899902  3948.780029  3950.479980  3950.479980   18644779
2022-11-18 12:10:00-05:00  3950.399902  3951.129883  3949.050049  3949.510010  3949.510010   14386388
2022-11-18 12:15:00-05:00  3949.439941  3949.439941  3938.209961  3938.260010  3938.260010   25613168
2022-11-18 12:20:00-05:00  3938.300049  3939.199951  3936.370117  3936.370117  3936.370117   18452249
2022-11-18 12:25:00-05:00  3936.310059  3943.510010  3935.979980  3943.500000  3943.500000   17425347
2022-11-18 12:30:00-05:00  3943.530029  3943.530029  3940.629883  3942.169922  3942.169922   14799152
2022-11-18 12:35:00-05:00  3942.159912  3946.439941  3941.810059  3946.439941  3946.439941   16161907
2022-11-18 12:40:00-05:00  3946.409912  3946.510010  3942.060059  3942.060059  3942.060059   13968259
2022-11-18 12:45:00-05:00  3942.080078  3943.510010  3940.639893  3941.750000  3941.750000   14427114
2022-11-18 12:50:00-05:00  3941.719971  3943.500000  3937.330078  3939.679932  3939.679932   16721067
2022-11-18 12:55:00-05:00  3939.610107  3943.679932  3938.330078  3943.090088  3943.090088   13931847
2022-11-18 13:00:00-05:00  3943.090088  3944.290039  3942.020020  3943.260010  3943.260010   14279983
2022-11-18 13:05:00-05:00  3943.280029  3949.629883  3943.260010  3949.419922  3949.419922   14915778
2022-11-18 13:10:00-05:00  3949.290039  3949.830078  3948.250000  3949.080078  3949.080078   14794531
2022-11-18 13:15:00-05:00  3949.100098  3949.100098  3944.909912  3945.969971  3945.969971   15458463
2022-11-18 13:20:00-05:00  3945.979980  3948.040039  3943.149902  3948.040039  3948.040039   15155810
2022-11-18 13:25:00-05:00  3948.120117  3952.409912  3946.679932  3952.300049  3952.300049   15030220
2022-11-18 13:30:00-05:00  3952.229980  3953.139893  3950.979980  3952.919922  3952.919922   14567097
2022-11-18 13:35:00-05:00  3952.840088  3953.159912  3947.790039  3948.260010  3948.260010   13589285
2022-11-18 13:40:00-05:00  3948.250000  3948.800049  3941.820068  3942.020020  3942.020020   14467830
2022-11-18 13:45:00-05:00  3941.979980  3943.080078  3940.929932  3940.989990  3940.989990   14105139
2022-11-18 13:50:00-05:00  3941.040039  3941.820068  3939.409912  3939.790039  3939.790039   14393966
2022-11-18 13:55:00-05:00  3939.750000  3943.709961  3939.620117  3943.709961  3943.709961   15446689
2022-11-18 14:00:00-05:00  3943.729980  3949.120117  3943.600098  3948.830078  3948.830078   18337275
2022-11-18 14:05:00-05:00  3948.780029  3949.760010  3947.709961  3948.479980  3948.479980   13930107
2022-11-18 14:10:00-05:00  3948.469971  3949.000000  3947.000000  3947.280029  3947.280029   14792254
2022-11-18 14:15:00-05:00  3947.229980  3951.610107  3947.229980  3947.669922  3947.669922   18735499
2022-11-18 14:20:00-05:00  3947.709961  3950.620117  3947.659912  3950.010010  3950.010010   14037348
2022-11-18 14:25:00-05:00  3950.000000  3950.919922  3948.840088  3949.469971  3949.469971   16868198
2022-11-18 14:30:00-05:00  3949.469971  3952.510010  3946.459961  3948.689941  3948.689941   20977280
2022-11-18 14:35:00-05:00  3948.699951  3948.770020  3945.149902  3947.590088  3947.590088   15659872
2022-11-18 14:40:00-05:00  3947.600098  3949.919922  3946.899902  3947.709961  3947.709961   14538855
2022-11-18 14:45:00-05:00  3947.709961  3948.709961  3946.030029  3946.790039  3946.790039   15058979
2022-11-18 14:50:00-05:00  3946.739990  3949.620117  3946.739990  3948.620117  3948.620117   14358053
2022-11-18 14:55:00-05:00  3948.620117  3952.739990  3948.620117  3952.360107  3952.360107   17013444
2022-11-18 15:00:00-05:00  3952.159912  3958.479980  3951.780029  3957.669922  3957.669922   20974525
2022-11-18 15:05:00-05:00  3957.679932  3960.790039  3957.679932  3960.260010  3960.260010   22939282
2022-11-18 15:10:00-05:00  3960.219971  3961.780029  3959.320068  3959.320068  3959.320068   19812440
2022-11-18 15:15:00-05:00  3959.320068  3959.570068  3956.129883  3957.709961  3957.709961   20064439
2022-11-18 15:20:00-05:00  3957.739990  3957.810059  3953.560059  3955.800049  3955.800049   19951990
2022-11-18 15:25:00-05:00  3955.800049  3963.919922  3955.399902  3963.889893  3963.889893   23936933
2022-11-18 15:30:00-05:00  3963.850098  3965.000000  3961.090088  3961.139893  3961.139893   27310216
2022-11-18 15:35:00-05:00  3961.179932  3967.959961  3960.530029  3967.820068  3967.820068   33227712
2022-11-18 15:40:00-05:00  3967.810059  3969.959961  3966.459961  3969.689941  3969.689941   31614465
2022-11-18 15:45:00-05:00  3969.649902  3971.689941  3966.520020  3971.169922  3971.169922   41412360
2022-11-18 15:50:00-05:00  3971.159912  3974.870117  3957.060059  3957.459961  3957.459961   73138773
2022-11-18 15:55:00-05:00  3957.570068  3967.120117  3957.320068  3967.120117  3967.120117  121857211
2022-11-21 09:30:00-05:00  3956.229980  3961.760010  3951.040039  3952.409912  3952.409912          0
2022-11-21 09:35:00-05:00  3952.389893  3954.320068  3947.520020  3948.639893  3948.639893   34428156
2022-11-21 09:40:00-05:00  3948.590088  3953.199951  3948.219971  3949.169922  3949.169922   33988692
2022-11-21 09:45:00-05:00  3949.199951  3959.040039  3949.060059  3959.040039  3959.040039   33836894
2022-11-21 09:50:00-05:00  3959.000000  3962.000000  3957.270020  3959.199951  3959.199951   40466841
2022-11-21 09:55:00-05:00  3959.179932  3959.479980  3955.659912  3956.459961  3956.459961   26975231
2022-11-21 10:00:00-05:00  3956.360107  3959.500000  3952.219971  3952.669922  3952.669922   31388155
2022-11-21 10:05:00-05:00  3952.679932  3953.330078  3948.689941  3951.110107  3951.110107   28179084
2022-11-21 10:10:00-05:00  3951.239990  3953.209961  3949.290039  3949.409912  3949.409912   22889017
2022-11-21 10:15:00-05:00  3949.379883  3951.899902  3947.600098  3950.600098  3950.600098   25115418
2022-11-21 10:20:00-05:00  3950.629883  3950.629883  3940.989990  3944.310059  3944.310059   29029697
2022-11-21 10:25:00-05:00  3944.330078  3945.709961  3942.639893  3944.129883  3944.129883   23145731
2022-11-21 10:30:00-05:00  3944.040039  3945.790039  3941.449951  3941.469971  3941.469971   29587962
2022-11-21 10:35:00-05:00  3941.530029  3944.750000  3941.219971  3942.560059  3942.560059   23861495
2022-11-21 10:40:00-05:00  3942.520020  3944.189941  3939.340088  3940.610107  3940.610107   27538101
2022-11-21 10:45:00-05:00  3940.760010  3940.760010  3937.030029  3938.479980  3938.479980   26056598
2022-11-21 10:50:00-05:00  3938.520020  3939.500000  3937.050049  3938.669922  3938.669922   23691460
2022-11-21 10:55:00-05:00  3938.629883  3943.489990  3938.489990  3943.219971  3943.219971   26092119
2022-11-21 11:00:00-05:00  3943.250000  3943.489990  3940.810059  3942.639893  3942.639893   23251047
2022-11-21 11:05:00-05:00  3942.639893  3945.229980  3942.429932  3944.310059  3944.310059   19889009
2022-11-21 11:10:00-05:00  3944.229980  3944.860107  3941.419922  3943.280029  3943.280029   21749011
2022-11-21 11:15:00-05:00  3943.500000  3946.600098  3943.149902  3943.179932  3943.179932   20315934
2022-11-21 11:20:00-05:00  3943.179932  3947.590088  3942.709961  3946.659912  3946.659912   21081464
2022-11-21 11:25:00-05:00  3946.620117  3947.370117  3941.399902  3941.669922  3941.669922   21147813
2022-11-21 11:30:00-05:00  3942.090088  3943.139893  3939.070068  3939.919922  3939.919922   18034065
2022-11-21 11:35:00-05:00  3939.820068  3944.100098  3939.800049  3941.729980  3941.729980   17597214
2022-11-21 11:40:00-05:00  3941.750000  3944.010010  3940.510010  3941.010010  3941.010010   16411918
2022-11-21 11:45:00-05:00  3941.000000  3943.610107  3940.270020  3943.459961  3943.459961   18053066
2022-11-21 11:50:00-05:00  3943.419922  3945.909912  3941.729980  3943.969971  3943.969971   17900301
2022-11-21 11:55:00-05:00  3943.959961  3943.959961  3933.340088  3936.909912  3936.909912   24694211
2022-11-21 12:00:00-05:00  3936.889893  3943.949951  3936.199951  3943.030029  3943.030029   26301530
2022-11-21 12:05:00-05:00  3943.020020  3944.739990  3942.239990  3943.860107  3943.860107   20389304
2022-11-21 12:10:00-05:00  3943.899902  3945.750000  3942.989990  3942.989990  3942.989990   16165276
2022-11-21 12:15:00-05:00  3943.010010  3944.229980  3940.830078  3942.199951  3942.199951   18002374
2022-11-21 12:20:00-05:00  3942.189941  3942.580078  3940.090088  3941.929932  3941.929932   17530245
2022-11-21 12:25:00-05:00  3941.939941  3943.879883  3940.649902  3941.489990  3941.489990   16714638
2022-11-21 12:30:00-05:00  3941.429932  3947.699951  3941.020020  3947.479980  3947.479980   17685915
2022-11-21 12:35:00-05:00  3947.479980  3950.909912  3946.860107  3947.409912  3947.409912   16992707
2022-11-21 12:40:00-05:00  3947.409912  3949.560059  3947.149902  3948.629883  3948.629883   14711019
2022-11-21 12:45:00-05:00  3948.679932  3949.750000  3946.000000  3946.000000  3946.000000   15191494
2022-11-21 12:50:00-05:00  3945.989990  3946.030029  3943.959961  3944.739990  3944.739990   15133394
2022-11-21 12:55:00-05:00  3944.719971  3945.350098  3942.080078  3943.699951  3943.699951   14595855
2022-11-21 13:00:00-05:00  3943.739990  3947.229980  3943.550049  3946.540039  3946.540039   15208214
2022-11-21 13:05:00-05:00  3946.639893  3950.129883  3946.050049  3949.489990  3949.489990   16941679
2022-11-21 13:10:00-05:00  3949.580078  3956.659912  3949.580078  3955.300049  3955.300049   19703191
2022-11-21 13:15:00-05:00  3955.139893  3955.870117  3953.659912  3954.699951  3954.699951   16244709
2022-11-21 13:20:00-05:00  3954.699951  3956.060059  3952.959961  3954.219971  3954.219971   17347849
2022-11-21 13:25:00-05:00  3954.219971  3955.639893  3952.790039  3954.379883  3954.379883   15236772
2022-11-21 13:30:00-05:00  3954.409912  3955.570068  3953.080078  3954.439941  3954.439941   13402368
2022-11-21 13:35:00-05:00  3954.870117  3960.219971  3953.989990  3960.189941  3960.189941   17873068
2022-11-21 13:40:00-05:00  3960.250000  3960.360107  3956.860107  3959.149902  3959.149902   15557972
2022-11-21 13:45:00-05:00  3959.129883  3959.629883  3955.899902  3956.229980  3956.229980   15850443
2022-11-21 13:50:00-05:00  3956.229980  3957.100098  3954.620117  3954.639893  3954.639893   12603742
2022-11-21 13:55:00-05:00  3954.610107  3955.250000  3952.320068  3952.320068  3952.320068   13620107
2022-11-21 14:00:00-05:00  3952.270020  3955.850098  3952.199951  3955.500000  3955.500000   13420532
2022-11-21 14:05:00-05:00  3955.489990  3957.830078  3955.389893  3956.330078  3956.330078   12933235
2022-11-21 14:10:00-05:00  3956.360107  3956.489990  3953.280029  3955.520020  3955.520020   15027879
2022-11-21 14:15:00-05:00  3955.510010  3957.489990  3955.310059  3956.830078  3956.830078   13944908
2022-11-21 14:20:00-05:00  3956.870117  3956.969971  3950.300049  3951.110107  3951.110107   16965342
2022-11-21 14:25:00-05:00  3951.090088  3953.129883  3951.090088  3951.830078  3951.830078   13808595
2022-11-21 14:30:00-05:00  3951.610107  3953.629883  3951.030029  3951.580078  3951.580078   14071218
2022-11-21 14:35:00-05:00  3951.639893  3951.959961  3949.250000  3951.800049  3951.800049   14671917
2022-11-21 14:40:00-05:00  3951.820068  3952.320068  3948.639893  3948.840088  3948.840088   13972554
2022-11-21 14:45:00-05:00  3948.850098  3950.409912  3948.169922  3949.979980  3949.979980   13354586
2022-11-21 14:50:00-05:00  3949.979980  3953.149902  3949.560059  3951.929932  3951.929932   16451827
2022-11-21 14:55:00-05:00  3951.919922  3953.300049  3950.000000  3950.110107  3950.110107   15365602
2022-11-21 15:00:00-05:00  3949.860107  3952.889893  3948.959961  3952.669922  3952.669922   16892943
2022-11-21 15:05:00-05:00  3952.719971  3953.280029  3950.090088  3952.219971  3952.219971   18105928
2022-11-21 15:10:00-05:00  3952.189941  3952.199951  3949.830078  3951.979980  3951.979980   16848941
2022-11-21 15:15:00-05:00  3951.919922  3954.060059  3951.280029  3953.360107  3953.360107   18728634
2022-11-21 15:20:00-05:00  3953.310059  3954.229980  3948.330078  3948.360107  3948.360107   21282070
2022-11-21 15:25:00-05:00  3948.350098  3948.669922  3945.239990  3947.510010  3947.510010   20573161
2022-11-21 15:30:00-05:00  3947.500000  3950.830078  3946.929932  3947.340088  3947.340088   26388931
2022-11-21 15:35:00-05:00  3947.250000  3949.830078  3947.250000  3947.830078  3947.830078   24648195
2022-11-21 15:40:00-05:00  3947.860107  3948.600098  3946.090088  3948.030029  3948.030029   28611236
2022-11-21 15:45:00-05:00  3948.020020  3952.399902  3948.020020  3952.260010  3952.260010   38824913
2022-11-21 15:50:00-05:00  3952.250000  3955.679932  3950.389893  3952.850098  3952.850098   56767400
2022-11-21 15:55:00-05:00  3952.729980  3952.729980  3948.629883  3950.250000  3950.250000   69350161
2022-11-22 09:30:00-05:00  3965.510010  3971.370117  3964.489990  3965.860107  3965.860107   62036000
2022-11-22 09:35:00-05:00  3966.030029  3969.800049  3960.969971  3961.810059  3961.810059   34780804
2022-11-22 09:40:00-05:00  3961.709961  3963.219971  3956.879883  3960.199951  3960.199951   34392984
2022-11-22 09:45:00-05:00  3960.199951  3963.979980  3959.219971  3961.909912  3961.909912   34459182
2022-11-22 09:50:00-05:00  3961.770020  3963.199951  3960.239990  3961.100098  3961.100098   28727867
2022-11-22 09:55:00-05:00  3961.050049  3964.770020  3960.979980  3964.080078  3964.080078   29856217
2022-11-22 10:00:00-05:00  3964.000000  3971.020020  3962.149902  3968.679932  3968.679932   35176647
2022-11-22 10:05:00-05:00  3968.570068  3972.639893  3968.570068  3970.449951  3970.449951   29886167
2022-11-22 10:10:00-05:00  3970.489990  3977.129883  3970.489990  3977.050049  3977.050049   28552170
2022-11-22 10:15:00-05:00  3977.209961  3978.500000  3974.120117  3974.540039  3974.540039   24363850
2022-11-22 10:20:00-05:00  3974.520020  3975.889893  3974.000000  3974.239990  3974.239990   23211838
2022-11-22 10:25:00-05:00  3974.209961  3976.399902  3973.040039  3975.550049  3975.550049   25226633
2022-11-22 10:30:00-05:00  3975.709961  3979.100098  3972.379883  3974.669922  3974.669922   26304994
2022-11-22 10:35:00-05:00  3974.629883  3975.580078  3971.100098  3971.229980  3971.229980   23673971
2022-11-22 10:40:00-05:00  3971.250000  3974.790039  3970.840088  3973.909912  3973.909912   21826025
2022-11-22 10:45:00-05:00  3974.100098  3980.500000  3973.379883  3979.659912  3979.659912   22849425
2022-11-22 10:50:00-05:00  3979.840088  3982.409912  3979.689941  3979.909912  3979.909912   22255087
2022-11-22 10:55:00-05:00  3979.909912  3982.409912  3978.250000  3981.550049  3981.550049   24401012
2022-11-22 11:00:00-05:00  3981.560059  3982.020020  3977.459961  3978.189941  3978.189941   19317129
2022-11-22 11:05:00-05:00  3978.179932  3979.739990  3976.939941  3979.560059  3979.560059   17650684
2022-11-22 11:10:00-05:00  3979.500000  3981.300049  3977.310059  3977.659912  3977.659912   17905125
2022-11-22 11:15:00-05:00  3977.540039  3978.959961  3972.860107  3978.959961  3978.959961   19819648
2022-11-22 11:20:00-05:00  3979.020020  3979.800049  3977.689941  3978.600098  3978.600098   16559519
2022-11-22 11:25:00-05:00  3978.570068  3980.270020  3977.590088  3978.399902  3978.399902   18379588
2022-11-22 11:30:00-05:00  3978.439941  3978.570068  3974.760010  3977.100098  3977.100098   18029693
2022-11-22 11:35:00-05:00  3977.100098  3977.129883  3973.790039  3975.879883  3975.879883   15570946
2022-11-22 11:40:00-05:00  3975.840088  3977.760010  3975.149902  3975.639893  3975.639893   14161604
2022-11-22 11:45:00-05:00  3975.629883  3977.020020  3974.449951  3976.870117  3976.870117   13911733
2022-11-22 11:50:00-05:00  3976.830078  3978.080078  3975.219971  3977.929932  3977.929932   16089857
2022-11-22 11:55:00-05:00  3977.899902  3979.810059  3977.590088  3979.389893  3979.389893   14782201
2022-11-22 12:00:00-05:00  3979.379883  3982.750000  3979.280029  3982.020020  3982.020020   18088794
2022-11-22 12:05:00-05:00  3981.689941  3981.979980  3978.479980  3979.439941  3979.439941   14833917
2022-11-22 12:10:00-05:00  3979.389893  3981.540039  3979.219971  3980.439941  3980.439941   14720445
2022-11-22 12:15:00-05:00  3980.429932  3983.280029  3980.429932  3981.820068  3981.820068   14405639
2022-11-22 12:20:00-05:00  3981.810059  3981.979980  3978.379883  3979.260010  3979.260010   16416508
2022-11-22 12:25:00-05:00  3979.239990  3979.610107  3977.979980  3979.379883  3979.379883   13278269
2022-11-22 12:30:00-05:00  3979.330078  3980.540039  3978.689941  3980.040039  3980.040039   12788775
2022-11-22 12:35:00-05:00  3980.050049  3981.459961  3980.050049  3981.389893  3981.389893   12663314
2022-11-22 12:40:00-05:00  3981.340088  3981.780029  3978.709961  3981.770020  3981.770020   14503640
2022-11-22 12:45:00-05:00  3981.810059  3982.330078  3980.649902  3980.750000  3980.750000   12960638
2022-11-22 12:50:00-05:00  3980.709961  3981.000000  3978.870117  3979.270020  3979.270020   12483211
2022-11-22 12:55:00-05:00  3979.239990  3979.899902  3978.580078  3979.350098  3979.350098   10984285
2022-11-22 13:00:00-05:00  3979.360107  3981.750000  3978.479980  3980.870117  3980.870117   15973778
2022-11-22 13:05:00-05:00  3980.860107  3985.459961  3979.560059  3985.270020  3985.270020   16189887
2022-11-22 13:10:00-05:00  3985.290039  3987.689941  3985.040039  3987.610107  3987.610107   14958825
2022-11-22 13:15:00-05:00  3987.580078  3988.520020  3986.899902  3987.750000  3987.750000   13201842
2022-11-22 13:20:00-05:00  3987.750000  3988.330078  3986.100098  3988.060059  3988.060059   12249874
2022-11-22 13:25:00-05:00  3988.090088  3989.840088  3987.520020  3989.340088  3989.340088   11349665
2022-11-22 13:30:00-05:00  3989.310059  3990.139893  3988.899902  3988.929932  3988.929932   15165971
2022-11-22 13:35:00-05:00  3988.840088  3988.840088  3986.770020  3987.610107  3987.610107   15933583
2022-11-22 13:40:00-05:00  3987.620117  3988.860107  3987.110107  3988.260010  3988.260010   12186262
2022-11-22 13:45:00-05:00  3988.290039  3989.669922  3988.149902  3989.459961  3989.459961   13449056
2022-11-22 13:50:00-05:00  3989.479980  3991.389893  3989.110107  3990.820068  3990.820068   13627999
2022-11-22 13:55:00-05:00  3990.840088  3990.899902  3989.320068  3989.949951  3989.949951   14231133
2022-11-22 14:00:00-05:00  3989.919922  3991.899902  3988.620117  3990.659912  3990.659912   16615215
2022-11-22 14:05:00-05:00  3990.669922  3990.879883  3987.290039  3987.290039  3987.290039   13710642
2022-11-22 14:10:00-05:00  3987.270020  3988.590088  3986.580078  3986.860107  3986.860107   13111597
2022-11-22 14:15:00-05:00  3986.860107  3989.320068  3986.699951  3988.770020  3988.770020   14841295
2022-11-22 14:20:00-05:00  3988.780029  3989.860107  3988.610107  3989.790039  3989.790039   14214280
2022-11-22 14:25:00-05:00  3989.790039  3990.600098  3989.060059  3990.219971  3990.219971   13152654
2022-11-22 14:30:00-05:00  3990.040039  3990.129883  3988.060059  3988.199951  3988.199951   13961482
2022-11-22 14:35:00-05:00  3988.189941  3993.189941  3988.189941  3992.770020  3992.770020   16117931
2022-11-22 14:40:00-05:00  3992.780029  3992.929932  3988.850098  3988.899902  3988.899902   14903145
2022-11-22 14:45:00-05:00  3988.899902  3991.510010  3988.840088  3991.510010  3991.510010   13275415
2022-11-22 14:50:00-05:00  3991.500000  3994.209961  3991.340088  3993.739990  3993.739990   14934787
2022-11-22 14:55:00-05:00  3993.719971  3994.820068  3993.159912  3994.030029  3994.030029   15095595
2022-11-22 15:00:00-05:00  3994.030029  3998.719971  3993.399902  3998.459961  3998.459961   18147678
2022-11-22 15:05:00-05:00  3998.489990  3998.949951  3997.270020  3998.179932  3998.179932   17740100
2022-11-22 15:10:00-05:00  3998.199951  3998.830078  3996.459961  3998.790039  3998.790039   17101619
2022-11-22 15:15:00-05:00  3998.770020  3999.540039  3996.590088  3996.840088  3996.840088   18818015
2022-11-22 15:20:00-05:00  3996.879883  3999.800049  3996.879883  3999.800049  3999.800049   19457248
2022-11-22 15:25:00-05:00  3999.870117  4000.120117  3998.260010  3999.500000  3999.500000   22111649
2022-11-22 15:30:00-05:00  3999.489990  4001.370117  3998.659912  4001.370117  4001.370117   24237133
2022-11-22 15:35:00-05:00  4001.350098  4001.780029  3999.919922  4001.270020  4001.270020   26867881
2022-11-22 15:40:00-05:00  4001.280029  4001.560059  4000.129883  4000.669922  4000.669922   28375670
2022-11-22 15:45:00-05:00  4000.629883  4002.709961  4000.290039  4001.850098  4001.850098   37264669
2022-11-22 15:50:00-05:00  4001.959961  4004.219971  4000.149902  4002.610107  4002.610107   64669924
2022-11-22 15:55:00-05:00  4002.610107  4005.879883  4000.649902  4003.649902  4003.649902  112758835
2022-11-23 09:30:00-05:00  4000.300049  4008.979980  3999.120117  4008.250000  4008.250000   26267764
2022-11-23 09:35:00-05:00  4008.379883  4013.080078  4008.379883  4013.050049  4013.050049   27433296
2022-11-23 09:40:00-05:00  4013.010010  4013.020020  4009.020020  4010.969971  4010.969971   25865916
2022-11-23 09:45:00-05:00  4010.840088  4020.620117  4010.840088  4017.239990  4017.239990   33054955
2022-11-23 09:50:00-05:00  4017.209961  4022.810059  4017.120117  4021.429932  4021.429932   44573023
2022-11-23 09:55:00-05:00  4021.389893  4021.429932  4017.219971  4018.560059  4018.560059   22479714
2022-11-23 10:00:00-05:00  4018.479980  4021.060059  4012.739990  4020.229980  4020.229980   29064489
2022-11-23 10:05:00-05:00  4020.280029  4025.389893  4019.800049  4021.590088  4021.590088   25483716
2022-11-23 10:10:00-05:00  4021.689941  4023.639893  4020.739990  4021.129883  4021.129883   21993108
2022-11-23 10:15:00-05:00  4021.209961  4021.419922  4016.979980  4019.939941  4019.939941   22350246
2022-11-23 10:20:00-05:00  4019.939941  4022.290039  4018.520020  4022.229980  4022.229980   19414207
2022-11-23 10:25:00-05:00  4022.209961  4023.979980  4021.250000  4023.560059  4023.560059   19895313
2022-11-23 10:30:00-05:00  4023.610107  4027.159912  4023.439941  4025.699951  4025.699951   23035336
2022-11-23 10:35:00-05:00  4025.810059  4026.350098  4024.530029  4024.570068  4024.570068   17434380