                                  Open         High          Low        Close    Adj Close     Volume
Datetime                                                                                             
2023-01-17 09:30:00-05:00  3999.280029  4002.409912  3995.139893  3996.520020  3996.520020          0
2023-01-17 09:35:00-05:00  3996.419922  4000.360107  3991.699951  3993.479980  3993.479980   47580788
2023-01-17 09:40:00-05:00  3993.750000  3997.899902  3989.840088  3996.840088  3996.840088   44507273
2023-01-17 09:45:00-05:00  3996.699951  4001.919922  3996.699951  3999.300049  3999.300049   38591141
2023-01-17 09:50:00-05:00  3999.489990  4004.070068  3996.600098  4003.219971  4003.219971   36326606
2023-01-17 09:55:00-05:00  4003.389893  4004.389893  3997.560059  3998.620117  3998.620117   36403977
2023-01-17 10:00:00-05:00  3998.830078  4014.169922  3998.830078  4010.850098  4010.850098   43515679
2023-01-17 10:05:00-05:00  4010.340088  4012.129883  4008.909912  4011.550049  4011.550049   35850272
2023-01-17 10:10:00-05:00  4011.570068  4013.590088  4009.919922  4010.090088  4010.090088   46865692
2023-01-17 10:15:00-05:00  4010.209961  4012.790039  4008.770020  4011.459961  4011.459961   30273098
2023-01-17 10:20:00-05:00  4011.459961  4015.389893  4011.459961  4013.800049  4013.800049   29819889
2023-01-17 10:25:00-05:00  4013.709961  4014.989990  4009.300049  4010.139893  4010.139893   29824044
2023-01-17 10:30:00-05:00  4010.429932  4011.540039  4005.679932  4007.110107  4007.110107   30798287
2023-01-17 10:35:00-05:00  4007.080078  4007.080078  4002.979980  4003.139893  4003.139893   27138869
2023-01-17 10:40:00-05:00  4003.139893  4003.879883  3992.379883  3997.570068  3997.570068   36005680
2023-01-17 10:45:00-05:00  3997.530029  3999.370117  3995.469971  3998.550049  3998.550049   26923082
2023-01-17 10:50:00-05:00  3998.429932  3998.860107  3993.919922  3996.610107  3996.610107   23586955
2023-01-17 10:55:00-05:00  3996.810059  3997.550049  3994.209961  3996.550049  3996.550049   24122682
2023-01-17 11:00:00-05:00  3996.239990  3997.560059  3993.070068  3995.590088  3995.590088   23253001
2023-01-17 11:05:00-05:00  3995.639893  3995.649902  3989.610107  3991.129883  3991.129883   22822726
2023-01-17 11:10:00-05:00  3991.159912  3991.159912  3986.020020  3987.229980  3987.229980   30826624
2023-01-17 11:15:00-05:00  3987.219971  3988.600098  3986.330078  3988.290039  3988.290039   22446353
2023-01-17 11:20:00-05:00  3988.290039  3988.889893  3984.840088  3984.939941  3984.939941   22751016
2023-01-17 11:25:00-05:00  3984.939941  3991.129883  3984.570068  3990.429932  3990.429932   21559461
2023-01-17 11:30:00-05:00  3990.439941  3994.439941  3989.750000  3992.689941  3992.689941   20771997
2023-01-17 11:35:00-05:00  3992.679932  3994.010010  3990.909912  3993.729980  3993.729980   19103283
2023-01-17 11:40:00-05:00  3993.719971  3995.350098  3993.270020  3993.750000  3993.750000   19422030
2023-01-17 11:45:00-05:00  3993.770020  3996.250000  3993.610107  3995.320068  3995.320068   16971426
2023-01-17 11:50:00-05:00  3995.370117  3996.580078  3993.929932  3994.439941  3994.439941   18174833
2023-01-17 11:55:00-05:00  3994.429932  3996.939941  3992.979980  3995.639893  3995.639893   16642952
2023-01-17 12:00:00-05:00  3995.649902  3998.939941  3995.649902  3998.939941  3998.939941   16366237
2023-01-17 12:05:00-05:00  3998.969971  3999.459961  3994.429932  3994.449951  3994.449951   20085143
2023-01-17 12:10:00-05:00  3994.449951  3994.810059  3993.010010  3993.310059  3993.310059   16958519
2023-01-17 12:15:00-05:00  3993.280029  3994.159912  3991.379883  3991.889893  3991.889893   14765331
2023-01-17 12:20:00-05:00  3991.899902  3993.600098  3990.010010  3991.100098  3991.100098   16490958
2023-01-17 12:25:00-05:00  3991.120117  3991.300049  3989.030029  3989.879883  3989.879883   15630525
2023-01-17 12:30:00-05:00  3989.899902  3993.189941  3989.409912  3992.830078  3992.830078   16165573
2023-01-17 12:35:00-05:00  3992.820068  3994.989990  3992.669922  3994.139893  3994.139893   14922721
2023-01-17 12:40:00-05:00  3994.100098  3994.469971  3992.820068  3992.929932  3992.929932   15560961
2023-01-17 12:45:00-05:00  3992.939941  3994.300049  3991.729980  3993.560059  3993.560059   16455273
2023-01-17 12:50:00-05:00  3993.449951  3996.739990  3992.830078  3996.239990  3996.239990   16601332
2023-01-17 12:55:00-05:00  3996.239990  3996.389893  3993.739990  3994.719971  3994.719971   15330363
2023-01-17 13:00:00-05:00  3994.719971  3997.340088  3994.439941  3997.169922  3997.169922   16851937
2023-01-17 13:05:00-05:00  3997.169922  3997.280029  3995.550049  3995.550049  3995.550049   16592488
2023-01-17 13:10:00-05:00  3995.560059  3995.790039  3993.000000  3994.429932  3994.429932   18689836
2023-01-17 13:15:00-05:00  3994.439941  3997.189941  3994.229980  3996.370117  3996.370117   16101164
2023-01-17 13:20:00-05:00  3996.370117  3996.570068  3994.000000  3994.129883  3994.129883   16795755
2023-01-17 13:25:00-05:00  3994.159912  3995.570068  3993.669922  3995.070068  3995.070068   16477678
2023-01-17 13:30:00-05:00  3995.070068  3996.580078  3994.189941  3995.870117  3995.870117   15789335
2023-01-17 13:35:00-05:00  3995.820068  4000.520020  3995.320068  4000.429932  4000.429932   18806834
2023-01-17 13:40:00-05:00  4000.429932  4001.149902  3999.629883  4000.500000  4000.500000   14728035
2023-01-17 13:45:00-05:00  4000.530029  4001.020020  3997.989990  4000.399902  4000.399902   16382159
2023-01-17 13:50:00-05:00  4000.419922  4001.040039  3999.080078  3999.280029  3999.280029   15440965
2023-01-17 13:55:00-05:00  3999.250000  4000.330078  3998.370117  4000.120117  4000.120117   16362057
2023-01-17 14:00:00-05:00  4000.129883  4000.830078  3999.199951  4000.820068  4000.820068   16284075
2023-01-17 14:05:00-05:00  4000.860107  4001.479980  4000.090088  4000.550049  4000.550049   16881328
2023-01-17 14:10:00-05:00  4000.520020  4000.860107  3994.320068  3995.649902  3995.649902   21141919
2023-01-17 14:15:00-05:00  3995.850098  3995.929932  3990.219971  3993.310059  3993.310059   23539514
2023-01-17 14:20:00-05:00  3993.360107  3993.580078  3990.239990  3992.199951  3992.199951   18558922
2023-01-17 14:25:00-05:00  3992.199951  3993.449951  3991.659912  3992.120117  3992.120117   16953402
2023-01-17 14:30:00-05:00  3992.120117  3996.250000  3992.120117  3996.110107  3996.110107   17530918
2023-01-17 14:35:00-05:00  3996.110107  3999.489990  3996.090088  3999.090088  3999.090088   17368854
2023-01-17 14:40:00-05:00  3999.110107  4000.479980  3998.439941  4000.080078  4000.080078   17296413
2023-01-17 14:45:00-05:00  4000.030029  4000.280029  3998.330078  3999.020020  3999.020020   16192149
2023-01-17 14:50:00-05:00  3999.149902  3999.679932  3996.399902  3997.560059  3997.560059   17251745
2023-01-17 14:55:00-05:00  3997.570068  3997.570068  3993.560059  3994.939941  3994.939941   19009307
2023-01-17 15:00:00-05:00  3994.879883  3998.949951  3994.669922  3998.239990  3998.239990   20364414
2023-01-17 15:05:00-05:00  3998.229980  3998.350098  3996.620117  3997.090088  3997.090088   19535865
2023-01-17 15:10:00-05:00  3996.939941  3997.260010  3992.639893  3993.860107  3993.860107   23129615
2023-01-17 15:15:00-05:00  3993.860107  3996.129883  3992.540039  3994.860107  3994.860107   22609533
2023-01-17 15:20:00-05:00  3994.879883  3994.879883  3991.830078  3994.110107  3994.110107   22920197
2023-01-17 15:25:00-05:00  3994.110107  3995.550049  3992.770020  3993.370117  3993.370117   22283305
2023-01-17 15:30:00-05:00  3993.350098  3995.090088  3992.139893  3994.629883  3994.629883   28231099
2023-01-17 15:35:00-05:00  3994.649902  3994.909912  3993.530029  3994.060059  3994.060059   28718002
2023-01-17 15:40:00-05:00  3994.020020  3995.139893  3991.620117  3991.850098  3991.850098   35044762
2023-01-17 15:45:00-05:00  3991.860107  3991.860107  3987.489990  3989.159912  3989.159912   45259936
2023-01-17 15:50:00-05:00  3989.179932  3989.179932  3985.199951  3986.540039  3986.540039   72321138
2023-01-17 15:55:00-05:00  3986.939941  3991.820068  3986.939941  3990.699951  3990.699951   77706810
2023-01-18 09:30:00-05:00  4002.250000  4007.620117  4000.699951  4005.709961  4005.709961   76061725
2023-01-18 09:35:00-05:00  4004.689941  4006.350098  3997.850098  4002.360107  4002.360107   45500006
2023-01-18 09:40:00-05:00  4002.280029  4009.939941  4000.280029  4002.770020  4002.770020   44223773
2023-01-18 09:45:00-05:00  4002.889893  4006.360107  4000.399902  4005.100098  4005.100098   37244833
2023-01-18 09:50:00-05:00  4005.060059  4009.600098  4004.520020  4005.840088  4005.840088   35969258
2023-01-18 09:55:00-05:00  4005.719971  4009.280029  4003.919922  4009.000000  4009.000000   31369605
2023-01-18 10:00:00-05:00  4009.050049  4012.659912  4009.040039  4009.750000  4009.750000   39810685
2023-01-18 10:05:00-05:00  4009.860107  4014.159912  4009.860107  4010.219971  4010.219971   34404100
2023-01-18 10:10:00-05:00  4010.310059  4011.439941  4007.580078  4008.570068  4008.570068   31035190
2023-01-18 10:15:00-05:00  4008.560059  4011.889893  3999.830078  4002.300049  4002.300049   34735376
2023-01-18 10:20:00-05:00  4002.409912  4007.540039  4002.409912  4007.030029  4007.030029   29902325
2023-01-18 10:25:00-05:00  4007.000000  4008.300049  4005.159912  4007.550049  4007.550049   28002865
2023-01-18 10:30:00-05:00  4007.600098  4008.070068  4000.800049  4001.780029  4001.780029   30709132
2023-01-18 10:35:00-05:00  4001.719971  4002.389893  3993.909912  3994.159912  3994.159912   33534018
2023-01-18 10:40:00-05:00  3994.389893  3996.909912  3987.580078  3989.350098  3989.350098   34376639
2023-01-18 10:45:00-05:00  3989.340088  3993.000000  3988.649902  3989.000000  3989.000000   31147021
2023-01-18 10:50:00-05:00  3989.020020  3989.129883  3982.879883  3982.879883  3982.879883   31347417
2023-01-18 10:55:00-05:00  3982.760010  3985.520020  3978.780029  3985.520020  3985.520020   32232621
2023-01-18 11:00:00-05:00  3985.479980  3987.209961  3982.659912  3983.090088  3983.090088   27192705
2023-01-18 11:05:00-05:00  3983.209961  3983.209961  3973.679932  3976.419922  3976.419922   32448665
2023-01-18 11:10:00-05:00  3976.419922  3976.659912  3972.439941  3975.489990  3975.489990   25841241
2023-01-18 11:15:00-05:00  3975.590088  3975.600098  3970.659912  3971.250000  3971.250000   24946873
2023-01-18 11:20:00-05:00  3971.219971  3971.219971  3963.540039  3964.729980  3964.729980   29862032
2023-01-18 11:25:00-05:00  3964.760010  3970.699951  3963.219971  3967.620117  3967.620117   27823474
2023-01-18 11:30:00-05:00  3967.300049  3967.300049  3960.530029  3962.139893  3962.139893   25538102
2023-01-18 11:35:00-05:00  3962.110107  3962.189941  3957.959961  3958.179932  3958.179932   24346580
2023-01-18 11:40:00-05:00  3958.239990  3960.199951  3956.169922  3957.169922  3957.169922   23474785
2023-01-18 11:45:00-05:00  3957.560059  3961.479980  3956.419922  3961.239990  3961.239990   23281997
2023-01-18 11:50:00-05:00  3961.209961  3961.209961  3955.959961  3957.699951  3957.699951   20523523
2023-01-18 11:55:00-05:00  3957.679932  3962.669922  3956.750000  3961.969971  3961.969971   20284636
2023-01-18 12:00:00-05:00  3962.040039  3963.629883  3958.459961  3958.560059  3958.560059   22389684
2023-01-18 12:05:00-05:00  3958.600098  3960.100098  3956.350098  3958.399902  3958.399902   19954756
2023-01-18 12:10:00-05:00  3958.260010  3961.409912  3957.139893  3961.409912  3961.409912   18638200
2023-01-18 12:15:00-05:00  3961.399902  3961.399902  3956.080078  3956.239990  3956.239990   20505202
2023-01-18 12:20:00-05:00  3956.229980  3956.810059  3953.709961  3953.790039  3953.790039   18404323
2023-01-18 12:25:00-05:00  3953.800049  3954.419922  3949.239990  3950.409912  3950.409912   20077366
2023-01-18 12:30:00-05:00  3950.399902  3950.510010  3948.300049  3949.929932  3949.929932   18411960
2023-01-18 12:35:00-05:00  3949.870117  3954.060059  3949.870117  3952.080078  3952.080078   15488275
2023-01-18 12:40:00-05:00  3952.020020  3953.110107  3950.310059  3950.570068  3950.570068   16609129
2023-01-18 12:45:00-05:00  3950.580078  3951.699951  3949.510010  3951.629883  3951.629883   16707161
2023-01-18 12:50:00-05:00  3951.560059  3952.699951  3946.520020  3946.709961  3946.709961   18799108
2023-01-18 12:55:00-05:00  3946.709961  3949.040039  3945.500000  3946.760010  3946.760010   17798691
2023-01-18 13:00:00-05:00  3946.830078  3949.100098  3943.389893  3943.659912  3943.659912   23307791
2023-01-18 13:05:00-05:00  3943.709961  3944.469971  3940.199951  3940.629883  3940.629883   19636654
2023-01-18 13:10:00-05:00  3940.600098  3941.120117  3939.080078  3940.479980  3940.479980   19261603
2023-01-18 13:15:00-05:00  3940.500000  3940.959961  3939.139893  3940.219971  3940.219971   17618470
2023-01-18 13:20:00-05:00  3940.139893  3942.629883  3939.340088  3942.250000  3942.250000   18793611
2023-01-18 13:25:00-05:00  3942.120117  3946.510010  3941.790039  3946.449951  3946.449951   20970631
2023-01-18 13:30:00-05:00  3946.439941  3948.429932  3944.209961  3944.409912  3944.409912   20488643
2023-01-18 13:35:00-05:00  3944.419922  3948.909912  3944.219971  3947.340088  3947.340088   18208466
2023-01-18 13:40:00-05:00  3947.370117  3951.280029  3947.370117  3951.020020  3951.020020   18828405
2023-01-18 13:45:00-05:00  3951.030029  3953.649902  3949.860107  3950.469971  3950.469971   18768748
2023-01-18 13:50:00-05:00  3950.439941  3953.560059  3950.429932  3952.979980  3952.979980   16478387
2023-01-18 13:55:00-05:00  3952.949951  3952.949951  3948.860107  3949.330078  3949.330078   15943936
2023-01-18 14:00:00-05:00  3949.340088  3950.370117  3946.790039  3948.649902  3948.649902   18424904
2023-01-18 14:05:00-05:00  3948.679932  3949.169922  3944.669922  3947.489990  3947.489990   18966304
2023-01-18 14:10:00-05:00  3947.570068  3949.620117  3947.060059  3948.360107  3948.360107   15842889
2023-01-18 14:15:00-05:00  3948.399902  3948.429932  3944.620117  3945.290039  3945.290039   16565137
2023-01-18 14:20:00-05:00  3945.300049  3949.000000  3945.300049  3947.939941  3947.939941   16719404
2023-01-18 14:25:00-05:00  3947.939941  3951.050049  3947.439941  3950.669922  3950.669922   15868705
2023-01-18 14:30:00-05:00  3950.679932  3952.489990  3950.639893  3951.719971  3951.719971   18492301
2023-01-18 14:35:00-05:00  3951.709961  3951.709961  3947.669922  3948.030029  3948.030029   17227190
2023-01-18 14:40:00-05:00  3948.030029  3948.629883  3946.280029  3948.520020  3948.520020   16738940
2023-01-18 14:45:00-05:00  3948.479980  3949.120117  3946.439941  3946.540039  3946.540039   18376442
2023-01-18 14:50:00-05:00  3946.530029  3946.830078  3944.959961  3945.500000  3945.500000   16587790
2023-01-18 14:55:00-05:00  3945.540039  3945.899902  3944.280029  3944.870117  3944.870117   16996865
2023-01-18 15:00:00-05:00  3944.850098  3944.850098  3941.409912  3941.840088  3941.840088   22142482
2023-01-18 15:05:00-05:00  3941.850098  3944.750000  3940.939941  3943.959961  3943.959961   21790872
2023-01-18 15:10:00-05:00  3943.929932  3948.979980  3943.500000  3945.010010  3945.010010   25572121
2023-01-18 15:15:00-05:00  3945.010010  3947.139893  3941.560059  3942.979980  3942.979980   24321244
2023-01-18 15:20:00-05:00  3943.010010  3944.679932  3942.560059  3943.370117  3943.370117   22107095
2023-01-18 15:25:00-05:00  3943.370117  3944.149902  3941.290039  3941.750000  3941.750000   24826283
2023-01-18 15:30:00-05:00  3941.739990  3941.770020  3936.120117  3936.219971  3936.219971   34880053
2023-01-18 15:35:00-05:00  3936.229980  3937.790039  3935.169922  3935.169922  3935.169922   30850649
2023-01-18 15:40:00-05:00  3935.159912  3935.159912  3930.840088  3931.679932  3931.679932   39203012
2023-01-18 15:45:00-05:00  3931.629883  3934.000000  3929.699951  3930.639893  3930.639893   46995252
2023-01-18 15:50:00-05:00  3930.620117  3933.929932  3928.860107  3931.100098  3931.100098   75229861
2023-01-18 15:55:00-05:00  3931.250000  3931.530029  3926.590088  3928.879883  3928.879883   88195082
2023-01-19 09:30:00-05:00  3911.840088  3913.219971  3905.600098  3910.040039  3910.040039   71968393
2023-01-19 09:35:00-05:00  3910.030029  3914.820068  3905.639893  3914.820068  3914.820068   44654763
2023-01-19 09:40:00-05:00  3914.870117  3916.330078  3905.179932  3905.280029  3905.280029   41831129
2023-01-19 09:45:00-05:00  3905.149902  3905.909912  3899.790039  3900.709961  3900.709961   39961547
2023-01-19 09:50:00-05:00  3900.580078  3904.489990  3899.209961  3900.419922  3900.419922   34550204
2023-01-19 09:55:00-05:00  3900.340088  3909.899902  3900.340088  3905.179932  3905.179932   37574318
2023-01-19 10:00:00-05:00  3905.709961  3908.500000  3902.199951  3904.179932  3904.179932   44403113
2023-01-19 10:05:00-05:00  3904.590088  3911.570068  3904.590088  3910.699951  3910.699951   33601547
2023-01-19 10:10:00-05:00  3910.550049  3910.659912  3897.879883  3901.399902  3901.399902   34140836
2023-01-19 10:15:00-05:00  3901.389893  3910.489990  3899.889893  3907.250000  3907.250000   29823099
2023-01-19 10:20:00-05:00  3907.270020  3908.500000  3902.610107  3902.679932  3902.679932   26483348
2023-01-19 10:25:00-05:00  3902.679932  3904.899902  3900.110107  3902.979980  3902.979980   26971453
2023-01-19 10:30:00-05:00  3902.979980  3902.979980  3898.260010  3899.280029  3899.280029   27621114
2023-01-19 10:35:00-05:00  3899.239990  3900.399902  3895.570068  3899.199951  3899.199951   28228661
2023-01-19 10:40:00-05:00  3899.250000  3901.800049  3896.709961  3897.649902  3897.649902   26847276
2023-01-19 10:45:00-05:00  3897.760010  3897.760010  3892.639893  3894.750000  3894.750000   27769845
2023-01-19 10:50:00-05:00  3894.719971  3895.010010  3891.310059  3892.159912  3892.159912   24344172
2023-01-19 10:55:00-05:00  3892.090088  3892.090088  3888.389893  3891.919922  3891.919922   27509097
2023-01-19 11:00:00-05:00  3891.939941  3895.620117  3890.639893  3891.810059  3891.810059   24256078
2023-01-19 11:05:00-05:00  3891.840088  3898.239990  3890.659912  3897.800049  3897.800049   25338445
2023-01-19 11:10:00-05:00  3897.820068  3902.479980  3897.620117  3899.149902  3899.149902   24090680
2023-01-19 11:15:00-05:00  3899.159912  3899.989990  3895.260010  3895.320068  3895.320068   25423318
2023-01-19 11:20:00-05:00  3895.250000  3895.250000  3893.000000  3893.199951  3893.199951   22256920
2023-01-19 11:25:00-05:00  3893.229980  3894.530029  3889.929932  3890.600098  3890.600098   24156277
2023-01-19 11:30:00-05:00  3890.580078  3892.629883  3889.889893  3890.010010  3890.010010   26346071
2023-01-19 11:35:00-05:00  3890.020020  3891.800049  3889.169922  3891.669922  3891.669922   20238832
2023-01-19 11:40:00-05:00  3891.649902  3891.959961  3885.969971  3886.129883  3886.129883   22464066
2023-01-19 11:45:00-05:00  3886.110107  3889.350098  3885.540039  3889.260010  3889.260010   21770349
2023-01-19 11:50:00-05:00  3889.270020  3889.270020  3887.189941  3888.030029  3888.030029   20587832
2023-01-19 11:55:00-05:00  3888.080078  3890.459961  3887.830078  3890.330078  3890.330078   19249980
2023-01-19 12:00:00-05:00  3890.429932  3896.870117  3890.350098  3896.080078  3896.080078   22725411
2023-01-19 12:05:00-05:00  3896.050049  3898.290039  3893.790039  3894.550049  3894.550049   19072095
2023-01-19 12:10:00-05:00  3894.540039  3899.139893  3894.520020  3899.129883  3899.129883   17550381
2023-01-19 12:15:00-05:00  3899.100098  3902.879883  3898.929932  3900.969971  3900.969971   21708825
2023-01-19 12:20:00-05:00  3900.340088  3900.570068  3895.939941  3896.189941  3896.189941   18159279
2023-01-19 12:25:00-05:00  3896.250000  3896.929932  3895.310059  3896.229980  3896.229980   15254959
2023-01-19 12:30:00-05:00  3896.159912  3896.610107  3894.399902  3895.879883  3895.879883   16424529
2023-01-19 12:35:00-05:00  3895.870117  3897.610107  3895.209961  3896.590088  3896.590088   15394298
2023-01-19 12:40:00-05:00  3896.550049  3897.629883  3894.780029  3895.280029  3895.280029   15510507
2023-01-19 12:45:00-05:00  3895.290039  3897.629883  3894.239990  3894.590088  3894.590088   16624953
2023-01-19 12:50:00-05:00  3894.610107  3895.709961  3892.979980  3892.979980  3892.979980   14490602
2023-01-19 12:55:00-05:00  3893.030029  3898.209961  3892.179932  3898.209961  3898.209961   20438718
2023-01-19 13:00:00-05:00  3898.189941  3905.669922  3898.189941  3904.810059  3904.810059   21904937
2023-01-19 13:05:00-05:00  3904.790039  3904.790039  3900.300049  3902.850098  3902.850098   16946010
2023-01-19 13:10:00-05:00  3902.870117  3903.489990  3899.780029  3903.340088  3903.340088   18518053
2023-01-19 13:15:00-05:00  3903.300049  3906.280029  3898.919922  3905.580078  3905.580078   24711600
2023-01-19 13:20:00-05:00  3905.600098  3908.879883  3904.229980  3905.060059  3905.060059   19664425
2023-01-19 13:25:00-05:00  3905.080078  3905.139893  3901.370117  3903.580078  3903.580078   18057624
2023-01-19 13:30:00-05:00  3903.580078  3908.149902  3903.580078  3907.110107  3907.110107   19164559
2023-01-19 13:35:00-05:00  3907.110107  3913.870117  3907.110107  3913.729980  3913.729980   24199495
2023-01-19 13:40:00-05:00  3913.739990  3917.750000  3911.389893  3911.620117  3911.620117   23751459
2023-01-19 13:45:00-05:00  3911.620117  3912.919922  3910.810059  3911.030029  3911.030029   17327183
2023-01-19 13:50:00-05:00  3911.020020  3911.070068  3908.260010  3909.040039  3909.040039   16733489
2023-01-19 13:55:00-05:00  3908.790039  3911.090088  3907.689941  3910.929932  3910.929932   17106747
2023-01-19 14:00:00-05:00  3910.850098  3912.129883  3906.760010  3910.219971  3910.219971   19453292
2023-01-19 14:05:00-05:00  3910.149902  3910.479980  3905.600098  3908.260010  3908.260010   17893308
2023-01-19 14:10:00-05:00  3908.229980  3913.929932  3907.580078  3913.260010  3913.260010   18204387
2023-01-19 14:15:00-05:00  3913.260010  3914.969971  3911.750000  3913.820068  3913.820068   19245455
2023-01-19 14:20:00-05:00  3913.820068  3920.479980  3913.590088  3920.270020  3920.270020   21241107
2023-01-19 14:25:00-05:00  3920.209961  3921.179932  3917.679932  3919.189941  3919.189941   19743815
2023-01-19 14:30:00-05:00  3919.219971  3920.290039  3916.300049  3920.139893  3920.139893   18905845
2023-01-19 14:35:00-05:00  3920.159912  3922.939941  3919.459961  3919.820068  3919.820068   19051655
2023-01-19 14:40:00-05:00  3919.810059  3922.290039  3917.840088  3920.169922  3920.169922   20431340
2023-01-19 14:45:00-05:00  3920.179932  3922.649902  3917.909912  3918.479980  3918.479980   19971980
2023-01-19 14:50:00-05:00  3918.479980  3918.479980  3915.760010  3915.949951  3915.949951   19941151
2023-01-19 14:55:00-05:00  3915.949951  3919.739990  3915.409912  3917.610107  3917.610107   20478947
2023-01-19 15:00:00-05:00  3917.620117  3921.129883  3917.620117  3920.560059  3920.560059   19072449
2023-01-19 15:05:00-05:00  3920.280029  3920.280029  3913.889893  3914.409912  3914.409912   20476035
2023-01-19 15:10:00-05:00  3914.459961  3916.550049  3912.560059  3915.340088  3915.340088   20077035
2023-01-19 15:15:00-05:00  3915.330078  3917.780029  3911.989990  3914.979980  3914.979980   25053490
2023-01-19 15:20:00-05:00  3915.040039  3915.040039  3912.310059  3913.719971  3913.719971   22356412
2023-01-19 15:25:00-05:00  3913.739990  3916.379883  3912.750000  3915.060059  3915.060059   24172039
2023-01-19 15:30:00-05:00  3915.120117  3915.439941  3910.139893  3912.870117  3912.870117   32423700
2023-01-19 15:35:00-05:00  3912.870117  3915.449951  3912.360107  3913.610107  3913.610107   27846150
2023-01-19 15:40:00-05:00  3913.659912  3913.659912  3908.489990  3909.060059  3909.060059   33830639
2023-01-19 15:45:00-05:00  3909.090088  3910.590088  3907.639893  3908.330078  3908.330078   42633124
2023-01-19 15:50:00-05:00  3908.540039  3909.129883  3902.969971  3904.489990  3904.489990   71783916
2023-01-19 15:55:00-05:00  3904.479980  3904.479980  3897.699951  3898.159912  3898.159912   88214057
2023-01-20 09:30:00-05:00  3909.040039  3913.459961  3899.800049  3900.219971  3900.219971  169263980
2023-01-20 09:35:00-05:00  3900.360107  3903.260010  3897.860107  3902.590088  3902.590088   40299237
2023-01-20 09:40:00-05:00  3902.550049  3909.290039  3902.270020  3908.850098  3908.850098   38587323
2023-01-20 09:45:00-05:00  3908.889893  3909.570068  3905.770020  3906.800049  3906.800049   35164544
2023-01-20 09:50:00-05:00  3906.919922  3913.290039  3906.040039  3909.000000  3909.000000   37311530
2023-01-20 09:55:00-05:00  3909.010010  3913.840088  3907.429932  3910.209961  3910.209961   32249771
2023-01-20 10:00:00-05:00  3910.429932  3912.540039  3906.479980  3911.360107  3911.360107   34196177
2023-01-20 10:05:00-05:00  3911.340088  3920.709961  3911.340088  3919.389893  3919.389893   32738180
2023-01-20 10:10:00-05:00  3919.330078  3920.530029  3915.889893  3915.889893  3915.889893   42089761
2023-01-20 10:15:00-05:00  3915.850098  3916.399902  3912.290039  3914.409912  3914.409912   27969226
2023-01-20 10:20:00-05:00  3914.439941  3918.729980  3913.300049  3917.409912  3917.409912   27766327
2023-01-20 10:25:00-05:00  3917.439941  3922.989990  3915.300049  3922.510010  3922.510010   26480357
2023-01-20 10:30:00-05:00  3922.439941  3924.110107  3919.870117  3920.919922  3920.919922   23466081
2023-01-20 10:35:00-05:00  3921.100098  3922.419922  3919.100098  3920.129883  3920.129883   22947483
2023-01-20 10:40:00-05:00  3920.080078  3921.139893  3917.850098  3917.860107  3917.860107   23252617
2023-01-20 10:45:00-05:00  3917.870117  3919.629883  3917.010010  3919.110107  3919.110107   20542817
2023-01-20 10:50:00-05:00  3919.270020  3920.879883  3916.989990  3920.830078  3920.830078   22121320
2023-01-20 10:55:00-05:00  3920.750000  3922.790039  3919.530029  3919.530029  3919.530029   21278584
2023-01-20 11:00:00-05:00  3919.580078  3926.750000  3919.219971  3926.489990  3926.489990   25400333
2023-01-20 11:05:00-05:00  3926.540039  3927.479980  3925.070068  3925.830078  3925.830078   23159344
2023-01-20 11:10:00-05:00  3925.850098  3931.810059  3925.850098  3930.489990  3930.489990   23007990
2023-01-20 11:15:00-05:00  3930.489990  3931.770020  3929.860107  3931.540039  3931.540039   20085452
2023-01-20 11:20:00-05:00  3931.540039  3932.010010  3928.840088  3930.639893  3930.639893   23808392
2023-01-20 11:25:00-05:00  3930.679932  3936.320068  3930.219971  3936.090088  3936.090088   21116364
2023-01-20 11:30:00-05:00  3936.139893  3937.199951  3934.830078  3936.540039  3936.540039   21633775
2023-01-20 11:35:00-05:00  3936.530029  3936.689941  3931.239990  3931.370117  3931.370117   19604370
2023-01-20 11:40:00-05:00  3931.189941  3932.010010  3930.010010  3930.750000  3930.750000   18372766
2023-01-20 11:45:00-05:00  3930.770020  3934.080078  3930.669922  3933.370117  3933.370117   19337405
2023-01-20 11:50:00-05:00  3933.379883  3933.379883  3930.530029  3930.530029  3930.530029   17129670
2023-01-20 11:55:00-05:00  3930.550049  3932.219971  3929.219971  3930.489990  3930.489990   18103558
2023-01-20 12:00:00-05:00  3930.489990  3932.729980  3930.489990  3932.729980  3932.729980   15331108
2023-01-20 12:05:00-05:00  3932.729980  3934.110107  3932.020020  3932.649902  3932.649902   17630140
2023-01-20 12:10:00-05:00  3932.639893  3933.310059  3930.689941  3932.500000  3932.500000   16855766
2023-01-20 12:15:00-05:00  3932.379883  3934.189941  3931.429932  3933.909912  3933.909912   17241186
2023-01-20 12:20:00-05:00  3933.899902  3935.270020  3932.510010  3934.389893  3934.389893   17253522
2023-01-20 12:25:00-05:00  3934.379883  3935.689941  3933.189941  3933.510010  3933.510010   18010093
2023-01-20 12:30:00-05:00  3933.500000  3933.580078  3930.929932  3932.169922  3932.169922   15877362
2023-01-20 12:35:00-05:00  3932.179932  3933.459961  3931.320068  3933.459961  3933.459961   14234633
2023-01-20 12:40:00-05:00  3933.489990  3934.520020  3933.169922  3933.169922  3933.169922   13282821
2023-01-20 12:45:00-05:00  3933.179932  3933.500000  3932.080078  3933.129883  3933.129883   14069321
2023-01-20 12:50:00-05:00  3933.139893  3935.629883  3932.870117  3934.760010  3934.760010   15817666
2023-01-20 12:55:00-05:00  3934.750000  3934.939941  3931.709961  3931.750000  3931.750000   15562789
2023-01-20 13:00:00-05:00  3931.699951  3936.330078  3931.550049  3933.729980  3933.729980   20470698
2023-01-20 13:05:00-05:00  3933.760010  3934.189941  3932.000000  3932.189941  3932.189941   15344360
2023-01-20 13:10:00-05:00  3932.159912  3933.679932  3926.139893  3932.810059  3932.810059   20468197
2023-01-20 13:15:00-05:00  3932.899902  3933.860107  3925.649902  3925.649902  3925.649902   16741249
2023-01-20 13:20:00-05:00  3925.580078  3927.879883  3924.500000  3927.830078  3927.830078   16785947
2023-01-20 13:25:00-05:00  3927.870117  3929.649902  3927.280029  3929.199951  3929.199951   17292326
2023-01-20 13:30:00-05:00  3929.199951  3934.419922  3929.199951  3933.780029  3933.780029   16834946
2023-01-20 13:35:00-05:00  3933.800049  3941.850098  3933.780029  3940.229980  3940.229980   23808137
2023-01-20 13:40:00-05:00  3940.280029  3941.800049  3940.120117  3941.139893  3941.139893   15253731
2023-01-20 13:45:00-05:00  3941.159912  3946.250000  3940.610107  3946.100098  3946.100098   19034950
2023-01-20 13:50:00-05:00  3946.129883  3948.199951  3945.750000  3946.250000  3946.250000   18871678
2023-01-20 13:55:00-05:00  3946.229980  3947.889893  3945.030029  3947.219971  3947.219971   16253514
2023-01-20 14:00:00-05:00  3947.199951  3948.070068  3945.560059  3946.669922  3946.669922   16861227
2023-01-20 14:05:00-05:00  3946.699951  3947.389893  3946.030029  3947.280029  3947.280029   16236565
2023-01-20 14:10:00-05:00  3947.280029  3949.760010  3947.020020  3949.000000  3949.000000   16306810
2023-01-20 14:15:00-05:00  3948.929932  3950.729980  3948.860107  3949.110107  3949.110107   16937188
2023-01-20 14:20:00-05:00  3949.149902  3951.610107  3948.290039  3951.610107  3951.610107   17703194
2023-01-20 14:25:00-05:00  3951.580078  3952.169922  3950.570068  3951.870117  3951.870117   18580166
2023-01-20 14:30:00-05:00  3951.709961  3955.770020  3951.709961  3954.179932  3954.179932   19706706
2023-01-20 14:35:00-05:00  3954.179932  3954.949951  3953.389893  3954.739990  3954.739990   16570892
2023-01-20 14:40:00-05:00  3954.760010  3955.560059  3953.949951  3954.929932  3954.929932   16842048
2023-01-20 14:45:00-05:00  3954.909912  3954.919922  3952.199951  3952.780029  3952.780029   18328987
2023-01-20 14:50:00-05:00  3952.810059  3952.939941  3951.219971  3952.570068  3952.570068   16786579
2023-01-20 14:55:00-05:00  3952.550049  3956.040039  3951.260010  3956.010010  3956.010010   19167379
2023-01-20 15:00:00-05:00  3955.949951  3960.520020  3955.949951  3960.110107  3960.110107   22441234
2023-01-20 15:05:00-05:00  3960.199951  3962.909912  3959.179932  3962.219971  3962.219971   24291686
2023-01-20 15:10:00-05:00  3962.199951  3967.189941  3961.429932  3966.989990  3966.989990   26633185
2023-01-20 15:15:00-05:00  3967.040039  3970.149902  3967.010010  3968.129883  3968.129883   27434164
2023-01-20 15:20:00-05:00  3968.110107  3968.189941  3961.439941  3962.719971  3962.719971   27526633
2023-01-20 15:25:00-05:00  3962.679932  3965.320068  3962.659912  3964.439941  3964.439941   27792317
2023-01-20 15:30:00-05:00  3964.449951  3966.639893  3963.679932  3963.679932  3963.679932   35224401
2023-01-20 15:35:00-05:00  3963.669922  3964.409912  3961.280029  3964.409912  3964.409912   33187352
2023-01-20 15:40:00-05:00  3964.540039  3964.959961  3963.090088  3963.399902  3963.399902   38856779
2023-01-20 15:45:00-05:00  3963.310059  3966.320068  3961.370117  3966.239990  3966.239990   50362520
2023-01-20 15:50:00-05:00  3966.229980  3970.760010  3963.550049  3969.949951  3969.949951   80506899
2023-01-20 15:55:00-05:00  3969.909912  3972.959961  3968.080078  3971.780029  3971.780029  103175277
2023-01-23 09:30:00-05:00  3978.139893  3979.850098  3971.639893  3973.580078  3973.580078   37641690
2023-01-23 09:35:00-05:00  3973.379883  3978.949951  3972.639893  3975.350098  3975.350098   44028776
2023-01-23 09:40:00-05:00  3975.320068  3981.620117  3975.320068  3979.159912  3979.159912   37177975
2023-01-23 09:45:00-05:00  3978.939941  3988.939941  3978.939941  3987.879883  3987.879883   39588964
2023-01-23 09:50:00-05:00  3987.989990  3995.479980  3987.989990  3992.949951  3992.949951   35514277
2023-01-23 09:55:00-05:00  3993.050049  3995.629883  3989.419922  3992.159912  3992.159912   39004823
2023-01-23 10:00:00-05:00  3992.040039  3998.070068  3992.040039  3994.110107  3994.110107   36324535
2023-01-23 10:05:00-05:00  3994.239990  3994.239990  3989.949951  3991.719971  3991.719971   30240181
2023-01-23 10:10:00-05:00  3991.689941  4000.340088  3991.239990  3997.800049  3997.800049   32622870
2023-01-23 10:15:00-05:00  3997.750000  4000.790039  3997.669922  3999.989990  3999.989990   28197115
2023-01-23 10:20:00-05:00  4000.050049  4004.820068  3998.550049  4004.820068  4004.820068   28371699
2023-01-23 10:25:00-05:00  4005.060059  4007.300049  4003.929932  4005.379883  4005.379883   27248980
2023-01-23 10:30:00-05:00  4005.399902  4009.020020  4005.399902  4007.100098  4007.100098   26670965
2023-01-23 10:35:00-05:00  4006.969971  4008.169922  4006.080078  4007.229980  4007.229980   19383549