                                  Open         High          Low        Close    Adj Close     Volume
Datetime                                                                                             
2023-01-24 10:50:00-05:00  4011.280029  4014.320068  4009.510010  4014.320068  4014.320068          0
2023-01-24 10:55:00-05:00  4014.360107  4019.790039  4014.229980  4017.270020  4017.270020   26322018
2023-01-24 11:00:00-05:00  4017.500000  4019.169922  4015.729980  4018.770020  4018.770020   23319029
2023-01-24 11:05:00-05:00  4018.659912  4018.840088  4015.060059  4016.469971  4016.469971   21070961
2023-01-24 11:10:00-05:00  4016.439941  4017.459961  4012.399902  4013.929932  4013.929932   21787247
2023-01-24 11:15:00-05:00  4013.969971  4014.919922  4011.030029  4012.689941  4012.689941   19444098
2023-01-24 11:20:00-05:00  4012.699951  4017.209961  4011.250000  4016.659912  4016.659912   18848841
2023-01-24 11:25:00-05:00  4016.600098  4019.679932  4015.050049  4019.679932  4019.679932   21590745
2023-01-24 11:30:00-05:00  4019.610107  4019.699951  4012.929932  4013.300049  4013.300049   21498540
2023-01-24 11:35:00-05:00  4013.330078  4015.350098  4012.830078  4015.320068  4015.320068   17591701
2023-01-24 11:40:00-05:00  4015.449951  4016.290039  4012.360107  4013.489990  4013.489990   17454939
2023-01-24 11:45:00-05:00  4013.610107  4015.550049  4012.939941  4014.590088  4014.590088   16593121
2023-01-24 11:50:00-05:00  4014.610107  4016.590088  4013.090088  4013.489990  4013.489990   15079525
2023-01-24 11:55:00-05:00  4013.479980  4014.889893  4012.260010  4013.489990  4013.489990   14264948
2023-01-24 12:00:00-05:00  4013.459961  4013.459961  4006.100098  4009.689941  4009.689941   26352254
2023-01-24 12:05:00-05:00  4009.709961  4014.840088  4009.709961  4014.459961  4014.459961   23479115
2023-01-24 12:10:00-05:00  4014.340088  4016.850098  4013.929932  4016.850098  4016.850098   21911563
2023-01-24 12:15:00-05:00  4016.879883  4017.760010  4015.770020  4017.510010  4017.510010   14511769
2023-01-24 12:20:00-05:00  4017.540039  4017.560059  4014.860107  4015.870117  4015.870117   13875602
2023-01-24 12:25:00-05:00  4015.879883  4016.520020  4013.679932  4016.330078  4016.330078   15446654
2023-01-24 12:30:00-05:00  4016.310059  4016.310059  4013.590088  4013.969971  4013.969971   13879532
2023-01-24 12:35:00-05:00  4013.989990  4016.050049  4012.620117  4014.199951  4014.199951   15285144
2023-01-24 12:40:00-05:00  4014.250000  4014.270020  4011.320068  4012.030029  4012.030029   14752481
2023-01-24 12:45:00-05:00  4012.090088  4013.310059  4011.030029  4012.340088  4012.340088   14431110
2023-01-24 12:50:00-05:00  4012.370117  4013.570068  4011.149902  4012.189941  4012.189941   14099747
2023-01-24 12:55:00-05:00  4012.219971  4014.110107  4012.060059  4013.030029  4013.030029   12806569
2023-01-24 13:00:00-05:00  4013.080078  4015.870117  4008.169922  4008.590088  4008.590088   17075762
2023-01-24 13:05:00-05:00  4008.590088  4013.149902  4008.229980  4012.340088  4012.340088   14734824
2023-01-24 13:10:00-05:00  4012.370117  4016.570068  4012.370117  4015.199951  4015.199951   14084886
2023-01-24 13:15:00-05:00  4015.209961  4018.209961  4014.729980  4017.090088  4017.090088   15550173
2023-01-24 13:20:00-05:00  4017.120117  4017.510010  4014.379883  4015.959961  4015.959961   12905809
2023-01-24 13:25:00-05:00  4015.969971  4017.550049  4013.600098  4017.530029  4017.530029   13644641
2023-01-24 13:30:00-05:00  4017.520020  4018.159912  4016.419922  4017.770020  4017.770020   12720364
2023-01-24 13:35:00-05:00  4017.770020  4018.500000  4016.610107  4018.500000  4018.500000   13945347
2023-01-24 13:40:00-05:00  4018.540039  4022.770020  4017.989990  4021.820068  4021.820068   17432050
2023-01-24 13:45:00-05:00  4021.889893  4023.919922  4021.719971  4022.719971  4022.719971   13772753
2023-01-24 13:50:00-05:00  4022.699951  4022.729980  4021.000000  4021.719971  4021.719971   14052853
2023-01-24 13:55:00-05:00  4021.750000  4023.120117  4020.620117  4020.860107  4020.860107   14031370
2023-01-24 14:00:00-05:00  4020.820068  4020.899902  4013.739990  4014.120117  4014.120117   18246351
2023-01-24 14:05:00-05:00  4014.149902  4015.830078  4012.949951  4014.469971  4014.469971   14337664
2023-01-24 14:10:00-05:00  4014.439941  4015.959961  4014.250000  4014.370117  4014.370117   14983556
2023-01-24 14:15:00-05:00  4014.379883  4016.760010  4014.000000  4014.919922  4014.919922   14147974
2023-01-24 14:20:00-05:00  4014.929932  4016.360107  4014.439941  4015.379883  4015.379883   15923229
2023-01-24 14:25:00-05:00  4015.370117  4017.399902  4015.209961  4016.929932  4016.929932   14316172
2023-01-24 14:30:00-05:00  4016.909912  4019.790039  4016.889893  4018.709961  4018.709961   16972289
2023-01-24 14:35:00-05:00  4018.739990  4019.929932  4018.250000  4019.320068  4019.320068   14979263
2023-01-24 14:40:00-05:00  4019.290039  4020.000000  4018.169922  4019.479980  4019.479980   15475350
2023-01-24 14:45:00-05:00  4019.419922  4021.340088  4018.500000  4018.500000  4018.500000   20845209
2023-01-24 14:50:00-05:00  4018.520020  4020.689941  4017.879883  4020.689941  4020.689941   16484825
2023-01-24 14:55:00-05:00  4020.709961  4022.560059  4020.389893  4021.870117  4021.870117   16819272
2023-01-24 15:00:00-05:00  4021.870117  4023.050049  4020.280029  4021.489990  4021.489990   17395090
2023-01-24 15:05:00-05:00  4021.479980  4021.479980  4018.639893  4018.800049  4018.800049   17956905
2023-01-24 15:10:00-05:00  4018.739990  4020.649902  4017.370117  4017.709961  4017.709961   20529242
2023-01-24 15:15:00-05:00  4017.800049  4018.209961  4016.739990  4018.010010  4018.010010   19855993
2023-01-24 15:20:00-05:00  4018.010010  4018.760010  4016.860107  4018.320068  4018.320068   20719592
2023-01-24 15:25:00-05:00  4018.290039  4019.560059  4016.439941  4018.409912  4018.409912   21424334
2023-01-24 15:30:00-05:00  4018.389893  4018.820068  4012.379883  4012.389893  4012.389893   27958583
2023-01-24 15:35:00-05:00  4012.370117  4012.790039  4010.929932  4011.719971  4011.719971   26056275
2023-01-24 15:40:00-05:00  4011.689941  4011.689941  4005.979980  4008.209961  4008.209961   34644722
2023-01-24 15:45:00-05:00  4008.209961  4009.209961  4006.110107  4008.310059  4008.310059   37710688
2023-01-24 15:50:00-05:00  4008.649902  4015.600098  4008.469971  4015.590088  4015.590088   64313402
2023-01-24 15:55:00-05:00  4015.560059  4019.550049  4015.560059  4016.840088  4016.840088  113425579
2023-01-25 09:30:00-05:00  3970.879883  3982.709961  3964.949951  3969.070068  3969.070068   79493557
2023-01-25 09:35:00-05:00  3969.149902  3974.179932  3967.699951  3972.919922  3972.919922   47362559
2023-01-25 09:40:00-05:00  3972.939941  3979.219971  3971.899902  3974.169922  3974.169922   41657915
2023-01-25 09:45:00-05:00  3974.179932  3974.770020  3969.800049  3970.489990  3970.489990   38512905
2023-01-25 09:50:00-05:00  3970.500000  3972.050049  3961.919922  3962.270020  3962.270020   40021102
2023-01-25 09:55:00-05:00  3962.270020  3964.399902  3956.169922  3956.820068  3956.820068   37922132
2023-01-25 10:00:00-05:00  3956.689941  3960.780029  3955.780029  3960.620117  3960.620117   39500417
2023-01-25 10:05:00-05:00  3960.679932  3970.909912  3960.100098  3967.120117  3967.120117   37431040
2023-01-25 10:10:00-05:00  3967.179932  3967.870117  3960.659912  3960.669922  3960.669922   32798844
2023-01-25 10:15:00-05:00  3960.620117  3967.120117  3958.469971  3963.770020  3963.770020   33923665
2023-01-25 10:20:00-05:00  3963.310059  3964.199951  3957.449951  3958.100098  3958.100098   31152694
2023-01-25 10:25:00-05:00  3958.080078  3962.060059  3958.080078  3961.139893  3961.139893   25355428
2023-01-25 10:30:00-05:00  3961.169922  3966.070068  3954.669922  3955.360107  3955.360107   30987217
2023-01-25 10:35:00-05:00  3955.439941  3959.479980  3949.699951  3950.520020  3950.520020   27212811
2023-01-25 10:40:00-05:00  3950.479980  3956.639893  3949.060059  3955.620117  3955.620117   26663227
2023-01-25 10:45:00-05:00  3955.530029  3959.860107  3954.350098  3955.979980  3955.979980   28396871
2023-01-25 10:50:00-05:00  3955.919922  3956.179932  3951.929932  3955.780029  3955.780029   24708645
2023-01-25 10:55:00-05:00  3955.770020  3962.629883  3955.489990  3961.790039  3961.790039   25138577
2023-01-25 11:00:00-05:00  3961.780029  3963.949951  3960.290039  3963.899902  3963.899902   24229070
2023-01-25 11:05:00-05:00  3963.780029  3964.090088  3960.159912  3960.310059  3960.310059   22274267
2023-01-25 11:10:00-05:00  3960.439941  3966.989990  3960.379883  3966.810059  3966.810059   27442677
2023-01-25 11:15:00-05:00  3966.889893  3973.189941  3964.729980  3971.780029  3971.780029   28333911
2023-01-25 11:20:00-05:00  3972.379883  3976.479980  3969.830078  3972.679932  3972.679932   26438375
2023-01-25 11:25:00-05:00  3972.750000  3974.629883  3971.270020  3973.659912  3973.659912   21454023
2023-01-25 11:30:00-05:00  3973.760010  3975.780029  3972.860107  3975.510010  3975.510010   23842206
2023-01-25 11:35:00-05:00  3975.479980  3978.719971  3973.389893  3977.120117  3977.120117   23363966
2023-01-25 11:40:00-05:00  3977.120117  3978.189941  3974.110107  3974.949951  3974.949951   19699305
2023-01-25 11:45:00-05:00  3974.939941  3977.189941  3973.750000  3977.189941  3977.189941   18740047
2023-01-25 11:50:00-05:00  3977.219971  3988.030029  3976.389893  3985.959961  3985.959961   23884691
2023-01-25 11:55:00-05:00  3986.010010  3989.729980  3984.719971  3984.889893  3984.889893   21590557
2023-01-25 12:00:00-05:00  3984.899902  3987.000000  3983.129883  3983.159912  3983.159912   21641578
2023-01-25 12:05:00-05:00  3983.199951  3984.699951  3981.459961  3983.300049  3983.300049   19687546
2023-01-25 12:10:00-05:00  3983.280029  3984.129883  3981.199951  3983.149902  3983.149902   17195337
2023-01-25 12:15:00-05:00  3983.110107  3985.310059  3983.090088  3983.379883  3983.379883   16192069
2023-01-25 12:20:00-05:00  3983.330078  3983.520020  3980.270020  3980.899902  3980.899902   15424877
2023-01-25 12:25:00-05:00  3980.870117  3981.229980  3978.270020  3979.250000  3979.250000   15417977
2023-01-25 12:30:00-05:00  3979.300049  3981.689941  3979.280029  3979.879883  3979.879883   15466760
2023-01-25 12:35:00-05:00  3979.850098  3983.459961  3979.820068  3982.989990  3982.989990   15010593
2023-01-25 12:40:00-05:00  3982.959961  3986.540039  3982.800049  3984.750000  3984.750000   14787293
2023-01-25 12:45:00-05:00  3984.750000  3985.469971  3983.649902  3984.810059  3984.810059   14159359
2023-01-25 12:50:00-05:00  3984.790039  3987.189941  3984.699951  3985.629883  3985.629883   15095235
2023-01-25 12:55:00-05:00  3985.530029  3985.780029  3983.639893  3984.879883  3984.879883   14999147
2023-01-25 13:00:00-05:00  3984.879883  3991.830078  3984.199951  3987.040039  3987.040039   21633836
2023-01-25 13:05:00-05:00  3987.050049  3991.340088  3987.050049  3990.560059  3990.560059   15124711
2023-01-25 13:10:00-05:00  3990.530029  3995.250000  3990.530029  3994.239990  3994.239990   18723806
2023-01-25 13:15:00-05:00  3994.270020  3995.929932  3994.219971  3995.399902  3995.399902   16245835
2023-01-25 13:20:00-05:00  3995.330078  3998.409912  3995.199951  3997.479980  3997.479980   17520232
2023-01-25 13:25:00-05:00  3997.520020  4001.340088  3997.520020  4000.580078  4000.580078   18689527
2023-01-25 13:30:00-05:00  4000.540039  4001.729980  3997.040039  3997.830078  3997.830078   19485303
2023-01-25 13:35:00-05:00  3997.780029  4000.229980  3997.639893  3998.840088  3998.840088   17789132
2023-01-25 13:40:00-05:00  3998.840088  4000.909912  3998.840088  3998.969971  3998.969971   17640322
2023-01-25 13:45:00-05:00  3999.000000  4005.879883  3999.000000  4005.310059  4005.310059   21380750
2023-01-25 13:50:00-05:00  4005.300049  4005.870117  4001.899902  4001.899902  4001.899902   19599818
2023-01-25 13:55:00-05:00  4001.939941  4002.739990  4000.419922  4002.510010  4002.510010   17140712
2023-01-25 14:00:00-05:00  4002.500000  4003.929932  3999.810059  4001.500000  4001.500000   17867195
2023-01-25 14:05:00-05:00  4001.479980  4004.350098  4001.060059  4002.899902  4002.899902   18521469
2023-01-25 14:10:00-05:00  4002.939941  4009.129883  4002.530029  4008.320068  4008.320068   23143249
2023-01-25 14:15:00-05:00  4008.379883  4014.530029  4008.379883  4014.129883  4014.129883   25788858
2023-01-25 14:20:00-05:00  4014.060059  4014.479980  4008.790039  4008.800049  4008.800049   24408009
2023-01-25 14:25:00-05:00  4008.850098  4008.919922  4004.179932  4005.949951  4005.949951   20684010
2023-01-25 14:30:00-05:00  4006.040039  4007.050049  4001.260010  4001.399902  4001.399902   20510215
2023-01-25 14:35:00-05:00  4001.370117  4003.949951  4000.870117  4003.560059  4003.560059   17871565
2023-01-25 14:40:00-05:00  4003.560059  4007.050049  4003.419922  4006.760010  4006.760010   19789115
2023-01-25 14:45:00-05:00  4006.729980  4008.280029  4004.590088  4007.300049  4007.300049   20853457
2023-01-25 14:50:00-05:00  4007.340088  4010.949951  4006.870117  4010.100098  4010.100098   21569173
2023-01-25 14:55:00-05:00  4010.100098  4013.070068  4009.639893  4010.659912  4010.659912   23134213
2023-01-25 15:00:00-05:00  4010.669922  4017.030029  4010.669922  4016.840088  4016.840088   26775039
2023-01-25 15:05:00-05:00  4016.729980  4018.760010  4015.709961  4018.439941  4018.439941   23876546
2023-01-25 15:10:00-05:00  4018.429932  4019.550049  4013.120117  4014.020020  4014.020020   27118195
2023-01-25 15:15:00-05:00  4014.020020  4015.100098  4011.260010  4012.360107  4012.360107   24440796
2023-01-25 15:20:00-05:00  4012.360107  4012.550049  4009.070068  4009.439941  4009.439941   25568885
2023-01-25 15:25:00-05:00  4009.300049  4012.469971  4008.639893  4012.429932  4012.429932   27757994
2023-01-25 15:30:00-05:00  4012.409912  4014.100098  4012.409912  4013.300049  4013.300049   33515832
2023-01-25 15:35:00-05:00  4013.209961  4015.090088  4008.379883  4013.649902  4013.649902   35873479
2023-01-25 15:40:00-05:00  4013.659912  4013.689941  4009.949951  4010.399902  4010.399902   35609914
2023-01-25 15:45:00-05:00  4010.429932  4010.989990  4007.520020  4009.879883  4009.879883   43841915
2023-01-25 15:50:00-05:00  4009.850098  4010.419922  4005.280029  4009.360107  4009.360107   75084761
2023-01-25 15:55:00-05:00  4009.310059  4016.159912  4009.310059  4015.699951  4015.699951  126423767
2023-01-26 09:30:00-05:00  4036.080078  4050.870117  4036.080078  4045.100098  4045.100098          0
2023-01-26 09:35:00-05:00  4045.139893  4051.010010  4045.139893  4049.580078  4049.580078   57136525
2023-01-26 09:40:00-05:00  4049.570068  4052.620117  4037.419922  4038.790039  4038.790039   52158780
2023-01-26 09:45:00-05:00  4038.929932  4042.939941  4031.439941  4031.439941  4031.439941   44569051
2023-01-26 09:50:00-05:00  4031.550049  4033.489990  4025.820068  4027.389893  4027.389893   43887029
2023-01-26 09:55:00-05:00  4027.429932  4029.800049  4021.290039  4027.889893  4027.889893   39302665
2023-01-26 10:00:00-05:00  4027.739990  4031.040039  4022.870117  4030.629883  4030.629883   42081518
2023-01-26 10:05:00-05:00  4030.580078  4031.729980  4022.429932  4024.979980  4024.979980   33058999
2023-01-26 10:10:00-05:00  4024.919922  4034.520020  4022.649902  4033.070068  4033.070068   30362576
2023-01-26 10:15:00-05:00  4033.000000  4039.949951  4033.000000  4039.459961  4039.459961   32420152
2023-01-26 10:20:00-05:00  4039.290039  4044.699951  4036.530029  4044.330078  4044.330078   31248732
2023-01-26 10:25:00-05:00  4044.199951  4044.550049  4035.860107  4039.510010  4039.510010   30198047
2023-01-26 10:30:00-05:00  4039.389893  4043.159912  4036.120117  4043.159912  4043.159912   26702206
2023-01-26 10:35:00-05:00  4043.189941  4043.189941  4028.560059  4028.590088  4028.590088   31552380
2023-01-26 10:40:00-05:00  4028.709961  4033.260010  4027.679932  4030.830078  4030.830078   25708221
2023-01-26 10:45:00-05:00  4030.729980  4033.840088  4029.250000  4033.679932  4033.679932   24879262
2023-01-26 10:50:00-05:00  4033.649902  4034.389893  4019.129883  4019.709961  4019.709961   29276918
2023-01-26 10:55:00-05:00  4019.560059  4019.570068  4013.290039  4016.209961  4016.209961   30388982
2023-01-26 11:00:00-05:00  4016.129883  4022.620117  4014.000000  4020.820068  4020.820068   24113336
2023-01-26 11:05:00-05:00  4020.850098  4022.010010  4016.459961  4017.300049  4017.300049   21538498
2023-01-26 11:10:00-05:00  4017.550049  4022.649902  4017.449951  4022.620117  4022.620117   23564896
2023-01-26 11:15:00-05:00  4022.669922  4027.800049  4022.300049  4024.169922  4024.169922   22709113
2023-01-26 11:20:00-05:00  4024.159912  4024.159912  4014.649902  4014.770020  4014.770020   22245243
2023-01-26 11:25:00-05:00  4014.600098  4023.060059  4014.500000  4022.709961  4022.709961   19907390
2023-01-26 11:30:00-05:00  4022.780029  4025.850098  4022.120117  4024.659912  4024.659912   20671806
2023-01-26 11:35:00-05:00  4024.659912  4027.530029  4021.750000  4023.300049  4023.300049   20725173
2023-01-26 11:40:00-05:00  4023.229980  4029.550049  4021.889893  4028.649902  4028.649902   20354657
2023-01-26 11:45:00-05:00  4028.669922  4029.729980  4026.949951  4028.850098  4028.850098   17508755
2023-01-26 11:50:00-05:00  4028.909912  4029.550049  4026.270020  4027.320068  4027.320068   18445911
2023-01-26 11:55:00-05:00  4027.260010  4030.050049  4024.750000  4029.489990  4029.489990   20572087
2023-01-26 12:00:00-05:00  4029.439941  4034.570068  4029.350098  4032.530029  4032.530029   19013092
2023-01-26 12:05:00-05:00  4032.500000  4037.129883  4032.229980  4037.070068  4037.070068   17933822
2023-01-26 12:10:00-05:00  4037.060059  4040.320068  4036.959961  4037.310059  4037.310059   19020565
2023-01-26 12:15:00-05:00  4037.320068  4037.590088  4034.419922  4034.540039  4034.540039   15242458
2023-01-26 12:20:00-05:00  4034.580078  4037.120117  4033.929932  4034.169922  4034.169922   15790069
2023-01-26 12:25:00-05:00  4034.360107  4036.709961  4033.850098  4035.939941  4035.939941   15542386
2023-01-26 12:30:00-05:00  4035.879883  4038.639893  4034.939941  4038.370117  4038.370117   18241238
2023-01-26 12:35:00-05:00  4038.300049  4039.260010  4037.969971  4038.570068  4038.570068   15294348
2023-01-26 12:40:00-05:00  4038.510010  4039.830078  4034.169922  4034.570068  4034.570068   19208379
2023-01-26 12:45:00-05:00  4034.590088  4036.419922  4029.919922  4032.110107  4032.110107   17671134
2023-01-26 12:50:00-05:00  4032.149902  4038.780029  4032.000000  4037.739990  4037.739990   19376539
2023-01-26 12:55:00-05:00  4037.810059  4038.330078  4033.830078  4034.510010  4034.510010   17233709
2023-01-26 13:00:00-05:00  4034.520020  4037.830078  4034.000000  4036.409912  4036.409912   18955810
2023-01-26 13:05:00-05:00  4036.419922  4036.510010  4029.379883  4031.580078  4031.580078   18641961
2023-01-26 13:10:00-05:00  4031.580078  4035.070068  4031.510010  4034.439941  4034.439941   15411381
2023-01-26 13:15:00-05:00  4034.479980  4034.570068  4031.310059  4031.610107  4031.610107   15634444
2023-01-26 13:20:00-05:00  4031.649902  4035.540039  4031.250000  4035.530029  4035.530029   15965531
2023-01-26 13:25:00-05:00  4035.629883  4036.830078  4035.330078  4035.719971  4035.719971   14655159
2023-01-26 13:30:00-05:00  4035.729980  4039.229980  4035.729980  4037.050049  4037.050049   17873126
2023-01-26 13:35:00-05:00  4037.050049  4043.820068  4036.909912  4043.580078  4043.580078   18056843
2023-01-26 13:40:00-05:00  4043.590088  4045.340088  4043.139893  4043.620117  4043.620117   20075396
2023-01-26 13:45:00-05:00  4043.629883  4047.439941  4043.610107  4044.439941  4044.439941   18501344
2023-01-26 13:50:00-05:00  4044.449951  4044.899902  4041.949951  4042.340088  4042.340088   16950571
2023-01-26 13:55:00-05:00  4041.909912  4042.330078  4040.500000  4041.909912  4041.909912   17718532
2023-01-26 14:00:00-05:00  4041.919922  4041.919922  4038.419922  4040.790039  4040.790039   18054846
2023-01-26 14:05:00-05:00  4040.800049  4043.949951  4040.760010  4043.830078  4043.830078   18010234
2023-01-26 14:10:00-05:00  4043.820068  4045.110107  4043.370117  4043.770020  4043.770020   17506226
2023-01-26 14:15:00-05:00  4043.760010  4044.929932  4041.399902  4044.810059  4044.810059   17783653
2023-01-26 14:20:00-05:00  4044.790039  4047.679932  4044.520020  4046.050049  4046.050049   18669953
2023-01-26 14:25:00-05:00  4046.070068  4046.080078  4040.969971  4043.179932  4043.179932   18067175
2023-01-26 14:30:00-05:00  4043.219971  4046.110107  4043.179932  4045.729980  4045.729980   18166080
2023-01-26 14:35:00-05:00  4045.709961  4047.729980  4045.010010  4045.010010  4045.010010   17933328
2023-01-26 14:40:00-05:00  4045.020020  4048.969971  4045.020020  4047.439941  4047.439941   19335625
2023-01-26 14:45:00-05:00  4047.459961  4049.280029  4046.229980  4046.229980  4046.229980   18581394
2023-01-26 14:50:00-05:00  4046.219971  4046.300049  4043.010010  4043.500000  4043.500000   20471252
2023-01-26 14:55:00-05:00  4043.429932  4047.770020  4043.389893  4047.560059  4047.560059   18190584
2023-01-26 15:00:00-05:00  4047.500000  4049.590088  4046.350098  4048.489990  4048.489990   24894954
2023-01-26 15:05:00-05:00  4048.409912  4048.820068  4044.449951  4046.780029  4046.780029   21008509
2023-01-26 15:10:00-05:00  4046.770020  4049.129883  4045.709961  4048.459961  4048.459961   21261364
2023-01-26 15:15:00-05:00  4048.449951  4051.330078  4048.350098  4051.010010  4051.010010   24085237
2023-01-26 15:20:00-05:00  4051.020020  4052.320068  4049.120117  4052.129883  4052.129883   27536561
2023-01-26 15:25:00-05:00  4052.149902  4054.600098  4051.699951  4051.949951  4051.949951   27194529
2023-01-26 15:30:00-05:00  4051.840088  4054.280029  4050.389893  4051.979980  4051.979980   32391106
2023-01-26 15:35:00-05:00  4051.979980  4053.169922  4049.959961  4050.610107  4050.610107   31928005
2023-01-26 15:40:00-05:00  4050.929932  4052.580078  4049.649902  4049.810059  4049.810059   37252664
2023-01-26 15:45:00-05:00  4049.750000  4051.860107  4047.949951  4051.219971  4051.219971   45186173
2023-01-26 15:50:00-05:00  4051.300049  4055.379883  4051.300049  4053.209961  4053.209961   82495640
2023-01-26 15:55:00-05:00  4053.189941  4061.570068  4053.189941  4060.199951  4060.199951  133584512
2023-01-27 09:30:00-05:00  4053.719971  4056.169922  4049.750000  4052.030029  4052.030029   81101593
2023-01-27 09:35:00-05:00  4051.870117  4055.870117  4051.250000  4054.010010  4054.010010   49428759
2023-01-27 09:40:00-05:00  4053.800049  4057.439941  4051.760010  4056.030029  4056.030029   40337915
2023-01-27 09:45:00-05:00  4056.189941  4065.560059  4056.129883  4062.689941  4062.689941   46545214
2023-01-27 09:50:00-05:00  4062.790039  4067.810059  4062.790039  4067.080078  4067.080078   42523834
2023-01-27 09:55:00-05:00  4067.080078  4067.600098  4061.370117  4061.850098  4061.850098   33219079
2023-01-27 10:00:00-05:00  4062.840088  4070.600098  4058.770020  4070.260010  4070.260010   40861986
2023-01-27 10:05:00-05:00  4070.350098  4077.719971  4069.280029  4074.949951  4074.949951   36632288
2023-01-27 10:10:00-05:00  4074.969971  4078.770020  4072.969971  4073.780029  4073.780029   37144872
2023-01-27 10:15:00-05:00  4073.949951  4074.709961  4071.429932  4072.280029  4072.280029   33605979
2023-01-27 10:20:00-05:00  4072.550049  4072.580078  4065.229980  4067.760010  4067.760010   32840171
2023-01-27 10:25:00-05:00  4067.629883  4069.510010  4064.040039  4069.439941  4069.439941   29362091
2023-01-27 10:30:00-05:00  4069.389893  4070.739990  4064.250000  4064.260010  4064.260010   33562008
2023-01-27 10:35:00-05:00  4064.139893  4069.129883  4063.409912  4067.199951  4067.199951   30601995
2023-01-27 10:40:00-05:00  4067.149902  4068.290039  4063.340088  4064.959961  4064.959961   28055563
2023-01-27 10:45:00-05:00  4064.889893  4064.889893  4054.620117  4055.790039  4055.790039   31132867
2023-01-27 10:50:00-05:00  4055.919922  4056.080078  4051.679932  4051.699951  4051.699951   29643379
2023-01-27 10:55:00-05:00  4051.830078  4055.199951  4048.699951  4054.219971  4054.219971   27354802
2023-01-27 11:00:00-05:00  4054.169922  4055.229980  4052.260010  4054.199951  4054.199951   26082573
2023-01-27 11:05:00-05:00  4054.250000  4057.110107  4050.850098  4053.610107  4053.610107   26150985
2023-01-27 11:10:00-05:00  4053.620117  4055.199951  4052.360107  4053.290039  4053.290039   21041374
2023-01-27 11:15:00-05:00  4053.350098  4059.939941  4052.790039  4059.260010  4059.260010   25399120
2023-01-27 11:20:00-05:00  4059.300049  4062.860107  4059.199951  4062.260010  4062.260010   22637918
2023-01-27 11:25:00-05:00  4062.350098  4063.780029  4060.780029  4062.409912  4062.409912   23260343
2023-01-27 11:30:00-05:00  4062.370117  4069.419922  4062.139893  4069.370117  4069.370117   27276071
2023-01-27 11:35:00-05:00  4069.449951  4070.199951  4066.909912  4067.120117  4067.120117   23849650
2023-01-27 11:40:00-05:00  4067.199951  4072.689941  4067.199951  4071.370117  4071.370117   26610165
2023-01-27 11:45:00-05:00  4071.350098  4072.959961  4069.340088  4071.929932  4071.929932   21330853
2023-01-27 11:50:00-05:00  4071.939941  4073.229980  4071.439941  4071.439941  4071.439941   23522581
2023-01-27 11:55:00-05:00  4071.330078  4073.790039  4071.250000  4071.610107  4071.610107   23768618
2023-01-27 12:00:00-05:00  4071.560059  4072.270020  4068.530029  4068.739990  4068.739990   22165648
2023-01-27 12:05:00-05:00  4068.669922  4071.939941  4068.560059  4070.239990  4070.239990   19762062
2023-01-27 12:10:00-05:00  4070.399902  4073.280029  4069.050049  4072.989990  4072.989990   20871289
2023-01-27 12:15:00-05:00  4073.090088  4077.919922  4072.929932  4077.239990  4077.239990   25357642
2023-01-27 12:20:00-05:00  4077.239990  4077.580078  4075.409912  4076.139893  4076.139893   26761998
2023-01-27 12:25:00-05:00  4076.159912  4076.840088  4071.050049  4072.669922  4072.669922   23682016
2023-01-27 12:30:00-05:00  4072.600098  4076.159912  4071.629883  4076.159912  4076.159912   20956853
2023-01-27 12:35:00-05:00  4076.169922  4079.169922  4075.989990  4079.110107  4079.110107   19105158
2023-01-27 12:40:00-05:00  4079.080078  4080.010010  4076.219971  4076.350098  4076.350098   19372078
2023-01-27 12:45:00-05:00  4076.350098  4078.590088  4075.489990  4078.429932  4078.429932   19766893
2023-01-27 12:50:00-05:00  4078.429932  4080.020020  4077.320068  4078.639893  4078.639893   21224060
2023-01-27 12:55:00-05:00  4078.669922  4079.239990  4076.979980  4077.370117  4077.370117   19041766
2023-01-27 13:00:00-05:00  4077.370117  4078.540039  4073.280029  4074.340088  4074.340088   24932657
2023-01-27 13:05:00-05:00  4074.330078  4075.270020  4073.719971  4074.050049  4074.050049   18620300
2023-01-27 13:10:00-05:00  4074.040039  4074.100098  4072.280029  4073.760010  4073.760010   17096623
2023-01-27 13:15:00-05:00  4073.800049  4073.800049  4069.739990  4072.179932  4072.179932   18994442
2023-01-27 13:20:00-05:00  4072.070068  4073.139893  4071.229980  4072.610107  4072.610107   16299364
2023-01-27 13:25:00-05:00  4072.639893  4074.129883  4071.449951  4073.340088  4073.340088   18904015
2023-01-27 13:30:00-05:00  4073.340088  4076.209961  4073.340088  4076.209961  4076.209961   18733349
2023-01-27 13:35:00-05:00  4076.229980  4077.929932  4075.949951  4077.879883  4077.879883   20659425
2023-01-27 13:40:00-05:00  4077.939941  4078.179932  4073.239990  4075.830078  4075.830078   20981883
2023-01-27 13:45:00-05:00  4075.790039  4077.290039  4074.939941  4077.179932  4077.179932   18412700
2023-01-27 13:50:00-05:00  4077.149902  4077.209961  4074.489990  4075.090088  4075.090088   17526048
2023-01-27 13:55:00-05:00  4075.060059  4077.570068  4074.800049  4077.070068  4077.070068   19684608
2023-01-27 14:00:00-05:00  4077.080078  4081.030029  4076.969971  4078.870117  4078.870117   21760222
2023-01-27 14:05:00-05:00  4078.830078  4079.679932  4075.840088  4077.580078  4077.580078   19805518
2023-01-27 14:10:00-05:00  4077.510010  4080.020020  4077.429932  4079.810059  4079.810059   18571632
2023-01-27 14:15:00-05:00  4079.840088  4083.610107  4079.840088  4083.590088  4083.590088   22355783
2023-01-27 14:20:00-05:00  4083.580078  4084.199951  4082.330078  4084.060059  4084.060059   19885567
2023-01-27 14:25:00-05:00  4084.030029  4084.429932  4082.879883  4083.219971  4083.219971   20334734
2023-01-27 14:30:00-05:00  4083.159912  4084.760010  4082.239990  4082.320068  4082.320068   21596702
2023-01-27 14:35:00-05:00  4082.310059  4084.979980  4082.310059  4084.800049  4084.800049   19148058
2023-01-27 14:40:00-05:00  4084.729980  4085.550049  4083.820068  4084.419922  4084.419922   19516951
2023-01-27 14:45:00-05:00  4084.399902  4088.110107  4083.689941  4087.800049  4087.800049   21631263
2023-01-27 14:50:00-05:00  4087.790039  4088.030029  4086.159912  4087.209961  4087.209961   22135800
2023-01-27 14:55:00-05:00  4087.219971  4088.260010  4086.679932  4087.229980  4087.229980   21421831
2023-01-27 15:00:00-05:00  4087.239990  4089.370117  4087.239990  4089.360107  4089.360107   21414683
2023-01-27 15:05:00-05:00  4089.370117  4094.020020  4089.280029  4093.229980  4093.229980   24849220
2023-01-27 15:10:00-05:00  4093.239990  4094.209961  4087.199951  4087.350098  4087.350098   26853403
2023-01-27 15:15:00-05:00  4087.370117  4088.439941  4085.649902  4088.010010  4088.010010   25985509
2023-01-27 15:20:00-05:00  4088.219971  4088.760010  4083.629883  4087.669922  4087.669922   27337801
2023-01-27 15:25:00-05:00  4087.669922  4088.780029  4085.419922  4088.780029  4088.780029   25297840
2023-01-27 15:30:00-05:00  4088.870117  4091.409912  4087.550049  4091.090088  4091.090088   32445624
2023-01-27 15:35:00-05:00  4091.070068  4091.310059  4087.439941  4087.810059  4087.810059   33669685
2023-01-27 15:40:00-05:00  4087.850098  4089.580078  4085.310059  4085.600098  4085.600098   40360229
2023-01-27 15:45:00-05:00  4085.879883  4085.879883  4079.199951  4080.110107  4080.110107   48978974
2023-01-27 15:50:00-05:00  4080.129883  4080.129883  4070.020020  4074.060059  4074.060059   78437202
2023-01-27 15:55:00-05:00  4074.139893  4074.139893  4068.830078  4070.020020  4070.020020  128068372
2023-01-30 09:30:00-05:00  4049.270020  4049.270020  4042.090088  4043.919922  4043.919922          0
2023-01-30 09:35:00-05:00  4044.040039  4050.530029  4042.780029  4050.310059  4050.310059   43085436
2023-01-30 09:40:00-05:00  4050.429932  4050.889893  4045.449951  4048.770020  4048.770020   37693790
2023-01-30 09:45:00-05:00  4048.739990  4058.600098  4048.709961  4055.399902  4055.399902   37857825
2023-01-30 09:50:00-05:00  4055.520020  4057.719971  4047.439941  4047.439941  4047.439941   34230154
2023-01-30 09:55:00-05:00  4047.750000  4057.300049  4046.370117  4056.239990  4056.239990   27906481
2023-01-30 10:00:00-05:00  4056.320068  4062.020020  4054.969971  4062.020020  4062.020020   31641016
2023-01-30 10:05:00-05:00  4062.159912  4063.850098  4059.760010  4061.169922  4061.169922   28715524
2023-01-30 10:10:00-05:00  4061.199951  4062.409912  4056.540039  4058.189941  4058.189941   27273844
2023-01-30 10:15:00-05:00  4058.330078  4059.370117  4053.129883  4053.919922  4053.919922   32304627
2023-01-30 10:20:00-05:00  4053.860107  4055.770020  4049.189941  4049.600098  4049.600098   27603940
2023-01-30 10:25:00-05:00  4049.409912  4051.419922  4044.830078  4050.820068  4050.820068   33543768
2023-01-30 10:30:00-05:00  4050.850098  4050.949951  4044.040039  4045.479980  4045.479980   27089998
2023-01-30 10:35:00-05:00  4045.399902  4046.250000  4039.770020  4040.449951  4040.449951   26734322
2023-01-30 10:40:00-05:00  4040.560059  4041.030029  4034.810059  4035.979980  4035.979980   29233773
2023-01-30 10:45:00-05:00  4035.860107  4037.379883  4031.479980  4037.270020  4037.270020   34886373
2023-01-30 10:50:00-05:00  4037.290039  4040.530029  4033.830078  4036.409912  4036.409912   27048242
2023-01-30 10:55:00-05:00  4036.439941  4042.389893  4035.770020  4042.389893  4042.389893   23528327
2023-01-30 11:00:00-05:00  4041.689941  4043.419922  4040.899902  4041.139893  4041.139893   26351237
2023-01-30 11:05:00-05:00  4041.159912  4042.280029  4038.840088  4041.530029  4041.530029   21353468
2023-01-30 11:10:00-05:00  4041.659912  4049.090088  4041.659912  4046.280029  4046.280029   23452083
2023-01-30 11:15:00-05:00  4046.229980  4050.590088  4045.989990  4049.060059  4049.060059   23765623
2023-01-30 11:20:00-05:00  4049.010010  4049.659912  4042.489990  4044.139893  4044.139893   22301160
2023-01-30 11:25:00-05:00  4044.040039  4045.280029  4039.840088  4045.040039  4045.040039   24704319
2023-01-30 11:30:00-05:00  4045.070068  4047.939941  4043.929932  4044.919922  4044.919922   21705881
2023-01-30 11:35:00-05:00  4044.889893  4045.639893  4041.489990  4041.719971  4041.719971   19494062
2023-01-30 11:40:00-05:00  4041.719971  4042.850098  4039.969971  4040.250000  4040.250000   18333183
2023-01-30 11:45:00-05:00  4040.360107  4042.679932  4037.340088  4038.560059  4038.560059   19889071
2023-01-30 11:50:00-05:00  4038.580078  4040.540039  4036.790039  4036.790039  4036.790039   16898238
2023-01-30 11:55:00-05:00  4036.250000  4044.399902  4033.100098  4044.060059  4044.060059   19877641
2023-01-30 12:00:00-05:00  4044.149902  4045.010010  4042.659912  4043.100098  4043.100098   16601277
2023-01-30 12:05:00-05:00  4043.239990  4045.090088  4043.179932  4043.850098  4043.850098   14835348
2023-01-30 12:10:00-05:00  4043.800049  4046.010010  4042.889893  4045.929932  4045.929932   17922014
2023-01-30 12:15:00-05:00  4045.959961  4045.959961  4039.879883  4040.610107  4040.610107   18954302
2023-01-30 12:20:00-05:00  4040.629883  4041.750000  4038.860107  4040.610107  4040.610107   14948693
2023-01-30 12:25:00-05:00  4040.600098  4041.129883  4035.600098  4041.010010  4041.010010   18975715
2023-01-30 12:30:00-05:00  4040.989990  4041.540039  4038.280029  4039.250000  4039.250000   15596175
2023-01-30 12:35:00-05:00  4039.300049  4040.729980  4038.159912  4038.810059  4038.810059   15772025
2023-01-30 12:40:00-05:00  4038.879883  4041.360107  4037.840088  4038.760010  4038.760010   15145020
2023-01-30 12:45:00-05:00  4038.830078  4038.830078  4033.679932  4035.750000  4035.750000   16845548
2023-01-30 12:50:00-05:00  4035.620117  4036.330078  4031.979980  4034.729980  4034.729980   16289083
2023-01-30 12:55:00-05:00  4034.750000  4035.830078  4031.989990  4033.669922  4033.669922   16363429
2023-01-30 13:00:00-05:00  4033.649902  4033.649902  4029.780029  4032.600098  4032.600098   18511112
2023-01-30 13:05:00-05:00  4032.610107  4034.790039  4032.610107  4033.540039  4033.540039   15088218
2023-01-30 13:10:00-05:00  4033.580078  4035.500000  4033.370117  4034.300049  4034.300049   13810398
2023-01-30 13:15:00-05:00  4034.300049  4042.320068  4032.870117  4041.129883  4041.129883   21206768
2023-01-30 13:20:00-05:00  4041.100098  4042.260010  4040.120117  4041.689941  4041.689941   14664392
2023-01-30 13:25:00-05:00  4041.689941  4041.689941  4038.129883  4038.709961  4038.709961   14977896
2023-01-30 13:30:00-05:00  4038.719971  4038.719971  4033.429932  4034.530029  4034.530029   16192343
2023-01-30 13:35:00-05:00  4034.479980  4034.699951  4032.739990  4033.909912  4033.909912   16159109
2023-01-30 13:40:00-05:00  4033.909912  4034.229980  4029.699951  4032.280029  4032.280029   16879733
2023-01-30 13:45:00-05:00  4032.310059  4033.459961  4029.929932  4033.399902  4033.399902   16551232
2023-01-30 13:50:00-05:00  4033.379883  4033.830078  4030.860107  4032.899902  4032.899902   15358803
2023-01-30 13:55:00-05:00  4032.879883  4034.820068  4030.790039  4034.419922  4034.419922   16532861
2023-01-30 14:00:00-05:00  4034.459961  4036.340088  4033.489990  4036.209961  4036.209961   15277409
2023-01-30 14:05:00-05:00  4036.149902  4036.370117  4031.750000  4031.780029  4031.780029   16364571
2023-01-30 14:10:00-05:00  4031.790039  4033.429932  4030.149902  4032.129883  4032.129883   15826743
2023-01-30 14:15:00-05:00  4032.080078  4032.189941  4028.330078  4029.959961  4029.959961   16135236
2023-01-30 14:20:00-05:00  4029.979980  4031.590088  4028.189941  4028.419922  4028.419922   15847542
2023-01-30 14:25:00-05:00  4028.520020  4029.189941  4026.780029  4027.120117  4027.120117   16880999
2023-01-30 14:30:00-05:00  4027.159912  4028.770020  4026.310059  4027.600098  4027.600098   16980029
2023-01-30 14:35:00-05:00  4027.729980  4030.669922  4026.169922  4029.419922  4029.419922   18105775
2023-01-30 14:40:00-05:00  4029.449951  4029.449951  4025.429932  4026.949951  4026.949951   17202638
2023-01-30 14:45:00-05:00  4026.929932  4027.750000  4023.659912  4023.919922  4023.919922   16734029
2023-01-30 14:50:00-05:00  4023.870117  4023.929932  4021.780029  4023.780029  4023.780029   18529651
2023-01-30 14:55:00-05:00  4023.790039  4026.389893  4022.020020  4025.560059  4025.560059   20478660
2023-01-30 15:00:00-05:00  4025.580078  4029.800049  4024.649902  4028.679932  4028.679932   22509962
2023-01-30 15:05:00-05:00  4028.679932  4028.679932  4022.129883  4024.030029  4024.030029   22528888
2023-01-30 15:10:00-05:00  4024.070068  4025.820068  4021.790039  4021.790039  4021.790039   22087631
2023-01-30 15:15:00-05:00  4021.709961  4022.219971  4019.540039  4021.850098  4021.850098   25459712
2023-01-30 15:20:00-05:00  4021.899902  4022.399902  4018.729980  4018.750000  4018.750000   25636205
2023-01-30 15:25:00-05:00  4018.709961  4020.139893  4018.169922  4019.209961  4019.209961   25942166
2023-01-30 15:30:00-05:00  4019.209961  4024.010010  4017.600098  4023.149902  4023.149902   31421735
2023-01-30 15:35:00-05:00  4023.159912  4027.520020  4023.080078  4026.860107  4026.860107   30207870
2023-01-30 15:40:00-05:00  4026.830078  4027.560059  4023.270020  4024.629883  4024.629883   35968849
2023-01-30 15:45:00-05:00  4024.459961  4025.879883  4020.290039  4021.830078  4021.830078   42589502
2023-01-30 15:50:00-05:00  4022.020020  4025.540039  4018.570068  4019.409912  4019.409912   76446661
2023-01-30 15:55:00-05:00  4019.500000  4019.500000  4015.550049  4018.129883  4018.129883  124000464
2023-01-31 09:30:00-05:00  4020.850098  4030.010010  4020.439941  4029.320068  4029.320068   49368202
2023-01-31 09:35:00-05:00  4028.800049  4029.120117  4022.219971  4024.350098  4024.350098   43571478
2023-01-31 09:40:00-05:00  4024.409912  4031.489990  4021.209961  4026.879883  4026.879883   38343047
2023-01-31 09:45:00-05:00  4026.610107  4034.540039  4023.399902  4033.179932  4033.179932   62126741
2023-01-31 09:50:00-05:00  4033.159912  4035.179932  4029.000000  4031.439941  4031.439941   38090107
2023-01-31 09:55:00-05:00  4031.340088  4034.330078  4024.800049  4025.270020  4025.270020   34426371
2023-01-31 10:00:00-05:00  4024.120117  4028.219971  4022.179932  4023.899902  4023.899902   35133305
2023-01-31 10:05:00-05:00  4023.969971  4033.360107  4021.429932  4021.850098  4021.850098   36975440
2023-01-31 10:10:00-05:00  4022.100098  4032.530029  4021.129883  4032.429932  4032.429932   28191624
2023-01-31 10:15:00-05:00  4032.659912  4036.040039  4031.800049  4036.030029  4036.030029   28314276
2023-01-31 10:20:00-05:00  4035.979980  4037.100098  4032.209961  4034.459961  4034.459961   29078589
2023-01-31 10:25:00-05:00  4034.540039  4039.239990  4030.649902  4038.830078  4038.830078   27244854
2023-01-31 10:30:00-05:00  4038.959961  4041.209961  4038.149902  4039.300049  4039.300049   25658650
2023-01-31 10:35:00-05:00  4039.360107  4040.780029  4038.330078  4038.459961  4038.459961   20838618