                                  Open         High          Low        Close    Adj Close      Volume
Datetime                                                                                              
2022-10-18 10:50:00-04:00  3733.659912  3733.659912  3728.610107  3730.719971  3730.719971           0
2022-10-18 10:55:00-04:00  3730.709961  3730.709961  3725.750000  3726.439941  3726.439941    24012704
2022-10-18 11:00:00-04:00  3726.239990  3727.909912  3721.750000  3727.620117  3727.620117    28370684
2022-10-18 11:05:00-04:00  3727.580078  3729.550049  3716.129883  3716.989990  3716.989990    26341667
2022-10-18 11:10:00-04:00  3716.959961  3718.290039  3704.310059  3705.840088  3705.840088    30817458
2022-10-18 11:15:00-04:00  3705.540039  3708.229980  3703.149902  3703.260010  3703.260010    30344520
2022-10-18 11:20:00-04:00  3703.330078  3704.389893  3693.989990  3695.120117  3695.120117    25755674
2022-10-18 11:25:00-04:00  3695.010010  3699.199951  3692.189941  3697.489990  3697.489990    29623668
2022-10-18 11:30:00-04:00  3697.429932  3698.290039  3692.689941  3696.239990  3696.239990    24396738
2022-10-18 11:35:00-04:00  3696.409912  3697.570068  3686.530029  3691.570068  3691.570068    26474868
2022-10-18 11:40:00-04:00  3691.620117  3694.050049  3687.340088  3693.959961  3693.959961    28754065
2022-10-18 11:45:00-04:00  3693.989990  3700.689941  3693.030029  3700.169922  3700.169922    23224623
2022-10-18 11:50:00-04:00  3700.229980  3703.689941  3699.209961  3702.030029  3702.030029    22132778
2022-10-18 11:55:00-04:00  3702.020020  3703.560059  3698.459961  3703.139893  3703.139893    20759440
2022-10-18 12:00:00-04:00  3703.050049  3703.419922  3700.949951  3703.330078  3703.330078    19111560
2022-10-18 12:05:00-04:00  3703.320068  3711.360107  3696.989990  3711.179932  3711.179932    27416496
2022-10-18 12:10:00-04:00  3711.209961  3716.590088  3710.949951  3714.540039  3714.540039    22934633
2022-10-18 12:15:00-04:00  3714.600098  3718.260010  3710.719971  3715.989990  3715.989990    25203268
2022-10-18 12:20:00-04:00  3716.030029  3716.030029  3708.639893  3708.889893  3708.889893    19622207
2022-10-18 12:25:00-04:00  3708.899902  3710.479980  3705.879883  3710.060059  3710.060059    18498328
2022-10-18 12:30:00-04:00  3710.050049  3713.409912  3707.250000  3712.590088  3712.590088    15328951
2022-10-18 12:35:00-04:00  3712.580078  3722.239990  3712.560059  3721.459961  3721.459961           0
2022-10-18 12:40:00-04:00  3720.669922  3724.530029  3720.189941  3720.189941  3720.189941  1296174533
2022-10-18 12:45:00-04:00  3720.110107  3720.209961  3715.699951  3718.169922  3718.169922    17234275
2022-10-18 12:50:00-04:00  3718.199951  3724.459961  3717.629883  3723.790039  3723.790039    18313593
2022-10-18 12:55:00-04:00  3723.780029  3724.219971  3715.560059  3715.600098  3715.600098    17777943
2022-10-18 13:00:00-04:00  3715.479980  3716.719971  3703.350098  3704.159912  3704.159912    24855484
2022-10-18 13:05:00-04:00  3704.110107  3712.899902  3703.899902  3709.580078  3709.580078    19838281
2022-10-18 13:10:00-04:00  3709.689941  3717.889893  3708.949951  3717.570068  3717.570068    18376621
2022-10-18 13:15:00-04:00  3717.649902  3718.429932  3715.590088  3717.070068  3717.070068    17281795
2022-10-18 13:20:00-04:00  3717.060059  3719.969971  3712.949951  3717.219971  3717.219971    18911545
2022-10-18 13:25:00-04:00  3717.139893  3722.689941  3716.959961  3721.510010  3721.510010    18456045
2022-10-18 13:30:00-04:00  3722.570068  3731.159912  3720.830078  3731.020020  3731.020020    24016378
2022-10-18 13:35:00-04:00  3731.100098  3731.709961  3727.969971  3728.290039  3728.290039    18156176
2022-10-18 13:40:00-04:00  3728.879883  3730.330078  3726.520020  3727.800049  3727.800049    18505672
2022-10-18 13:45:00-04:00  3727.830078  3728.979980  3722.840088  3728.870117  3728.870117    21031495
2022-10-18 13:50:00-04:00  3728.959961  3730.729980  3727.090088  3730.729980  3730.729980    18159335
2022-10-18 13:55:00-04:00  3730.750000  3733.860107  3728.439941  3731.120117  3731.120117    19111794
2022-10-18 14:00:00-04:00  3730.969971  3732.649902  3725.270020  3725.679932  3725.679932    20937294
2022-10-18 14:05:00-04:00  3725.689941  3729.439941  3723.679932  3724.909912  3724.909912    18752430
2022-10-18 14:10:00-04:00  3724.949951  3728.000000  3724.949951  3726.629883  3726.629883    15713804
2022-10-18 14:15:00-04:00  3726.620117  3726.620117  3722.679932  3723.120117  3723.120117    17763389
2022-10-18 14:20:00-04:00  3723.159912  3727.439941  3721.560059  3727.389893  3727.389893    17002986
2022-10-18 14:25:00-04:00  3727.439941  3730.429932  3724.449951  3729.639893  3729.639893    18795378
2022-10-18 14:30:00-04:00  3729.750000  3729.879883  3725.159912  3727.149902  3727.149902    16866526
2022-10-18 14:35:00-04:00  3727.159912  3728.439941  3711.780029  3713.520020  3713.520020    31536637
2022-10-18 14:40:00-04:00  3713.750000  3714.360107  3699.129883  3699.629883  3699.629883    29694005
2022-10-18 14:45:00-04:00  3699.649902  3702.800049  3692.520020  3699.070068  3699.070068    32354932
2022-10-18 14:50:00-04:00  3698.979980  3703.040039  3695.489990  3702.320068  3702.320068    26892242
2022-10-18 14:55:00-04:00  3702.429932  3706.550049  3700.929932  3704.929932  3704.929932    24371953
2022-10-18 15:00:00-04:00  3704.939941  3705.439941  3696.330078  3699.719971  3699.719971    26767680
2022-10-18 15:05:00-04:00  3699.399902  3704.120117  3698.739990  3700.030029  3700.030029    22269317
2022-10-18 15:10:00-04:00  3699.939941  3702.600098  3696.530029  3697.540039  3697.540039    23594851
2022-10-18 15:15:00-04:00  3697.899902  3701.989990  3694.889893  3700.340088  3700.340088    26085326
2022-10-18 15:20:00-04:00  3700.370117  3706.340088  3698.449951  3705.939941  3705.939941    25840001
2022-10-18 15:25:00-04:00  3705.899902  3708.139893  3702.780029  3707.429932  3707.429932    27091433
2022-10-18 15:30:00-04:00  3707.260010  3719.850098  3705.719971  3718.100098  3718.100098    37348571
2022-10-18 15:35:00-04:00  3718.209961  3718.820068  3712.030029  3715.709961  3715.709961    31409799
2022-10-18 15:40:00-04:00  3715.679932  3720.250000  3714.899902  3719.070068  3719.070068    36190946
2022-10-18 15:45:00-04:00  3719.040039  3719.040039  3714.570068  3717.610107  3717.610107    42545020
2022-10-18 15:50:00-04:00  3717.429932  3722.409912  3714.500000  3715.679932  3715.679932    72587678
2022-10-18 15:55:00-04:00  3715.699951  3722.139893  3711.540039  3721.800049  3721.800049   124342288
2022-10-19 09:30:00-04:00  3703.110107  3715.610107  3699.189941  3715.610107  3715.610107    74068354
2022-10-19 09:35:00-04:00  3715.879883  3718.959961  3710.750000  3711.709961  3711.709961    43416479
2022-10-19 09:40:00-04:00  3711.790039  3713.780029  3697.080078  3702.260010  3702.260010    41858671
2022-10-19 09:45:00-04:00  3701.959961  3702.770020  3690.250000  3691.030029  3691.030029    40429071
2022-10-19 09:50:00-04:00  3690.909912  3703.209961  3690.689941  3702.179932  3702.179932    36783435
2022-10-19 09:55:00-04:00  3702.280029  3704.719971  3695.020020  3696.560059  3696.560059    43548124
2022-10-19 10:00:00-04:00  3696.429932  3701.080078  3693.639893  3701.080078  3701.080078    33121132
2022-10-19 10:05:00-04:00  3701.030029  3706.959961  3700.580078  3704.500000  3704.500000    32086260
2022-10-19 10:10:00-04:00  3704.530029  3712.270020  3699.719971  3711.409912  3711.409912    30881331
2022-10-19 10:15:00-04:00  3711.409912  3718.219971  3711.409912  3714.540039  3714.540039    30637812
2022-10-19 10:20:00-04:00  3714.639893  3726.429932  3714.550049  3724.870117  3724.870117    36636590
2022-10-19 10:25:00-04:00  3725.020020  3728.580078  3722.500000  3726.360107  3726.360107    29817671
2022-10-19 10:30:00-04:00  3726.370117  3728.580078  3720.699951  3720.949951  3720.949951    30904931
2022-10-19 10:35:00-04:00  3720.919922  3722.800049  3718.919922  3722.520020  3722.520020    28476084
2022-10-19 10:40:00-04:00  3722.780029  3723.120117  3713.399902  3716.100098  3716.100098    26485999
2022-10-19 10:45:00-04:00  3716.070068  3718.010010  3712.070068  3713.179932  3713.179932    26091501
2022-10-19 10:50:00-04:00  3713.189941  3714.550049  3708.629883  3708.629883  3708.629883    24330174
2022-10-19 10:55:00-04:00  3708.629883  3708.629883  3704.389893  3707.270020  3707.270020    26990757
2022-10-19 11:00:00-04:00  3707.280029  3710.139893  3703.260010  3704.100098  3704.100098    25178813
2022-10-19 11:05:00-04:00  3704.030029  3710.500000  3704.030029  3709.020020  3709.020020    23911901
2022-10-19 11:10:00-04:00  3709.050049  3715.800049  3708.629883  3712.870117  3712.870117    24708644
2022-10-19 11:15:00-04:00  3712.889893  3717.350098  3712.040039  3715.760010  3715.760010    21280219
2022-10-19 11:20:00-04:00  3715.729980  3716.949951  3709.510010  3709.689941  3709.689941    20451011
2022-10-19 11:25:00-04:00  3709.699951  3709.780029  3704.340088  3705.959961  3705.959961    22409331
2022-10-19 11:30:00-04:00  3706.060059  3707.810059  3702.239990  3704.500000  3704.500000    22252433
2022-10-19 11:35:00-04:00  3704.340088  3707.110107  3698.070068  3707.110107  3707.110107    23119578
2022-10-19 11:40:00-04:00  3707.520020  3708.500000  3703.000000  3703.320068  3703.320068    18139264
2022-10-19 11:45:00-04:00  3703.959961  3709.489990  3703.959961  3708.750000  3708.750000    19770082
2022-10-19 11:50:00-04:00  3708.659912  3713.550049  3707.149902  3712.449951  3712.449951    19471053
2022-10-19 11:55:00-04:00  3712.479980  3713.360107  3707.989990  3708.100098  3708.100098    19168416
2022-10-19 12:00:00-04:00  3708.159912  3708.639893  3702.169922  3703.479980  3703.479980    20571081
2022-10-19 12:05:00-04:00  3703.129883  3703.129883  3696.350098  3698.080078  3698.080078    19889400
2022-10-19 12:10:00-04:00  3698.050049  3699.939941  3695.449951  3697.909912  3697.909912    17228780
2022-10-19 12:15:00-04:00  3697.929932  3700.100098  3696.050049  3699.939941  3699.939941    16161028
2022-10-19 12:20:00-04:00  3699.929932  3700.110107  3696.250000  3697.729980  3697.729980    15452964
2022-10-19 12:25:00-04:00  3697.669922  3697.669922  3691.260010  3693.000000  3693.000000    18777122
2022-10-19 12:30:00-04:00  3693.000000  3697.600098  3692.080078  3697.330078  3697.330078    16398180
2022-10-19 12:35:00-04:00  3697.320068  3699.479980  3695.030029  3695.219971  3695.219971    17061015
2022-10-19 12:40:00-04:00  3695.199951  3695.580078  3686.699951  3687.419922  3687.419922    20288937
2022-10-19 12:45:00-04:00  3687.419922  3687.419922  3680.000000  3681.090088  3681.090088    22666810
2022-10-19 12:50:00-04:00  3680.949951  3685.189941  3680.530029  3683.649902  3683.649902    16970280
2022-10-19 12:55:00-04:00  3683.699951  3684.070068  3680.669922  3682.860107  3682.860107    15416202
2022-10-19 13:00:00-04:00  3682.830078  3684.719971  3669.110107  3669.110107  3669.110107    28493766
2022-10-19 13:05:00-04:00  3669.179932  3673.120117  3666.510010  3671.780029  3671.780029    26310872
2022-10-19 13:10:00-04:00  3671.739990  3673.719971  3670.280029  3672.409912  3672.409912    20010105
2022-10-19 13:15:00-04:00  3672.429932  3674.379883  3670.860107  3672.389893  3672.389893    19899640
2022-10-19 13:20:00-04:00  3672.389893  3676.909912  3672.340088  3676.129883  3676.129883    20240297
2022-10-19 13:25:00-04:00  3675.989990  3681.330078  3675.719971  3676.850098  3676.850098    18295533
2022-10-19 13:30:00-04:00  3676.820068  3679.250000  3675.419922  3676.919922  3676.919922    18290476
2022-10-19 13:35:00-04:00  3676.939941  3678.250000  3673.209961  3673.669922  3673.669922    17905231
2022-10-19 13:40:00-04:00  3673.709961  3678.030029  3672.300049  3677.790039  3677.790039    18426658
2022-10-19 13:45:00-04:00  3677.780029  3678.929932  3672.939941  3673.629883  3673.629883    17743276
2022-10-19 13:50:00-04:00  3673.649902  3677.500000  3671.969971  3677.439941  3677.439941    16282834
2022-10-19 13:55:00-04:00  3677.419922  3680.139893  3674.939941  3680.050049  3680.050049    16636617
2022-10-19 14:00:00-04:00  3680.020020  3686.860107  3677.040039  3685.290039  3685.290039    22617894
2022-10-19 14:05:00-04:00  3685.300049  3691.020020  3683.909912  3688.939941  3688.939941    20455129
2022-10-19 14:10:00-04:00  3688.959961  3690.739990  3686.939941  3690.729980  3690.729980    17762213
2022-10-19 14:15:00-04:00  3690.739990  3694.870117  3689.989990  3690.479980  3690.479980    22799607
2022-10-19 14:20:00-04:00  3690.320068  3690.370117  3687.550049  3688.979980  3688.979980    17822575
2022-10-19 14:25:00-04:00  3689.080078  3692.110107  3688.110107  3691.600098  3691.600098    18894397
2022-10-19 14:30:00-04:00  3691.610107  3693.100098  3688.850098  3691.889893  3691.889893    18626983
2022-10-19 14:35:00-04:00  3691.899902  3692.389893  3688.459961  3688.709961  3688.709961    15204416
2022-10-19 14:40:00-04:00  3688.689941  3690.030029  3685.229980  3685.699951  3685.699951    19702805
2022-10-19 14:45:00-04:00  3685.469971  3686.669922  3682.979980  3683.840088  3683.840088    18311950
2022-10-19 14:50:00-04:00  3683.810059  3684.040039  3682.260010  3682.979980  3682.979980    15877837
2022-10-19 14:55:00-04:00  3682.969971  3684.459961  3681.610107  3682.409912  3682.409912    21815066
2022-10-19 15:00:00-04:00  3682.449951  3687.800049  3680.959961  3682.479980  3682.479980    25867366
2022-10-19 15:05:00-04:00  3682.540039  3686.969971  3680.219971  3686.689941  3686.689941    23939378
2022-10-19 15:10:00-04:00  3686.790039  3691.000000  3686.790039  3688.770020  3688.770020    25554777
2022-10-19 15:15:00-04:00  3688.780029  3696.929932  3688.010010  3695.540039  3695.540039    26305483
2022-10-19 15:20:00-04:00  3695.550049  3696.350098  3690.590088  3690.590088  3690.590088    23458740
2022-10-19 15:25:00-04:00  3690.419922  3692.040039  3685.729980  3687.610107  3687.610107    28412187
2022-10-19 15:30:00-04:00  3687.600098  3689.219971  3685.250000  3689.219971  3689.219971    31129892
2022-10-19 15:35:00-04:00  3689.360107  3691.129883  3687.100098  3687.239990  3687.239990    33412751
2022-10-19 15:40:00-04:00  3687.290039  3691.739990  3687.129883  3689.590088  3689.590088    36253597
2022-10-19 15:45:00-04:00  3689.669922  3691.179932  3684.610107  3687.939941  3687.939941    45694166
2022-10-19 15:50:00-04:00  3687.909912  3692.870117  3685.399902  3692.830078  3692.830078    70116979
2022-10-19 15:55:00-04:00  3692.750000  3696.949951  3691.020020  3695.959961  3695.959961   118600824
2022-10-20 09:30:00-04:00  3689.050049  3695.570068  3685.580078  3693.229980  3693.229980           0
2022-10-20 09:35:00-04:00  3693.129883  3693.129883  3682.649902  3683.870117  3683.870117    50985072
2022-10-20 09:40:00-04:00  3683.620117  3692.739990  3680.590088  3692.520020  3692.520020    53227837
2022-10-20 09:45:00-04:00  3692.560059  3701.120117  3691.979980  3699.300049  3699.300049    51536319
2022-10-20 09:50:00-04:00  3699.330078  3707.070068  3698.600098  3703.330078  3703.330078    44548035
2022-10-20 09:55:00-04:00  3703.429932  3708.090088  3700.800049  3700.899902  3700.899902    68095650
2022-10-20 10:00:00-04:00  3700.850098  3714.860107  3700.280029  3714.820068  3714.820068    44939777
2022-10-20 10:05:00-04:00  3714.780029  3725.570068  3714.399902  3724.610107  3724.610107    42900732
2022-10-20 10:10:00-04:00  3724.679932  3727.570068  3720.209961  3721.090088  3721.090088    39103605
2022-10-20 10:15:00-04:00  3721.219971  3733.110107  3721.219971  3732.679932  3732.679932    39982427
2022-10-20 10:20:00-04:00  3732.780029  3736.000000  3731.330078  3733.610107  3733.610107    33188230
2022-10-20 10:25:00-04:00  3733.389893  3733.600098  3727.469971  3731.510010  3731.510010    27457427
2022-10-20 10:30:00-04:00  3731.530029  3734.169922  3720.850098  3722.370117  3722.370117    32805833
2022-10-20 10:35:00-04:00  3722.419922  3724.350098  3721.290039  3723.629883  3723.629883    28472181
2022-10-20 10:40:00-04:00  3723.629883  3724.060059  3717.550049  3720.879883  3720.879883    27666014
2022-10-20 10:45:00-04:00  3720.840088  3724.979980  3720.379883  3723.260010  3723.260010    29524918
2022-10-20 10:50:00-04:00  3723.280029  3725.610107  3720.899902  3720.899902  3720.899902    26939381
2022-10-20 10:55:00-04:00  3720.739990  3729.590088  3720.580078  3729.489990  3729.489990    25569169
2022-10-20 11:00:00-04:00  3729.479980  3731.280029  3724.409912  3724.409912  3724.409912    28718935
2022-10-20 11:05:00-04:00  3724.209961  3727.489990  3723.629883  3727.300049  3727.300049    23650311
2022-10-20 11:10:00-04:00  3727.340088  3729.280029  3725.959961  3727.860107  3727.860107    25931360
2022-10-20 11:15:00-04:00  3727.610107  3727.800049  3718.649902  3718.979980  3718.979980    26311825
2022-10-20 11:20:00-04:00  3719.070068  3721.689941  3717.570068  3719.889893  3719.889893    23856094
2022-10-20 11:25:00-04:00  3719.909912  3720.790039  3709.719971  3713.239990  3713.239990    29341082
2022-10-20 11:30:00-04:00  3713.169922  3719.540039  3712.889893  3717.389893  3717.389893    26730535
2022-10-20 11:35:00-04:00  3717.370117  3723.750000  3716.639893  3722.649902  3722.649902    21493900
2022-10-20 11:40:00-04:00  3722.610107  3724.290039  3720.610107  3721.010010  3721.010010    19999301
2022-10-20 11:45:00-04:00  3721.129883  3721.709961  3717.750000  3720.709961  3720.709961    22749701
2022-10-20 11:50:00-04:00  3720.659912  3722.770020  3719.300049  3719.699951  3719.699951    20928029
2022-10-20 11:55:00-04:00  3719.739990  3719.739990  3712.570068  3712.770020  3712.770020    24641660
2022-10-20 12:00:00-04:00  3712.750000  3713.219971  3704.389893  3706.399902  3706.399902    26608283
2022-10-20 12:05:00-04:00  3706.320068  3706.889893  3696.879883  3697.969971  3697.969971    23684920
2022-10-20 12:10:00-04:00  3697.949951  3699.429932  3695.139893  3697.449951  3697.449951    21000286
2022-10-20 12:15:00-04:00  3697.399902  3702.439941  3696.510010  3701.159912  3701.159912    22724485
2022-10-20 12:20:00-04:00  3700.919922  3700.919922  3692.530029  3695.050049  3695.050049    26455367
2022-10-20 12:25:00-04:00  3695.080078  3695.100098  3689.070068  3691.810059  3691.810059    21734418
2022-10-20 12:30:00-04:00  3691.760010  3694.600098  3689.919922  3690.830078  3690.830078    18896607
2022-10-20 12:35:00-04:00  3690.840088  3692.590088  3687.040039  3688.040039  3688.040039    19196656
2022-10-20 12:40:00-04:00  3688.040039  3690.979980  3687.149902  3687.610107  3687.610107    19100356
2022-10-20 12:45:00-04:00  3687.840088  3687.929932  3682.020020  3686.679932  3686.679932    23736702
2022-10-20 12:50:00-04:00  3686.669922  3687.689941  3683.120117  3684.790039  3684.790039    18053317
2022-10-20 12:55:00-04:00  3684.800049  3688.929932  3683.500000  3688.929932  3688.929932    19533310
2022-10-20 13:00:00-04:00  3688.899902  3689.840088  3685.469971  3689.340088  3689.340088    19693444
2022-10-20 13:05:00-04:00  3689.360107  3689.510010  3674.209961  3676.280029  3676.280029    28040189
2022-10-20 13:10:00-04:00  3676.270020  3682.760010  3674.989990  3679.459961  3679.459961    21067072
2022-10-20 13:15:00-04:00  3679.449951  3680.179932  3676.330078  3677.320068  3677.320068    18114788
2022-10-20 13:20:00-04:00  3677.250000  3683.280029  3675.679932  3678.639893  3678.639893    22764945
2022-10-20 13:25:00-04:00  3678.659912  3682.530029  3678.659912  3681.699951  3681.699951    21753201
2022-10-20 13:30:00-04:00  3681.580078  3681.820068  3676.979980  3678.179932  3678.179932    19507576
2022-10-20 13:35:00-04:00  3678.219971  3681.570068  3677.419922  3678.989990  3678.989990    18996680
2022-10-20 13:40:00-04:00  3678.989990  3679.659912  3673.590088  3676.790039  3676.790039    20440905
2022-10-20 13:45:00-04:00  3676.760010  3677.159912  3667.189941  3667.570068  3667.570068    23781082
2022-10-20 13:50:00-04:00  3667.600098  3669.060059  3664.600098  3667.530029  3667.530029    22765301
2022-10-20 13:55:00-04:00  3667.669922  3670.909912  3665.040039  3670.840088  3670.840088    18165227
2022-10-20 14:00:00-04:00  3670.850098  3671.679932  3667.139893  3668.179932  3668.179932    18101887
2022-10-20 14:05:00-04:00  3668.120117  3668.389893  3661.179932  3663.320068  3663.320068    20008338
2022-10-20 14:10:00-04:00  3663.419922  3664.510010  3659.330078  3660.040039  3660.040039    18395066
2022-10-20 14:15:00-04:00  3660.110107  3663.340088  3659.280029  3662.010010  3662.010010    19668722
2022-10-20 14:20:00-04:00  3662.090088  3662.860107  3658.520020  3658.979980  3658.979980    21757369
2022-10-20 14:25:00-04:00  3658.879883  3660.000000  3656.989990  3658.050049  3658.050049    19593993
2022-10-20 14:30:00-04:00  3657.860107  3665.500000  3656.689941  3665.320068  3665.320068    21497371
2022-10-20 14:35:00-04:00  3665.239990  3666.250000  3662.780029  3663.459961  3663.459961    20039610
2022-10-20 14:40:00-04:00  3663.520020  3663.790039  3657.500000  3657.610107  3657.610107    20705040
2022-10-20 14:45:00-04:00  3657.570068  3662.229980  3656.719971  3660.600098  3660.600098    21061121
2022-10-20 14:50:00-04:00  3660.590088  3666.800049  3658.379883  3666.179932  3666.179932    21778731
2022-10-20 14:55:00-04:00  3666.090088  3671.580078  3665.570068  3666.659912  3666.659912    22628597
2022-10-20 15:00:00-04:00  3666.669922  3669.580078  3666.320068  3666.469971  3666.469971    20294669
2022-10-20 15:05:00-04:00  3666.500000  3675.879883  3666.419922  3674.219971  3674.219971    28470397
2022-10-20 15:10:00-04:00  3674.270020  3675.020020  3669.520020  3672.429932  3672.429932    24491472
2022-10-20 15:15:00-04:00  3672.399902  3672.399902  3665.919922  3665.989990  3665.989990    26378558
2022-10-20 15:20:00-04:00  3665.989990  3666.139893  3660.820068  3663.649902  3663.649902    27310463
2022-10-20 15:25:00-04:00  3663.729980  3664.800049  3659.600098  3663.340088  3663.340088    29000795
2022-10-20 15:30:00-04:00  3663.149902  3663.360107  3657.379883  3657.679932  3657.679932    32362047
2022-10-20 15:35:00-04:00  3657.659912  3663.550049  3656.439941  3659.659912  3659.659912    35500667
2022-10-20 15:40:00-04:00  3659.729980  3666.290039  3658.689941  3666.020020  3666.020020    34456088
2022-10-20 15:45:00-04:00  3665.979980  3668.959961  3662.050049  3667.290039  3667.290039    47273690
2022-10-20 15:50:00-04:00  3667.300049  3675.189941  3667.070068  3672.729980  3672.729980    72224903
2022-10-20 15:55:00-04:00  3672.729980  3673.969971  3664.110107  3665.229980  3665.229980   129241686
2022-10-21 09:30:00-04:00  3657.100098  3665.949951  3647.419922  3655.370117  3655.370117           0
2022-10-21 09:35:00-04:00  3655.399902  3667.020020  3650.649902  3662.169922  3662.169922    52131539
2022-10-21 09:40:00-04:00  3662.350098  3672.830078  3651.560059  3671.939941  3671.939941    50368637
2022-10-21 09:45:00-04:00  3672.379883  3687.290039  3671.080078  3680.179932  3680.179932    53748375
2022-10-21 09:50:00-04:00  3681.350098  3693.239990  3675.790039  3689.540039  3689.540039    41123657
2022-10-21 09:55:00-04:00  3690.729980  3700.909912  3687.229980  3700.909912  3700.909912    41456399
2022-10-21 10:00:00-04:00  3701.020020  3704.659912  3698.600098  3703.300049  3703.300049    44868585
2022-10-21 10:05:00-04:00  3703.239990  3715.280029  3701.409912  3710.169922  3710.169922    45124854
2022-10-21 10:10:00-04:00  3710.239990  3712.780029  3705.290039  3708.520020  3708.520020    36811063
2022-10-21 10:15:00-04:00  3708.540039  3709.949951  3702.870117  3704.709961  3704.709961    33279986
2022-10-21 10:20:00-04:00  3704.689941  3707.260010  3690.969971  3691.070068  3691.070068    35647471
2022-10-21 10:25:00-04:00  3691.189941  3691.280029  3683.169922  3683.219971  3683.219971    34473917
2022-10-21 10:30:00-04:00  3683.189941  3690.510010  3680.439941  3681.449951  3681.449951    34486791
2022-10-21 10:35:00-04:00  3681.300049  3682.949951  3673.820068  3680.120117  3680.120117    36001232
2022-10-21 10:40:00-04:00  3680.469971  3686.620117  3677.929932  3683.669922  3683.669922    32362436
2022-10-21 10:45:00-04:00  3683.469971  3691.139893  3681.610107  3691.139893  3691.139893    33738880
2022-10-21 10:50:00-04:00  3690.979980  3694.080078  3689.500000  3690.350098  3690.350098    28392816
2022-10-21 10:55:00-04:00  3690.370117  3691.209961  3676.080078  3677.320068  3677.320068    30696009
2022-10-21 11:00:00-04:00  3677.510010  3678.590088  3668.870117  3673.300049  3673.300049           0
2022-10-21 11:05:00-04:00  3672.969971  3677.169922  3670.209961  3676.489990  3676.489990   924553860
2022-10-21 11:10:00-04:00  3676.520020  3683.439941  3676.340088  3680.679932  3680.679932    28263769
2022-10-21 11:15:00-04:00  3679.810059  3683.209961  3677.340088  3677.770020  3677.770020    23982254
2022-10-21 11:20:00-04:00  3677.770020  3685.870117  3673.770020  3680.379883  3680.379883    28552111
2022-10-21 11:25:00-04:00  3680.469971  3690.129883  3680.469971  3687.530029  3687.530029    26197643
2022-10-21 11:30:00-04:00  3687.610107  3699.629883  3687.260010  3697.449951  3697.449951    30016590
2022-10-21 11:35:00-04:00  3697.100098  3698.060059  3686.699951  3687.770020  3687.770020    25142672
2022-10-21 11:40:00-04:00  3687.709961  3703.189941  3687.340088  3701.469971  3701.469971    26988618
2022-10-21 11:45:00-04:00  3701.209961  3705.310059  3697.959961  3704.649902  3704.649902    30798249
2022-10-21 11:50:00-04:00  3704.659912  3707.689941  3701.129883  3703.469971  3703.469971    26243603
2022-10-21 11:55:00-04:00  3703.439941  3709.399902  3701.139893  3709.399902  3709.399902    25097150
2022-10-21 12:00:00-04:00  3710.030029  3721.429932  3710.030029  3719.699951  3719.699951    35392665
2022-10-21 12:05:00-04:00  3719.770020  3719.770020  3712.409912  3713.620117  3713.620117    25864857
2022-10-21 12:10:00-04:00  3713.350098  3713.719971  3706.639893  3713.219971  3713.219971    24152467
2022-10-21 12:15:00-04:00  3713.189941  3713.350098  3705.830078  3706.810059  3706.810059    21225838
2022-10-21 12:20:00-04:00  3706.750000  3713.719971  3703.919922  3713.350098  3713.350098    23455510
2022-10-21 12:25:00-04:00  3713.340088  3714.840088  3703.689941  3704.090088  3704.090088    24452106
2022-10-21 12:30:00-04:00  3704.070068  3712.300049  3703.379883  3711.909912  3711.909912    20010320
2022-10-21 12:35:00-04:00  3712.040039  3718.780029  3708.040039  3708.750000  3708.750000    24776776
2022-10-21 12:40:00-04:00  3709.129883  3718.300049  3709.110107  3716.939941  3716.939941    19424123
2022-10-21 12:45:00-04:00  3717.040039  3726.129883  3716.709961  3724.929932  3724.929932    21854924
2022-10-21 12:50:00-04:00  3725.000000  3728.729980  3725.000000  3727.610107  3727.610107    20878305
2022-10-21 12:55:00-04:00  3727.610107  3728.659912  3721.860107  3723.080078  3723.080078    20038290
2022-10-21 13:00:00-04:00  3723.110107  3729.389893  3722.870117  3729.090088  3729.090088    20830900
2022-10-21 13:05:00-04:00  3728.870117  3728.949951  3723.129883  3723.459961  3723.459961    20027918
2022-10-21 13:10:00-04:00  3723.429932  3724.610107  3721.520020  3721.520020  3721.520020    20661787
2022-10-21 13:15:00-04:00  3721.479980  3725.290039  3718.209961  3725.290039  3725.290039    21454079
2022-10-21 13:20:00-04:00  3725.280029  3726.719971  3719.040039  3719.310059  3719.310059    22226281
2022-10-21 13:25:00-04:00  3719.290039  3725.080078  3718.580078  3723.439941  3723.439941    18588176
2022-10-21 13:30:00-04:00  3723.399902  3729.360107  3723.399902  3724.469971  3724.469971    20932030
2022-10-21 13:35:00-04:00  3724.389893  3726.449951  3722.959961  3725.219971  3725.219971    19113205
2022-10-21 13:40:00-04:00  3725.219971  3730.669922  3725.219971  3727.050049  3727.050049    23779515
2022-10-21 13:45:00-04:00  3727.129883  3733.239990  3727.129883  3732.959961  3732.959961    20704149
2022-10-21 13:50:00-04:00  3733.199951  3736.300049  3733.050049  3734.250000  3734.250000    23048576
2022-10-21 13:55:00-04:00  3734.250000  3736.110107  3732.580078  3736.050049  3736.050049    20112500
2022-10-21 14:00:00-04:00  3736.090088  3739.649902  3736.000000  3738.820068  3738.820068    20743365
2022-10-21 14:05:00-04:00  3738.770020  3742.770020  3738.570068  3742.270020  3742.270020    21142860
2022-10-21 14:10:00-04:00  3742.270020  3743.280029  3736.449951  3736.689941  3736.689941    26822323
2022-10-21 14:15:00-04:00  3736.719971  3738.760010  3731.629883  3733.699951  3733.699951    25422740
2022-10-21 14:20:00-04:00  3733.699951  3735.540039  3732.409912  3732.520020  3732.520020    16358873
2022-10-21 14:25:00-04:00  3732.510010  3735.969971  3731.169922  3735.860107  3735.860107    19109069
2022-10-21 14:30:00-04:00  3735.879883  3740.080078  3735.879883  3737.159912  3737.159912    21790042
2022-10-21 14:35:00-04:00  3737.120117  3738.219971  3734.179932  3737.020020  3737.020020    20583666
2022-10-21 14:40:00-04:00  3737.090088  3738.459961  3733.320068  3733.320068  3733.320068    19483443
2022-10-21 14:45:00-04:00  3733.239990  3735.669922  3732.129883  3735.669922  3735.669922    22139580
2022-10-21 14:50:00-04:00  3735.689941  3736.439941  3732.000000  3732.010010  3732.010010    21678926
2022-10-21 14:55:00-04:00  3732.020020  3739.209961  3732.020020  3738.830078  3738.830078    22102816
2022-10-21 15:00:00-04:00  3738.850098  3743.760010  3737.899902  3743.000000  3743.000000    25888532
2022-10-21 15:05:00-04:00  3743.030029  3743.850098  3741.070068  3742.830078  3742.830078    23516534
2022-10-21 15:10:00-04:00  3742.790039  3747.320068  3741.959961  3747.250000  3747.250000    24172243
2022-10-21 15:15:00-04:00  3747.280029  3750.580078  3745.870117  3750.300049  3750.300049    31023305
2022-10-21 15:20:00-04:00  3750.360107  3753.729980  3749.639893  3753.350098  3753.350098    30674372
2022-10-21 15:25:00-04:00  3753.560059  3756.709961  3753.560059  3756.510010  3756.510010    30397338
2022-10-21 15:30:00-04:00  3756.489990  3757.239990  3752.659912  3753.350098  3753.350098    41126151
2022-10-21 15:35:00-04:00  3753.360107  3755.840088  3751.750000  3755.659912  3755.659912    40075960
2022-10-21 15:40:00-04:00  3755.639893  3757.889893  3753.649902  3756.280029  3756.280029    45462846
2022-10-21 15:45:00-04:00  3756.260010  3756.270020  3753.189941  3754.550049  3754.550049    55873440
2022-10-21 15:50:00-04:00  3754.699951  3756.169922  3751.239990  3753.270020  3753.270020    85800350
2022-10-21 15:55:00-04:00  3753.239990  3754.159912  3749.479980  3752.750000  3752.750000   150263503
2022-10-24 09:30:00-04:00  3762.010010  3769.739990  3762.010010  3767.679932  3767.679932           0
2022-10-24 09:35:00-04:00  3767.239990  3787.620117  3766.399902  3780.780029  3780.780029    50863524
2022-10-24 09:40:00-04:00  3780.790039  3780.790039  3764.350098  3770.310059  3770.310059    46289372
2022-10-24 09:45:00-04:00  3770.510010  3796.659912  3770.510010  3778.979980  3778.979980    57969135
2022-10-24 09:50:00-04:00  3778.830078  3788.800049  3775.899902  3788.739990  3788.739990    39550047
2022-10-24 09:55:00-04:00  3788.949951  3792.080078  3782.219971  3786.649902  3786.649902    38627257
2022-10-24 10:00:00-04:00  3786.750000  3786.889893  3761.070068  3761.340088  3761.340088    44249149
2022-10-24 10:05:00-04:00  3760.989990  3766.219971  3752.300049  3754.790039  3754.790039    36141506
2022-10-24 10:10:00-04:00  3754.570068  3764.439941  3754.040039  3764.439941  3764.439941    31451620
2022-10-24 10:15:00-04:00  3764.169922  3764.169922  3752.770020  3759.010010  3759.010010    33473918
2022-10-24 10:20:00-04:00  3759.120117  3759.120117  3741.649902  3744.770020  3744.770020    42892285
2022-10-24 10:25:00-04:00  3744.699951  3756.270020  3742.790039  3756.030029  3756.030029    32870252
2022-10-24 10:30:00-04:00  3755.979980  3763.050049  3752.110107  3763.050049  3763.050049    31571645
2022-10-24 10:35:00-04:00  3763.110107  3772.370117  3763.110107  3769.250000  3769.250000    41291189
2022-10-24 10:40:00-04:00  3769.330078  3771.729980  3759.780029  3763.820068  3763.820068    29099519
2022-10-24 10:45:00-04:00  3763.760010  3763.760010  3756.909912  3758.120117  3758.120117    28701810
2022-10-24 10:50:00-04:00  3758.120117  3773.649902  3758.120117  3770.310059  3770.310059    35497453
2022-10-24 10:55:00-04:00  3771.350098  3771.659912  3766.959961  3770.239990  3770.239990           0
2022-10-24 11:00:00-04:00  3773.360107  3777.979980  3773.360107  3774.149902  3774.149902   781831691
2022-10-24 11:05:00-04:00  3774.080078  3778.500000  3769.310059  3770.439941  3770.439941    26550536
2022-10-24 11:10:00-04:00  3770.389893  3776.260010  3768.929932  3775.600098  3775.600098    24070102
2022-10-24 11:15:00-04:00  3775.510010  3779.360107  3765.699951  3768.629883  3768.629883    27727473
2022-10-24 11:20:00-04:00  3768.739990  3778.040039  3768.739990  3777.719971  3777.719971    22112994
2022-10-24 11:25:00-04:00  3777.729980  3778.989990  3773.090088  3777.729980  3777.729980    24919687
2022-10-24 11:30:00-04:00  3777.639893  3777.879883  3773.659912  3775.000000  3775.000000    20633960
2022-10-24 11:35:00-04:00  3775.110107  3783.030029  3774.479980  3780.879883  3780.879883    26409195
2022-10-24 11:40:00-04:00  3780.889893  3782.790039  3777.850098  3778.090088  3778.090088    27729445
2022-10-24 11:45:00-04:00  3778.149902  3779.219971  3773.100098  3779.219971  3779.219971    21478897
2022-10-24 11:50:00-04:00  3779.229980  3790.649902  3778.870117  3790.159912  3790.159912    25327987
2022-10-24 11:55:00-04:00  3790.209961  3791.989990  3788.830078  3791.290039  3791.290039    24061258
2022-10-24 12:00:00-04:00  3791.320068  3793.399902  3785.399902  3786.270020  3786.270020    21885844
2022-10-24 12:05:00-04:00  3786.320068  3789.270020  3785.500000  3786.610107  3786.610107    19929460
2022-10-24 12:10:00-04:00  3786.600098  3789.949951  3786.600098  3789.370117  3789.370117    17437581
2022-10-24 12:15:00-04:00  3789.370117  3794.310059  3787.830078  3793.379883  3793.379883    22370199
2022-10-24 12:20:00-04:00  3793.489990  3796.590088  3789.969971  3796.439941  3796.439941    20947616
2022-10-24 12:25:00-04:00  3796.370117  3796.600098  3791.250000  3791.370117  3791.370117    18589415
2022-10-24 12:30:00-04:00  3791.399902  3792.260010  3788.600098  3790.129883  3790.129883    20144390
2022-10-24 12:35:00-04:00  3790.120117  3792.370117  3787.949951  3788.969971  3788.969971    18176249
2022-10-24 12:40:00-04:00  3788.959961  3790.550049  3785.540039  3790.550049  3790.550049    18880188
2022-10-24 12:45:00-04:00  3790.729980  3792.159912  3790.209961  3791.649902  3791.649902    16487290
2022-10-24 12:50:00-04:00  3791.669922  3793.979980  3791.330078  3793.939941  3793.939941    14662387
2022-10-24 12:55:00-04:00  3793.820068  3793.870117  3787.310059  3787.600098  3787.600098    19012365
2022-10-24 13:00:00-04:00  3787.610107  3787.879883  3783.810059  3787.070068  3787.070068    21346841
2022-10-24 13:05:00-04:00  3787.060059  3787.830078  3784.280029  3787.830078  3787.830078    15652771
2022-10-24 13:10:00-04:00  3787.810059  3787.989990  3782.310059  3784.129883  3784.129883    16406883
2022-10-24 13:15:00-04:00  3784.100098  3784.409912  3781.770020  3782.620117  3782.620117    15786037
2022-10-24 13:20:00-04:00  3782.570068  3782.659912  3777.679932  3779.810059  3779.810059    20349826
2022-10-24 13:25:00-04:00  3780.000000  3782.760010  3778.800049  3780.790039  3780.790039    22286703
2022-10-24 13:30:00-04:00  3780.750000  3781.189941  3776.909912  3779.510010  3779.510010    21223492
2022-10-24 13:35:00-04:00  3779.469971  3780.000000  3777.020020  3779.919922  3779.919922    17929632
2022-10-24 13:40:00-04:00  3779.889893  3784.080078  3779.889893  3783.679932  3783.679932    18228967
2022-10-24 13:45:00-04:00  3783.760010  3785.560059  3780.979980  3783.110107  3783.110107    18608342
2022-10-24 13:50:00-04:00  3783.090088  3784.870117  3781.580078  3784.100098  3784.100098    15940775
2022-10-24 13:55:00-04:00  3784.040039  3785.209961  3781.040039  3781.810059  3781.810059    17038683
2022-10-24 14:00:00-04:00  3781.850098  3788.179932  3781.370117  3787.840088  3787.840088    21305198
2022-10-24 14:05:00-04:00  3787.909912  3789.739990  3787.429932  3788.570068  3788.570068    19054081
2022-10-24 14:10:00-04:00  3788.530029  3788.929932  3786.709961  3788.639893  3788.639893    18247656
2022-10-24 14:15:00-04:00  3788.639893  3789.780029  3788.199951  3788.830078  3788.830078    17089984
2022-10-24 14:20:00-04:00  3788.840088  3789.479980  3787.120117  3789.250000  3789.250000    19414166
2022-10-24 14:25:00-04:00  3789.310059  3792.360107  3788.510010  3790.800049  3790.800049    19164491
2022-10-24 14:30:00-04:00  3790.739990  3793.050049  3790.379883  3792.770020  3792.770020    18607117
2022-10-24 14:35:00-04:00  3792.739990  3794.129883  3790.979980  3794.110107  3794.110107    18527110
2022-10-24 14:40:00-04:00  3794.100098  3801.169922  3791.800049  3799.629883  3799.629883    26000400
2022-10-24 14:45:00-04:00  3799.659912  3801.879883  3798.260010  3801.850098  3801.850098    18098143
2022-10-24 14:50:00-04:00  3801.790039  3801.790039  3799.199951  3801.100098  3801.100098    19206788
2022-10-24 14:55:00-04:00  3801.110107  3804.909912  3800.060059  3803.919922  3803.919922    21417072
2022-10-24 15:00:00-04:00  3804.030029  3806.689941  3803.250000  3806.439941  3806.439941    25811420
2022-10-24 15:05:00-04:00  3806.419922  3806.989990  3804.040039  3804.889893  3804.889893    23684354
2022-10-24 15:10:00-04:00  3804.879883  3807.530029  3804.760010  3807.530029  3807.530029    24009986
2022-10-24 15:15:00-04:00  3807.500000  3810.739990  3807.260010  3810.229980  3810.229980    29548758
2022-10-24 15:20:00-04:00  3810.209961  3810.209961  3805.439941  3806.949951  3806.949951    26542255
2022-10-24 15:25:00-04:00  3806.969971  3809.719971  3806.199951  3807.030029  3807.030029    26450002
2022-10-24 15:30:00-04:00  3807.050049  3807.709961  3803.840088  3805.189941  3805.189941    32956724
2022-10-24 15:35:00-04:00  3805.219971  3805.639893  3802.899902  3803.310059  3803.310059    32489181
2022-10-24 15:40:00-04:00  3803.300049  3803.300049  3800.250000  3800.320068  3800.320068    37182286
2022-10-24 15:45:00-04:00  3800.310059  3802.350098  3797.790039  3797.790039  3797.790039    46179336
2022-10-24 15:50:00-04:00  3797.800049  3799.830078  3792.379883  3792.500000  3792.500000    70374237
2022-10-24 15:55:00-04:00  3792.399902  3799.719971  3791.709961  3797.790039  3797.790039   103162982
2022-10-25 09:30:00-04:00  3799.439941  3811.510010  3799.439941  3809.100098  3809.100098    48145856
2022-10-25 09:35:00-04:00  3809.010010  3809.879883  3805.530029  3805.979980  3805.979980    46536481
2022-10-25 09:40:00-04:00  3805.889893  3810.469971  3802.699951  3810.199951  3810.199951    45554684
2022-10-25 09:45:00-04:00  3810.260010  3827.879883  3810.260010  3827.820068  3827.820068    51093410
2022-10-25 09:50:00-04:00  3827.840088  3833.050049  3823.379883  3832.909912  3832.909912    44935386
2022-10-25 09:55:00-04:00  3832.780029  3836.229980  3832.000000  3834.479980  3834.479980    42675424
2022-10-25 10:00:00-04:00  3835.280029  3836.689941  3830.040039  3830.750000  3830.750000    43053460
2022-10-25 10:05:00-04:00  3830.820068  3830.820068  3825.350098  3828.570068  3828.570068    36101821
2022-10-25 10:10:00-04:00  3828.540039  3831.550049  3824.189941  3830.290039  3830.290039    35108678
2022-10-25 10:15:00-04:00  3830.219971  3834.489990  3829.780029  3831.209961  3831.209961    33767642
2022-10-25 10:20:00-04:00  3831.389893  3833.750000  3829.250000  3833.040039  3833.040039    30906975
2022-10-25 10:25:00-04:00  3833.060059  3838.060059  3833.060059  3837.969971  3837.969971    27314727
2022-10-25 10:30:00-04:00  3838.060059  3838.340088  3833.360107  3835.590088  3835.590088    30415800
2022-10-25 10:35:00-04:00  3835.739990  3835.739990  3829.379883  3830.489990  3830.489990    26930651