                                  Open         High          Low        Close    Adj Close     Volume
Datetime                                                                                             
2022-12-12 09:30:00-05:00  3939.290039  3945.659912  3939.290039  3940.070068  3940.070068          0
2022-12-12 09:35:00-05:00  3939.969971  3943.129883  3935.300049  3935.590088  3935.590088   30521132
2022-12-12 09:40:00-05:00  3935.500000  3938.959961  3935.500000  3938.679932  3938.679932   27342581
2022-12-12 09:45:00-05:00  3938.939941  3946.830078  3937.760010  3946.070068  3946.070068   40425149
2022-12-12 09:50:00-05:00  3946.159912  3947.729980  3942.070068  3943.439941  3943.439941   24658948
2022-12-12 09:55:00-05:00  3943.310059  3948.250000  3942.780029  3946.699951  3946.699951   25896288
2022-12-12 10:00:00-05:00  3946.879883  3949.110107  3944.719971  3946.810059  3946.810059   24921384
2022-12-12 10:05:00-05:00  3946.969971  3948.860107  3944.729980  3945.889893  3945.889893   26306901
2022-12-12 10:10:00-05:00  3946.010010  3948.040039  3943.389893  3944.540039  3944.540039   27797887
2022-12-12 10:15:00-05:00  3944.550049  3944.830078  3939.419922  3940.050049  3940.050049   25391408
2022-12-12 10:20:00-05:00  3940.100098  3944.899902  3939.429932  3944.750000  3944.750000   21744378
2022-12-12 10:25:00-05:00  3944.750000  3947.600098  3943.449951  3945.330078  3945.330078   21858576
2022-12-12 10:30:00-05:00  3945.270020  3946.629883  3943.320068  3944.159912  3944.159912   23803230
2022-12-12 10:35:00-05:00  3944.159912  3945.469971  3942.979980  3944.040039  3944.040039   23757653
2022-12-12 10:40:00-05:00  3944.139893  3947.580078  3943.510010  3947.399902  3947.399902   23106977
2022-12-12 10:45:00-05:00  3947.449951  3947.620117  3942.250000  3943.229980  3943.229980   27809689
2022-12-12 10:50:00-05:00  3943.260010  3944.219971  3941.479980  3944.209961  3944.209961   24136676
2022-12-12 10:55:00-05:00  3944.239990  3946.840088  3944.000000  3946.500000  3946.500000   20947068
2022-12-12 11:00:00-05:00  3946.560059  3950.489990  3944.929932  3949.679932  3949.679932   27642214
2022-12-12 11:05:00-05:00  3949.699951  3956.449951  3949.679932  3956.100098  3956.100098   22484761
2022-12-12 11:10:00-05:00  3956.070068  3956.070068  3952.429932  3953.889893  3953.889893   20182140
2022-12-12 11:15:00-05:00  3953.790039  3954.320068  3951.780029  3952.520020  3952.520020   19217846
2022-12-12 11:20:00-05:00  3952.469971  3955.840088  3952.449951  3955.429932  3955.429932   20278515
2022-12-12 11:25:00-05:00  3955.419922  3957.250000  3954.300049  3954.459961  3954.459961   18758878
2022-12-12 11:30:00-05:00  3954.429932  3954.669922  3949.899902  3950.770020  3950.770020   19699847
2022-12-12 11:35:00-05:00  3950.810059  3953.239990  3950.729980  3952.699951  3952.699951   16691967
2022-12-12 11:40:00-05:00  3952.699951  3952.949951  3951.239990  3951.669922  3951.669922   17733215
2022-12-12 11:45:00-05:00  3951.709961  3955.189941  3951.649902  3954.530029  3954.530029   18642651
2022-12-12 11:50:00-05:00  3954.489990  3954.830078  3952.909912  3953.350098  3953.350098   17085890
2022-12-12 11:55:00-05:00  3953.340088  3955.159912  3953.340088  3955.129883  3955.129883   15791095
2022-12-12 12:00:00-05:00  3955.129883  3958.879883  3954.159912  3958.040039  3958.040039   18590324
2022-12-12 12:05:00-05:00  3958.100098  3958.100098  3953.790039  3954.629883  3954.629883   15649284
2022-12-12 12:10:00-05:00  3954.620117  3954.959961  3952.669922  3952.870117  3952.870117   13804110
2022-12-12 12:15:00-05:00  3952.800049  3956.760010  3952.389893  3956.739990  3956.739990   16222807
2022-12-12 12:20:00-05:00  3956.800049  3956.820068  3953.770020  3953.770020  3953.770020   14978197
2022-12-12 12:25:00-05:00  3953.760010  3955.409912  3952.590088  3954.580078  3954.580078   15138328
2022-12-12 12:30:00-05:00  3954.560059  3955.820068  3953.340088  3955.300049  3955.300049   14443922
2022-12-12 12:35:00-05:00  3955.389893  3958.280029  3955.250000  3957.899902  3957.899902   17226784
2022-12-12 12:40:00-05:00  3957.870117  3959.729980  3956.570068  3957.469971  3957.469971   13828540
2022-12-12 12:45:00-05:00  3957.510010  3958.600098  3956.909912  3956.919922  3956.919922   12487623
2022-12-12 12:50:00-05:00  3956.909912  3958.699951  3956.020020  3958.459961  3958.459961   14813857
2022-12-12 12:55:00-05:00  3958.500000  3959.620117  3958.370117  3958.370117  3958.370117   12699387
2022-12-12 13:00:00-05:00  3958.340088  3963.120117  3954.199951  3954.370117  3954.370117   21952224
2022-12-12 13:05:00-05:00  3954.280029  3956.179932  3953.850098  3955.969971  3955.969971   14385020
2022-12-12 13:10:00-05:00  3956.020020  3956.139893  3952.330078  3952.600098  3952.600098   14563486
2022-12-12 13:15:00-05:00  3952.620117  3955.620117  3952.229980  3955.110107  3955.110107   17628717
2022-12-12 13:20:00-05:00  3955.110107  3955.939941  3953.959961  3954.040039  3954.040039   16217788
2022-12-12 13:25:00-05:00  3954.050049  3955.540039  3953.790039  3955.540039  3955.540039   14245749
2022-12-12 13:30:00-05:00  3955.550049  3958.810059  3955.449951  3957.949951  3957.949951   16523356
2022-12-12 13:35:00-05:00  3957.949951  3958.159912  3955.600098  3957.530029  3957.530029   15388365
2022-12-12 13:40:00-05:00  3957.540039  3958.979980  3957.469971  3958.830078  3958.830078   12785551
2022-12-12 13:45:00-05:00  3958.840088  3961.270020  3958.120117  3961.270020  3961.270020   17475501
2022-12-12 13:50:00-05:00  3961.550049  3962.219971  3959.590088  3959.629883  3959.629883   17325247
2022-12-12 13:55:00-05:00  3959.590088  3959.840088  3958.520020  3959.590088  3959.590088   15064034
2022-12-12 14:00:00-05:00  3959.580078  3960.669922  3956.850098  3957.850098  3957.850098   18677061
2022-12-12 14:05:00-05:00  3957.850098  3958.729980  3956.370117  3957.179932  3957.179932   15597349
2022-12-12 14:10:00-05:00  3957.270020  3958.199951  3955.489990  3958.030029  3958.030029   15179535
2022-12-12 14:15:00-05:00  3958.020020  3958.489990  3956.379883  3956.469971  3956.469971   15601235
2022-12-12 14:20:00-05:00  3956.489990  3957.000000  3955.290039  3956.739990  3956.739990   15028118
2022-12-12 14:25:00-05:00  3956.659912  3959.979980  3955.770020  3958.729980  3958.729980   17538717
2022-12-12 14:30:00-05:00  3958.689941  3958.689941  3956.219971  3957.580078  3957.580078   15947260
2022-12-12 14:35:00-05:00  3957.629883  3959.870117  3957.139893  3959.330078  3959.330078   17836755
2022-12-12 14:40:00-05:00  3959.350098  3962.080078  3959.350098  3961.149902  3961.149902   16848260
2022-12-12 14:45:00-05:00  3961.159912  3962.679932  3960.929932  3961.179932  3961.179932   20118645
2022-12-12 14:50:00-05:00  3961.189941  3966.080078  3960.909912  3966.040039  3966.040039   20511552
2022-12-12 14:55:00-05:00  3966.010010  3969.699951  3965.989990  3968.520020  3968.520020   20961251
2022-12-12 15:00:00-05:00  3968.489990  3970.540039  3968.489990  3970.179932  3970.179932   21727690
2022-12-12 15:05:00-05:00  3970.209961  3975.590088  3970.209961  3975.320068  3975.320068   23634217
2022-12-12 15:10:00-05:00  3975.330078  3977.649902  3972.360107  3972.889893  3972.889893   27294206
2022-12-12 15:15:00-05:00  3972.969971  3976.800049  3972.899902  3976.100098  3976.100098   25332191
2022-12-12 15:20:00-05:00  3976.060059  3983.060059  3975.530029  3983.060059  3983.060059   28572643
2022-12-12 15:25:00-05:00  3983.129883  3983.310059  3981.090088  3981.959961  3981.959961   26821431
2022-12-12 15:30:00-05:00  3981.949951  3985.899902  3981.949951  3985.860107  3985.860107   30745689
2022-12-12 15:35:00-05:00  3985.949951  3987.810059  3984.610107  3986.750000  3986.750000   33078875
2022-12-12 15:40:00-05:00  3986.820068  3986.840088  3981.100098  3981.100098  3981.100098   37988819
2022-12-12 15:45:00-05:00  3981.100098  3982.739990  3979.979980  3982.040039  3982.040039   47610772
2022-12-12 15:50:00-05:00  3982.090088  3983.959961  3980.120117  3983.330078  3983.330078   74552286
2022-12-12 15:55:00-05:00  3983.419922  3990.459961  3983.419922  3990.290039  3990.290039  126852177
2022-12-13 09:30:00-05:00  4069.379883  4096.250000  4069.379883  4085.590088  4085.590088  107794717
2022-12-13 09:35:00-05:00  4085.189941  4087.929932  4075.750000  4081.169922  4081.169922   59592635
2022-12-13 09:40:00-05:00  4081.100098  4091.649902  4081.100098  4090.570068  4090.570068   58191410
2022-12-13 09:45:00-05:00  4090.550049  4097.799805  4087.830078  4088.030029  4088.030029   55329720
2022-12-13 09:50:00-05:00  4088.699951  4100.779785  4087.000000  4099.770020  4099.770020   47200211
2022-12-13 09:55:00-05:00  4099.319824  4100.959961  4094.100098  4094.110107  4094.110107   42090477
2022-12-13 10:00:00-05:00  4094.260010  4096.089844  4082.000000  4083.500000  4083.500000   49649696
2022-12-13 10:05:00-05:00  4083.479980  4083.479980  4070.810059  4082.409912  4082.409912   48513611
2022-12-13 10:10:00-05:00  4082.419922  4082.550049  4076.739990  4078.310059  4078.310059   40066040
2022-12-13 10:15:00-05:00  4078.350098  4078.860107  4068.820068  4074.149902  4074.149902   36365237
2022-12-13 10:20:00-05:00  4074.219971  4074.379883  4057.550049  4058.429932  4058.429932   38583567
2022-12-13 10:25:00-05:00  4058.429932  4059.229980  4050.149902  4054.959961  4054.959961   54359016
2022-12-13 10:30:00-05:00  4055.229980  4061.580078  4048.409912  4061.580078  4061.580078   37564474
2022-12-13 10:35:00-05:00  4061.699951  4061.889893  4039.090088  4039.090088  4039.090088   36878714
2022-12-13 10:40:00-05:00  4038.959961  4049.669922  4038.959961  4049.189941  4049.189941   30425079
2022-12-13 10:45:00-05:00  4049.260010  4055.739990  4043.179932  4043.310059  4043.310059   30195599
2022-12-13 10:50:00-05:00  4043.219971  4049.750000  4041.139893  4045.709961  4045.709961   28956833
2022-12-13 10:55:00-05:00  4045.770020  4047.669922  4040.219971  4045.600098  4045.600098   29030354
2022-12-13 11:00:00-05:00  4047.770020  4051.439941  4043.679932  4047.510010  4047.510010   29740499
2022-12-13 11:05:00-05:00  4047.340088  4049.350098  4041.770020  4046.110107  4046.110107   26392111
2022-12-13 11:10:00-05:00  4046.250000  4055.719971  4045.649902  4055.719971  4055.719971   27652524
2022-12-13 11:15:00-05:00  4055.760010  4055.919922  4050.649902  4050.780029  4050.780029   27908862
2022-12-13 11:20:00-05:00  4050.860107  4052.260010  4043.729980  4043.790039  4043.790039   24647015
2022-12-13 11:25:00-05:00  4043.820068  4047.389893  4040.860107  4047.229980  4047.229980   26009356
2022-12-13 11:30:00-05:00  4047.350098  4058.469971  4047.350098  4057.699951  4057.699951   26629009
2022-12-13 11:35:00-05:00  4057.719971  4059.110107  4051.409912  4052.750000  4052.750000   22564065
2022-12-13 11:40:00-05:00  4052.639893  4052.679932  4046.919922  4048.189941  4048.189941   22527755
2022-12-13 11:45:00-05:00  4048.209961  4048.379883  4025.620117  4028.389893  4028.389893   32655842
2022-12-13 11:50:00-05:00  4028.100098  4028.870117  4019.800049  4024.100098  4024.100098   30642738
2022-12-13 11:55:00-05:00  4023.939941  4027.419922  4019.780029  4027.419922  4027.419922   25490716
2022-12-13 12:00:00-05:00  4027.500000  4030.520020  4025.750000  4028.800049  4028.800049   22019210
2022-12-13 12:05:00-05:00  4028.760010  4032.879883  4027.110107  4027.110107  4027.110107   20459230
2022-12-13 12:10:00-05:00  4027.070068  4027.070068  4014.040039  4017.330078  4017.330078   27956292
2022-12-13 12:15:00-05:00  4017.209961  4017.209961  4001.030029  4001.229980  4001.229980   25649414
2022-12-13 12:20:00-05:00  4001.090088  4011.530029  4000.860107  4005.219971  4005.219971   25465032
2022-12-13 12:25:00-05:00  4005.360107  4008.959961  4003.090088  4003.840088  4003.840088   21241364
2022-12-13 12:30:00-05:00  4003.739990  4004.080078  3995.689941  4000.280029  4000.280029   27086968
2022-12-13 12:35:00-05:00  4000.060059  4008.340088  3998.260010  4008.110107  4008.110107   20804666
2022-12-13 12:40:00-05:00  4008.120117  4008.790039  4000.810059  4006.139893  4006.139893   21467325
2022-12-13 12:45:00-05:00  4006.189941  4008.780029  3993.649902  3994.000000  3994.000000   26417810
2022-12-13 12:50:00-05:00  3993.810059  3999.500000  3993.030029  3996.260010  3996.260010   21741455
2022-12-13 12:55:00-05:00  3996.239990  4002.000000  3995.300049  4001.120117  4001.120117   20021587
2022-12-13 13:00:00-05:00  4001.100098  4006.010010  4000.689941  4003.830078  4003.830078   24952548
2022-12-13 13:05:00-05:00  4003.850098  4006.169922  3999.459961  4001.080078  4001.080078   18099592
2022-12-13 13:10:00-05:00  4000.939941  4008.350098  4000.770020  4008.149902  4008.149902   19610585
2022-12-13 13:15:00-05:00  4008.129883  4017.689941  4007.530029  4016.340088  4016.340088   21976621
2022-12-13 13:20:00-05:00  4016.290039  4020.739990  4014.070068  4020.540039  4020.540039   20444469
2022-12-13 13:25:00-05:00  4020.510010  4021.209961  4017.120117  4019.449951  4019.449951   19006308
2022-12-13 13:30:00-05:00  4019.449951  4024.389893  4017.760010  4017.760010  4017.760010   21925053
2022-12-13 13:35:00-05:00  4017.510010  4020.189941  4015.469971  4018.570068  4018.570068   19427328
2022-12-13 13:40:00-05:00  4018.550049  4021.689941  4015.000000  4021.280029  4021.280029   18505209
2022-12-13 13:45:00-05:00  4021.280029  4021.830078  4013.610107  4014.979980  4014.979980   18205610
2022-12-13 13:50:00-05:00  4014.979980  4017.459961  4008.189941  4008.580078  4008.580078   20240622
2022-12-13 13:55:00-05:00  4008.639893  4018.129883  4008.409912  4017.520020  4017.520020   17623378
2022-12-13 14:00:00-05:00  4017.530029  4021.389893  4015.419922  4021.139893  4021.139893   20874439
2022-12-13 14:05:00-05:00  4020.969971  4021.350098  4013.389893  4014.110107  4014.110107   19711440
2022-12-13 14:10:00-05:00  4013.929932  4017.260010  4011.679932  4015.459961  4015.459961   17668321
2022-12-13 14:15:00-05:00  4015.469971  4017.629883  4013.399902  4014.370117  4014.370117   17757189
2022-12-13 14:20:00-05:00  4014.419922  4015.280029  4010.969971  4015.179932  4015.179932   15878647
2022-12-13 14:25:00-05:00  4015.199951  4018.139893  4014.939941  4018.030029  4018.030029   18330487
2022-12-13 14:30:00-05:00  4018.000000  4019.080078  4014.500000  4017.709961  4017.709961   16396205
2022-12-13 14:35:00-05:00  4017.739990  4023.399902  4017.179932  4023.139893  4023.139893   19174500
2022-12-13 14:40:00-05:00  4023.120117  4032.689941  4022.120117  4031.899902  4031.899902   21871161
2022-12-13 14:45:00-05:00  4032.090088  4032.639893  4028.939941  4028.939941  4028.939941   18753137
2022-12-13 14:50:00-05:00  4028.850098  4028.850098  4015.659912  4015.659912  4015.659912   24823703
2022-12-13 14:55:00-05:00  4015.580078  4017.560059  4013.330078  4017.129883  4017.129883   21420998
2022-12-13 15:00:00-05:00  4017.100098  4017.100098  4001.909912  4002.129883  4002.129883   27051432
2022-12-13 15:05:00-05:00  4002.419922  4007.350098  4000.889893  4006.560059  4006.560059   23410936
2022-12-13 15:10:00-05:00  4006.600098  4006.719971  4002.820068  4004.409912  4004.409912   19668983
2022-12-13 15:15:00-05:00  4004.429932  4015.939941  4003.459961  4014.389893  4014.389893   26208641
2022-12-13 15:20:00-05:00  4014.149902  4017.530029  4011.459961  4017.370117  4017.370117   26561629
2022-12-13 15:25:00-05:00  4017.340088  4018.790039  4013.449951  4018.179932  4018.179932   26602276
2022-12-13 15:30:00-05:00  4018.179932  4027.929932  4018.179932  4026.229980  4026.229980   35692278
2022-12-13 15:35:00-05:00  4026.229980  4026.790039  4015.389893  4016.800049  4016.800049   34081517
2022-12-13 15:40:00-05:00  4016.860107  4022.540039  4014.800049  4022.030029  4022.030029   39956790
2022-12-13 15:45:00-05:00  4021.889893  4027.659912  4020.739990  4020.739990  4020.739990   60417340
2022-12-13 15:50:00-05:00  4020.729980  4031.229980  4020.729980  4029.080078  4029.080078   82995333
2022-12-13 15:55:00-05:00  4028.949951  4028.949951  4018.239990  4019.510010  4019.510010  134435895
2022-12-14 09:30:00-05:00  4015.540039  4028.760010  4015.540039  4028.760010  4028.760010   57500180
2022-12-14 09:35:00-05:00  4028.820068  4032.800049  4025.709961  4030.340088  4030.340088   31967190
2022-12-14 09:40:00-05:00  4030.179932  4030.850098  4027.149902  4028.590088  4028.590088   30186470
2022-12-14 09:45:00-05:00  4028.510010  4031.040039  4025.729980  4029.810059  4029.810059   32202707
2022-12-14 09:50:00-05:00  4029.870117  4038.010010  4029.870117  4037.310059  4037.310059   30274403
2022-12-14 09:55:00-05:00  4037.310059  4039.500000  4035.179932  4038.100098  4038.100098   27178813
2022-12-14 10:00:00-05:00  4039.530029  4040.290039  4035.239990  4039.810059  4039.810059   29966183
2022-12-14 10:05:00-05:00  4039.790039  4041.959961  4038.239990  4040.100098  4040.100098   23246930
2022-12-14 10:10:00-05:00  4040.129883  4042.959961  4039.989990  4042.330078  4042.330078   23711794
2022-12-14 10:15:00-05:00  4042.290039  4043.719971  4040.689941  4043.560059  4043.560059   25586357
2022-12-14 10:20:00-05:00  4043.550049  4043.729980  4038.729980  4039.080078  4039.080078   23253338
2022-12-14 10:25:00-05:00  4039.120117  4043.020020  4039.120117  4041.469971  4041.469971   21961275
2022-12-14 10:30:00-05:00  4041.459961  4041.459961  4036.250000  4039.209961  4039.209961   26316602
2022-12-14 10:35:00-05:00  4039.250000  4040.000000  4036.350098  4037.580078  4037.580078   22831031
2022-12-14 10:40:00-05:00  4037.659912  4044.419922  4037.239990  4042.840088  4042.840088   22657765
2022-12-14 10:45:00-05:00  4042.810059  4044.060059  4041.879883  4043.550049  4043.550049   20261450
2022-12-14 10:50:00-05:00  4043.560059  4044.959961  4040.870117  4042.510010  4042.510010   20050652
2022-12-14 10:55:00-05:00  4042.489990  4042.909912  4040.070068  4042.340088  4042.340088   22657007
2022-12-14 11:00:00-05:00  4042.760010  4049.209961  4042.760010  4048.639893  4048.639893          0
2022-12-14 11:05:00-05:00  4046.899902  4047.020020  4041.820068  4042.419922  4042.419922  550246250
2022-12-14 11:10:00-05:00  4042.050049  4044.629883  4041.350098  4044.560059  4044.560059   18716450
2022-12-14 11:15:00-05:00  4044.590088  4044.889893  4042.169922  4044.870117  4044.870117   18699205
2022-12-14 11:20:00-05:00  4044.919922  4046.649902  4043.070068  4045.810059  4045.810059   20595630
2022-12-14 11:25:00-05:00  4045.840088  4049.280029  4044.570068  4048.909912  4048.909912   34910366
2022-12-14 11:30:00-05:00  4048.929932  4049.310059  4047.489990  4047.719971  4047.719971   19045756
2022-12-14 11:35:00-05:00  4047.689941  4049.350098  4046.600098  4048.590088  4048.590088   17683742
2022-12-14 11:40:00-05:00  4048.870117  4050.379883  4048.280029  4048.500000  4048.500000   18313870
2022-12-14 11:45:00-05:00  4048.479980  4048.530029  4045.280029  4045.370117  4045.370117   18529394
2022-12-14 11:50:00-05:00  4045.439941  4046.020020  4042.010010  4042.949951  4042.949951   16947675
2022-12-14 11:55:00-05:00  4042.959961  4043.810059  4041.780029  4042.239990  4042.239990   15432381
2022-12-14 12:00:00-05:00  4042.239990  4042.239990  4040.330078  4040.790039  4040.790039   15410128
2022-12-14 12:05:00-05:00  4040.800049  4042.790039  4040.370117  4042.610107  4042.610107   15064258
2022-12-14 12:10:00-05:00  4042.570068  4042.679932  4039.250000  4040.510010  4040.510010   15623871
2022-12-14 12:15:00-05:00  4040.530029  4041.239990  4038.370117  4040.679932  4040.679932   16293000
2022-12-14 12:20:00-05:00  4040.659912  4041.669922  4039.070068  4040.379883  4040.379883   15112652
2022-12-14 12:25:00-05:00  4040.389893  4041.320068  4036.699951  4038.399902  4038.399902   15409100
2022-12-14 12:30:00-05:00  4038.340088  4039.760010  4037.020020  4037.600098  4037.600098   13313805
2022-12-14 12:35:00-05:00  4037.639893  4040.699951  4036.370117  4040.459961  4040.459961   14146264
2022-12-14 12:40:00-05:00  4040.550049  4041.250000  4038.830078  4040.429932  4040.429932   12623096
2022-12-14 12:45:00-05:00  4040.489990  4040.489990  4038.689941  4039.340088  4039.340088   12320600
2022-12-14 12:50:00-05:00  4039.280029  4039.280029  4036.600098  4037.030029  4037.030029   14259943
2022-12-14 12:55:00-05:00  4037.020020  4038.219971  4036.050049  4036.050049  4036.050049   13534292
2022-12-14 13:00:00-05:00  4036.010010  4040.659912  4035.530029  4040.520020  4040.520020   13990480
2022-12-14 13:05:00-05:00  4040.550049  4042.469971  4040.550049  4041.949951  4041.949951   13688839
2022-12-14 13:10:00-05:00  4041.979980  4043.600098  4040.020020  4040.020020  4040.020020   14642074
2022-12-14 13:15:00-05:00  4040.050049  4040.750000  4037.030029  4038.250000  4038.250000   15558563
2022-12-14 13:20:00-05:00  4038.239990  4041.729980  4038.239990  4040.250000  4040.250000   14685959
2022-12-14 13:25:00-05:00  4040.169922  4042.209961  4039.280029  4041.340088  4041.340088   13411891
2022-12-14 13:30:00-05:00  4041.340088  4045.899902  4041.229980  4045.239990  4045.239990   16699530
2022-12-14 13:35:00-05:00  4045.219971  4052.340088  4045.110107  4052.250000  4052.250000   23134366
2022-12-14 13:40:00-05:00  4052.280029  4053.050049  4049.840088  4051.709961  4051.709961   19062164
2022-12-14 13:45:00-05:00  4051.729980  4051.939941  4048.530029  4048.530029  4048.530029   14323491
2022-12-14 13:50:00-05:00  4048.610107  4049.479980  4046.129883  4049.260010  4049.260010   15727586
2022-12-14 13:55:00-05:00  4049.260010  4053.760010  4048.820068  4048.899902  4048.899902   19364221
2022-12-14 14:00:00-05:00  4048.739990  4048.750000  3998.889893  4013.520020  4013.520020   63797867
2022-12-14 14:05:00-05:00  4012.959961  4012.959961  3989.189941  3994.510010  3994.510010   35310079
2022-12-14 14:10:00-05:00  3994.790039  4010.080078  3990.449951  4003.770020  4003.770020   36181080
2022-12-14 14:15:00-05:00  4004.330078  4007.350098  3999.479980  4005.209961  4005.209961   27831316
2022-12-14 14:20:00-05:00  4005.070068  4006.500000  3998.070068  4000.790039  4000.790039   23451697
2022-12-14 14:25:00-05:00  4000.850098  4007.780029  3999.570068  4002.939941  4002.939941   25642597
2022-12-14 14:30:00-05:00  4002.810059  4004.389893  3965.760010  3967.429932  3967.429932   46865812
2022-12-14 14:35:00-05:00  3965.989990  3981.739990  3965.649902  3979.699951  3979.699951   42063550
2022-12-14 14:40:00-05:00  3979.459961  4000.729980  3972.360107  3992.760010  3992.760010   48718532
2022-12-14 14:45:00-05:00  3993.000000  3993.580078  3972.340088  3986.989990  3986.989990   36860279
2022-12-14 14:50:00-05:00  3986.580078  3990.889893  3975.770020  3985.469971  3985.469971   31121514
2022-12-14 14:55:00-05:00  3985.219971  3991.580078  3980.959961  3989.729980  3989.729980   26614781
2022-12-14 15:00:00-05:00  3989.600098  4011.100098  3985.570068  4009.860107  4009.860107   36211411
2022-12-14 15:05:00-05:00  4010.379883  4010.379883  3999.580078  4006.439941  4006.439941   27624270
2022-12-14 15:10:00-05:00  4006.479980  4034.870117  4006.479980  4025.469971  4025.469971   46530807
2022-12-14 15:15:00-05:00  4026.090088  4027.060059  4006.300049  4014.919922  4014.919922   33867802
2022-12-14 15:20:00-05:00  4014.889893  4017.340088  4009.550049  4011.409912  4011.409912   30535260
2022-12-14 15:25:00-05:00  4011.320068  4012.590088  3988.520020  3988.520020  3988.520020   34661859
2022-12-14 15:30:00-05:00  3988.489990  3988.840088  3978.560059  3984.479980  3984.479980   43091897
2022-12-14 15:35:00-05:00  3984.300049  3990.929932  3978.780029  3987.739990  3987.739990   37608002
2022-12-14 15:40:00-05:00  3987.639893  3996.610107  3986.050049  3996.600098  3996.600098   39916260
2022-12-14 15:45:00-05:00  3996.840088  3998.399902  3988.969971  3995.189941  3995.189941   49959942
2022-12-14 15:50:00-05:00  3995.899902  4009.399902  3995.899902  4004.129883  4004.129883   74704482
2022-12-14 15:55:00-05:00  4004.030029  4004.030029  3995.040039  3995.040039  3995.040039  119430158
2022-12-15 09:30:00-05:00  3958.370117  3958.370117  3935.340088  3937.669922  3937.669922   73893018
2022-12-15 09:35:00-05:00  3937.879883  3940.120117  3932.419922  3939.780029  3939.780029   41819521
2022-12-15 09:40:00-05:00  3939.949951  3939.949951  3933.020020  3936.939941  3936.939941   38153644
2022-12-15 09:45:00-05:00  3937.560059  3939.070068  3928.040039  3928.449951  3928.449951   35429709
2022-12-15 09:50:00-05:00  3928.479980  3932.600098  3926.050049  3926.719971  3926.719971   38427525
2022-12-15 09:55:00-05:00  3926.770020  3927.899902  3912.739990  3915.870117  3915.870117   38765571
2022-12-15 10:00:00-05:00  3915.840088  3915.840088  3904.030029  3904.030029  3904.030029   36486265
2022-12-15 10:05:00-05:00  3904.030029  3910.300049  3903.679932  3910.250000  3910.250000   31903502
2022-12-15 10:10:00-05:00  3910.179932  3912.300049  3908.919922  3910.500000  3910.500000   32949045
2022-12-15 10:15:00-05:00  3910.479980  3917.239990  3906.840088  3917.100098  3917.100098   31046528
2022-12-15 10:20:00-05:00  3917.040039  3917.219971  3910.570068  3912.610107  3912.610107   28186064
2022-12-15 10:25:00-05:00  3912.629883  3913.500000  3910.429932  3911.560059  3911.560059   24700719
2022-12-15 10:30:00-05:00  3911.520020  3913.070068  3904.840088  3911.419922  3911.419922   31784326
2022-12-15 10:35:00-05:00  3911.300049  3918.570068  3911.300049  3918.159912  3918.159912   26549782
2022-12-15 10:40:00-05:00  3918.149902  3919.270020  3915.770020  3918.389893  3918.389893   24948106
2022-12-15 10:45:00-05:00  3918.379883  3919.010010  3910.840088  3910.840088  3910.840088   25726537
2022-12-15 10:50:00-05:00  3910.719971  3911.760010  3907.330078  3908.409912  3908.409912   23434840
2022-12-15 10:55:00-05:00  3908.449951  3908.949951  3903.030029  3906.649902  3906.649902   26059939
2022-12-15 11:00:00-05:00  3906.659912  3910.620117  3906.659912  3909.020020  3909.020020   23559727
2022-12-15 11:05:00-05:00  3908.959961  3908.959961  3901.030029  3902.560059  3902.560059   23556109
2022-12-15 11:10:00-05:00  3902.739990  3903.580078  3896.060059  3897.020020  3897.020020   25019808
2022-12-15 11:15:00-05:00  3896.879883  3900.840088  3892.439941  3900.540039  3900.540039   29208892
2022-12-15 11:20:00-05:00  3900.500000  3902.139893  3897.330078  3897.419922  3897.419922   21718190
2022-12-15 11:25:00-05:00  3897.600098  3898.959961  3896.020020  3897.550049  3897.550049   23680063
2022-12-15 11:30:00-05:00  3897.709961  3898.459961  3893.780029  3898.040039  3898.040039   26014947
2022-12-15 11:35:00-05:00  3898.110107  3900.580078  3895.909912  3898.500000  3898.500000   24510891
2022-12-15 11:40:00-05:00  3898.489990  3898.530029  3891.439941  3892.770020  3892.770020   22719020
2022-12-15 11:45:00-05:00  3892.790039  3896.179932  3889.469971  3889.580078  3889.580078   22389395
2022-12-15 11:50:00-05:00  3889.429932  3893.040039  3887.929932  3893.040039  3893.040039   21956083
2022-12-15 11:55:00-05:00  3893.060059  3894.330078  3891.320068  3892.600098  3892.600098   20002589
2022-12-15 12:00:00-05:00  3892.610107  3898.139893  3892.610107  3894.189941  3894.189941   21035208
2022-12-15 12:05:00-05:00  3894.409912  3897.070068  3894.370117  3896.010010  3896.010010   20241634
2022-12-15 12:10:00-05:00  3896.020020  3897.060059  3892.469971  3896.790039  3896.790039   18612232
2022-12-15 12:15:00-05:00  3896.810059  3900.510010  3895.699951  3899.780029  3899.780029   17823353
2022-12-15 12:20:00-05:00  3899.689941  3899.689941  3893.250000  3893.620117  3893.620117   19054642
2022-12-15 12:25:00-05:00  3893.590088  3897.570068  3893.590088  3897.350098  3897.350098   17141088
2022-12-15 12:30:00-05:00  3897.379883  3902.310059  3897.239990  3901.989990  3901.989990   20273968
2022-12-15 12:35:00-05:00  3901.969971  3903.409912  3896.429932  3897.729980  3897.729980   17714069
2022-12-15 12:40:00-05:00  3897.600098  3898.229980  3893.489990  3893.489990  3893.489990   16328899
2022-12-15 12:45:00-05:00  3893.370117  3894.659912  3891.179932  3893.100098  3893.100098   18906645
2022-12-15 12:50:00-05:00  3893.169922  3895.260010  3892.350098  3892.639893  3892.639893   16622986
2022-12-15 12:55:00-05:00  3892.629883  3892.649902  3886.629883  3888.590088  3888.590088   21567506
2022-12-15 13:00:00-05:00  3888.620117  3889.439941  3885.209961  3886.030029  3886.030029   17314622
2022-12-15 13:05:00-05:00  3886.100098  3886.229980  3879.449951  3881.830078  3881.830078   19727931
2022-12-15 13:10:00-05:00  3881.820068  3884.879883  3881.229980  3882.459961  3882.459961   18865055
2022-12-15 13:15:00-05:00  3882.469971  3884.929932  3881.399902  3881.399902  3881.399902   18775165
2022-12-15 13:20:00-05:00  3881.290039  3883.419922  3880.330078  3881.179932  3881.179932   15991140
2022-12-15 13:25:00-05:00  3881.129883  3884.060059  3880.770020  3883.879883  3883.879883   14482735
2022-12-15 13:30:00-05:00  3883.860107  3883.909912  3880.770020  3883.169922  3883.169922   17697375
2022-12-15 13:35:00-05:00  3883.189941  3888.040039  3881.800049  3886.840088  3886.840088   17294637
2022-12-15 13:40:00-05:00  3886.790039  3887.840088  3882.370117  3882.949951  3882.949951   17335549
2022-12-15 13:45:00-05:00  3882.989990  3884.629883  3882.610107  3882.610107  3882.610107   14880390
2022-12-15 13:50:00-05:00  3882.520020  3883.570068  3880.199951  3881.949951  3881.949951   19972183
2022-12-15 13:55:00-05:00  3881.979980  3887.159912  3881.959961  3887.159912  3887.159912   19107457
2022-12-15 14:00:00-05:00  3887.199951  3889.080078  3885.850098  3886.370117  3886.370117   17787879
2022-12-15 14:05:00-05:00  3886.280029  3886.280029  3882.070068  3882.070068  3882.070068   17636608
2022-12-15 14:10:00-05:00  3881.979980  3884.169922  3881.620117  3883.330078  3883.330078   16562774
2022-12-15 14:15:00-05:00  3883.330078  3885.860107  3882.090088  3884.790039  3884.790039   17099742
2022-12-15 14:20:00-05:00  3884.800049  3885.929932  3883.489990  3883.909912  3883.909912   18662176
2022-12-15 14:25:00-05:00  3883.879883  3884.870117  3881.709961  3884.020020  3884.020020   19304788
2022-12-15 14:30:00-05:00  3883.820068  3890.320068  3883.709961  3890.020020  3890.020020   20385882
2022-12-15 14:35:00-05:00  3890.040039  3896.219971  3887.159912  3894.840088  3894.840088   24974316
2022-12-15 14:40:00-05:00  3894.760010  3898.879883  3894.320068  3898.870117  3898.870117   20243523
2022-12-15 14:45:00-05:00  3898.949951  3899.139893  3892.100098  3893.870117  3893.870117   21499561
2022-12-15 14:50:00-05:00  3893.669922  3897.689941  3890.850098  3897.580078  3897.580078   24684377
2022-12-15 14:55:00-05:00  3897.580078  3901.899902  3896.219971  3901.709961  3901.709961   23980454
2022-12-15 15:00:00-05:00  3901.679932  3906.209961  3901.560059  3904.129883  3904.129883   28550024
2022-12-15 15:05:00-05:00  3904.100098  3907.699951  3902.330078  3907.399902  3907.399902   22551848
2022-12-15 15:10:00-05:00  3907.399902  3907.699951  3898.030029  3898.370117  3898.370117   27678567
2022-12-15 15:15:00-05:00  3898.409912  3900.550049  3895.919922  3895.919922  3895.919922   32060246
2022-12-15 15:20:00-05:00  3895.989990  3900.159912  3894.350098  3898.530029  3898.530029   25727625
2022-12-15 15:25:00-05:00  3898.500000  3906.479980  3897.270020  3905.870117  3905.870117   30564906
2022-12-15 15:30:00-05:00  3905.899902  3908.179932  3903.540039  3907.810059  3907.810059   33798060
2022-12-15 15:35:00-05:00  3907.770020  3907.770020  3897.270020  3899.139893  3899.139893   35697909
2022-12-15 15:40:00-05:00  3899.209961  3900.179932  3890.840088  3890.840088  3890.840088   41071657
2022-12-15 15:45:00-05:00  3890.770020  3893.139893  3889.820068  3890.750000  3890.750000   53173649
2022-12-15 15:50:00-05:00  3890.820068  3894.919922  3890.729980  3894.239990  3894.239990   78973766
2022-12-15 15:55:00-05:00  3894.260010  3897.449951  3890.550049  3897.449951  3897.449951  138946598
2022-12-16 09:30:00-05:00  3890.909912  3890.909912  3869.600098  3873.370117  3873.370117  339072734
2022-12-16 09:35:00-05:00  3873.340088  3875.290039  3865.310059  3866.409912  3866.409912   39811636
2022-12-16 09:40:00-05:00  3866.429932  3874.489990  3863.739990  3870.100098  3870.100098   36642228
2022-12-16 09:45:00-05:00  3870.739990  3880.310059  3868.360107  3880.310059  3880.310059   37291331
2022-12-16 09:50:00-05:00  3880.810059  3881.739990  3876.739990  3879.159912  3879.159912   30289121
2022-12-16 09:55:00-05:00  3879.399902  3880.209961  3875.629883  3876.129883  3876.129883   26199797
2022-12-16 10:00:00-05:00  3876.149902  3876.149902  3863.580078  3864.169922  3864.169922   32001579
2022-12-16 10:05:00-05:00  3863.760010  3865.840088  3854.669922  3854.669922  3854.669922   33555038
2022-12-16 10:10:00-05:00  3854.560059  3855.790039  3849.129883  3849.520020  3849.520020   34827588
2022-12-16 10:15:00-05:00  3849.449951  3854.100098  3846.919922  3853.729980  3853.729980   30803942
2022-12-16 10:20:00-05:00  3853.739990  3854.350098  3847.439941  3847.439941  3847.439941   27691821
2022-12-16 10:25:00-05:00  3847.330078  3850.659912  3844.449951  3844.459961  3844.459961   30265961
2022-12-16 10:30:00-05:00  3844.189941  3848.080078  3838.520020  3839.000000  3839.000000   31096976
2022-12-16 10:35:00-05:00  3838.989990  3843.889893  3836.290039  3843.530029  3843.530029   30639892
2022-12-16 10:40:00-05:00  3843.290039  3848.760010  3841.340088  3848.000000  3848.000000   26893731
2022-12-16 10:45:00-05:00  3847.959961  3848.459961  3843.120117  3843.590088  3843.590088   25517803
2022-12-16 10:50:00-05:00  3843.510010  3845.709961  3842.169922  3845.560059  3845.560059   21738599
2022-12-16 10:55:00-05:00  3845.530029  3847.550049  3844.229980  3847.479980  3847.479980   25804666
2022-12-16 11:00:00-05:00  3847.590088  3848.870117  3844.290039  3845.330078  3845.330078   23376943
2022-12-16 11:05:00-05:00  3845.360107  3847.669922  3842.169922  3842.290039  3842.290039   24812524
2022-12-16 11:10:00-05:00  3842.280029  3850.000000  3837.090088  3850.000000  3850.000000   28704604
2022-12-16 11:15:00-05:00  3849.959961  3851.449951  3846.689941  3847.610107  3847.610107   24411003
2022-12-16 11:20:00-05:00  3847.580078  3848.510010  3840.639893  3841.010010  3841.010010   23812214
2022-12-16 11:25:00-05:00  3840.929932  3844.820068  3840.530029  3841.729980  3841.729980   24636137
2022-12-16 11:30:00-05:00  3841.709961  3847.500000  3841.709961  3845.500000  3845.500000   27059760
2022-12-16 11:35:00-05:00  3845.500000  3847.500000  3844.199951  3846.070068  3846.070068   22616805
2022-12-16 11:40:00-05:00  3846.090088  3846.370117  3839.199951  3841.409912  3841.409912   22704851
2022-12-16 11:45:00-05:00  3841.370117  3842.449951  3834.120117  3834.580078  3834.580078   26311438
2022-12-16 11:50:00-05:00  3834.520020  3837.790039  3834.520020  3836.669922  3836.669922   20894079
2022-12-16 11:55:00-05:00  3836.729980  3836.729980  3831.500000  3832.879883  3832.879883   20803346
2022-12-16 12:00:00-05:00  3832.860107  3836.159912  3832.530029  3836.159912  3836.159912   21852089
2022-12-16 12:05:00-05:00  3836.090088  3836.090088  3833.110107  3833.169922  3833.169922   18245722
2022-12-16 12:10:00-05:00  3833.179932  3836.280029  3832.540039  3833.570068  3833.570068   19279299
2022-12-16 12:15:00-05:00  3833.600098  3838.469971  3832.260010  3838.469971  3838.469971   18970900
2022-12-16 12:20:00-05:00  3838.399902  3838.790039  3834.250000  3837.120117  3837.120117   20211734
2022-12-16 12:25:00-05:00  3837.010010  3838.280029  3835.639893  3838.270020  3838.270020   16113854
2022-12-16 12:30:00-05:00  3838.290039  3839.270020  3836.800049  3839.199951  3839.199951   18024354
2022-12-16 12:35:00-05:00  3839.139893  3845.169922  3838.409912  3842.550049  3842.550049   18710401
2022-12-16 12:40:00-05:00  3842.530029  3842.530029  3834.520020  3834.570068  3834.570068   20836207
2022-12-16 12:45:00-05:00  3834.590088  3836.100098  3833.320068  3835.179932  3835.179932   16921980
2022-12-16 12:50:00-05:00  3835.179932  3835.189941  3830.229980  3830.330078  3830.330078   20781687
2022-12-16 12:55:00-05:00  3830.330078  3830.790039  3827.909912  3828.760010  3828.760010   16950456
2022-12-16 13:00:00-05:00  3828.770020  3831.250000  3828.379883  3829.459961  3829.459961   17543099
2022-12-16 13:05:00-05:00  3829.459961  3831.810059  3828.129883  3831.409912  3831.409912   17871384
2022-12-16 13:10:00-05:00  3831.389893  3832.889893  3830.169922  3830.770020  3830.770020   18081067
2022-12-16 13:15:00-05:00  3830.850098  3834.870117  3830.790039  3831.389893  3831.389893   20401033
2022-12-16 13:20:00-05:00  3831.360107  3831.520020  3830.010010  3830.610107  3830.610107   17009309
2022-12-16 13:25:00-05:00  3830.610107  3830.629883  3829.260010  3829.310059  3829.310059   16388046
2022-12-16 13:30:00-05:00  3829.100098  3835.010010  3828.209961  3834.399902  3834.399902   18238192
2022-12-16 13:35:00-05:00  3834.280029  3835.560059  3831.979980  3831.979980  3831.979980   18050706
2022-12-16 13:40:00-05:00  3831.850098  3833.709961  3831.040039  3833.219971  3833.219971   17102721
2022-12-16 13:45:00-05:00  3833.189941  3837.100098  3833.159912  3836.590088  3836.590088   15730482
2022-12-16 13:50:00-05:00  3836.600098  3836.689941  3833.209961  3834.110107  3834.110107   15611469
2022-12-16 13:55:00-05:00  3834.149902  3835.510010  3831.929932  3834.159912  3834.159912   17538309
2022-12-16 14:00:00-05:00  3834.159912  3836.199951  3833.010010  3834.969971  3834.969971   18616119
2022-12-16 14:05:00-05:00  3834.810059  3838.080078  3833.840088  3837.580078  3837.580078   18701869
2022-12-16 14:10:00-05:00  3837.590088  3842.760010  3837.520020  3842.760010  3842.760010   21836218
2022-12-16 14:15:00-05:00  3842.729980  3844.179932  3840.629883  3841.010010  3841.010010   19416043
2022-12-16 14:20:00-05:00  3840.989990  3841.320068  3835.320068  3836.820068  3836.820068   19824232
2022-12-16 14:25:00-05:00  3836.729980  3837.139893  3834.820068  3834.830078  3834.830078   21595098
2022-12-16 14:30:00-05:00  3834.760010  3834.889893  3829.590088  3830.030029  3830.030029   21620983
2022-12-16 14:35:00-05:00  3830.030029  3833.800049  3830.030029  3832.899902  3832.899902   18863511
2022-12-16 14:40:00-05:00  3832.840088  3834.449951  3832.520020  3833.270020  3833.270020   18200425
2022-12-16 14:45:00-05:00  3833.239990  3835.530029  3831.610107  3835.530029  3835.530029   17983473
2022-12-16 14:50:00-05:00  3835.610107  3841.909912  3835.610107  3841.659912  3841.659912   21163960
2022-12-16 14:55:00-05:00  3841.689941  3849.050049  3840.770020  3846.590088  3846.590088   27765556
2022-12-16 15:00:00-05:00  3846.580078  3849.570068  3845.699951  3845.820068  3845.820068   26156789
2022-12-16 15:05:00-05:00  3845.770020  3845.770020  3841.100098  3841.909912  3841.909912   22613243
2022-12-16 15:10:00-05:00  3841.959961  3853.129883  3841.320068  3852.919922  3852.919922   29804280
2022-12-16 15:15:00-05:00  3852.909912  3858.689941  3852.909912  3853.239990  3853.239990   31128568
2022-12-16 15:20:00-05:00  3853.149902  3857.159912  3851.909912  3856.679932  3856.679932   28480537
2022-12-16 15:25:00-05:00  3856.629883  3858.689941  3854.090088  3857.790039  3857.790039   32706004
2022-12-16 15:30:00-05:00  3857.800049  3865.179932  3857.800049  3862.820068  3862.820068   41564383
2022-12-16 15:35:00-05:00  3862.729980  3865.350098  3859.600098  3862.820068  3862.820068   40267808
2022-12-16 15:40:00-05:00  3862.760010  3866.070068  3860.800049  3860.800049  3860.800049   50574310
2022-12-16 15:45:00-05:00  3860.629883  3864.649902  3858.830078  3859.969971  3859.969971   64208266
2022-12-16 15:50:00-05:00  3859.800049  3861.639893  3851.500000  3858.010010  3858.010010  128855343
2022-12-16 15:55:00-05:00  3858.070068  3861.969971  3851.020020  3851.020020  3851.020020  161341396
2022-12-16 16:00:00-05:00  3852.360107  3852.360107  3852.360107  3852.360107  3852.360107          0