                                  Open         High          Low        Close    Adj Close      Volume
Datetime                                                                                              
2022-10-07 10:50:00-04:00  3679.510010  3679.770020  3672.689941  3678.550049  3678.550049           0
2022-10-07 10:55:00-04:00  3678.479980  3680.810059  3674.600098  3675.590088  3675.590088    25874964
2022-10-07 11:00:00-04:00  3675.530029  3681.659912  3675.399902  3680.189941  3680.189941    26307431
2022-10-07 11:05:00-04:00  3680.149902  3680.149902  3672.770020  3673.479980  3673.479980    24688896
2022-10-07 11:10:00-04:00  3673.090088  3675.939941  3670.689941  3672.889893  3672.889893    25130728
2022-10-07 11:15:00-04:00  3672.879883  3674.090088  3665.330078  3665.330078  3665.330078    24984070
2022-10-07 11:20:00-04:00  3665.300049  3667.689941  3662.739990  3666.419922  3666.419922    25605434
2022-10-07 11:25:00-04:00  3666.540039  3669.879883  3665.330078  3669.429932  3669.429932    25552283
2022-10-07 11:30:00-04:00  3669.479980  3671.979980  3665.260010  3666.360107  3666.360107    24869707
2022-10-07 11:35:00-04:00  3666.020020  3670.290039  3665.719971  3667.760010  3667.760010    21257300
2022-10-07 11:40:00-04:00  3667.530029  3669.229980  3661.879883  3664.479980  3664.479980    24933449
2022-10-07 11:45:00-04:00  3664.439941  3665.639893  3661.060059  3661.060059  3661.060059    21470376
2022-10-07 11:50:00-04:00  3661.050049  3665.610107  3660.330078  3661.320068  3661.320068    22437252
2022-10-07 11:55:00-04:00  3661.320068  3665.500000  3661.030029  3664.120117  3664.120117    19583486
2022-10-07 12:00:00-04:00  3664.149902  3665.260010  3661.250000  3664.709961  3664.709961    21163664
2022-10-07 12:05:00-04:00  3664.689941  3667.139893  3663.449951  3666.020020  3666.020020    21430758
2022-10-07 12:10:00-04:00  3666.090088  3669.030029  3663.909912  3663.979980  3663.979980    19629489
2022-10-07 12:15:00-04:00  3663.969971  3665.010010  3662.679932  3662.739990  3662.739990    20111524
2022-10-07 12:20:00-04:00  3662.790039  3663.179932  3654.600098  3654.850098  3654.850098    25675328
2022-10-07 12:25:00-04:00  3654.610107  3656.600098  3653.620117  3654.139893  3654.139893    20179010
2022-10-07 12:30:00-04:00  3654.389893  3654.389893  3650.989990  3651.909912  3651.909912    25099006
2022-10-07 12:35:00-04:00  3651.889893  3653.409912  3651.060059  3653.139893  3653.139893    19827073
2022-10-07 12:40:00-04:00  3653.139893  3653.449951  3648.919922  3649.280029  3649.280029    19346616
2022-10-07 12:45:00-04:00  3649.350098  3649.679932  3646.600098  3647.260010  3647.260010    19247591
2022-10-07 12:50:00-04:00  3647.270020  3649.219971  3646.010010  3647.300049  3647.300049    21241155
2022-10-07 12:55:00-04:00  3647.300049  3649.800049  3647.300049  3649.330078  3649.330078    18763376
2022-10-07 13:00:00-04:00  3649.290039  3649.290039  3643.540039  3645.159912  3645.159912    20830860
2022-10-07 13:05:00-04:00  3645.159912  3646.760010  3642.510010  3642.810059  3642.810059    18868450
2022-10-07 13:10:00-04:00  3642.760010  3648.530029  3642.760010  3648.520020  3648.520020    20370878
2022-10-07 13:15:00-04:00  3648.689941  3652.879883  3648.139893  3652.370117  3652.370117    18967524
2022-10-07 13:20:00-04:00  3652.310059  3652.360107  3648.800049  3649.030029  3649.030029    17908190
2022-10-07 13:25:00-04:00  3648.899902  3652.510010  3648.760010  3649.979980  3649.979980    16588445
2022-10-07 13:30:00-04:00  3648.209961  3649.439941  3646.649902  3647.760010  3647.760010    20455433
2022-10-07 13:35:00-04:00  3648.229980  3649.050049  3647.669922  3648.370117  3648.370117    20288789
2022-10-07 13:40:00-04:00  3648.419922  3654.169922  3648.399902  3652.320068  3652.320068    20127391
2022-10-07 13:45:00-04:00  3652.219971  3653.120117  3648.679932  3648.959961  3648.959961    18638781
2022-10-07 13:50:00-04:00  3648.919922  3650.969971  3646.679932  3647.209961  3647.209961    16721162
2022-10-07 13:55:00-04:00  3647.229980  3649.280029  3644.110107  3644.280029  3644.280029           0
2022-10-07 14:00:00-04:00  3644.449951  3647.580078  3643.929932  3646.459961  3646.459961  1481025587
2022-10-07 14:05:00-04:00  3646.419922  3648.489990  3645.320068  3646.399902  3646.399902    20015088
2022-10-07 14:10:00-04:00  3646.310059  3647.270020  3642.000000  3647.270020  3647.270020    23133367
2022-10-07 14:15:00-04:00  3647.300049  3648.760010  3644.379883  3644.379883  3644.379883    20667153
2022-10-07 14:20:00-04:00  3644.330078  3644.840088  3640.199951  3640.310059  3640.310059           0
2022-10-07 14:25:00-04:00  3640.320068  3641.600098  3637.860107  3638.120117  3638.120117  1586765789
2022-10-07 14:30:00-04:00  3638.110107  3638.340088  3634.979980  3638.260010  3638.260010    21440841
2022-10-07 14:35:00-04:00  3638.270020  3641.560059  3638.270020  3639.389893  3639.389893    18871595
2022-10-07 14:40:00-04:00  3639.409912  3640.929932  3636.340088  3636.459961  3636.459961    20147573
2022-10-07 14:45:00-04:00  3636.600098  3637.429932  3634.760010  3637.219971  3637.219971    21739662
2022-10-07 14:50:00-04:00  3637.389893  3638.860107  3636.679932  3637.899902  3637.899902    21741009
2022-10-07 14:55:00-04:00  3638.060059  3639.610107  3636.739990  3638.830078  3638.830078    20941908
2022-10-07 15:00:00-04:00  3638.810059  3645.780029  3638.810059  3645.540039  3645.540039    28534021
2022-10-07 15:05:00-04:00  3645.800049  3645.800049  3639.500000  3639.969971  3639.969971    25837352
2022-10-07 15:10:00-04:00  3639.949951  3642.010010  3635.489990  3635.489990  3635.489990    27557002
2022-10-07 15:15:00-04:00  3635.479980  3636.919922  3632.040039  3632.760010  3632.760010    27338378
2022-10-07 15:20:00-04:00  3632.889893  3634.260010  3629.250000  3631.060059  3631.060059    30502610
2022-10-07 15:25:00-04:00  3631.270020  3631.340088  3624.679932  3626.810059  3626.810059    34050637
2022-10-07 15:30:00-04:00  3626.969971  3626.969971  3620.729980  3622.169922  3622.169922    41645688
2022-10-07 15:35:00-04:00  3622.229980  3632.590088  3621.100098  3632.590088  3632.590088    44726608
2022-10-07 15:40:00-04:00  3632.949951  3639.469971  3631.370117  3637.030029  3637.030029    48730277
2022-10-07 15:45:00-04:00  3637.030029  3637.030029  3631.620117  3632.889893  3632.889893    57129297
2022-10-07 15:50:00-04:00  3632.810059  3643.239990  3632.810059  3637.810059  3637.810059    89852531
2022-10-07 15:55:00-04:00  3637.870117  3643.209961  3634.330078  3640.379883  3640.379883   146082307
2022-10-10 09:30:00-04:00  3647.510010  3652.169922  3639.850098  3644.590088  3644.590088           0
2022-10-10 09:35:00-04:00  3644.429932  3648.110107  3636.330078  3638.040039  3638.040039    44665092
2022-10-10 09:40:00-04:00  3638.010010  3645.540039  3634.939941  3640.879883  3640.879883    46881971
2022-10-10 09:45:00-04:00  3640.899902  3647.250000  3639.379883  3640.179932  3640.179932    40761578
2022-10-10 09:50:00-04:00  3640.229980  3643.149902  3628.469971  3628.580078  3628.580078    37107394
2022-10-10 09:55:00-04:00  3628.659912  3632.080078  3626.620117  3626.810059  3626.810059    33280578
2022-10-10 10:00:00-04:00  3627.129883  3628.860107  3622.879883  3624.060059  3624.060059    35684475
2022-10-10 10:05:00-04:00  3624.110107  3631.250000  3621.229980  3621.620117  3621.620117    33907956
2022-10-10 10:10:00-04:00  3621.550049  3626.169922  3621.409912  3623.860107  3623.860107    26067446
2022-10-10 10:15:00-04:00  3623.810059  3628.860107  3622.939941  3627.199951  3627.199951    24932484
2022-10-10 10:20:00-04:00  3628.320068  3630.689941  3627.860107  3629.389893  3629.389893    26389940
2022-10-10 10:25:00-04:00  3628.229980  3640.040039  3626.919922  3636.449951  3636.449951    39145866
2022-10-10 10:30:00-04:00  3636.179932  3639.669922  3625.050049  3627.070068  3627.070068    37167102
2022-10-10 10:35:00-04:00  3626.850098  3627.689941  3613.239990  3613.239990  3613.239990    34070359
2022-10-10 10:40:00-04:00  3613.229980  3615.739990  3612.659912  3614.320068  3614.320068    26641968
2022-10-10 10:45:00-04:00  3616.810059  3617.939941  3613.179932  3615.010010  3615.010010    28605153
2022-10-10 10:50:00-04:00  3614.800049  3616.179932  3608.739990  3609.850098  3609.850098    26892778
2022-10-10 10:55:00-04:00  3609.830078  3613.310059  3607.629883  3613.050049  3613.050049    25447211
2022-10-10 11:00:00-04:00  3612.909912  3612.909912  3605.139893  3605.219971  3605.219971    29289549
2022-10-10 11:05:00-04:00  3604.810059  3609.780029  3604.780029  3608.050049  3608.050049    23382035
2022-10-10 11:10:00-04:00  3608.010010  3614.020020  3607.389893  3613.909912  3613.909912    22890370
2022-10-10 11:15:00-04:00  3613.919922  3614.510010  3609.020020  3610.149902  3610.149902    24258622
2022-10-10 11:20:00-04:00  3610.199951  3621.070068  3609.149902  3620.219971  3620.219971    24661344
2022-10-10 11:25:00-04:00  3620.239990  3620.280029  3613.530029  3614.659912  3614.659912    20797625
2022-10-10 11:30:00-04:00  3614.669922  3615.860107  3612.600098  3615.810059  3615.810059    22245336
2022-10-10 11:35:00-04:00  3615.780029  3616.409912  3611.939941  3612.000000  3612.000000    20044487
2022-10-10 11:40:00-04:00  3612.149902  3615.260010  3609.199951  3615.050049  3615.050049    20995929
2022-10-10 11:45:00-04:00  3615.060059  3618.719971  3613.790039  3618.669922  3618.669922    20706064
2022-10-10 11:50:00-04:00  3618.659912  3624.750000  3617.989990  3623.219971  3623.219971    25769921
2022-10-10 11:55:00-04:00  3623.270020  3624.399902  3619.229980  3619.360107  3619.360107    20966775
2022-10-10 12:00:00-04:00  3619.360107  3619.459961  3617.709961  3618.610107  3618.610107    15803936
2022-10-10 12:05:00-04:00  3618.639893  3620.560059  3613.250000  3613.899902  3613.899902    19932137
2022-10-10 12:10:00-04:00  3613.889893  3614.239990  3611.729980  3613.590088  3613.590088    15950287
2022-10-10 12:15:00-04:00  3613.649902  3615.540039  3611.250000  3611.250000  3611.250000    16719537
2022-10-10 12:20:00-04:00  3611.080078  3611.080078  3602.939941  3603.790039  3603.790039    21382108
2022-10-10 12:25:00-04:00  3603.780029  3605.290039  3600.330078  3601.469971  3601.469971    18825096
2022-10-10 12:30:00-04:00  3601.449951  3603.909912  3599.830078  3600.260010  3600.260010    19373464
2022-10-10 12:35:00-04:00  3600.300049  3602.389893  3599.110107  3602.389893  3602.389893    17832696
2022-10-10 12:40:00-04:00  3602.439941  3604.040039  3600.959961  3601.929932  3601.929932    16249957
2022-10-10 12:45:00-04:00  3601.949951  3602.610107  3599.659912  3600.439941  3600.439941    16414931
2022-10-10 12:50:00-04:00  3600.459961  3600.479980  3596.139893  3596.929932  3596.929932    18459493
2022-10-10 12:55:00-04:00  3596.969971  3600.080078  3594.729980  3594.739990  3594.739990    21616428
2022-10-10 13:00:00-04:00  3594.750000  3594.750000  3590.379883  3590.939941  3590.939941    20038397
2022-10-10 13:05:00-04:00  3590.929932  3592.080078  3589.580078  3590.959961  3590.959961    17059408
2022-10-10 13:10:00-04:00  3590.939941  3599.469971  3588.100098  3597.699951  3597.699951    25652596
2022-10-10 13:15:00-04:00  3597.659912  3600.649902  3594.540039  3597.429932  3597.429932    18313005
2022-10-10 13:20:00-04:00  3597.449951  3601.850098  3597.310059  3599.209961  3599.209961    17052984
2022-10-10 13:25:00-04:00  3599.189941  3601.500000  3598.320068  3600.929932  3600.929932    16654812
2022-10-10 13:30:00-04:00  3600.909912  3608.629883  3600.399902  3605.229980  3605.229980    21463840
2022-10-10 13:35:00-04:00  3605.389893  3609.750000  3605.379883  3609.500000  3609.500000    18305923
2022-10-10 13:40:00-04:00  3609.530029  3610.389893  3606.689941  3606.709961  3606.709961    15704989
2022-10-10 13:45:00-04:00  3606.689941  3630.330078  3606.550049  3627.800049  3627.800049    33159624
2022-10-10 13:50:00-04:00  3627.709961  3633.909912  3626.330078  3632.699951  3632.699951    28849128
2022-10-10 13:55:00-04:00  3632.860107  3633.770020  3626.080078  3626.300049  3626.300049    22904309
2022-10-10 14:00:00-04:00  3626.280029  3627.139893  3623.760010  3624.550049  3624.550049    19140772
2022-10-10 14:05:00-04:00  3624.770020  3624.770020  3619.459961  3620.389893  3620.389893    21873010
2022-10-10 14:10:00-04:00  3620.290039  3621.689941  3616.149902  3616.270020  3616.270020    19882560
2022-10-10 14:15:00-04:00  3616.300049  3616.669922  3613.760010  3615.379883  3615.379883    16005070
2022-10-10 14:20:00-04:00  3615.370117  3618.129883  3610.860107  3613.219971  3613.219971    18664323
2022-10-10 14:25:00-04:00  3613.209961  3618.409912  3612.979980  3616.790039  3616.790039    17084547
2022-10-10 14:30:00-04:00  3616.969971  3625.000000  3614.969971  3623.500000  3623.500000    22077923
2022-10-10 14:35:00-04:00  3623.439941  3626.409912  3622.550049  3626.300049  3626.300049    16701016
2022-10-10 14:40:00-04:00  3626.379883  3627.860107  3620.500000  3621.399902  3621.399902    18847175
2022-10-10 14:45:00-04:00  3621.399902  3621.449951  3616.100098  3617.270020  3617.270020    17933682
2022-10-10 14:50:00-04:00  3617.320068  3621.280029  3616.649902  3620.020020  3620.020020    17548586
2022-10-10 14:55:00-04:00  3620.030029  3620.219971  3614.000000  3616.810059  3616.810059    19093528
2022-10-10 15:00:00-04:00  3616.820068  3620.800049  3612.310059  3614.199951  3614.199951    20746295
2022-10-10 15:05:00-04:00  3614.219971  3617.699951  3612.780029  3617.439941  3617.439941    19409244
2022-10-10 15:10:00-04:00  3617.669922  3622.290039  3615.620117  3621.679932  3621.679932    23249228
2022-10-10 15:15:00-04:00  3622.030029  3628.830078  3621.209961  3627.110107  3627.110107    29446354
2022-10-10 15:20:00-04:00  3627.739990  3630.350098  3624.379883  3627.000000  3627.000000    26673886
2022-10-10 15:25:00-04:00  3627.070068  3627.070068  3617.489990  3618.760010  3618.760010    28104553
2022-10-10 15:30:00-04:00  3618.830078  3623.229980  3617.209961  3621.659912  3621.659912    29264382
2022-10-10 15:35:00-04:00  3621.879883  3627.750000  3620.679932  3624.350098  3624.350098    31391203
2022-10-10 15:40:00-04:00  3624.530029  3625.260010  3618.570068  3619.540039  3619.540039    31992832
2022-10-10 15:45:00-04:00  3619.969971  3626.310059  3618.449951  3623.739990  3623.739990    44680487
2022-10-10 15:50:00-04:00  3623.709961  3626.110107  3617.250000  3623.479980  3623.479980    64290088
2022-10-10 15:55:00-04:00  3623.459961  3623.459961  3612.050049  3612.050049  3612.050049    76259329
2022-10-11 09:30:00-04:00  3595.860107  3598.149902  3588.620117  3589.770020  3589.770020           0
2022-10-11 09:35:00-04:00  3589.659912  3589.659912  3583.070068  3584.500000  3584.500000    43593576
2022-10-11 09:40:00-04:00  3584.639893  3588.330078  3582.510010  3586.100098  3586.100098    44787019
2022-10-11 09:45:00-04:00  3586.399902  3590.929932  3578.909912  3582.909912  3582.909912    49284458
2022-10-11 09:50:00-04:00  3582.840088  3586.280029  3579.540039  3579.830078  3579.830078    35526349
2022-10-11 09:55:00-04:00  3579.969971  3581.669922  3575.939941  3576.399902  3576.399902    35323374
2022-10-11 10:00:00-04:00  3576.370117  3576.370117  3568.449951  3571.320068  3571.320068    37354224
2022-10-11 10:05:00-04:00  3571.020020  3575.560059  3570.610107  3572.959961  3572.959961    41508975
2022-10-11 10:10:00-04:00  3572.780029  3579.280029  3570.709961  3578.689941  3578.689941    34014094
2022-10-11 10:15:00-04:00  3578.790039  3584.459961  3576.719971  3579.919922  3579.919922    35337184
2022-10-11 10:20:00-04:00  3579.949951  3579.949951  3576.149902  3576.719971  3576.719971    26918782
2022-10-11 10:25:00-04:00  3576.679932  3582.110107  3575.719971  3578.530029  3578.530029    29161369
2022-10-11 10:30:00-04:00  3578.530029  3585.899902  3573.679932  3584.780029  3584.780029    37941226
2022-10-11 10:35:00-04:00  3584.379883  3588.929932  3582.629883  3588.139893  3588.139893    26046052
2022-10-11 10:40:00-04:00  3592.250000  3595.679932  3590.260010  3592.850098  3592.850098    39583710
2022-10-11 10:45:00-04:00  3592.810059  3594.600098  3589.090088  3589.600098  3589.600098    27953812
2022-10-11 10:50:00-04:00  3589.639893  3594.030029  3589.530029  3591.959961  3591.959961    26059668
2022-10-11 10:55:00-04:00  3591.899902  3596.520020  3585.989990  3586.149902  3586.149902    29624922
2022-10-11 11:00:00-04:00  3586.120117  3605.159912  3585.790039  3603.330078  3603.330078    32728168
2022-10-11 11:05:00-04:00  3603.290039  3603.350098  3594.870117  3597.060059  3597.060059    25086435
2022-10-11 11:10:00-04:00  3597.120117  3599.439941  3594.760010  3599.199951  3599.199951    23729402
2022-10-11 11:15:00-04:00  3599.189941  3605.830078  3599.189941  3602.979980  3602.979980    26618393
2022-10-11 11:20:00-04:00  3604.639893  3605.090088  3600.040039  3602.219971  3602.219971    25860033
2022-10-11 11:25:00-04:00  3602.219971  3605.719971  3598.199951  3603.709961  3603.709961    26829819
2022-10-11 11:30:00-04:00  3603.979980  3609.179932  3603.399902  3608.770020  3608.770020    26993410
2022-10-11 11:35:00-04:00  3608.879883  3613.629883  3607.699951  3608.899902  3608.899902    30183845
2022-10-11 11:40:00-04:00  3608.939941  3618.320068  3607.909912  3618.320068  3618.320068    26547014
2022-10-11 11:45:00-04:00  3618.370117  3625.399902  3617.090088  3625.020020  3625.020020           0
2022-10-11 11:50:00-04:00  3623.459961  3624.969971  3618.120117  3618.129883  3618.129883   998224075
2022-10-11 11:55:00-04:00  3618.060059  3620.790039  3616.500000  3618.270020  3618.270020    20436039
2022-10-11 12:00:00-04:00  3618.310059  3618.679932  3611.219971  3611.340088  3611.340088    23379670
2022-10-11 12:05:00-04:00  3611.340088  3611.659912  3606.199951  3608.409912  3608.409912    22952233
2022-10-11 12:10:00-04:00  3608.419922  3615.090088  3608.209961  3615.090088  3615.090088    17968095
2022-10-11 12:15:00-04:00  3615.110107  3623.090088  3614.010010  3622.959961  3622.959961    21018498
2022-10-11 12:20:00-04:00  3623.070068  3627.570068  3621.830078  3626.379883  3626.379883    24069031
2022-10-11 12:25:00-04:00  3626.530029  3626.709961  3622.080078  3623.510010  3623.510010    18206596
2022-10-11 12:30:00-04:00  3623.530029  3628.840088  3623.530029  3627.030029  3627.030029    19659569
2022-10-11 12:35:00-04:00  3627.110107  3628.780029  3624.639893  3628.689941  3628.689941    17629609
2022-10-11 12:40:00-04:00  3629.149902  3637.280029  3628.649902  3637.090088  3637.090088    26802266
2022-10-11 12:45:00-04:00  3637.189941  3640.659912  3636.469971  3639.020020  3639.020020           0
2022-10-11 12:50:00-04:00  3638.729980  3638.969971  3631.979980  3632.290039  3632.290039  1259658435
2022-10-11 12:55:00-04:00  3632.260010  3634.530029  3630.959961  3632.540039  3632.540039    19502234
2022-10-11 13:00:00-04:00  3632.560059  3634.219971  3631.919922  3631.929932  3631.929932    19932282
2022-10-11 13:05:00-04:00  3631.729980  3634.100098  3628.530029  3633.360107  3633.360107    21057045
2022-10-11 13:10:00-04:00  3633.449951  3634.510010  3629.739990  3630.330078  3630.330078    17505709
2022-10-11 13:15:00-04:00  3630.360107  3632.489990  3625.639893  3629.639893  3629.639893    22969611
2022-10-11 13:20:00-04:00  3629.649902  3632.620117  3628.860107  3632.590088  3632.590088    19217122
2022-10-11 13:25:00-04:00  3632.760010  3633.080078  3622.899902  3624.840088  3624.840088    22619887
2022-10-11 13:30:00-04:00  3624.889893  3626.820068  3620.290039  3626.260010  3626.260010    20204015
2022-10-11 13:35:00-04:00  3626.510010  3627.419922  3623.669922  3626.300049  3626.300049    17042490
2022-10-11 13:40:00-04:00  3626.320068  3628.500000  3624.939941  3627.560059  3627.560059    17864287
2022-10-11 13:45:00-04:00  3627.570068  3631.969971  3627.030029  3627.429932  3627.429932    19055094
2022-10-11 13:50:00-04:00  3627.360107  3631.919922  3625.189941  3627.770020  3627.770020    19602128
2022-10-11 13:55:00-04:00  3627.760010  3630.050049  3626.530029  3629.899902  3629.899902    17450517
2022-10-11 14:00:00-04:00  3629.889893  3631.129883  3626.939941  3629.719971  3629.719971    18521957
2022-10-11 14:05:00-04:00  3629.659912  3631.669922  3623.050049  3625.969971  3625.969971    20558556
2022-10-11 14:10:00-04:00  3622.969971  3622.969971  3618.310059  3622.100098  3622.100098    23973208
2022-10-11 14:15:00-04:00  3622.050049  3622.050049  3617.110107  3617.110107  3617.110107    19354594
2022-10-11 14:20:00-04:00  3616.739990  3621.909912  3616.280029  3621.909912  3621.909912    17666461
2022-10-11 14:25:00-04:00  3621.969971  3625.159912  3620.919922  3622.739990  3622.739990    19950845
2022-10-11 14:30:00-04:00  3623.379883  3628.510010  3623.379883  3627.540039  3627.540039    20863752
2022-10-11 14:35:00-04:00  3627.550049  3627.550049  3622.330078  3624.989990  3624.989990    18045132
2022-10-11 14:40:00-04:00  3624.979980  3627.590088  3623.459961  3623.810059  3623.810059           0
2022-10-11 14:45:00-04:00  3616.530029  3617.169922  3600.699951  3602.840088  3602.840088  1726770342
2022-10-11 14:50:00-04:00  3603.169922  3604.610107  3593.340088  3593.449951  3593.449951    25748958
2022-10-11 14:55:00-04:00  3593.409912  3593.409912  3583.360107  3584.330078  3584.330078    31808070
2022-10-11 15:00:00-04:00  3584.330078  3586.300049  3578.280029  3580.679932  3580.679932    32027402
2022-10-11 15:05:00-04:00  3580.570068  3584.260010  3576.939941  3578.149902  3578.149902    29524252
2022-10-11 15:10:00-04:00  3578.209961  3579.330078  3571.040039  3575.629883  3575.629883    35464688
2022-10-11 15:15:00-04:00  3575.550049  3580.409912  3568.659912  3578.340088  3578.340088    36518263
2022-10-11 15:20:00-04:00  3578.199951  3585.399902  3578.199951  3582.580078  3582.580078    32459693
2022-10-11 15:25:00-04:00  3582.919922  3584.879883  3575.929932  3581.649902  3581.649902    34707119
2022-10-11 15:30:00-04:00  3581.659912  3583.870117  3575.719971  3581.320068  3581.320068    35912621
2022-10-11 15:35:00-04:00  3581.250000  3590.580078  3580.959961  3590.229980  3590.229980    38803754
2022-10-11 15:40:00-04:00  3590.280029  3590.280029  3582.810059  3588.169922  3588.169922    41372556
2022-10-11 15:45:00-04:00  3588.389893  3592.250000  3585.610107  3591.389893  3591.389893    55660677
2022-10-11 15:50:00-04:00  3591.429932  3591.429932  3580.510010  3588.850098  3588.850098    73612841
2022-10-11 15:55:00-04:00  3588.770020  3592.840088  3586.360107  3589.159912  3589.159912    87945796
2022-10-12 09:30:00-04:00  3590.830078  3590.830078  3573.860107  3580.070068  3580.070068    71037286
2022-10-12 09:35:00-04:00  3580.090088  3600.870117  3580.090088  3598.399902  3598.399902    46227423
2022-10-12 09:40:00-04:00  3598.360107  3604.760010  3592.090088  3604.760010  3604.760010    44550774
2022-10-12 09:45:00-04:00  3604.379883  3607.689941  3595.729980  3596.139893  3596.139893    38502585
2022-10-12 09:50:00-04:00  3596.189941  3599.100098  3592.929932  3594.139893  3594.139893    33666734
2022-10-12 09:55:00-04:00  3594.129883  3602.429932  3594.060059  3599.209961  3599.209961    32318726
2022-10-12 10:00:00-04:00  3599.239990  3603.909912  3597.679932  3600.469971  3600.469971    37910919
2022-10-12 10:05:00-04:00  3600.800049  3601.320068  3590.350098  3593.360107  3593.360107    30742948
2022-10-12 10:10:00-04:00  3593.600098  3594.350098  3590.100098  3590.399902  3590.399902    24825522
2022-10-12 10:15:00-04:00  3589.979980  3594.399902  3587.580078  3593.479980  3593.479980    26628356
2022-10-12 10:20:00-04:00  3593.139893  3593.139893  3581.649902  3587.129883  3587.129883    27388575
2022-10-12 10:25:00-04:00  3586.989990  3598.040039  3585.929932  3594.709961  3594.709961    27729359
2022-10-12 10:30:00-04:00  3594.729980  3601.620117  3592.820068  3597.790039  3597.790039    27680687
2022-10-12 10:35:00-04:00  3597.959961  3597.959961  3589.510010  3589.510010  3589.510010    24656863
2022-10-12 10:40:00-04:00  3589.679932  3589.679932  3585.110107  3585.110107  3585.110107    23288998
2022-10-12 10:45:00-04:00  3585.120117  3589.570068  3582.219971  3588.530029  3588.530029    24159859
2022-10-12 10:50:00-04:00  3588.479980  3593.560059  3587.780029  3593.290039  3593.290039    21328812
2022-10-12 10:55:00-04:00  3593.199951  3594.120117  3589.199951  3589.719971  3589.719971    24319726
2022-10-12 11:00:00-04:00  3589.399902  3597.520020  3588.600098  3594.659912  3594.659912    25022593
2022-10-12 11:05:00-04:00  3594.610107  3597.810059  3593.469971  3596.090088  3596.090088    21765931
2022-10-12 11:10:00-04:00  3596.159912  3599.729980  3595.870117  3598.169922  3598.169922    22474647
2022-10-12 11:15:00-04:00  3598.560059  3602.189941  3596.959961  3601.000000  3601.000000    24247539
2022-10-12 11:20:00-04:00  3600.919922  3602.429932  3597.100098  3597.800049  3597.800049    25089671
2022-10-12 11:25:00-04:00  3597.760010  3598.260010  3594.520020  3598.090088  3598.090088    21010308
2022-10-12 11:30:00-04:00  3598.000000  3598.850098  3592.659912  3594.260010  3594.260010    24044157
2022-10-12 11:35:00-04:00  3594.040039  3599.790039  3593.469971  3595.010010  3595.010010    24714151
2022-10-12 11:40:00-04:00  3594.979980  3604.060059  3594.080078  3600.739990  3600.739990    25125459
2022-10-12 11:45:00-04:00  3600.709961  3600.709961  3597.469971  3599.300049  3599.300049    19254388
2022-10-12 11:50:00-04:00  3599.120117  3603.439941  3598.479980  3603.209961  3603.209961    20189217
2022-10-12 11:55:00-04:00  3603.199951  3604.870117  3601.129883  3603.030029  3603.030029    21272356
2022-10-12 12:00:00-04:00  3602.949951  3604.909912  3601.379883  3602.689941  3602.689941    20372002
2022-10-12 12:05:00-04:00  3602.610107  3608.340088  3598.810059  3599.739990  3599.739990    28338431
2022-10-12 12:10:00-04:00  3599.750000  3600.070068  3593.780029  3596.239990  3596.239990    19228527
2022-10-12 12:15:00-04:00  3596.250000  3598.840088  3595.969971  3598.659912  3598.659912    17679673
2022-10-12 12:20:00-04:00  3598.699951  3599.770020  3596.530029  3597.070068  3597.070068    16413871
2022-10-12 12:25:00-04:00  3597.060059  3598.909912  3592.290039  3593.139893  3593.139893    18292145
2022-10-12 12:30:00-04:00  3593.060059  3593.870117  3590.570068  3593.600098  3593.600098    16684361
2022-10-12 12:35:00-04:00  3593.649902  3594.270020  3587.909912  3588.629883  3588.629883    16168847
2022-10-12 12:40:00-04:00  3588.649902  3588.760010  3587.419922  3588.389893  3588.389893    13941777
2022-10-12 12:45:00-04:00  3588.419922  3593.229980  3588.370117  3592.310059  3592.310059    18162629
2022-10-12 12:50:00-04:00  3592.500000  3595.270020  3592.500000  3594.719971  3594.719971    15875681
2022-10-12 12:55:00-04:00  3594.780029  3597.790039  3594.699951  3596.919922  3596.919922    16732383
2022-10-12 13:00:00-04:00  3596.949951  3598.909912  3593.810059  3594.070068  3594.070068    19825716
2022-10-12 13:05:00-04:00  3594.090088  3597.889893  3593.760010  3597.169922  3597.169922    18043450
2022-10-12 13:10:00-04:00  3597.229980  3597.800049  3596.149902  3597.239990  3597.239990    14567271
2022-10-12 13:15:00-04:00  3597.260010  3597.330078  3592.250000  3592.250000  3592.250000    16511704
2022-10-12 13:20:00-04:00  3592.270020  3592.770020  3591.060059  3591.250000  3591.250000    14497764
2022-10-12 13:25:00-04:00  3591.209961  3594.199951  3590.620117  3594.199951  3594.199951           0
2022-10-12 13:30:00-04:00  3594.179932  3594.250000  3587.409912  3587.709961  3587.709961  1215147906
2022-10-12 13:35:00-04:00  3587.629883  3587.750000  3584.699951  3587.469971  3587.469971    17921251
2022-10-12 13:40:00-04:00  3587.489990  3588.239990  3585.439941  3587.159912  3587.159912    16707029
2022-10-12 13:45:00-04:00  3587.189941  3589.909912  3585.659912  3589.110107  3589.110107    17294461
2022-10-12 13:50:00-04:00  3589.100098  3589.489990  3585.870117  3587.510010  3587.510010    17010868
2022-10-12 13:55:00-04:00  3587.500000  3587.750000  3584.850098  3587.469971  3587.469971    15142261
2022-10-12 14:00:00-04:00  3587.459961  3596.169922  3583.270020  3586.530029  3586.530029    43078404
2022-10-12 14:05:00-04:00  3586.479980  3598.169922  3584.469971  3593.889893  3593.889893    25539677
2022-10-12 14:10:00-04:00  3593.770020  3601.379883  3590.040039  3599.840088  3599.840088    29885155
2022-10-12 14:15:00-04:00  3599.889893  3600.939941  3594.409912  3597.189941  3597.189941    21153392
2022-10-12 14:20:00-04:00  3597.060059  3597.540039  3590.209961  3594.199951  3594.199951    20537373
2022-10-12 14:25:00-04:00  3594.340088  3602.989990  3592.649902  3601.780029  3601.780029    22560958
2022-10-12 14:30:00-04:00  3601.719971  3604.340088  3596.439941  3600.250000  3600.250000    20603335
2022-10-12 14:35:00-04:00  3600.270020  3602.750000  3598.689941  3599.469971  3599.469971    19904619
2022-10-12 14:40:00-04:00  3599.770020  3601.250000  3596.729980  3597.330078  3597.330078    18953692
2022-10-12 14:45:00-04:00  3597.239990  3598.250000  3591.709961  3592.739990  3592.739990    18687491
2022-10-12 14:50:00-04:00  3592.570068  3593.199951  3587.750000  3588.969971  3588.969971    19954284
2022-10-12 14:55:00-04:00  3588.949951  3590.889893  3586.040039  3587.939941  3587.939941    18223474
2022-10-12 15:00:00-04:00  3587.449951  3588.699951  3582.889893  3584.090088  3584.090088    23840799
2022-10-12 15:05:00-04:00  3584.100098  3588.760010  3583.209961  3586.330078  3586.330078    18715926
2022-10-12 15:10:00-04:00  3587.860107  3589.020020  3586.729980  3588.020020  3588.020020    22398050
2022-10-12 15:15:00-04:00  3588.040039  3591.030029  3583.850098  3591.030029  3591.030029    26225637
2022-10-12 15:20:00-04:00  3591.040039  3592.479980  3587.979980  3588.419922  3588.419922    26210475
2022-10-12 15:25:00-04:00  3588.429932  3590.679932  3587.090088  3587.419922  3587.419922    22514410
2022-10-12 15:30:00-04:00  3586.879883  3591.810059  3586.689941  3591.340088  3591.340088    31958164
2022-10-12 15:35:00-04:00  3591.379883  3593.500000  3590.350098  3590.590088  3590.590088    32100731
2022-10-12 15:40:00-04:00  3590.899902  3591.760010  3589.139893  3591.409912  3591.409912    32725462
2022-10-12 15:45:00-04:00  3591.479980  3591.479980  3585.989990  3586.209961  3586.209961    45301028
2022-10-12 15:50:00-04:00  3586.199951  3587.030029  3582.959961  3584.550049  3584.550049    72040005
2022-10-12 15:55:00-04:00  3584.530029  3584.530029  3576.370117  3576.899902  3576.899902    98975497
2022-10-13 09:30:00-04:00  3520.370117  3520.370117  3491.580078  3507.090088  3507.090088           0
2022-10-13 09:35:00-04:00  3507.860107  3508.389893  3495.520020  3499.229980  3499.229980    54733150
2022-10-13 09:40:00-04:00  3499.449951  3510.510010  3496.600098  3501.350098  3501.350098    56310274
2022-10-13 09:45:00-04:00  3501.500000  3518.810059  3499.370117  3518.810059  3518.810059    92893416
2022-10-13 09:50:00-04:00  3518.850098  3535.149902  3517.899902  3529.629883  3529.629883    55969246
2022-10-13 09:55:00-04:00  3529.110107  3530.590088  3522.050049  3529.149902  3529.149902    42335145
2022-10-13 10:00:00-04:00  3529.159912  3535.729980  3524.959961  3535.560059  3535.560059    45018327
2022-10-13 10:05:00-04:00  3535.739990  3544.639893  3532.919922  3541.879883  3541.879883    44730909
2022-10-13 10:10:00-04:00  3541.719971  3547.989990  3535.000000  3547.899902  3547.899902    42697824
2022-10-13 10:15:00-04:00  3548.040039  3550.969971  3540.350098  3540.610107  3540.610107    43559349
2022-10-13 10:20:00-04:00  3540.550049  3542.790039  3536.540039  3538.090088  3538.090088    36708007
2022-10-13 10:25:00-04:00  3537.919922  3538.469971  3528.330078  3530.909912  3530.909912    37574883
2022-10-13 10:30:00-04:00  3530.399902  3542.379883  3528.709961  3533.649902  3533.649902    37160847
2022-10-13 10:35:00-04:00  3533.469971  3539.919922  3529.899902  3539.850098  3539.850098    32522511
2022-10-13 10:40:00-04:00  3539.760010  3545.750000  3537.550049  3541.370117  3541.370117    33641541
2022-10-13 10:45:00-04:00  3541.330078  3551.919922  3540.110107  3549.610107  3549.610107    36489959
2022-10-13 10:50:00-04:00  3549.699951  3550.820068  3543.699951  3548.110107  3548.110107    32732567
2022-10-13 10:55:00-04:00  3548.100098  3556.879883  3546.610107  3546.610107  3546.610107    37072100
2022-10-13 11:00:00-04:00  3546.570068  3553.709961  3544.409912  3553.340088  3553.340088    29566502
2022-10-13 11:05:00-04:00  3553.320068  3577.469971  3553.120117  3575.989990  3575.989990    42433680
2022-10-13 11:10:00-04:00  3575.629883  3577.870117  3570.449951  3577.870117  3577.870117    35503322
2022-10-13 11:15:00-04:00  3578.870117  3611.350098  3575.959961  3600.100098  3600.100098    65357710
2022-10-13 11:20:00-04:00  3600.360107  3635.229980  3600.360107  3610.159912  3610.159912    68707228
2022-10-13 11:25:00-04:00  3610.149902  3614.300049  3602.360107  3611.620117  3611.620117    35793350
2022-10-13 11:30:00-04:00  3616.179932  3617.939941  3609.820068  3614.879883  3614.879883    39650413
2022-10-13 11:35:00-04:00  3615.189941  3657.080078  3615.189941  3647.530029  3647.530029    57444804
2022-10-13 11:40:00-04:00  3647.889893  3662.510010  3639.409912  3639.860107  3639.860107    47326005
2022-10-13 11:45:00-04:00  3639.850098  3641.929932  3632.060059  3632.649902  3632.649902    36987824
2022-10-13 11:50:00-04:00  3632.399902  3641.219971  3627.439941  3638.370117  3638.370117    32130773
2022-10-13 11:55:00-04:00  3638.629883  3641.510010  3631.649902  3638.239990  3638.239990    30338354
2022-10-13 12:00:00-04:00  3638.260010  3650.169922  3638.260010  3648.020020  3648.020020    32380163
2022-10-13 12:05:00-04:00  3648.090088  3649.399902  3638.919922  3639.409912  3639.409912    25728978
2022-10-13 12:10:00-04:00  3639.429932  3640.879883  3627.439941  3630.139893  3630.139893    29731434
2022-10-13 12:15:00-04:00  3630.040039  3633.179932  3623.020020  3623.899902  3623.899902    29358913
2022-10-13 12:20:00-04:00  3623.889893  3631.159912  3620.239990  3626.830078  3626.830078    31795885
2022-10-13 12:25:00-04:00  3626.840088  3628.209961  3621.610107  3624.219971  3624.219971    23473758
2022-10-13 12:30:00-04:00  3624.020020  3629.840088  3622.350098  3628.239990  3628.239990    22544722
2022-10-13 12:35:00-04:00  3628.520020  3630.419922  3625.060059  3626.360107  3626.360107    21520604
2022-10-13 12:40:00-04:00  3626.739990  3641.310059  3626.330078  3640.110107  3640.110107    26475329
2022-10-13 12:45:00-04:00  3640.060059  3643.169922  3635.909912  3643.159912  3643.159912    22534546
2022-10-13 12:50:00-04:00  3643.250000  3646.639893  3638.989990  3639.010010  3639.010010    27703766
2022-10-13 12:55:00-04:00  3638.989990  3641.570068  3636.500000  3640.000000  3640.000000    18695915
2022-10-13 13:00:00-04:00  3640.000000  3648.800049  3640.000000  3647.989990  3647.989990    24426744
2022-10-13 13:05:00-04:00  3648.139893  3649.060059  3643.159912  3643.370117  3643.370117    19601684
2022-10-13 13:10:00-04:00  3643.340088  3645.840088  3641.300049  3643.350098  3643.350098    21639493
2022-10-13 13:15:00-04:00  3643.310059  3649.709961  3643.310059  3648.959961  3648.959961    20288651
2022-10-13 13:20:00-04:00  3648.429932  3658.469971  3648.300049  3658.340088  3658.340088    24479795
2022-10-13 13:25:00-04:00  3658.260010  3667.290039  3656.939941  3663.360107  3663.360107    32285383
2022-10-13 13:30:00-04:00  3663.439941  3675.080078  3663.439941  3672.780029  3672.780029    30256739
2022-10-13 13:35:00-04:00  3672.840088  3673.500000  3665.860107  3668.159912  3668.159912    26542862
2022-10-13 13:40:00-04:00  3668.179932  3669.159912  3661.340088  3661.820068  3661.820068    25627922
2022-10-13 13:45:00-04:00  3662.639893  3664.489990  3659.669922  3664.439941  3664.439941    25550273
2022-10-13 13:50:00-04:00  3664.419922  3667.870117  3663.340088  3665.729980  3665.729980    21748966
2022-10-13 13:55:00-04:00  3665.689941  3666.429932  3662.810059  3665.780029  3665.780029    18062399
2022-10-13 14:00:00-04:00  3665.739990  3665.739990  3661.159912  3664.340088  3664.340088    20925504
2022-10-13 14:05:00-04:00  3664.320068  3666.810059  3660.389893  3661.770020  3661.770020    23792454
2022-10-13 14:10:00-04:00  3661.719971  3663.699951  3657.020020  3662.080078  3662.080078    20675004
2022-10-13 14:15:00-04:00  3662.070068  3665.340088  3661.610107  3662.870117  3662.870117    18303469
2022-10-13 14:20:00-04:00  3663.040039  3663.340088  3660.449951  3661.300049  3661.300049    18808933
2022-10-13 14:25:00-04:00  3661.379883  3661.379883  3650.709961  3651.429932  3651.429932    23400575
2022-10-13 14:30:00-04:00  3651.409912  3656.500000  3651.409912  3656.500000  3656.500000    20558109
2022-10-13 14:35:00-04:00  3656.520020  3664.540039  3656.060059  3663.469971  3663.469971    22841327
2022-10-13 14:40:00-04:00  3663.449951  3666.790039  3661.149902  3666.050049  3666.050049    20114948
2022-10-13 14:45:00-04:00  3666.860107  3672.000000  3665.679932  3669.179932  3669.179932    24424963
2022-10-13 14:50:00-04:00  3669.159912  3676.149902  3668.030029  3674.320068  3674.320068    24087238
2022-10-13 14:55:00-04:00  3674.550049  3681.479980  3674.090088  3678.620117  3678.620117    27734909
2022-10-13 15:00:00-04:00  3678.699951  3678.699951  3672.989990  3674.540039  3674.540039    24528901
2022-10-13 15:05:00-04:00  3675.110107  3684.840088  3674.889893  3684.840088  3684.840088    32235428
2022-10-13 15:10:00-04:00  3684.879883  3685.409912  3679.030029  3679.030029  3679.030029    29023961
2022-10-13 15:15:00-04:00  3679.030029  3683.429932  3677.959961  3680.080078  3680.080078    28935197
2022-10-13 15:20:00-04:00  3680.020020  3680.020020  3674.129883  3675.639893  3675.639893    29572584
2022-10-13 15:25:00-04:00  3675.689941  3677.139893  3671.040039  3671.959961  3671.959961    33989237
2022-10-13 15:30:00-04:00  3671.820068  3676.649902  3663.379883  3665.459961  3665.459961    42843765
2022-10-13 15:35:00-04:00  3665.389893  3667.870117  3661.280029  3667.699951  3667.699951    37788084
2022-10-13 15:40:00-04:00  3667.689941  3672.669922  3663.479980  3671.739990  3671.739990    42581525
2022-10-13 15:45:00-04:00  3671.689941  3676.320068  3668.969971  3672.649902  3672.649902    50570314
2022-10-13 15:50:00-04:00  3673.169922  3681.360107  3667.090088  3677.879883  3677.879883    80156239
2022-10-13 15:55:00-04:00  3677.409912  3677.580078  3668.689941  3669.479980  3669.479980    79698173
2022-10-14 09:30:00-04:00  3690.409912  3701.979980  3686.590088  3689.199951  3689.199951    50420605
2022-10-14 09:35:00-04:00  3689.629883  3712.000000  3688.320068  3711.330078  3711.330078   174732415
2022-10-14 09:40:00-04:00  3711.110107  3711.149902  3683.080078  3683.429932  3683.429932    46313245
2022-10-14 09:45:00-04:00  3683.379883  3683.379883  3672.510010  3678.899902  3678.899902    47345009
2022-10-14 09:50:00-04:00  3677.979980  3685.120117  3671.350098  3674.979980  3674.979980    40935786
2022-10-14 09:55:00-04:00  3675.330078  3682.399902  3675.100098  3677.370117  3677.370117    54725379
2022-10-14 10:00:00-04:00  3654.399902  3661.429932  3644.879883  3659.669922  3659.669922    65639129
2022-10-14 10:05:00-04:00  3659.280029  3667.409912  3650.459961  3652.689941  3652.689941    34963501
2022-10-14 10:10:00-04:00  3652.669922  3655.020020  3629.149902  3631.820068  3631.820068    42529823
2022-10-14 10:15:00-04:00  3631.659912  3635.969971  3628.620117  3632.429932  3632.429932    32114455
2022-10-14 10:20:00-04:00  3633.050049  3633.050049  3617.360107  3620.199951  3620.199951    36708362
2022-10-14 10:25:00-04:00  3620.080078  3633.600098  3617.689941  3630.129883  3630.129883    34537118
2022-10-14 10:30:00-04:00  3630.120117  3637.310059  3629.429932  3629.429932  3629.429932   632246323
2022-10-14 10:35:00-04:00  3629.459961  3635.370117  3629.459961  3632.310059  3632.310059    18758485