                                  Open         High          Low        Close    Adj Close      Volume
Datetime                                                                                              
2023-01-04 10:50:00-05:00  3841.919922  3842.340088  3839.179932  3840.600098  3840.600098           0
2023-01-04 10:55:00-05:00  3840.870117  3843.780029  3839.379883  3843.540039  3843.540039    23960943
2023-01-04 11:00:00-05:00  3843.810059  3844.929932  3840.030029  3840.090088  3840.090088    23218856
2023-01-04 11:05:00-05:00  3839.959961  3843.540039  3838.629883  3842.729980  3842.729980    22162128
2023-01-04 11:10:00-05:00  3842.709961  3848.949951  3842.469971  3848.949951  3848.949951    25986210
2023-01-04 11:15:00-05:00  3848.989990  3850.250000  3847.050049  3848.020020  3848.020020    24790235
2023-01-04 11:20:00-05:00  3848.020020  3848.540039  3846.199951  3846.790039  3846.790039    20941067
2023-01-04 11:25:00-05:00  3846.780029  3851.060059  3845.840088  3850.489990  3850.489990    22804836
2023-01-04 11:30:00-05:00  3850.510010  3862.479980  3850.510010  3861.639893  3861.639893    30243658
2023-01-04 11:35:00-05:00  3861.600098  3867.330078  3861.600098  3866.810059  3866.810059    31382889
2023-01-04 11:40:00-05:00  3866.590088  3868.560059  3866.479980  3868.129883  3868.129883    24150947
2023-01-04 11:45:00-05:00  3867.979980  3868.699951  3865.399902  3867.790039  3867.790039    22206057
2023-01-04 11:50:00-05:00  3867.810059  3870.659912  3867.199951  3869.709961  3869.709961    22429132
2023-01-04 11:55:00-05:00  3869.760010  3873.159912  3869.760010  3870.020020  3870.020020    22750039
2023-01-04 12:00:00-05:00  3870.060059  3871.000000  3868.110107  3868.989990  3868.989990    21516382
2023-01-04 12:05:00-05:00  3868.939941  3868.989990  3866.300049  3867.260010  3867.260010    18937732
2023-01-04 12:10:00-05:00  3867.260010  3868.689941  3866.530029  3866.570068  3866.570068    17186398
2023-01-04 12:15:00-05:00  3866.659912  3869.149902  3866.389893  3868.469971  3868.469971    17340092
2023-01-04 12:20:00-05:00  3868.419922  3870.850098  3866.949951  3870.290039  3870.290039    17116938
2023-01-04 12:25:00-05:00  3870.360107  3870.469971  3866.649902  3866.800049  3866.800049    14900402
2023-01-04 12:30:00-05:00  3866.790039  3871.090088  3866.790039  3870.040039  3870.040039    15921549
2023-01-04 12:35:00-05:00  3870.040039  3871.409912  3868.939941  3870.810059  3870.810059    15366538
2023-01-04 12:40:00-05:00  3870.820068  3871.750000  3870.179932  3871.360107  3871.360107    14358166
2023-01-04 12:45:00-05:00  3871.389893  3871.479980  3867.959961  3868.610107  3868.610107    17418830
2023-01-04 12:50:00-05:00  3868.610107  3869.500000  3864.770020  3866.120117  3866.120117    15683164
2023-01-04 12:55:00-05:00  3866.120117  3866.120117  3858.520020  3858.520020  3858.520020    20331374
2023-01-04 13:00:00-05:00  3858.469971  3858.510010  3852.080078  3855.879883  3855.879883    20158243
2023-01-04 13:05:00-05:00  3855.870117  3857.360107  3855.020020  3857.360107  3857.360107    12979239
2023-01-04 13:10:00-05:00  3857.350098  3860.080078  3857.250000  3860.080078  3860.080078    14636340
2023-01-04 13:15:00-05:00  3860.080078  3865.090088  3859.870117  3864.810059  3864.810059    18307240
2023-01-04 13:20:00-05:00  3864.800049  3865.379883  3863.870117  3864.709961  3864.709961    14786877
2023-01-04 13:25:00-05:00  3864.729980  3865.389893  3863.179932  3863.229980  3863.229980    15047728
2023-01-04 13:30:00-05:00  3863.250000  3865.100098  3863.209961  3864.969971  3864.969971    17086975
2023-01-04 13:35:00-05:00  3864.949951  3867.750000  3864.600098  3867.030029  3867.030029    19426256
2023-01-04 13:40:00-05:00  3867.020020  3867.330078  3864.620117  3865.090088  3865.090088    18981277
2023-01-04 13:45:00-05:00  3865.080078  3865.179932  3860.669922  3863.030029  3863.030029    17117224
2023-01-04 13:50:00-05:00  3863.020020  3864.040039  3862.860107  3863.179932  3863.179932    14233393
2023-01-04 13:55:00-05:00  3863.179932  3863.179932  3857.620117  3857.750000  3857.750000    21003522
2023-01-04 14:00:00-05:00  3857.389893  3868.709961  3839.719971  3849.570068  3849.570068    50392467
2023-01-04 14:05:00-05:00  3848.919922  3858.250000  3843.889893  3844.090088  3844.090088    26393891
2023-01-04 14:10:00-05:00  3844.530029  3849.379883  3841.709961  3849.379883  3849.379883    21656912
2023-01-04 14:15:00-05:00  3849.310059  3860.580078  3849.250000  3859.389893  3859.389893    22042101
2023-01-04 14:20:00-05:00  3859.300049  3859.300049  3844.330078  3846.280029  3846.280029    21960323
2023-01-04 14:25:00-05:00  3846.250000  3846.330078  3827.939941  3829.399902  3829.399902    26949943
2023-01-04 14:30:00-05:00  3829.439941  3835.050049  3827.159912  3834.340088  3834.340088    22240194
2023-01-04 14:35:00-05:00  3834.290039  3836.389893  3832.219971  3834.580078  3834.580078    18909489
2023-01-04 14:40:00-05:00  3834.580078  3841.330078  3831.679932  3835.830078  3835.830078    20526400
2023-01-04 14:45:00-05:00  3835.939941  3840.639893  3834.370117  3836.449951  3836.449951    19350594
2023-01-04 14:50:00-05:00  3836.510010  3839.659912  3832.800049  3837.219971  3837.219971    19489925
2023-01-04 14:55:00-05:00  3837.280029  3847.540039  3837.239990  3847.149902  3847.149902    22507200
2023-01-04 15:00:00-05:00  3847.149902  3854.580078  3846.919922  3853.709961  3853.709961    22540968
2023-01-04 15:05:00-05:00  3853.649902  3853.800049  3845.570068  3849.120117  3849.120117    21142817
2023-01-04 15:10:00-05:00  3849.159912  3851.080078  3845.409912  3849.030029  3849.030029    22230826
2023-01-04 15:15:00-05:00  3849.030029  3852.030029  3848.270020  3849.260010  3849.260010    21851866
2023-01-04 15:20:00-05:00  3849.199951  3850.820068  3841.629883  3843.870117  3843.870117    26010899
2023-01-04 15:25:00-05:00  3843.790039  3848.129883  3841.899902  3842.870117  3842.870117    25710595
2023-01-04 15:30:00-05:00  3842.850098  3843.429932  3838.219971  3839.229980  3839.229980    29927408
2023-01-04 15:35:00-05:00  3839.300049  3839.389893  3830.219971  3833.649902  3833.649902    31819585
2023-01-04 15:40:00-05:00  3833.610107  3833.610107  3827.939941  3829.080078  3829.080078    36069050
2023-01-04 15:45:00-05:00  3829.060059  3836.209961  3827.320068  3836.209961  3836.209961    40730572
2023-01-04 15:50:00-05:00  3836.229980  3841.860107  3836.229980  3841.449951  3841.449951    66839711
2023-01-04 15:55:00-05:00  3841.520020  3854.300049  3841.520020  3852.929932  3852.929932   125639295
2023-01-05 09:30:00-05:00  3832.600098  3839.739990  3816.600098  3819.860107  3819.860107           0
2023-01-05 09:35:00-05:00  3820.189941  3821.949951  3813.840088  3814.590088  3814.590088    35499676
2023-01-05 09:40:00-05:00  3814.590088  3814.590088  3805.939941  3810.750000  3810.750000    37831601
2023-01-05 09:45:00-05:00  3810.760010  3810.760010  3803.350098  3806.820068  3806.820068    36603735
2023-01-05 09:50:00-05:00  3806.790039  3812.840088  3806.149902  3812.709961  3812.709961    30925468
2023-01-05 09:55:00-05:00  3812.739990  3818.399902  3811.550049  3815.649902  3815.649902    32229769
2023-01-05 10:00:00-05:00  3815.830078  3819.250000  3811.610107  3817.510010  3817.510010    31102928
2023-01-05 10:05:00-05:00  3817.429932  3830.300049  3812.729980  3822.310059  3822.310059    36890116
2023-01-05 10:10:00-05:00  3822.239990  3829.199951  3819.510010  3824.639893  3824.639893    38327038
2023-01-05 10:15:00-05:00  3824.610107  3824.969971  3817.080078  3818.360107  3818.360107    29111993
2023-01-05 10:20:00-05:00  3818.409912  3818.879883  3811.330078  3813.969971  3813.969971    26230050
2023-01-05 10:25:00-05:00  3814.010010  3819.669922  3813.209961  3817.229980  3817.229980    21638685
2023-01-05 10:30:00-05:00  3817.209961  3818.429932  3812.340088  3813.229980  3813.229980    23908584
2023-01-05 10:35:00-05:00  3813.270020  3814.959961  3810.010010  3813.889893  3813.889893    25117200
2023-01-05 10:40:00-05:00  3813.840088  3820.409912  3810.870117  3819.800049  3819.800049    22815517
2023-01-05 10:45:00-05:00  3819.570068  3820.370117  3815.209961  3816.209961  3816.209961    22110192
2023-01-05 10:50:00-05:00  3816.280029  3816.610107  3807.989990  3809.439941  3809.439941    24786382
2023-01-05 10:55:00-05:00  3809.409912  3810.800049  3807.290039  3807.790039  3807.790039    20152562
2023-01-05 11:00:00-05:00  3808.020020  3809.729980  3806.350098  3809.669922  3809.669922    21421909
2023-01-05 11:05:00-05:00  3809.649902  3812.090088  3809.209961  3810.610107  3810.610107    18303700
2023-01-05 11:10:00-05:00  3810.850098  3816.820068  3810.850098  3811.219971  3811.219971    24286298
2023-01-05 11:15:00-05:00  3811.800049  3813.679932  3809.570068  3809.570068  3809.570068    17435682
2023-01-05 11:20:00-05:00  3809.360107  3809.520020  3803.050049  3803.600098  3803.600098    20311719
2023-01-05 11:25:00-05:00  3803.479980  3807.070068  3803.090088  3807.070068  3807.070068    20785812
2023-01-05 11:30:00-05:00  3807.080078  3809.209961  3805.889893  3807.120117  3807.120117    19625991
2023-01-05 11:35:00-05:00  3807.080078  3810.669922  3806.979980  3807.620117  3807.620117    19301374
2023-01-05 11:40:00-05:00  3807.580078  3812.659912  3806.489990  3812.270020  3812.270020    20746605
2023-01-05 11:45:00-05:00  3812.270020  3814.409912  3811.959961  3812.780029  3812.780029    20868355
2023-01-05 11:50:00-05:00  3812.830078  3812.969971  3808.520020  3808.739990  3808.739990    17792277
2023-01-05 11:55:00-05:00  3808.739990  3810.370117  3806.129883  3807.419922  3807.419922    16525534
2023-01-05 12:00:00-05:00  3807.260010  3811.739990  3806.689941  3811.209961  3811.209961    17842043
2023-01-05 12:05:00-05:00  3811.219971  3815.179932  3810.379883  3814.280029  3814.280029    18447031
2023-01-05 12:10:00-05:00  3814.270020  3814.270020  3810.379883  3810.550049  3810.550049    15231261
2023-01-05 12:15:00-05:00  3810.550049  3812.050049  3805.780029  3806.110107  3806.110107    17488459
2023-01-05 12:20:00-05:00  3806.139893  3813.340088  3805.560059  3812.580078  3812.580078    17453066
2023-01-05 12:25:00-05:00  3812.580078  3813.270020  3811.010010  3811.629883  3811.629883    15062218
2023-01-05 12:30:00-05:00  3811.620117  3818.000000  3811.260010  3817.250000  3817.250000    17476053
2023-01-05 12:35:00-05:00  3817.100098  3817.770020  3812.350098  3812.699951  3812.699951    15254151
2023-01-05 12:40:00-05:00  3812.719971  3812.830078  3809.320068  3809.889893  3809.889893    14291645
2023-01-05 12:45:00-05:00  3809.989990  3811.479980  3809.439941  3810.969971  3810.969971    15753835
2023-01-05 12:50:00-05:00  3810.939941  3811.679932  3808.479980  3808.919922  3808.919922    13905873
2023-01-05 12:55:00-05:00  3808.919922  3809.290039  3807.659912  3808.330078  3808.330078    14158145
2023-01-05 13:00:00-05:00  3808.270020  3808.500000  3806.250000  3806.929932  3806.929932    13970503
2023-01-05 13:05:00-05:00  3806.939941  3810.510010  3806.879883  3810.300049  3810.300049    15225725
2023-01-05 13:10:00-05:00  3810.340088  3810.340088  3805.530029  3805.530029  3805.530029    15018357
2023-01-05 13:15:00-05:00  3805.540039  3806.209961  3804.860107  3805.699951  3805.699951    13562954
2023-01-05 13:20:00-05:00  3805.729980  3823.689941  3805.729980  3821.989990  3821.989990    32819450
2023-01-05 13:25:00-05:00  3821.949951  3827.209961  3820.239990  3821.969971  3821.969971    22620906
2023-01-05 13:30:00-05:00  3821.979980  3828.229980  3821.979980  3826.659912  3826.659912    19906960
2023-01-05 13:35:00-05:00  3826.669922  3827.760010  3821.830078  3823.010010  3823.010010    19274260
2023-01-05 13:40:00-05:00  3823.030029  3825.800049  3820.620117  3821.270020  3821.270020    17094415
2023-01-05 13:45:00-05:00  3821.260010  3823.110107  3819.790039  3820.870117  3820.870117    17326985
2023-01-05 13:50:00-05:00  3820.840088  3822.229980  3819.629883  3821.330078  3821.330078    16383762
2023-01-05 13:55:00-05:00  3821.260010  3823.500000  3818.149902  3819.489990  3819.489990    18298900
2023-01-05 14:00:00-05:00  3819.510010  3823.840088  3818.739990  3821.560059  3821.560059    16005848
2023-01-05 14:05:00-05:00  3821.469971  3824.030029  3821.280029  3823.570068  3823.570068    14517309
2023-01-05 14:10:00-05:00  3823.570068  3824.120117  3816.800049  3816.889893  3816.889893    17769234
2023-01-05 14:15:00-05:00  3816.919922  3821.239990  3816.919922  3821.219971  3821.219971    13710524
2023-01-05 14:20:00-05:00  3821.229980  3821.679932  3819.080078  3819.919922  3819.919922    15912679
2023-01-05 14:25:00-05:00  3819.860107  3820.840088  3815.280029  3815.649902  3815.649902    17254631
2023-01-05 14:30:00-05:00  3815.659912  3818.979980  3815.600098  3817.540039  3817.540039    18501788
2023-01-05 14:35:00-05:00  3817.629883  3827.199951  3817.550049  3824.889893  3824.889893    21033155
2023-01-05 14:40:00-05:00  3824.949951  3826.830078  3823.959961  3824.219971  3824.219971    15118275
2023-01-05 14:45:00-05:00  3824.209961  3830.350098  3823.989990  3828.540039  3828.540039    18566626
2023-01-05 14:50:00-05:00  3828.459961  3829.139893  3826.560059  3828.360107  3828.360107    19919680
2023-01-05 14:55:00-05:00  3828.389893  3829.189941  3822.600098  3822.669922  3822.669922    20321755
2023-01-05 15:00:00-05:00  3822.629883  3822.629883  3818.169922  3819.159912  3819.159912    17616171
2023-01-05 15:05:00-05:00  3819.159912  3819.239990  3816.770020  3816.830078  3816.830078    17642623
2023-01-05 15:10:00-05:00  3816.810059  3816.909912  3813.629883  3814.959961  3814.959961    19897863
2023-01-05 15:15:00-05:00  3814.949951  3816.850098  3812.199951  3812.989990  3812.989990    25288088
2023-01-05 15:20:00-05:00  3812.879883  3814.290039  3810.979980  3811.600098  3811.600098    21405222
2023-01-05 15:25:00-05:00  3811.580078  3811.580078  3808.120117  3810.189941  3810.189941    21716174
2023-01-05 15:30:00-05:00  3810.179932  3810.209961  3806.219971  3809.250000  3809.250000    29576276
2023-01-05 15:35:00-05:00  3809.229980  3813.260010  3808.939941  3812.139893  3812.139893    27802844
2023-01-05 15:40:00-05:00  3812.139893  3812.179932  3806.989990  3808.550049  3808.550049    31317463
2023-01-05 15:45:00-05:00  3808.540039  3812.520020  3806.010010  3807.360107  3807.360107    42286356
2023-01-05 15:50:00-05:00  3807.219971  3807.689941  3803.679932  3803.679932  3803.679932    73639600
2023-01-05 15:55:00-05:00  3803.379883  3809.469971  3803.379883  3808.229980  3808.229980   116112856
2023-01-06 09:30:00-05:00  3823.370117  3848.629883  3823.370117  3848.370117  3848.370117    72652018
2023-01-06 09:35:00-05:00  3848.139893  3852.389893  3825.810059  3827.040039  3827.040039    49698191
2023-01-06 09:40:00-05:00  3827.060059  3829.090088  3814.179932  3815.760010  3815.760010    43469029
2023-01-06 09:45:00-05:00  3815.590088  3815.989990  3809.560059  3813.770020  3813.770020    43065843
2023-01-06 09:50:00-05:00  3813.870117  3823.820068  3813.179932  3823.310059  3823.310059    37088842
2023-01-06 09:55:00-05:00  3823.399902  3828.330078  3820.010010  3821.080078  3821.080078    33200702
2023-01-06 10:00:00-05:00  3821.030029  3841.340088  3821.030029  3830.149902  3830.149902    49369967
2023-01-06 10:05:00-05:00  3829.639893  3846.250000  3829.610107  3842.100098  3842.100098    33411627
2023-01-06 10:10:00-05:00  3842.129883  3847.949951  3840.689941  3840.719971  3840.719971    31371394
2023-01-06 10:15:00-05:00  3840.679932  3852.629883  3840.679932  3850.580078  3850.580078    30673572
2023-01-06 10:20:00-05:00  3850.510010  3851.399902  3843.949951  3848.280029  3848.280029    25828900
2023-01-06 10:25:00-05:00  3848.310059  3848.679932  3840.800049  3842.830078  3842.830078    26241138
2023-01-06 10:30:00-05:00  3842.800049  3851.090088  3842.800049  3850.699951  3850.699951    28375831
2023-01-06 10:35:00-05:00  3850.719971  3860.300049  3850.080078  3859.719971  3859.719971    30640542
2023-01-06 10:40:00-05:00  3859.810059  3863.919922  3856.629883  3856.959961  3856.959961    31245360
2023-01-06 10:45:00-05:00  3856.879883  3865.820068  3856.879883  3865.820068  3865.820068    30397993
2023-01-06 10:50:00-05:00  3865.719971  3867.020020  3864.719971  3866.260010  3866.260010    26784690
2023-01-06 10:55:00-05:00  3866.260010  3869.239990  3863.449951  3866.879883  3866.879883    28332964
2023-01-06 11:00:00-05:00  3866.949951  3871.010010  3866.379883  3870.110107  3870.110107    22810975
2023-01-06 11:05:00-05:00  3869.989990  3874.639893  3869.989990  3872.090088  3872.090088    22873368
2023-01-06 11:10:00-05:00  3872.090088  3872.840088  3866.860107  3866.899902  3866.899902    22251546
2023-01-06 11:15:00-05:00  3867.040039  3869.699951  3865.409912  3866.750000  3866.750000    22128254
2023-01-06 11:20:00-05:00  3866.679932  3872.100098  3866.389893  3872.070068  3872.070068    21802244
2023-01-06 11:25:00-05:00  3872.169922  3872.179932  3866.149902  3867.620117  3867.620117    24676509
2023-01-06 11:30:00-05:00  3867.560059  3870.590088  3864.830078  3870.360107  3870.360107    25342948
2023-01-06 11:35:00-05:00  3870.459961  3872.409912  3869.560059  3872.179932  3872.179932    20088949
2023-01-06 11:40:00-05:00  3872.239990  3872.449951  3868.719971  3869.560059  3869.560059    24831516
2023-01-06 11:45:00-05:00  3869.580078  3873.840088  3869.219971  3873.219971  3873.219971    19219311
2023-01-06 11:50:00-05:00  3873.199951  3880.989990  3873.189941  3879.250000  3879.250000    27142706
2023-01-06 11:55:00-05:00  3879.199951  3881.080078  3876.699951  3876.729980  3876.729980    19002116
2023-01-06 12:00:00-05:00  3876.919922  3879.050049  3876.919922  3878.239990  3878.239990    18867017
2023-01-06 12:05:00-05:00  3878.300049  3878.689941  3876.830078  3877.310059  3877.310059    17758978
2023-01-06 12:10:00-05:00  3877.229980  3878.860107  3873.669922  3873.979980  3873.979980    18920197
2023-01-06 12:15:00-05:00  3873.989990  3876.340088  3872.360107  3875.840088  3875.840088    20581832
2023-01-06 12:20:00-05:00  3875.800049  3875.989990  3868.649902  3868.870117  3868.870117    20795402
2023-01-06 12:25:00-05:00  3868.929932  3871.139893  3868.889893  3870.050049  3870.050049    19209373
2023-01-06 12:30:00-05:00  3870.030029  3872.639893  3869.179932  3869.199951  3869.199951    18516076
2023-01-06 12:35:00-05:00  3869.199951  3870.449951  3867.580078  3870.449951  3870.449951    15178671
2023-01-06 12:40:00-05:00  3870.429932  3870.479980  3866.989990  3868.159912  3868.159912    13598120
2023-01-06 12:45:00-05:00  3868.139893  3871.060059  3868.110107  3870.350098  3870.350098    15103933
2023-01-06 12:50:00-05:00  3870.350098  3870.639893  3867.209961  3867.840088  3867.840088    17415508
2023-01-06 12:55:00-05:00  3867.860107  3868.439941  3865.379883  3868.429932  3868.429932    15385683
2023-01-06 13:00:00-05:00  3868.340088  3870.090088  3866.840088  3867.989990  3867.989990    15340398
2023-01-06 13:05:00-05:00  3867.979980  3872.149902  3867.979980  3870.520020  3870.520020    14220196
2023-01-06 13:10:00-05:00  3870.479980  3873.409912  3869.560059  3872.379883  3872.379883    15917161
2023-01-06 13:15:00-05:00  3872.379883  3873.449951  3870.750000  3871.320068  3871.320068    15187505
2023-01-06 13:20:00-05:00  3871.300049  3872.860107  3870.719971  3872.419922  3872.419922    14345923
2023-01-06 13:25:00-05:00  3872.439941  3875.929932  3872.100098  3875.070068  3875.070068    15174950
2023-01-06 13:30:00-05:00  3875.050049  3878.729980  3875.050049  3878.699951  3878.699951    17633355
2023-01-06 13:35:00-05:00  3878.659912  3879.500000  3876.989990  3879.469971  3879.469971    18519597
2023-01-06 13:40:00-05:00  3879.469971  3882.159912  3878.669922  3879.110107  3879.110107    18476676
2023-01-06 13:45:00-05:00  3879.169922  3879.919922  3877.899902  3879.270020  3879.270020    15935248
2023-01-06 13:50:00-05:00  3879.260010  3879.290039  3877.020020  3878.689941  3878.689941    14831986
2023-01-06 13:55:00-05:00  3878.709961  3882.010010  3878.389893  3881.250000  3881.250000    18200097
2023-01-06 14:00:00-05:00  3881.260010  3884.370117  3881.260010  3884.010010  3884.010010    17792167
2023-01-06 14:05:00-05:00  3883.989990  3884.709961  3882.429932  3884.709961  3884.709961    18227871
2023-01-06 14:10:00-05:00  3884.729980  3889.860107  3884.699951  3888.649902  3888.649902    19504962
2023-01-06 14:15:00-05:00  3888.639893  3891.370117  3888.639893  3891.010010  3891.010010    18959597
2023-01-06 14:20:00-05:00  3891.010010  3894.629883  3890.989990  3894.229980  3894.229980    21095274
2023-01-06 14:25:00-05:00  3894.689941  3894.739990  3890.969971  3891.239990  3891.239990    20496336
2023-01-06 14:30:00-05:00  3891.260010  3894.110107  3891.260010  3893.270020  3893.270020    18135584
2023-01-06 14:35:00-05:00  3893.239990  3896.979980  3892.250000  3896.479980  3896.479980    18921582
2023-01-06 14:40:00-05:00  3896.389893  3897.260010  3894.379883  3896.790039  3896.790039    17953236
2023-01-06 14:45:00-05:00  3896.770020  3896.820068  3892.909912  3896.139893  3896.139893    21364787
2023-01-06 14:50:00-05:00  3896.159912  3900.280029  3895.500000  3900.280029  3900.280029    20664608
2023-01-06 14:55:00-05:00  3900.340088  3901.040039  3899.010010  3899.189941  3899.189941    21315723
2023-01-06 15:00:00-05:00  3899.159912  3905.209961  3899.159912  3904.260010  3904.260010    24884365
2023-01-06 15:05:00-05:00  3904.209961  3905.510010  3903.320068  3905.090088  3905.090088    23208001
2023-01-06 15:10:00-05:00  3905.229980  3905.790039  3902.120117  3904.530029  3904.530029    24041594
2023-01-06 15:15:00-05:00  3904.570068  3906.189941  3901.110107  3901.669922  3901.669922    24803675
2023-01-06 15:20:00-05:00  3901.679932  3901.739990  3897.350098  3900.139893  3900.139893    27411689
2023-01-06 15:25:00-05:00  3900.340088  3900.669922  3897.610107  3897.879883  3897.879883    24452277
2023-01-06 15:30:00-05:00  3897.870117  3903.520020  3897.780029  3901.610107  3901.610107    31895922
2023-01-06 15:35:00-05:00  3901.570068  3902.219971  3898.810059  3901.510010  3901.510010    30970744
2023-01-06 15:40:00-05:00  3901.510010  3903.510010  3901.280029  3902.850098  3902.850098    33278618
2023-01-06 15:45:00-05:00  3902.820068  3904.669922  3900.010010  3900.010010  3900.010010    48215813
2023-01-06 15:50:00-05:00  3899.790039  3899.790039  3893.020020  3894.469971  3894.469971    77153300
2023-01-06 15:55:00-05:00  3894.659912  3897.310059  3891.870117  3894.199951  3894.199951   129589592
2023-01-09 09:30:00-05:00  3910.820068  3920.949951  3910.820068  3915.020020  3915.020020           0
2023-01-09 09:35:00-05:00  3914.889893  3916.320068  3907.810059  3912.129883  3912.129883    42929129
2023-01-09 09:40:00-05:00  3912.070068  3918.699951  3910.419922  3918.320068  3918.320068    36282031
2023-01-09 09:45:00-05:00  3918.389893  3924.760010  3918.389893  3924.199951  3924.199951    51860694
2023-01-09 09:50:00-05:00  3924.310059  3929.320068  3922.489990  3927.689941  3927.689941    36710406
2023-01-09 09:55:00-05:00  3927.790039  3930.229980  3925.570068  3930.120117  3930.120117    35047033
2023-01-09 10:00:00-05:00  3930.219971  3934.229980  3929.840088  3933.110107  3933.110107    37734764
2023-01-09 10:05:00-05:00  3933.179932  3933.760010  3930.149902  3931.219971  3931.219971    31918751
2023-01-09 10:10:00-05:00  3931.239990  3933.750000  3926.919922  3928.290039  3928.290039    32292814
2023-01-09 10:15:00-05:00  3928.120117  3933.719971  3928.080078  3932.469971  3932.469971    29603335
2023-01-09 10:20:00-05:00  3932.500000  3934.939941  3927.969971  3928.879883  3928.879883    28964424
2023-01-09 10:25:00-05:00  3928.909912  3930.500000  3926.919922  3928.600098  3928.600098    27040665
2023-01-09 10:30:00-05:00  3928.500000  3937.129883  3928.419922  3936.530029  3936.530029    28921822
2023-01-09 10:35:00-05:00  3936.540039  3940.969971  3936.399902  3939.610107  3939.610107    28550701
2023-01-09 10:40:00-05:00  3939.620117  3940.850098  3936.750000  3940.530029  3940.530029    25768946
2023-01-09 10:45:00-05:00  3940.669922  3945.870117  3940.629883  3945.600098  3945.600098    25977320
2023-01-09 10:50:00-05:00  3945.639893  3946.050049  3943.800049  3944.879883  3944.879883    25163806
2023-01-09 10:55:00-05:00  3944.870117  3945.419922  3939.959961  3939.969971  3939.969971    26105545
2023-01-09 11:00:00-05:00  3939.959961  3944.479980  3939.959961  3944.469971  3944.469971    23470109
2023-01-09 11:05:00-05:00  3944.500000  3946.860107  3943.919922  3945.780029  3945.780029    21815427
2023-01-09 11:10:00-05:00  3945.739990  3949.110107  3945.300049  3948.969971  3948.969971    23977897
2023-01-09 11:15:00-05:00  3948.979980  3950.449951  3947.239990  3947.409912  3947.409912    23820355
2023-01-09 11:20:00-05:00  3947.389893  3949.909912  3946.879883  3949.370117  3949.370117    22741897
2023-01-09 11:25:00-05:00  3949.330078  3950.570068  3949.050049  3949.310059  3949.310059    23010885
2023-01-09 11:30:00-05:00  3949.350098  3950.080078  3944.540039  3944.540039  3944.540039    30489568
2023-01-09 11:35:00-05:00  3944.550049  3946.649902  3942.820068  3943.050049  3943.050049    21485574
2023-01-09 11:40:00-05:00  3943.020020  3945.159912  3942.409912  3944.909912  3944.909912    18373192
2023-01-09 11:45:00-05:00  3944.889893  3946.320068  3944.000000  3945.530029  3945.530029    23526240
2023-01-09 11:50:00-05:00  3945.590088  3949.479980  3945.229980  3949.260010  3949.260010    20666020
2023-01-09 11:55:00-05:00  3949.270020  3949.270020  3945.959961  3947.330078  3947.330078    18595547
2023-01-09 12:00:00-05:00  3947.290039  3947.290039  3943.500000  3944.590088  3944.590088    19119404
2023-01-09 12:05:00-05:00  3944.560059  3944.790039  3941.389893  3942.939941  3942.939941    16490914
2023-01-09 12:10:00-05:00  3942.919922  3944.610107  3942.340088  3942.399902  3942.399902    18708340
2023-01-09 12:15:00-05:00  3942.409912  3942.750000  3938.459961  3939.209961  3939.209961    19162547
2023-01-09 12:20:00-05:00  3939.250000  3940.850098  3939.090088  3940.840088  3940.840088    16803557
2023-01-09 12:25:00-05:00  3940.860107  3942.959961  3939.770020  3942.659912  3942.659912    17697349
2023-01-09 12:30:00-05:00  3942.659912  3943.040039  3939.360107  3939.360107  3939.360107    15665422
2023-01-09 12:35:00-05:00  3939.389893  3939.479980  3934.409912  3934.510010  3934.510010    17930787
2023-01-09 12:40:00-05:00  3934.560059  3934.689941  3932.689941  3932.719971  3932.719971    17142868
2023-01-09 12:45:00-05:00  3932.689941  3936.969971  3932.610107  3935.100098  3935.100098    18824632
2023-01-09 12:50:00-05:00  3935.149902  3937.340088  3934.810059  3936.479980  3936.479980    16606685
2023-01-09 12:55:00-05:00  3936.489990  3937.590088  3935.409912  3937.010010  3937.010010    17479881
2023-01-09 13:00:00-05:00  3936.959961  3937.840088  3933.510010  3933.510010  3933.510010    17723487
2023-01-09 13:05:00-05:00  3933.469971  3934.040039  3930.610107  3930.820068  3930.820068    17669398
2023-01-09 13:10:00-05:00  3930.870117  3933.270020  3929.370117  3933.060059  3933.060059    18813375
2023-01-09 13:15:00-05:00  3933.030029  3934.370117  3931.969971  3933.669922  3933.669922    16182939
2023-01-09 13:20:00-05:00  3933.659912  3936.639893  3933.110107  3935.709961  3935.709961    17999941
2023-01-09 13:25:00-05:00  3935.729980  3935.729980  3931.669922  3933.790039  3933.790039    17743395
2023-01-09 13:30:00-05:00  3933.790039  3933.800049  3929.330078  3929.379883  3929.379883    17573942
2023-01-09 13:35:00-05:00  3929.340088  3929.340088  3922.280029  3925.010010  3925.010010    22199130
2023-01-09 13:40:00-05:00  3925.010010  3925.010010  3916.760010  3917.199951  3917.199951    21641700
2023-01-09 13:45:00-05:00  3917.219971  3917.219971  3913.000000  3916.860107  3916.860107    22486156
2023-01-09 13:50:00-05:00  3916.919922  3918.530029  3914.620117  3917.669922  3917.669922    17737600
2023-01-09 13:55:00-05:00  3917.669922  3918.800049  3915.040039  3918.399902  3918.399902    18147435
2023-01-09 14:00:00-05:00  3918.370117  3924.330078  3918.239990  3922.030029  3922.030029    17199025
2023-01-09 14:05:00-05:00  3922.060059  3922.060059  3913.479980  3919.179932  3919.179932    21834531
2023-01-09 14:10:00-05:00  3919.199951  3921.120117  3917.120117  3918.439941  3918.439941    18909654
2023-01-09 14:15:00-05:00  3918.379883  3918.820068  3916.199951  3918.729980  3918.729980    15087936
2023-01-09 14:20:00-05:00  3918.790039  3921.800049  3918.439941  3921.020020  3921.020020    17280654
2023-01-09 14:25:00-05:00  3921.030029  3921.739990  3916.780029  3919.669922  3919.669922    18134154
2023-01-09 14:30:00-05:00  3919.659912  3920.669922  3915.969971  3916.840088  3916.840088    16653371
2023-01-09 14:35:00-05:00  3916.850098  3916.850098  3912.520020  3913.360107  3913.360107    17415304
2023-01-09 14:40:00-05:00  3913.350098  3914.959961  3911.929932  3914.560059  3914.560059    16933824
2023-01-09 14:45:00-05:00  3914.530029  3915.899902  3911.560059  3912.899902  3912.899902    16650373
2023-01-09 14:50:00-05:00  3912.889893  3913.199951  3910.629883  3911.860107  3911.860107    16269407
2023-01-09 14:55:00-05:00  3911.729980  3911.729980  3902.080078  3903.000000  3903.000000    21637933
2023-01-09 15:00:00-05:00  3902.840088  3905.439941  3902.090088  3903.439941  3903.439941    21796957
2023-01-09 15:05:00-05:00  3903.570068  3905.469971  3901.219971  3904.010010  3904.010010    23089817
2023-01-09 15:10:00-05:00  3904.010010  3904.699951  3897.090088  3897.090088  3897.090088    23392992
2023-01-09 15:15:00-05:00  3897.080078  3901.040039  3896.189941  3900.189941  3900.189941    26778259
2023-01-09 15:20:00-05:00  3900.199951  3904.010010  3899.919922  3901.550049  3901.550049           0
2023-01-09 15:25:00-05:00  3900.090088  3900.620117  3897.010010  3897.320068  3897.320068  1720079161
2023-01-09 15:30:00-05:00  3897.409912  3898.449951  3892.330078  3897.040039  3897.040039    33521848
2023-01-09 15:35:00-05:00  3897.040039  3897.260010  3893.659912  3894.169922  3894.169922    27055641
2023-01-09 15:40:00-05:00  3893.989990  3898.679932  3892.620117  3898.649902  3898.649902    33939851
2023-01-09 15:45:00-05:00  3898.689941  3898.909912  3890.570068  3893.639893  3893.639893    47458898
2023-01-09 15:50:00-05:00  3893.669922  3897.719971  3893.669922  3895.449951  3895.449951    74567070
2023-01-09 15:55:00-05:00  3895.219971  3895.219971  3890.419922  3892.149902  3892.149902   128918320
2023-01-10 09:30:00-05:00  3888.570068  3904.169922  3886.870117  3903.570068  3903.570068    67371228
2023-01-10 09:35:00-05:00  3903.550049  3905.699951  3898.419922  3899.780029  3899.780029    36360226
2023-01-10 09:40:00-05:00  3899.820068  3901.129883  3894.629883  3897.919922  3897.919922    37237850
2023-01-10 09:45:00-05:00  3897.929932  3900.780029  3886.479980  3892.530029  3892.530029    39529014
2023-01-10 09:50:00-05:00  3892.479980  3900.360107  3885.000000  3900.169922  3900.169922    35378113
2023-01-10 09:55:00-05:00  3900.040039  3903.590088  3895.590088  3898.189941  3898.189941    31426632
2023-01-10 10:00:00-05:00  3898.300049  3899.379883  3893.229980  3896.239990  3896.239990    28227095
2023-01-10 10:05:00-05:00  3896.429932  3900.800049  3896.000000  3898.060059  3898.060059    26790122
2023-01-10 10:10:00-05:00  3898.479980  3910.649902  3897.540039  3908.020020  3908.020020    30595479
2023-01-10 10:15:00-05:00  3908.310059  3913.580078  3905.149902  3905.149902  3905.149902    29677484
2023-01-10 10:20:00-05:00  3905.149902  3906.189941  3899.090088  3901.070068  3901.070068    26218415
2023-01-10 10:25:00-05:00  3900.879883  3905.239990  3894.610107  3896.280029  3896.280029    25510109
2023-01-10 10:30:00-05:00  3896.280029  3896.409912  3882.719971  3883.989990  3883.989990    33359015
2023-01-10 10:35:00-05:00  3883.830078  3888.000000  3882.659912  3887.040039  3887.040039    24636170
2023-01-10 10:40:00-05:00  3887.000000  3888.659912  3878.350098  3878.969971  3878.969971    26022820
2023-01-10 10:45:00-05:00  3878.860107  3884.879883  3877.290039  3883.239990  3883.239990    26765599
2023-01-10 10:50:00-05:00  3883.209961  3893.169922  3883.030029  3892.449951  3892.449951    24350178
2023-01-10 10:55:00-05:00  3892.429932  3898.729980  3891.439941  3897.419922  3897.419922    24063046
2023-01-10 11:00:00-05:00  3897.399902  3899.699951  3895.770020  3899.699951  3899.699951    20145536
2023-01-10 11:05:00-05:00  3899.830078  3899.899902  3896.820068  3896.939941  3896.939941    18689808
2023-01-10 11:10:00-05:00  3896.840088  3901.379883  3896.000000  3898.459961  3898.459961    20668837
2023-01-10 11:15:00-05:00  3898.320068  3900.709961  3895.570068  3896.669922  3896.669922    20252555
2023-01-10 11:20:00-05:00  3896.699951  3900.649902  3896.179932  3900.040039  3900.040039    19722268
2023-01-10 11:25:00-05:00  3899.989990  3900.030029  3892.800049  3893.949951  3893.949951    22775059
2023-01-10 11:30:00-05:00  3893.969971  3895.709961  3889.590088  3891.290039  3891.290039    19579039
2023-01-10 11:35:00-05:00  3891.280029  3894.189941  3890.290039  3890.360107  3890.360107    17550479
2023-01-10 11:40:00-05:00  3890.360107  3892.870117  3890.360107  3892.020020  3892.020020    14678195
2023-01-10 11:45:00-05:00  3891.860107  3892.979980  3887.860107  3892.979980  3892.979980    19045944
2023-01-10 11:50:00-05:00  3893.010010  3894.820068  3891.560059  3893.270020  3893.270020    14290263
2023-01-10 11:55:00-05:00  3893.280029  3897.040039  3893.270020  3894.860107  3894.860107    17252935
2023-01-10 12:00:00-05:00  3894.850098  3894.850098  3886.560059  3889.360107  3889.360107    20269192
2023-01-10 12:05:00-05:00  3889.340088  3895.149902  3889.340088  3895.000000  3895.000000    14863458
2023-01-10 12:10:00-05:00  3895.050049  3899.750000  3893.969971  3898.370117  3898.370117    15429252
2023-01-10 12:15:00-05:00  3898.379883  3898.729980  3893.239990  3893.500000  3893.500000    15720160
2023-01-10 12:20:00-05:00  3893.479980  3894.550049  3891.219971  3894.550049  3894.550049    15167660
2023-01-10 12:25:00-05:00  3895.080078  3895.719971  3893.310059  3893.870117  3893.870117    12895821
2023-01-10 12:30:00-05:00  3893.979980  3897.050049  3893.669922  3896.699951  3896.699951    14584103
2023-01-10 12:35:00-05:00  3896.669922  3904.790039  3896.090088  3904.790039  3904.790039    17770011
2023-01-10 12:40:00-05:00  3904.729980  3904.810059  3901.600098  3901.600098  3901.600098    14437679
2023-01-10 12:45:00-05:00  3901.379883  3901.860107  3899.929932  3901.139893  3901.139893    13462778
2023-01-10 12:50:00-05:00  3901.129883  3903.010010  3899.929932  3900.739990  3900.739990    13866198
2023-01-10 12:55:00-05:00  3900.699951  3902.250000  3900.649902  3901.590088  3901.590088    12127948
2023-01-10 13:00:00-05:00  3901.600098  3904.500000  3900.600098  3904.040039  3904.040039    17651929
2023-01-10 13:05:00-05:00  3903.909912  3906.969971  3903.179932  3906.830078  3906.830078    13937708
2023-01-10 13:10:00-05:00  3906.790039  3907.060059  3903.959961  3904.010010  3904.010010    14128212
2023-01-10 13:15:00-05:00  3903.969971  3904.310059  3900.080078  3901.209961  3901.209961    14999916
2023-01-10 13:20:00-05:00  3901.189941  3903.590088  3899.469971  3903.590088  3903.590088    12519892
2023-01-10 13:25:00-05:00  3903.500000  3904.500000  3902.810059  3903.139893  3903.139893    12604617
2023-01-10 13:30:00-05:00  3903.110107  3906.129883  3902.070068  3905.909912  3905.909912    15131935
2023-01-10 13:35:00-05:00  3905.919922  3908.659912  3905.909912  3907.620117  3907.620117    16424125
2023-01-10 13:40:00-05:00  3907.649902  3909.250000  3905.449951  3905.530029  3905.530029    16349822
2023-01-10 13:45:00-05:00  3905.560059  3907.080078  3904.469971  3907.080078  3907.080078    15368912
2023-01-10 13:50:00-05:00  3907.120117  3907.379883  3905.360107  3905.590088  3905.590088    13687980
2023-01-10 13:55:00-05:00  3905.639893  3909.489990  3903.360107  3909.010010  3909.010010    17667648
2023-01-10 14:00:00-05:00  3909.030029  3912.570068  3909.030029  3910.669922  3910.669922    18774842
2023-01-10 14:05:00-05:00  3910.679932  3911.830078  3908.120117  3911.209961  3911.209961    16496563
2023-01-10 14:10:00-05:00  3911.270020  3913.979980  3910.580078  3912.310059  3912.310059    19815968
2023-01-10 14:15:00-05:00  3912.260010  3913.949951  3912.120117  3913.629883  3913.629883    17591159
2023-01-10 14:20:00-05:00  3913.639893  3914.820068  3911.110107  3911.729980  3911.729980    16531960
2023-01-10 14:25:00-05:00  3911.719971  3913.060059  3909.830078  3912.870117  3912.870117    17908648
2023-01-10 14:30:00-05:00  3912.870117  3915.649902  3911.830078  3913.879883  3913.879883    18211120
2023-01-10 14:35:00-05:00  3913.899902  3914.610107  3910.870117  3910.929932  3910.929932    17184650
2023-01-10 14:40:00-05:00  3910.909912  3911.050049  3909.199951  3909.389893  3909.389893    15493838
2023-01-10 14:45:00-05:00  3909.250000  3909.850098  3906.770020  3909.360107  3909.360107    16680258
2023-01-10 14:50:00-05:00  3909.409912  3909.830078  3907.350098  3908.699951  3908.699951    16171127
2023-01-10 14:55:00-05:00  3908.729980  3909.870117  3907.570068  3908.620117  3908.620117    16385179
2023-01-10 15:00:00-05:00  3908.629883  3909.270020  3904.530029  3906.379883  3906.379883    21315962
2023-01-10 15:05:00-05:00  3906.379883  3906.669922  3901.889893  3906.229980  3906.229980    22934859
2023-01-10 15:10:00-05:00  3906.270020  3908.270020  3903.649902  3908.270020  3908.270020    21022962
2023-01-10 15:15:00-05:00  3908.280029  3911.199951  3908.110107  3910.810059  3910.810059    22974482
2023-01-10 15:20:00-05:00  3910.800049  3910.979980  3907.989990  3908.949951  3908.949951    21278842
2023-01-10 15:25:00-05:00  3908.959961  3910.610107  3908.620117  3908.919922  3908.919922    21690471
2023-01-10 15:30:00-05:00  3908.959961  3910.469971  3907.110107  3910.449951  3910.449951    29036569
2023-01-10 15:35:00-05:00  3910.459961  3911.330078  3909.239990  3910.310059  3910.310059    26100546
2023-01-10 15:40:00-05:00  3910.310059  3910.550049  3908.139893  3909.479980  3909.479980    32203874
2023-01-10 15:45:00-05:00  3909.530029  3912.419922  3908.969971  3911.379883  3911.379883    39062134
2023-01-10 15:50:00-05:00  3911.449951  3915.800049  3911.449951  3915.120117  3915.120117    69116615
2023-01-10 15:55:00-05:00  3915.129883  3919.830078  3915.129883  3919.409912  3919.409912   117109376
2023-01-11 09:30:00-05:00  3932.350098  3939.100098  3932.350098  3935.669922  3935.669922    38070584
2023-01-11 09:35:00-05:00  3935.639893  3941.629883  3935.639893  3939.629883  3939.629883    39377731
2023-01-11 09:40:00-05:00  3939.590088  3945.239990  3938.770020  3943.979980  3943.979980    34283806
2023-01-11 09:45:00-05:00  3944.020020  3945.070068  3941.149902  3941.179932  3941.179932    34582623
2023-01-11 09:50:00-05:00  3941.290039  3942.280029  3935.300049  3936.959961  3936.959961    32626017
2023-01-11 09:55:00-05:00  3937.040039  3939.080078  3934.399902  3937.439941  3937.439941    33095995
2023-01-11 10:00:00-05:00  3937.310059  3938.540039  3934.909912  3936.939941  3936.939941    33310713
2023-01-11 10:05:00-05:00  3936.949951  3942.030029  3936.949951  3941.590088  3941.590088    30630247
2023-01-11 10:10:00-05:00  3941.570068  3942.760010  3938.199951  3939.110107  3939.110107    28024756
2023-01-11 10:15:00-05:00  3939.159912  3940.149902  3936.169922  3938.729980  3938.729980    31080890
2023-01-11 10:20:00-05:00  3938.729980  3942.229980  3937.229980  3940.729980  3940.729980    46643365
2023-01-11 10:25:00-05:00  3940.790039  3944.669922  3939.909912  3944.389893  3944.389893    28365684
2023-01-11 10:30:00-05:00  3944.489990  3944.489990  3936.439941  3936.860107  3936.860107    30554053
2023-01-11 10:35:00-05:00  3936.979980  3937.729980  3932.590088  3934.419922  3934.419922    24670198