                                  Open         High          Low        Close    Adj Close     Volume
Datetime                                                                                             
2022-11-08 10:50:00-05:00  3840.320068  3841.399902  3836.179932  3836.659912  3836.659912          0
2022-11-08 10:55:00-05:00  3836.689941  3837.820068  3836.070068  3837.800049  3837.800049          0
2022-11-08 11:00:00-05:00  3837.870117  3838.629883  3835.229980  3836.080078  3836.080078  708477533
2022-11-08 11:05:00-05:00  3836.120117  3840.379883  3834.129883  3840.020020  3840.020020   24124940
2022-11-08 11:10:00-05:00  3840.030029  3844.790039  3840.030029  3844.399902  3844.399902   26045055
2022-11-08 11:15:00-05:00  3844.379883  3845.699951  3843.840088  3844.510010  3844.510010   25262110
2022-11-08 11:20:00-05:00  3844.500000  3849.459961  3844.500000  3848.520020  3848.520020   29174908
2022-11-08 11:25:00-05:00  3848.500000  3849.780029  3846.800049  3849.510010  3849.510010   24510675
2022-11-08 11:30:00-05:00  3849.060059  3855.050049  3849.000000  3854.760010  3854.760010   26810884
2022-11-08 11:35:00-05:00  3854.729980  3857.679932  3854.489990  3857.590088  3857.590088   23708250
2022-11-08 11:40:00-05:00  3857.570068  3859.399902  3855.270020  3855.379883  3855.379883   23827935
2022-11-08 11:45:00-05:00  3855.350098  3855.929932  3852.129883  3852.389893  3852.389893   23225184
2022-11-08 11:50:00-05:00  3852.370117  3854.939941  3849.340088  3854.870117  3854.870117   23297382
2022-11-08 11:55:00-05:00  3854.889893  3854.919922  3852.739990  3853.790039  3853.790039   19852890
2022-11-08 12:00:00-05:00  3853.810059  3855.409912  3852.929932  3853.040039  3853.040039   20801726
2022-11-08 12:05:00-05:00  3853.020020  3853.939941  3851.929932  3853.729980  3853.729980   20761001
2022-11-08 12:10:00-05:00  3853.729980  3855.830078  3850.830078  3850.830078  3850.830078   20928696
2022-11-08 12:15:00-05:00  3850.810059  3851.000000  3848.199951  3850.169922  3850.169922   22495799
2022-11-08 12:20:00-05:00  3850.239990  3851.169922  3848.639893  3851.139893  3851.139893   18071312
2022-11-08 12:25:00-05:00  3851.129883  3852.330078  3850.129883  3852.100098  3852.100098   19438779
2022-11-08 12:30:00-05:00  3852.100098  3853.840088  3849.169922  3851.629883  3851.629883   21171825
2022-11-08 12:35:00-05:00  3851.649902  3852.360107  3848.919922  3852.360107  3852.360107   16813060
2022-11-08 12:40:00-05:00  3852.340088  3856.260010  3852.120117  3855.570068  3855.570068   18810435
2022-11-08 12:45:00-05:00  3855.679932  3856.000000  3853.290039  3853.969971  3853.969971   17738594
2022-11-08 12:50:00-05:00  3853.939941  3854.330078  3850.179932  3851.090088  3851.090088   17497555
2022-11-08 12:55:00-05:00  3851.020020  3854.169922  3851.020020  3853.550049  3853.550049   16131813
2022-11-08 13:00:00-05:00  3853.500000  3857.149902  3852.169922  3856.560059  3856.560059   19474295
2022-11-08 13:05:00-05:00  3856.520020  3858.459961  3854.489990  3857.959961  3857.959961   19671629
2022-11-08 13:10:00-05:00  3857.979980  3858.550049  3856.750000  3856.989990  3856.989990   16354296
2022-11-08 13:15:00-05:00  3856.989990  3857.030029  3850.189941  3850.189941  3850.189941   18390279
2022-11-08 13:20:00-05:00  3850.060059  3850.060059  3835.320068  3837.239990  3837.239990   28972201
2022-11-08 13:25:00-05:00  3837.280029  3837.459961  3825.229980  3826.909912  3826.909912   26118405
2022-11-08 13:30:00-05:00  3826.780029  3826.780029  3818.939941  3826.260010  3826.260010   28514723
2022-11-08 13:35:00-05:00  3826.260010  3830.169922  3826.020020  3830.169922  3830.169922   22271300
2022-11-08 13:40:00-05:00  3830.139893  3833.590088  3829.709961  3831.500000  3831.500000   19219718
2022-11-08 13:45:00-05:00  3831.449951  3833.229980  3827.830078  3827.830078  3827.830078   20259968
2022-11-08 13:50:00-05:00  3827.879883  3831.800049  3822.629883  3824.739990  3824.739990   21330830
2022-11-08 13:55:00-05:00  3825.379883  3826.989990  3813.820068  3816.199951  3816.199951   27269513
2022-11-08 14:00:00-05:00  3816.189941  3820.909912  3815.149902  3817.489990  3817.489990   20649396
2022-11-08 14:05:00-05:00  3817.419922  3818.360107  3810.459961  3810.719971  3810.719971   22000935
2022-11-08 14:10:00-05:00  3810.739990  3815.199951  3808.010010  3815.199951  3815.199951   21609370
2022-11-08 14:15:00-05:00  3815.219971  3817.149902  3812.399902  3812.620117  3812.620117   21568474
2022-11-08 14:20:00-05:00  3812.449951  3813.239990  3796.979980  3797.169922  3797.169922   29300394
2022-11-08 14:25:00-05:00  3797.360107  3797.510010  3789.870117  3789.889893  3789.889893   28772053
2022-11-08 14:30:00-05:00  3789.889893  3793.850098  3786.280029  3793.850098  3793.850098   28949759
2022-11-08 14:35:00-05:00  3793.850098  3806.889893  3793.850098  3806.419922  3806.419922   28326587
2022-11-08 14:40:00-05:00  3806.370117  3814.810059  3805.270020  3813.770020  3813.770020   24017680
2022-11-08 14:45:00-05:00  3813.580078  3818.260010  3811.209961  3816.719971  3816.719971   23104388
2022-11-08 14:50:00-05:00  3816.719971  3821.310059  3814.750000  3818.449951  3818.449951   22445449
2022-11-08 14:55:00-05:00  3818.459961  3819.199951  3815.030029  3815.030029  3815.030029   19019361
2022-11-08 15:00:00-05:00  3815.010010  3827.100098  3814.189941  3823.790039  3823.790039   25207154
2022-11-08 15:05:00-05:00  3823.800049  3826.439941  3820.949951  3823.729980  3823.729980   22761166
2022-11-08 15:10:00-05:00  3823.689941  3827.070068  3821.550049  3825.800049  3825.800049   21676534
2022-11-08 15:15:00-05:00  3825.860107  3829.830078  3824.370117  3829.689941  3829.689941   24478142
2022-11-08 15:20:00-05:00  3829.689941  3831.449951  3827.489990  3829.070068  3829.070068   25255180
2022-11-08 15:25:00-05:00  3829.149902  3837.419922  3828.169922  3837.330078  3837.330078   30609808
2022-11-08 15:30:00-05:00  3837.330078  3845.909912  3836.989990  3845.189941  3845.189941   37786488
2022-11-08 15:35:00-05:00  3845.129883  3849.000000  3842.739990  3842.820068  3842.820068   39594634
2022-11-08 15:40:00-05:00  3842.810059  3844.090088  3837.889893  3838.439941  3838.439941   36776864
2022-11-08 15:45:00-05:00  3838.439941  3845.000000  3838.340088  3839.870117  3839.870117   46764298
2022-11-08 15:50:00-05:00  3839.959961  3841.800049  3834.270020  3834.379883  3834.379883   61964609
2022-11-08 15:55:00-05:00  3834.070068  3834.070068  3826.389893  3828.340088  3828.340088   69283619
2022-11-09 09:30:00-05:00  3810.939941  3810.939941  3795.629883  3796.659912  3796.659912          0
2022-11-09 09:35:00-05:00  3796.760010  3801.320068  3792.699951  3795.070068  3795.070068   47027333
2022-11-09 09:40:00-05:00  3795.020020  3801.850098  3793.840088  3799.639893  3799.639893   43731361
2022-11-09 09:45:00-05:00  3799.800049  3807.770020  3798.909912  3802.840088  3802.840088   40170337
2022-11-09 09:50:00-05:00  3802.689941  3802.729980  3796.600098  3799.850098  3799.850098   41163613
2022-11-09 09:55:00-05:00  3799.879883  3800.590088  3790.580078  3794.770020  3794.770020   33856524
2022-11-09 10:00:00-05:00  3794.689941  3805.129883  3793.360107  3804.669922  3804.669922   37565616
2022-11-09 10:05:00-05:00  3804.689941  3815.530029  3804.489990  3815.510010  3815.510010   39415165
2022-11-09 10:10:00-05:00  3815.300049  3815.969971  3809.290039  3813.649902  3813.649902   30923894
2022-11-09 10:15:00-05:00  3813.629883  3818.199951  3810.449951  3814.399902  3814.399902   29193073
2022-11-09 10:20:00-05:00  3814.500000  3817.139893  3812.250000  3813.909912  3813.909912   28282736
2022-11-09 10:25:00-05:00  3813.949951  3814.870117  3801.889893  3803.149902  3803.149902   30144297
2022-11-09 10:30:00-05:00  3803.169922  3806.679932  3791.070068  3796.060059  3796.060059   37654374
2022-11-09 10:35:00-05:00  3795.780029  3798.689941  3791.979980  3794.090088  3794.090088   26472987
2022-11-09 10:40:00-05:00  3794.070068  3795.810059  3789.260010  3793.760010  3793.760010   27789231
2022-11-09 10:45:00-05:00  3793.790039  3797.000000  3793.570068  3795.899902  3795.899902   23211867
2022-11-09 10:50:00-05:00  3795.919922  3796.330078  3790.879883  3791.010010  3791.010010   21300296
2022-11-09 10:55:00-05:00  3790.959961  3792.959961  3786.739990  3789.620117  3789.620117   28817924
2022-11-09 11:00:00-05:00  3789.620117  3795.270020  3789.570068  3793.229980  3793.229980   22326484
2022-11-09 11:05:00-05:00  3793.239990  3800.629883  3790.830078  3799.669922  3799.669922   25662290
2022-11-09 11:10:00-05:00  3799.590088  3800.290039  3797.320068  3798.489990  3798.489990   20871113
2022-11-09 11:15:00-05:00  3798.379883  3803.709961  3798.030029  3800.830078  3800.830078   22095820
2022-11-09 11:20:00-05:00  3800.790039  3801.800049  3793.610107  3795.590088  3795.590088   21779784
2022-11-09 11:25:00-05:00  3795.689941  3802.500000  3795.689941  3799.229980  3799.229980   21108524
2022-11-09 11:30:00-05:00  3799.169922  3799.169922  3793.669922  3794.040039  3794.040039   21296279
2022-11-09 11:35:00-05:00  3794.050049  3797.830078  3793.729980  3795.949951  3795.949951   19259801
2022-11-09 11:40:00-05:00  3795.959961  3809.090088  3795.149902  3808.840088  3808.840088   25079773
2022-11-09 11:45:00-05:00  3808.909912  3809.260010  3805.870117  3805.929932  3805.929932   20297551
2022-11-09 11:50:00-05:00  3805.870117  3808.290039  3803.699951  3803.939941  3803.939941   17924623
2022-11-09 11:55:00-05:00  3803.919922  3804.840088  3797.540039  3798.219971  3798.219971   18443068
2022-11-09 12:00:00-05:00  3798.229980  3800.050049  3797.000000  3798.459961  3798.459961   15727084
2022-11-09 12:05:00-05:00  3798.510010  3798.649902  3792.510010  3794.679932  3794.679932   19477550
2022-11-09 12:10:00-05:00  3794.719971  3795.260010  3792.629883  3792.850098  3792.850098   16928647
2022-11-09 12:15:00-05:00  3792.919922  3795.030029  3790.189941  3794.379883  3794.379883   18021378
2022-11-09 12:20:00-05:00  3794.320068  3795.669922  3792.100098  3792.489990  3792.489990   16585667
2022-11-09 12:25:00-05:00  3792.459961  3793.429932  3788.699951  3790.909912  3790.909912   17786826
2022-11-09 12:30:00-05:00  3790.820068  3796.629883  3790.399902  3796.629883  3796.629883   28337491
2022-11-09 12:35:00-05:00  3796.659912  3796.659912  3789.129883  3789.129883  3789.129883   17283556
2022-11-09 12:40:00-05:00  3789.110107  3790.750000  3787.060059  3788.110107  3788.110107   19432854
2022-11-09 12:45:00-05:00  3788.010010  3790.770020  3787.479980  3790.399902  3790.399902   16458864
2022-11-09 12:50:00-05:00  3790.389893  3792.649902  3789.739990  3790.250000  3790.250000   15836917
2022-11-09 12:55:00-05:00  3790.219971  3792.260010  3788.260010  3792.219971  3792.219971   16540509
2022-11-09 13:00:00-05:00  3792.239990  3794.679932  3784.199951  3787.270020  3787.270020   26830771
2022-11-09 13:05:00-05:00  3787.149902  3787.899902  3784.100098  3786.229980  3786.229980   17283308
2022-11-09 13:10:00-05:00  3786.290039  3787.699951  3780.699951  3786.459961  3786.459961   21793585
2022-11-09 13:15:00-05:00  3786.510010  3788.629883  3784.899902  3785.979980  3785.979980   16786411
2022-11-09 13:20:00-05:00  3785.969971  3787.040039  3782.939941  3782.939941  3782.939941   17179132
2022-11-09 13:25:00-05:00  3782.949951  3784.000000  3779.209961  3779.909912  3779.909912   19681332
2022-11-09 13:30:00-05:00  3779.929932  3779.929932  3770.790039  3770.790039  3770.790039   28656096
2022-11-09 13:35:00-05:00  3770.750000  3770.750000  3766.330078  3766.979980  3766.979980   24133305
2022-11-09 13:40:00-05:00  3767.010010  3771.260010  3766.030029  3769.560059  3769.560059   22974124
2022-11-09 13:45:00-05:00  3769.560059  3769.560059  3763.909912  3766.280029  3766.280029   22228696
2022-11-09 13:50:00-05:00  3766.280029  3766.729980  3764.189941  3764.350098  3764.350098   17572205
2022-11-09 13:55:00-05:00  3764.360107  3768.449951  3762.320068  3768.409912  3768.409912   21848763
2022-11-09 14:00:00-05:00  3768.389893  3769.209961  3764.949951  3768.989990  3768.989990   21369499
2022-11-09 14:05:00-05:00  3768.919922  3774.649902  3767.129883  3773.489990  3773.489990   21251188
2022-11-09 14:10:00-05:00  3773.469971  3775.239990  3770.169922  3774.699951  3774.699951   18618397
2022-11-09 14:15:00-05:00  3774.760010  3774.760010  3770.050049  3772.929932  3772.929932   18594539
2022-11-09 14:20:00-05:00  3773.000000  3773.929932  3768.139893  3769.909912  3769.909912   19086430
2022-11-09 14:25:00-05:00  3769.840088  3772.750000  3769.739990  3771.350098  3771.350098   17958939
2022-11-09 14:30:00-05:00  3771.379883  3771.379883  3762.189941  3762.280029  3762.280029   23710563
2022-11-09 14:35:00-05:00  3762.280029  3763.439941  3758.810059  3759.639893  3759.639893   20941565
2022-11-09 14:40:00-05:00  3759.550049  3764.260010  3758.340088  3762.739990  3762.739990   22258637
2022-11-09 14:45:00-05:00  3762.770020  3763.959961  3756.280029  3758.000000  3758.000000   20791445
2022-11-09 14:50:00-05:00  3758.290039  3758.290039  3753.719971  3756.080078  3756.080078   20650632
2022-11-09 14:55:00-05:00  3756.040039  3756.040039  3753.780029  3755.750000  3755.750000   22094160
2022-11-09 15:00:00-05:00  3755.739990  3761.429932  3754.639893  3761.419922  3761.419922   24364503
2022-11-09 15:05:00-05:00  3761.570068  3768.919922  3761.399902  3766.439941  3766.439941   25306356
2022-11-09 15:10:00-05:00  3766.350098  3766.350098  3761.409912  3761.510010  3761.510010   22853716
2022-11-09 15:15:00-05:00  3761.489990  3763.699951  3760.719971  3763.699951  3763.699951   25051178
2022-11-09 15:20:00-05:00  3764.189941  3764.209961  3758.659912  3758.760010  3758.760010   27762825
2022-11-09 15:25:00-05:00  3758.810059  3761.969971  3758.129883  3760.780029  3760.780029   27424275
2022-11-09 15:30:00-05:00  3760.830078  3761.219971  3755.199951  3760.489990  3760.489990   35516371
2022-11-09 15:35:00-05:00  3760.709961  3761.020020  3754.979980  3754.979980  3754.979980   33881287
2022-11-09 15:40:00-05:00  3754.909912  3754.909912  3750.570068  3750.570068  3750.570068   42257703
2022-11-09 15:45:00-05:00  3750.540039  3753.050049  3744.219971  3745.209961  3745.209961   53351951
2022-11-09 15:50:00-05:00  3745.320068  3753.439941  3745.320068  3748.919922  3748.919922   76768734
2022-11-09 15:55:00-05:00  3748.909912  3751.000000  3747.050049  3749.159912  3749.159912   69303755
2022-11-10 09:30:00-05:00  3859.889893  3886.219971  3859.889893  3874.000000  3874.000000  118103980
2022-11-10 09:35:00-05:00  3873.979980  3882.479980  3870.729980  3876.340088  3876.340088   70272805
2022-11-10 09:40:00-05:00  3876.159912  3878.270020  3864.750000  3875.389893  3875.389893   61741916
2022-11-10 09:45:00-05:00  3875.500000  3889.379883  3875.429932  3889.330078  3889.330078   65763020
2022-11-10 09:50:00-05:00  3889.149902  3893.649902  3883.250000  3889.540039  3889.540039   55503227
2022-11-10 09:55:00-05:00  3889.699951  3905.290039  3889.699951  3905.290039  3905.290039   50448789
2022-11-10 10:00:00-05:00  3905.949951  3912.139893  3901.060059  3905.770020  3905.770020   57974156
2022-11-10 10:05:00-05:00  3905.510010  3908.070068  3901.689941  3906.120117  3906.120117   47420247
2022-11-10 10:10:00-05:00  3905.889893  3907.129883  3896.979980  3896.979980  3896.979980   41767339
2022-11-10 10:15:00-05:00  3896.689941  3903.050049  3896.689941  3899.290039  3899.290039   41107077
2022-11-10 10:20:00-05:00  3899.429932  3908.030029  3897.229980  3906.760010  3906.760010   43587019
2022-11-10 10:25:00-05:00  3906.639893  3906.639893  3902.649902  3905.110107  3905.110107   39717210
2022-11-10 10:30:00-05:00  3905.070068  3907.120117  3894.800049  3897.000000  3897.000000   42202373
2022-11-10 10:35:00-05:00  3897.020020  3898.860107  3889.800049  3889.800049  3889.800049   36803694
2022-11-10 10:40:00-05:00  3889.790039  3902.530029  3887.709961  3899.709961  3899.709961   37744022
2022-11-10 10:45:00-05:00  3899.709961  3907.860107  3897.139893  3907.860107  3907.860107   36025264
2022-11-10 10:50:00-05:00  3907.830078  3910.830078  3906.750000  3908.439941  3908.439941   40740909
2022-11-10 10:55:00-05:00  3908.419922  3913.889893  3905.610107  3912.020020  3912.020020   35538366
2022-11-10 11:00:00-05:00  3912.209961  3913.850098  3905.909912  3905.909912  3905.909912   36042010
2022-11-10 11:05:00-05:00  3905.830078  3910.899902  3902.629883  3904.060059  3904.060059   33837128
2022-11-10 11:10:00-05:00  3903.919922  3911.379883  3903.899902  3911.379883  3911.379883   30853861
2022-11-10 11:15:00-05:00  3911.520020  3911.659912  3905.500000  3909.979980  3909.979980   29310596
2022-11-10 11:20:00-05:00  3909.949951  3915.699951  3909.439941  3913.580078  3913.580078   28716597
2022-11-10 11:25:00-05:00  3913.479980  3915.399902  3910.899902  3914.969971  3914.969971   29895330
2022-11-10 11:30:00-05:00  3915.179932  3922.590088  3915.179932  3921.820068  3921.820068   35872966
2022-11-10 11:35:00-05:00  3921.889893  3924.389893  3919.419922  3924.389893  3924.389893   30058472
2022-11-10 11:40:00-05:00  3924.419922  3924.669922  3918.570068  3918.570068  3918.570068   27884032
2022-11-10 11:45:00-05:00  3918.610107  3921.929932  3918.350098  3921.760010  3921.760010   27422667
2022-11-10 11:50:00-05:00  3921.699951  3924.010010  3921.209961  3922.350098  3922.350098   27087305
2022-11-10 11:55:00-05:00  3922.340088  3927.610107  3922.280029  3926.280029  3926.280029   29408372
2022-11-10 12:00:00-05:00  3926.310059  3926.310059  3921.969971  3923.590088  3923.590088   28944129
2022-11-10 12:05:00-05:00  3923.620117  3923.620117  3917.540039  3918.800049  3918.800049   30456840
2022-11-10 12:10:00-05:00  3918.729980  3919.139893  3915.429932  3915.899902  3915.899902   25056775
2022-11-10 12:15:00-05:00  3915.870117  3922.050049  3915.870117  3921.489990  3921.489990   28218807
2022-11-10 12:20:00-05:00  3921.479980  3921.590088  3916.729980  3917.560059  3917.560059   22950036
2022-11-10 12:25:00-05:00  3917.550049  3917.840088  3913.060059  3913.870117  3913.870117   24447619
2022-11-10 12:30:00-05:00  3914.050049  3914.050049  3905.580078  3908.500000  3908.500000   29246036
2022-11-10 12:35:00-05:00  3908.669922  3910.850098  3904.510010  3904.679932  3904.679932   23694545
2022-11-10 12:40:00-05:00  3904.760010  3910.110107  3901.989990  3909.860107  3909.860107   24714570
2022-11-10 12:45:00-05:00  3909.800049  3909.800049  3900.010010  3902.479980  3902.479980   25704618
2022-11-10 12:50:00-05:00  3902.489990  3905.169922  3900.290039  3900.860107  3900.860107   21597478
2022-11-10 12:55:00-05:00  3901.050049  3902.189941  3897.820068  3898.469971  3898.469971   22734367
2022-11-10 13:00:00-05:00  3898.409912  3908.719971  3898.409912  3908.090088  3908.090088   29929521
2022-11-10 13:05:00-05:00  3908.100098  3910.110107  3906.290039  3909.500000  3909.500000   21833552
2022-11-10 13:10:00-05:00  3909.540039  3913.560059  3907.209961  3913.560059  3913.560059   22970676
2022-11-10 13:15:00-05:00  3913.889893  3916.219971  3911.370117  3912.689941  3912.689941   21768298
2022-11-10 13:20:00-05:00  3912.699951  3913.939941  3906.520020  3907.149902  3907.149902   19435387
2022-11-10 13:25:00-05:00  3906.989990  3913.639893  3906.379883  3913.590088  3913.590088   18774036
2022-11-10 13:30:00-05:00  3913.540039  3915.199951  3908.969971  3911.729980  3911.729980   20250069
2022-11-10 13:35:00-05:00  3911.790039  3913.229980  3910.229980  3912.070068  3912.070068   18778969
2022-11-10 13:40:00-05:00  3912.139893  3917.669922  3910.729980  3917.520020  3917.520020   22195389
2022-11-10 13:45:00-05:00  3917.469971  3922.469971  3917.469971  3921.310059  3921.310059   23039400
2022-11-10 13:50:00-05:00  3921.219971  3921.580078  3916.800049  3919.659912  3919.659912   20008644
2022-11-10 13:55:00-05:00  3919.669922  3922.899902  3918.760010  3920.570068  3920.570068   21390430
2022-11-10 14:00:00-05:00  3920.560059  3925.080078  3919.919922  3923.979980  3923.979980   19867203
2022-11-10 14:05:00-05:00  3924.000000  3925.409912  3921.939941  3924.979980  3924.979980   22752409
2022-11-10 14:10:00-05:00  3924.909912  3925.699951  3924.360107  3925.350098  3925.350098   20260060
2022-11-10 14:15:00-05:00  3925.340088  3925.610107  3922.219971  3922.239990  3922.239990   23174394
2022-11-10 14:20:00-05:00  3922.159912  3922.159912  3917.669922  3921.260010  3921.260010   22364740
2022-11-10 14:25:00-05:00  3921.260010  3925.550049  3920.800049  3924.120117  3924.120117   22527802
2022-11-10 14:30:00-05:00  3924.080078  3924.379883  3920.800049  3924.000000  3924.000000   22307968
2022-11-10 14:35:00-05:00  3924.030029  3924.800049  3921.780029  3923.860107  3923.860107   21396744
2022-11-10 14:40:00-05:00  3923.879883  3924.540039  3920.699951  3922.179932  3922.179932   21971737
2022-11-10 14:45:00-05:00  3922.219971  3924.719971  3921.610107  3922.830078  3922.830078   21540581
2022-11-10 14:50:00-05:00  3922.840088  3929.060059  3921.840088  3928.560059  3928.560059   22155631
2022-11-10 14:55:00-05:00  3928.570068  3930.979980  3927.699951  3930.409912  3930.409912   22697938
2022-11-10 15:00:00-05:00  3930.409912  3931.570068  3927.939941  3929.010010  3929.010010   24826953
2022-11-10 15:05:00-05:00  3929.090088  3937.370117  3929.040039  3937.370117  3937.370117   30431007
2022-11-10 15:10:00-05:00  3937.429932  3940.939941  3936.840088  3940.370117  3940.370117   32669244
2022-11-10 15:15:00-05:00  3940.360107  3941.770020  3937.530029  3937.580078  3937.580078   31708540
2022-11-10 15:20:00-05:00  3937.600098  3941.100098  3936.639893  3940.100098  3940.100098   31792205
2022-11-10 15:25:00-05:00  3940.050049  3942.919922  3937.689941  3942.389893  3942.389893   37186526
2022-11-10 15:30:00-05:00  3942.409912  3945.570068  3940.669922  3941.429932  3941.429932   44472861
2022-11-10 15:35:00-05:00  3941.479980  3943.310059  3940.739990  3942.889893  3942.889893   42513842
2022-11-10 15:40:00-05:00  3942.899902  3948.820068  3941.489990  3946.419922  3946.419922   58514502
2022-11-10 15:45:00-05:00  3946.399902  3949.919922  3944.929932  3949.270020  3949.270020   64232775
2022-11-10 15:50:00-05:00  3949.110107  3957.899902  3949.110107  3957.139893  3957.139893   83675344
2022-11-10 15:55:00-05:00  3957.110107  3958.330078  3951.419922  3954.340088  3954.340088   88510841
2022-11-11 09:30:00-05:00  3963.719971  3966.229980  3954.570068  3956.489990  3956.489990   93497092
2022-11-11 09:35:00-05:00  3956.000000  3958.750000  3949.489990  3949.489990  3949.489990   52292801
2022-11-11 09:40:00-05:00  3949.590088  3951.800049  3944.820068  3949.439941  3949.439941   49666165
2022-11-11 09:45:00-05:00  3949.449951  3963.790039  3949.449951  3963.510010  3963.510010   53432133
2022-11-11 09:50:00-05:00  3963.429932  3968.870117  3962.320068  3962.540039  3962.540039   46612355
2022-11-11 09:55:00-05:00  3962.520020  3967.320068  3958.030029  3959.270020  3959.270020   43314886
2022-11-11 10:00:00-05:00  3959.139893  3967.189941  3946.600098  3960.820068  3960.820068   51868237
2022-11-11 10:05:00-05:00  3960.919922  3970.889893  3954.389893  3959.360107  3959.360107   43321846
2022-11-11 10:10:00-05:00  3959.709961  3974.100098  3958.929932  3971.870117  3971.870117   40859848
2022-11-11 10:15:00-05:00  3971.959961  3978.699951  3971.840088  3976.770020  3976.770020   68662309
2022-11-11 10:20:00-05:00  3976.899902  3983.090088  3976.330078  3977.840088  3977.840088   43119035
2022-11-11 10:25:00-05:00  3977.729980  3981.070068  3975.330078  3978.580078  3978.580078   37330558
2022-11-11 10:30:00-05:00  3978.280029  3979.669922  3973.679932  3974.459961  3974.459961   36912851
2022-11-11 10:35:00-05:00  3974.750000  3975.879883  3966.840088  3971.179932  3971.179932   37717589
2022-11-11 10:40:00-05:00  3971.100098  3972.550049  3967.350098  3972.129883  3972.129883   32860750
2022-11-11 10:45:00-05:00  3972.580078  3980.060059  3971.929932  3979.830078  3979.830078   36048257
2022-11-11 10:50:00-05:00  3979.830078  3981.459961  3975.189941  3975.209961  3975.209961   36347884
2022-11-11 10:55:00-05:00  3974.510010  3974.510010  3970.419922  3971.330078  3971.330078   34524697
2022-11-11 11:00:00-05:00  3971.290039  3978.540039  3971.290039  3976.729980  3976.729980   33549292
2022-11-11 11:05:00-05:00  3976.840088  3977.530029  3962.189941  3962.919922  3962.919922   34918521
2022-11-11 11:10:00-05:00  3962.800049  3963.719971  3958.290039  3959.870117  3959.870117   34388020
2022-11-11 11:15:00-05:00  3959.800049  3964.820068  3956.139893  3964.679932  3964.679932   32666814
2022-11-11 11:20:00-05:00  3964.620117  3965.250000  3957.250000  3959.010010  3959.010010   29294009
2022-11-11 11:25:00-05:00  3959.000000  3961.580078  3952.090088  3952.090088  3952.090088   30169760
2022-11-11 11:30:00-05:00  3952.030029  3955.929932  3948.750000  3952.439941  3952.439941   33403078
2022-11-11 11:35:00-05:00  3952.360107  3957.979980  3952.000000  3954.149902  3954.149902   29560390
2022-11-11 11:40:00-05:00  3953.889893  3960.580078  3952.709961  3958.229980  3958.229980   28415422
2022-11-11 11:45:00-05:00  3958.250000  3961.179932  3953.510010  3961.010010  3961.010010   26628188
2022-11-11 11:50:00-05:00  3961.159912  3964.310059  3959.590088  3960.389893  3960.389893   26876044
2022-11-11 11:55:00-05:00  3960.340088  3963.350098  3958.320068  3960.290039  3960.290039   24270737
2022-11-11 12:00:00-05:00  3960.169922  3960.169922  3955.070068  3959.580078  3959.580078   26956380
2022-11-11 12:05:00-05:00  3959.830078  3960.219971  3955.620117  3959.580078  3959.580078   22685082
2022-11-11 12:10:00-05:00  3959.600098  3967.780029  3959.570068  3966.800049  3966.800049   27601756
2022-11-11 12:15:00-05:00  3966.729980  3969.860107  3966.530029  3967.580078  3967.580078   26530038
2022-11-11 12:20:00-05:00  3967.610107  3968.409912  3965.840088  3967.689941  3967.689941   21217545
2022-11-11 12:25:00-05:00  3967.669922  3968.659912  3966.239990  3967.370117  3967.370117   20449100
2022-11-11 12:30:00-05:00  3967.469971  3971.820068  3965.070068  3966.129883  3966.129883   26770453
2022-11-11 12:35:00-05:00  3965.790039  3968.600098  3964.780029  3965.020020  3965.020020   21061120
2022-11-11 12:40:00-05:00  3964.929932  3966.070068  3961.530029  3965.969971  3965.969971   22073189
2022-11-11 12:45:00-05:00  3966.010010  3968.179932  3964.760010  3965.139893  3965.139893   24282481
2022-11-11 12:50:00-05:00  3965.199951  3968.229980  3964.739990  3968.100098  3968.100098   21883386
2022-11-11 12:55:00-05:00  3968.229980  3973.909912  3968.229980  3969.909912  3969.909912   24290727
2022-11-11 13:00:00-05:00  3969.909912  3975.370117  3969.639893  3974.489990  3974.489990   23286688
2022-11-11 13:05:00-05:00  3974.489990  3977.870117  3973.870117  3977.449951  3977.449951   20478474
2022-11-11 13:10:00-05:00  3977.419922  3981.290039  3977.100098  3977.129883  3977.129883   24678361
2022-11-11 13:15:00-05:00  3977.139893  3982.649902  3976.469971  3981.659912  3981.659912   24835793
2022-11-11 13:20:00-05:00  3981.639893  3983.290039  3978.909912  3983.280029  3983.280029   24718747
2022-11-11 13:25:00-05:00  3983.290039  3985.570068  3981.659912  3985.429932  3985.429932   24555025
2022-11-11 13:30:00-05:00  3985.449951  3989.540039  3984.669922  3988.810059  3988.810059   27230906
2022-11-11 13:35:00-05:00  3988.790039  3988.979980  3980.909912  3983.629883  3983.629883   26581637
2022-11-11 13:40:00-05:00  3983.629883  3986.179932  3981.570068  3984.520020  3984.520020   24460921
2022-11-11 13:45:00-05:00  3984.530029  3985.929932  3981.590088  3985.929932  3985.929932   22879231
2022-11-11 13:50:00-05:00  3985.939941  3990.149902  3985.629883  3989.129883  3989.129883   24138598
2022-11-11 13:55:00-05:00  3989.090088  3990.989990  3987.659912  3989.750000  3989.750000   22782090
2022-11-11 14:00:00-05:00  3989.750000  3991.169922  3987.260010  3990.939941  3990.939941   23560412
2022-11-11 14:05:00-05:00  3990.989990  3994.149902  3989.580078  3992.239990  3992.239990   26235625
2022-11-11 14:10:00-05:00  3992.129883  3992.620117  3988.270020  3989.830078  3989.830078   21517188
2022-11-11 14:15:00-05:00  3990.000000  3990.100098  3985.189941  3986.729980  3986.729980   23463653
2022-11-11 14:20:00-05:00  3986.719971  3993.449951  3986.699951  3993.110107  3993.110107   25666449
2022-11-11 14:25:00-05:00  3993.050049  3996.610107  3991.639893  3996.330078  3996.330078   24801801
2022-11-11 14:30:00-05:00  3996.139893  3998.310059  3995.090088  3997.879883  3997.879883   25237735
2022-11-11 14:35:00-05:00  3997.899902  3998.169922  3996.010010  3998.120117  3998.120117   24487303
2022-11-11 14:40:00-05:00  3998.090088  4000.080078  3997.600098  3999.469971  3999.469971   25173622
2022-11-11 14:45:00-05:00  3999.479980  4000.169922  3996.330078  3996.570068  3996.570068   24001100
2022-11-11 14:50:00-05:00  3996.540039  3999.479980  3995.550049  3998.870117  3998.870117   23751885
2022-11-11 14:55:00-05:00  3998.870117  4001.479980  3997.169922  4000.379883  4000.379883   25490893
2022-11-11 15:00:00-05:00  4000.340088  4000.790039  3993.500000  3993.739990  3993.739990   28979547
2022-11-11 15:05:00-05:00  3993.770020  3995.149902  3987.820068  3988.909912  3988.909912   33034090
2022-11-11 15:10:00-05:00  3988.879883  3989.129883  3982.270020  3985.020020  3985.020020   35114934
2022-11-11 15:15:00-05:00  3984.989990  3987.830078  3981.929932  3987.360107  3987.360107   33602592
2022-11-11 15:20:00-05:00  3987.360107  3991.080078  3986.719971  3988.060059  3988.060059   31367476
2022-11-11 15:25:00-05:00  3987.989990  3995.129883  3987.659912  3993.939941  3993.939941   34007298
2022-11-11 15:30:00-05:00  3993.949951  3997.379883  3993.709961  3993.729980  3993.729980   36125847
2022-11-11 15:35:00-05:00  3993.750000  3993.750000  3988.080078  3993.149902  3993.149902   38584879
2022-11-11 15:40:00-05:00  3993.169922  3996.479980  3992.469971  3996.300049  3996.300049   41955285
2022-11-11 15:45:00-05:00  3996.280029  3998.530029  3995.610107  3998.530029  3998.530029   56796972
2022-11-11 15:50:00-05:00  3998.570068  4001.280029  3994.580078  3997.610107  3997.610107   74814442
2022-11-11 15:55:00-05:00  3997.560059  3997.560059  3990.159912  3992.209961  3992.209961   76002825
2022-11-14 09:30:00-05:00  3977.969971  3981.679932  3973.820068  3975.959961  3975.959961          0
2022-11-14 09:35:00-05:00  3975.879883  3983.790039  3974.790039  3983.530029  3983.530029   44139517
2022-11-14 09:40:00-05:00  3983.500000  3984.300049  3971.350098  3972.209961  3972.209961   43182474
2022-11-14 09:45:00-05:00  3972.270020  3974.070068  3966.389893  3973.149902  3973.149902   45387580
2022-11-14 09:50:00-05:00  3973.120117  3977.520020  3972.820068  3975.290039  3975.290039   39779340
2022-11-14 09:55:00-05:00  3975.389893  3979.149902  3973.770020  3977.739990  3977.739990   67420321
2022-11-14 10:00:00-05:00  3977.929932  3985.550049  3977.929932  3982.580078  3982.580078   38819488
2022-11-14 10:05:00-05:00  3982.550049  3989.270020  3979.719971  3987.830078  3987.830078   36354381
2022-11-14 10:10:00-05:00  3987.709961  3991.649902  3985.489990  3990.020020  3990.020020   33788148
2022-11-14 10:15:00-05:00  3990.060059  3996.479980  3990.060059  3992.510010  3992.510010   32163027
2022-11-14 10:20:00-05:00  3992.429932  3995.179932  3989.100098  3989.100098  3989.100098   30397008
2022-11-14 10:25:00-05:00  3989.020020  3989.560059  3983.229980  3986.290039  3986.290039   28040503
2022-11-14 10:30:00-05:00  3986.260010  3991.760010  3984.270020  3990.209961  3990.209961   29667876
2022-11-14 10:35:00-05:00  3990.280029  3990.280029  3986.020020  3989.610107  3989.610107   30187172
2022-11-14 10:40:00-05:00  3989.610107  3994.050049  3989.530029  3990.669922  3990.669922   27152171
2022-11-14 10:45:00-05:00  3990.669922  3990.889893  3987.899902  3988.439941  3988.439941   26646335
2022-11-14 10:50:00-05:00  3988.399902  3991.280029  3986.719971  3990.989990  3990.989990   26558742
2022-11-14 10:55:00-05:00  3990.870117  3995.050049  3989.659912  3991.699951  3991.699951   29317979
2022-11-14 11:00:00-05:00  3991.500000  3993.199951  3985.290039  3986.330078  3986.330078   31231874
2022-11-14 11:05:00-05:00  3986.560059  3988.610107  3984.379883  3987.110107  3987.110107   22494761
2022-11-14 11:10:00-05:00  3987.100098  3987.370117  3976.560059  3977.520020  3977.520020   26583211
2022-11-14 11:15:00-05:00  3977.550049  3978.520020  3971.389893  3973.379883  3973.379883   24273609
2022-11-14 11:20:00-05:00  3973.439941  3976.810059  3972.780029  3975.060059  3975.060059   25994570
2022-11-14 11:25:00-05:00  3975.040039  3977.469971  3974.530029  3975.510010  3975.510010   23642377
2022-11-14 11:30:00-05:00  3975.409912  3987.600098  3973.629883  3987.600098  3987.600098   29302140
2022-11-14 11:35:00-05:00  3987.850098  3990.860107  3986.699951  3987.000000  3987.000000   23877305
2022-11-14 11:40:00-05:00  3987.010010  3989.159912  3985.560059  3987.399902  3987.399902   21069996
2022-11-14 11:45:00-05:00  3987.389893  3991.659912  3987.389893  3990.010010  3990.010010   22930557
2022-11-14 11:50:00-05:00  3989.989990  3990.790039  3984.189941  3985.110107  3985.110107   21273608
2022-11-14 11:55:00-05:00  3985.159912  3986.870117  3983.669922  3985.909912  3985.909912   21638737
2022-11-14 12:00:00-05:00  3985.939941  3993.270020  3984.350098  3991.379883  3991.379883   24318302
2022-11-14 12:05:00-05:00  3991.449951  3992.989990  3990.250000  3991.510010  3991.510010   21582916
2022-11-14 12:10:00-05:00  3991.649902  3993.669922  3989.760010  3991.340088  3991.340088   19431778
2022-11-14 12:15:00-05:00  3991.540039  3993.669922  3989.070068  3989.070068  3989.070068   21294071
2022-11-14 12:20:00-05:00  3988.969971  3988.969971  3982.270020  3987.870117  3987.870117   21341099
2022-11-14 12:25:00-05:00  3987.870117  3991.870117  3987.110107  3991.610107  3991.610107   18595010
2022-11-14 12:30:00-05:00  3991.550049  3996.000000  3991.199951  3995.219971  3995.219971   17569451
2022-11-14 12:35:00-05:00  3995.250000  3999.310059  3994.719971  3999.310059  3999.310059   19994562
2022-11-14 12:40:00-05:00  3999.310059  3999.310059  3995.860107  3996.580078  3996.580078   19387721
2022-11-14 12:45:00-05:00  3996.550049  3998.929932  3995.689941  3998.020020  3998.020020   17741481
2022-11-14 12:50:00-05:00  3997.969971  3998.469971  3996.530029  3996.560059  3996.560059   17681664
2022-11-14 12:55:00-05:00  3996.590088  3996.909912  3991.699951  3993.550049  3993.550049   19669571
2022-11-14 13:00:00-05:00  3993.530029  3995.550049  3991.790039  3994.949951  3994.949951   17118855
2022-11-14 13:05:00-05:00  3994.989990  3996.699951  3993.409912  3994.479980  3994.479980   18291046
2022-11-14 13:10:00-05:00  3994.590088  3998.909912  3994.590088  3998.889893  3998.889893   16910804
2022-11-14 13:15:00-05:00  3998.780029  4000.760010  3997.560059  4000.760010  4000.760010   16494256
2022-11-14 13:20:00-05:00  4000.810059  4004.000000  4000.590088  4003.620117  4003.620117   19897714
2022-11-14 13:25:00-05:00  4003.620117  4008.110107  4003.110107  4007.360107  4007.360107   19084755
2022-11-14 13:30:00-05:00  4007.360107  4007.399902  4004.540039  4006.830078  4006.830078   20221540
2022-11-14 13:35:00-05:00  4006.870117  4008.719971  4005.479980  4007.070068  4007.070068   21699903
2022-11-14 13:40:00-05:00  4006.989990  4007.020020  4004.949951  4006.459961  4006.459961   16439857
2022-11-14 13:45:00-05:00  4006.419922  4006.419922  4004.110107  4005.489990  4005.489990   16638538
2022-11-14 13:50:00-05:00  4005.590088  4008.820068  4005.229980  4007.659912  4007.659912   18743308
2022-11-14 13:55:00-05:00  4007.699951  4008.739990  4007.090088  4008.649902  4008.649902   16827873
2022-11-14 14:00:00-05:00  4008.629883  4008.969971  4005.439941  4006.270020  4006.270020   23201276
2022-11-14 14:05:00-05:00  4006.229980  4006.300049  4002.229980  4004.020020  4004.020020   18571234
2022-11-14 14:10:00-05:00  4004.040039  4004.310059  4002.239990  4004.310059  4004.310059   17015545
2022-11-14 14:15:00-05:00  4004.419922  4004.689941  3999.810059  4002.449951  4002.449951   21919341
2022-11-14 14:20:00-05:00  4002.479980  4002.830078  4000.280029  4002.219971  4002.219971   17745060
2022-11-14 14:25:00-05:00  4002.080078  4005.020020  4000.719971  4005.020020  4005.020020   21087492
2022-11-14 14:30:00-05:00  4005.040039  4005.879883  4001.199951  4001.199951  4001.199951   21174625
2022-11-14 14:35:00-05:00  4001.179932  4002.560059  3998.699951  3998.699951  3998.699951   20447920
2022-11-14 14:40:00-05:00  3998.659912  4000.050049  3996.379883  3998.229980  3998.229980   21960243
2022-11-14 14:45:00-05:00  3998.199951  3998.830078  3993.090088  3994.199951  3994.199951   22754723
2022-11-14 14:50:00-05:00  3994.139893  3996.709961  3993.810059  3994.389893  3994.389893   20491357
2022-11-14 14:55:00-05:00  3994.419922  3996.649902  3994.419922  3994.870117  3994.870117   20353656
2022-11-14 15:00:00-05:00  3994.830078  3999.879883  3994.830078  3999.850098  3999.850098   23237361
2022-11-14 15:05:00-05:00  3999.860107  4002.090088  3995.780029  3995.790039  3995.790039   23594829
2022-11-14 15:10:00-05:00  3995.820068  3996.290039  3984.560059  3984.800049  3984.800049   28578929
2022-11-14 15:15:00-05:00  3984.830078  3985.919922  3982.149902  3985.780029  3985.780029   27821831
2022-11-14 15:20:00-05:00  3985.629883  3988.340088  3985.110107  3988.100098  3988.100098   25068598
2022-11-14 15:25:00-05:00  3988.030029  3989.139893  3986.000000  3986.010010  3986.010010   24049427
2022-11-14 15:30:00-05:00  3986.010010  3986.379883  3979.919922  3979.919922  3979.919922   36202523
2022-11-14 15:35:00-05:00  3979.929932  3983.969971  3979.469971  3982.379883  3982.379883   35707837
2022-11-14 15:40:00-05:00  3982.379883  3983.739990  3977.459961  3977.709961  3977.709961   36012923
2022-11-14 15:45:00-05:00  3977.750000  3978.520020  3972.340088  3972.580078  3972.580078   48360658
2022-11-14 15:50:00-05:00  3972.639893  3974.629883  3965.550049  3965.639893  3965.639893   77380422
2022-11-14 15:55:00-05:00  3965.679932  3965.679932  3956.399902  3957.350098  3957.350098  138216191
2022-11-15 09:30:00-05:00  4006.409912  4028.340088  4006.409912  4021.469971  4021.469971   49804734
2022-11-15 09:35:00-05:00  4021.219971  4028.840088  4021.219971  4021.679932  4021.679932   50069978
2022-11-15 09:40:00-05:00  4021.810059  4025.169922  4017.370117  4017.679932  4017.679932   46065671
2022-11-15 09:45:00-05:00  4017.909912  4018.800049  4007.439941  4010.629883  4010.629883   45017186
2022-11-15 09:50:00-05:00  4010.649902  4015.239990  4010.649902  4011.030029  4011.030029   38344479
2022-11-15 09:55:00-05:00  4010.850098  4023.689941  4010.850098  4022.989990  4022.989990   50341959
2022-11-15 10:00:00-05:00  4023.040039  4028.370117  4022.300049  4025.020020  4025.020020   43004616
2022-11-15 10:05:00-05:00  4025.100098  4027.139893  4015.860107  4016.179932  4016.179932   38684672
2022-11-15 10:10:00-05:00  4016.270020  4019.889893  4013.979980  4015.729980  4015.729980   34143642
2022-11-15 10:15:00-05:00  4015.830078  4018.959961  4011.610107  4012.010010  4012.010010   30545636
2022-11-15 10:20:00-05:00  4012.290039  4020.179932  4009.689941  4019.790039  4019.790039   30484709
2022-11-15 10:25:00-05:00  4019.889893  4024.840088  4019.889893  4022.639893  4022.639893   29573066
2022-11-15 10:30:00-05:00  4022.840088  4025.939941  4020.479980  4025.260010  4025.260010   30059338
2022-11-15 10:35:00-05:00  4025.219971  4025.689941  4017.500000  4019.570068  4019.570068   22385462