                                  Open         High          Low        Close    Adj Close     Volume
Datetime                                                                                             
2023-03-20 10:50:00-04:00  3944.080078  3944.689941  3939.290039  3941.270020  3941.270020          0
2023-03-20 10:55:00-04:00  3941.199951  3947.110107  3940.479980  3946.459961  3946.459961   28719365
2023-03-20 11:00:00-04:00  3946.360107  3952.580078  3946.260010  3949.620117  3949.620117   30387877
2023-03-20 11:05:00-04:00  3949.610107  3951.989990  3949.330078  3949.669922  3949.669922   29734328
2023-03-20 11:10:00-04:00  3949.590088  3949.780029  3944.260010  3947.689941  3947.689941   28826525
2023-03-20 11:15:00-04:00  3947.689941  3947.860107  3943.280029  3947.399902  3947.399902   23261840
2023-03-20 11:20:00-04:00  3947.479980  3949.149902  3946.760010  3947.800049  3947.800049   22274268
2023-03-20 11:25:00-04:00  3947.860107  3956.530029  3947.750000  3955.770020  3955.770020   27323283
2023-03-20 11:30:00-04:00  3955.870117  3956.620117  3950.120117  3951.879883  3951.879883   23736600
2023-03-20 11:35:00-04:00  3951.889893  3952.719971  3949.540039  3951.530029  3951.530029   20558320
2023-03-20 11:40:00-04:00  3951.540039  3951.979980  3948.209961  3948.379883  3948.379883   22109758
2023-03-20 11:45:00-04:00  3948.389893  3949.120117  3946.010010  3946.320068  3946.320068   24242210
2023-03-20 11:50:00-04:00  3946.360107  3948.709961  3942.550049  3943.290039  3943.290039   26922947
2023-03-20 11:55:00-04:00  3943.219971  3944.750000  3939.760010  3940.020020  3940.020020   30635707
2023-03-20 12:00:00-04:00  3940.050049  3941.590088  3938.760010  3940.520020  3940.520020   25893595
2023-03-20 12:05:00-04:00  3940.489990  3940.489990  3931.510010  3931.510010  3931.510010   28444395
2023-03-20 12:10:00-04:00  3931.520020  3931.709961  3923.379883  3928.270020  3928.270020   33896100
2023-03-20 12:15:00-04:00  3928.209961  3931.010010  3926.610107  3928.399902  3928.399902   25681546
2023-03-20 12:20:00-04:00  3928.439941  3932.989990  3927.590088  3931.020020  3931.020020   24212181
2023-03-20 12:25:00-04:00  3931.169922  3932.969971  3928.120117  3932.889893  3932.889893   22750847
2023-03-20 12:30:00-04:00  3932.959961  3935.590088  3932.770020  3934.989990  3934.989990   23907376
2023-03-20 12:35:00-04:00  3934.939941  3935.969971  3932.750000  3935.939941  3935.939941   19728294
2023-03-20 12:40:00-04:00  3935.939941  3936.830078  3933.580078  3935.229980  3935.229980   25113881
2023-03-20 12:45:00-04:00  3935.310059  3938.469971  3933.439941  3937.320068  3937.320068   22144066
2023-03-20 12:50:00-04:00  3937.360107  3943.659912  3937.360107  3943.060059  3943.060059   21192139
2023-03-20 12:55:00-04:00  3943.060059  3947.179932  3942.919922  3944.790039  3944.790039   24142561
2023-03-20 13:00:00-04:00  3944.739990  3947.439941  3944.350098  3946.260010  3946.260010   20133504
2023-03-20 13:05:00-04:00  3946.320068  3952.870117  3946.209961  3949.409912  3949.409912   26809748
2023-03-20 13:10:00-04:00  3949.340088  3951.649902  3949.310059  3950.840088  3950.840088   18487258
2023-03-20 13:15:00-04:00  3950.860107  3953.580078  3950.860107  3952.129883  3952.129883   21230803
2023-03-20 13:20:00-04:00  3952.209961  3952.429932  3949.979980  3951.649902  3951.649902   19607206
2023-03-20 13:25:00-04:00  3951.620117  3952.149902  3948.179932  3948.689941  3948.689941   20445647
2023-03-20 13:30:00-04:00  3948.659912  3952.199951  3948.409912  3948.679932  3948.679932   18471963
2023-03-20 13:35:00-04:00  3948.520020  3948.530029  3945.219971  3947.590088  3947.590088   23817991
2023-03-20 13:40:00-04:00  3947.620117  3951.330078  3947.620117  3950.040039  3950.040039   24082415
2023-03-20 13:45:00-04:00  3950.070068  3950.080078  3946.479980  3948.350098  3948.350098   18928362
2023-03-20 13:50:00-04:00  3948.360107  3948.360107  3943.709961  3943.709961  3943.709961   20477174
2023-03-20 13:55:00-04:00  3943.729980  3947.030029  3943.729980  3945.790039  3945.790039   18785686
2023-03-20 14:00:00-04:00  3945.780029  3946.959961  3942.159912  3942.429932  3942.429932   22237979
2023-03-20 14:05:00-04:00  3942.469971  3943.260010  3939.350098  3939.750000  3939.750000   19494059
2023-03-20 14:10:00-04:00  3939.770020  3943.739990  3939.610107  3941.909912  3941.909912   20627991
2023-03-20 14:15:00-04:00  3942.030029  3944.260010  3940.060059  3943.810059  3943.810059   22775350
2023-03-20 14:20:00-04:00  3943.790039  3948.229980  3943.469971  3947.209961  3947.209961   22612733
2023-03-20 14:25:00-04:00  3947.270020  3948.050049  3945.010010  3945.129883  3945.129883   24810003
2023-03-20 14:30:00-04:00  3945.209961  3946.100098  3939.939941  3941.870117  3941.870117   25396445
2023-03-20 14:35:00-04:00  3941.879883  3941.879883  3937.060059  3937.159912  3937.159912   23172476
2023-03-20 14:40:00-04:00  3937.219971  3940.520020  3935.639893  3939.510010  3939.510010   20900707
2023-03-20 14:45:00-04:00  3939.639893  3942.909912  3939.159912  3942.340088  3942.340088   20255169
2023-03-20 14:50:00-04:00  3942.310059  3947.719971  3942.310059  3944.370117  3944.370117   27581681
2023-03-20 14:55:00-04:00  3944.360107  3945.729980  3941.090088  3942.620117  3942.620117   22875271
2023-03-20 15:00:00-04:00  3942.570068  3944.639893  3940.419922  3943.360107  3943.360107   23447218
2023-03-20 15:05:00-04:00  3943.409912  3945.500000  3940.620117  3940.929932  3940.929932   26827156
2023-03-20 15:10:00-04:00  3940.939941  3942.659912  3939.250000  3941.290039  3941.290039   25729435
2023-03-20 15:15:00-04:00  3941.280029  3944.439941  3939.530029  3943.989990  3943.989990   28654460
2023-03-20 15:20:00-04:00  3944.010010  3944.290039  3938.570068  3941.649902  3941.649902   28295617
2023-03-20 15:25:00-04:00  3941.659912  3946.449951  3941.659912  3945.270020  3945.270020   30737915
2023-03-20 15:30:00-04:00  3945.209961  3948.879883  3943.850098  3947.459961  3947.459961   38282931
2023-03-20 15:35:00-04:00  3947.510010  3949.409912  3946.260010  3947.739990  3947.739990   36847855
2023-03-20 15:40:00-04:00  3947.679932  3950.340088  3946.629883  3949.010010  3949.010010   40593013
2023-03-20 15:45:00-04:00  3948.250000  3952.040039  3946.370117  3950.969971  3950.969971   55079037
2023-03-20 15:50:00-04:00  3951.020020  3956.270020  3951.020020  3952.199951  3952.199951   81592013
2023-03-20 15:55:00-04:00  3952.080078  3952.310059  3949.620117  3950.830078  3950.830078  127060344
2023-03-21 09:30:00-04:00  3975.889893  3995.340088  3975.889893  3994.510010  3994.510010          0
2023-03-21 09:35:00-04:00  3994.729980  3995.610107  3990.919922  3990.919922  3990.919922   50942326
2023-03-21 09:40:00-04:00  3990.929932  3993.679932  3989.520020  3990.530029  3990.530029   44874295
2023-03-21 09:45:00-04:00  3990.540039  3993.600098  3987.110107  3989.830078  3989.830078   49771138
2023-03-21 09:50:00-04:00  3989.979980  3991.189941  3988.889893  3990.909912  3990.909912   44339397
2023-03-21 09:55:00-04:00  3990.899902  3995.120117  3990.830078  3994.449951  3994.449951   42589727
2023-03-21 10:00:00-04:00  3994.590088  3998.510010  3990.540039  3990.540039  3990.540039   47618261
2023-03-21 10:05:00-04:00  3990.600098  3991.290039  3984.949951  3987.760010  3987.760010   40632629
2023-03-21 10:10:00-04:00  3987.689941  3992.840088  3985.629883  3986.000000  3986.000000   40721508
2023-03-21 10:15:00-04:00  3985.979980  3986.000000  3981.649902  3983.639893  3983.639893   39121760
2023-03-21 10:20:00-04:00  3983.500000  3984.139893  3977.889893  3978.580078  3978.580078   37231303
2023-03-21 10:25:00-04:00  3978.469971  3980.219971  3976.010010  3979.610107  3979.610107   34690883
2023-03-21 10:30:00-04:00  3979.639893  3981.510010  3977.570068  3978.030029  3978.030029   33605961
2023-03-21 10:35:00-04:00  3978.110107  3981.399902  3975.120117  3980.820068  3980.820068   33357655
2023-03-21 10:40:00-04:00  3980.989990  3982.620117  3977.729980  3980.219971  3980.219971   28320752
2023-03-21 10:45:00-04:00  3980.310059  3985.419922  3980.159912  3984.800049  3984.800049   31908962
2023-03-21 10:50:00-04:00  3984.780029  3984.870117  3976.139893  3976.600098  3976.600098   31500503
2023-03-21 10:55:00-04:00  3976.570068  3978.659912  3974.280029  3977.590088  3977.590088   31550038
2023-03-21 11:00:00-04:00  3977.739990  3980.050049  3976.989990  3978.000000  3978.000000   26211202
2023-03-21 11:05:00-04:00  3978.020020  3981.820068  3977.469971  3981.330078  3981.330078   25824474
2023-03-21 11:10:00-04:00  3981.340088  3987.110107  3981.340088  3986.669922  3986.669922   28846938
2023-03-21 11:15:00-04:00  3986.679932  3987.760010  3985.979980  3987.689941  3987.689941   26453317
2023-03-21 11:20:00-04:00  3987.629883  3988.120117  3985.939941  3987.040039  3987.040039   25243943
2023-03-21 11:25:00-04:00  3987.060059  3987.459961  3983.379883  3984.419922  3984.419922   28150221
2023-03-21 11:30:00-04:00  3984.389893  3987.939941  3984.199951  3985.399902  3985.399902   27768349
2023-03-21 11:35:00-04:00  3985.389893  3985.629883  3977.760010  3978.760010  3978.760010   31833669
2023-03-21 11:40:00-04:00  3978.860107  3979.620117  3973.770020  3975.090088  3975.090088   31415062
2023-03-21 11:45:00-04:00  3974.969971  3975.209961  3971.189941  3975.060059  3975.060059   28523393
2023-03-21 11:50:00-04:00  3975.129883  3977.389893  3974.540039  3976.500000  3976.500000   25044410
2023-03-21 11:55:00-04:00  3976.520020  3977.209961  3973.709961  3974.429932  3974.429932   22289903
2023-03-21 12:00:00-04:00  3974.340088  3975.560059  3972.090088  3973.439941  3973.439941   22630691
2023-03-21 12:05:00-04:00  3973.290039  3976.449951  3973.159912  3976.129883  3976.129883   22424851
2023-03-21 12:10:00-04:00  3976.120117  3979.639893  3976.120117  3977.949951  3977.949951   21281122
2023-03-21 12:15:00-04:00  3977.889893  3980.010010  3977.260010  3977.889893  3977.889893   19959412
2023-03-21 12:20:00-04:00  3978.010010  3980.000000  3977.239990  3978.530029  3978.530029   18921321
2023-03-21 12:25:00-04:00  3978.479980  3981.909912  3978.479980  3980.800049  3980.800049   20720688
2023-03-21 12:30:00-04:00  3980.600098  3984.280029  3980.570068  3982.229980  3982.229980   23134713
2023-03-21 12:35:00-04:00  3982.199951  3982.459961  3979.350098  3979.379883  3979.379883   21779412
2023-03-21 12:40:00-04:00  3979.449951  3979.629883  3977.899902  3978.020020  3978.020020   18458638
2023-03-21 12:45:00-04:00  3978.050049  3979.620117  3976.310059  3978.500000  3978.500000   19726242
2023-03-21 12:50:00-04:00  3978.560059  3981.939941  3978.520020  3979.899902  3979.899902   20201666
2023-03-21 12:55:00-04:00  3979.929932  3982.050049  3979.090088  3979.500000  3979.500000   23093523
2023-03-21 13:00:00-04:00  3979.479980  3980.159912  3977.689941  3978.320068  3978.320068   20061445
2023-03-21 13:05:00-04:00  3978.340088  3980.100098  3977.129883  3979.820068  3979.820068   19474938
2023-03-21 13:10:00-04:00  3979.790039  3983.360107  3979.560059  3981.959961  3981.959961   24860736
2023-03-21 13:15:00-04:00  3982.000000  3984.129883  3981.709961  3983.409912  3983.409912   22000339
2023-03-21 13:20:00-04:00  3983.370117  3983.939941  3982.080078  3982.159912  3982.159912   22170389
2023-03-21 13:25:00-04:00  3982.189941  3985.330078  3981.520020  3984.750000  3984.750000   19658619
2023-03-21 13:30:00-04:00  3984.770020  3987.659912  3984.770020  3987.510010  3987.510010   22087093
2023-03-21 13:35:00-04:00  3987.500000  3989.040039  3986.290039  3986.570068  3986.570068   21364460
2023-03-21 13:40:00-04:00  3986.570068  3987.310059  3984.969971  3986.449951  3986.449951   19877157
2023-03-21 13:45:00-04:00  3986.439941  3987.199951  3984.919922  3985.360107  3985.360107   20322978
2023-03-21 13:50:00-04:00  3985.320068  3985.320068  3982.419922  3982.820068  3982.820068   21383309
2023-03-21 13:55:00-04:00  3982.860107  3983.010010  3978.120117  3978.129883  3978.129883   26574295
2023-03-21 14:00:00-04:00  3978.100098  3980.209961  3977.909912  3980.159912  3980.159912   23104145
2023-03-21 14:05:00-04:00  3980.169922  3981.530029  3978.540039  3979.580078  3979.580078   22224171
2023-03-21 14:10:00-04:00  3979.570068  3981.000000  3978.959961  3980.360107  3980.360107   22158854
2023-03-21 14:15:00-04:00  3980.360107  3982.780029  3979.860107  3981.550049  3981.550049   22618559
2023-03-21 14:20:00-04:00  3981.570068  3983.689941  3981.530029  3983.330078  3983.330078   21815231
2023-03-21 14:25:00-04:00  3983.320068  3986.639893  3983.320068  3985.790039  3985.790039   23752602
2023-03-21 14:30:00-04:00  3985.810059  3987.310059  3985.649902  3986.850098  3986.850098   23546830
2023-03-21 14:35:00-04:00  3986.810059  3987.919922  3984.479980  3984.850098  3984.850098   23018580
2023-03-21 14:40:00-04:00  3984.929932  3987.919922  3984.850098  3987.919922  3987.919922   20805792
2023-03-21 14:45:00-04:00  3987.899902  3990.229980  3987.669922  3989.820068  3989.820068   22197360
2023-03-21 14:50:00-04:00  3989.780029  3990.080078  3987.649902  3989.239990  3989.239990   22046941
2023-03-21 14:55:00-04:00  3989.239990  3994.239990  3988.989990  3992.100098  3992.100098   26803104
2023-03-21 15:00:00-04:00  3992.060059  3995.570068  3991.570068  3995.239990  3995.239990   26360101
2023-03-21 15:05:00-04:00  3995.379883  3995.590088  3994.199951  3995.530029  3995.530029   26810164
2023-03-21 15:10:00-04:00  3995.510010  3998.919922  3995.010010  3996.610107  3996.610107   27816292
2023-03-21 15:15:00-04:00  3996.510010  3998.899902  3995.870117  3998.629883  3998.629883   26800771
2023-03-21 15:20:00-04:00  3998.669922  4000.159912  3996.620117  3997.540039  3997.540039   29487363
2023-03-21 15:25:00-04:00  3997.530029  3997.889893  3995.080078  3997.659912  3997.659912   29404263
2023-03-21 15:30:00-04:00  3997.620117  3999.040039  3996.020020  3996.129883  3996.129883   33569667
2023-03-21 15:35:00-04:00  3996.159912  4003.669922  3995.879883  4003.669922  4003.669922   37531213
2023-03-21 15:40:00-04:00  4003.610107  4009.020020  4003.610107  4008.820068  4008.820068   49264940
2023-03-21 15:45:00-04:00  4008.889893  4009.080078  4006.239990  4006.830078  4006.830078   52352061
2023-03-21 15:50:00-04:00  4006.850098  4007.250000  4003.889893  4005.229980  4005.229980   82322037
2023-03-21 15:55:00-04:00  4005.159912  4005.300049  3999.929932  4002.409912  4002.409912  126293326
2023-03-22 09:30:00-04:00  4002.040039  4003.989990  3996.659912  3998.290039  3998.290039          0
2023-03-22 09:35:00-04:00  3998.100098  4001.949951  3997.129883  4000.560059  4000.560059   36074121
2023-03-22 09:40:00-04:00  4000.729980  4000.879883  3996.189941  3996.939941  3996.939941   37246304
2023-03-22 09:45:00-04:00  3996.949951  4000.290039  3995.699951  3998.610107  3998.610107   33489724
2023-03-22 09:50:00-04:00  3998.639893  4003.149902  3998.239990  3999.580078  3999.580078   33974364
2023-03-22 09:55:00-04:00  3999.659912  4001.439941  3997.820068  4001.000000  4001.000000   26069188
2023-03-22 10:00:00-04:00  4000.899902  4002.199951  3999.500000  4000.929932  4000.929932   27503899
2023-03-22 10:05:00-04:00  4000.949951  4002.729980  4000.370117  4001.600098  4001.600098   30610939
2023-03-22 10:10:00-04:00  4001.600098  4002.899902  3998.570068  3999.520020  3999.520020   27689691
2023-03-22 10:15:00-04:00  3999.479980  4003.889893  3998.780029  4003.169922  4003.169922   23916407
2023-03-22 10:20:00-04:00  4003.199951  4007.419922  4003.199951  4006.699951  4006.699951   24151053
2023-03-22 10:25:00-04:00  4006.620117  4013.429932  4006.050049  4013.030029  4013.030029   27414436
2023-03-22 10:30:00-04:00  4012.879883  4014.110107  4010.979980  4011.979980  4011.979980   28338053
2023-03-22 10:35:00-04:00  4011.959961  4012.070068  4009.739990  4010.719971  4010.719971   23526967
2023-03-22 10:40:00-04:00  4010.709961  4011.679932  4010.000000  4011.389893  4011.389893   20089041
2023-03-22 10:45:00-04:00  4011.439941  4012.229980  4008.580078  4009.260010  4009.260010   22895713
2023-03-22 10:50:00-04:00  4009.169922  4010.350098  4006.719971  4009.260010  4009.260010   22997220
2023-03-22 10:55:00-04:00  4009.280029  4009.350098  4007.469971  4007.979980  4007.979980   20397595
2023-03-22 11:00:00-04:00  4007.899902  4008.969971  4005.870117  4006.000000  4006.000000   22679098
2023-03-22 11:05:00-04:00  4005.989990  4006.729980  4004.149902  4004.179932  4004.179932   19372778
2023-03-22 11:10:00-04:00  4004.139893  4005.570068  3999.820068  4002.189941  4002.189941   22883369
2023-03-22 11:15:00-04:00  4002.239990  4003.100098  4001.750000  4001.959961  4001.959961   20042874
2023-03-22 11:20:00-04:00  4001.969971  4005.379883  4001.800049  4005.320068  4005.320068   17804531
2023-03-22 11:25:00-04:00  4005.370117  4005.899902  4003.260010  4003.860107  4003.860107   19704553
2023-03-22 11:30:00-04:00  4003.860107  4006.639893  4003.860107  4005.780029  4005.780029   18958673
2023-03-22 11:35:00-04:00  4005.760010  4006.719971  4003.830078  4005.979980  4005.979980   20828283
2023-03-22 11:40:00-04:00  4005.979980  4006.679932  4003.010010  4003.199951  4003.199951   20751057
2023-03-22 11:45:00-04:00  4003.199951  4005.949951  4002.760010  4004.620117  4004.620117   20183209
2023-03-22 11:50:00-04:00  4004.750000  4006.080078  4004.229980  4005.649902  4005.649902   16191253
2023-03-22 11:55:00-04:00  4004.709961  4005.580078  4004.010010  4004.280029  4004.280029   20177633
2023-03-22 12:00:00-04:00  4004.270020  4004.580078  4002.360107  4002.530029  4002.530029   17732968
2023-03-22 12:05:00-04:00  4002.530029  4002.870117  4000.139893  4000.520020  4000.520020   17114718
2023-03-22 12:10:00-04:00  4000.570068  4000.679932  3997.570068  3998.229980  3998.229980   17802528
2023-03-22 12:15:00-04:00  3998.229980  3998.719971  3996.590088  3997.489990  3997.489990   17073261
2023-03-22 12:20:00-04:00  3997.479980  3998.830078  3995.679932  3998.399902  3998.399902   21052453
2023-03-22 12:25:00-04:00  3998.360107  3999.840088  3997.689941  3997.770020  3997.770020   17997296
2023-03-22 12:30:00-04:00  3997.739990  3998.649902  3995.899902  3996.209961  3996.209961   17079654
2023-03-22 12:35:00-04:00  3996.290039  3996.949951  3994.879883  3995.600098  3995.600098   17289114
2023-03-22 12:40:00-04:00  3995.629883  3996.810059  3994.699951  3996.689941  3996.689941   16094240
2023-03-22 12:45:00-04:00  3996.689941  3996.939941  3994.300049  3995.340088  3995.340088   14831608
2023-03-22 12:50:00-04:00  3995.310059  3997.040039  3995.129883  3996.129883  3996.129883   14886397
2023-03-22 12:55:00-04:00  3996.100098  3996.100098  3993.780029  3994.620117  3994.620117   16571229
2023-03-22 13:00:00-04:00  3994.620117  3994.699951  3990.669922  3991.159912  3991.159912   16825804
2023-03-22 13:05:00-04:00  3991.159912  3992.330078  3989.189941  3990.570068  3990.570068   16292288
2023-03-22 13:10:00-04:00  3990.590088  3993.060059  3990.149902  3993.040039  3993.040039   15004323
2023-03-22 13:15:00-04:00  3993.030029  3994.709961  3992.750000  3994.479980  3994.479980   15172116
2023-03-22 13:20:00-04:00  3994.489990  3996.000000  3994.110107  3995.159912  3995.159912   15525185
2023-03-22 13:25:00-04:00  3995.159912  3997.479980  3995.070068  3997.149902  3997.149902   15207648
2023-03-22 13:30:00-04:00  3997.169922  3999.379883  3997.169922  3997.879883  3997.879883   16831310
2023-03-22 13:35:00-04:00  3997.850098  3998.629883  3996.429932  3997.750000  3997.750000   16861195
2023-03-22 13:40:00-04:00  3997.699951  3998.739990  3996.870117  3998.639893  3998.639893   16121068
2023-03-22 13:45:00-04:00  3998.659912  3999.590088  3998.489990  3999.300049  3999.300049   16238724
2023-03-22 13:50:00-04:00  3999.300049  4000.260010  3999.300049  4000.250000  4000.250000   17154066
2023-03-22 13:55:00-04:00  4000.260010  4002.360107  3999.989990  4000.870117  4000.870117   19132406
2023-03-22 14:00:00-04:00  4000.909912  4019.739990  4000.489990  4017.729980  4017.729980   50736063
2023-03-22 14:05:00-04:00  4017.929932  4031.429932  4015.330078  4015.550049  4015.550049   44209088
2023-03-22 14:10:00-04:00  4015.879883  4018.409912  4003.060059  4006.120117  4006.120117   39208258
2023-03-22 14:15:00-04:00  4006.090088  4017.469971  4005.719971  4016.209961  4016.209961   30657235
2023-03-22 14:20:00-04:00  4016.189941  4016.399902  4005.899902  4008.699951  4008.699951   23914396
2023-03-22 14:25:00-04:00  4008.699951  4015.469971  4007.590088  4014.540039  4014.540039   26216451
2023-03-22 14:30:00-04:00  4014.459961  4022.439941  4007.770020  4011.209961  4011.209961   39749730
2023-03-22 14:35:00-04:00  4011.080078  4014.610107  3990.590088  4008.760010  4008.760010   51264886
2023-03-22 14:40:00-04:00  4008.770020  4030.040039  4008.530029  4024.870117  4024.870117   43681820
2023-03-22 14:45:00-04:00  4024.929932  4039.489990  4022.639893  4033.409912  4033.409912   43870019
2023-03-22 14:50:00-04:00  4032.889893  4035.800049  4018.169922  4019.080078  4019.080078   38383171
2023-03-22 14:55:00-04:00  4019.229980  4021.280029  4000.379883  4001.169922  4001.169922   38805415
2023-03-22 15:00:00-04:00  4001.199951  4005.040039  3984.100098  3986.169922  3986.169922   46274898
2023-03-22 15:05:00-04:00  3985.209961  3988.239990  3972.810059  3978.689941  3978.689941   44934520
2023-03-22 15:10:00-04:00  3979.760010  3990.479980  3975.270020  3988.949951  3988.949951   42752856
2023-03-22 15:15:00-04:00  3989.169922  3999.780029  3989.169922  3995.209961  3995.209961   38143986
2023-03-22 15:20:00-04:00  3995.459961  4013.090088  3994.010010  4002.370117  4002.370117   43983982
2023-03-22 15:25:00-04:00  4002.899902  4007.100098  3996.000000  4004.500000  4004.500000   34338796
2023-03-22 15:30:00-04:00  4004.540039  4006.280029  3987.429932  3989.810059  3989.810059   41587873
2023-03-22 15:35:00-04:00  3989.760010  3991.810059  3979.350098  3983.100098  3983.100098   47190029
2023-03-22 15:40:00-04:00  3983.179932  3988.689941  3978.870117  3978.870117  3978.870117   51121002
2023-03-22 15:45:00-04:00  3978.620117  3978.620117  3966.679932  3971.340088  3971.340088   65682476
2023-03-22 15:50:00-04:00  3971.300049  3971.300049  3951.129883  3951.889893  3951.889893   88723515
2023-03-22 15:55:00-04:00  3951.760010  3952.389893  3936.340088  3936.520020  3936.520020  127451158
2023-03-23 09:30:00-04:00  3959.209961  3972.550049  3959.209961  3969.459961  3969.459961   72573393
2023-03-23 09:35:00-04:00  3969.719971  3970.479980  3966.909912  3968.139893  3968.139893   39889997
2023-03-23 09:40:00-04:00  3968.179932  3975.320068  3964.780029  3973.399902  3973.399902   41751453
2023-03-23 09:45:00-04:00  3973.399902  3976.709961  3969.699951  3974.260010  3974.260010   37736000
2023-03-23 09:50:00-04:00  3974.310059  3976.149902  3972.409912  3974.729980  3974.729980   29243540
2023-03-23 09:55:00-04:00  3974.709961  3975.649902  3971.739990  3974.310059  3974.310059   33066790
2023-03-23 10:00:00-04:00  3974.560059  3980.469971  3974.560059  3975.379883  3975.379883   36584511
2023-03-23 10:05:00-04:00  3975.300049  3979.320068  3974.469971  3979.189941  3979.189941   28825630
2023-03-23 10:10:00-04:00  3979.290039  3984.919922  3979.219971  3982.030029  3982.030029   32764445
2023-03-23 10:15:00-04:00  3982.120117  3986.610107  3982.120117  3982.909912  3982.909912   30215440
2023-03-23 10:20:00-04:00  3982.790039  3982.790039  3978.479980  3981.870117  3981.870117   28038896
2023-03-23 10:25:00-04:00  3981.750000  3987.330078  3981.419922  3982.050049  3982.050049   27916460
2023-03-23 10:30:00-04:00  3982.060059  3983.500000  3979.020020  3979.479980  3979.479980   30022480
2023-03-23 10:35:00-04:00  3979.770020  3984.010010  3979.050049  3983.969971  3983.969971   25108170
2023-03-23 10:40:00-04:00  3984.020020  3986.739990  3983.370117  3986.340088  3986.340088   22374756
2023-03-23 10:45:00-04:00  3986.330078  3995.729980  3986.060059  3995.479980  3995.479980   29950322
2023-03-23 10:50:00-04:00  3995.469971  4000.250000  3994.590088  3999.260010  3999.260010   26561869
2023-03-23 10:55:00-04:00  3999.219971  3999.399902  3996.270020  3998.949951  3998.949951   25943930
2023-03-23 11:00:00-04:00  3999.000000  4003.489990  3999.000000  4002.280029  4002.280029   27144558
2023-03-23 11:05:00-04:00  4002.270020  4007.659912  4001.729980  4003.949951  4003.949951   28988712
2023-03-23 11:10:00-04:00  4004.000000  4005.889893  4003.439941  4003.530029  4003.530029   20525067
2023-03-23 11:15:00-04:00  4003.510010  4004.300049  3998.100098  3998.209961  3998.209961   28035826
2023-03-23 11:20:00-04:00  3998.239990  4001.750000  3997.659912  4001.439941  4001.439941   22392830
2023-03-23 11:25:00-04:00  4001.379883  4001.530029  3994.010010  3994.340088  3994.340088   26635738
2023-03-23 11:30:00-04:00  3994.350098  4000.320068  3994.350098  3997.060059  3997.060059   23768578
2023-03-23 11:35:00-04:00  3997.060059  4001.110107  3996.810059  3998.610107  3998.610107   20116437
2023-03-23 11:40:00-04:00  3998.629883  4000.409912  3993.860107  3994.070068  3994.070068   22085397
2023-03-23 11:45:00-04:00  3994.120117  3997.870117  3992.959961  3997.360107  3997.360107   24363760
2023-03-23 11:50:00-04:00  3997.340088  4000.560059  3997.340088  3999.020020  3999.020020   21696394
2023-03-23 11:55:00-04:00  3999.090088  4000.479980  3994.870117  3995.679932  3995.679932   23256186
2023-03-23 12:00:00-04:00  3995.479980  3995.479980  3993.149902  3995.080078  3995.080078   21686289
2023-03-23 12:05:00-04:00  3994.989990  3997.989990  3993.959961  3997.340088  3997.340088   20388745
2023-03-23 12:10:00-04:00  3997.360107  3997.360107  3990.179932  3990.739990  3990.739990   29961380
2023-03-23 12:15:00-04:00  3990.709961  3991.270020  3987.889893  3989.719971  3989.719971   24425778
2023-03-23 12:20:00-04:00  3989.969971  3990.870117  3986.580078  3990.590088  3990.590088   22765091
2023-03-23 12:25:00-04:00  3990.500000  3993.919922  3990.300049  3991.280029  3991.280029   21735812
2023-03-23 12:30:00-04:00  3991.280029  3994.689941  3991.000000  3992.219971  3992.219971   21133863
2023-03-23 12:35:00-04:00  3992.189941  3992.850098  3987.689941  3987.979980  3987.979980   20345181
2023-03-23 12:40:00-04:00  3987.949951  3988.100098  3983.889893  3987.870117  3987.870117   24526018
2023-03-23 12:45:00-04:00  3987.760010  3987.760010  3981.469971  3985.709961  3985.709961   24491169
2023-03-23 12:50:00-04:00  3985.729980  3985.780029  3982.270020  3984.179932  3984.179932   17215893
2023-03-23 12:55:00-04:00  3984.139893  3984.139893  3980.560059  3982.229980  3982.229980   20045598
2023-03-23 13:00:00-04:00  3982.229980  3982.229980  3979.429932  3982.030029  3982.030029   18513040
2023-03-23 13:05:00-04:00  3982.040039  3985.399902  3978.100098  3978.810059  3978.810059   21430718
2023-03-23 13:10:00-04:00  3978.840088  3979.729980  3971.879883  3974.780029  3974.780029   23256179
2023-03-23 13:15:00-04:00  3974.709961  3974.989990  3970.129883  3973.020020  3973.020020   23536890
2023-03-23 13:20:00-04:00  3972.800049  3977.520020  3972.500000  3975.929932  3975.929932   20598917
2023-03-23 13:25:00-04:00  3974.929932  3974.929932  3963.159912  3967.899902  3967.899902   37165561
2023-03-23 13:30:00-04:00  3967.870117  3971.879883  3967.040039  3968.560059  3968.560059   19765833
2023-03-23 13:35:00-04:00  3968.520020  3971.429932  3967.159912  3971.239990  3971.239990   21985383
2023-03-23 13:40:00-04:00  3971.290039  3976.149902  3970.639893  3975.389893  3975.389893   19238011
2023-03-23 13:45:00-04:00  3975.379883  3975.560059  3966.469971  3968.850098  3968.850098   20907292
2023-03-23 13:50:00-04:00  3968.860107  3969.239990  3963.439941  3965.989990  3965.989990   21514438
2023-03-23 13:55:00-04:00  3965.949951  3966.489990  3961.959961  3962.719971  3962.719971   21124545
2023-03-23 14:00:00-04:00  3962.790039  3967.770020  3961.090088  3962.040039  3962.040039   24060207
2023-03-23 14:05:00-04:00  3962.110107  3964.080078  3959.889893  3959.899902  3959.899902   22158694
2023-03-23 14:10:00-04:00  3960.060059  3964.459961  3959.439941  3964.270020  3964.270020   21455622
2023-03-23 14:15:00-04:00  3964.290039  3964.860107  3960.219971  3962.010010  3962.010010   20748316
2023-03-23 14:20:00-04:00  3961.830078  3962.070068  3954.070068  3954.219971  3954.219971   25688035
2023-03-23 14:25:00-04:00  3954.239990  3954.739990  3943.290039  3943.290039  3943.290039   28006976
2023-03-23 14:30:00-04:00  3943.219971  3947.489990  3940.530029  3942.060059  3942.060059   30116320
2023-03-23 14:35:00-04:00  3942.760010  3947.580078  3938.100098  3938.100098  3938.100098   28603962
2023-03-23 14:40:00-04:00  3937.979980  3939.110107  3925.469971  3925.580078  3925.580078   32756535
2023-03-23 14:45:00-04:00  3925.889893  3933.899902  3924.520020  3930.439941  3930.439941   35307718
2023-03-23 14:50:00-04:00  3930.169922  3932.000000  3924.459961  3924.530029  3924.530029   29825767
2023-03-23 14:55:00-04:00  3924.479980  3937.129883  3920.610107  3937.030029  3937.030029   33906319
2023-03-23 15:00:00-04:00  3937.050049  3960.820068  3937.050049  3945.270020  3945.270020   65310103
2023-03-23 15:05:00-04:00  3945.469971  3946.790039  3936.310059  3945.850098  3945.850098   33085557
2023-03-23 15:10:00-04:00  3945.669922  3948.840088  3936.979980  3941.209961  3941.209961   31991997
2023-03-23 15:15:00-04:00  3941.229980  3944.149902  3928.050049  3928.959961  3928.959961   38074470
2023-03-23 15:20:00-04:00  3928.969971  3935.080078  3919.050049  3934.540039  3934.540039   40059684
2023-03-23 15:25:00-04:00  3934.739990  3938.750000  3932.870117  3933.030029  3933.030029   32921472
2023-03-23 15:30:00-04:00  3933.100098  3935.540039  3927.620117  3935.350098  3935.350098   38095892
2023-03-23 15:35:00-04:00  3935.320068  3944.580078  3935.139893  3941.120117  3941.120117   38997975
2023-03-23 15:40:00-04:00  3940.929932  3945.239990  3937.429932  3944.090088  3944.090088   42375895
2023-03-23 15:45:00-04:00  3943.919922  3955.570068  3943.590088  3949.429932  3949.429932   56982295
2023-03-23 15:50:00-04:00  3949.379883  3963.540039  3949.379883  3955.399902  3955.399902   88943004
2023-03-23 15:55:00-04:00  3955.379883  3956.610107  3947.790039  3947.790039  3947.790039  125086226
2023-03-24 09:30:00-04:00  3939.209961  3939.209961  3922.629883  3926.600098  3926.600098          0
2023-03-24 09:35:00-04:00  3926.580078  3928.800049  3923.929932  3925.229980  3925.229980   41993821
2023-03-24 09:40:00-04:00  3925.189941  3927.360107  3915.510010  3919.879883  3919.879883   43519219
2023-03-24 09:45:00-04:00  3920.219971  3921.629883  3909.979980  3914.189941  3914.189941   47586004
2023-03-24 09:50:00-04:00  3914.070068  3927.120117  3913.639893  3925.500000  3925.500000   41944412
2023-03-24 09:55:00-04:00  3925.629883  3932.050049  3925.629883  3931.040039  3931.040039   35422510
2023-03-24 10:00:00-04:00  3930.949951  3936.290039  3929.489990  3930.310059  3930.310059   40894437
2023-03-24 10:05:00-04:00  3930.379883  3936.120117  3925.919922  3928.280029  3928.280029   36291199
2023-03-24 10:10:00-04:00  3928.300049  3939.090088  3926.989990  3933.120117  3933.120117   36217094
2023-03-24 10:15:00-04:00  3932.989990  3932.989990  3922.489990  3924.469971  3924.469971   31110416
2023-03-24 10:20:00-04:00  3924.399902  3924.820068  3917.649902  3923.689941  3923.689941   30035206
2023-03-24 10:25:00-04:00  3924.169922  3940.129883  3924.169922  3938.639893  3938.639893   35861339
2023-03-24 10:30:00-04:00  3938.790039  3943.330078  3937.070068  3939.510010  3939.510010   30924493
2023-03-24 10:35:00-04:00  3939.469971  3940.379883  3932.000000  3933.129883  3933.129883   28387954
2023-03-24 10:40:00-04:00  3933.070068  3933.070068  3926.000000  3926.320068  3926.320068   26858946
2023-03-24 10:45:00-04:00  3926.270020  3929.770020  3924.270020  3924.969971  3924.969971   30045908
2023-03-24 10:50:00-04:00  3924.820068  3926.850098  3923.030029  3925.449951  3925.449951   25783608
2023-03-24 10:55:00-04:00  3925.469971  3930.669922  3923.810059  3929.489990  3929.489990   26500098
2023-03-24 11:00:00-04:00  3929.669922  3932.939941  3925.850098  3931.719971  3931.719971   25921114
2023-03-24 11:05:00-04:00  3931.810059  3933.669922  3921.350098  3921.590088  3921.590088   28571195
2023-03-24 11:10:00-04:00  3921.580078  3921.580078  3914.239990  3916.020020  3916.020020   31004523
2023-03-24 11:15:00-04:00  3916.060059  3921.949951  3915.860107  3917.489990  3917.489990   26526883
2023-03-24 11:20:00-04:00  3917.550049  3923.169922  3916.409912  3919.560059  3919.560059   27998936
2023-03-24 11:25:00-04:00  3919.669922  3924.870117  3919.669922  3922.870117  3922.870117   22325886
2023-03-24 11:30:00-04:00  3922.719971  3923.530029  3918.989990  3923.110107  3923.110107   24940001
2023-03-24 11:35:00-04:00  3923.120117  3927.419922  3923.120117  3925.379883  3925.379883   22684308
2023-03-24 11:40:00-04:00  3925.429932  3928.520020  3925.429932  3928.449951  3928.449951   20228091
2023-03-24 11:45:00-04:00  3928.699951  3945.530029  3928.699951  3940.250000  3940.250000   35928075
2023-03-24 11:50:00-04:00  3940.209961  3940.250000  3937.870117  3938.389893  3938.389893   24853872
2023-03-24 11:55:00-04:00  3938.419922  3946.669922  3937.639893  3945.810059  3945.810059   30997268
2023-03-24 12:00:00-04:00  3945.790039  3954.129883  3943.560059  3944.500000  3944.500000   38007478
2023-03-24 12:05:00-04:00  3944.320068  3944.620117  3937.830078  3937.899902  3937.899902   23591478
2023-03-24 12:10:00-04:00  3937.979980  3940.360107  3937.649902  3937.989990  3937.989990   19757625
2023-03-24 12:15:00-04:00  3938.010010  3938.760010  3932.030029  3934.830078  3934.830078   24685343
2023-03-24 12:20:00-04:00  3935.010010  3936.639893  3932.820068  3935.600098  3935.600098   18081171
2023-03-24 12:25:00-04:00  3935.649902  3937.820068  3934.179932  3937.820068  3937.820068   20894738
2023-03-24 12:30:00-04:00  3937.820068  3940.159912  3936.689941  3939.050049  3939.050049   20968635
2023-03-24 12:35:00-04:00  3939.110107  3944.169922  3938.719971  3942.020020  3942.020020   19237907
2023-03-24 12:40:00-04:00  3942.010010  3945.540039  3939.550049  3945.080078  3945.080078   18740832
2023-03-24 12:45:00-04:00  3945.080078  3951.360107  3945.080078  3949.679932  3949.679932   21977488
2023-03-24 12:50:00-04:00  3949.679932  3950.300049  3945.750000  3946.729980  3946.729980   17613680
2023-03-24 12:55:00-04:00  3946.669922  3952.219971  3946.530029  3947.500000  3947.500000   19287449
2023-03-24 13:00:00-04:00  3947.530029  3950.699951  3945.540039  3946.879883  3946.879883   18672553
2023-03-24 13:05:00-04:00  3947.010010  3950.189941  3943.919922  3945.270020  3945.270020   18271095
2023-03-24 13:10:00-04:00  3945.219971  3947.560059  3943.550049  3946.699951  3946.699951   15961378
2023-03-24 13:15:00-04:00  3946.729980  3948.040039  3941.959961  3942.250000  3942.250000   15726950
2023-03-24 13:20:00-04:00  3942.610107  3948.120117  3942.189941  3945.870117  3945.870117   19424961
2023-03-24 13:25:00-04:00  3946.080078  3955.110107  3946.080078  3950.439941  3950.439941   28321451
2023-03-24 13:30:00-04:00  3950.479980  3955.149902  3950.429932  3951.850098  3951.850098   18776881
2023-03-24 13:35:00-04:00  3951.860107  3957.790039  3951.639893  3956.199951  3956.199951   24182503
2023-03-24 13:40:00-04:00  3956.250000  3957.919922  3951.750000  3953.350098  3953.350098   22208419
2023-03-24 13:45:00-04:00  3953.379883  3953.699951  3946.560059  3946.560059  3946.560059   20183833
2023-03-24 13:50:00-04:00  3946.620117  3947.489990  3945.330078  3946.620117  3946.620117   16975199
2023-03-24 13:55:00-04:00  3946.649902  3950.409912  3945.560059  3950.199951  3950.199951   17718009
2023-03-24 14:00:00-04:00  3950.159912  3954.409912  3950.159912  3953.540039  3953.540039   17086682
2023-03-24 14:05:00-04:00  3953.639893  3954.320068  3949.070068  3953.379883  3953.379883   17460739
2023-03-24 14:10:00-04:00  3953.399902  3956.939941  3952.620117  3956.469971  3956.469971   18359147
2023-03-24 14:15:00-04:00  3956.469971  3960.199951  3955.090088  3956.699951  3956.699951   21611217
2023-03-24 14:20:00-04:00  3956.780029  3958.780029  3954.250000  3954.669922  3954.669922   19703667
2023-03-24 14:25:00-04:00  3954.600098  3956.330078  3954.010010  3956.189941  3956.189941   15147558
2023-03-24 14:30:00-04:00  3956.179932  3964.110107  3955.709961  3962.000000  3962.000000   22492268
2023-03-24 14:35:00-04:00  3962.000000  3963.979980  3958.939941  3962.750000  3962.750000   17869608
2023-03-24 14:40:00-04:00  3962.750000  3964.389893  3960.580078  3963.679932  3963.679932   19392428
2023-03-24 14:45:00-04:00  3963.739990  3965.639893  3962.260010  3963.600098  3963.600098   20018202
2023-03-24 14:50:00-04:00  3963.580078  3963.580078  3959.300049  3960.500000  3960.500000   20092965
2023-03-24 14:55:00-04:00  3960.370117  3963.719971  3960.050049  3961.219971  3961.219971   17132921
2023-03-24 15:00:00-04:00  3960.870117  3961.129883  3956.399902  3958.199951  3958.199951   24243016
2023-03-24 15:05:00-04:00  3958.239990  3959.510010  3955.810059  3956.810059  3956.810059   20023325
2023-03-24 15:10:00-04:00  3956.889893  3959.840088  3955.639893  3957.010010  3957.010010   21687589
2023-03-24 15:15:00-04:00  3957.070068  3965.000000  3956.699951  3964.350098  3964.350098   25318733
2023-03-24 15:20:00-04:00  3964.310059  3971.669922  3964.310059  3967.189941  3967.189941   31740976
2023-03-24 15:25:00-04:00  3967.129883  3970.560059  3965.820068  3969.320068  3969.320068   25773182
2023-03-24 15:30:00-04:00  3969.310059  3971.179932  3967.060059  3968.610107  3968.610107   31911058
2023-03-24 15:35:00-04:00  3968.830078  3972.739990  3967.080078  3968.300049  3968.300049   36393739
2023-03-24 15:40:00-04:00  3968.770020  3970.270020  3967.000000  3967.909912  3967.909912   34296634
2023-03-24 15:45:00-04:00  3967.909912  3968.560059  3962.889893  3964.939941  3964.939941   45329795
2023-03-24 15:50:00-04:00  3964.919922  3966.100098  3960.360107  3961.489990  3961.489990   68502652
2023-03-24 15:55:00-04:00  3961.510010  3971.439941  3959.199951  3971.350098  3971.350098  119594426
2023-03-27 09:30:00-04:00  3982.929932  3999.370117  3982.929932  3999.370117  3999.370117   49185847
2023-03-27 09:35:00-04:00  3999.350098  4001.469971  3989.600098  3990.219971  3990.219971   49175565
2023-03-27 09:40:00-04:00  3990.139893  4000.550049  3990.000000  3999.719971  3999.719971   44529521
2023-03-27 09:45:00-04:00  3999.770020  4003.489990  3999.770020  4001.340088  4001.340088   43757828
2023-03-27 09:50:00-04:00  4001.300049  4003.830078  3995.580078  3996.580078  3996.580078   39803537
2023-03-27 09:55:00-04:00  3996.610107  3998.899902  3991.429932  3995.550049  3995.550049   35253739
2023-03-27 10:00:00-04:00  3995.290039  3996.510010  3993.320068  3994.719971  3994.719971   35996263
2023-03-27 10:05:00-04:00  3994.729980  3995.330078  3990.770020  3993.159912  3993.159912   34956184
2023-03-27 10:10:00-04:00  3993.139893  3995.489990  3990.750000  3991.520020  3991.520020   28913164
2023-03-27 10:15:00-04:00  3991.500000  3995.949951  3985.879883  3990.169922  3990.169922   31084490
2023-03-27 10:20:00-04:00  3990.120117  3993.469971  3990.120117  3991.020020  3991.020020   23342762
2023-03-27 10:25:00-04:00  3991.000000  3991.000000  3985.520020  3986.239990  3986.239990   26403183
2023-03-27 10:30:00-04:00  3986.219971  3986.219971  3980.800049  3982.050049  3982.050049   29768032
2023-03-27 10:35:00-04:00  3982.000000  3983.189941  3978.739990  3981.610107  3981.610107   22380424