                                  Open         High          Low        Close    Adj Close      Volume
Datetime                                                                                              
2022-10-24 10:50:00-04:00  3758.120117  3773.649902  3758.120117  3768.929932  3768.929932           0
2022-10-24 10:55:00-04:00  3770.770020  3771.659912  3766.959961  3770.010010  3770.010010    21122949
2022-10-24 11:00:00-04:00  3775.870117  3778.629883  3771.169922  3774.149902  3774.149902    39221101
2022-10-24 11:05:00-04:00  3774.080078  3778.500000  3769.540039  3770.439941  3770.439941    26550536
2022-10-24 11:10:00-04:00  3770.389893  3776.260010  3768.929932  3775.600098  3775.600098    24070102
2022-10-24 11:15:00-04:00  3775.510010  3779.360107  3765.699951  3768.629883  3768.629883    27727473
2022-10-24 11:20:00-04:00  3768.739990  3778.040039  3768.739990  3777.719971  3777.719971    22112994
2022-10-24 11:25:00-04:00  3777.729980  3778.989990  3773.090088  3777.729980  3777.729980    24919687
2022-10-24 11:30:00-04:00  3777.639893  3777.879883  3773.659912  3775.000000  3775.000000    20633960
2022-10-24 11:35:00-04:00  3775.110107  3783.030029  3774.479980  3780.879883  3780.879883    26409195
2022-10-24 11:40:00-04:00  3780.889893  3782.790039  3777.850098  3778.090088  3778.090088    27729445
2022-10-24 11:45:00-04:00  3778.149902  3779.219971  3773.100098  3779.219971  3779.219971    21478897
2022-10-24 11:50:00-04:00  3779.229980  3790.649902  3778.870117  3790.159912  3790.159912    25327987
2022-10-24 11:55:00-04:00  3790.209961  3791.989990  3788.830078  3791.290039  3791.290039    24061258
2022-10-24 12:00:00-04:00  3791.320068  3793.399902  3785.399902  3786.270020  3786.270020    21885844
2022-10-24 12:05:00-04:00  3786.320068  3789.270020  3785.500000  3786.610107  3786.610107    19929460
2022-10-24 12:10:00-04:00  3786.600098  3789.949951  3786.600098  3789.370117  3789.370117    17437581
2022-10-24 12:15:00-04:00  3789.370117  3794.310059  3787.830078  3793.379883  3793.379883    22370199
2022-10-24 12:20:00-04:00  3793.489990  3796.590088  3789.969971  3796.439941  3796.439941    20947616
2022-10-24 12:25:00-04:00  3796.370117  3796.600098  3791.250000  3791.370117  3791.370117    18589415
2022-10-24 12:30:00-04:00  3791.399902  3792.260010  3788.600098  3790.129883  3790.129883    20144390
2022-10-24 12:35:00-04:00  3790.120117  3792.370117  3787.949951  3788.969971  3788.969971    18176249
2022-10-24 12:40:00-04:00  3788.959961  3790.550049  3785.540039  3790.550049  3790.550049    18880188
2022-10-24 12:45:00-04:00  3790.729980  3792.159912  3790.209961  3791.649902  3791.649902    16487290
2022-10-24 12:50:00-04:00  3791.669922  3793.979980  3791.330078  3793.939941  3793.939941    14662387
2022-10-24 12:55:00-04:00  3793.820068  3793.870117  3787.310059  3787.600098  3787.600098    19012365
2022-10-24 13:00:00-04:00  3787.610107  3787.879883  3783.810059  3787.070068  3787.070068    21346841
2022-10-24 13:05:00-04:00  3787.060059  3787.830078  3784.280029  3787.830078  3787.830078    15652771
2022-10-24 13:10:00-04:00  3787.810059  3787.989990  3782.310059  3784.129883  3784.129883    16406883
2022-10-24 13:15:00-04:00  3784.100098  3784.409912  3781.770020  3782.620117  3782.620117    15786037
2022-10-24 13:20:00-04:00  3782.570068  3782.659912  3777.679932  3779.810059  3779.810059    20349826
2022-10-24 13:25:00-04:00  3780.000000  3782.760010  3778.800049  3780.790039  3780.790039    22286703
2022-10-24 13:30:00-04:00  3780.750000  3781.189941  3776.909912  3779.510010  3779.510010    21223492
2022-10-24 13:35:00-04:00  3779.469971  3780.000000  3777.020020  3779.919922  3779.919922    17929632
2022-10-24 13:40:00-04:00  3779.889893  3784.080078  3779.889893  3783.679932  3783.679932    18228967
2022-10-24 13:45:00-04:00  3783.760010  3785.560059  3780.979980  3783.110107  3783.110107    18608342
2022-10-24 13:50:00-04:00  3783.090088  3784.870117  3781.580078  3784.100098  3784.100098    15940775
2022-10-24 13:55:00-04:00  3784.040039  3785.209961  3781.040039  3781.810059  3781.810059    17038683
2022-10-24 14:00:00-04:00  3781.850098  3788.179932  3781.370117  3787.840088  3787.840088    21305198
2022-10-24 14:05:00-04:00  3787.909912  3789.739990  3787.429932  3788.570068  3788.570068    19054081
2022-10-24 14:10:00-04:00  3788.530029  3788.929932  3786.709961  3788.639893  3788.639893    18247656
2022-10-24 14:15:00-04:00  3788.639893  3789.780029  3788.199951  3788.830078  3788.830078    17089984
2022-10-24 14:20:00-04:00  3788.840088  3789.479980  3787.120117  3789.250000  3789.250000    19414166
2022-10-24 14:25:00-04:00  3789.310059  3792.360107  3788.510010  3790.800049  3790.800049    19164491
2022-10-24 14:30:00-04:00  3790.739990  3793.050049  3790.379883  3792.770020  3792.770020    18607117
2022-10-24 14:35:00-04:00  3792.739990  3794.129883  3790.979980  3794.110107  3794.110107    18527110
2022-10-24 14:40:00-04:00  3794.100098  3801.169922  3791.800049  3799.629883  3799.629883    26000400
2022-10-24 14:45:00-04:00  3799.659912  3801.879883  3798.260010  3801.850098  3801.850098    18098143
2022-10-24 14:50:00-04:00  3801.790039  3801.790039  3799.199951  3801.100098  3801.100098    19206788
2022-10-24 14:55:00-04:00  3801.110107  3804.909912  3800.060059  3803.919922  3803.919922    21417072
2022-10-24 15:00:00-04:00  3804.030029  3806.689941  3803.250000  3806.439941  3806.439941    25811420
2022-10-24 15:05:00-04:00  3806.419922  3806.989990  3804.040039  3804.889893  3804.889893    23684354
2022-10-24 15:10:00-04:00  3804.879883  3807.530029  3804.760010  3807.530029  3807.530029    24009986
2022-10-24 15:15:00-04:00  3807.500000  3810.739990  3807.260010  3810.229980  3810.229980    29548758
2022-10-24 15:20:00-04:00  3810.209961  3810.209961  3805.439941  3806.949951  3806.949951    26542255
2022-10-24 15:25:00-04:00  3806.969971  3809.719971  3806.199951  3807.030029  3807.030029    26450002
2022-10-24 15:30:00-04:00  3807.050049  3807.709961  3803.840088  3805.189941  3805.189941    32956724
2022-10-24 15:35:00-04:00  3805.219971  3805.639893  3802.899902  3803.310059  3803.310059    32489181
2022-10-24 15:40:00-04:00  3803.300049  3803.300049  3800.250000  3800.320068  3800.320068    37182286
2022-10-24 15:45:00-04:00  3800.310059  3802.350098  3797.790039  3797.790039  3797.790039    46179336
2022-10-24 15:50:00-04:00  3797.800049  3799.830078  3792.379883  3792.500000  3792.500000    70374237
2022-10-24 15:55:00-04:00  3792.399902  3799.719971  3791.709961  3797.790039  3797.790039   103162982
2022-10-25 09:30:00-04:00  3799.439941  3811.510010  3799.439941  3809.100098  3809.100098    83790346
2022-10-25 09:35:00-04:00  3809.010010  3809.879883  3803.879883  3805.979980  3805.979980    46536481
2022-10-25 09:40:00-04:00  3805.889893  3810.469971  3802.699951  3810.199951  3810.199951    45554684
2022-10-25 09:45:00-04:00  3810.260010  3827.879883  3810.260010  3827.820068  3827.820068    51093410
2022-10-25 09:50:00-04:00  3827.840088  3833.050049  3823.379883  3832.909912  3832.909912    44935386
2022-10-25 09:55:00-04:00  3832.780029  3836.229980  3832.000000  3834.479980  3834.479980    42675424
2022-10-25 10:00:00-04:00  3835.280029  3836.689941  3830.040039  3830.750000  3830.750000    43053460
2022-10-25 10:05:00-04:00  3830.820068  3830.820068  3825.350098  3828.570068  3828.570068    36101821
2022-10-25 10:10:00-04:00  3828.540039  3831.550049  3824.189941  3830.290039  3830.290039    35108678
2022-10-25 10:15:00-04:00  3830.219971  3834.489990  3829.780029  3831.050049  3831.050049           0
2022-10-25 10:20:00-04:00  3831.389893  3833.750000  3829.250000  3833.040039  3833.040039   515030817
2022-10-25 10:25:00-04:00  3833.060059  3838.060059  3833.060059  3837.969971  3837.969971    27314727
2022-10-25 10:30:00-04:00  3838.060059  3838.340088  3833.360107  3835.590088  3835.590088    30415800
2022-10-25 10:35:00-04:00  3835.739990  3835.739990  3829.379883  3829.909912  3829.909912    32704673
2022-10-25 10:40:00-04:00  3829.760010  3832.899902  3829.100098  3830.959961  3830.959961    28124123
2022-10-25 10:45:00-04:00  3830.919922  3837.020020  3830.639893  3836.709961  3836.709961    28185994
2022-10-25 10:50:00-04:00  3836.760010  3840.040039  3836.459961  3838.409912  3838.409912    30533136
2022-10-25 10:55:00-04:00  3838.449951  3839.040039  3832.979980  3833.000000  3833.000000    25692573
2022-10-25 11:00:00-04:00  3833.100098  3835.919922  3831.729980  3835.760010  3835.760010    25870042
2022-10-25 11:05:00-04:00  3835.780029  3843.649902  3835.780029  3843.560059  3843.560059    24673760
2022-10-25 11:10:00-04:00  3839.409912  3840.560059  3838.679932  3840.330078  3840.330078    28273899
2022-10-25 11:15:00-04:00  3840.320068  3843.040039  3839.979980  3842.949951  3842.949951    26870537
2022-10-25 11:20:00-04:00  3842.870117  3844.229980  3841.189941  3844.229980  3844.229980    22558642
2022-10-25 11:25:00-04:00  3844.330078  3844.340088  3842.219971  3843.389893  3843.389893    24896518
2022-10-25 11:30:00-04:00  3843.409912  3845.080078  3841.780029  3844.639893  3844.639893    24647602
2022-10-25 11:35:00-04:00  3844.610107  3848.629883  3843.919922  3848.169922  3848.169922    27820875
2022-10-25 11:40:00-04:00  3848.330078  3848.919922  3845.080078  3848.389893  3848.389893    23389124
2022-10-25 11:45:00-04:00  3848.389893  3848.709961  3846.209961  3848.639893  3848.639893    21930853
2022-10-25 11:50:00-04:00  3848.659912  3849.239990  3847.979980  3848.860107  3848.860107    18420453
2022-10-25 11:55:00-04:00  3848.850098  3848.959961  3845.260010  3845.870117  3845.870117    22759338
2022-10-25 12:00:00-04:00  3845.879883  3846.530029  3843.500000  3844.110107  3844.110107    18894549
2022-10-25 12:05:00-04:00  3844.290039  3849.159912  3843.530029  3847.300049  3847.300049    26489423
2022-10-25 12:10:00-04:00  3847.280029  3848.600098  3846.459961  3848.379883  3848.379883    18759821
2022-10-25 12:15:00-04:00  3848.399902  3851.649902  3847.699951  3851.649902  3851.649902    21263856
2022-10-25 12:20:00-04:00  3851.780029  3852.419922  3849.580078  3849.979980  3849.979980    20095967
2022-10-25 12:25:00-04:00  3849.949951  3849.949951  3847.280029  3847.419922  3847.419922    18939656
2022-10-25 12:30:00-04:00  3847.439941  3848.989990  3846.469971  3846.729980  3846.729980    21608603
2022-10-25 12:35:00-04:00  3846.729980  3847.469971  3845.229980  3846.620117  3846.620117    20750005
2022-10-25 12:40:00-04:00  3846.629883  3847.179932  3845.379883  3846.629883  3846.629883    21979246
2022-10-25 12:45:00-04:00  3846.820068  3847.570068  3842.209961  3842.790039  3842.790039    18678677
2022-10-25 12:50:00-04:00  3842.479980  3843.419922  3841.429932  3841.429932  3841.429932    20299859
2022-10-25 12:55:00-04:00  3841.379883  3842.209961  3840.250000  3841.090088  3841.090088    18407330
2022-10-25 13:00:00-04:00  3841.090088  3844.909912  3836.699951  3837.360107  3837.360107    24411508
2022-10-25 13:05:00-04:00  3837.330078  3842.709961  3836.399902  3841.060059  3841.060059    20328435
2022-10-25 13:10:00-04:00  3841.040039  3841.520020  3837.379883  3837.379883  3837.379883    19158458
2022-10-25 13:15:00-04:00  3837.409912  3839.010010  3834.189941  3837.439941  3837.439941    21688807
2022-10-25 13:20:00-04:00  3837.340088  3837.580078  3835.000000  3836.020020  3836.020020    16841738
2022-10-25 13:25:00-04:00  3836.060059  3841.060059  3836.040039  3840.100098  3840.100098    18324920
2022-10-25 13:30:00-04:00  3840.100098  3845.659912  3840.100098  3844.350098  3844.350098    24520770
2022-10-25 13:35:00-04:00  3844.250000  3844.250000  3837.889893  3837.939941  3837.939941    24540162
2022-10-25 13:40:00-04:00  3837.979980  3839.320068  3835.979980  3837.340088  3837.340088    21899743
2022-10-25 13:45:00-04:00  3837.280029  3838.560059  3836.020020  3838.550049  3838.550049    19976181
2022-10-25 13:50:00-04:00  3838.530029  3839.639893  3837.199951  3839.550049  3839.550049    16301544
2022-10-25 13:55:00-04:00  3839.620117  3840.429932  3837.570068  3840.110107  3840.110107    17462092
2022-10-25 14:00:00-04:00  3840.100098  3845.129883  3839.689941  3844.860107  3844.860107    20252458
2022-10-25 14:05:00-04:00  3844.810059  3847.739990  3843.919922  3846.820068  3846.820068    18116309
2022-10-25 14:10:00-04:00  3846.860107  3847.179932  3845.419922  3845.560059  3845.560059    18770187
2022-10-25 14:15:00-04:00  3845.560059  3849.760010  3844.780029  3849.750000  3849.750000    19688512
2022-10-25 14:20:00-04:00  3849.800049  3850.620117  3848.800049  3850.360107  3850.360107    17184094
2022-10-25 14:25:00-04:00  3850.379883  3850.560059  3849.010010  3850.520020  3850.520020    18529387
2022-10-25 14:30:00-04:00  3850.540039  3854.489990  3849.350098  3854.489990  3854.489990    22330575
2022-10-25 14:35:00-04:00  3854.629883  3854.689941  3852.709961  3853.389893  3853.389893    19107719
2022-10-25 14:40:00-04:00  3853.399902  3854.479980  3848.459961  3848.719971  3848.719971           0
2022-10-25 14:45:00-04:00  3847.179932  3847.679932  3846.010010  3847.449951  3847.449951  1698031276
2022-10-25 14:50:00-04:00  3847.469971  3849.709961  3847.459961  3849.590088  3849.590088    19184032
2022-10-25 14:55:00-04:00  3849.590088  3849.889893  3846.489990  3846.620117  3846.620117    22537372
2022-10-25 15:00:00-04:00  3846.550049  3850.040039  3846.129883  3850.020020  3850.020020    21520104
2022-10-25 15:05:00-04:00  3850.060059  3852.929932  3849.760010  3852.810059  3852.810059    25472422
2022-10-25 15:10:00-04:00  3852.800049  3854.449951  3851.979980  3854.310059  3854.310059    24050887
2022-10-25 15:15:00-04:00  3854.459961  3854.620117  3851.750000  3853.310059  3853.310059    25195720
2022-10-25 15:20:00-04:00  3853.370117  3854.870117  3852.500000  3854.760010  3854.760010    27752930
2022-10-25 15:25:00-04:00  3854.739990  3858.489990  3854.739990  3857.189941  3857.189941           0
2022-10-25 15:30:00-04:00  3857.790039  3862.850098  3857.790039  3860.750000  3860.750000  1936561273
2022-10-25 15:35:00-04:00  3860.840088  3861.159912  3858.760010  3860.689941  3860.689941    38810016
2022-10-25 15:40:00-04:00  3860.739990  3861.560059  3858.030029  3861.209961  3861.209961    42267920
2022-10-25 15:45:00-04:00  3861.219971  3861.639893  3858.770020  3861.479980  3861.479980    49762477
2022-10-25 15:50:00-04:00  3861.439941  3862.520020  3856.510010  3856.510010  3856.510010    75655238
2022-10-25 15:55:00-04:00  3856.229980  3861.129883  3855.800049  3860.199951  3860.199951    79942332
2022-10-26 09:30:00-04:00  3825.969971  3838.639893  3824.070068  3835.949951  3835.949951   108491861
2022-10-26 09:35:00-04:00  3836.290039  3841.090088  3832.100098  3840.969971  3840.969971    58881332
2022-10-26 09:40:00-04:00  3841.040039  3841.040039  3829.010010  3829.010010  3829.010010    56099617
2022-10-26 09:45:00-04:00  3828.820068  3839.870117  3827.560059  3835.090088  3835.090088    52312518
2022-10-26 09:50:00-04:00  3835.300049  3837.520020  3829.090088  3829.120117  3829.120117    56273378
2022-10-26 09:55:00-04:00  3829.149902  3834.290039  3825.810059  3826.989990  3826.989990    40116085
2022-10-26 10:00:00-04:00  3827.120117  3849.810059  3827.120117  3839.419922  3839.419922    56537503
2022-10-26 10:05:00-04:00  3839.379883  3850.040039  3836.169922  3846.760010  3846.760010    42406227
2022-10-26 10:10:00-04:00  3846.929932  3851.750000  3843.949951  3848.469971  3848.469971    35835136
2022-10-26 10:15:00-04:00  3848.469971  3854.889893  3845.560059  3854.739990  3854.739990    37013069
2022-10-26 10:20:00-04:00  3854.419922  3854.530029  3847.669922  3847.709961  3847.709961           0
2022-10-26 10:25:00-04:00  3846.729980  3859.110107  3846.729980  3857.209961  3857.209961   637574589
2022-10-26 10:30:00-04:00  3857.750000  3857.750000  3851.879883  3854.389893  3854.389893    36837918
2022-10-26 10:35:00-04:00  3854.270020  3860.310059  3853.129883  3859.969971  3859.969971    33374287
2022-10-26 10:40:00-04:00  3859.830078  3865.899902  3859.830078  3865.830078  3865.830078    36269255
2022-10-26 10:45:00-04:00  3865.689941  3869.689941  3864.040039  3867.949951  3867.949951    36844745
2022-10-26 10:50:00-04:00  3867.969971  3868.469971  3864.439941  3866.530029  3866.530029    32243885
2022-10-26 10:55:00-04:00  3866.449951  3866.449951  3860.610107  3860.689941  3860.689941    29536674
2022-10-26 11:00:00-04:00  3860.649902  3874.250000  3860.649902  3872.139893  3872.139893    31822854
2022-10-26 11:05:00-04:00  3872.129883  3877.979980  3870.040039  3876.479980  3876.479980    29762033
2022-10-26 11:10:00-04:00  3876.419922  3880.340088  3874.439941  3879.780029  3879.780029    30163150
2022-10-26 11:15:00-04:00  3879.870117  3881.699951  3877.250000  3879.449951  3879.449951    28144116
2022-10-26 11:20:00-04:00  3879.429932  3881.370117  3877.600098  3878.699951  3878.699951    26640102
2022-10-26 11:25:00-04:00  3878.649902  3881.409912  3877.879883  3879.239990  3879.239990    28666441
2022-10-26 11:30:00-04:00  3879.239990  3884.790039  3878.669922  3883.469971  3883.469971    27897209
2022-10-26 11:35:00-04:00  3883.239990  3883.989990  3880.370117  3883.350098  3883.350098    26970558
2022-10-26 11:40:00-04:00  3883.340088  3885.459961  3882.439941  3883.469971  3883.469971    25146159
2022-10-26 11:45:00-04:00  3883.270020  3883.270020  3879.000000  3880.600098  3880.600098    26094927
2022-10-26 11:50:00-04:00  3880.709961  3881.389893  3876.239990  3876.239990  3876.239990    25252783
2022-10-26 11:55:00-04:00  3876.229980  3878.540039  3875.659912  3878.310059  3878.310059    24751719
2022-10-26 12:00:00-04:00  3878.310059  3882.570068  3878.189941  3880.570068  3880.570068    22245503
2022-10-26 12:05:00-04:00  3880.560059  3880.560059  3875.260010  3876.060059  3876.060059    24100616
2022-10-26 12:10:00-04:00  3875.969971  3879.459961  3875.449951  3875.739990  3875.739990    19423058
2022-10-26 12:15:00-04:00  3875.739990  3878.530029  3872.629883  3877.550049  3877.550049    22529008
2022-10-26 12:20:00-04:00  3877.500000  3878.879883  3876.659912  3877.639893  3877.639893    17167242
2022-10-26 12:25:00-04:00  3877.629883  3878.189941  3871.629883  3872.870117  3872.870117    21634579
2022-10-26 12:30:00-04:00  3872.830078  3877.709961  3872.820068  3873.750000  3873.750000    21138146
2022-10-26 12:35:00-04:00  3873.989990  3875.250000  3871.219971  3871.699951  3871.699951    19851391
2022-10-26 12:40:00-04:00  3871.830078  3872.879883  3867.449951  3867.449951  3867.449951    19973073
2022-10-26 12:45:00-04:00  3867.570068  3868.790039  3862.669922  3862.790039  3862.790039    21011144
2022-10-26 12:50:00-04:00  3862.870117  3864.310059  3861.169922  3861.659912  3861.659912           0
2022-10-26 12:55:00-04:00  3860.949951  3861.729980  3851.610107  3853.649902  3853.649902  1434163860
2022-10-26 13:00:00-04:00  3853.679932  3854.520020  3847.560059  3852.929932  3852.929932    29318354
2022-10-26 13:05:00-04:00  3852.929932  3853.379883  3849.919922  3850.830078  3850.830078    23884200
2022-10-26 13:10:00-04:00  3850.939941  3854.310059  3849.419922  3849.590088  3849.590088    22228633
2022-10-26 13:15:00-04:00  3849.610107  3850.810059  3846.600098  3850.449951  3850.449951    24557675
2022-10-26 13:20:00-04:00  3850.469971  3851.699951  3845.860107  3846.939941  3846.939941    22291109
2022-10-26 13:25:00-04:00  3846.850098  3846.850098  3841.889893  3842.030029  3842.030029    22291102
2022-10-26 13:30:00-04:00  3842.229980  3842.939941  3837.929932  3839.399902  3839.399902    23738877
2022-10-26 13:35:00-04:00  3839.379883  3843.469971  3839.379883  3843.469971  3843.469971    25444912
2022-10-26 13:40:00-04:00  3843.419922  3846.830078  3842.550049  3845.830078  3845.830078    21712569
2022-10-26 13:45:00-04:00  3845.800049  3846.189941  3842.520020  3842.520020  3842.520020    18528638
2022-10-26 13:50:00-04:00  3842.489990  3848.570068  3842.429932  3848.570068  3848.570068    19873248
2022-10-26 13:55:00-04:00  3848.510010  3849.340088  3844.669922  3848.330078  3848.330078    18915890
2022-10-26 14:00:00-04:00  3848.239990  3851.929932  3847.229980  3851.719971  3851.719971    19546374
2022-10-26 14:05:00-04:00  3851.719971  3852.489990  3850.600098  3850.939941  3850.939941    18634904
2022-10-26 14:10:00-04:00  3850.989990  3853.409912  3850.050049  3850.409912  3850.409912    19028774
2022-10-26 14:15:00-04:00  3850.389893  3850.439941  3845.360107  3845.360107  3845.360107    21417735
2022-10-26 14:20:00-04:00  3845.270020  3845.379883  3840.449951  3841.610107  3841.610107    23220574
2022-10-26 14:25:00-04:00  3841.590088  3843.340088  3837.429932  3837.830078  3837.830078    21493629
2022-10-26 14:30:00-04:00  3837.919922  3838.360107  3836.389893  3836.830078  3836.830078    21103151
2022-10-26 14:35:00-04:00  3836.840088  3842.219971  3836.590088  3840.919922  3840.919922    24672300
2022-10-26 14:40:00-04:00  3840.919922  3840.989990  3832.649902  3832.649902  3832.649902    23118164
2022-10-26 14:45:00-04:00  3832.649902  3835.129883  3832.040039  3834.330078  3834.330078    24937120
2022-10-26 14:50:00-04:00  3834.030029  3834.120117  3831.040039  3833.610107  3833.610107    21399968
2022-10-26 14:55:00-04:00  3833.669922  3836.120117  3830.429932  3834.379883  3834.379883    21338651
2022-10-26 15:00:00-04:00  3833.959961  3833.959961  3825.679932  3826.360107  3826.360107    27786476
2022-10-26 15:05:00-04:00  3826.350098  3830.620117  3825.729980  3830.360107  3830.360107    26889838
2022-10-26 15:10:00-04:00  3830.389893  3831.639893  3826.590088  3831.639893  3831.639893    29291402
2022-10-26 15:15:00-04:00  3831.669922  3836.370117  3831.159912  3836.020020  3836.020020    29918398
2022-10-26 15:20:00-04:00  3836.030029  3836.139893  3831.070068  3831.699951  3831.699951    27211012
2022-10-26 15:25:00-04:00  3831.820068  3834.040039  3829.709961  3833.320068  3833.320068    33284632
2022-10-26 15:30:00-04:00  3833.389893  3836.840088  3832.830078  3833.280029  3833.280029    37169461
2022-10-26 15:35:00-04:00  3833.120117  3835.199951  3830.850098  3833.840088  3833.840088    40291852
2022-10-26 15:40:00-04:00  3833.939941  3838.830078  3833.939941  3838.550049  3838.550049    43164927
2022-10-26 15:45:00-04:00  3838.590088  3840.280029  3835.290039  3836.370117  3836.370117    53699534
2022-10-26 15:50:00-04:00  3836.739990  3836.860107  3831.399902  3836.649902  3836.649902    79262892
2022-10-26 15:55:00-04:00  3836.590088  3836.590088  3827.919922  3830.620117  3830.620117    89142475
2022-10-27 09:30:00-04:00  3834.689941  3851.179932  3834.689941  3849.010010  3849.010010           0
2022-10-27 09:35:00-04:00  3847.750000  3850.139893  3842.120117  3842.459961  3842.459961   218606166
2022-10-27 09:40:00-04:00  3842.370117  3843.620117  3835.889893  3843.620117  3843.620117    54039157
2022-10-27 09:45:00-04:00  3843.540039  3844.010010  3825.750000  3826.389893  3826.389893    62754289
2022-10-27 09:50:00-04:00  3826.260010  3828.139893  3817.300049  3818.129883  3818.129883    52163774
2022-10-27 09:55:00-04:00  3818.020020  3821.929932  3815.560059  3821.909912  3821.909912    46778714
2022-10-27 10:00:00-04:00  3821.800049  3828.750000  3819.010010  3828.639893  3828.639893    46528344
2022-10-27 10:05:00-04:00  3828.610107  3837.729980  3828.290039  3836.879883  3836.879883    43243891
2022-10-27 10:10:00-04:00  3837.139893  3852.290039  3831.429932  3849.760010  3849.760010    45474971
2022-10-27 10:15:00-04:00  3849.939941  3853.870117  3848.469971  3851.500000  3851.500000    37777061
2022-10-27 10:20:00-04:00  3851.389893  3855.620117  3850.899902  3851.699951  3851.699951    37625725
2022-10-27 10:25:00-04:00  3851.639893  3857.239990  3851.159912  3855.169922  3855.169922    36382860
2022-10-27 10:30:00-04:00  3855.250000  3859.949951  3852.489990  3853.699951  3853.699951    36536237
2022-10-27 10:35:00-04:00  3853.699951  3854.020020  3843.899902  3845.800049  3845.800049    32813697
2022-10-27 10:40:00-04:00  3845.820068  3846.149902  3838.120117  3838.679932  3838.679932    30353529
2022-10-27 10:45:00-04:00  3838.820068  3843.030029  3837.149902  3839.219971  3839.219971    30352012
2022-10-27 10:50:00-04:00  3839.149902  3846.179932  3838.989990  3845.080078  3845.080078    26371555
2022-10-27 10:55:00-04:00  3844.899902  3845.219971  3833.110107  3833.110107  3833.110107    30257414
2022-10-27 11:00:00-04:00  3832.979980  3839.229980  3831.000000  3836.520020  3836.520020    28260084
2022-10-27 11:05:00-04:00  3836.550049  3840.530029  3833.189941  3839.570068  3839.570068    28209397
2022-10-27 11:10:00-04:00  3839.459961  3844.040039  3838.189941  3838.800049  3838.800049    29256426
2022-10-27 11:15:00-04:00  3838.719971  3839.520020  3830.370117  3832.449951  3832.449951    25716883
2022-10-27 11:20:00-04:00  3832.459961  3837.989990  3831.439941  3837.659912  3837.659912    22662839
2022-10-27 11:25:00-04:00  3837.699951  3838.620117  3831.659912  3835.239990  3835.239990    26873115
2022-10-27 11:30:00-04:00  3835.149902  3838.419922  3829.550049  3833.969971  3833.969971    30493256
2022-10-27 11:35:00-04:00  3834.330078  3839.070068  3824.870117  3825.159912  3825.159912    26987012
2022-10-27 11:40:00-04:00  3825.010010  3826.209961  3820.510010  3822.520020  3822.520020    21863413
2022-10-27 11:45:00-04:00  3822.489990  3826.090088  3820.090088  3825.120117  3825.120117    20858501
2022-10-27 11:50:00-04:00  3825.270020  3825.919922  3823.149902  3824.989990  3824.989990    21775621
2022-10-27 11:55:00-04:00  3824.979980  3826.100098  3821.760010  3823.459961  3823.459961    20533847
2022-10-27 12:00:00-04:00  3823.580078  3831.379883  3821.830078  3830.139893  3830.139893    25087493
2022-10-27 12:05:00-04:00  3830.090088  3833.830078  3829.000000  3829.689941  3829.689941    22655612
2022-10-27 12:10:00-04:00  3829.699951  3830.459961  3826.879883  3829.689941  3829.689941    20541876
2022-10-27 12:15:00-04:00  3829.659912  3831.629883  3825.629883  3825.629883  3825.629883    23912268
2022-10-27 12:20:00-04:00  3825.560059  3825.919922  3821.149902  3823.830078  3823.830078    21357468
2022-10-27 12:25:00-04:00  3823.560059  3823.899902  3812.610107  3812.610107  3812.610107    22789196
2022-10-27 12:30:00-04:00  3812.520020  3820.260010  3812.239990  3819.820068  3819.820068    21312244
2022-10-27 12:35:00-04:00  3819.800049  3821.149902  3817.929932  3819.110107  3819.110107    18189203
2022-10-27 12:40:00-04:00  3819.100098  3821.580078  3818.340088  3819.270020  3819.270020    19475195
2022-10-27 12:45:00-04:00  3819.250000  3824.780029  3818.110107  3823.350098  3823.350098    20913577
2022-10-27 12:50:00-04:00  3823.320068  3825.120117  3822.570068  3824.770020  3824.770020    21255613
2022-10-27 12:55:00-04:00  3824.739990  3826.550049  3822.669922  3825.689941  3825.689941    18261136
2022-10-27 13:00:00-04:00  3825.729980  3826.800049  3822.080078  3824.350098  3824.350098    21206511
2022-10-27 13:05:00-04:00  3824.310059  3834.929932  3824.310059  3834.719971  3834.719971    23530862
2022-10-27 13:10:00-04:00  3834.729980  3835.459961  3832.629883  3834.169922  3834.169922    20500127
2022-10-27 13:15:00-04:00  3834.290039  3835.070068  3829.219971  3832.389893  3832.389893    25045020
2022-10-27 13:20:00-04:00  3834.320068  3837.500000  3833.139893  3833.199951  3833.199951    19823120
2022-10-27 13:25:00-04:00  3833.229980  3833.389893  3826.719971  3826.760010  3826.760010    22626004
2022-10-27 13:30:00-04:00  3826.760010  3828.020020  3824.139893  3824.199951  3824.199951    19857958
2022-10-27 13:35:00-04:00  3824.179932  3826.560059  3823.340088  3823.340088  3823.340088    18620301
2022-10-27 13:40:00-04:00  3823.209961  3826.699951  3822.949951  3825.209961  3825.209961    19970655
2022-10-27 13:45:00-04:00  3825.159912  3825.159912  3822.239990  3823.399902  3823.399902    18390904
2022-10-27 13:50:00-04:00  3823.399902  3823.399902  3820.820068  3821.090088  3821.090088    17082302
2022-10-27 13:55:00-04:00  3821.139893  3822.699951  3818.330078  3818.469971  3818.469971    19168774
2022-10-27 14:00:00-04:00  3818.489990  3820.149902  3817.239990  3819.350098  3819.350098    20015077
2022-10-27 14:05:00-04:00  3819.330078  3819.330078  3814.800049  3814.850098  3814.850098    18094164
2022-10-27 14:10:00-04:00  3814.929932  3815.459961  3811.520020  3814.459961  3814.459961    22269542
2022-10-27 14:15:00-04:00  3814.439941  3816.620117  3813.330078  3816.530029  3816.530029    19990955
2022-10-27 14:20:00-04:00  3816.570068  3818.419922  3815.040039  3818.379883  3818.379883    20614474
2022-10-27 14:25:00-04:00  3818.370117  3818.469971  3816.510010  3816.510010  3816.510010    19851334
2022-10-27 14:30:00-04:00  3816.500000  3817.610107  3813.560059  3817.080078  3817.080078    22103650
2022-10-27 14:35:00-04:00  3816.909912  3816.909912  3814.979980  3815.169922  3815.169922    19742635
2022-10-27 14:40:00-04:00  3815.199951  3817.320068  3813.459961  3814.000000  3814.000000    21847262
2022-10-27 14:45:00-04:00  3814.090088  3816.469971  3813.500000  3813.520020  3813.520020    22480985
2022-10-27 14:50:00-04:00  3813.540039  3815.350098  3812.699951  3814.590088  3814.590088    23338068
2022-10-27 14:55:00-04:00  3814.590088  3814.840088  3809.090088  3811.290039  3811.290039    27231595
2022-10-27 15:00:00-04:00  3811.300049  3817.760010  3811.100098  3816.580078  3816.580078    27976183
2022-10-27 15:05:00-04:00  3816.639893  3817.189941  3806.750000  3806.760010  3806.760010    30531656
2022-10-27 15:10:00-04:00  3806.739990  3813.169922  3806.239990  3812.419922  3812.419922    31426539
2022-10-27 15:15:00-04:00  3812.429932  3815.459961  3812.340088  3815.090088  3815.090088    31587599
2022-10-27 15:20:00-04:00  3815.010010  3817.739990  3814.270020  3817.100098  3817.100098    34416282
2022-10-27 15:25:00-04:00  3817.050049  3818.060059  3814.489990  3817.709961  3817.709961    33460319
2022-10-27 15:30:00-04:00  3817.739990  3823.199951  3815.030029  3821.719971  3821.719971    41862729
2022-10-27 15:35:00-04:00  3821.709961  3821.709961  3816.830078  3816.929932  3816.929932    36602977
2022-10-27 15:40:00-04:00  3816.909912  3819.419922  3815.790039  3817.209961  3817.209961    43482379
2022-10-27 15:45:00-04:00  3817.080078  3817.080078  3812.489990  3815.459961  3815.459961    56081798
2022-10-27 15:50:00-04:00  3815.310059  3816.899902  3804.929932  3805.530029  3805.530029    85860955
2022-10-27 15:55:00-04:00  3805.739990  3809.020020  3803.790039  3808.870117  3808.870117    98288069
2022-10-28 09:30:00-04:00  3808.260010  3830.820068  3808.260010  3826.929932  3826.929932           0
2022-10-28 09:35:00-04:00  3827.239990  3832.280029  3825.080078  3831.500000  3831.500000    69359001
2022-10-28 09:40:00-04:00  3831.580078  3839.050049  3831.580078  3834.850098  3834.850098    58317481
2022-10-28 09:45:00-04:00  3835.050049  3838.689941  3832.100098  3837.050049  3837.050049    53547197
2022-10-28 09:50:00-04:00  3837.020020  3838.860107  3832.479980  3837.600098  3837.600098    75264136
2022-10-28 09:55:00-04:00  3837.620117  3843.050049  3834.820068  3835.580078  3835.580078    42881930
2022-10-28 10:00:00-04:00  3835.729980  3843.689941  3826.989990  3829.500000  3829.500000    55394248
2022-10-28 10:05:00-04:00  3829.709961  3835.639893  3827.979980  3830.219971  3830.219971    44719978
2022-10-28 10:10:00-04:00  3830.040039  3831.860107  3819.739990  3829.800049  3829.800049    43765761
2022-10-28 10:15:00-04:00  3829.909912  3841.270020  3828.030029  3837.449951  3837.449951    38629887
2022-10-28 10:20:00-04:00  3837.399902  3840.169922  3835.000000  3839.639893  3839.639893    34996032
2022-10-28 10:25:00-04:00  3839.629883  3853.429932  3839.590088  3850.030029  3850.030029    43406473
2022-10-28 10:30:00-04:00  3850.020020  3857.540039  3850.020020  3852.600098  3852.600098    40469712
2022-10-28 10:35:00-04:00  3852.040039  3853.959961  3849.020020  3853.510010  3853.510010    33066472
2022-10-28 10:40:00-04:00  3853.600098  3859.219971  3851.179932  3857.760010  3857.760010    32515118
2022-10-28 10:45:00-04:00  3857.790039  3866.790039  3857.790039  3865.969971  3865.969971    36096908
2022-10-28 10:50:00-04:00  3866.000000  3867.110107  3863.439941  3866.790039  3866.790039    36417325
2022-10-28 10:55:00-04:00  3866.750000  3868.449951  3865.179932  3866.600098  3866.600098    30369864
2022-10-28 11:00:00-04:00  3866.979980  3870.689941  3863.479980  3864.669922  3864.669922    32557167
2022-10-28 11:05:00-04:00  3864.669922  3867.260010  3862.000000  3866.810059  3866.810059    29092105
2022-10-28 11:10:00-04:00  3866.699951  3872.250000  3866.699951  3868.510010  3868.510010    29525814
2022-10-28 11:15:00-04:00  3868.510010  3868.530029  3862.830078  3866.939941  3866.939941    27863395
2022-10-28 11:20:00-04:00  3866.949951  3869.070068  3864.129883  3865.830078  3865.830078    26958919
2022-10-28 11:25:00-04:00  3865.790039  3866.030029  3861.959961  3862.800049  3862.800049    30325274
2022-10-28 11:30:00-04:00  3862.719971  3864.949951  3861.560059  3861.600098  3861.600098    26109271
2022-10-28 11:35:00-04:00  3861.790039  3865.830078  3858.969971  3865.060059  3865.060059    26221536
2022-10-28 11:40:00-04:00  3865.139893  3870.169922  3864.969971  3869.560059  3869.560059    24467425
2022-10-28 11:45:00-04:00  3869.540039  3871.770020  3868.669922  3870.729980  3870.729980    23971319
2022-10-28 11:50:00-04:00  3870.760010  3872.199951  3869.770020  3869.909912  3869.909912    24148895
2022-10-28 11:55:00-04:00  3869.719971  3871.149902  3867.310059  3867.629883  3867.629883    21902382
2022-10-28 12:00:00-04:00  3867.729980  3871.219971  3866.270020  3866.270020  3866.270020    24544570
2022-10-28 12:05:00-04:00  3866.280029  3866.919922  3860.860107  3865.199951  3865.199951    24851968
2022-10-28 12:10:00-04:00  3865.189941  3871.310059  3864.709961  3871.310059  3871.310059    20794781
2022-10-28 12:15:00-04:00  3871.489990  3876.610107  3871.489990  3874.830078  3874.830078    24079639
2022-10-28 12:20:00-04:00  3874.800049  3879.139893  3874.659912  3879.030029  3879.030029    21045825
2022-10-28 12:25:00-04:00  3879.030029  3880.580078  3877.679932  3880.189941  3880.189941    20068294
2022-10-28 12:30:00-04:00  3880.250000  3882.889893  3879.760010  3882.659912  3882.659912    20042801
2022-10-28 12:35:00-04:00  3882.679932  3884.510010  3879.989990  3880.050049  3880.050049    24583920
2022-10-28 12:40:00-04:00  3880.080078  3880.830078  3876.560059  3879.439941  3879.439941    20211591
2022-10-28 12:45:00-04:00  3879.300049  3879.979980  3875.459961  3879.979980  3879.979980    20456182
2022-10-28 12:50:00-04:00  3879.899902  3883.939941  3879.459961  3883.860107  3883.860107    19625250
2022-10-28 12:55:00-04:00  3883.820068  3883.820068  3880.580078  3881.850098  3881.850098    19013557
2022-10-28 13:00:00-04:00  3881.850098  3883.780029  3881.189941  3882.260010  3882.260010    17968730
2022-10-28 13:05:00-04:00  3882.199951  3887.110107  3882.110107  3886.449951  3886.449951    21530505
2022-10-28 13:10:00-04:00  3886.379883  3887.939941  3885.479980  3887.320068  3887.320068    20056576
2022-10-28 13:15:00-04:00  3887.260010  3887.770020  3884.310059  3884.310059  3884.310059    19600860
2022-10-28 13:20:00-04:00  3884.320068  3886.040039  3883.189941  3884.889893  3884.889893    18709011
2022-10-28 13:25:00-04:00  3884.879883  3886.120117  3883.479980  3884.370117  3884.370117    18783019
2022-10-28 13:30:00-04:00  3884.389893  3886.379883  3884.389893  3886.110107  3886.110107    18117442
2022-10-28 13:35:00-04:00  3886.149902  3890.179932  3885.959961  3888.500000  3888.500000    21508763
2022-10-28 13:40:00-04:00  3888.500000  3889.330078  3887.219971  3887.479980  3887.479980    17827939
2022-10-28 13:45:00-04:00  3887.550049  3890.580078  3887.550049  3887.979980  3887.979980    20530247
2022-10-28 13:50:00-04:00  3888.000000  3889.340088  3887.750000  3889.050049  3889.050049    18947485
2022-10-28 13:55:00-04:00  3889.060059  3889.489990  3885.199951  3885.300049  3885.300049    21360170
2022-10-28 14:00:00-04:00  3885.320068  3888.000000  3883.159912  3884.030029  3884.030029    23768239
2022-10-28 14:05:00-04:00  3884.030029  3886.110107  3882.560059  3883.000000  3883.000000    19818594
2022-10-28 14:10:00-04:00  3883.010010  3885.429932  3882.750000  3885.310059  3885.310059    19960685
2022-10-28 14:15:00-04:00  3885.580078  3890.459961  3885.229980  3888.870117  3888.870117    22250450
2022-10-28 14:20:00-04:00  3888.750000  3889.830078  3888.629883  3889.199951  3889.199951    19912398
2022-10-28 14:25:00-04:00  3889.060059  3889.830078  3887.419922  3888.129883  3888.129883    20584071
2022-10-28 14:30:00-04:00  3888.120117  3893.870117  3887.520020  3893.709961  3893.709961    23599139
2022-10-28 14:35:00-04:00  3893.699951  3895.820068  3893.570068  3895.820068  3895.820068    21188863
2022-10-28 14:40:00-04:00  3895.820068  3898.129883  3894.820068  3897.239990  3897.239990    21382455
2022-10-28 14:45:00-04:00  3897.199951  3899.189941  3897.000000  3898.179932  3898.179932    20047809
2022-10-28 14:50:00-04:00  3898.280029  3900.360107  3896.219971  3896.929932  3896.929932    26679427
2022-10-28 14:55:00-04:00  3896.949951  3898.850098  3896.949951  3898.570068  3898.570068    22408622
2022-10-28 15:00:00-04:00  3898.580078  3902.340088  3897.340088  3897.649902  3897.649902    27443903
2022-10-28 15:05:00-04:00  3897.659912  3898.129883  3893.520020  3897.659912  3897.659912    27022735
2022-10-28 15:10:00-04:00  3897.629883  3900.340088  3897.510010  3899.239990  3899.239990    22907782
2022-10-28 15:15:00-04:00  3899.219971  3899.600098  3896.590088  3897.179932  3897.179932    26923549
2022-10-28 15:20:00-04:00  3897.159912  3898.050049  3895.810059  3898.030029  3898.030029    27858565
2022-10-28 15:25:00-04:00  3898.030029  3901.489990  3897.399902  3900.629883  3900.629883    29843752
2022-10-28 15:30:00-04:00  3900.449951  3901.459961  3898.459961  3900.629883  3900.629883    34526539
2022-10-28 15:35:00-04:00  3900.729980  3900.739990  3896.699951  3898.669922  3898.669922    36725509
2022-10-28 15:40:00-04:00  3898.649902  3901.570068  3898.080078  3900.139893  3900.139893    42046426
2022-10-28 15:45:00-04:00  3900.199951  3900.199951  3898.459961  3899.280029  3899.280029    51548905
2022-10-28 15:50:00-04:00  3899.310059  3905.419922  3898.000000  3902.600098  3902.600098    80721010
2022-10-28 15:55:00-04:00  3902.750000  3904.030029  3897.840088  3900.550049  3900.550049   112282331
2022-10-31 09:30:00-04:00  3881.850098  3881.850098  3872.070068  3879.429932  3879.429932   132783163
2022-10-31 09:35:00-04:00  3879.250000  3884.610107  3876.810059  3881.949951  3881.949951    45874932
2022-10-31 09:40:00-04:00  3881.969971  3883.020020  3877.340088  3881.330078  3881.330078    42484591
2022-10-31 09:45:00-04:00  3881.379883  3881.459961  3871.000000  3871.000000  3871.000000    39380285
2022-10-31 09:50:00-04:00  3869.370117  3871.270020  3865.040039  3870.010010  3870.010010    37845512
2022-10-31 09:55:00-04:00  3870.120117  3870.830078  3865.360107  3865.360107  3865.360107    92550014
2022-10-31 10:00:00-04:00  3865.320068  3872.750000  3864.100098  3872.610107  3872.610107    35183181
2022-10-31 10:05:00-04:00  3872.629883  3872.629883  3863.179932  3865.870117  3865.870117    31935909
2022-10-31 10:10:00-04:00  3865.820068  3870.489990  3863.379883  3870.290039  3870.290039    34364614
2022-10-31 10:15:00-04:00  3870.270020  3878.750000  3869.760010  3876.540039  3876.540039    31348425
2022-10-31 10:20:00-04:00  3876.459961  3877.149902  3870.939941  3870.939941  3870.939941   550235595
2022-10-31 10:25:00-04:00  3870.889893  3871.760010  3866.850098  3868.510010  3868.510010    26519088
2022-10-31 10:30:00-04:00  3868.550049  3870.020020  3865.919922  3868.270020  3868.270020    28795987
2022-10-31 10:35:00-04:00  3868.090088  3868.090088  3863.939941  3866.709961  3866.709961    23169430