                                  Open         High          Low        Close    Adj Close     Volume
Datetime                                                                                             
2023-02-22 10:50:00-05:00  3992.560059  3997.280029  3992.560059  3996.830078  3996.830078          0
2023-02-22 10:55:00-05:00  3996.760010  4000.159912  3996.300049  3997.780029  3997.780029   21938194
2023-02-22 11:00:00-05:00  3997.750000  4000.550049  3997.260010  3998.439941  3998.439941   19756474
2023-02-22 11:05:00-05:00  3998.439941  4000.610107  3997.070068  3999.409912  3999.409912   18364818
2023-02-22 11:10:00-05:00  3999.409912  3999.879883  3994.360107  3994.830078  3994.830078   17929439
2023-02-22 11:15:00-05:00  3994.850098  3995.250000  3992.820068  3994.300049  3994.300049   17858211
2023-02-22 11:20:00-05:00  3994.500000  3999.120117  3994.500000  3998.379883  3998.379883   19289612
2023-02-22 11:25:00-05:00  3998.419922  3998.790039  3995.949951  3996.800049  3996.800049   18982311
2023-02-22 11:30:00-05:00  3996.830078  3999.850098  3996.229980  3999.679932  3999.679932   17201070
2023-02-22 11:35:00-05:00  3999.750000  4001.959961  3995.510010  3995.590088  3995.590088   19218650
2023-02-22 11:40:00-05:00  3995.610107  3999.850098  3995.610107  3999.790039  3999.790039   15187326
2023-02-22 11:45:00-05:00  3999.770020  4000.209961  3995.909912  3996.709961  3996.709961   15698485
2023-02-22 11:50:00-05:00  3996.669922  4000.629883  3996.419922  3996.919922  3996.919922   16629403
2023-02-22 11:55:00-05:00  3997.060059  4001.000000  3996.239990  4001.000000  4001.000000   15532246
2023-02-22 12:00:00-05:00  4000.979980  4001.120117  3997.879883  3999.110107  3999.110107   16301930
2023-02-22 12:05:00-05:00  3999.120117  4003.270020  3999.120117  4001.429932  4001.429932   15971256
2023-02-22 12:10:00-05:00  4001.429932  4001.429932  3998.070068  3999.290039  3999.290039   14671245
2023-02-22 12:15:00-05:00  3999.330078  4005.850098  3999.330078  4005.320068  4005.320068   16624541
2023-02-22 12:20:00-05:00  4005.409912  4006.530029  4005.030029  4006.510010  4006.510010   14776458
2023-02-22 12:25:00-05:00  4006.520020  4008.159912  4005.489990  4005.489990  4005.489990   14629362
2023-02-22 12:30:00-05:00  4005.489990  4008.290039  4005.489990  4007.010010  4007.010010   15260271
2023-02-22 12:35:00-05:00  4007.020020  4009.949951  4006.340088  4008.270020  4008.270020   18569013
2023-02-22 12:40:00-05:00  4008.300049  4011.300049  4008.129883  4010.790039  4010.790039   17532360
2023-02-22 12:45:00-05:00  4010.780029  4011.959961  4007.959961  4008.360107  4008.360107   16832973
2023-02-22 12:50:00-05:00  4008.370117  4009.139893  4007.689941  4008.850098  4008.850098   16307434
2023-02-22 12:55:00-05:00  4008.860107  4008.919922  4007.189941  4007.830078  4007.830078   13805888
2023-02-22 13:00:00-05:00  4007.879883  4007.979980  4005.239990  4007.949951  4007.949951   17522871
2023-02-22 13:05:00-05:00  4007.949951  4010.729980  4007.659912  4010.199951  4010.199951   13672106
2023-02-22 13:10:00-05:00  4010.189941  4010.659912  4007.879883  4009.060059  4009.060059   14281874
2023-02-22 13:15:00-05:00  4009.000000  4011.510010  4008.919922  4011.199951  4011.199951   12607747
2023-02-22 13:20:00-05:00  4011.179932  4012.810059  4010.639893  4012.580078  4012.580078   13041324
2023-02-22 13:25:00-05:00  4012.560059  4015.179932  4012.389893  4014.739990  4014.739990   13861776
2023-02-22 13:30:00-05:00  4014.709961  4015.139893  4010.090088  4011.979980  4011.979980   16348205
2023-02-22 13:35:00-05:00  4011.989990  4014.550049  4010.459961  4014.280029  4014.280029   15043499
2023-02-22 13:40:00-05:00  4014.270020  4015.020020  4013.479980  4014.280029  4014.280029   13686987
2023-02-22 13:45:00-05:00  4014.290039  4014.600098  4010.949951  4012.270020  4012.270020   14097833
2023-02-22 13:50:00-05:00  4012.290039  4012.290039  4007.169922  4007.780029  4007.780029   14921761
2023-02-22 13:55:00-05:00  4007.810059  4010.820068  4007.810059  4009.830078  4009.830078   14407645
2023-02-22 14:00:00-05:00  4009.840088  4014.750000  3999.489990  4010.949951  4010.949951   39994312
2023-02-22 14:05:00-05:00  4011.030029  4017.370117  4005.629883  4010.580078  4010.580078   24954722
2023-02-22 14:10:00-05:00  4010.820068  4014.070068  3999.409912  4002.110107  4002.110107   24168302
2023-02-22 14:15:00-05:00  4002.030029  4005.429932  3993.489990  4005.340088  4005.340088   24485538
2023-02-22 14:20:00-05:00  4005.439941  4009.790039  3999.959961  4001.110107  4001.110107   21357637
2023-02-22 14:25:00-05:00  4001.149902  4002.449951  3997.800049  3999.570068  3999.570068   18217493
2023-02-22 14:30:00-05:00  3999.139893  3999.159912  3990.790039  3992.989990  3992.989990   24335834
2023-02-22 14:35:00-05:00  3992.979980  3995.409912  3990.479980  3992.169922  3992.169922   21744359
2023-02-22 14:40:00-05:00  3992.149902  3993.219971  3986.360107  3991.030029  3991.030029   19732402
2023-02-22 14:45:00-05:00  3990.840088  3997.219971  3986.340088  3996.929932  3996.929932   22518577
2023-02-22 14:50:00-05:00  3996.909912  3997.520020  3988.620117  3988.659912  3988.659912   23520446
2023-02-22 14:55:00-05:00  3988.620117  3988.620117  3982.280029  3982.479980  3982.479980   22946901
2023-02-22 15:00:00-05:00  3982.469971  3984.909912  3980.040039  3982.179932  3982.179932   21732727
2023-02-22 15:05:00-05:00  3982.310059  3985.169922  3981.310059  3984.060059  3984.060059   20977392
2023-02-22 15:10:00-05:00  3984.050049  3986.870117  3981.139893  3982.489990  3982.489990   23278813
2023-02-22 15:15:00-05:00  3982.449951  3987.639893  3981.360107  3984.080078  3984.080078   24460871
2023-02-22 15:20:00-05:00  3984.149902  3989.110107  3981.260010  3988.439941  3988.439941   25347049
2023-02-22 15:25:00-05:00  3988.530029  3990.070068  3982.580078  3982.669922  3982.669922   25050914
2023-02-22 15:30:00-05:00  3982.560059  3986.250000  3980.620117  3985.000000  3985.000000   29572418
2023-02-22 15:35:00-05:00  3984.959961  3986.510010  3978.760010  3978.760010  3978.760010   30460111
2023-02-22 15:40:00-05:00  3978.939941  3983.629883  3978.590088  3980.550049  3980.550049   36742377
2023-02-22 15:45:00-05:00  3980.530029  3984.060059  3978.899902  3982.010010  3982.010010   40133713
2023-02-22 15:50:00-05:00  3982.050049  3986.659912  3976.899902  3984.800049  3984.800049   69745862
2023-02-22 15:55:00-05:00  3984.959961  3991.610107  3983.840088  3991.520020  3991.520020  115508463
2023-02-23 09:30:00-05:00  4018.600098  4023.040039  4018.600098  4019.919922  4019.919922   76941562
2023-02-23 09:35:00-05:00  4019.889893  4020.469971  4015.949951  4016.709961  4016.709961   40520712
2023-02-23 09:40:00-05:00  4016.669922  4020.149902  4014.629883  4017.080078  4017.080078   37374958
2023-02-23 09:45:00-05:00  4017.129883  4027.320068  4017.129883  4024.840088  4024.840088   42380750
2023-02-23 09:50:00-05:00  4024.879883  4028.300049  4023.419922  4027.510010  4027.510010   35421450
2023-02-23 09:55:00-05:00  4027.590088  4028.030029  4023.610107  4024.520020  4024.520020   34992147
2023-02-23 10:00:00-05:00  4024.959961  4027.729980  4019.239990  4019.610107  4019.610107   35528294
2023-02-23 10:05:00-05:00  4019.679932  4019.879883  4011.840088  4016.100098  4016.100098   35967956
2023-02-23 10:10:00-05:00  4016.149902  4016.439941  4011.699951  4016.080078  4016.080078   29097101
2023-02-23 10:15:00-05:00  4016.080078  4017.679932  4014.020020  4014.110107  4014.110107   27159423
2023-02-23 10:20:00-05:00  4014.489990  4016.959961  4013.699951  4016.870117  4016.870117   25334291
2023-02-23 10:25:00-05:00  4016.830078  4018.899902  4015.409912  4016.739990  4016.739990   25311061
2023-02-23 10:30:00-05:00  4016.719971  4018.510010  4008.600098  4018.489990  4018.489990   31162817
2023-02-23 10:35:00-05:00  4018.340088  4018.340088  4014.629883  4015.280029  4015.280029   22634942
2023-02-23 10:40:00-05:00  4015.239990  4015.239990  4009.550049  4009.830078  4009.830078   22849773
2023-02-23 10:45:00-05:00  4009.739990  4010.070068  3995.620117  3996.379883  3996.379883   31343715
2023-02-23 10:50:00-05:00  3996.449951  3998.229980  3995.169922  3998.229980  3998.229980   27368680
2023-02-23 10:55:00-05:00  3998.050049  3998.050049  3994.969971  3997.449951  3997.449951   24312115
2023-02-23 11:00:00-05:00  3997.459961  4002.199951  3996.750000  4000.719971  4000.719971   23804013
2023-02-23 11:05:00-05:00  4000.780029  4000.939941  3990.199951  3991.870117  3991.870117   28900706
2023-02-23 11:10:00-05:00  3991.870117  3995.620117  3991.870117  3992.429932  3992.429932   20397921
2023-02-23 11:15:00-05:00  3992.699951  3992.929932  3989.419922  3989.870117  3989.870117   22350563
2023-02-23 11:20:00-05:00  3989.790039  3989.790039  3985.560059  3987.429932  3987.429932   21517801
2023-02-23 11:25:00-05:00  3987.520020  3989.570068  3984.300049  3986.090088  3986.090088   22372771
2023-02-23 11:30:00-05:00  3986.080078  3987.639893  3984.929932  3986.669922  3986.669922   18747130
2023-02-23 11:35:00-05:00  3986.800049  3988.159912  3982.780029  3983.209961  3983.209961   20173122
2023-02-23 11:40:00-05:00  3983.219971  3983.459961  3974.790039  3977.820068  3977.820068   25709074
2023-02-23 11:45:00-05:00  3977.679932  3980.250000  3976.770020  3976.899902  3976.899902   21887725
2023-02-23 11:50:00-05:00  3976.919922  3977.209961  3972.159912  3972.310059  3972.310059   21587501
2023-02-23 11:55:00-05:00  3972.409912  3973.050049  3970.449951  3970.649902  3970.649902   20417279
2023-02-23 12:00:00-05:00  3970.770020  3972.790039  3969.830078  3972.419922  3972.419922   21042113
2023-02-23 12:05:00-05:00  3972.399902  3974.000000  3971.649902  3972.510010  3972.510010   18136188
2023-02-23 12:10:00-05:00  3972.520020  3973.360107  3969.189941  3973.290039  3973.290039   16791281
2023-02-23 12:15:00-05:00  3973.189941  3977.550049  3973.070068  3974.689941  3974.689941   20172743
2023-02-23 12:20:00-05:00  3974.709961  3975.840088  3969.959961  3975.780029  3975.780029   17133816
2023-02-23 12:25:00-05:00  3975.899902  3976.209961  3973.909912  3974.780029  3974.780029   17898042
2023-02-23 12:30:00-05:00  3974.800049  3978.889893  3972.739990  3978.479980  3978.479980   16290630
2023-02-23 12:35:00-05:00  3978.469971  3980.729980  3977.270020  3977.669922  3977.669922   18278983
2023-02-23 12:40:00-05:00  3977.659912  3980.530029  3975.419922  3979.929932  3979.929932   18680565
2023-02-23 12:45:00-05:00  3979.939941  3980.770020  3977.250000  3978.770020  3978.770020   14179311
2023-02-23 12:50:00-05:00  3978.739990  3980.750000  3978.550049  3978.719971  3978.719971   13682423
2023-02-23 12:55:00-05:00  3978.699951  3982.290039  3978.070068  3981.790039  3981.790039   16115387
2023-02-23 13:00:00-05:00  3981.850098  3985.860107  3978.540039  3980.600098  3980.600098   25075154
2023-02-23 13:05:00-05:00  3980.520020  3980.649902  3977.780029  3978.699951  3978.699951   13773440
2023-02-23 13:10:00-05:00  3978.709961  3979.929932  3977.909912  3978.580078  3978.580078   13988620
2023-02-23 13:15:00-05:00  3978.610107  3981.459961  3976.840088  3981.459961  3981.459961   16669413
2023-02-23 13:20:00-05:00  3981.479980  3982.330078  3980.070068  3980.860107  3980.860107   14936755
2023-02-23 13:25:00-05:00  3980.830078  3982.840088  3979.320068  3982.500000  3982.500000   13645889
2023-02-23 13:30:00-05:00  3982.570068  3982.699951  3979.409912  3981.800049  3981.800049   12856881
2023-02-23 13:35:00-05:00  3981.810059  3983.340088  3980.379883  3983.120117  3983.120117   14471112
2023-02-23 13:40:00-05:00  3983.139893  3988.120117  3983.090088  3984.290039  3984.290039   21241390
2023-02-23 13:45:00-05:00  3984.300049  3989.399902  3983.189941  3989.290039  3989.290039   17626075
2023-02-23 13:50:00-05:00  3989.320068  3990.090088  3987.590088  3987.629883  3987.629883   16179277
2023-02-23 13:55:00-05:00  3987.610107  3989.350098  3985.899902  3988.350098  3988.350098   15448755
2023-02-23 14:00:00-05:00  3988.330078  3989.750000  3985.750000  3988.159912  3988.159912   16720037
2023-02-23 14:05:00-05:00  3988.149902  3991.800049  3988.149902  3990.810059  3990.810059   17853742
2023-02-23 14:10:00-05:00  3990.870117  3995.399902  3989.679932  3995.219971  3995.219971   21096730
2023-02-23 14:15:00-05:00  3995.219971  4003.830078  3995.219971  4002.870117  4002.870117   27183524
2023-02-23 14:20:00-05:00  4002.850098  4005.050049  4002.459961  4004.520020  4004.520020   20688068
2023-02-23 14:25:00-05:00  4004.540039  4006.139893  4003.530029  4004.979980  4004.979980   18270028
2023-02-23 14:30:00-05:00  4005.030029  4011.979980  4005.030029  4010.320068  4010.320068   21616519
2023-02-23 14:35:00-05:00  4010.310059  4012.159912  4009.449951  4010.350098  4010.350098   18041541
2023-02-23 14:40:00-05:00  4010.389893  4011.540039  4008.159912  4009.909912  4009.909912   17194912
2023-02-23 14:45:00-05:00  4009.860107  4011.629883  4008.169922  4010.479980  4010.479980   18157876
2023-02-23 14:50:00-05:00  4010.479980  4010.810059  4007.379883  4009.550049  4009.550049   16520602
2023-02-23 14:55:00-05:00  4009.750000  4010.270020  4005.929932  4007.449951  4007.449951   20940508
2023-02-23 15:00:00-05:00  4007.520020  4014.889893  4007.520020  4014.870117  4014.870117   21733571
2023-02-23 15:05:00-05:00  4014.909912  4015.830078  4012.040039  4012.070068  4012.070068   20952058
2023-02-23 15:10:00-05:00  4012.330078  4017.090088  4012.070068  4016.100098  4016.100098   22032546
2023-02-23 15:15:00-05:00  4016.149902  4017.260010  4014.040039  4014.300049  4014.300049   22772085
2023-02-23 15:20:00-05:00  4014.199951  4016.989990  4012.149902  4016.379883  4016.379883   23041973
2023-02-23 15:25:00-05:00  4016.550049  4020.500000  4015.090088  4020.260010  4020.260010   27037078
2023-02-23 15:30:00-05:00  4020.229980  4021.969971  4018.620117  4020.689941  4020.689941   31548015
2023-02-23 15:35:00-05:00  4020.699951  4020.699951  4017.540039  4018.879883  4018.879883   30806095
2023-02-23 15:40:00-05:00  4018.939941  4020.379883  4017.590088  4019.270020  4019.270020   33865109
2023-02-23 15:45:00-05:00  4019.270020  4019.270020  4014.080078  4015.530029  4015.530029   45947344
2023-02-23 15:50:00-05:00  4015.389893  4016.679932  4011.500000  4011.750000  4011.750000   69152701
2023-02-23 15:55:00-05:00  4011.590088  4015.090088  4010.300049  4012.139893  4012.139893  112767287
2023-02-24 09:30:00-05:00  3973.239990  3973.239990  3958.469971  3964.550049  3964.550049   67029170
2023-02-24 09:35:00-05:00  3964.310059  3969.320068  3960.500000  3968.909912  3968.909912   35417092
2023-02-24 09:40:00-05:00  3968.820068  3969.939941  3954.610107  3954.610107  3954.610107   37996655
2023-02-24 09:45:00-05:00  3954.659912  3954.659912  3948.290039  3950.760010  3950.760010   40313690
2023-02-24 09:50:00-05:00  3950.649902  3953.129883  3948.870117  3953.050049  3953.050049   31620989
2023-02-24 09:55:00-05:00  3953.239990  3955.580078  3949.159912  3951.239990  3951.239990   28936147
2023-02-24 10:00:00-05:00  3951.010010  3958.469971  3947.860107  3956.060059  3956.060059   33521050
2023-02-24 10:05:00-05:00  3956.010010  3959.520020  3951.560059  3953.459961  3953.459961   30611576
2023-02-24 10:10:00-05:00  3953.520020  3953.909912  3948.340088  3949.030029  3949.030029   28307876
2023-02-24 10:15:00-05:00  3949.030029  3950.439941  3944.949951  3947.669922  3947.669922   29144900
2023-02-24 10:20:00-05:00  3947.810059  3949.489990  3945.449951  3946.100098  3946.100098   24124480
2023-02-24 10:25:00-05:00  3946.100098  3950.030029  3945.379883  3948.909912  3948.909912   25195613
2023-02-24 10:30:00-05:00  3948.919922  3949.479980  3944.739990  3948.719971  3948.719971   26129236
2023-02-24 10:35:00-05:00  3948.790039  3951.229980  3946.330078  3947.239990  3947.239990   23031138
2023-02-24 10:40:00-05:00  3947.229980  3949.939941  3944.350098  3949.879883  3949.879883   21940080
2023-02-24 10:45:00-05:00  3949.739990  3953.139893  3947.489990  3947.520020  3947.520020   24413601
2023-02-24 10:50:00-05:00  3947.370117  3947.649902  3944.100098  3945.300049  3945.300049   21709732
2023-02-24 10:55:00-05:00  3945.260010  3947.149902  3943.080078  3946.959961  3946.959961   23222577
2023-02-24 11:00:00-05:00  3947.030029  3948.979980  3946.219971  3946.310059  3946.310059   20296627
2023-02-24 11:05:00-05:00  3946.550049  3952.729980  3946.550049  3952.129883  3952.129883   18462266
2023-02-24 11:10:00-05:00  3952.159912  3954.760010  3951.919922  3952.719971  3952.719971   21446164
2023-02-24 11:15:00-05:00  3952.729980  3957.060059  3952.540039  3954.679932  3954.679932   20665477
2023-02-24 11:20:00-05:00  3954.689941  3957.360107  3952.520020  3955.379883  3955.379883   19849610
2023-02-24 11:25:00-05:00  3955.530029  3962.090088  3955.530029  3959.770020  3959.770020   23235981
2023-02-24 11:30:00-05:00  3959.840088  3963.340088  3957.439941  3960.659912  3960.659912   23622930
2023-02-24 11:35:00-05:00  3960.669922  3960.719971  3956.780029  3957.020020  3957.020020   18549653
2023-02-24 11:40:00-05:00  3956.979980  3965.449951  3956.719971  3964.260010  3964.260010   20129512
2023-02-24 11:45:00-05:00  3964.280029  3968.669922  3964.260010  3967.270020  3967.270020   23476294
2023-02-24 11:50:00-05:00  3967.290039  3972.290039  3966.389893  3966.540039  3966.540039   22653131
2023-02-24 11:55:00-05:00  3966.570068  3968.070068  3963.770020  3964.870117  3964.870117   19958878
2023-02-24 12:00:00-05:00  3964.919922  3966.889893  3962.379883  3962.590088  3962.590088   15942652
2023-02-24 12:05:00-05:00  3962.659912  3963.100098  3960.169922  3962.070068  3962.070068   18017479
2023-02-24 12:10:00-05:00  3962.090088  3964.100098  3961.560059  3964.100098  3964.100098   14838713
2023-02-24 12:15:00-05:00  3964.149902  3964.580078  3959.399902  3960.580078  3960.580078   17710515
2023-02-24 12:20:00-05:00  3960.530029  3963.260010  3959.639893  3962.219971  3962.219971   15189829
2023-02-24 12:25:00-05:00  3962.239990  3962.760010  3958.929932  3961.620117  3961.620117   17309083
2023-02-24 12:30:00-05:00  3961.629883  3964.830078  3960.159912  3960.229980  3960.229980   16592726
2023-02-24 12:35:00-05:00  3960.239990  3960.969971  3958.159912  3958.280029  3958.280029   13491295
2023-02-24 12:40:00-05:00  3958.300049  3958.659912  3955.770020  3956.129883  3956.129883   14485586
2023-02-24 12:45:00-05:00  3956.149902  3956.189941  3953.340088  3953.639893  3953.639893   17136838
2023-02-24 12:50:00-05:00  3953.620117  3954.590088  3952.699951  3953.889893  3953.889893   13309385
2023-02-24 12:55:00-05:00  3953.909912  3953.909912  3952.080078  3952.580078  3952.580078   12961792
2023-02-24 13:00:00-05:00  3952.629883  3954.610107  3951.379883  3952.870117  3952.870117   15736272
2023-02-24 13:05:00-05:00  3952.800049  3952.959961  3949.500000  3949.709961  3949.709961   15321962
2023-02-24 13:10:00-05:00  3949.889893  3951.040039  3949.340088  3950.340088  3950.340088   14841830
2023-02-24 13:15:00-05:00  3950.350098  3953.090088  3950.060059  3953.090088  3953.090088   16104986
2023-02-24 13:20:00-05:00  3953.060059  3957.989990  3952.909912  3957.120117  3957.120117   14190087
2023-02-24 13:25:00-05:00  3957.129883  3959.030029  3956.729980  3957.489990  3957.489990   12904449
2023-02-24 13:30:00-05:00  3957.469971  3957.469971  3951.629883  3954.530029  3954.530029   15942082
2023-02-24 13:35:00-05:00  3954.659912  3957.010010  3954.659912  3956.969971  3956.969971   14599707
2023-02-24 13:40:00-05:00  3957.060059  3959.610107  3957.060059  3959.459961  3959.459961   15740306
2023-02-24 13:45:00-05:00  3959.479980  3962.250000  3958.979980  3960.820068  3960.820068   14972346
2023-02-24 13:50:00-05:00  3960.820068  3963.469971  3960.610107  3963.389893  3963.389893   14727928
2023-02-24 13:55:00-05:00  3963.389893  3964.360107  3960.810059  3961.739990  3961.739990   16215699
2023-02-24 14:00:00-05:00  3961.770020  3964.989990  3960.949951  3963.620117  3963.620117   15234449
2023-02-24 14:05:00-05:00  3963.629883  3965.540039  3962.979980  3964.780029  3964.780029   13903028
2023-02-24 14:10:00-05:00  3964.830078  3964.860107  3960.320068  3962.719971  3962.719971   16806182
2023-02-24 14:15:00-05:00  3962.719971  3966.760010  3962.719971  3966.510010  3966.510010   14770496
2023-02-24 14:20:00-05:00  3966.510010  3967.459961  3963.389893  3964.409912  3964.409912   19613195
2023-02-24 14:25:00-05:00  3964.399902  3966.830078  3963.719971  3963.979980  3963.979980   14374695
2023-02-24 14:30:00-05:00  3964.020020  3964.500000  3960.570068  3961.830078  3961.830078   16059276
2023-02-24 14:35:00-05:00  3961.790039  3962.729980  3960.739990  3962.399902  3962.399902   13695958
2023-02-24 14:40:00-05:00  3962.389893  3962.479980  3957.719971  3959.120117  3959.120117   15796588
2023-02-24 14:45:00-05:00  3959.070068  3967.360107  3958.510010  3966.929932  3966.929932   18993268
2023-02-24 14:50:00-05:00  3966.929932  3970.760010  3966.870117  3969.540039  3969.540039   20204193
2023-02-24 14:55:00-05:00  3969.570068  3976.090088  3969.020020  3973.800049  3973.800049   24460785
2023-02-24 15:00:00-05:00  3973.989990  3978.250000  3971.169922  3971.219971  3971.219971   23713745
2023-02-24 15:05:00-05:00  3971.300049  3975.870117  3971.300049  3975.169922  3975.169922   21025527
2023-02-24 15:10:00-05:00  3975.189941  3975.959961  3970.800049  3970.810059  3970.810059   23910481
2023-02-24 15:15:00-05:00  3970.790039  3973.070068  3969.110107  3973.070068  3973.070068   21661020
2023-02-24 15:20:00-05:00  3973.070068  3975.469971  3972.969971  3974.739990  3974.739990   22646077
2023-02-24 15:25:00-05:00  3974.830078  3976.610107  3970.250000  3970.340088  3970.340088   27927983
2023-02-24 15:30:00-05:00  3970.340088  3971.149902  3964.250000  3964.320068  3964.320068   30602244
2023-02-24 15:35:00-05:00  3964.270020  3964.270020  3960.120117  3961.250000  3961.250000   30908291
2023-02-24 15:40:00-05:00  3961.280029  3963.760010  3959.959961  3962.449951  3962.449951   34458674
2023-02-24 15:45:00-05:00  3962.449951  3962.449951  3959.840088  3960.989990  3960.989990   40995177
2023-02-24 15:50:00-05:00  3960.979980  3964.229980  3956.820068  3964.169922  3964.169922   72639054
2023-02-24 15:55:00-05:00  3964.209961  3971.570068  3964.209961  3970.419922  3970.419922  118240498
2023-02-27 09:30:00-05:00  3992.360107  4003.429932  3992.360107  3999.199951  3999.199951          0
2023-02-27 09:35:00-05:00  3998.989990  4002.070068  3997.739990  3998.709961  3998.709961   33260128
2023-02-27 09:40:00-05:00  3998.570068  4002.459961  3998.070068  3998.679932  3998.679932   32110390
2023-02-27 09:45:00-05:00  3998.489990  4000.570068  3996.850098  3998.939941  3998.939941   30297344
2023-02-27 09:50:00-05:00  3998.979980  4004.399902  3998.750000  4002.689941  4002.689941   28575166
2023-02-27 09:55:00-05:00  4002.699951  4009.379883  4002.699951  4009.159912  4009.159912   27021207
2023-02-27 10:00:00-05:00  4009.300049  4012.489990  4007.060059  4011.770020  4011.770020   28642327
2023-02-27 10:05:00-05:00  4011.770020  4018.050049  4011.709961  4017.250000  4017.250000   31417625
2023-02-27 10:10:00-05:00  4017.270020  4017.270020  4013.699951  4014.760010  4014.760010   27074529
2023-02-27 10:15:00-05:00  4014.780029  4017.010010  4014.560059  4016.399902  4016.399902   25064106
2023-02-27 10:20:00-05:00  4016.510010  4016.989990  4012.729980  4013.949951  4013.949951   23989841
2023-02-27 10:25:00-05:00  4014.010010  4016.860107  4012.840088  4012.909912  4012.909912   20868822
2023-02-27 10:30:00-05:00  4012.790039  4014.129883  4009.649902  4011.280029  4011.280029   25019052
2023-02-27 10:35:00-05:00  4011.219971  4011.219971  3998.090088  3999.560059  3999.560059   26971710
2023-02-27 10:40:00-05:00  3999.540039  3999.540039  3993.360107  3999.139893  3999.139893   26085709
2023-02-27 10:45:00-05:00  3999.159912  3999.159912  3994.889893  3997.620117  3997.620117   21633906
2023-02-27 10:50:00-05:00  3997.600098  3998.719971  3995.600098  3997.560059  3997.560059   21201794
2023-02-27 10:55:00-05:00  3997.530029  3997.530029  3992.229980  3997.250000  3997.250000   24829630
2023-02-27 11:00:00-05:00  3997.300049  3999.909912  3997.219971  3997.709961  3997.709961   18405775
2023-02-27 11:05:00-05:00  3997.679932  4000.530029  3997.570068  3999.830078  3999.830078   19246178
2023-02-27 11:10:00-05:00  3999.850098  4001.080078  3991.570068  3992.949951  3992.949951   24032772
2023-02-27 11:15:00-05:00  3992.949951  3994.590088  3990.169922  3990.870117  3990.870117   19695075
2023-02-27 11:20:00-05:00  3990.969971  3992.399902  3989.429932  3989.459961  3989.459961   18865837
2023-02-27 11:25:00-05:00  3989.300049  3990.889893  3988.239990  3989.620117  3989.620117   17507207
2023-02-27 11:30:00-05:00  3989.679932  3991.310059  3982.280029  3983.679932  3983.679932   23210107
2023-02-27 11:35:00-05:00  3983.760010  3987.600098  3983.179932  3987.479980  3987.479980   16396674
2023-02-27 11:40:00-05:00  3987.479980  3988.219971  3986.669922  3987.169922  3987.169922   15790538
2023-02-27 11:45:00-05:00  3987.149902  3989.179932  3986.310059  3988.860107  3988.860107   14875234
2023-02-27 11:50:00-05:00  3988.800049  3989.209961  3986.909912  3988.070068  3988.070068   14351404
2023-02-27 11:55:00-05:00  3988.030029  3989.469971  3987.020020  3988.429932  3988.429932   15316198
2023-02-27 12:00:00-05:00  3988.429932  3989.120117  3984.419922  3986.479980  3986.479980   17342620
2023-02-27 12:05:00-05:00  3986.449951  3986.689941  3983.639893  3983.989990  3983.989990   14672845
2023-02-27 12:10:00-05:00  3983.969971  3987.179932  3982.770020  3986.750000  3986.750000   15302811
2023-02-27 12:15:00-05:00  3986.639893  3987.810059  3986.159912  3986.320068  3986.320068   14117178
2023-02-27 12:20:00-05:00  3986.310059  3986.310059  3981.580078  3983.550049  3983.550049   16462218
2023-02-27 12:25:00-05:00  3983.580078  3987.600098  3983.580078  3987.330078  3987.330078   14043257
2023-02-27 12:30:00-05:00  3987.159912  3992.229980  3986.989990  3990.479980  3990.479980   16828386
2023-02-27 12:35:00-05:00  3990.590088  3991.669922  3990.429932  3990.689941  3990.689941   13276482
2023-02-27 12:40:00-05:00  3990.669922  3991.090088  3988.310059  3989.110107  3989.110107   13396109
2023-02-27 12:45:00-05:00  3989.129883  3992.010010  3989.129883  3991.399902  3991.399902   14689162
2023-02-27 12:50:00-05:00  3991.389893  3993.100098  3989.330078  3990.899902  3990.899902   15451860
2023-02-27 12:55:00-05:00  3990.919922  3993.449951  3990.919922  3992.669922  3992.669922   12824858
2023-02-27 13:00:00-05:00  3992.669922  3993.939941  3992.360107  3992.639893  3992.639893   14472405
2023-02-27 13:05:00-05:00  3992.679932  3993.699951  3991.469971  3993.500000  3993.500000   15262873
2023-02-27 13:10:00-05:00  3993.540039  3995.600098  3993.030029  3995.590088  3995.590088   14500469
2023-02-27 13:15:00-05:00  3995.639893  3997.169922  3995.139893  3995.419922  3995.419922   15137296
2023-02-27 13:20:00-05:00  3995.429932  3996.159912  3992.229980  3993.330078  3993.330078   17077167
2023-02-27 13:25:00-05:00  3993.340088  3994.379883  3991.840088  3993.280029  3993.280029   13845228
2023-02-27 13:30:00-05:00  3993.310059  3994.550049  3991.739990  3992.949951  3992.949951   14822519
2023-02-27 13:35:00-05:00  3992.979980  3993.350098  3990.370117  3991.820068  3991.820068   15284810
2023-02-27 13:40:00-05:00  3991.939941  3992.800049  3988.570068  3989.090088  3989.090088   14032833
2023-02-27 13:45:00-05:00  3989.070068  3989.070068  3987.040039  3987.540039  3987.540039   15066503
2023-02-27 13:50:00-05:00  3987.510010  3991.199951  3987.510010  3990.889893  3990.889893   13760400
2023-02-27 13:55:00-05:00  3990.909912  3995.070068  3990.550049  3995.070068  3995.070068   16680153
2023-02-27 14:00:00-05:00  3995.189941  3999.510010  3994.909912  3998.189941  3998.189941   17984848
2023-02-27 14:05:00-05:00  3998.159912  3999.550049  3997.510010  3998.129883  3998.129883   15462541
2023-02-27 14:10:00-05:00  3998.050049  4000.469971  3997.909912  3997.909912  3997.909912   16022122
2023-02-27 14:15:00-05:00  3997.850098  3997.959961  3992.290039  3992.590088  3992.590088   19264613
2023-02-27 14:20:00-05:00  3992.580078  3992.870117  3990.360107  3991.090088  3991.090088   14556635
2023-02-27 14:25:00-05:00  3991.090088  3992.969971  3990.139893  3992.250000  3992.250000   15965818
2023-02-27 14:30:00-05:00  3992.270020  3992.780029  3991.459961  3992.070068  3992.070068   15497736
2023-02-27 14:35:00-05:00  3992.100098  3993.050049  3990.300049  3990.979980  3990.979980   15282457
2023-02-27 14:40:00-05:00  3991.000000  3991.370117  3985.360107  3987.360107  3987.360107   20114068
2023-02-27 14:45:00-05:00  3987.429932  3987.429932  3983.530029  3985.639893  3985.639893   18072510
2023-02-27 14:50:00-05:00  3985.729980  3987.060059  3984.439941  3986.850098  3986.850098   16732268
2023-02-27 14:55:00-05:00  3986.830078  3987.110107  3984.979980  3985.179932  3985.179932   17266809
2023-02-27 15:00:00-05:00  3985.149902  3986.909912  3982.949951  3983.989990  3983.989990   19253720
2023-02-27 15:05:00-05:00  3984.000000  3984.000000  3980.250000  3981.270020  3981.270020   20446310
2023-02-27 15:10:00-05:00  3981.080078  3983.350098  3979.610107  3983.010010  3983.010010   20166205
2023-02-27 15:15:00-05:00  3983.040039  3983.340088  3978.689941  3980.370117  3980.370117   21615892
2023-02-27 15:20:00-05:00  3980.389893  3980.389893  3977.989990  3979.919922  3979.919922   20555570
2023-02-27 15:25:00-05:00  3979.939941  3981.969971  3978.350098  3981.929932  3981.929932   22566447
2023-02-27 15:30:00-05:00  3981.860107  3982.050049  3976.750000  3979.050049  3979.050049   31073452
2023-02-27 15:35:00-05:00  3979.070068  3979.239990  3973.550049  3975.030029  3975.030029   29309930
2023-02-27 15:40:00-05:00  3975.110107  3980.870117  3973.790039  3978.389893  3978.389893   35673234
2023-02-27 15:45:00-05:00  3978.330078  3982.310059  3977.699951  3978.110107  3978.110107   41836618
2023-02-27 15:50:00-05:00  3978.090088  3981.760010  3977.770020  3980.629883  3980.629883   67210587
2023-02-27 15:55:00-05:00  3980.600098  3982.639893  3979.780029  3982.229980  3982.229980  110867875
2023-02-28 09:30:00-05:00  3977.189941  3978.290039  3970.179932  3971.699951  3971.699951   64307571
2023-02-28 09:35:00-05:00  3971.729980  3976.090088  3971.520020  3976.090088  3976.090088   34989629
2023-02-28 09:40:00-05:00  3975.989990  3981.280029  3975.989990  3979.350098  3979.350098   32544234
2023-02-28 09:45:00-05:00  3979.399902  3985.129883  3979.399902  3979.449951  3979.449951   35097389
2023-02-28 09:50:00-05:00  3979.399902  3983.239990  3977.300049  3980.840088  3980.840088   31349881
2023-02-28 09:55:00-05:00  3980.760010  3981.810059  3977.929932  3978.260010  3978.260010   27351030
2023-02-28 10:00:00-05:00  3978.419922  3985.149902  3978.370117  3984.149902  3984.149902   31243629
2023-02-28 10:05:00-05:00  3984.100098  3987.399902  3983.250000  3983.250000  3983.250000   28708428
2023-02-28 10:10:00-05:00  3982.889893  3983.010010  3975.989990  3978.070068  3978.070068   29567867
2023-02-28 10:15:00-05:00  3978.070068  3978.350098  3974.320068  3977.659912  3977.659912   25946981
2023-02-28 10:20:00-05:00  3977.719971  3981.649902  3976.100098  3980.120117  3980.120117   26096640
2023-02-28 10:25:00-05:00  3980.159912  3982.739990  3975.590088  3976.840088  3976.840088   27888087
2023-02-28 10:30:00-05:00  3976.850098  3978.340088  3975.139893  3977.649902  3977.649902   26048398
2023-02-28 10:35:00-05:00  3977.679932  3980.600098  3976.820068  3978.959961  3978.959961   26779436
2023-02-28 10:40:00-05:00  3978.899902  3981.929932  3976.370117  3978.360107  3978.360107   24020547
2023-02-28 10:45:00-05:00  3978.530029  3980.469971  3973.610107  3975.520020  3975.520020   22487070
2023-02-28 10:50:00-05:00  3975.459961  3975.520020  3971.489990  3974.679932  3974.679932   23967452
2023-02-28 10:55:00-05:00  3974.580078  3978.290039  3973.100098  3978.290039  3978.290039   19149346
2023-02-28 11:00:00-05:00  3978.169922  3984.939941  3978.169922  3983.389893  3983.389893   20802010
2023-02-28 11:05:00-05:00  3983.389893  3986.229980  3983.389893  3985.770020  3985.770020   17640706
2023-02-28 11:10:00-05:00  3985.790039  3987.149902  3984.189941  3984.929932  3984.929932   18163591
2023-02-28 11:15:00-05:00  3984.939941  3988.330078  3984.639893  3986.580078  3986.580078   19796610
2023-02-28 11:20:00-05:00  3986.550049  3988.679932  3984.459961  3985.620117  3985.620117   18732623
2023-02-28 11:25:00-05:00  3985.689941  3987.889893  3984.370117  3984.479980  3984.479980   16988223
2023-02-28 11:30:00-05:00  3984.399902  3985.350098  3982.699951  3982.820068  3982.820068   18263728
2023-02-28 11:35:00-05:00  3982.709961  3983.040039  3980.729980  3981.149902  3981.149902   16250560
2023-02-28 11:40:00-05:00  3981.080078  3981.310059  3978.830078  3979.449951  3979.449951   17340465
2023-02-28 11:45:00-05:00  3979.489990  3979.689941  3977.399902  3978.500000  3978.500000   15348892
2023-02-28 11:50:00-05:00  3978.520020  3979.479980  3977.399902  3978.810059  3978.810059   16318307
2023-02-28 11:55:00-05:00  3978.850098  3979.729980  3977.149902  3979.139893  3979.139893   16006669
2023-02-28 12:00:00-05:00  3979.149902  3981.409912  3979.149902  3981.090088  3981.090088   15760607
2023-02-28 12:05:00-05:00  3981.070068  3983.020020  3980.820068  3982.669922  3982.669922   13345711
2023-02-28 12:10:00-05:00  3982.679932  3985.610107  3982.669922  3985.350098  3985.350098   14303985
2023-02-28 12:15:00-05:00  3985.219971  3986.580078  3984.800049  3986.580078  3986.580078   14848661
2023-02-28 12:20:00-05:00  3986.750000  3990.139893  3986.530029  3987.600098  3987.600098   18309077
2023-02-28 12:25:00-05:00  3987.620117  3988.530029  3986.370117  3988.530029  3988.530029   14740012
2023-02-28 12:30:00-05:00  3988.530029  3989.850098  3987.919922  3988.409912  3988.409912   17059016
2023-02-28 12:35:00-05:00  3988.419922  3989.040039  3985.760010  3986.850098  3986.850098   16005775
2023-02-28 12:40:00-05:00  3986.739990  3987.580078  3984.850098  3986.800049  3986.800049   14670844
2023-02-28 12:45:00-05:00  3986.800049  3989.139893  3986.760010  3989.120117  3989.120117   14237241
2023-02-28 12:50:00-05:00  3989.139893  3994.320068  3988.820068  3994.050049  3994.050049   17348736
2023-02-28 12:55:00-05:00  3994.080078  3995.459961  3993.899902  3993.899902  3993.899902   17008243
2023-02-28 13:00:00-05:00  3993.820068  3995.959961  3993.560059  3995.929932  3995.929932   14902656
2023-02-28 13:05:00-05:00  3995.949951  3996.879883  3994.300049  3994.500000  3994.500000   18408478
2023-02-28 13:10:00-05:00  3994.469971  3995.709961  3993.820068  3993.820068  3993.820068   16448875
2023-02-28 13:15:00-05:00  3993.689941  3994.469971  3992.219971  3992.379883  3992.379883   15215676
2023-02-28 13:20:00-05:00  3992.360107  3995.219971  3992.260010  3995.179932  3995.179932   13743239
2023-02-28 13:25:00-05:00  3995.139893  3995.709961  3993.870117  3995.500000  3995.500000   14276822
2023-02-28 13:30:00-05:00  3995.429932  3997.500000  3992.340088  3994.989990  3994.989990   17820086
2023-02-28 13:35:00-05:00  3995.010010  3995.959961  3994.530029  3994.709961  3994.709961   14424189
2023-02-28 13:40:00-05:00  3994.739990  3995.310059  3993.389893  3994.659912  3994.659912   13633736
2023-02-28 13:45:00-05:00  3994.639893  3996.689941  3994.149902  3994.189941  3994.189941   14407196
2023-02-28 13:50:00-05:00  3994.149902  3994.750000  3992.479980  3994.550049  3994.550049   14119397
2023-02-28 13:55:00-05:00  3994.540039  3995.459961  3993.989990  3994.399902  3994.399902   14285289
2023-02-28 14:00:00-05:00  3994.580078  3996.989990  3994.560059  3994.709961  3994.709961   17014820
2023-02-28 14:05:00-05:00  3994.709961  3994.790039  3988.830078  3991.310059  3991.310059   22159269
2023-02-28 14:10:00-05:00  3991.330078  3991.959961  3990.010010  3991.699951  3991.699951   17228165
2023-02-28 14:15:00-05:00  3991.659912  3991.760010  3988.590088  3989.280029  3989.280029   17520073
2023-02-28 14:20:00-05:00  3989.399902  3991.070068  3988.510010  3990.340088  3990.340088   15985006
2023-02-28 14:25:00-05:00  3990.310059  3990.310059  3988.120117  3988.409912  3988.409912   16076176
2023-02-28 14:30:00-05:00  3988.419922  3988.919922  3986.080078  3986.739990  3986.739990   16986649
2023-02-28 14:35:00-05:00  3986.790039  3988.750000  3985.100098  3988.590088  3988.590088   15724636
2023-02-28 14:40:00-05:00  3988.580078  3988.580078  3985.540039  3987.870117  3987.870117   16421589
2023-02-28 14:45:00-05:00  3987.899902  3991.050049  3987.550049  3989.899902  3989.899902   17110768
2023-02-28 14:50:00-05:00  3989.899902  3990.659912  3986.139893  3986.800049  3986.800049   16437805
2023-02-28 14:55:00-05:00  3986.790039  3986.810059  3982.600098  3983.169922  3983.169922   18693900
2023-02-28 15:00:00-05:00  3983.209961  3983.270020  3980.620117  3980.969971  3980.969971   20684963
2023-02-28 15:05:00-05:00  3980.979980  3981.979980  3979.879883  3981.449951  3981.449951   19462404
2023-02-28 15:10:00-05:00  3981.449951  3983.389893  3979.879883  3980.530029  3980.530029   19674951
2023-02-28 15:15:00-05:00  3980.550049  3981.419922  3979.590088  3980.050049  3980.050049   21712831
2023-02-28 15:20:00-05:00  3980.070068  3980.780029  3977.580078  3977.879883  3977.879883   23102756
2023-02-28 15:25:00-05:00  3977.959961  3977.959961  3975.449951  3976.229980  3976.229980   26292213
2023-02-28 15:30:00-05:00  3976.209961  3976.919922  3971.840088  3973.260010  3973.260010   31847463
2023-02-28 15:35:00-05:00  3973.429932  3973.429932  3971.030029  3973.250000  3973.250000   33701441
2023-02-28 15:40:00-05:00  3973.280029  3974.750000  3971.689941  3974.689941  3974.689941   34972822
2023-02-28 15:45:00-05:00  3974.629883  3976.409912  3972.689941  3972.929932  3972.929932   47304080
2023-02-28 15:50:00-05:00  3972.939941  3979.060059  3971.860107  3976.810059  3976.810059   84640141
2023-02-28 15:55:00-05:00  3976.679932  3978.060059  3969.280029  3969.280029  3969.280029  135849540
2023-03-01 09:30:00-05:00  3963.340088  3963.790039  3958.409912  3960.330078  3960.330078   32955451
2023-03-01 09:35:00-05:00  3960.179932  3964.679932  3957.340088  3964.610107  3964.610107   38447980
2023-03-01 09:40:00-05:00  3964.649902  3964.649902  3959.439941  3960.459961  3960.459961   35563643
2023-03-01 09:45:00-05:00  3960.449951  3970.699951  3960.219971  3970.699951  3970.699951   35009720
2023-03-01 09:50:00-05:00  3970.600098  3971.729980  3966.760010  3968.560059  3968.560059   35681523
2023-03-01 09:55:00-05:00  3968.649902  3970.870117  3964.949951  3965.750000  3965.750000   28812429
2023-03-01 10:00:00-05:00  3966.530029  3969.959961  3959.590088  3959.610107  3959.610107   39164094
2023-03-01 10:05:00-05:00  3959.620117  3959.620117  3951.790039  3951.850098  3951.850098   38725327
2023-03-01 10:10:00-05:00  3951.820068  3951.820068  3946.479980  3948.389893  3948.389893   30900682
2023-03-01 10:15:00-05:00  3948.419922  3950.820068  3945.729980  3950.639893  3950.639893   31475709
2023-03-01 10:20:00-05:00  3950.810059  3954.250000  3949.620117  3951.429932  3951.429932   27429043
2023-03-01 10:25:00-05:00  3951.449951  3954.360107  3950.030029  3952.020020  3952.020020   25089040
2023-03-01 10:30:00-05:00  3951.679932  3953.520020  3947.870117  3953.129883  3953.129883   26925103
2023-03-01 10:35:00-05:00  3953.209961  3963.270020  3952.870117  3962.149902  3962.149902   25109168