                                  Open         High          Low        Close    Adj Close     Volume
Datetime                                                                                             
2023-01-20 10:50:00-05:00  3919.270020  3920.879883  3916.989990  3920.830078  3920.830078          0
2023-01-20 10:55:00-05:00  3920.750000  3922.790039  3919.530029  3919.530029  3919.530029   21278584
2023-01-20 11:00:00-05:00  3919.580078  3926.750000  3919.219971  3926.489990  3926.489990   25400333
2023-01-20 11:05:00-05:00  3926.540039  3927.479980  3925.070068  3925.830078  3925.830078   23159344
2023-01-20 11:10:00-05:00  3925.850098  3931.810059  3925.850098  3930.489990  3930.489990   23007990
2023-01-20 11:15:00-05:00  3930.489990  3931.770020  3929.860107  3931.540039  3931.540039   20085452
2023-01-20 11:20:00-05:00  3931.540039  3932.010010  3928.840088  3930.639893  3930.639893   23808392
2023-01-20 11:25:00-05:00  3930.679932  3936.320068  3930.219971  3936.090088  3936.090088   21116364
2023-01-20 11:30:00-05:00  3936.139893  3937.199951  3934.830078  3936.540039  3936.540039   21633775
2023-01-20 11:35:00-05:00  3936.530029  3936.689941  3931.239990  3931.370117  3931.370117   19604370
2023-01-20 11:40:00-05:00  3931.189941  3932.010010  3930.010010  3930.750000  3930.750000   18372766
2023-01-20 11:45:00-05:00  3930.770020  3934.080078  3930.669922  3933.370117  3933.370117   19337405
2023-01-20 11:50:00-05:00  3933.379883  3933.379883  3930.530029  3930.530029  3930.530029   17129670
2023-01-20 11:55:00-05:00  3930.550049  3932.219971  3929.219971  3930.489990  3930.489990   18103558
2023-01-20 12:00:00-05:00  3930.489990  3932.729980  3930.489990  3932.729980  3932.729980   15331108
2023-01-20 12:05:00-05:00  3932.729980  3934.110107  3932.020020  3932.649902  3932.649902   17630140
2023-01-20 12:10:00-05:00  3932.639893  3933.310059  3930.689941  3932.500000  3932.500000   16855766
2023-01-20 12:15:00-05:00  3932.379883  3934.189941  3931.429932  3933.909912  3933.909912   17241186
2023-01-20 12:20:00-05:00  3933.899902  3935.270020  3932.510010  3934.389893  3934.389893   17253522
2023-01-20 12:25:00-05:00  3934.379883  3935.689941  3933.189941  3933.510010  3933.510010   18010093
2023-01-20 12:30:00-05:00  3933.500000  3933.580078  3930.929932  3932.169922  3932.169922   15877362
2023-01-20 12:35:00-05:00  3932.179932  3933.459961  3931.320068  3933.459961  3933.459961   14234633
2023-01-20 12:40:00-05:00  3933.489990  3934.520020  3933.169922  3933.169922  3933.169922   13282821
2023-01-20 12:45:00-05:00  3933.179932  3933.500000  3932.080078  3933.129883  3933.129883   14069321
2023-01-20 12:50:00-05:00  3933.139893  3935.629883  3932.870117  3934.760010  3934.760010   15817666
2023-01-20 12:55:00-05:00  3934.750000  3934.939941  3931.709961  3931.750000  3931.750000   15562789
2023-01-20 13:00:00-05:00  3931.699951  3936.330078  3931.550049  3933.729980  3933.729980   20470698
2023-01-20 13:05:00-05:00  3933.760010  3934.189941  3932.000000  3932.189941  3932.189941   15344360
2023-01-20 13:10:00-05:00  3932.159912  3933.679932  3926.139893  3932.810059  3932.810059   20468197
2023-01-20 13:15:00-05:00  3932.899902  3933.860107  3925.649902  3925.649902  3925.649902   16741249
2023-01-20 13:20:00-05:00  3925.580078  3927.879883  3924.500000  3927.830078  3927.830078   16785947
2023-01-20 13:25:00-05:00  3927.870117  3929.649902  3927.280029  3929.199951  3929.199951   17292326
2023-01-20 13:30:00-05:00  3929.199951  3934.419922  3929.199951  3933.780029  3933.780029   16834946
2023-01-20 13:35:00-05:00  3933.800049  3941.850098  3933.780029  3940.229980  3940.229980   23808137
2023-01-20 13:40:00-05:00  3940.280029  3941.800049  3940.120117  3941.139893  3941.139893   15253731
2023-01-20 13:45:00-05:00  3941.159912  3946.250000  3940.610107  3946.100098  3946.100098   19034950
2023-01-20 13:50:00-05:00  3946.129883  3948.199951  3945.750000  3946.250000  3946.250000   18871678
2023-01-20 13:55:00-05:00  3946.229980  3947.889893  3945.030029  3947.219971  3947.219971   16253514
2023-01-20 14:00:00-05:00  3947.199951  3948.070068  3945.560059  3946.669922  3946.669922   16861227
2023-01-20 14:05:00-05:00  3946.699951  3947.389893  3946.030029  3947.280029  3947.280029   16236565
2023-01-20 14:10:00-05:00  3947.280029  3949.760010  3947.020020  3949.000000  3949.000000   16306810
2023-01-20 14:15:00-05:00  3948.929932  3950.729980  3948.860107  3949.110107  3949.110107   16937188
2023-01-20 14:20:00-05:00  3949.149902  3951.610107  3948.290039  3951.610107  3951.610107   17703194
2023-01-20 14:25:00-05:00  3951.580078  3952.169922  3950.570068  3951.870117  3951.870117   18580166
2023-01-20 14:30:00-05:00  3951.709961  3955.770020  3951.709961  3954.179932  3954.179932   19706706
2023-01-20 14:35:00-05:00  3954.179932  3954.949951  3953.389893  3954.739990  3954.739990   16570892
2023-01-20 14:40:00-05:00  3954.760010  3955.560059  3953.949951  3954.929932  3954.929932   16842048
2023-01-20 14:45:00-05:00  3954.909912  3954.919922  3952.199951  3952.780029  3952.780029   18328987
2023-01-20 14:50:00-05:00  3952.810059  3952.939941  3951.219971  3952.570068  3952.570068   16786579
2023-01-20 14:55:00-05:00  3952.550049  3956.040039  3951.260010  3956.010010  3956.010010   19167379
2023-01-20 15:00:00-05:00  3955.949951  3960.520020  3955.949951  3960.110107  3960.110107   22441234
2023-01-20 15:05:00-05:00  3960.199951  3962.909912  3959.179932  3962.219971  3962.219971   24291686
2023-01-20 15:10:00-05:00  3962.199951  3967.189941  3961.429932  3966.989990  3966.989990   26633185
2023-01-20 15:15:00-05:00  3967.040039  3970.149902  3967.010010  3968.129883  3968.129883   27434164
2023-01-20 15:20:00-05:00  3968.110107  3968.189941  3961.439941  3962.719971  3962.719971   27526633
2023-01-20 15:25:00-05:00  3962.679932  3965.320068  3962.659912  3964.439941  3964.439941   27792317
2023-01-20 15:30:00-05:00  3964.449951  3966.639893  3963.679932  3963.679932  3963.679932   35224401
2023-01-20 15:35:00-05:00  3963.669922  3964.409912  3961.280029  3964.409912  3964.409912   33187352
2023-01-20 15:40:00-05:00  3964.540039  3964.959961  3963.090088  3963.399902  3963.399902   38856779
2023-01-20 15:45:00-05:00  3963.310059  3966.320068  3961.370117  3966.239990  3966.239990   50362520
2023-01-20 15:50:00-05:00  3966.229980  3970.760010  3963.550049  3969.949951  3969.949951   80506899
2023-01-20 15:55:00-05:00  3969.909912  3972.959961  3968.080078  3971.780029  3971.780029  103175277
2023-01-23 09:30:00-05:00  3978.139893  3979.850098  3971.639893  3973.580078  3973.580078          0
2023-01-23 09:35:00-05:00  3973.379883  3978.949951  3972.639893  3975.350098  3975.350098   44028776
2023-01-23 09:40:00-05:00  3975.320068  3981.620117  3975.320068  3979.159912  3979.159912   37177975
2023-01-23 09:45:00-05:00  3978.939941  3988.939941  3978.939941  3987.879883  3987.879883   39588964
2023-01-23 09:50:00-05:00  3987.989990  3995.479980  3987.989990  3992.949951  3992.949951   35514277
2023-01-23 09:55:00-05:00  3993.050049  3995.629883  3989.419922  3992.159912  3992.159912   39004823
2023-01-23 10:00:00-05:00  3992.040039  3998.070068  3992.040039  3994.110107  3994.110107   36324535
2023-01-23 10:05:00-05:00  3994.239990  3994.239990  3989.949951  3991.719971  3991.719971   30240181
2023-01-23 10:10:00-05:00  3991.689941  4000.340088  3991.239990  3997.800049  3997.800049   32622870
2023-01-23 10:15:00-05:00  3997.750000  4000.790039  3997.669922  3999.989990  3999.989990   28197115
2023-01-23 10:20:00-05:00  4000.050049  4004.820068  3998.550049  4004.820068  4004.820068   28371699
2023-01-23 10:25:00-05:00  4005.060059  4007.300049  4003.929932  4005.379883  4005.379883   27248980
2023-01-23 10:30:00-05:00  4005.399902  4009.020020  4005.399902  4007.100098  4007.100098   26670965
2023-01-23 10:35:00-05:00  4006.969971  4008.169922  4006.080078  4007.270020  4007.270020   24238329
2023-01-23 10:40:00-05:00  4007.310059  4008.739990  4004.399902  4006.709961  4006.709961   24172788
2023-01-23 10:45:00-05:00  4006.800049  4012.570068  4005.959961  4012.219971  4012.219971   29686106
2023-01-23 10:50:00-05:00  4012.280029  4012.610107  4010.810059  4011.340088  4011.340088   25615890
2023-01-23 10:55:00-05:00  4011.310059  4015.239990  4011.270020  4012.250000  4012.250000   24824855
2023-01-23 11:00:00-05:00  4012.209961  4024.479980  4012.209961  4023.610107  4023.610107   30495920
2023-01-23 11:05:00-05:00  4023.510010  4029.320068  4021.989990  4029.030029  4029.030029   29823964
2023-01-23 11:10:00-05:00  4029.050049  4029.750000  4026.449951  4026.449951  4026.449951   24791764
2023-01-23 11:15:00-05:00  4026.429932  4030.959961  4024.810059  4030.959961  4030.959961   25896019
2023-01-23 11:20:00-05:00  4030.959961  4033.110107  4029.570068  4029.649902  4029.649902   24750463
2023-01-23 11:25:00-05:00  4029.580078  4029.780029  4021.629883  4021.629883  4021.629883   29382561
2023-01-23 11:30:00-05:00  4021.669922  4025.399902  4021.669922  4023.169922  4023.169922   23342761
2023-01-23 11:35:00-05:00  4023.110107  4025.169922  4020.239990  4024.350098  4024.350098   21734561
2023-01-23 11:40:00-05:00  4024.360107  4025.489990  4023.290039  4024.689941  4024.689941   23850575
2023-01-23 11:45:00-05:00  4024.669922  4027.429932  4023.669922  4027.429932  4027.429932   21855117
2023-01-23 11:50:00-05:00  4027.419922  4027.510010  4024.479980  4026.739990  4026.739990   21030710
2023-01-23 11:55:00-05:00  4026.800049  4028.979980  4026.129883  4028.370117  4028.370117   19401984
2023-01-23 12:00:00-05:00  4028.389893  4028.389893  4025.739990  4026.760010  4026.760010   21129045
2023-01-23 12:05:00-05:00  4026.939941  4027.110107  4017.510010  4017.530029  4017.530029   23769979
2023-01-23 12:10:00-05:00  4017.479980  4019.489990  4017.330078  4018.250000  4018.250000   19750077
2023-01-23 12:15:00-05:00  4018.169922  4022.070068  4017.929932  4021.629883  4021.629883   18571711
2023-01-23 12:20:00-05:00  4021.649902  4023.510010  4020.000000  4022.879883  4022.879883   19109690
2023-01-23 12:25:00-05:00  4022.919922  4023.800049  4020.989990  4023.379883  4023.379883   17576696
2023-01-23 12:30:00-05:00  4023.379883  4023.800049  4021.979980  4023.590088  4023.590088   17031058
2023-01-23 12:35:00-05:00  4023.600098  4025.459961  4022.959961  4024.820068  4024.820068   16419822
2023-01-23 12:40:00-05:00  4024.850098  4025.060059  4023.139893  4025.010010  4025.010010   15990985
2023-01-23 12:45:00-05:00  4025.030029  4025.030029  4022.850098  4023.449951  4023.449951   24032262
2023-01-23 12:50:00-05:00  4023.459961  4027.629883  4021.739990  4027.409912  4027.409912   20369674
2023-01-23 12:55:00-05:00  4027.360107  4028.870117  4026.469971  4028.310059  4028.310059   18913027
2023-01-23 13:00:00-05:00  4028.179932  4030.969971  4027.199951  4029.129883  4029.129883   20512875
2023-01-23 13:05:00-05:00  4029.139893  4030.489990  4028.179932  4030.110107  4030.110107   18011288
2023-01-23 13:10:00-05:00  4030.120117  4030.729980  4028.020020  4029.830078  4029.830078   16878117
2023-01-23 13:15:00-05:00  4029.840088  4031.429932  4029.449951  4030.729980  4030.729980   17428876
2023-01-23 13:20:00-05:00  4030.729980  4033.229980  4030.699951  4031.959961  4031.959961   21354413
2023-01-23 13:25:00-05:00  4031.979980  4032.330078  4030.300049  4031.790039  4031.790039   19353051
2023-01-23 13:30:00-05:00  4031.780029  4033.350098  4031.590088  4032.530029  4032.530029   20416211
2023-01-23 13:35:00-05:00  4032.530029  4035.280029  4032.439941  4035.280029  4035.280029   20113327
2023-01-23 13:40:00-05:00  4035.290039  4036.889893  4034.250000  4036.729980  4036.729980   23070205
2023-01-23 13:45:00-05:00  4036.689941  4039.310059  4036.379883  4038.260010  4038.260010   20584314
2023-01-23 13:50:00-05:00  4038.300049  4038.790039  4034.860107  4035.219971  4035.219971   20118337
2023-01-23 13:55:00-05:00  4035.209961  4035.909912  4032.340088  4033.209961  4033.209961   20860497
2023-01-23 14:00:00-05:00  4033.169922  4033.169922  4027.060059  4027.409912  4027.409912   23749040
2023-01-23 14:05:00-05:00  4027.419922  4029.510010  4027.020020  4028.040039  4028.040039   19553965
2023-01-23 14:10:00-05:00  4028.020020  4028.020020  4024.679932  4027.000000  4027.000000   18454690
2023-01-23 14:15:00-05:00  4026.989990  4027.600098  4025.300049  4027.300049  4027.300049   18255310
2023-01-23 14:20:00-05:00  4027.280029  4027.469971  4025.590088  4025.820068  4025.820068   19568341
2023-01-23 14:25:00-05:00  4025.770020  4025.770020  4018.629883  4019.719971  4019.719971   24674833
2023-01-23 14:30:00-05:00  4019.649902  4023.169922  4019.649902  4020.560059  4020.560059   21074558
2023-01-23 14:35:00-05:00  4020.570068  4020.570068  4013.379883  4014.149902  4014.149902   23719507
2023-01-23 14:40:00-05:00  4014.090088  4015.820068  4012.840088  4013.500000  4013.500000   19947692
2023-01-23 14:45:00-05:00  4013.479980  4013.479980  4002.780029  4005.600098  4005.600098   30131559
2023-01-23 14:50:00-05:00  4005.479980  4005.479980  4000.830078  4003.580078  4003.580078   22987998
2023-01-23 14:55:00-05:00  4003.510010  4008.659912  4003.510010  4008.300049  4008.300049   26838454
2023-01-23 15:00:00-05:00  4008.280029  4008.800049  4005.959961  4005.989990  4005.989990   22604350
2023-01-23 15:05:00-05:00  4005.929932  4008.300049  4003.979980  4008.010010  4008.010010   23577759
2023-01-23 15:10:00-05:00  4008.020020  4014.040039  4006.169922  4012.949951  4012.949951   28732309
2023-01-23 15:15:00-05:00  4012.919922  4015.260010  4011.379883  4012.639893  4012.639893   26892174
2023-01-23 15:20:00-05:00  4012.659912  4014.179932  4010.790039  4013.300049  4013.300049   25163865
2023-01-23 15:25:00-05:00  4013.270020  4013.270020  4007.090088  4011.320068  4011.320068   28099811
2023-01-23 15:30:00-05:00  4011.330078  4012.340088  4008.520020  4009.110107  4009.110107   29540662
2023-01-23 15:35:00-05:00  4009.050049  4013.850098  4008.169922  4012.639893  4012.639893   33004558
2023-01-23 15:40:00-05:00  4012.719971  4013.550049  4008.360107  4013.469971  4013.469971   35914177
2023-01-23 15:45:00-05:00  4013.489990  4015.899902  4012.659912  4015.169922  4015.169922   46394683
2023-01-23 15:50:00-05:00  4015.139893  4020.260010  4015.139893  4019.310059  4019.310059   73987075
2023-01-23 15:55:00-05:00  4019.300049  4022.689941  4018.479980  4019.520020  4019.520020  127342576
2023-01-24 09:30:00-05:00  4001.739990  4003.600098  3997.909912  4000.229980  4000.229980          0
2023-01-24 09:35:00-05:00  4000.479980  4002.629883  3990.389893  3993.229980  3993.229980   40718530
2023-01-24 09:40:00-05:00  3993.300049  4001.719971  3991.679932  4001.469971  4001.469971   40431536
2023-01-24 09:45:00-05:00  4001.489990  4009.429932  3997.629883  4007.699951  4007.699951   40351823
2023-01-24 09:50:00-05:00  4007.629883  4013.929932  4005.280029  4013.929932  4013.929932   34510405
2023-01-24 09:55:00-05:00  4013.989990  4014.239990  3996.070068  3997.449951  3997.449951   35983976
2023-01-24 10:00:00-05:00  3997.310059  3999.439941  3994.530029  3996.129883  3996.129883   36336659
2023-01-24 10:05:00-05:00  3996.110107  3997.979980  3989.790039  3997.310059  3997.310059   32997935
2023-01-24 10:10:00-05:00  3997.330078  4005.659912  3996.139893  4005.649902  4005.649902   30178545
2023-01-24 10:15:00-05:00  4005.600098  4012.060059  4000.530029  4000.540039  4000.540039   30024818
2023-01-24 10:20:00-05:00  4000.709961  4004.340088  3998.159912  3999.679932  3999.679932   23748354
2023-01-24 10:25:00-05:00  3999.699951  4005.659912  3999.550049  4005.429932  4005.429932   23002932
2023-01-24 10:30:00-05:00  4005.659912  4007.909912  4001.699951  4005.959961  4005.959961   26315040
2023-01-24 10:35:00-05:00  4006.030029  4006.050049  3998.260010  4001.580078  4001.580078   25099919
2023-01-24 10:40:00-05:00  4001.540039  4009.590088  4000.040039  4008.649902  4008.649902   25164642
2023-01-24 10:45:00-05:00  4008.800049  4011.770020  4007.550049  4011.409912  4011.409912   24050831
2023-01-24 10:50:00-05:00  4011.280029  4014.320068  4009.510010  4014.320068  4014.320068   22598937
2023-01-24 10:55:00-05:00  4014.360107  4019.790039  4014.229980  4017.270020  4017.270020   26322018
2023-01-24 11:00:00-05:00  4017.500000  4019.169922  4015.729980  4018.770020  4018.770020   23319029
2023-01-24 11:05:00-05:00  4018.659912  4018.840088  4015.060059  4016.469971  4016.469971   21070961
2023-01-24 11:10:00-05:00  4016.439941  4017.459961  4012.399902  4013.929932  4013.929932   21787247
2023-01-24 11:15:00-05:00  4013.969971  4014.919922  4011.030029  4012.689941  4012.689941   19444098
2023-01-24 11:20:00-05:00  4012.699951  4017.209961  4011.250000  4016.659912  4016.659912   18848841
2023-01-24 11:25:00-05:00  4016.600098  4019.679932  4015.050049  4019.679932  4019.679932   21590745
2023-01-24 11:30:00-05:00  4019.610107  4019.699951  4012.929932  4013.300049  4013.300049   21498540
2023-01-24 11:35:00-05:00  4013.330078  4015.350098  4012.830078  4015.320068  4015.320068   17591701
2023-01-24 11:40:00-05:00  4015.449951  4016.290039  4012.360107  4013.489990  4013.489990   17454939
2023-01-24 11:45:00-05:00  4013.610107  4015.550049  4012.939941  4014.590088  4014.590088   16593121
2023-01-24 11:50:00-05:00  4014.610107  4016.590088  4013.090088  4013.489990  4013.489990   15079525
2023-01-24 11:55:00-05:00  4013.479980  4014.889893  4012.260010  4013.489990  4013.489990   14264948
2023-01-24 12:00:00-05:00  4013.459961  4013.459961  4006.100098  4009.689941  4009.689941   26352254
2023-01-24 12:05:00-05:00  4009.709961  4014.840088  4009.709961  4014.459961  4014.459961   23479115
2023-01-24 12:10:00-05:00  4014.340088  4016.850098  4013.929932  4016.850098  4016.850098   21911563
2023-01-24 12:15:00-05:00  4016.879883  4017.760010  4015.770020  4017.510010  4017.510010   14511769
2023-01-24 12:20:00-05:00  4017.540039  4017.560059  4014.860107  4015.870117  4015.870117   13875602
2023-01-24 12:25:00-05:00  4015.879883  4016.520020  4013.679932  4016.330078  4016.330078   15446654
2023-01-24 12:30:00-05:00  4016.310059  4016.310059  4013.590088  4013.969971  4013.969971   13879532
2023-01-24 12:35:00-05:00  4013.989990  4016.050049  4012.620117  4014.199951  4014.199951   15285144
2023-01-24 12:40:00-05:00  4014.250000  4014.270020  4011.320068  4012.030029  4012.030029   14752481
2023-01-24 12:45:00-05:00  4012.090088  4013.310059  4011.030029  4012.340088  4012.340088   14431110
2023-01-24 12:50:00-05:00  4012.370117  4013.570068  4011.149902  4012.189941  4012.189941   14099747
2023-01-24 12:55:00-05:00  4012.219971  4014.110107  4012.060059  4013.030029  4013.030029   12806569
2023-01-24 13:00:00-05:00  4013.080078  4015.870117  4008.169922  4008.590088  4008.590088   17075762
2023-01-24 13:05:00-05:00  4008.590088  4013.149902  4008.229980  4012.340088  4012.340088   14734824
2023-01-24 13:10:00-05:00  4012.370117  4016.570068  4012.370117  4015.199951  4015.199951   14084886
2023-01-24 13:15:00-05:00  4015.209961  4018.209961  4014.729980  4017.090088  4017.090088   15550173
2023-01-24 13:20:00-05:00  4017.120117  4017.510010  4014.379883  4015.959961  4015.959961   12905809
2023-01-24 13:25:00-05:00  4015.969971  4017.550049  4013.600098  4017.530029  4017.530029   13644641
2023-01-24 13:30:00-05:00  4017.520020  4018.159912  4016.419922  4017.770020  4017.770020   12720364
2023-01-24 13:35:00-05:00  4017.770020  4018.500000  4016.610107  4018.500000  4018.500000   13945347
2023-01-24 13:40:00-05:00  4018.540039  4022.770020  4017.989990  4021.820068  4021.820068   17432050
2023-01-24 13:45:00-05:00  4021.889893  4023.919922  4021.719971  4022.719971  4022.719971   13772753
2023-01-24 13:50:00-05:00  4022.699951  4022.729980  4021.000000  4021.719971  4021.719971   14052853
2023-01-24 13:55:00-05:00  4021.750000  4023.120117  4020.620117  4020.860107  4020.860107   14031370
2023-01-24 14:00:00-05:00  4020.820068  4020.899902  4013.739990  4014.120117  4014.120117   18246351
2023-01-24 14:05:00-05:00  4014.149902  4015.830078  4012.949951  4014.469971  4014.469971   14337664
2023-01-24 14:10:00-05:00  4014.439941  4015.959961  4014.250000  4014.370117  4014.370117   14983556
2023-01-24 14:15:00-05:00  4014.379883  4016.760010  4014.000000  4014.919922  4014.919922   14147974
2023-01-24 14:20:00-05:00  4014.929932  4016.360107  4014.439941  4015.379883  4015.379883   15923229
2023-01-24 14:25:00-05:00  4015.370117  4017.399902  4015.209961  4016.929932  4016.929932   14316172
2023-01-24 14:30:00-05:00  4016.909912  4019.790039  4016.889893  4018.709961  4018.709961   16972289
2023-01-24 14:35:00-05:00  4018.739990  4019.929932  4018.250000  4019.320068  4019.320068   14979263
2023-01-24 14:40:00-05:00  4019.290039  4020.000000  4018.169922  4019.479980  4019.479980   15475350
2023-01-24 14:45:00-05:00  4019.419922  4021.340088  4018.500000  4018.500000  4018.500000   20845209
2023-01-24 14:50:00-05:00  4018.520020  4020.689941  4017.879883  4020.689941  4020.689941   16484825
2023-01-24 14:55:00-05:00  4020.709961  4022.560059  4020.389893  4021.870117  4021.870117   16819272
2023-01-24 15:00:00-05:00  4021.870117  4023.050049  4020.280029  4021.489990  4021.489990   17395090
2023-01-24 15:05:00-05:00  4021.479980  4021.479980  4018.639893  4018.800049  4018.800049   17956905
2023-01-24 15:10:00-05:00  4018.739990  4020.649902  4017.370117  4017.709961  4017.709961   20529242
2023-01-24 15:15:00-05:00  4017.800049  4018.209961  4016.739990  4018.010010  4018.010010   19855993
2023-01-24 15:20:00-05:00  4018.010010  4018.760010  4016.860107  4018.320068  4018.320068   20719592
2023-01-24 15:25:00-05:00  4018.290039  4019.560059  4016.439941  4018.409912  4018.409912   21424334
2023-01-24 15:30:00-05:00  4018.389893  4018.820068  4012.379883  4012.389893  4012.389893   27958583
2023-01-24 15:35:00-05:00  4012.370117  4012.790039  4010.929932  4011.719971  4011.719971   26056275
2023-01-24 15:40:00-05:00  4011.689941  4011.689941  4005.979980  4008.209961  4008.209961   34644722
2023-01-24 15:45:00-05:00  4008.209961  4009.209961  4006.110107  4008.310059  4008.310059   37710688
2023-01-24 15:50:00-05:00  4008.649902  4015.600098  4008.469971  4015.590088  4015.590088   64313402
2023-01-24 15:55:00-05:00  4015.560059  4019.550049  4015.560059  4016.840088  4016.840088  113425579
2023-01-25 09:30:00-05:00  3970.879883  3982.709961  3964.949951  3969.070068  3969.070068   79493557
2023-01-25 09:35:00-05:00  3969.149902  3974.179932  3967.699951  3972.919922  3972.919922   47362559
2023-01-25 09:40:00-05:00  3972.939941  3979.219971  3971.899902  3974.169922  3974.169922   41657915
2023-01-25 09:45:00-05:00  3974.179932  3974.770020  3969.800049  3970.489990  3970.489990   38512905
2023-01-25 09:50:00-05:00  3970.500000  3972.050049  3961.919922  3962.270020  3962.270020   40021102
2023-01-25 09:55:00-05:00  3962.270020  3964.399902  3956.169922  3956.820068  3956.820068   37922132
2023-01-25 10:00:00-05:00  3956.689941  3960.780029  3955.780029  3960.620117  3960.620117   39500417
2023-01-25 10:05:00-05:00  3960.679932  3970.909912  3960.100098  3967.120117  3967.120117   37431040
2023-01-25 10:10:00-05:00  3967.179932  3967.870117  3960.659912  3960.669922  3960.669922   32798844
2023-01-25 10:15:00-05:00  3960.620117  3967.120117  3958.469971  3963.770020  3963.770020   33923665
2023-01-25 10:20:00-05:00  3963.310059  3964.199951  3957.449951  3958.100098  3958.100098   31152694
2023-01-25 10:25:00-05:00  3958.080078  3962.060059  3958.080078  3961.139893  3961.139893   25355428
2023-01-25 10:30:00-05:00  3961.169922  3966.070068  3954.669922  3955.360107  3955.360107   30987217
2023-01-25 10:35:00-05:00  3955.439941  3959.479980  3949.699951  3950.520020  3950.520020   27212811
2023-01-25 10:40:00-05:00  3950.479980  3956.639893  3949.060059  3955.620117  3955.620117   26663227
2023-01-25 10:45:00-05:00  3955.530029  3959.860107  3954.350098  3955.979980  3955.979980   28396871
2023-01-25 10:50:00-05:00  3955.919922  3956.179932  3951.929932  3955.780029  3955.780029   24708645
2023-01-25 10:55:00-05:00  3955.770020  3962.629883  3955.489990  3961.790039  3961.790039   25138577
2023-01-25 11:00:00-05:00  3961.780029  3963.949951  3960.290039  3963.899902  3963.899902   24229070
2023-01-25 11:05:00-05:00  3963.780029  3964.090088  3960.159912  3960.310059  3960.310059   22274267
2023-01-25 11:10:00-05:00  3960.439941  3966.989990  3960.379883  3966.810059  3966.810059   27442677
2023-01-25 11:15:00-05:00  3966.889893  3973.189941  3964.729980  3971.780029  3971.780029   28333911
2023-01-25 11:20:00-05:00  3972.379883  3976.479980  3969.830078  3972.679932  3972.679932   26438375
2023-01-25 11:25:00-05:00  3972.750000  3974.629883  3971.270020  3973.659912  3973.659912   21454023
2023-01-25 11:30:00-05:00  3973.760010  3975.780029  3972.860107  3975.510010  3975.510010   23842206
2023-01-25 11:35:00-05:00  3975.479980  3978.719971  3973.389893  3977.120117  3977.120117   23363966
2023-01-25 11:40:00-05:00  3977.120117  3978.189941  3974.110107  3974.949951  3974.949951   19699305
2023-01-25 11:45:00-05:00  3974.939941  3977.189941  3973.750000  3977.189941  3977.189941   18740047
2023-01-25 11:50:00-05:00  3977.219971  3988.030029  3976.389893  3985.959961  3985.959961   23884691
2023-01-25 11:55:00-05:00  3986.010010  3989.729980  3984.719971  3984.889893  3984.889893   21590557
2023-01-25 12:00:00-05:00  3984.899902  3987.000000  3983.129883  3983.159912  3983.159912   21641578
2023-01-25 12:05:00-05:00  3983.199951  3984.699951  3981.459961  3983.300049  3983.300049   19687546
2023-01-25 12:10:00-05:00  3983.280029  3984.129883  3981.199951  3983.149902  3983.149902   17195337
2023-01-25 12:15:00-05:00  3983.110107  3985.310059  3983.090088  3983.379883  3983.379883   16192069
2023-01-25 12:20:00-05:00  3983.330078  3983.520020  3980.270020  3980.899902  3980.899902   15424877
2023-01-25 12:25:00-05:00  3980.870117  3981.229980  3978.270020  3979.250000  3979.250000   15417977
2023-01-25 12:30:00-05:00  3979.300049  3981.689941  3979.280029  3979.879883  3979.879883   15466760
2023-01-25 12:35:00-05:00  3979.850098  3983.459961  3979.820068  3982.989990  3982.989990   15010593
2023-01-25 12:40:00-05:00  3982.959961  3986.540039  3982.800049  3984.750000  3984.750000   14787293
2023-01-25 12:45:00-05:00  3984.750000  3985.469971  3983.649902  3984.810059  3984.810059   14159359
2023-01-25 12:50:00-05:00  3984.790039  3987.189941  3984.699951  3985.629883  3985.629883   15095235
2023-01-25 12:55:00-05:00  3985.530029  3985.780029  3983.639893  3984.879883  3984.879883   14999147
2023-01-25 13:00:00-05:00  3984.879883  3991.830078  3984.199951  3987.040039  3987.040039   21633836
2023-01-25 13:05:00-05:00  3987.050049  3991.340088  3987.050049  3990.560059  3990.560059   15124711
2023-01-25 13:10:00-05:00  3990.530029  3995.250000  3990.530029  3994.239990  3994.239990   18723806
2023-01-25 13:15:00-05:00  3994.270020  3995.929932  3994.219971  3995.399902  3995.399902   16245835
2023-01-25 13:20:00-05:00  3995.330078  3998.409912  3995.199951  3997.479980  3997.479980   17520232
2023-01-25 13:25:00-05:00  3997.520020  4001.340088  3997.520020  4000.580078  4000.580078   18689527
2023-01-25 13:30:00-05:00  4000.540039  4001.729980  3997.040039  3997.830078  3997.830078   19485303
2023-01-25 13:35:00-05:00  3997.780029  4000.229980  3997.639893  3998.840088  3998.840088   17789132
2023-01-25 13:40:00-05:00  3998.840088  4000.909912  3998.840088  3998.969971  3998.969971   17640322
2023-01-25 13:45:00-05:00  3999.000000  4005.879883  3999.000000  4005.310059  4005.310059   21380750
2023-01-25 13:50:00-05:00  4005.300049  4005.870117  4001.899902  4001.899902  4001.899902   19599818
2023-01-25 13:55:00-05:00  4001.939941  4002.739990  4000.419922  4002.510010  4002.510010   17140712
2023-01-25 14:00:00-05:00  4002.500000  4003.929932  3999.810059  4001.500000  4001.500000   17867195
2023-01-25 14:05:00-05:00  4001.479980  4004.350098  4001.060059  4002.899902  4002.899902   18521469
2023-01-25 14:10:00-05:00  4002.939941  4009.129883  4002.530029  4008.320068  4008.320068   23143249
2023-01-25 14:15:00-05:00  4008.379883  4014.530029  4008.379883  4014.129883  4014.129883   25788858
2023-01-25 14:20:00-05:00  4014.060059  4014.479980  4008.790039  4008.800049  4008.800049   24408009
2023-01-25 14:25:00-05:00  4008.850098  4008.919922  4004.179932  4005.949951  4005.949951   20684010
2023-01-25 14:30:00-05:00  4006.040039  4007.050049  4001.260010  4001.399902  4001.399902   20510215
2023-01-25 14:35:00-05:00  4001.370117  4003.949951  4000.870117  4003.560059  4003.560059   17871565
2023-01-25 14:40:00-05:00  4003.560059  4007.050049  4003.419922  4006.760010  4006.760010   19789115
2023-01-25 14:45:00-05:00  4006.729980  4008.280029  4004.590088  4007.300049  4007.300049   20853457
2023-01-25 14:50:00-05:00  4007.340088  4010.949951  4006.870117  4010.100098  4010.100098   21569173
2023-01-25 14:55:00-05:00  4010.100098  4013.070068  4009.639893  4010.659912  4010.659912   23134213
2023-01-25 15:00:00-05:00  4010.669922  4017.030029  4010.669922  4016.840088  4016.840088   26775039
2023-01-25 15:05:00-05:00  4016.729980  4018.760010  4015.709961  4018.439941  4018.439941   23876546
2023-01-25 15:10:00-05:00  4018.429932  4019.550049  4013.120117  4014.020020  4014.020020   27118195
2023-01-25 15:15:00-05:00  4014.020020  4015.100098  4011.260010  4012.360107  4012.360107   24440796
2023-01-25 15:20:00-05:00  4012.360107  4012.550049  4009.070068  4009.439941  4009.439941   25568885
2023-01-25 15:25:00-05:00  4009.300049  4012.469971  4008.639893  4012.429932  4012.429932   27757994
2023-01-25 15:30:00-05:00  4012.409912  4014.100098  4012.409912  4013.300049  4013.300049   33515832
2023-01-25 15:35:00-05:00  4013.209961  4015.090088  4008.379883  4013.649902  4013.649902   35873479
2023-01-25 15:40:00-05:00  4013.659912  4013.689941  4009.949951  4010.399902  4010.399902   35609914
2023-01-25 15:45:00-05:00  4010.429932  4010.989990  4007.520020  4009.879883  4009.879883   43841915
2023-01-25 15:50:00-05:00  4009.850098  4010.419922  4005.280029  4009.360107  4009.360107   75084761
2023-01-25 15:55:00-05:00  4009.310059  4016.159912  4009.310059  4015.699951  4015.699951  126423767
2023-01-26 09:30:00-05:00  4036.080078  4050.870117  4036.080078  4045.100098  4045.100098          0
2023-01-26 09:35:00-05:00  4045.139893  4051.010010  4045.139893  4049.580078  4049.580078   57136525
2023-01-26 09:40:00-05:00  4049.570068  4052.620117  4037.419922  4038.790039  4038.790039   52158780
2023-01-26 09:45:00-05:00  4038.929932  4042.939941  4031.439941  4031.439941  4031.439941   44569051
2023-01-26 09:50:00-05:00  4031.550049  4033.489990  4025.820068  4027.389893  4027.389893   43887029
2023-01-26 09:55:00-05:00  4027.429932  4029.800049  4021.290039  4027.889893  4027.889893   39302665
2023-01-26 10:00:00-05:00  4027.739990  4031.040039  4022.870117  4030.629883  4030.629883   42081518
2023-01-26 10:05:00-05:00  4030.580078  4031.729980  4022.429932  4024.979980  4024.979980   33058999
2023-01-26 10:10:00-05:00  4024.919922  4034.520020  4022.649902  4033.070068  4033.070068   30362576
2023-01-26 10:15:00-05:00  4033.000000  4039.949951  4033.000000  4039.459961  4039.459961   32420152
2023-01-26 10:20:00-05:00  4039.290039  4044.699951  4036.530029  4044.330078  4044.330078   31248732
2023-01-26 10:25:00-05:00  4044.199951  4044.550049  4035.860107  4039.510010  4039.510010   30198047
2023-01-26 10:30:00-05:00  4039.389893  4043.159912  4036.120117  4043.159912  4043.159912   26702206
2023-01-26 10:35:00-05:00  4043.189941  4043.189941  4028.560059  4028.590088  4028.590088   31552380
2023-01-26 10:40:00-05:00  4028.709961  4033.260010  4027.679932  4030.830078  4030.830078   25708221
2023-01-26 10:45:00-05:00  4030.729980  4033.840088  4029.250000  4033.679932  4033.679932   24879262
2023-01-26 10:50:00-05:00  4033.649902  4034.389893  4019.129883  4019.709961  4019.709961   29276918
2023-01-26 10:55:00-05:00  4019.560059  4019.570068  4013.290039  4016.209961  4016.209961   30388982
2023-01-26 11:00:00-05:00  4016.129883  4022.620117  4014.000000  4020.820068  4020.820068   24113336
2023-01-26 11:05:00-05:00  4020.850098  4022.010010  4016.459961  4017.300049  4017.300049   21538498
2023-01-26 11:10:00-05:00  4017.550049  4022.649902  4017.449951  4022.620117  4022.620117   23564896
2023-01-26 11:15:00-05:00  4022.669922  4027.800049  4022.300049  4024.169922  4024.169922   22709113
2023-01-26 11:20:00-05:00  4024.159912  4024.159912  4014.649902  4014.770020  4014.770020   22245243
2023-01-26 11:25:00-05:00  4014.600098  4023.060059  4014.500000  4022.709961  4022.709961   19907390
2023-01-26 11:30:00-05:00  4022.780029  4025.850098  4022.120117  4024.659912  4024.659912   20671806
2023-01-26 11:35:00-05:00  4024.659912  4027.530029  4021.750000  4023.300049  4023.300049   20725173
2023-01-26 11:40:00-05:00  4023.229980  4029.550049  4021.889893  4028.649902  4028.649902   20354657
2023-01-26 11:45:00-05:00  4028.669922  4029.729980  4026.949951  4028.850098  4028.850098   17508755
2023-01-26 11:50:00-05:00  4028.909912  4029.550049  4026.270020  4027.320068  4027.320068   18445911
2023-01-26 11:55:00-05:00  4027.260010  4030.050049  4024.750000  4029.489990  4029.489990   20572087
2023-01-26 12:00:00-05:00  4029.439941  4034.570068  4029.350098  4032.530029  4032.530029   19013092
2023-01-26 12:05:00-05:00  4032.500000  4037.129883  4032.229980  4037.070068  4037.070068   17933822
2023-01-26 12:10:00-05:00  4037.060059  4040.320068  4036.959961  4037.310059  4037.310059   19020565
2023-01-26 12:15:00-05:00  4037.320068  4037.590088  4034.419922  4034.540039  4034.540039   15242458
2023-01-26 12:20:00-05:00  4034.580078  4037.120117  4033.929932  4034.169922  4034.169922   15790069
2023-01-26 12:25:00-05:00  4034.360107  4036.709961  4033.850098  4035.939941  4035.939941   15542386
2023-01-26 12:30:00-05:00  4035.879883  4038.639893  4034.939941  4038.370117  4038.370117   18241238
2023-01-26 12:35:00-05:00  4038.300049  4039.260010  4037.969971  4038.570068  4038.570068   15294348
2023-01-26 12:40:00-05:00  4038.510010  4039.830078  4034.169922  4034.570068  4034.570068   19208379
2023-01-26 12:45:00-05:00  4034.590088  4036.419922  4029.919922  4032.110107  4032.110107   17671134
2023-01-26 12:50:00-05:00  4032.149902  4038.780029  4032.000000  4037.739990  4037.739990   19376539
2023-01-26 12:55:00-05:00  4037.810059  4038.330078  4033.830078  4034.510010  4034.510010   17233709
2023-01-26 13:00:00-05:00  4034.520020  4037.830078  4034.000000  4036.409912  4036.409912   18955810
2023-01-26 13:05:00-05:00  4036.419922  4036.510010  4029.379883  4031.580078  4031.580078   18641961
2023-01-26 13:10:00-05:00  4031.580078  4035.070068  4031.510010  4034.439941  4034.439941   15411381
2023-01-26 13:15:00-05:00  4034.479980  4034.570068  4031.310059  4031.610107  4031.610107   15634444
2023-01-26 13:20:00-05:00  4031.649902  4035.540039  4031.250000  4035.530029  4035.530029   15965531
2023-01-26 13:25:00-05:00  4035.629883  4036.830078  4035.330078  4035.719971  4035.719971   14655159
2023-01-26 13:30:00-05:00  4035.729980  4039.229980  4035.729980  4037.050049  4037.050049   17873126
2023-01-26 13:35:00-05:00  4037.050049  4043.820068  4036.909912  4043.580078  4043.580078   18056843
2023-01-26 13:40:00-05:00  4043.590088  4045.340088  4043.139893  4043.620117  4043.620117   20075396
2023-01-26 13:45:00-05:00  4043.629883  4047.439941  4043.610107  4044.439941  4044.439941   18501344
2023-01-26 13:50:00-05:00  4044.449951  4044.899902  4041.949951  4042.340088  4042.340088   16950571
2023-01-26 13:55:00-05:00  4041.909912  4042.330078  4040.500000  4041.909912  4041.909912   17718532
2023-01-26 14:00:00-05:00  4041.919922  4041.919922  4038.419922  4040.790039  4040.790039   18054846
2023-01-26 14:05:00-05:00  4040.800049  4043.949951  4040.760010  4043.830078  4043.830078   18010234
2023-01-26 14:10:00-05:00  4043.820068  4045.110107  4043.370117  4043.770020  4043.770020   17506226
2023-01-26 14:15:00-05:00  4043.760010  4044.929932  4041.399902  4044.810059  4044.810059   17783653
2023-01-26 14:20:00-05:00  4044.790039  4047.679932  4044.520020  4046.050049  4046.050049   18669953
2023-01-26 14:25:00-05:00  4046.070068  4046.080078  4040.969971  4043.179932  4043.179932   18067175
2023-01-26 14:30:00-05:00  4043.219971  4046.110107  4043.179932  4045.729980  4045.729980   18166080
2023-01-26 14:35:00-05:00  4045.709961  4047.729980  4045.010010  4045.010010  4045.010010   17933328
2023-01-26 14:40:00-05:00  4045.020020  4048.969971  4045.020020  4047.439941  4047.439941   19335625
2023-01-26 14:45:00-05:00  4047.459961  4049.280029  4046.229980  4046.229980  4046.229980   18581394
2023-01-26 14:50:00-05:00  4046.219971  4046.300049  4043.010010  4043.500000  4043.500000   20471252
2023-01-26 14:55:00-05:00  4043.429932  4047.770020  4043.389893  4047.560059  4047.560059   18190584
2023-01-26 15:00:00-05:00  4047.500000  4049.590088  4046.350098  4048.489990  4048.489990   24894954
2023-01-26 15:05:00-05:00  4048.409912  4048.820068  4044.449951  4046.780029  4046.780029   21008509
2023-01-26 15:10:00-05:00  4046.770020  4049.129883  4045.709961  4048.459961  4048.459961   21261364
2023-01-26 15:15:00-05:00  4048.449951  4051.330078  4048.350098  4051.010010  4051.010010   24085237
2023-01-26 15:20:00-05:00  4051.020020  4052.320068  4049.120117  4052.129883  4052.129883   27536561
2023-01-26 15:25:00-05:00  4052.149902  4054.600098  4051.699951  4051.949951  4051.949951   27194529
2023-01-26 15:30:00-05:00  4051.840088  4054.280029  4050.389893  4051.979980  4051.979980   32391106
2023-01-26 15:35:00-05:00  4051.979980  4053.169922  4049.959961  4050.610107  4050.610107   31928005
2023-01-26 15:40:00-05:00  4050.929932  4052.580078  4049.649902  4049.810059  4049.810059   37252664
2023-01-26 15:45:00-05:00  4049.750000  4051.860107  4047.949951  4051.219971  4051.219971   45186173
2023-01-26 15:50:00-05:00  4051.300049  4055.379883  4051.300049  4053.209961  4053.209961   82495640
2023-01-26 15:55:00-05:00  4053.189941  4061.570068  4053.189941  4060.199951  4060.199951  133584512
2023-01-27 09:30:00-05:00  4053.719971  4056.169922  4049.750000  4052.030029  4052.030029   44572558
2023-01-27 09:35:00-05:00  4051.870117  4055.870117  4051.250000  4054.010010  4054.010010   49428759
2023-01-27 09:40:00-05:00  4053.800049  4057.439941  4051.760010  4056.030029  4056.030029   40337915
2023-01-27 09:45:00-05:00  4056.189941  4065.560059  4056.129883  4062.689941  4062.689941   46545214
2023-01-27 09:50:00-05:00  4062.790039  4067.810059  4062.790039  4067.080078  4067.080078   42523834
2023-01-27 09:55:00-05:00  4067.080078  4067.600098  4061.370117  4061.850098  4061.850098   33219079
2023-01-27 10:00:00-05:00  4062.840088  4070.600098  4058.770020  4070.260010  4070.260010   40861986
2023-01-27 10:05:00-05:00  4070.350098  4077.719971  4069.280029  4074.949951  4074.949951   36632288
2023-01-27 10:10:00-05:00  4074.969971  4078.770020  4072.969971  4073.780029  4073.780029   37144872
2023-01-27 10:15:00-05:00  4073.949951  4074.709961  4071.429932  4072.280029  4072.280029   33605979
2023-01-27 10:20:00-05:00  4072.550049  4072.580078  4065.229980  4067.760010  4067.760010   32840171
2023-01-27 10:25:00-05:00  4067.629883  4069.510010  4064.040039  4069.439941  4069.439941   29362091
2023-01-27 10:30:00-05:00  4069.389893  4070.739990  4064.250000  4064.260010  4064.260010   33562008
2023-01-27 10:35:00-05:00  4064.139893  4069.129883  4063.409912  4068.139893  4068.139893   25267719