                                  Open         High          Low        Close    Adj Close     Volume
Datetime                                                                                             
2023-02-10 10:50:00-05:00  4077.489990  4077.489990  4069.040039  4074.139893  4074.139893          0
2023-02-10 10:55:00-05:00  4074.179932  4076.280029  4071.530029  4076.280029  4076.280029   25850740
2023-02-10 11:00:00-05:00  4076.280029  4079.969971  4075.409912  4077.550049  4077.550049   26036349
2023-02-10 11:05:00-05:00  4077.449951  4082.500000  4075.949951  4081.770020  4081.770020   24934385
2023-02-10 11:10:00-05:00  4081.790039  4084.260010  4075.649902  4079.370117  4079.370117   24446103
2023-02-10 11:15:00-05:00  4079.639893  4084.639893  4078.729980  4084.239990  4084.239990   19385078
2023-02-10 11:20:00-05:00  4084.320068  4085.310059  4083.000000  4084.530029  4084.530029   19459671
2023-02-10 11:25:00-05:00  4084.510010  4084.510010  4078.159912  4079.159912  4079.159912   23465487
2023-02-10 11:30:00-05:00  4079.139893  4079.760010  4073.929932  4076.719971  4076.719971   20982363
2023-02-10 11:35:00-05:00  4076.689941  4080.310059  4076.500000  4077.399902  4077.399902   18352127
2023-02-10 11:40:00-05:00  4077.429932  4079.510010  4075.989990  4077.790039  4077.790039   19013854
2023-02-10 11:45:00-05:00  4077.709961  4079.080078  4073.340088  4075.040039  4075.040039   18439715
2023-02-10 11:50:00-05:00  4075.239990  4076.560059  4073.929932  4076.270020  4076.270020   17727918
2023-02-10 11:55:00-05:00  4076.300049  4077.360107  4071.419922  4072.879883  4072.879883   22682377
2023-02-10 12:00:00-05:00  4072.850098  4073.850098  4066.360107  4066.739990  4066.739990   22577006
2023-02-10 12:05:00-05:00  4066.669922  4070.010010  4066.570068  4068.399902  4068.399902   21090060
2023-02-10 12:10:00-05:00  4068.439941  4069.870117  4064.790039  4065.600098  4065.600098   20909593
2023-02-10 12:15:00-05:00  4065.570068  4066.459961  4063.179932  4065.179932  4065.179932   20928085
2023-02-10 12:20:00-05:00  4065.159912  4070.159912  4065.080078  4069.500000  4069.500000   19697916
2023-02-10 12:25:00-05:00  4069.540039  4070.320068  4065.850098  4068.489990  4068.489990   17448856
2023-02-10 12:30:00-05:00  4068.560059  4075.699951  4067.899902  4071.840088  4071.840088   20117490
2023-02-10 12:35:00-05:00  4071.860107  4074.020020  4071.010010  4071.110107  4071.110107   16428696
2023-02-10 12:40:00-05:00  4071.090088  4075.080078  4070.939941  4071.760010  4071.760010   16240172
2023-02-10 12:45:00-05:00  4071.770020  4075.530029  4070.949951  4072.040039  4072.040039   16039608
2023-02-10 12:50:00-05:00  4072.060059  4075.290039  4071.250000  4074.909912  4074.909912   13319864
2023-02-10 12:55:00-05:00  4074.939941  4078.800049  4074.669922  4078.780029  4078.780029   15661231
2023-02-10 13:00:00-05:00  4078.790039  4080.540039  4077.860107  4078.620117  4078.620117   16963539
2023-02-10 13:05:00-05:00  4078.659912  4080.929932  4077.429932  4079.379883  4079.379883   15893154
2023-02-10 13:10:00-05:00  4079.379883  4081.239990  4078.860107  4081.189941  4081.189941   14688851
2023-02-10 13:15:00-05:00  4081.209961  4087.469971  4081.209961  4087.449951  4087.449951   19994542
2023-02-10 13:20:00-05:00  4087.360107  4091.120117  4087.229980  4088.520020  4088.520020   19817455
2023-02-10 13:25:00-05:00  4088.600098  4090.320068  4085.800049  4085.889893  4085.889893   15830642
2023-02-10 13:30:00-05:00  4085.889893  4085.969971  4082.560059  4084.959961  4084.959961   16049540
2023-02-10 13:35:00-05:00  4084.929932  4086.580078  4083.709961  4085.209961  4085.209961   15794529
2023-02-10 13:40:00-05:00  4085.219971  4085.250000  4079.389893  4080.070068  4080.070068   18996307
2023-02-10 13:45:00-05:00  4080.090088  4083.250000  4079.189941  4083.010010  4083.010010   14876069
2023-02-10 13:50:00-05:00  4083.040039  4083.550049  4080.360107  4081.360107  4081.360107   15926280
2023-02-10 13:55:00-05:00  4081.270020  4081.270020  4077.610107  4077.810059  4077.810059   16313092
2023-02-10 14:00:00-05:00  4077.840088  4078.929932  4074.989990  4076.000000  4076.000000   16878397
2023-02-10 14:05:00-05:00  4075.989990  4076.840088  4074.760010  4076.040039  4076.040039   15518025
2023-02-10 14:10:00-05:00  4075.969971  4078.899902  4075.810059  4078.370117  4078.370117   18216708
2023-02-10 14:15:00-05:00  4078.399902  4080.419922  4077.110107  4078.659912  4078.659912   16714211
2023-02-10 14:20:00-05:00  4078.610107  4079.620117  4077.500000  4077.669922  4077.669922   14304485
2023-02-10 14:25:00-05:00  4077.610107  4077.610107  4074.219971  4074.790039  4074.790039   16845539
2023-02-10 14:30:00-05:00  4074.770020  4080.100098  4072.540039  4079.870117  4079.870117   19959587
2023-02-10 14:35:00-05:00  4079.820068  4080.979980  4077.590088  4079.489990  4079.489990   15712644
2023-02-10 14:40:00-05:00  4079.520020  4079.870117  4075.489990  4078.260010  4078.260010   20406959
2023-02-10 14:45:00-05:00  4078.290039  4079.219971  4075.590088  4078.649902  4078.649902   19926118
2023-02-10 14:50:00-05:00  4078.649902  4084.370117  4078.310059  4083.929932  4083.929932   18030428
2023-02-10 14:55:00-05:00  4083.860107  4084.629883  4082.320068  4083.889893  4083.889893   19068031
2023-02-10 15:00:00-05:00  4083.939941  4088.030029  4082.169922  4082.399902  4082.399902   22297149
2023-02-10 15:05:00-05:00  4082.409912  4086.439941  4082.409912  4084.949951  4084.949951   18372300
2023-02-10 15:10:00-05:00  4084.979980  4086.659912  4082.989990  4083.260010  4083.260010   21324133
2023-02-10 15:15:00-05:00  4083.260010  4083.899902  4079.290039  4080.620117  4080.620117   22008413
2023-02-10 15:20:00-05:00  4080.610107  4080.610107  4077.899902  4077.909912  4077.909912   21544912
2023-02-10 15:25:00-05:00  4077.860107  4081.429932  4077.790039  4081.389893  4081.389893   23207707
2023-02-10 15:30:00-05:00  4081.389893  4084.100098  4081.389893  4084.100098  4084.100098   29445443
2023-02-10 15:35:00-05:00  4084.100098  4088.510010  4083.610107  4088.510010  4088.510010   29616260
2023-02-10 15:40:00-05:00  4088.540039  4089.020020  4085.370117  4087.659912  4087.659912   35206637
2023-02-10 15:45:00-05:00  4087.659912  4092.189941  4087.510010  4092.030029  4092.030029   43407974
2023-02-10 15:50:00-05:00  4092.040039  4094.360107  4086.979980  4091.870117  4091.870117   72450381
2023-02-10 15:55:00-05:00  4091.909912  4093.770020  4089.060059  4090.489990  4090.489990  112147572
2023-02-13 09:30:00-05:00  4096.620117  4100.419922  4093.989990  4095.469971  4095.469971          0
2023-02-13 09:35:00-05:00  4095.350098  4100.419922  4092.669922  4100.259766  4100.259766   34338244
2023-02-13 09:40:00-05:00  4100.430176  4105.140137  4097.899902  4102.529785  4102.529785   35031976
2023-02-13 09:45:00-05:00  4102.359863  4106.669922  4101.060059  4104.629883  4104.629883   31085800
2023-02-13 09:50:00-05:00  4104.729980  4107.299805  4100.740234  4105.049805  4105.049805   28514940
2023-02-13 09:55:00-05:00  4105.069824  4113.509766  4105.069824  4113.209961  4113.209961   27920156
2023-02-13 10:00:00-05:00  4113.169922  4115.529785  4112.430176  4112.580078  4112.580078   29143358
2023-02-13 10:05:00-05:00  4112.540039  4114.509766  4110.740234  4112.979980  4112.979980   25723289
2023-02-13 10:10:00-05:00  4113.020020  4113.540039  4109.299805  4112.089844  4112.089844   22541772
2023-02-13 10:15:00-05:00  4112.330078  4113.759766  4110.450195  4112.830078  4112.830078   22955070
2023-02-13 10:20:00-05:00  4112.819824  4114.720215  4111.330078  4113.100098  4113.100098   21450318
2023-02-13 10:25:00-05:00  4113.060059  4118.700195  4113.060059  4118.660156  4118.660156   23084111
2023-02-13 10:30:00-05:00  4118.700195  4119.580078  4116.640137  4117.939941  4117.939941   21927677
2023-02-13 10:35:00-05:00  4118.009766  4120.049805  4117.040039  4117.169922  4117.169922   22141090
2023-02-13 10:40:00-05:00  4117.189941  4119.620117  4116.560059  4119.080078  4119.080078   20783645
2023-02-13 10:45:00-05:00  4119.020020  4123.759766  4118.020020  4123.729980  4123.729980   23666218
2023-02-13 10:50:00-05:00  4123.819824  4126.620117  4123.819824  4125.069824  4125.069824   24555015
2023-02-13 10:55:00-05:00  4125.169922  4127.879883  4124.220215  4124.220215  4124.220215   22813448
2023-02-13 11:00:00-05:00  4124.240234  4127.379883  4124.240234  4126.629883  4126.629883   20763700
2023-02-13 11:05:00-05:00  4126.680176  4127.410156  4124.680176  4125.850098  4125.850098   19858619
2023-02-13 11:10:00-05:00  4125.839844  4128.609863  4124.270020  4128.370117  4128.370117   21706139
2023-02-13 11:15:00-05:00  4128.330078  4129.450195  4126.520020  4126.930176  4126.930176   19382676
2023-02-13 11:20:00-05:00  4126.919922  4128.060059  4124.850098  4125.330078  4125.330078   18680858
2023-02-13 11:25:00-05:00  4125.379883  4126.290039  4124.569824  4126.069824  4126.069824   17502361
2023-02-13 11:30:00-05:00  4126.129883  4126.759766  4121.779785  4122.040039  4122.040039   21417396
2023-02-13 11:35:00-05:00  4122.149902  4123.240234  4121.100098  4122.919922  4122.919922   16826622
2023-02-13 11:40:00-05:00  4122.950195  4130.419922  4122.950195  4130.229980  4130.229980   20202910
2023-02-13 11:45:00-05:00  4130.290039  4132.959961  4129.930176  4131.549805  4131.549805   17559511
2023-02-13 11:50:00-05:00  4131.540039  4131.600098  4127.160156  4127.189941  4127.189941   19376828
2023-02-13 11:55:00-05:00  4127.250000  4128.490234  4125.459961  4128.399902  4128.399902   17098427
2023-02-13 12:00:00-05:00  4128.509766  4129.439941  4127.819824  4128.319824  4128.319824   16751916
2023-02-13 12:05:00-05:00  4128.319824  4131.490234  4128.319824  4130.500000  4130.500000   17336841
2023-02-13 12:10:00-05:00  4130.529785  4131.370117  4129.330078  4130.310059  4130.310059   17476069
2023-02-13 12:15:00-05:00  4130.299805  4132.569824  4130.299805  4132.419922  4132.419922   16080896
2023-02-13 12:20:00-05:00  4132.370117  4133.709961  4131.069824  4132.779785  4132.779785   16896335
2023-02-13 12:25:00-05:00  4132.779785  4132.779785  4129.709961  4131.319824  4131.319824   15015318
2023-02-13 12:30:00-05:00  4131.359863  4131.589844  4129.310059  4131.250000  4131.250000   15509191
2023-02-13 12:35:00-05:00  4131.290039  4132.799805  4130.419922  4132.580078  4132.580078   17075023
2023-02-13 12:40:00-05:00  4132.620117  4133.520020  4131.970215  4132.680176  4132.680176   15463303
2023-02-13 12:45:00-05:00  4132.589844  4134.709961  4132.589844  4133.779785  4133.779785   16795002
2023-02-13 12:50:00-05:00  4133.810059  4134.430176  4133.029785  4133.689941  4133.689941   14846837
2023-02-13 12:55:00-05:00  4133.729980  4133.779785  4130.540039  4131.259766  4131.259766   16112289
2023-02-13 13:00:00-05:00  4131.299805  4132.729980  4129.990234  4129.990234  4129.990234   14569880
2023-02-13 13:05:00-05:00  4129.970215  4130.250000  4127.129883  4127.209961  4127.209961   14844085
2023-02-13 13:10:00-05:00  4127.259766  4127.919922  4126.189941  4127.689941  4127.689941   15328526
2023-02-13 13:15:00-05:00  4127.669922  4130.689941  4127.500000  4130.120117  4130.120117   15345609
2023-02-13 13:20:00-05:00  4130.120117  4130.620117  4129.189941  4129.419922  4129.419922   11829363
2023-02-13 13:25:00-05:00  4129.399902  4134.299805  4129.319824  4133.439941  4133.439941   16499504
2023-02-13 13:30:00-05:00  4133.520020  4137.140137  4133.520020  4134.799805  4134.799805   15017913
2023-02-13 13:35:00-05:00  4134.779785  4135.089844  4133.509766  4134.000000  4134.000000   15049776
2023-02-13 13:40:00-05:00  4134.069824  4134.399902  4132.359863  4132.930176  4132.930176   14873273
2023-02-13 13:45:00-05:00  4132.899902  4135.589844  4132.379883  4135.060059  4135.060059   14014682
2023-02-13 13:50:00-05:00  4135.080078  4136.390137  4134.529785  4134.830078  4134.830078   14320976
2023-02-13 13:55:00-05:00  4134.799805  4137.589844  4134.799805  4137.459961  4137.459961   15291395
2023-02-13 14:00:00-05:00  4137.459961  4138.899902  4136.649902  4137.049805  4137.049805   17456741
2023-02-13 14:05:00-05:00  4137.020020  4137.040039  4134.169922  4134.810059  4134.810059   16131416
2023-02-13 14:10:00-05:00  4134.870117  4135.209961  4131.430176  4132.100098  4132.100098   16737961
2023-02-13 14:15:00-05:00  4132.100098  4133.859863  4131.259766  4132.819824  4132.819824   15775471
2023-02-13 14:20:00-05:00  4132.819824  4133.620117  4131.759766  4131.759766  4131.759766   14992174
2023-02-13 14:25:00-05:00  4131.790039  4131.910156  4127.689941  4128.229980  4128.229980   16489459
2023-02-13 14:30:00-05:00  4128.250000  4128.950195  4124.029785  4124.890137  4124.890137   20816897
2023-02-13 14:35:00-05:00  4124.700195  4129.089844  4124.490234  4126.430176  4126.430176   18325222
2023-02-13 14:40:00-05:00  4126.540039  4126.629883  4122.160156  4125.299805  4125.299805   16229312
2023-02-13 14:45:00-05:00  4125.350098  4125.750000  4121.490234  4122.330078  4122.330078   15790310
2023-02-13 14:50:00-05:00  4122.310059  4126.569824  4121.770020  4125.740234  4125.740234   15034765
2023-02-13 14:55:00-05:00  4125.750000  4127.189941  4124.839844  4127.169922  4127.169922   15381638
2023-02-13 15:00:00-05:00  4127.149902  4127.149902  4121.020020  4124.390137  4124.390137   22772787
2023-02-13 15:05:00-05:00  4124.399902  4127.669922  4124.089844  4127.009766  4127.009766   18652358
2023-02-13 15:10:00-05:00  4127.060059  4128.490234  4125.970215  4126.970215  4126.970215   20522832
2023-02-13 15:15:00-05:00  4126.979980  4128.060059  4125.089844  4128.060059  4128.060059   18911086
2023-02-13 15:20:00-05:00  4128.120117  4129.709961  4127.500000  4128.740234  4128.740234   20162102
2023-02-13 15:25:00-05:00  4128.709961  4129.919922  4128.109863  4129.250000  4129.250000   22132927
2023-02-13 15:30:00-05:00  4129.299805  4132.899902  4129.299805  4132.140137  4132.140137   27441325
2023-02-13 15:35:00-05:00  4132.180176  4135.490234  4132.020020  4135.220215  4135.220215   27725565
2023-02-13 15:40:00-05:00  4135.259766  4136.600098  4134.310059  4135.259766  4135.259766   30456048
2023-02-13 15:45:00-05:00  4135.290039  4135.859863  4132.600098  4135.339844  4135.339844   40897461
2023-02-13 15:50:00-05:00  4135.390137  4135.390137  4129.240234  4131.470215  4131.470215   67004630
2023-02-13 15:55:00-05:00  4131.419922  4137.060059  4131.419922  4136.959961  4136.959961   68259270
2023-02-14 09:30:00-05:00  4126.700195  4126.700195  4105.609863  4112.270020  4112.270020   62403928
2023-02-14 09:35:00-05:00  4112.180176  4117.799805  4110.470215  4117.799805  4117.799805   38299630
2023-02-14 09:40:00-05:00  4117.600098  4122.470215  4114.870117  4121.479980  4121.479980   35275768
2023-02-14 09:45:00-05:00  4121.540039  4134.430176  4121.540039  4131.580078  4131.580078   38536915
2023-02-14 09:50:00-05:00  4131.220215  4135.520020  4129.029785  4132.790039  4132.790039   29790519
2023-02-14 09:55:00-05:00  4133.009766  4145.770020  4133.009766  4142.529785  4142.529785   35984242
2023-02-14 10:00:00-05:00  4142.580078  4151.669922  4142.580078  4149.640137  4149.640137   37472872
2023-02-14 10:05:00-05:00  4149.629883  4152.890137  4148.430176  4151.799805  4151.799805   28863856
2023-02-14 10:10:00-05:00  4151.910156  4159.520020  4149.640137  4156.040039  4156.040039   34272192
2023-02-14 10:15:00-05:00  4156.250000  4159.770020  4152.089844  4152.390137  4152.390137   30904059
2023-02-14 10:20:00-05:00  4152.540039  4157.149902  4151.990234  4154.660156  4154.660156   22387043
2023-02-14 10:25:00-05:00  4154.479980  4154.899902  4143.169922  4143.479980  4143.479980   28638779
2023-02-14 10:30:00-05:00  4143.350098  4146.299805  4137.299805  4137.609863  4137.609863   28862063
2023-02-14 10:35:00-05:00  4137.479980  4137.479980  4116.560059  4116.620117  4116.620117   38294274
2023-02-14 10:40:00-05:00  4115.930176  4117.750000  4112.299805  4116.689941  4116.689941   29272763
2023-02-14 10:45:00-05:00  4116.589844  4118.169922  4103.399902  4117.020020  4117.020020   35296002
2023-02-14 10:50:00-05:00  4117.020020  4117.020020  4106.629883  4110.089844  4110.089844   25450417
2023-02-14 10:55:00-05:00  4110.169922  4116.560059  4107.509766  4114.229980  4114.229980   23231559
2023-02-14 11:00:00-05:00  4114.270020  4125.000000  4113.339844  4123.339844  4123.339844   25062679
2023-02-14 11:05:00-05:00  4123.580078  4127.910156  4119.799805  4119.979980  4119.979980   20839238
2023-02-14 11:10:00-05:00  4119.830078  4124.609863  4119.180176  4121.080078  4121.080078   17906857
2023-02-14 11:15:00-05:00  4121.069824  4126.500000  4120.020020  4126.189941  4126.189941   18725957
2023-02-14 11:20:00-05:00  4126.189941  4127.529785  4123.549805  4127.529785  4127.529785   17790872
2023-02-14 11:25:00-05:00  4127.490234  4127.959961  4107.660156  4108.520020  4108.520020   27006466
2023-02-14 11:30:00-05:00  4108.560059  4108.560059  4096.729980  4098.979980  4098.979980   29023688
2023-02-14 11:35:00-05:00  4099.120117  4104.060059  4098.839844  4100.310059  4100.310059   19297416
2023-02-14 11:40:00-05:00  4100.299805  4102.069824  4095.949951  4097.979980  4097.979980   19912964
2023-02-14 11:45:00-05:00  4097.830078  4105.930176  4096.870117  4104.339844  4104.339844   18291813
2023-02-14 11:50:00-05:00  4104.450195  4104.450195  4095.010010  4100.819824  4100.819824   18316802
2023-02-14 11:55:00-05:00  4100.640137  4105.810059  4099.009766  4105.220215  4105.220215   17235411
2023-02-14 12:00:00-05:00  4105.049805  4109.529785  4103.509766  4107.370117  4107.370117   17997851
2023-02-14 12:05:00-05:00  4107.390137  4109.250000  4105.709961  4109.060059  4109.060059   13626026
2023-02-14 12:10:00-05:00  4109.109863  4115.580078  4108.740234  4115.479980  4115.479980   17333375
2023-02-14 12:15:00-05:00  4115.459961  4115.979980  4113.029785  4114.770020  4114.770020   15113759
2023-02-14 12:20:00-05:00  4114.729980  4118.629883  4112.299805  4112.299805  4112.299805   14263349
2023-02-14 12:25:00-05:00  4112.220215  4118.209961  4111.919922  4114.459961  4114.459961   14199667
2023-02-14 12:30:00-05:00  4114.470215  4119.779785  4113.529785  4119.470215  4119.470215   19527131
2023-02-14 12:35:00-05:00  4119.549805  4119.549805  4114.580078  4115.839844  4115.839844   20935540
2023-02-14 12:40:00-05:00  4115.830078  4119.500000  4115.089844  4115.790039  4115.790039   16303242
2023-02-14 12:45:00-05:00  4115.790039  4118.700195  4114.899902  4117.359863  4117.359863   13961152
2023-02-14 12:50:00-05:00  4117.359863  4117.359863  4113.240234  4115.069824  4115.069824   14393993
2023-02-14 12:55:00-05:00  4115.149902  4121.229980  4115.149902  4120.020020  4120.020020   14694732
2023-02-14 13:00:00-05:00  4120.000000  4135.390137  4119.330078  4133.930176  4133.930176   27160511
2023-02-14 13:05:00-05:00  4133.830078  4138.740234  4133.779785  4134.009766  4134.009766   18928382
2023-02-14 13:10:00-05:00  4133.799805  4135.649902  4131.020020  4135.240234  4135.240234   15892831
2023-02-14 13:15:00-05:00  4135.299805  4143.859863  4134.379883  4137.790039  4137.790039   21548708
2023-02-14 13:20:00-05:00  4137.910156  4139.899902  4133.589844  4135.049805  4135.049805   15543247
2023-02-14 13:25:00-05:00  4135.259766  4135.640137  4131.970215  4134.399902  4134.399902   15512553
2023-02-14 13:30:00-05:00  4134.470215  4137.100098  4134.250000  4136.729980  4136.729980   13388612
2023-02-14 13:35:00-05:00  4136.700195  4138.240234  4133.589844  4135.580078  4135.580078   15460162
2023-02-14 13:40:00-05:00  4135.569824  4136.859863  4127.950195  4127.950195  4127.950195   17216919
2023-02-14 13:45:00-05:00  4128.029785  4134.799805  4128.029785  4133.859863  4133.859863   13855881
2023-02-14 13:50:00-05:00  4133.779785  4135.890137  4132.830078  4134.959961  4134.959961   12914495
2023-02-14 13:55:00-05:00  4134.979980  4137.529785  4132.180176  4133.750000  4133.750000   13943594
2023-02-14 14:00:00-05:00  4133.759766  4138.520020  4131.160156  4136.040039  4136.040039   18144566
2023-02-14 14:05:00-05:00  4136.020020  4136.020020  4122.470215  4126.689941  4126.689941   21971367
2023-02-14 14:10:00-05:00  4126.560059  4130.310059  4126.560059  4129.609863  4129.609863   13095052
2023-02-14 14:15:00-05:00  4129.649902  4136.100098  4129.560059  4135.000000  4135.000000   14991148
2023-02-14 14:20:00-05:00  4135.009766  4136.819824  4133.270020  4134.870117  4134.870117   14555851
2023-02-14 14:25:00-05:00  4134.870117  4135.479980  4131.990234  4134.240234  4134.240234   14077495
2023-02-14 14:30:00-05:00  4134.299805  4141.129883  4134.279785  4141.129883  4141.129883   19811185
2023-02-14 14:35:00-05:00  4141.229980  4144.870117  4141.229980  4141.959961  4141.959961   19848459
2023-02-14 14:40:00-05:00  4142.000000  4144.160156  4141.970215  4142.939941  4142.939941   14881047
2023-02-14 14:45:00-05:00  4142.959961  4144.250000  4140.990234  4143.240234  4143.240234   15927727
2023-02-14 14:50:00-05:00  4143.379883  4145.470215  4139.509766  4141.069824  4141.069824   16981043
2023-02-14 14:55:00-05:00  4141.080078  4143.100098  4139.390137  4140.810059  4140.810059   15990537
2023-02-14 15:00:00-05:00  4140.810059  4143.689941  4139.359863  4139.910156  4139.910156   18734123
2023-02-14 15:05:00-05:00  4139.910156  4140.250000  4137.660156  4138.229980  4138.229980   16993720
2023-02-14 15:10:00-05:00  4138.279785  4140.100098  4133.839844  4139.299805  4139.299805   20518362
2023-02-14 15:15:00-05:00  4139.299805  4140.779785  4136.680176  4139.689941  4139.689941   21612697
2023-02-14 15:20:00-05:00  4139.709961  4142.620117  4138.830078  4142.500000  4142.500000   20871976
2023-02-14 15:25:00-05:00  4142.430176  4143.669922  4140.060059  4140.319824  4140.319824   24640565
2023-02-14 15:30:00-05:00  4140.319824  4143.109863  4137.819824  4140.919922  4140.919922   29307638
2023-02-14 15:35:00-05:00  4140.950195  4143.330078  4139.629883  4142.140137  4142.140137   29217768
2023-02-14 15:40:00-05:00  4142.240234  4145.470215  4141.240234  4144.649902  4144.649902   31654088
2023-02-14 15:45:00-05:00  4144.609863  4145.209961  4142.000000  4144.390137  4144.390137   37959783
2023-02-14 15:50:00-05:00  4144.450195  4144.450195  4139.839844  4144.000000  4144.000000   62703785
2023-02-14 15:55:00-05:00  4144.029785  4145.959961  4135.129883  4136.029785  4136.029785   71462644
2023-02-15 09:30:00-05:00  4119.500000  4119.500000  4110.149902  4116.939941  4116.939941   66286957
2023-02-15 09:35:00-05:00  4116.790039  4119.600098  4114.720215  4114.720215  4114.720215   39799297
2023-02-15 09:40:00-05:00  4114.740234  4122.720215  4112.790039  4118.979980  4118.979980   35532883
2023-02-15 09:45:00-05:00  4118.799805  4123.080078  4116.799805  4123.080078  4123.080078   29982425
2023-02-15 09:50:00-05:00  4123.100098  4124.299805  4106.459961  4109.569824  4109.569824   36788648
2023-02-15 09:55:00-05:00  4109.589844  4112.919922  4107.770020  4111.450195  4111.450195   29584829
2023-02-15 10:00:00-05:00  4111.490234  4117.660156  4110.589844  4116.729980  4116.729980   30144841
2023-02-15 10:05:00-05:00  4116.779785  4117.629883  4107.069824  4109.990234  4109.990234   29620874
2023-02-15 10:10:00-05:00  4109.879883  4113.080078  4103.979980  4111.189941  4111.189941   30762651
2023-02-15 10:15:00-05:00  4111.180176  4120.879883  4111.180176  4120.560059  4120.560059   27169120
2023-02-15 10:20:00-05:00  4120.470215  4122.229980  4115.540039  4115.669922  4115.669922   22816833
2023-02-15 10:25:00-05:00  4115.700195  4119.490234  4114.870117  4116.919922  4116.919922   22037694
2023-02-15 10:30:00-05:00  4117.169922  4124.609863  4115.290039  4123.500000  4123.500000   30345195
2023-02-15 10:35:00-05:00  4123.629883  4124.240234  4119.549805  4121.839844  4121.839844   22678390
2023-02-15 10:40:00-05:00  4121.839844  4123.080078  4114.069824  4114.209961  4114.209961   22923897
2023-02-15 10:45:00-05:00  4114.299805  4116.919922  4113.620117  4114.870117  4114.870117   22757030
2023-02-15 10:50:00-05:00  4114.810059  4118.189941  4113.660156  4116.149902  4116.149902   20587457
2023-02-15 10:55:00-05:00  4116.140137  4119.649902  4114.549805  4115.180176  4115.180176   20532932
2023-02-15 11:00:00-05:00  4115.180176  4120.640137  4114.490234  4120.240234  4120.240234   21139045
2023-02-15 11:05:00-05:00  4120.200195  4127.109863  4120.129883  4124.819824  4124.819824   24590106
2023-02-15 11:10:00-05:00  4124.799805  4127.120117  4124.589844  4125.020020  4125.020020   17831339
2023-02-15 11:15:00-05:00  4125.000000  4127.000000  4122.060059  4123.390137  4123.390137   18762327
2023-02-15 11:20:00-05:00  4123.600098  4124.540039  4121.990234  4123.870117  4123.870117   19638995
2023-02-15 11:25:00-05:00  4123.959961  4129.540039  4122.919922  4129.330078  4129.330078   22276382
2023-02-15 11:30:00-05:00  4129.319824  4129.890137  4123.379883  4124.040039  4124.040039   21762181
2023-02-15 11:35:00-05:00  4124.040039  4127.979980  4123.089844  4127.450195  4127.450195   16390556
2023-02-15 11:40:00-05:00  4127.359863  4132.779785  4127.299805  4131.819824  4131.819824   20415076
2023-02-15 11:45:00-05:00  4131.990234  4135.750000  4131.479980  4134.169922  4134.169922   21477862
2023-02-15 11:50:00-05:00  4134.149902  4135.439941  4133.169922  4133.339844  4133.339844   17473146
2023-02-15 11:55:00-05:00  4133.339844  4135.240234  4129.669922  4129.669922  4129.669922   20976200
2023-02-15 12:00:00-05:00  4129.680176  4131.069824  4127.580078  4127.669922  4127.669922   18241391
2023-02-15 12:05:00-05:00  4127.689941  4128.850098  4120.379883  4123.520020  4123.520020   21892371
2023-02-15 12:10:00-05:00  4123.549805  4124.720215  4121.750000  4122.549805  4122.549805   16539888
2023-02-15 12:15:00-05:00  4122.759766  4123.250000  4120.810059  4122.120117  4122.120117   17591187
2023-02-15 12:20:00-05:00  4122.129883  4122.129883  4119.149902  4120.089844  4120.089844   17153538
2023-02-15 12:25:00-05:00  4120.069824  4122.759766  4117.990234  4118.229980  4118.229980   18987826
2023-02-15 12:30:00-05:00  4118.209961  4120.759766  4117.910156  4120.759766  4120.759766   16706013
2023-02-15 12:35:00-05:00  4120.879883  4123.609863  4117.259766  4119.979980  4119.979980   20341525
2023-02-15 12:40:00-05:00  4119.970215  4124.410156  4119.859863  4124.129883  4124.129883   13975392
2023-02-15 12:45:00-05:00  4124.160156  4124.540039  4122.540039  4123.990234  4123.990234   14297786
2023-02-15 12:50:00-05:00  4124.020020  4126.669922  4123.640137  4125.910156  4125.910156   12965637
2023-02-15 12:55:00-05:00  4125.959961  4126.250000  4122.080078  4123.200195  4123.200195   14884341
2023-02-15 13:00:00-05:00  4123.299805  4126.080078  4122.970215  4123.029785  4123.029785   13022472
2023-02-15 13:05:00-05:00  4123.029785  4125.620117  4120.419922  4125.620117  4125.620117   14649248
2023-02-15 13:10:00-05:00  4125.669922  4128.399902  4125.609863  4127.770020  4127.770020   13599061
2023-02-15 13:15:00-05:00  4127.770020  4129.100098  4126.600098  4129.009766  4129.009766   14919928
2023-02-15 13:20:00-05:00  4129.000000  4131.259766  4128.799805  4130.399902  4130.399902   14089905
2023-02-15 13:25:00-05:00  4130.439941  4131.959961  4130.029785  4131.660156  4131.660156   13138183
2023-02-15 13:30:00-05:00  4131.649902  4132.850098  4129.479980  4131.770020  4131.770020   16191726
2023-02-15 13:35:00-05:00  4131.790039  4132.709961  4130.729980  4132.279785  4132.279785   13332939
2023-02-15 13:40:00-05:00  4132.240234  4136.259766  4132.220215  4135.720215  4135.720215   17292406
2023-02-15 13:45:00-05:00  4135.720215  4137.209961  4135.600098  4136.120117  4136.120117   14348836
2023-02-15 13:50:00-05:00  4136.109863  4137.330078  4134.330078  4137.330078  4137.330078   15010637
2023-02-15 13:55:00-05:00  4137.350098  4137.740234  4136.240234  4137.700195  4137.700195   15592864
2023-02-15 14:00:00-05:00  4137.759766  4138.839844  4136.950195  4137.149902  4137.149902   16146691
2023-02-15 14:05:00-05:00  4137.149902  4141.569824  4136.979980  4140.859863  4140.859863   18002393
2023-02-15 14:10:00-05:00  4140.779785  4142.939941  4139.740234  4142.799805  4142.799805   17225410
2023-02-15 14:15:00-05:00  4142.799805  4143.229980  4139.359863  4139.359863  4139.359863   17666043
2023-02-15 14:20:00-05:00  4139.370117  4141.209961  4139.359863  4139.709961  4139.709961   16020643
2023-02-15 14:25:00-05:00  4139.720215  4140.520020  4137.479980  4140.209961  4140.209961   16622733
2023-02-15 14:30:00-05:00  4140.209961  4141.839844  4139.529785  4140.669922  4140.669922   17841930
2023-02-15 14:35:00-05:00  4140.700195  4141.290039  4139.040039  4140.709961  4140.709961   16186504
2023-02-15 14:40:00-05:00  4140.709961  4142.660156  4139.799805  4142.240234  4142.240234   14994078
2023-02-15 14:45:00-05:00  4142.270020  4143.169922  4138.609863  4138.830078  4138.830078   16834859
2023-02-15 14:50:00-05:00  4138.819824  4139.810059  4134.529785  4135.410156  4135.410156   20018298
2023-02-15 14:55:00-05:00  4135.419922  4135.910156  4131.580078  4132.229980  4132.229980   20711657
2023-02-15 15:00:00-05:00  4132.370117  4135.450195  4132.370117  4135.390137  4135.390137   19522059
2023-02-15 15:05:00-05:00  4135.410156  4138.509766  4135.410156  4138.270020  4138.270020   19844782
2023-02-15 15:10:00-05:00  4138.200195  4138.319824  4135.689941  4136.350098  4136.350098   18875969
2023-02-15 15:15:00-05:00  4136.319824  4137.479980  4133.859863  4134.390137  4134.390137   22547191
2023-02-15 15:20:00-05:00  4134.459961  4136.660156  4133.140137  4133.299805  4133.299805   22158273
2023-02-15 15:25:00-05:00  4133.419922  4136.459961  4132.839844  4136.299805  4136.299805   24131386
2023-02-15 15:30:00-05:00  4136.310059  4139.319824  4135.870117  4139.240234  4139.240234   28751925
2023-02-15 15:35:00-05:00  4139.220215  4139.959961  4137.709961  4139.240234  4139.240234   26415894
2023-02-15 15:40:00-05:00  4139.279785  4140.700195  4136.470215  4138.020020  4138.020020   31955546
2023-02-15 15:45:00-05:00  4138.189941  4141.520020  4137.540039  4141.040039  4141.040039   38564867
2023-02-15 15:50:00-05:00  4141.149902  4143.529785  4137.709961  4140.169922  4140.169922   62976645
2023-02-15 15:55:00-05:00  4140.140137  4147.720215  4138.580078  4147.479980  4147.479980   67900743
2023-02-16 09:30:00-05:00  4114.750000  4114.750000  4097.939941  4098.990234  4098.990234          0
2023-02-16 09:35:00-05:00  4099.330078  4100.740234  4091.070068  4100.740234  4100.740234   45195098
2023-02-16 09:40:00-05:00  4100.850098  4103.790039  4094.989990  4100.490234  4100.490234   41532965
2023-02-16 09:45:00-05:00  4100.509766  4104.189941  4096.669922  4100.720215  4100.720215   37051307
2023-02-16 09:50:00-05:00  4100.729980  4104.629883  4098.430176  4100.779785  4100.779785   35646216
2023-02-16 09:55:00-05:00  4100.560059  4102.479980  4096.259766  4096.689941  4096.689941   32116769
2023-02-16 10:00:00-05:00  4096.669922  4098.149902  4092.669922  4096.080078  4096.080078   32933772
2023-02-16 10:05:00-05:00  4096.069824  4103.270020  4095.260010  4101.979980  4101.979980   27628081
2023-02-16 10:10:00-05:00  4101.979980  4108.169922  4101.209961  4104.930176  4104.930176   27689836
2023-02-16 10:15:00-05:00  4105.020020  4109.919922  4101.870117  4109.439941  4109.439941   25541876
2023-02-16 10:20:00-05:00  4109.560059  4114.279785  4109.319824  4109.740234  4109.740234   26993633
2023-02-16 10:25:00-05:00  4109.689941  4112.910156  4108.069824  4112.859863  4112.859863   23230951
2023-02-16 10:30:00-05:00  4112.899902  4115.799805  4112.370117  4115.549805  4115.549805   23878135
2023-02-16 10:35:00-05:00  4115.509766  4120.839844  4113.770020  4119.180176  4119.180176   25476408
2023-02-16 10:40:00-05:00  4119.169922  4121.060059  4116.609863  4116.930176  4116.930176   24213029
2023-02-16 10:45:00-05:00  4116.859863  4123.750000  4116.270020  4123.750000  4123.750000   24438655
2023-02-16 10:50:00-05:00  4123.759766  4124.560059  4119.879883  4121.529785  4121.529785   23227219
2023-02-16 10:55:00-05:00  4121.479980  4121.560059  4118.049805  4121.180176  4121.180176   22338729
2023-02-16 11:00:00-05:00  4121.319824  4126.100098  4120.930176  4125.259766  4125.259766   19846296
2023-02-16 11:05:00-05:00  4125.209961  4125.520020  4117.040039  4120.569824  4120.569824   21745109
2023-02-16 11:10:00-05:00  4120.549805  4122.540039  4117.450195  4120.189941  4120.189941   19572038
2023-02-16 11:15:00-05:00  4120.310059  4122.229980  4118.609863  4121.830078  4121.830078   20002567
2023-02-16 11:20:00-05:00  4121.740234  4122.240234  4116.580078  4119.279785  4119.279785   18515155
2023-02-16 11:25:00-05:00  4119.279785  4122.910156  4117.330078  4121.799805  4121.799805   18583240
2023-02-16 11:30:00-05:00  4121.819824  4125.339844  4121.049805  4122.299805  4122.299805   19985843
2023-02-16 11:35:00-05:00  4122.330078  4122.330078  4118.160156  4120.169922  4120.169922   16935306
2023-02-16 11:40:00-05:00  4120.120117  4123.720215  4119.890137  4122.390137  4122.390137   17558137
2023-02-16 11:45:00-05:00  4122.350098  4127.720215  4122.350098  4126.270020  4126.270020   17746803
2023-02-16 11:50:00-05:00  4126.310059  4126.799805  4123.169922  4123.229980  4123.229980   16745166
2023-02-16 11:55:00-05:00  4123.310059  4125.520020  4122.200195  4122.410156  4122.410156   16076711
2023-02-16 12:00:00-05:00  4122.339844  4123.759766  4121.240234  4121.649902  4121.649902   14986060
2023-02-16 12:05:00-05:00  4121.629883  4124.609863  4120.990234  4123.520020  4123.520020   15055700
2023-02-16 12:10:00-05:00  4123.520020  4126.609863  4123.509766  4125.390137  4125.390137   13207438
2023-02-16 12:15:00-05:00  4125.529785  4126.299805  4117.850098  4117.850098  4117.850098   20763656
2023-02-16 12:20:00-05:00  4117.189941  4127.009766  4116.919922  4126.779785  4126.779785   17840594
2023-02-16 12:25:00-05:00  4126.870117  4128.919922  4126.299805  4127.149902  4127.149902   15836392
2023-02-16 12:30:00-05:00  4127.169922  4133.330078  4126.709961  4132.430176  4132.430176   18147923
2023-02-16 12:35:00-05:00  4132.560059  4134.680176  4132.069824  4132.720215  4132.720215   15468527
2023-02-16 12:40:00-05:00  4132.740234  4134.479980  4132.259766  4134.479980  4134.479980   14415755
2023-02-16 12:45:00-05:00  4134.490234  4136.240234  4133.509766  4134.890137  4134.890137   18066495
2023-02-16 12:50:00-05:00  4134.819824  4135.220215  4131.339844  4132.029785  4132.029785   20033664
2023-02-16 12:55:00-05:00  4132.029785  4132.370117  4127.810059  4129.060059  4129.060059   21228440
2023-02-16 13:00:00-05:00  4129.080078  4133.839844  4126.310059  4128.660156  4128.660156   21801739
2023-02-16 13:05:00-05:00  4128.620117  4131.689941  4128.620117  4131.379883  4131.379883   13780554
2023-02-16 13:10:00-05:00  4131.390137  4131.750000  4127.490234  4127.490234  4127.490234   15473948
2023-02-16 13:15:00-05:00  4127.500000  4128.299805  4124.180176  4126.439941  4126.439941   18012408
2023-02-16 13:20:00-05:00  4126.470215  4127.259766  4122.439941  4125.399902  4125.399902   17602719
2023-02-16 13:25:00-05:00  4125.379883  4126.520020  4122.089844  4122.470215  4122.470215   14927271
2023-02-16 13:30:00-05:00  4122.520020  4125.399902  4121.160156  4125.359863  4125.359863   16733347
2023-02-16 13:35:00-05:00  4125.399902  4129.569824  4125.379883  4128.870117  4128.870117   16784143
2023-02-16 13:40:00-05:00  4128.799805  4130.359863  4127.109863  4130.140137  4130.140137   15465676
2023-02-16 13:45:00-05:00  4130.140137  4131.750000  4127.419922  4129.879883  4129.879883   18612380
2023-02-16 13:50:00-05:00  4129.939941  4130.359863  4126.689941  4128.879883  4128.879883   15244034
2023-02-16 13:55:00-05:00  4128.890137  4129.560059  4128.000000  4129.169922  4129.169922   13387649
2023-02-16 14:00:00-05:00  4129.189941  4133.379883  4129.189941  4133.250000  4133.250000   17956184
2023-02-16 14:05:00-05:00  4133.299805  4133.490234  4130.040039  4130.620117  4130.620117   16641577
2023-02-16 14:10:00-05:00  4130.640137  4132.180176  4130.160156  4130.950195  4130.950195   15677873
2023-02-16 14:15:00-05:00  4130.910156  4133.319824  4129.779785  4131.970215  4131.970215   17214488
2023-02-16 14:20:00-05:00  4132.009766  4132.089844  4126.770020  4131.660156  4131.660156   18296048
2023-02-16 14:25:00-05:00  4131.680176  4134.509766  4131.609863  4133.040039  4133.040039   18407967
2023-02-16 14:30:00-05:00  4133.000000  4134.890137  4132.790039  4134.060059  4134.060059   15193009
2023-02-16 14:35:00-05:00  4134.180176  4136.540039  4134.000000  4134.750000  4134.750000   15948443
2023-02-16 14:40:00-05:00  4134.700195  4134.839844  4130.149902  4131.370117  4131.370117   18951733
2023-02-16 14:45:00-05:00  4131.359863  4132.080078  4130.350098  4131.359863  4131.359863   15415730
2023-02-16 14:50:00-05:00  4131.330078  4131.729980  4129.450195  4131.149902  4131.149902   16158752
2023-02-16 14:55:00-05:00  4131.080078  4132.250000  4129.859863  4129.870117  4129.870117   16022045
2023-02-16 15:00:00-05:00  4129.839844  4130.600098  4123.560059  4123.560059  4123.560059   20134081
2023-02-16 15:05:00-05:00  4123.640137  4124.859863  4116.770020  4121.459961  4121.459961   36703231
2023-02-16 15:10:00-05:00  4121.450195  4122.430176  4118.120117  4118.120117  4118.120117   22310905
2023-02-16 15:15:00-05:00  4117.750000  4117.750000  4109.350098  4109.680176  4109.680176   29808943
2023-02-16 15:20:00-05:00  4109.729980  4110.129883  4103.879883  4107.229980  4107.229980   32606548
2023-02-16 15:25:00-05:00  4107.370117  4109.680176  4101.479980  4101.609863  4101.609863   30299552
2023-02-16 15:30:00-05:00  4101.339844  4101.509766  4094.629883  4096.899902  4096.899902   40017392
2023-02-16 15:35:00-05:00  4097.040039  4102.459961  4095.669922  4098.060059  4098.060059   34587446
2023-02-16 15:40:00-05:00  4098.040039  4098.660156  4091.000000  4097.890137  4097.890137   39191609
2023-02-16 15:45:00-05:00  4097.919922  4099.020020  4093.179932  4098.120117  4098.120117   45423247
2023-02-16 15:50:00-05:00  4098.259766  4102.250000  4094.580078  4096.529785  4096.529785   66919462
2023-02-16 15:55:00-05:00  4096.459961  4097.500000  4089.489990  4090.270020  4090.270020   67675301
2023-02-17 09:30:00-05:00  4077.389893  4077.389893  4065.570068  4072.629883  4072.629883   39365414
2023-02-17 09:35:00-05:00  4072.580078  4074.100098  4064.239990  4064.379883  4064.379883   40104684
2023-02-17 09:40:00-05:00  4064.340088  4066.090088  4061.310059  4061.310059  4061.310059   37367206
2023-02-17 09:45:00-05:00  4061.419922  4061.419922  4055.149902  4056.330078  4056.330078   40330075
2023-02-17 09:50:00-05:00  4056.239990  4057.110107  4049.600098  4050.780029  4050.780029   37884063
2023-02-17 09:55:00-05:00  4050.679932  4054.719971  4049.139893  4054.659912  4054.659912   32390206
2023-02-17 10:00:00-05:00  4054.810059  4063.229980  4054.469971  4062.489990  4062.489990   32189617
2023-02-17 10:05:00-05:00  4062.379883  4064.209961  4059.800049  4061.229980  4061.229980   27165396
2023-02-17 10:10:00-05:00  4061.100098  4067.729980  4058.889893  4064.229980  4064.229980   26836191
2023-02-17 10:15:00-05:00  4064.459961  4073.830078  4062.629883  4072.330078  4072.330078   31566216
2023-02-17 10:20:00-05:00  4072.340088  4076.550049  4068.050049  4068.050049  4068.050049   26608371
2023-02-17 10:25:00-05:00  4067.909912  4069.540039  4065.949951  4066.290039  4066.290039   23796265
2023-02-17 10:30:00-05:00  4066.389893  4072.770020  4065.280029  4071.719971  4071.719971   23452827
2023-02-17 10:35:00-05:00  4071.750000  4078.489990  4068.629883  4069.649902  4069.649902   24230904