                                  Open         High          Low        Close    Adj Close     Volume
Datetime                                                                                             
2023-02-21 09:30:00-05:00  4052.350098  4052.350098  4039.010010  4045.020020  4045.020020          0
2023-02-21 09:35:00-05:00  4045.060059  4045.870117  4040.590088  4043.540039  4043.540039   40759991
2023-02-21 09:40:00-05:00  4043.800049  4047.919922  4042.949951  4046.580078  4046.580078   37069430
2023-02-21 09:45:00-05:00  4046.909912  4047.100098  4035.540039  4036.250000  4036.250000   41521995
2023-02-21 09:50:00-05:00  4036.260010  4040.949951  4032.500000  4038.729980  4038.729980   35247936
2023-02-21 09:55:00-05:00  4038.729980  4039.780029  4030.370117  4032.429932  4032.429932   34117053
2023-02-21 10:00:00-05:00  4032.350098  4034.750000  4028.469971  4032.139893  4032.139893   30873816
2023-02-21 10:05:00-05:00  4032.100098  4035.399902  4029.580078  4030.489990  4030.489990   28905579
2023-02-21 10:10:00-05:00  4030.639893  4031.459961  4023.679932  4024.290039  4024.290039   29372298
2023-02-21 10:15:00-05:00  4024.340088  4028.729980  4023.149902  4026.500000  4026.500000   31063627
2023-02-21 10:20:00-05:00  4026.469971  4028.929932  4023.770020  4026.360107  4026.360107   26378865
2023-02-21 10:25:00-05:00  4026.360107  4026.360107  4022.149902  4023.889893  4023.889893   25429007
2023-02-21 10:30:00-05:00  4023.860107  4026.600098  4022.129883  4025.760010  4025.760010   26017215
2023-02-21 10:35:00-05:00  4025.520020  4028.989990  4024.250000  4025.330078  4025.330078   25684920
2023-02-21 10:40:00-05:00  4025.350098  4031.949951  4025.159912  4026.969971  4026.969971   24133524
2023-02-21 10:45:00-05:00  4026.860107  4028.189941  4021.899902  4023.280029  4023.280029   23483234
2023-02-21 10:50:00-05:00  4023.219971  4024.310059  4020.139893  4021.000000  4021.000000   23380873
2023-02-21 10:55:00-05:00  4021.000000  4021.969971  4019.659912  4020.310059  4020.310059   22254550
2023-02-21 11:00:00-05:00  4020.370117  4023.760010  4020.370117  4020.879883  4020.879883   19931272
2023-02-21 11:05:00-05:00  4020.639893  4020.639893  4017.050049  4017.070068  4017.070068   20523042
2023-02-21 11:10:00-05:00  4017.100098  4018.860107  4016.209961  4018.860107  4018.860107   20757779
2023-02-21 11:15:00-05:00  4018.909912  4019.739990  4015.270020  4016.709961  4016.709961   22175861
2023-02-21 11:20:00-05:00  4016.679932  4017.709961  4014.879883  4015.280029  4015.280029   20263561
2023-02-21 11:25:00-05:00  4015.379883  4017.560059  4013.600098  4014.479980  4014.479980   21781386
2023-02-21 11:30:00-05:00  4014.459961  4016.149902  4010.860107  4013.229980  4013.229980   23643098
2023-02-21 11:35:00-05:00  4013.229980  4016.159912  4012.679932  4012.830078  4012.830078   19134640
2023-02-21 11:40:00-05:00  4012.780029  4016.590088  4011.580078  4015.229980  4015.229980   18491234
2023-02-21 11:45:00-05:00  4015.250000  4017.199951  4014.649902  4015.580078  4015.580078   17590549
2023-02-21 11:50:00-05:00  4015.560059  4015.560059  4011.669922  4012.889893  4012.889893   17704980
2023-02-21 11:55:00-05:00  4012.879883  4014.270020  4010.060059  4011.889893  4011.889893   20723409
2023-02-21 12:00:00-05:00  4011.780029  4012.850098  4010.449951  4011.639893  4011.639893   22602334
2023-02-21 12:05:00-05:00  4011.530029  4014.409912  4011.530029  4012.729980  4012.729980   17293767
2023-02-21 12:10:00-05:00  4012.729980  4013.189941  4009.459961  4010.479980  4010.479980   21838299
2023-02-21 12:15:00-05:00  4010.449951  4012.040039  4008.320068  4012.040039  4012.040039   18941730
2023-02-21 12:20:00-05:00  4012.040039  4013.060059  4010.290039  4011.139893  4011.139893   16906855
2023-02-21 12:25:00-05:00  4011.149902  4011.209961  4008.409912  4009.620117  4009.620117   17564986
2023-02-21 12:30:00-05:00  4009.610107  4011.149902  4008.260010  4011.120117  4011.120117   17060967
2023-02-21 12:35:00-05:00  4011.060059  4012.959961  4009.879883  4011.919922  4011.919922   15975225
2023-02-21 12:40:00-05:00  4011.969971  4014.159912  4010.850098  4012.239990  4012.239990   17095043
2023-02-21 12:45:00-05:00  4012.270020  4013.159912  4010.350098  4013.050049  4013.050049   17798820
2023-02-21 12:50:00-05:00  4013.020020  4015.439941  4012.739990  4014.979980  4014.979980   18014832
2023-02-21 12:55:00-05:00  4014.989990  4016.060059  4013.870117  4015.909912  4015.909912   15738746
2023-02-21 13:00:00-05:00  4015.830078  4016.260010  4014.050049  4015.469971  4015.469971   16490492
2023-02-21 13:05:00-05:00  4015.479980  4015.709961  4011.389893  4011.550049  4011.550049   16648918
2023-02-21 13:10:00-05:00  4011.550049  4011.580078  4009.550049  4010.120117  4010.120117   15490096
2023-02-21 13:15:00-05:00  4010.169922  4011.810059  4008.719971  4009.899902  4009.899902   15829791
2023-02-21 13:20:00-05:00  4009.919922  4011.570068  4009.020020  4009.330078  4009.330078   14782753
2023-02-21 13:25:00-05:00  4009.239990  4009.800049  4005.679932  4007.020020  4007.020020   18401541
2023-02-21 13:30:00-05:00  4007.050049  4007.080078  4004.120117  4004.120117  4004.120117   16463935
2023-02-21 13:35:00-05:00  4004.090088  4004.419922  4003.429932  4003.530029  4003.530029   16537759
2023-02-21 13:40:00-05:00  4003.479980  4005.540039  4002.459961  4004.879883  4004.879883   16637700
2023-02-21 13:45:00-05:00  4005.000000  4007.290039  4004.500000  4004.550049  4004.550049   15681765
2023-02-21 13:50:00-05:00  4004.520020  4004.520020  4002.070068  4003.159912  4003.159912   15041286
2023-02-21 13:55:00-05:00  4003.100098  4003.179932  4001.939941  4003.149902  4003.149902   14578633
2023-02-21 14:00:00-05:00  4003.209961  4003.260010  4000.699951  4002.189941  4002.189941   17400300
2023-02-21 14:05:00-05:00  4002.270020  4002.669922  3999.899902  3999.899902  3999.899902   16944883
2023-02-21 14:10:00-05:00  3999.909912  3999.969971  3997.350098  3998.110107  3998.110107   17492160
2023-02-21 14:15:00-05:00  3998.090088  3999.110107  3996.189941  3996.189941  3996.189941   19778549
2023-02-21 14:20:00-05:00  3996.139893  3996.939941  3995.330078  3995.580078  3995.580078   17110743
2023-02-21 14:25:00-05:00  3995.520020  4000.639893  3995.189941  3999.669922  3999.669922   17816044
2023-02-21 14:30:00-05:00  3999.600098  4003.570068  3998.620117  4003.570068  4003.570068   21143430
2023-02-21 14:35:00-05:00  4003.610107  4004.389893  4000.929932  4003.489990  4003.489990   16825306
2023-02-21 14:40:00-05:00  4003.530029  4005.780029  4000.310059  4005.520020  4005.520020   21144624
2023-02-21 14:45:00-05:00  4005.550049  4007.120117  4004.169922  4005.330078  4005.330078   17817396
2023-02-21 14:50:00-05:00  4005.330078  4005.330078  4003.209961  4004.300049  4004.300049   15796252
2023-02-21 14:55:00-05:00  4004.300049  4005.229980  4001.449951  4003.699951  4003.699951   18224359
2023-02-21 15:00:00-05:00  4003.709961  4007.330078  4002.810059  4007.330078  4007.330078   18481630
2023-02-21 15:05:00-05:00  4007.409912  4007.560059  4002.310059  4002.459961  4002.459961   19386152
2023-02-21 15:10:00-05:00  4002.429932  4002.800049  4000.250000  4001.159912  4001.159912   20030966
2023-02-21 15:15:00-05:00  4001.120117  4002.379883  3999.889893  4001.479980  4001.479980   20336072
2023-02-21 15:20:00-05:00  4001.320068  4003.939941  3999.399902  4003.219971  4003.219971   23906494
2023-02-21 15:25:00-05:00  4003.239990  4003.600098  4000.479980  4002.219971  4002.219971   23139201
2023-02-21 15:30:00-05:00  4002.239990  4007.860107  4002.239990  4007.379883  4007.379883   30774195
2023-02-21 15:35:00-05:00  4007.340088  4007.389893  4002.080078  4003.010010  4003.010010   29890478
2023-02-21 15:40:00-05:00  4003.050049  4004.139893  4001.030029  4004.010010  4004.010010   35322706
2023-02-21 15:45:00-05:00  4004.000000  4006.310059  4003.010010  4004.840088  4004.840088   44640902
2023-02-21 15:50:00-05:00  4004.840088  4004.860107  3998.260010  3999.550049  3999.550049   78739782
2023-02-21 15:55:00-05:00  3999.699951  4000.959961  3996.159912  3997.239990  3997.239990  122339906
2023-02-22 09:30:00-05:00  4001.830078  4006.060059  4000.500000  4003.280029  4003.280029   66659041
2023-02-22 09:35:00-05:00  4003.139893  4005.719971  4000.070068  4005.520020  4005.520020   35364968
2023-02-22 09:40:00-05:00  4005.439941  4008.510010  4004.280029  4007.719971  4007.719971   32851230
2023-02-22 09:45:00-05:00  4007.429932  4010.729980  4006.229980  4010.149902  4010.149902   37212175
2023-02-22 09:50:00-05:00  4009.939941  4010.290039  4005.120117  4005.669922  4005.669922   31769035
2023-02-22 09:55:00-05:00  4005.679932  4007.709961  4003.899902  4003.899902  4003.899902   28448826
2023-02-22 10:00:00-05:00  4004.250000  4004.719971  3998.010010  3998.659912  3998.659912   31931579
2023-02-22 10:05:00-05:00  3998.649902  4000.340088  3996.530029  3996.530029  3996.530029   28272922
2023-02-22 10:10:00-05:00  3996.719971  3996.719971  3988.659912  3990.080078  3990.080078   33026310
2023-02-22 10:15:00-05:00  3990.110107  3990.629883  3985.969971  3988.280029  3988.280029   29639276
2023-02-22 10:20:00-05:00  3988.379883  3997.280029  3988.379883  3996.850098  3996.850098   27933725
2023-02-22 10:25:00-05:00  3996.810059  3998.189941  3992.040039  3992.040039  3992.040039   25845496
2023-02-22 10:30:00-05:00  3991.709961  3991.770020  3984.010010  3984.429932  3984.429932   28039077
2023-02-22 10:35:00-05:00  3984.350098  3987.469971  3983.310059  3984.139893  3984.139893   28070258
2023-02-22 10:40:00-05:00  3984.159912  3989.689941  3984.159912  3989.479980  3989.479980   25339394
2023-02-22 10:45:00-05:00  3989.510010  3992.989990  3989.409912  3992.580078  3992.580078   22888545
2023-02-22 10:50:00-05:00  3992.560059  3997.280029  3992.560059  3996.830078  3996.830078   21352626
2023-02-22 10:55:00-05:00  3996.760010  4000.159912  3996.300049  3997.780029  3997.780029   21938194
2023-02-22 11:00:00-05:00  3997.750000  4000.550049  3997.260010  3998.439941  3998.439941   19756474
2023-02-22 11:05:00-05:00  3998.439941  4000.610107  3997.070068  3999.409912  3999.409912   18364818
2023-02-22 11:10:00-05:00  3999.409912  3999.879883  3994.360107  3994.830078  3994.830078   17929439
2023-02-22 11:15:00-05:00  3994.850098  3995.250000  3992.820068  3994.300049  3994.300049   17858211
2023-02-22 11:20:00-05:00  3994.500000  3999.120117  3994.500000  3998.379883  3998.379883   19289612
2023-02-22 11:25:00-05:00  3998.419922  3998.790039  3995.949951  3996.800049  3996.800049   18982311
2023-02-22 11:30:00-05:00  3996.830078  3999.850098  3996.229980  3999.679932  3999.679932   17201070
2023-02-22 11:35:00-05:00  3999.750000  4001.959961  3995.510010  3995.590088  3995.590088   19218650
2023-02-22 11:40:00-05:00  3995.610107  3999.850098  3995.610107  3999.790039  3999.790039   15187326
2023-02-22 11:45:00-05:00  3999.770020  4000.209961  3995.909912  3996.709961  3996.709961   15698485
2023-02-22 11:50:00-05:00  3996.669922  4000.629883  3996.419922  3996.919922  3996.919922   16629403
2023-02-22 11:55:00-05:00  3997.060059  4001.000000  3996.239990  4001.000000  4001.000000   15532246
2023-02-22 12:00:00-05:00  4000.979980  4001.120117  3997.879883  3999.110107  3999.110107   16301930
2023-02-22 12:05:00-05:00  3999.120117  4003.270020  3999.120117  4001.429932  4001.429932   15971256
2023-02-22 12:10:00-05:00  4001.429932  4001.429932  3998.070068  3999.290039  3999.290039   14671245
2023-02-22 12:15:00-05:00  3999.330078  4005.850098  3999.330078  4005.320068  4005.320068   16624541
2023-02-22 12:20:00-05:00  4005.409912  4006.530029  4005.030029  4006.510010  4006.510010   14776458
2023-02-22 12:25:00-05:00  4006.520020  4008.159912  4005.489990  4005.489990  4005.489990   14629362
2023-02-22 12:30:00-05:00  4005.489990  4008.290039  4005.489990  4007.010010  4007.010010   15260271
2023-02-22 12:35:00-05:00  4007.020020  4009.949951  4006.340088  4008.270020  4008.270020   18569013
2023-02-22 12:40:00-05:00  4008.300049  4011.300049  4008.129883  4010.790039  4010.790039   17532360
2023-02-22 12:45:00-05:00  4010.780029  4011.959961  4007.959961  4008.360107  4008.360107   16832973
2023-02-22 12:50:00-05:00  4008.370117  4009.139893  4007.689941  4008.850098  4008.850098   16307434
2023-02-22 12:55:00-05:00  4008.860107  4008.919922  4007.189941  4007.830078  4007.830078   13805888
2023-02-22 13:00:00-05:00  4007.879883  4007.979980  4005.239990  4007.949951  4007.949951   17522871
2023-02-22 13:05:00-05:00  4007.949951  4010.729980  4007.659912  4010.199951  4010.199951   13672106
2023-02-22 13:10:00-05:00  4010.189941  4010.659912  4007.879883  4009.060059  4009.060059   14281874
2023-02-22 13:15:00-05:00  4009.000000  4011.510010  4008.919922  4011.199951  4011.199951   12607747
2023-02-22 13:20:00-05:00  4011.179932  4012.810059  4010.639893  4012.580078  4012.580078   13041324
2023-02-22 13:25:00-05:00  4012.560059  4015.179932  4012.389893  4014.739990  4014.739990   13861776
2023-02-22 13:30:00-05:00  4014.709961  4015.139893  4010.090088  4011.979980  4011.979980   16348205
2023-02-22 13:35:00-05:00  4011.989990  4014.550049  4010.459961  4014.280029  4014.280029   15043499
2023-02-22 13:40:00-05:00  4014.270020  4015.020020  4013.479980  4014.280029  4014.280029   13686987
2023-02-22 13:45:00-05:00  4014.290039  4014.600098  4010.949951  4012.270020  4012.270020   14097833
2023-02-22 13:50:00-05:00  4012.290039  4012.290039  4007.169922  4007.780029  4007.780029   14921761
2023-02-22 13:55:00-05:00  4007.810059  4010.820068  4007.810059  4009.830078  4009.830078   14407645
2023-02-22 14:00:00-05:00  4009.840088  4014.750000  3999.489990  4010.949951  4010.949951   39994312
2023-02-22 14:05:00-05:00  4011.030029  4017.370117  4005.629883  4010.580078  4010.580078   24954722
2023-02-22 14:10:00-05:00  4010.820068  4014.070068  3999.409912  4002.110107  4002.110107   24168302
2023-02-22 14:15:00-05:00  4002.030029  4005.429932  3993.489990  4005.340088  4005.340088   24485538
2023-02-22 14:20:00-05:00  4005.439941  4009.790039  3999.959961  4001.110107  4001.110107   21357637
2023-02-22 14:25:00-05:00  4001.149902  4002.449951  3997.800049  3999.570068  3999.570068   18217493
2023-02-22 14:30:00-05:00  3999.139893  3999.159912  3990.790039  3992.989990  3992.989990   24335834
2023-02-22 14:35:00-05:00  3992.979980  3995.409912  3990.479980  3992.169922  3992.169922   21744359
2023-02-22 14:40:00-05:00  3992.149902  3993.219971  3986.360107  3991.030029  3991.030029   19732402
2023-02-22 14:45:00-05:00  3990.840088  3997.219971  3986.340088  3996.929932  3996.929932   22518577
2023-02-22 14:50:00-05:00  3996.909912  3997.520020  3988.620117  3988.659912  3988.659912   23520446
2023-02-22 14:55:00-05:00  3988.620117  3988.620117  3982.280029  3982.479980  3982.479980   22946901
2023-02-22 15:00:00-05:00  3982.469971  3984.909912  3980.040039  3982.179932  3982.179932   21732727
2023-02-22 15:05:00-05:00  3982.310059  3985.169922  3981.310059  3984.060059  3984.060059   20977392
2023-02-22 15:10:00-05:00  3984.050049  3986.870117  3981.139893  3982.489990  3982.489990   23278813
2023-02-22 15:15:00-05:00  3982.449951  3987.639893  3981.360107  3984.080078  3984.080078   24460871
2023-02-22 15:20:00-05:00  3984.149902  3989.110107  3981.260010  3988.439941  3988.439941   25347049
2023-02-22 15:25:00-05:00  3988.530029  3990.070068  3982.580078  3982.669922  3982.669922   25050914
2023-02-22 15:30:00-05:00  3982.560059  3986.250000  3980.620117  3985.000000  3985.000000   29572418
2023-02-22 15:35:00-05:00  3984.959961  3986.510010  3978.760010  3978.760010  3978.760010   30460111
2023-02-22 15:40:00-05:00  3978.939941  3983.629883  3978.590088  3980.550049  3980.550049   36742377
2023-02-22 15:45:00-05:00  3980.530029  3984.060059  3978.899902  3982.010010  3982.010010   40133713
2023-02-22 15:50:00-05:00  3982.050049  3986.659912  3976.899902  3984.800049  3984.800049   69745862
2023-02-22 15:55:00-05:00  3984.959961  3991.610107  3983.840088  3991.520020  3991.520020  115508463
2023-02-23 09:30:00-05:00  4018.600098  4023.040039  4018.600098  4019.919922  4019.919922   76941562
2023-02-23 09:35:00-05:00  4019.889893  4020.469971  4015.949951  4016.709961  4016.709961   40520712
2023-02-23 09:40:00-05:00  4016.669922  4020.149902  4014.629883  4017.080078  4017.080078   37374958
2023-02-23 09:45:00-05:00  4017.129883  4027.320068  4017.129883  4024.840088  4024.840088   42380750
2023-02-23 09:50:00-05:00  4024.879883  4028.300049  4023.419922  4027.510010  4027.510010   35421450
2023-02-23 09:55:00-05:00  4027.590088  4028.030029  4023.610107  4024.520020  4024.520020   34992147
2023-02-23 10:00:00-05:00  4024.959961  4027.729980  4019.239990  4019.610107  4019.610107   35528294
2023-02-23 10:05:00-05:00  4019.679932  4019.879883  4011.840088  4016.100098  4016.100098   35967956
2023-02-23 10:10:00-05:00  4016.149902  4016.439941  4011.699951  4016.080078  4016.080078   29097101
2023-02-23 10:15:00-05:00  4016.080078  4017.679932  4014.020020  4014.110107  4014.110107   27159423
2023-02-23 10:20:00-05:00  4014.489990  4016.959961  4013.699951  4016.870117  4016.870117   25334291
2023-02-23 10:25:00-05:00  4016.830078  4018.899902  4015.409912  4016.739990  4016.739990   25311061
2023-02-23 10:30:00-05:00  4016.719971  4018.510010  4008.600098  4018.489990  4018.489990   31162817
2023-02-23 10:35:00-05:00  4018.340088  4018.340088  4014.629883  4015.280029  4015.280029   22634942
2023-02-23 10:40:00-05:00  4015.239990  4015.239990  4009.550049  4009.830078  4009.830078   22849773
2023-02-23 10:45:00-05:00  4009.739990  4010.070068  3995.620117  3996.379883  3996.379883   31343715
2023-02-23 10:50:00-05:00  3996.449951  3998.229980  3995.169922  3998.229980  3998.229980   27368680
2023-02-23 10:55:00-05:00  3998.050049  3998.050049  3994.969971  3997.449951  3997.449951   24312115
2023-02-23 11:00:00-05:00  3997.459961  4002.199951  3996.750000  4000.719971  4000.719971   23804013
2023-02-23 11:05:00-05:00  4000.780029  4000.939941  3990.199951  3991.870117  3991.870117   28900706
2023-02-23 11:10:00-05:00  3991.870117  3995.620117  3991.870117  3992.429932  3992.429932   20397921
2023-02-23 11:15:00-05:00  3992.699951  3992.929932  3989.419922  3989.870117  3989.870117   22350563
2023-02-23 11:20:00-05:00  3989.790039  3989.790039  3985.560059  3987.429932  3987.429932   21517801
2023-02-23 11:25:00-05:00  3987.520020  3989.570068  3984.300049  3986.090088  3986.090088   22372771
2023-02-23 11:30:00-05:00  3986.080078  3987.639893  3984.929932  3986.669922  3986.669922   18747130
2023-02-23 11:35:00-05:00  3986.800049  3988.159912  3982.780029  3983.209961  3983.209961   20173122
2023-02-23 11:40:00-05:00  3983.219971  3983.459961  3974.790039  3977.820068  3977.820068   25709074
2023-02-23 11:45:00-05:00  3977.679932  3980.250000  3976.770020  3976.899902  3976.899902   21887725
2023-02-23 11:50:00-05:00  3976.919922  3977.209961  3972.159912  3972.310059  3972.310059   21587501
2023-02-23 11:55:00-05:00  3972.409912  3973.050049  3970.449951  3970.649902  3970.649902   20417279
2023-02-23 12:00:00-05:00  3970.770020  3972.790039  3969.830078  3972.419922  3972.419922   21042113
2023-02-23 12:05:00-05:00  3972.399902  3974.000000  3971.649902  3972.510010  3972.510010   18136188
2023-02-23 12:10:00-05:00  3972.520020  3973.360107  3969.189941  3973.290039  3973.290039   16791281
2023-02-23 12:15:00-05:00  3973.189941  3977.550049  3973.070068  3974.689941  3974.689941   20172743
2023-02-23 12:20:00-05:00  3974.709961  3975.840088  3969.959961  3975.780029  3975.780029   17133816
2023-02-23 12:25:00-05:00  3975.899902  3976.209961  3973.909912  3974.780029  3974.780029   17898042
2023-02-23 12:30:00-05:00  3974.800049  3978.889893  3972.739990  3978.479980  3978.479980   16290630
2023-02-23 12:35:00-05:00  3978.469971  3980.729980  3977.270020  3977.669922  3977.669922   18278983
2023-02-23 12:40:00-05:00  3977.659912  3980.530029  3975.419922  3979.929932  3979.929932   18680565
2023-02-23 12:45:00-05:00  3979.939941  3980.770020  3977.250000  3978.770020  3978.770020   14179311
2023-02-23 12:50:00-05:00  3978.739990  3980.750000  3978.550049  3978.719971  3978.719971   13682423
2023-02-23 12:55:00-05:00  3978.699951  3982.290039  3978.070068  3981.790039  3981.790039   16115387
2023-02-23 13:00:00-05:00  3981.850098  3985.860107  3978.540039  3980.600098  3980.600098   25075154
2023-02-23 13:05:00-05:00  3980.520020  3980.649902  3977.780029  3978.699951  3978.699951   13773440
2023-02-23 13:10:00-05:00  3978.709961  3979.929932  3977.909912  3978.580078  3978.580078   13988620
2023-02-23 13:15:00-05:00  3978.610107  3981.459961  3976.840088  3981.459961  3981.459961   16669413
2023-02-23 13:20:00-05:00  3981.479980  3982.330078  3980.070068  3980.860107  3980.860107   14936755
2023-02-23 13:25:00-05:00  3980.830078  3982.840088  3979.320068  3982.500000  3982.500000   13645889
2023-02-23 13:30:00-05:00  3982.570068  3982.699951  3979.409912  3981.800049  3981.800049   12856881
2023-02-23 13:35:00-05:00  3981.810059  3983.340088  3980.379883  3983.120117  3983.120117   14471112
2023-02-23 13:40:00-05:00  3983.139893  3988.120117  3983.090088  3984.290039  3984.290039   21241390
2023-02-23 13:45:00-05:00  3984.300049  3989.399902  3983.189941  3989.290039  3989.290039   17626075
2023-02-23 13:50:00-05:00  3989.320068  3990.090088  3987.590088  3987.629883  3987.629883   16179277
2023-02-23 13:55:00-05:00  3987.610107  3989.350098  3985.899902  3988.350098  3988.350098   15448755
2023-02-23 14:00:00-05:00  3988.330078  3989.750000  3985.750000  3988.159912  3988.159912   16720037
2023-02-23 14:05:00-05:00  3988.149902  3991.800049  3988.149902  3990.810059  3990.810059   17853742
2023-02-23 14:10:00-05:00  3990.870117  3995.399902  3989.679932  3995.219971  3995.219971   21096730
2023-02-23 14:15:00-05:00  3995.219971  4003.830078  3995.219971  4002.870117  4002.870117   27183524
2023-02-23 14:20:00-05:00  4002.850098  4005.050049  4002.459961  4004.520020  4004.520020   20688068
2023-02-23 14:25:00-05:00  4004.540039  4006.139893  4003.530029  4004.979980  4004.979980   18270028
2023-02-23 14:30:00-05:00  4005.030029  4011.979980  4005.030029  4010.320068  4010.320068   21616519
2023-02-23 14:35:00-05:00  4010.310059  4012.159912  4009.449951  4010.350098  4010.350098   18041541
2023-02-23 14:40:00-05:00  4010.389893  4011.540039  4008.159912  4009.909912  4009.909912   17194912
2023-02-23 14:45:00-05:00  4009.860107  4011.629883  4008.169922  4010.479980  4010.479980   18157876
2023-02-23 14:50:00-05:00  4010.479980  4010.810059  4007.379883  4009.550049  4009.550049   16520602
2023-02-23 14:55:00-05:00  4009.750000  4010.270020  4005.929932  4007.449951  4007.449951   20940508
2023-02-23 15:00:00-05:00  4007.520020  4014.889893  4007.520020  4014.870117  4014.870117   21733571
2023-02-23 15:05:00-05:00  4014.909912  4015.830078  4012.040039  4012.070068  4012.070068   20952058
2023-02-23 15:10:00-05:00  4012.330078  4017.090088  4012.070068  4016.100098  4016.100098   22032546
2023-02-23 15:15:00-05:00  4016.149902  4017.260010  4014.040039  4014.300049  4014.300049   22772085
2023-02-23 15:20:00-05:00  4014.199951  4016.989990  4012.149902  4016.379883  4016.379883   23041973
2023-02-23 15:25:00-05:00  4016.550049  4020.500000  4015.090088  4020.260010  4020.260010   27037078
2023-02-23 15:30:00-05:00  4020.229980  4021.969971  4018.620117  4020.689941  4020.689941   31548015
2023-02-23 15:35:00-05:00  4020.699951  4020.699951  4017.540039  4018.879883  4018.879883   30806095
2023-02-23 15:40:00-05:00  4018.939941  4020.379883  4017.590088  4019.270020  4019.270020   33865109
2023-02-23 15:45:00-05:00  4019.270020  4019.270020  4014.080078  4015.530029  4015.530029   45947344
2023-02-23 15:50:00-05:00  4015.389893  4016.679932  4011.500000  4011.750000  4011.750000   69152701
2023-02-23 15:55:00-05:00  4011.590088  4015.090088  4010.300049  4012.139893  4012.139893  112767287
2023-02-24 09:30:00-05:00  3973.239990  3973.239990  3958.469971  3964.550049  3964.550049   67029170
2023-02-24 09:35:00-05:00  3964.310059  3969.320068  3960.500000  3968.909912  3968.909912   35417092
2023-02-24 09:40:00-05:00  3968.820068  3969.939941  3954.610107  3954.610107  3954.610107   37996655
2023-02-24 09:45:00-05:00  3954.659912  3954.659912  3948.290039  3950.760010  3950.760010   40313690
2023-02-24 09:50:00-05:00  3950.649902  3953.129883  3948.870117  3953.050049  3953.050049   31620989
2023-02-24 09:55:00-05:00  3953.239990  3955.580078  3949.159912  3951.239990  3951.239990   28936147
2023-02-24 10:00:00-05:00  3951.010010  3958.469971  3947.860107  3956.060059  3956.060059   33521050
2023-02-24 10:05:00-05:00  3956.010010  3959.520020  3951.560059  3953.459961  3953.459961   30611576
2023-02-24 10:10:00-05:00  3953.520020  3953.909912  3948.340088  3949.030029  3949.030029   28307876
2023-02-24 10:15:00-05:00  3949.030029  3950.439941  3944.949951  3947.669922  3947.669922   29144900
2023-02-24 10:20:00-05:00  3947.810059  3949.489990  3945.449951  3946.100098  3946.100098   24124480
2023-02-24 10:25:00-05:00  3946.100098  3950.030029  3945.379883  3948.909912  3948.909912   25195613
2023-02-24 10:30:00-05:00  3948.919922  3949.479980  3944.739990  3948.719971  3948.719971   26129236
2023-02-24 10:35:00-05:00  3948.790039  3951.229980  3946.330078  3947.239990  3947.239990   23031138
2023-02-24 10:40:00-05:00  3947.229980  3949.939941  3944.350098  3949.879883  3949.879883   21940080
2023-02-24 10:45:00-05:00  3949.739990  3953.139893  3947.489990  3947.520020  3947.520020   24413601
2023-02-24 10:50:00-05:00  3947.370117  3947.649902  3944.100098  3945.300049  3945.300049   21709732
2023-02-24 10:55:00-05:00  3945.260010  3947.149902  3943.080078  3946.959961  3946.959961   23222577
2023-02-24 11:00:00-05:00  3947.030029  3948.979980  3946.219971  3946.310059  3946.310059   20296627
2023-02-24 11:05:00-05:00  3946.550049  3952.729980  3946.550049  3952.129883  3952.129883   18462266
2023-02-24 11:10:00-05:00  3952.159912  3954.760010  3951.919922  3952.719971  3952.719971   21446164
2023-02-24 11:15:00-05:00  3952.729980  3957.060059  3952.540039  3954.679932  3954.679932   20665477
2023-02-24 11:20:00-05:00  3954.689941  3957.360107  3952.520020  3955.379883  3955.379883   19849610
2023-02-24 11:25:00-05:00  3955.530029  3962.090088  3955.530029  3959.770020  3959.770020   23235981
2023-02-24 11:30:00-05:00  3959.840088  3963.340088  3957.439941  3960.659912  3960.659912   23622930
2023-02-24 11:35:00-05:00  3960.669922  3960.719971  3956.780029  3957.020020  3957.020020   18549653
2023-02-24 11:40:00-05:00  3956.979980  3965.449951  3956.719971  3964.260010  3964.260010   20129512
2023-02-24 11:45:00-05:00  3964.280029  3968.669922  3964.260010  3967.270020  3967.270020   23476294
2023-02-24 11:50:00-05:00  3967.290039  3972.290039  3966.389893  3966.540039  3966.540039   22653131
2023-02-24 11:55:00-05:00  3966.570068  3968.070068  3963.770020  3964.870117  3964.870117   19958878
2023-02-24 12:00:00-05:00  3964.919922  3966.889893  3962.379883  3962.590088  3962.590088   15942652
2023-02-24 12:05:00-05:00  3962.659912  3963.100098  3960.169922  3962.070068  3962.070068   18017479
2023-02-24 12:10:00-05:00  3962.090088  3964.100098  3961.560059  3964.100098  3964.100098   14838713
2023-02-24 12:15:00-05:00  3964.149902  3964.580078  3959.399902  3960.580078  3960.580078   17710515
2023-02-24 12:20:00-05:00  3960.530029  3963.260010  3959.639893  3962.219971  3962.219971   15189829
2023-02-24 12:25:00-05:00  3962.239990  3962.760010  3958.929932  3961.620117  3961.620117   17309083
2023-02-24 12:30:00-05:00  3961.629883  3964.830078  3960.159912  3960.229980  3960.229980   16592726
2023-02-24 12:35:00-05:00  3960.239990  3960.969971  3958.159912  3958.280029  3958.280029   13491295
2023-02-24 12:40:00-05:00  3958.300049  3958.659912  3955.770020  3956.129883  3956.129883   14485586
2023-02-24 12:45:00-05:00  3956.149902  3956.189941  3953.340088  3953.639893  3953.639893   17136838
2023-02-24 12:50:00-05:00  3953.620117  3954.590088  3952.699951  3953.889893  3953.889893   13309385
2023-02-24 12:55:00-05:00  3953.909912  3953.909912  3952.080078  3952.580078  3952.580078   12961792
2023-02-24 13:00:00-05:00  3952.629883  3954.610107  3951.379883  3952.870117  3952.870117   15736272
2023-02-24 13:05:00-05:00  3952.800049  3952.959961  3949.500000  3949.709961  3949.709961   15321962
2023-02-24 13:10:00-05:00  3949.889893  3951.040039  3949.340088  3950.340088  3950.340088   14841830
2023-02-24 13:15:00-05:00  3950.350098  3953.090088  3950.060059  3953.090088  3953.090088   16104986
2023-02-24 13:20:00-05:00  3953.060059  3957.989990  3952.909912  3957.120117  3957.120117   14190087
2023-02-24 13:25:00-05:00  3957.129883  3959.030029  3956.729980  3957.489990  3957.489990   12904449
2023-02-24 13:30:00-05:00  3957.469971  3957.469971  3951.629883  3954.530029  3954.530029   15942082
2023-02-24 13:35:00-05:00  3954.659912  3957.010010  3954.659912  3956.969971  3956.969971   14599707
2023-02-24 13:40:00-05:00  3957.060059  3959.610107  3957.060059  3959.459961  3959.459961   15740306
2023-02-24 13:45:00-05:00  3959.479980  3962.250000  3958.979980  3960.820068  3960.820068   14972346
2023-02-24 13:50:00-05:00  3960.820068  3963.469971  3960.610107  3963.389893  3963.389893   14727928
2023-02-24 13:55:00-05:00  3963.389893  3964.360107  3960.810059  3961.739990  3961.739990   16215699
2023-02-24 14:00:00-05:00  3961.770020  3964.989990  3960.949951  3963.620117  3963.620117   15234449
2023-02-24 14:05:00-05:00  3963.629883  3965.540039  3962.979980  3964.780029  3964.780029   13903028
2023-02-24 14:10:00-05:00  3964.830078  3964.860107  3960.320068  3962.719971  3962.719971   16806182
2023-02-24 14:15:00-05:00  3962.719971  3966.760010  3962.719971  3966.510010  3966.510010   14770496
2023-02-24 14:20:00-05:00  3966.510010  3967.459961  3963.389893  3964.409912  3964.409912   19613195
2023-02-24 14:25:00-05:00  3964.399902  3966.830078  3963.719971  3963.979980  3963.979980   14374695
2023-02-24 14:30:00-05:00  3964.020020  3964.500000  3960.570068  3961.830078  3961.830078   16059276
2023-02-24 14:35:00-05:00  3961.790039  3962.729980  3960.739990  3962.399902  3962.399902   13695958
2023-02-24 14:40:00-05:00  3962.389893  3962.479980  3957.719971  3959.120117  3959.120117   15796588
2023-02-24 14:45:00-05:00  3959.070068  3967.360107  3958.510010  3966.929932  3966.929932   18993268
2023-02-24 14:50:00-05:00  3966.929932  3970.760010  3966.870117  3969.540039  3969.540039   20204193
2023-02-24 14:55:00-05:00  3969.570068  3976.090088  3969.020020  3973.800049  3973.800049   24460785
2023-02-24 15:00:00-05:00  3973.989990  3978.250000  3971.169922  3971.219971  3971.219971   23713745
2023-02-24 15:05:00-05:00  3971.300049  3975.870117  3971.300049  3975.169922  3975.169922   21025527
2023-02-24 15:10:00-05:00  3975.189941  3975.959961  3970.800049  3970.810059  3970.810059   23910481
2023-02-24 15:15:00-05:00  3970.790039  3973.070068  3969.110107  3973.070068  3973.070068   21661020
2023-02-24 15:20:00-05:00  3973.070068  3975.469971  3972.969971  3974.739990  3974.739990   22646077
2023-02-24 15:25:00-05:00  3974.830078  3976.610107  3970.250000  3970.340088  3970.340088   27927983
2023-02-24 15:30:00-05:00  3970.340088  3971.149902  3964.250000  3964.320068  3964.320068   30602244
2023-02-24 15:35:00-05:00  3964.270020  3964.270020  3960.120117  3961.250000  3961.250000   30908291
2023-02-24 15:40:00-05:00  3961.280029  3963.760010  3959.959961  3962.449951  3962.449951   34458674
2023-02-24 15:45:00-05:00  3962.449951  3962.449951  3959.840088  3960.989990  3960.989990   40995177
2023-02-24 15:50:00-05:00  3960.979980  3964.229980  3956.820068  3964.169922  3964.169922   72639054
2023-02-24 15:55:00-05:00  3964.209961  3971.570068  3964.209961  3970.419922  3970.419922  118240498
2023-02-27 09:30:00-05:00  3992.360107  4003.429932  3992.360107  3999.199951  3999.199951   32342385
2023-02-27 09:35:00-05:00  3998.989990  4002.070068  3997.739990  3998.709961  3998.709961   33260128
2023-02-27 09:40:00-05:00  3998.570068  4002.459961  3998.070068  3998.679932  3998.679932   32110390
2023-02-27 09:45:00-05:00  3998.489990  4000.570068  3996.850098  3998.939941  3998.939941   30297344
2023-02-27 09:50:00-05:00  3998.979980  4004.399902  3998.750000  4002.689941  4002.689941   28575166
2023-02-27 09:55:00-05:00  4002.699951  4009.379883  4002.699951  4009.159912  4009.159912   27021207
2023-02-27 10:00:00-05:00  4009.300049  4012.489990  4007.060059  4011.770020  4011.770020   28642327
2023-02-27 10:05:00-05:00  4011.770020  4018.050049  4011.709961  4017.250000  4017.250000   31417625
2023-02-27 10:10:00-05:00  4017.270020  4017.270020  4013.699951  4014.760010  4014.760010   27074529
2023-02-27 10:15:00-05:00  4014.780029  4017.010010  4014.560059  4016.399902  4016.399902   25064106
2023-02-27 10:20:00-05:00  4016.510010  4016.989990  4012.729980  4013.949951  4013.949951   23989841
2023-02-27 10:25:00-05:00  4014.010010  4016.860107  4012.840088  4012.909912  4012.909912   20868822
2023-02-27 10:30:00-05:00  4012.790039  4014.129883  4009.649902  4011.280029  4011.280029   25019052
2023-02-27 10:35:00-05:00  4011.219971  4011.219971  3998.090088  4000.719971  4000.719971   23050470