                                  Open         High          Low        Close    Adj Close     Volume
Datetime                                                                                             
2023-03-07 10:50:00-05:00  4023.129883  4023.209961  4010.439941  4016.229980  4016.229980          0
2023-03-07 10:55:00-05:00  4016.260010  4016.409912  4007.790039  4007.810059  4007.810059   25500230
2023-03-07 11:00:00-05:00  4007.850098  4014.389893  4006.570068  4013.600098  4013.600098   22163129
2023-03-07 11:05:00-05:00  4013.419922  4015.909912  4010.179932  4012.169922  4012.169922   20234016
2023-03-07 11:10:00-05:00  4012.129883  4016.419922  4008.409912  4008.810059  4008.810059   20693292
2023-03-07 11:15:00-05:00  4008.520020  4010.929932  4007.000000  4010.060059  4010.060059   19955155
2023-03-07 11:20:00-05:00  4010.320068  4011.070068  4006.689941  4007.729980  4007.729980   18296631
2023-03-07 11:25:00-05:00  4007.800049  4010.770020  4004.590088  4005.280029  4005.280029   20592385
2023-03-07 11:30:00-05:00  4005.090088  4007.560059  4004.469971  4005.290039  4005.290039   18382762
2023-03-07 11:35:00-05:00  4005.350098  4009.760010  4004.830078  4008.100098  4008.100098   17511026
2023-03-07 11:40:00-05:00  4008.080078  4011.840088  4003.540039  4011.840088  4011.840088   24578437
2023-03-07 11:45:00-05:00  4011.949951  4012.899902  4009.489990  4012.260010  4012.260010   18552225
2023-03-07 11:50:00-05:00  4012.270020  4014.010010  4006.939941  4007.010010  4007.010010   19873863
2023-03-07 11:55:00-05:00  4007.050049  4007.050049  4001.909912  4003.000000  4003.000000   18565147
2023-03-07 12:00:00-05:00  4003.020020  4005.340088  4002.620117  4003.520020  4003.520020   17058451
2023-03-07 12:05:00-05:00  4003.530029  4004.389893  4002.060059  4003.889893  4003.889893   15743104
2023-03-07 12:10:00-05:00  4003.939941  4006.800049  4003.110107  4003.760010  4003.760010   16023511
2023-03-07 12:15:00-05:00  4003.830078  4011.350098  4003.320068  4011.350098  4011.350098   21172787
2023-03-07 12:20:00-05:00  4011.389893  4023.080078  4011.389893  4015.530029  4015.530029   29471849
2023-03-07 12:25:00-05:00  4015.610107  4022.239990  4014.810059  4014.860107  4014.860107   20361385
2023-03-07 12:30:00-05:00  4014.899902  4016.100098  4013.610107  4015.879883  4015.879883   15745563
2023-03-07 12:35:00-05:00  4015.729980  4016.899902  4011.800049  4013.840088  4013.840088   16745874
2023-03-07 12:40:00-05:00  4013.830078  4014.030029  4009.580078  4011.500000  4011.500000   15920517
2023-03-07 12:45:00-05:00  4011.489990  4014.949951  4011.020020  4014.330078  4014.330078   17143830
2023-03-07 12:50:00-05:00  4014.310059  4015.939941  4009.989990  4010.070068  4010.070068   17812134
2023-03-07 12:55:00-05:00  4010.080078  4010.580078  4007.129883  4007.610107  4007.610107   15604523
2023-03-07 13:00:00-05:00  4007.669922  4007.899902  4002.770020  4002.770020  4002.770020   20242735
2023-03-07 13:05:00-05:00  4002.770020  4003.010010  3998.959961  4000.290039  4000.290039   17113478
2023-03-07 13:10:00-05:00  4000.310059  4001.139893  3998.770020  3999.989990  3999.989990   15826567
2023-03-07 13:15:00-05:00  3999.929932  4000.899902  3999.219971  3999.600098  3999.600098   14506508
2023-03-07 13:20:00-05:00  3999.649902  4000.129883  3997.290039  3997.610107  3997.610107   15424340
2023-03-07 13:25:00-05:00  3997.620117  3999.870117  3997.070068  3999.139893  3999.139893   14577341
2023-03-07 13:30:00-05:00  3999.179932  4001.959961  3997.020020  3997.030029  3997.030029   16464072
2023-03-07 13:35:00-05:00  3997.000000  3997.959961  3994.320068  3995.270020  3995.270020   17178709
2023-03-07 13:40:00-05:00  3995.239990  3995.459961  3989.939941  3990.199951  3990.199951   19489598
2023-03-07 13:45:00-05:00  3990.189941  3991.020020  3985.889893  3986.739990  3986.739990   20193824
2023-03-07 13:50:00-05:00  3986.689941  3988.790039  3986.000000  3986.169922  3986.169922   18364231
2023-03-07 13:55:00-05:00  3986.179932  3989.100098  3985.750000  3987.870117  3987.870117   17673304
2023-03-07 14:00:00-05:00  3987.830078  3991.770020  3987.469971  3988.060059  3988.060059   19220801
2023-03-07 14:05:00-05:00  3988.040039  3990.719971  3987.800049  3989.979980  3989.979980   14264479
2023-03-07 14:10:00-05:00  3989.939941  3992.510010  3989.090088  3991.510010  3991.510010   16180110
2023-03-07 14:15:00-05:00  3991.540039  3993.179932  3989.399902  3991.989990  3991.989990   16133067
2023-03-07 14:20:00-05:00  3992.020020  3992.469971  3986.260010  3986.600098  3986.600098   18251326
2023-03-07 14:25:00-05:00  3986.719971  3988.659912  3986.179932  3986.770020  3986.770020   18354134
2023-03-07 14:30:00-05:00  3986.780029  3988.439941  3985.229980  3985.879883  3985.879883   17039697
2023-03-07 14:35:00-05:00  3985.850098  3986.479980  3984.919922  3985.139893  3985.139893   15630674
2023-03-07 14:40:00-05:00  3985.100098  3986.770020  3982.939941  3983.399902  3983.399902   16954348
2023-03-07 14:45:00-05:00  3983.379883  3985.979980  3982.969971  3983.530029  3983.530029   18730340
2023-03-07 14:50:00-05:00  3983.459961  3983.469971  3981.860107  3981.870117  3981.870117   16813557
2023-03-07 14:55:00-05:00  3981.870117  3981.939941  3980.310059  3981.290039  3981.290039   19578052
2023-03-07 15:00:00-05:00  3981.300049  3985.820068  3980.919922  3983.800049  3983.800049   21330306
2023-03-07 15:05:00-05:00  3983.840088  3986.520020  3983.790039  3985.330078  3985.330078   18004143
2023-03-07 15:10:00-05:00  3985.330078  3989.500000  3985.330078  3988.010010  3988.010010   21763252
2023-03-07 15:15:00-05:00  3987.979980  3991.350098  3987.979980  3991.219971  3991.219971   22302294
2023-03-07 15:20:00-05:00  3991.239990  3991.239990  3988.290039  3989.000000  3989.000000   21737845
2023-03-07 15:25:00-05:00  3988.979980  3988.979980  3985.320068  3986.290039  3986.290039   25090443
2023-03-07 15:30:00-05:00  3986.280029  3992.850098  3985.959961  3991.949951  3991.949951   28861324
2023-03-07 15:35:00-05:00  3991.989990  3995.659912  3991.290039  3993.510010  3993.510010   31242257
2023-03-07 15:40:00-05:00  3993.459961  3995.030029  3990.209961  3990.219971  3990.219971   33000251
2023-03-07 15:45:00-05:00  3990.260010  3990.459961  3987.030029  3988.520020  3988.520020   40009620
2023-03-07 15:50:00-05:00  3988.530029  3988.709961  3985.320068  3986.209961  3986.209961   64988165
2023-03-07 15:55:00-05:00  3986.199951  3988.090088  3985.169922  3986.709961  3986.709961   66878347
2023-03-08 09:30:00-05:00  3987.550049  3993.729980  3987.070068  3987.070068  3987.070068   59074723
2023-03-08 09:35:00-05:00  3986.989990  3987.909912  3984.399902  3985.399902  3985.399902   33163858
2023-03-08 09:40:00-05:00  3985.360107  3987.949951  3983.399902  3983.540039  3983.540039   31836856
2023-03-08 09:45:00-05:00  3983.580078  3988.540039  3983.370117  3986.590088  3986.590088   31667352
2023-03-08 09:50:00-05:00  3986.610107  3989.159912  3986.560059  3987.459961  3987.459961   26753553
2023-03-08 09:55:00-05:00  3987.530029  3992.790039  3987.530029  3990.709961  3990.709961   27046663
2023-03-08 10:00:00-05:00  3990.840088  3991.500000  3973.280029  3985.080078  3985.080078   40400361
2023-03-08 10:05:00-05:00  3984.810059  3989.149902  3981.899902  3988.510010  3988.510010   27287809
2023-03-08 10:10:00-05:00  3988.379883  3994.239990  3987.370117  3987.760010  3987.760010   26641643
2023-03-08 10:15:00-05:00  3987.830078  3987.830078  3982.060059  3982.469971  3982.469971   25783678
2023-03-08 10:20:00-05:00  3982.620117  3995.360107  3978.459961  3995.159912  3995.159912   31832006
2023-03-08 10:25:00-05:00  3994.929932  3995.310059  3989.090088  3990.520020  3990.520020   24078183
2023-03-08 10:30:00-05:00  3990.189941  3998.969971  3988.080078  3998.129883  3998.129883   27185621
2023-03-08 10:35:00-05:00  3998.199951  3999.899902  3994.870117  3995.510010  3995.510010   23467000
2023-03-08 10:40:00-05:00  3995.790039  3996.570068  3992.010010  3993.409912  3993.409912          0
2023-03-08 10:45:00-05:00  3992.320068  3993.439941  3986.780029  3986.860107  3986.860107  496305952
2023-03-08 10:50:00-05:00  3986.949951  3989.080078  3984.780029  3988.080078  3988.080078   20295792
2023-03-08 10:55:00-05:00  3988.050049  3988.800049  3985.429932  3987.260010  3987.260010   19604290
2023-03-08 11:00:00-05:00  3989.050049  3990.379883  3986.739990  3988.699951  3988.699951   18354126
2023-03-08 11:05:00-05:00  3988.719971  3995.169922  3988.719971  3993.330078  3993.330078   20921185
2023-03-08 11:10:00-05:00  3993.389893  3995.179932  3990.469971  3992.409912  3992.409912   18361226
2023-03-08 11:15:00-05:00  3992.500000  3994.560059  3990.540039  3991.370117  3991.370117   18288550
2023-03-08 11:20:00-05:00  3991.350098  3992.909912  3990.449951  3990.959961  3990.959961   16584949
2023-03-08 11:25:00-05:00  3991.070068  3993.149902  3988.489990  3989.199951  3989.199951   18288466
2023-03-08 11:30:00-05:00  3989.260010  3989.800049  3984.439941  3984.590088  3984.590088   18926931
2023-03-08 11:35:00-05:00  3984.600098  3986.790039  3981.350098  3986.790039  3986.790039   19642426
2023-03-08 11:40:00-05:00  3986.850098  3991.870117  3986.850098  3991.000000  3991.000000   17711751
2023-03-08 11:45:00-05:00  3990.989990  3999.739990  3990.989990  3998.800049  3998.800049   20418058
2023-03-08 11:50:00-05:00  3998.800049  4000.409912  3997.729980  3998.270020  3998.270020   17437011
2023-03-08 11:55:00-05:00  3998.229980  3998.870117  3995.610107  3996.729980  3996.729980   16919032
2023-03-08 12:00:00-05:00  3996.739990  3998.219971  3994.860107  3994.949951  3994.949951   18392012
2023-03-08 12:05:00-05:00  3994.949951  3995.439941  3989.189941  3989.370117  3989.370117   17680453
2023-03-08 12:10:00-05:00  3989.360107  3989.729980  3985.070068  3985.439941  3985.439941   16925458
2023-03-08 12:15:00-05:00  3985.429932  3988.189941  3984.209961  3987.659912  3987.659912   16214510
2023-03-08 12:20:00-05:00  3987.719971  3987.929932  3986.179932  3987.350098  3987.350098   14450087
2023-03-08 12:25:00-05:00  3987.350098  3987.350098  3982.889893  3983.379883  3983.379883   16572741
2023-03-08 12:30:00-05:00  3983.419922  3983.439941  3976.439941  3979.790039  3979.790039   21204055
2023-03-08 12:35:00-05:00  3979.810059  3985.050049  3979.399902  3984.229980  3984.229980   15808887
2023-03-08 12:40:00-05:00  3984.370117  3986.669922  3984.340088  3986.129883  3986.129883   13150143
2023-03-08 12:45:00-05:00  3986.189941  3987.010010  3983.959961  3985.790039  3985.790039   14094797
2023-03-08 12:50:00-05:00  3985.790039  3986.189941  3983.489990  3984.520020  3984.520020   13817229
2023-03-08 12:55:00-05:00  3984.479980  3984.520020  3981.010010  3982.860107  3982.860107   15944514
2023-03-08 13:00:00-05:00  3982.889893  3984.649902  3977.590088  3978.350098  3978.350098   19875981
2023-03-08 13:05:00-05:00  3978.429932  3980.939941  3977.560059  3977.679932  3977.679932   14883806
2023-03-08 13:10:00-05:00  3977.639893  3980.000000  3975.209961  3977.570068  3977.570068   16123011
2023-03-08 13:15:00-05:00  3977.560059  3977.959961  3973.919922  3975.510010  3975.510010   15674961
2023-03-08 13:20:00-05:00  3975.469971  3977.669922  3974.229980  3976.860107  3976.860107   13210676
2023-03-08 13:25:00-05:00  3976.889893  3976.939941  3971.330078  3971.590088  3971.590088   14121389
2023-03-08 13:30:00-05:00  3971.689941  3973.790039  3970.149902  3973.000000  3973.000000   16425616
2023-03-08 13:35:00-05:00  3972.979980  3973.219971  3970.929932  3971.689941  3971.689941   14595645
2023-03-08 13:40:00-05:00  3971.590088  3972.000000  3969.989990  3971.699951  3971.699951   15629586
2023-03-08 13:45:00-05:00  3971.699951  3972.790039  3970.949951  3971.340088  3971.340088   14783768
2023-03-08 13:50:00-05:00  3971.320068  3975.229980  3969.760010  3975.179932  3975.179932   16477204
2023-03-08 13:55:00-05:00  3975.100098  3975.790039  3971.629883  3973.110107  3973.110107   16179441
2023-03-08 14:00:00-05:00  3973.169922  3976.449951  3973.149902  3974.530029  3974.530029   13536627
2023-03-08 14:05:00-05:00  3974.520020  3976.810059  3973.020020  3976.699951  3976.699951   15548408
2023-03-08 14:10:00-05:00  3976.699951  3980.310059  3976.699951  3977.139893  3977.139893   19024954
2023-03-08 14:15:00-05:00  3977.120117  3978.590088  3976.209961  3977.750000  3977.750000   15550788
2023-03-08 14:20:00-05:00  3977.780029  3980.070068  3977.590088  3978.620117  3978.620117   14692041
2023-03-08 14:25:00-05:00  3978.570068  3981.889893  3978.199951  3981.399902  3981.399902   15534416
2023-03-08 14:30:00-05:00  3981.429932  3982.270020  3979.189941  3979.919922  3979.919922   18091926
2023-03-08 14:35:00-05:00  3979.919922  3983.129883  3979.320068  3981.750000  3981.750000   16248901
2023-03-08 14:40:00-05:00  3981.719971  3982.870117  3979.120117  3979.600098  3979.600098   16534628
2023-03-08 14:45:00-05:00  3979.649902  3980.169922  3978.360107  3979.179932  3979.179932   14582767
2023-03-08 14:50:00-05:00  3979.189941  3979.189941  3976.770020  3978.590088  3978.590088   15288799
2023-03-08 14:55:00-05:00  3978.580078  3978.580078  3976.300049  3976.840088  3976.840088   15929042
2023-03-08 15:00:00-05:00  3976.889893  3978.659912  3975.820068  3976.600098  3976.600098   19497261
2023-03-08 15:05:00-05:00  3976.590088  3976.590088  3973.530029  3976.239990  3976.239990   18667240
2023-03-08 15:10:00-05:00  3976.209961  3976.209961  3974.409912  3975.379883  3975.379883   18466400
2023-03-08 15:15:00-05:00  3975.399902  3975.520020  3973.580078  3974.379883  3974.379883   18723561
2023-03-08 15:20:00-05:00  3974.419922  3976.300049  3973.469971  3973.489990  3973.489990   22114906
2023-03-08 15:25:00-05:00  3973.439941  3975.570068  3973.179932  3975.489990  3975.489990   22258905
2023-03-08 15:30:00-05:00  3975.479980  3978.419922  3975.260010  3978.020020  3978.020020   26850536
2023-03-08 15:35:00-05:00  3978.060059  3985.350098  3977.669922  3984.060059  3984.060059   33441089
2023-03-08 15:40:00-05:00  3984.070068  3990.540039  3984.070068  3990.120117  3990.120117   35261278
2023-03-08 15:45:00-05:00  3990.110107  3994.969971  3990.080078  3992.070068  3992.070068   44376611
2023-03-08 15:50:00-05:00  3992.100098  3993.000000  3989.929932  3991.260010  3991.260010   60937734
2023-03-08 15:55:00-05:00  3991.310059  3992.820068  3990.780029  3991.909912  3991.909912   66296519
2023-03-09 09:30:00-05:00  3998.659912  4005.310059  3997.260010  4005.120117  4005.120117          0
2023-03-09 09:35:00-05:00  4005.530029  4007.479980  4003.899902  4007.479980  4007.479980   35338718
2023-03-09 09:40:00-05:00  4008.139893  4008.750000  4003.320068  4005.780029  4005.780029   34082056
2023-03-09 09:45:00-05:00  4005.719971  4015.600098  4005.719971  4014.709961  4014.709961   36539776
2023-03-09 09:50:00-05:00  4014.810059  4017.810059  4011.129883  4011.239990  4011.239990   33781589
2023-03-09 09:55:00-05:00  4010.939941  4011.919922  4009.459961  4010.560059  4010.560059   30558696
2023-03-09 10:00:00-05:00  4010.659912  4014.260010  4009.340088  4013.320068  4013.320068   33668262
2023-03-09 10:05:00-05:00  4013.300049  4015.590088  4008.449951  4010.479980  4010.479980   32880464
2023-03-09 10:10:00-05:00  4010.419922  4011.409912  4003.800049  4004.959961  4004.959961   31190203
2023-03-09 10:15:00-05:00  4004.739990  4005.659912  3997.260010  4000.590088  4000.590088   32296372
2023-03-09 10:20:00-05:00  4000.409912  4002.770020  4000.169922  4000.850098  4000.850098   27092046
2023-03-09 10:25:00-05:00  4000.699951  4003.439941  3999.780029  4003.360107  4003.360107   25145505
2023-03-09 10:30:00-05:00  4003.469971  4009.790039  4003.209961  4009.719971  4009.719971   27792605
2023-03-09 10:35:00-05:00  4009.629883  4011.989990  4009.629883  4010.020020  4010.020020   24522500
2023-03-09 10:40:00-05:00  4010.090088  4012.260010  4009.790039  4011.850098  4011.850098   23029892
2023-03-09 10:45:00-05:00  4011.860107  4013.439941  4009.919922  4011.699951  4011.699951   24046532
2023-03-09 10:50:00-05:00  4011.719971  4011.729980  4008.979980  4009.760010  4009.760010   19315186
2023-03-09 10:55:00-05:00  4009.790039  4009.790039  4002.239990  4002.370117  4002.370117   24879541
2023-03-09 11:00:00-05:00  4002.389893  4003.020020  3998.820068  4000.179932  4000.179932   22892533
2023-03-09 11:05:00-05:00  4000.209961  4000.600098  3996.520020  3998.770020  3998.770020   24088469
2023-03-09 11:10:00-05:00  3998.639893  4000.639893  3997.540039  4000.510010  4000.510010   22129928
2023-03-09 11:15:00-05:00  4000.500000  4001.649902  3998.709961  3999.729980  3999.729980   21308525
2023-03-09 11:20:00-05:00  3999.860107  4002.500000  3998.469971  4002.379883  4002.379883   19669652
2023-03-09 11:25:00-05:00  4002.330078  4002.330078  3995.370117  3995.510010  3995.510010   23236731
2023-03-09 11:30:00-05:00  3995.510010  3998.540039  3995.399902  3996.360107  3996.360107   22850370
2023-03-09 11:35:00-05:00  3996.379883  3997.290039  3994.560059  3995.010010  3995.010010   18181219
2023-03-09 11:40:00-05:00  3995.050049  3997.250000  3994.280029  3996.290039  3996.290039   19853522
2023-03-09 11:45:00-05:00  3996.260010  3999.750000  3996.229980  3998.760010  3998.760010   19497875
2023-03-09 11:50:00-05:00  3998.729980  3999.770020  3996.199951  3997.570068  3997.570068   19114706
2023-03-09 11:55:00-05:00  3997.550049  3997.550049  3993.510010  3993.639893  3993.639893   18837545
2023-03-09 12:00:00-05:00  3993.620117  3994.100098  3984.949951  3987.489990  3987.489990   28593547
2023-03-09 12:05:00-05:00  3987.469971  3989.929932  3984.870117  3988.770020  3988.770020   20478398
2023-03-09 12:10:00-05:00  3988.800049  3990.800049  3988.090088  3988.270020  3988.270020   16994153
2023-03-09 12:15:00-05:00  3988.310059  3991.100098  3986.709961  3990.770020  3990.770020   20488481
2023-03-09 12:20:00-05:00  3990.750000  3994.270020  3989.739990  3993.219971  3993.219971   18036232
2023-03-09 12:25:00-05:00  3993.169922  3995.020020  3992.169922  3994.689941  3994.689941   17337162
2023-03-09 12:30:00-05:00  3994.699951  3995.570068  3992.850098  3993.479980  3993.479980   19901944
2023-03-09 12:35:00-05:00  3993.489990  3993.489990  3987.159912  3988.300049  3988.300049   19648545
2023-03-09 12:40:00-05:00  3988.270020  3990.320068  3985.040039  3985.620117  3985.620117   20379483
2023-03-09 12:45:00-05:00  3985.659912  3985.679932  3980.449951  3981.189941  3981.189941   25359172
2023-03-09 12:50:00-05:00  3981.149902  3983.600098  3980.669922  3983.010010  3983.010010   19469833
2023-03-09 12:55:00-05:00  3983.010010  3983.820068  3981.800049  3982.310059  3982.310059   16850592
2023-03-09 13:00:00-05:00  3982.239990  3984.699951  3979.889893  3983.620117  3983.620117   21283694
2023-03-09 13:05:00-05:00  3983.580078  3984.219971  3981.860107  3982.360107  3982.360107   18591270
2023-03-09 13:10:00-05:00  3982.360107  3982.620117  3977.770020  3978.629883  3978.629883   19444247
2023-03-09 13:15:00-05:00  3978.580078  3979.010010  3974.959961  3974.959961  3974.959961   18242831
2023-03-09 13:20:00-05:00  3975.030029  3977.419922  3970.280029  3970.280029  3970.280029   21070747
2023-03-09 13:25:00-05:00  3970.290039  3970.290039  3965.040039  3967.540039  3967.540039   22596084
2023-03-09 13:30:00-05:00  3967.510010  3967.550049  3962.209961  3962.419922  3962.419922   21319908
2023-03-09 13:35:00-05:00  3962.389893  3962.909912  3958.580078  3958.800049  3958.800049   23813549
2023-03-09 13:40:00-05:00  3958.889893  3964.689941  3958.810059  3964.199951  3964.199951   22402247
2023-03-09 13:45:00-05:00  3964.179932  3964.330078  3953.020020  3953.479980  3953.479980   26273731
2023-03-09 13:50:00-05:00  3953.459961  3956.510010  3950.719971  3954.600098  3954.600098   23312366
2023-03-09 13:55:00-05:00  3954.600098  3956.449951  3953.580078  3954.360107  3954.360107   18436327
2023-03-09 14:00:00-05:00  3954.250000  3954.659912  3947.479980  3947.500000  3947.500000   28817888
2023-03-09 14:05:00-05:00  3947.439941  3950.350098  3946.659912  3949.239990  3949.239990   23932750
2023-03-09 14:10:00-05:00  3949.239990  3950.370117  3945.889893  3950.270020  3950.270020   23824640
2023-03-09 14:15:00-05:00  3950.250000  3953.520020  3948.949951  3951.360107  3951.360107   22164083
2023-03-09 14:20:00-05:00  3951.419922  3955.439941  3950.100098  3955.159912  3955.159912   22630581
2023-03-09 14:25:00-05:00  3955.229980  3956.550049  3950.120117  3950.169922  3950.169922   22146818
2023-03-09 14:30:00-05:00  3950.149902  3950.169922  3942.100098  3943.370117  3943.370117   27365935
2023-03-09 14:35:00-05:00  3943.340088  3949.110107  3943.340088  3947.030029  3947.030029   20730259
2023-03-09 14:40:00-05:00  3946.959961  3951.120117  3946.959961  3948.629883  3948.629883   19139389
2023-03-09 14:45:00-05:00  3948.620117  3951.350098  3943.510010  3944.870117  3944.870117   23269166
2023-03-09 14:50:00-05:00  3945.120117  3945.120117  3940.699951  3941.169922  3941.169922   23344305
2023-03-09 14:55:00-05:00  3941.139893  3941.919922  3936.810059  3937.050049  3937.050049   22153413
2023-03-09 15:00:00-05:00  3937.080078  3939.300049  3932.300049  3932.429932  3932.429932   27498480
2023-03-09 15:05:00-05:00  3932.280029  3933.310059  3927.989990  3929.830078  3929.830078   29223152
2023-03-09 15:10:00-05:00  3929.820068  3931.820068  3927.040039  3928.320068  3928.320068   30103618
2023-03-09 15:15:00-05:00  3928.209961  3928.209961  3915.669922  3915.699951  3915.699951   40072963
2023-03-09 15:20:00-05:00  3915.679932  3919.989990  3908.699951  3914.870117  3914.870117   46285407
2023-03-09 15:25:00-05:00  3914.830078  3923.689941  3913.389893  3917.760010  3917.760010   34756301
2023-03-09 15:30:00-05:00  3917.449951  3929.379883  3915.080078  3926.639893  3926.639893   45219743
2023-03-09 15:35:00-05:00  3926.330078  3928.250000  3919.360107  3927.870117  3927.870117   41743376
2023-03-09 15:40:00-05:00  3927.850098  3929.540039  3925.149902  3926.239990  3926.239990   41998036
2023-03-09 15:45:00-05:00  3926.169922  3926.840088  3918.159912  3925.659912  3925.659912   58675127
2023-03-09 15:50:00-05:00  3925.649902  3932.159912  3924.699951  3927.270020  3927.270020   69031015
2023-03-09 15:55:00-05:00  3927.179932  3928.649902  3916.500000  3919.379883  3919.379883   72220154
2023-03-10 09:30:00-05:00  3912.770020  3914.340088  3903.000000  3903.020020  3903.020020          0
2023-03-10 09:35:00-05:00  3902.919922  3904.489990  3895.000000  3895.429932  3895.429932   60496718
2023-03-10 09:40:00-05:00  3895.379883  3896.179932  3886.209961  3887.889893  3887.889893   63402091
2023-03-10 09:45:00-05:00  3887.989990  3888.100098  3878.010010  3883.870117  3883.870117   62336551
2023-03-10 09:50:00-05:00  3883.639893  3895.699951  3881.520020  3888.860107  3888.860107   59828382
2023-03-10 09:55:00-05:00  3889.110107  3898.919922  3887.449951  3894.800049  3894.800049   48184478
2023-03-10 10:00:00-05:00  3894.510010  3905.949951  3894.429932  3901.120117  3901.120117   50675952
2023-03-10 10:05:00-05:00  3900.860107  3908.360107  3900.800049  3906.010010  3906.010010   46490543
2023-03-10 10:10:00-05:00  3905.820068  3907.629883  3897.850098  3901.110107  3901.110107   42537622
2023-03-10 10:15:00-05:00  3900.770020  3901.040039  3893.159912  3894.040039  3894.040039   43572697
2023-03-10 10:20:00-05:00  3893.459961  3896.659912  3887.330078  3893.860107  3893.860107   40441896
2023-03-10 10:25:00-05:00  3893.840088  3896.979980  3889.469971  3891.530029  3891.530029   39088395
2023-03-10 10:30:00-05:00  3891.300049  3903.280029  3890.550049  3898.209961  3898.209961   39722263
2023-03-10 10:35:00-05:00  3898.320068  3904.020020  3897.800049  3899.239990  3899.239990   36952483
2023-03-10 10:40:00-05:00  3899.439941  3903.419922  3888.979980  3889.229980  3889.229980   37306356
2023-03-10 10:45:00-05:00  3889.229980  3892.149902  3887.770020  3891.620117  3891.620117   34606551
2023-03-10 10:50:00-05:00  3891.620117  3898.389893  3887.770020  3898.110107  3898.110107   33745176
2023-03-10 10:55:00-05:00  3898.080078  3916.080078  3898.080078  3915.649902  3915.649902   41471906
2023-03-10 11:00:00-05:00  3915.409912  3915.409912  3908.419922  3910.790039  3910.790039   36578474
2023-03-10 11:05:00-05:00  3910.620117  3915.250000  3909.709961  3914.360107  3914.360107   31653086
2023-03-10 11:10:00-05:00  3914.459961  3917.699951  3908.429932  3909.429932  3909.429932   32133903
2023-03-10 11:15:00-05:00  3909.340088  3910.610107  3904.989990  3910.530029  3910.530029   31595070
2023-03-10 11:20:00-05:00  3910.370117  3920.659912  3909.830078  3918.429932  3918.429932   33694846
2023-03-10 11:25:00-05:00  3918.429932  3927.790039  3917.159912  3926.229980  3926.229980   38035009
2023-03-10 11:30:00-05:00  3926.270020  3934.050049  3925.979980  3933.129883  3933.129883   38347722
2023-03-10 11:35:00-05:00  3933.139893  3933.899902  3925.110107  3927.000000  3927.000000   36688455
2023-03-10 11:40:00-05:00  3927.239990  3929.939941  3920.330078  3921.139893  3921.139893   28775065
2023-03-10 11:45:00-05:00  3921.090088  3921.879883  3907.840088  3910.360107  3910.360107   36568557
2023-03-10 11:50:00-05:00  3910.239990  3910.239990  3904.689941  3907.689941  3907.689941   27731466
2023-03-10 11:55:00-05:00  3907.129883  3907.129883  3900.120117  3900.989990  3900.989990   28639681
2023-03-10 12:00:00-05:00  3900.949951  3905.060059  3899.969971  3900.149902  3900.149902   23947615
2023-03-10 12:05:00-05:00  3900.250000  3902.379883  3889.729980  3889.729980  3889.729980   28953284
2023-03-10 12:10:00-05:00  3889.760010  3892.629883  3887.310059  3891.129883  3891.129883   27649755
2023-03-10 12:15:00-05:00  3890.989990  3894.370117  3889.909912  3890.000000  3890.000000   25649795
2023-03-10 12:20:00-05:00  3889.899902  3892.739990  3888.520020  3888.860107  3888.860107   21085120
2023-03-10 12:25:00-05:00  3888.879883  3891.500000  3886.219971  3891.500000  3891.500000   24105130
2023-03-10 12:30:00-05:00  3891.649902  3904.270020  3890.149902  3900.919922  3900.919922   28753313
2023-03-10 12:35:00-05:00  3900.879883  3904.050049  3897.909912  3902.270020  3902.270020   23775378
2023-03-10 12:40:00-05:00  3902.310059  3902.699951  3892.350098  3896.409912  3896.409912   21903887
2023-03-10 12:45:00-05:00  3896.250000  3898.139893  3892.610107  3892.610107  3892.610107   19786196
2023-03-10 12:50:00-05:00  3892.179932  3893.379883  3885.989990  3887.270020  3887.270020   21126500
2023-03-10 12:55:00-05:00  3887.260010  3887.330078  3880.330078  3881.139893  3881.139893   24310397
2023-03-10 13:00:00-05:00  3881.129883  3886.270020  3881.129883  3882.879883  3882.879883   22826479
2023-03-10 13:05:00-05:00  3882.679932  3884.399902  3880.300049  3882.419922  3882.419922   19768282
2023-03-10 13:10:00-05:00  3882.429932  3883.379883  3879.820068  3880.030029  3880.030029   19856395
2023-03-10 13:15:00-05:00  3879.929932  3879.929932  3872.179932  3872.179932  3872.179932   27217995
2023-03-10 13:20:00-05:00  3871.979980  3873.189941  3865.939941  3866.899902  3866.899902   31628665
2023-03-10 13:25:00-05:00  3866.899902  3866.899902  3858.439941  3862.060059  3862.060059   30136761
2023-03-10 13:30:00-05:00  3861.870117  3863.010010  3857.439941  3857.820068  3857.820068   24851856
2023-03-10 13:35:00-05:00  3857.260010  3860.310059  3855.540039  3856.889893  3856.889893   28213374
2023-03-10 13:40:00-05:00  3856.959961  3857.560059  3852.760010  3855.010010  3855.010010   26690935
2023-03-10 13:45:00-05:00  3855.139893  3856.550049  3849.870117  3850.290039  3850.290039   24718153
2023-03-10 13:50:00-05:00  3850.229980  3851.979980  3846.320068  3850.419922  3850.419922   30916243
2023-03-10 13:55:00-05:00  3850.439941  3851.379883  3848.120117  3850.739990  3850.739990   23781249
2023-03-10 14:00:00-05:00  3850.879883  3865.810059  3850.719971  3865.500000  3865.500000   33748070
2023-03-10 14:05:00-05:00  3865.419922  3870.820068  3860.530029  3870.560059  3870.560059   33245406
2023-03-10 14:10:00-05:00  3871.020020  3876.379883  3865.439941  3865.979980  3865.979980   31054342
2023-03-10 14:15:00-05:00  3865.969971  3867.169922  3859.000000  3865.199951  3865.199951   26542898
2023-03-10 14:20:00-05:00  3865.149902  3866.969971  3858.250000  3859.379883  3859.379883   26085320
2023-03-10 14:25:00-05:00  3859.020020  3859.899902  3855.530029  3856.679932  3856.679932   24445370
2023-03-10 14:30:00-05:00  3856.600098  3867.159912  3856.379883  3863.860107  3863.860107   28012587
2023-03-10 14:35:00-05:00  3863.840088  3872.909912  3863.239990  3871.060059  3871.060059   29635976
2023-03-10 14:40:00-05:00  3870.969971  3875.820068  3865.850098  3865.939941  3865.939941   28633288
2023-03-10 14:45:00-05:00  3865.929932  3882.780029  3865.929932  3882.780029  3882.780029   31514949
2023-03-10 14:50:00-05:00  3882.419922  3882.419922  3876.370117  3881.379883  3881.379883   27973024
2023-03-10 14:55:00-05:00  3881.360107  3885.760010  3872.620117  3876.790039  3876.790039   30795091
2023-03-10 15:00:00-05:00  3877.030029  3878.699951  3870.050049  3875.459961  3875.459961   27729979
2023-03-10 15:05:00-05:00  3875.320068  3875.719971  3865.729980  3875.560059  3875.560059   28660436
2023-03-10 15:10:00-05:00  3875.510010  3881.070068  3870.629883  3873.790039  3873.790039   34141623
2023-03-10 15:15:00-05:00  3873.590088  3876.919922  3863.679932  3863.679932  3863.679932   33758813
2023-03-10 15:20:00-05:00  3863.770020  3866.330078  3861.850098  3866.330078  3866.330078   32677091
2023-03-10 15:25:00-05:00  3866.570068  3871.909912  3865.709961  3870.820068  3870.820068   32000860
2023-03-10 15:30:00-05:00  3870.040039  3870.399902  3864.439941  3864.439941  3864.439941   38423075
2023-03-10 15:35:00-05:00  3864.340088  3864.340088  3856.979980  3857.300049  3857.300049   40755415
2023-03-10 15:40:00-05:00  3856.959961  3857.139893  3850.479980  3852.090088  3852.090088   48567858
2023-03-10 15:45:00-05:00  3851.429932  3852.909912  3849.870117  3850.840088  3850.840088   52218981
2023-03-10 15:50:00-05:00  3850.770020  3860.649902  3849.709961  3856.350098  3856.350098   69329805
2023-03-10 15:55:00-05:00  3856.350098  3863.179932  3854.600098  3861.679932  3861.679932   69074219
2023-03-13 09:30:00-04:00  3835.120117  3835.120117  3817.669922  3819.989990  3819.989990          0
2023-03-13 09:35:00-04:00  3819.600098  3819.600098  3808.860107  3815.149902  3815.149902   78556252
2023-03-13 09:40:00-04:00  3815.929932  3819.530029  3809.010010  3814.189941  3814.189941   74709642
2023-03-13 09:45:00-04:00  3814.340088  3846.540039  3812.959961  3844.750000  3844.750000   81356704
2023-03-13 09:50:00-04:00  3844.560059  3855.090088  3841.949951  3851.389893  3851.389893   68493436
2023-03-13 09:55:00-04:00  3851.459961  3865.860107  3848.169922  3859.010010  3859.010010   65339503
2023-03-13 10:00:00-04:00  3859.120117  3863.310059  3852.110107  3861.040039  3861.040039   61320785
2023-03-13 10:05:00-04:00  3860.659912  3873.929932  3849.320068  3867.040039  3867.040039   64539065
2023-03-13 10:10:00-04:00  3867.229980  3870.100098  3852.669922  3857.129883  3857.129883   57825637
2023-03-13 10:15:00-04:00  3856.489990  3856.489990  3846.139893  3846.520020  3846.520020   63176360
2023-03-13 10:20:00-04:00  3847.040039  3857.550049  3844.379883  3847.229980  3847.229980   53298127
2023-03-13 10:25:00-04:00  3847.250000  3851.830078  3840.899902  3842.750000  3842.750000   38239127
2023-03-13 10:30:00-04:00  3842.909912  3863.649902  3842.909912  3862.520020  3862.520020   55483482
2023-03-13 10:35:00-04:00  3862.560059  3864.850098  3852.399902  3859.679932  3859.679932   56352742
2023-03-13 10:40:00-04:00  3859.909912  3863.360107  3850.139893  3861.909912  3861.909912   47290272
2023-03-13 10:45:00-04:00  3861.689941  3868.209961  3858.820068  3863.560059  3863.560059   46582211
2023-03-13 10:50:00-04:00  3864.179932  3866.419922  3848.330078  3855.030029  3855.030029   51138455
2023-03-13 10:55:00-04:00  3856.100098  3881.129883  3856.100098  3879.300049  3879.300049   57382910
2023-03-13 11:00:00-04:00  3879.649902  3892.439941  3876.280029  3882.459961  3882.459961   56343050
2023-03-13 11:05:00-04:00  3882.159912  3885.060059  3875.689941  3880.300049  3880.300049   50250388
2023-03-13 11:10:00-04:00  3880.199951  3894.770020  3879.459961  3884.120117  3884.120117   34118427
2023-03-13 11:15:00-04:00  3884.310059  3895.310059  3884.310059  3890.639893  3890.639893   49373850
2023-03-13 11:20:00-04:00  3890.719971  3896.330078  3882.739990  3887.689941  3887.689941   51330619
2023-03-13 11:25:00-04:00  3887.649902  3900.830078  3886.590088  3899.659912  3899.659912   49842740
2023-03-13 11:30:00-04:00  3899.729980  3901.300049  3889.020020  3889.020020  3889.020020   44337008
2023-03-13 11:35:00-04:00  3889.100098  3889.350098  3877.479980  3879.620117  3879.620117   45706310
2023-03-13 11:40:00-04:00  3879.620117  3891.500000  3879.620117  3888.459961  3888.459961   37278883
2023-03-13 11:45:00-04:00  3888.550049  3897.760010  3883.580078  3896.489990  3896.489990   42036895
2023-03-13 11:50:00-04:00  3896.560059  3896.560059  3880.870117  3881.040039  3881.040039   39457162
2023-03-13 11:55:00-04:00  3880.449951  3892.360107  3877.669922  3891.360107  3891.360107   35466002
2023-03-13 12:00:00-04:00  3891.399902  3905.050049  3883.679932  3886.939941  3886.939941   41271812
2023-03-13 12:05:00-04:00  3886.919922  3898.429932  3886.610107  3898.320068  3898.320068   33874317
2023-03-13 12:10:00-04:00  3898.199951  3898.199951  3883.489990  3888.189941  3888.189941   34439285
2023-03-13 12:15:00-04:00  3888.189941  3895.620117  3885.219971  3885.649902  3885.649902   30684408
2023-03-13 12:20:00-04:00  3885.679932  3887.939941  3876.199951  3876.510010  3876.510010   32297988
2023-03-13 12:25:00-04:00  3876.590088  3882.219971  3874.530029  3882.209961  3882.209961   43067574
2023-03-13 12:30:00-04:00  3881.840088  3882.550049  3871.080078  3871.459961  3871.459961   31915610
2023-03-13 12:35:00-04:00  3871.449951  3883.370117  3871.129883  3880.239990  3880.239990   30323603
2023-03-13 12:40:00-04:00  3880.229980  3889.649902  3879.989990  3883.050049  3883.050049   44040438
2023-03-13 12:45:00-04:00  3883.100098  3885.510010  3865.850098  3868.459961  3868.459961   36864895
2023-03-13 12:50:00-04:00  3868.689941  3873.929932  3864.750000  3871.810059  3871.810059   32169745
2023-03-13 12:55:00-04:00  3871.719971  3873.610107  3865.100098  3868.669922  3868.669922   29307977
2023-03-13 13:00:00-04:00  3868.659912  3869.550049  3857.639893  3861.669922  3861.669922   32919107
2023-03-13 13:05:00-04:00  3861.479980  3867.739990  3857.469971  3867.500000  3867.500000   27733848
2023-03-13 13:10:00-04:00  3867.959961  3871.330078  3865.810059  3869.729980  3869.729980   28906041
2023-03-13 13:15:00-04:00  3869.709961  3876.199951  3865.689941  3870.540039  3870.540039   29294410
2023-03-13 13:20:00-04:00  3870.429932  3870.850098  3864.620117  3864.639893  3864.639893   24759768
2023-03-13 13:25:00-04:00  3864.459961  3868.580078  3862.030029  3866.889893  3866.889893   29479548
2023-03-13 13:30:00-04:00  3866.879883  3868.290039  3860.000000  3860.030029  3860.030029   29033480
2023-03-13 13:35:00-04:00  3860.020020  3880.239990  3858.760010  3877.449951  3877.449951   33631743
2023-03-13 13:40:00-04:00  3877.370117  3879.949951  3873.709961  3879.350098  3879.350098   30933591
2023-03-13 13:45:00-04:00  3879.530029  3880.629883  3874.939941  3876.300049  3876.300049   26446959
2023-03-13 13:50:00-04:00  3876.459961  3881.610107  3876.110107  3876.899902  3876.899902   30089075
2023-03-13 13:55:00-04:00  3876.919922  3883.459961  3876.590088  3881.350098  3881.350098   28699528
2023-03-13 14:00:00-04:00  3881.260010  3890.949951  3881.149902  3886.120117  3886.120117   33484647
2023-03-13 14:05:00-04:00  3886.330078  3888.139893  3882.350098  3882.350098  3882.350098   31189683
2023-03-13 14:10:00-04:00  3882.360107  3887.570068  3880.370117  3884.949951  3884.949951   33317340
2023-03-13 14:15:00-04:00  3884.889893  3891.030029  3884.889893  3887.350098  3887.350098   32777944
2023-03-13 14:20:00-04:00  3887.260010  3890.350098  3884.659912  3890.350098  3890.350098   33825469
2023-03-13 14:25:00-04:00  3890.500000  3893.949951  3883.409912  3887.550049  3887.550049   32022038
2023-03-13 14:30:00-04:00  3887.699951  3897.570068  3887.699951  3894.790039  3894.790039   32950042
2023-03-13 14:35:00-04:00  3894.820068  3894.820068  3880.649902  3883.760010  3883.760010   33809096
2023-03-13 14:40:00-04:00  3883.770020  3892.040039  3881.840088  3887.239990  3887.239990   32804734
2023-03-13 14:45:00-04:00  3887.270020  3887.320068  3881.320068  3885.100098  3885.100098   29493095
2023-03-13 14:50:00-04:00  3885.090088  3887.689941  3882.550049  3886.060059  3886.060059   27353315
2023-03-13 14:55:00-04:00  3886.439941  3888.780029  3884.300049  3887.810059  3887.810059   29171863
2023-03-13 15:00:00-04:00  3887.840088  3891.389893  3880.229980  3880.260010  3880.260010   35990893
2023-03-13 15:05:00-04:00  3879.570068  3888.729980  3878.439941  3880.689941  3880.689941   35137084
2023-03-13 15:10:00-04:00  3880.649902  3890.070068  3880.610107  3887.010010  3887.010010   34046981
2023-03-13 15:15:00-04:00  3887.129883  3889.169922  3880.159912  3880.360107  3880.360107   37471420
2023-03-13 15:20:00-04:00  3880.370117  3880.639893  3866.689941  3867.610107  3867.610107   42608346
2023-03-13 15:25:00-04:00  3867.639893  3867.780029  3858.350098  3862.969971  3862.969971   44642052
2023-03-13 15:30:00-04:00  3862.689941  3869.959961  3862.260010  3869.189941  3869.189941   51414298
2023-03-13 15:35:00-04:00  3868.979980  3873.659912  3867.129883  3873.659912  3873.659912   48418287
2023-03-13 15:40:00-04:00  3873.810059  3879.689941  3869.600098  3872.459961  3872.459961   57387014
2023-03-13 15:45:00-04:00  3872.610107  3874.649902  3866.850098  3867.600098  3867.600098   62642889
2023-03-13 15:50:00-04:00  3867.590088  3867.590088  3859.699951  3860.219971  3860.219971  105741270
2023-03-13 15:55:00-04:00  3860.020020  3861.889893  3854.100098  3855.540039  3855.540039  136875735
2023-03-14 09:30:00-04:00  3908.070068  3911.639893  3894.010010  3903.489990  3903.489990   63010762
2023-03-14 09:35:00-04:00  3903.750000  3914.120117  3903.699951  3913.360107  3913.360107   62826161
2023-03-14 09:40:00-04:00  3913.570068  3918.179932  3911.649902  3913.500000  3913.500000   55899073
2023-03-14 09:45:00-04:00  3913.679932  3921.280029  3912.560059  3914.439941  3914.439941   56830732
2023-03-14 09:50:00-04:00  3914.709961  3915.979980  3908.939941  3909.719971  3909.719971   48788545
2023-03-14 09:55:00-04:00  3909.669922  3915.899902  3907.780029  3914.010010  3914.010010   44758839
2023-03-14 10:00:00-04:00  3914.020020  3918.719971  3910.050049  3918.179932  3918.179932   43806842
2023-03-14 10:05:00-04:00  3918.500000  3921.840088  3916.189941  3917.629883  3917.629883   42329616
2023-03-14 10:10:00-04:00  3917.729980  3918.689941  3909.080078  3918.689941  3918.689941   44387912
2023-03-14 10:15:00-04:00  3918.739990  3920.469971  3915.050049  3916.780029  3916.780029   37529101
2023-03-14 10:20:00-04:00  3916.760010  3924.489990  3915.689941  3924.100098  3924.100098   36011874
2023-03-14 10:25:00-04:00  3924.189941  3925.469971  3921.750000  3925.469971  3925.469971   36140202
2023-03-14 10:30:00-04:00  3925.350098  3928.239990  3924.729980  3927.010010  3927.010010   42376415
2023-03-14 10:35:00-04:00  3927.020020  3928.709961  3925.360107  3925.639893  3925.639893   27160477