                                  Open         High          Low        Close    Adj Close     Volume
Datetime                                                                                             
2023-02-28 10:50:00-05:00  3975.459961  3975.520020  3971.489990  3974.679932  3974.679932          0
2023-02-28 10:55:00-05:00  3974.580078  3978.290039  3973.100098  3978.290039  3978.290039   19149346
2023-02-28 11:00:00-05:00  3978.169922  3984.939941  3978.169922  3983.389893  3983.389893   20802010
2023-02-28 11:05:00-05:00  3983.389893  3986.229980  3983.389893  3985.770020  3985.770020   17640706
2023-02-28 11:10:00-05:00  3985.790039  3987.149902  3984.189941  3984.929932  3984.929932   18163591
2023-02-28 11:15:00-05:00  3984.939941  3988.330078  3984.639893  3986.580078  3986.580078   19796610
2023-02-28 11:20:00-05:00  3986.550049  3988.679932  3984.459961  3985.620117  3985.620117   18732623
2023-02-28 11:25:00-05:00  3985.689941  3987.889893  3984.370117  3984.479980  3984.479980   16988223
2023-02-28 11:30:00-05:00  3984.399902  3985.350098  3982.699951  3982.820068  3982.820068   18263728
2023-02-28 11:35:00-05:00  3982.709961  3983.040039  3980.729980  3981.149902  3981.149902   16250560
2023-02-28 11:40:00-05:00  3981.080078  3981.310059  3978.830078  3979.449951  3979.449951   17340465
2023-02-28 11:45:00-05:00  3979.489990  3979.689941  3977.399902  3978.500000  3978.500000   15348892
2023-02-28 11:50:00-05:00  3978.520020  3979.479980  3977.399902  3978.810059  3978.810059   16318307
2023-02-28 11:55:00-05:00  3978.850098  3979.729980  3977.149902  3979.139893  3979.139893   16006669
2023-02-28 12:00:00-05:00  3979.149902  3981.409912  3979.149902  3981.090088  3981.090088   15760607
2023-02-28 12:05:00-05:00  3981.070068  3983.020020  3980.820068  3982.669922  3982.669922   13345711
2023-02-28 12:10:00-05:00  3982.679932  3985.610107  3982.669922  3985.350098  3985.350098   14303985
2023-02-28 12:15:00-05:00  3985.219971  3986.580078  3984.800049  3986.580078  3986.580078   14848661
2023-02-28 12:20:00-05:00  3986.750000  3990.139893  3986.530029  3987.600098  3987.600098   18309077
2023-02-28 12:25:00-05:00  3987.620117  3988.530029  3986.370117  3988.530029  3988.530029   14740012
2023-02-28 12:30:00-05:00  3988.530029  3989.850098  3987.919922  3988.409912  3988.409912   17059016
2023-02-28 12:35:00-05:00  3988.419922  3989.040039  3985.760010  3986.850098  3986.850098   16005775
2023-02-28 12:40:00-05:00  3986.739990  3987.580078  3984.850098  3986.800049  3986.800049   14670844
2023-02-28 12:45:00-05:00  3986.800049  3989.139893  3986.760010  3989.120117  3989.120117   14237241
2023-02-28 12:50:00-05:00  3989.139893  3994.320068  3988.820068  3994.050049  3994.050049   17348736
2023-02-28 12:55:00-05:00  3994.080078  3995.459961  3993.899902  3993.899902  3993.899902   17008243
2023-02-28 13:00:00-05:00  3993.820068  3995.959961  3993.560059  3995.929932  3995.929932   14902656
2023-02-28 13:05:00-05:00  3995.949951  3996.879883  3994.300049  3994.500000  3994.500000   18408478
2023-02-28 13:10:00-05:00  3994.469971  3995.709961  3993.820068  3993.820068  3993.820068   16448875
2023-02-28 13:15:00-05:00  3993.689941  3994.469971  3992.219971  3992.379883  3992.379883   15215676
2023-02-28 13:20:00-05:00  3992.360107  3995.219971  3992.260010  3995.179932  3995.179932   13743239
2023-02-28 13:25:00-05:00  3995.139893  3995.709961  3993.870117  3995.500000  3995.500000   14276822
2023-02-28 13:30:00-05:00  3995.429932  3997.500000  3992.340088  3994.989990  3994.989990   17820086
2023-02-28 13:35:00-05:00  3995.010010  3995.959961  3994.530029  3994.709961  3994.709961   14424189
2023-02-28 13:40:00-05:00  3994.739990  3995.310059  3993.389893  3994.659912  3994.659912   13633736
2023-02-28 13:45:00-05:00  3994.639893  3996.689941  3994.149902  3994.189941  3994.189941   14407196
2023-02-28 13:50:00-05:00  3994.149902  3994.750000  3992.479980  3994.550049  3994.550049   14119397
2023-02-28 13:55:00-05:00  3994.540039  3995.459961  3993.989990  3994.399902  3994.399902   14285289
2023-02-28 14:00:00-05:00  3994.580078  3996.989990  3994.560059  3994.709961  3994.709961   17014820
2023-02-28 14:05:00-05:00  3994.709961  3994.790039  3988.830078  3991.310059  3991.310059   22159269
2023-02-28 14:10:00-05:00  3991.330078  3991.959961  3990.010010  3991.699951  3991.699951   17228165
2023-02-28 14:15:00-05:00  3991.659912  3991.760010  3988.590088  3989.280029  3989.280029   17520073
2023-02-28 14:20:00-05:00  3989.399902  3991.070068  3988.510010  3990.340088  3990.340088   15985006
2023-02-28 14:25:00-05:00  3990.310059  3990.310059  3988.120117  3988.409912  3988.409912   16076176
2023-02-28 14:30:00-05:00  3988.419922  3988.919922  3986.080078  3986.739990  3986.739990   16986649
2023-02-28 14:35:00-05:00  3986.790039  3988.750000  3985.100098  3988.590088  3988.590088   15724636
2023-02-28 14:40:00-05:00  3988.580078  3988.580078  3985.540039  3987.870117  3987.870117   16421589
2023-02-28 14:45:00-05:00  3987.899902  3991.050049  3987.550049  3989.899902  3989.899902   17110768
2023-02-28 14:50:00-05:00  3989.899902  3990.659912  3986.139893  3986.800049  3986.800049   16437805
2023-02-28 14:55:00-05:00  3986.790039  3986.810059  3982.600098  3983.169922  3983.169922   18693900
2023-02-28 15:00:00-05:00  3983.209961  3983.270020  3980.620117  3980.969971  3980.969971   20684963
2023-02-28 15:05:00-05:00  3980.979980  3981.979980  3979.879883  3981.449951  3981.449951   19462404
2023-02-28 15:10:00-05:00  3981.449951  3983.389893  3979.879883  3980.530029  3980.530029   19674951
2023-02-28 15:15:00-05:00  3980.550049  3981.419922  3979.590088  3980.050049  3980.050049   21712831
2023-02-28 15:20:00-05:00  3980.070068  3980.780029  3977.580078  3977.879883  3977.879883   23102756
2023-02-28 15:25:00-05:00  3977.959961  3977.959961  3975.449951  3976.229980  3976.229980   26292213
2023-02-28 15:30:00-05:00  3976.209961  3976.919922  3971.840088  3973.260010  3973.260010   31847463
2023-02-28 15:35:00-05:00  3973.429932  3973.429932  3971.030029  3973.250000  3973.250000   33701441
2023-02-28 15:40:00-05:00  3973.280029  3974.750000  3971.689941  3974.689941  3974.689941   34972822
2023-02-28 15:45:00-05:00  3974.629883  3976.409912  3972.689941  3972.929932  3972.929932   47304080
2023-02-28 15:50:00-05:00  3972.939941  3979.060059  3971.860107  3976.810059  3976.810059   84640141
2023-02-28 15:55:00-05:00  3976.679932  3978.060059  3969.280029  3969.280029  3969.280029  135849540
2023-03-01 09:30:00-05:00  3963.340088  3963.790039  3958.409912  3960.330078  3960.330078   75051655
2023-03-01 09:35:00-05:00  3960.179932  3964.679932  3957.340088  3964.610107  3964.610107   38447980
2023-03-01 09:40:00-05:00  3964.649902  3964.649902  3959.439941  3960.459961  3960.459961   35563643
2023-03-01 09:45:00-05:00  3960.449951  3970.699951  3960.219971  3970.699951  3970.699951   35009720
2023-03-01 09:50:00-05:00  3970.600098  3971.729980  3966.760010  3968.560059  3968.560059   35681523
2023-03-01 09:55:00-05:00  3968.649902  3970.870117  3964.949951  3965.750000  3965.750000   28812429
2023-03-01 10:00:00-05:00  3966.530029  3969.959961  3959.590088  3959.610107  3959.610107   39164094
2023-03-01 10:05:00-05:00  3959.620117  3959.620117  3951.790039  3951.850098  3951.850098   38725327
2023-03-01 10:10:00-05:00  3951.820068  3951.820068  3946.479980  3948.389893  3948.389893   30900682
2023-03-01 10:15:00-05:00  3948.419922  3950.820068  3945.729980  3950.639893  3950.639893   31475709
2023-03-01 10:20:00-05:00  3950.810059  3954.250000  3949.620117  3951.429932  3951.429932   27429043
2023-03-01 10:25:00-05:00  3951.449951  3954.360107  3950.030029  3952.020020  3952.020020   25089040
2023-03-01 10:30:00-05:00  3951.679932  3953.520020  3947.870117  3953.129883  3953.129883   26925103
2023-03-01 10:35:00-05:00  3953.209961  3963.270020  3952.870117  3960.290039  3960.290039   29577732
2023-03-01 10:40:00-05:00  3960.310059  3966.459961  3960.250000  3963.360107  3963.360107   22932324
2023-03-01 10:45:00-05:00  3963.729980  3967.060059  3962.629883  3965.899902  3965.899902   23677365
2023-03-01 10:50:00-05:00  3965.860107  3965.860107  3961.979980  3962.669922  3962.669922   22423536
2023-03-01 10:55:00-05:00  3962.659912  3965.080078  3960.169922  3963.469971  3963.469971   24477210
2023-03-01 11:00:00-05:00  3963.489990  3963.489990  3954.699951  3955.040039  3955.040039   22336257
2023-03-01 11:05:00-05:00  3955.050049  3955.790039  3944.989990  3946.219971  3946.219971   27944829
2023-03-01 11:10:00-05:00  3946.270020  3946.270020  3941.639893  3942.580078  3942.580078   25285927
2023-03-01 11:15:00-05:00  3942.760010  3943.020020  3939.530029  3940.229980  3940.229980   23539029
2023-03-01 11:20:00-05:00  3940.320068  3944.739990  3939.050049  3944.739990  3944.739990   20411427
2023-03-01 11:25:00-05:00  3944.790039  3950.179932  3944.790039  3948.679932  3948.679932   23042483
2023-03-01 11:30:00-05:00  3948.699951  3951.290039  3948.080078  3949.669922  3949.669922   20219947
2023-03-01 11:35:00-05:00  3949.709961  3953.340088  3948.909912  3949.969971  3949.969971   19460447
2023-03-01 11:40:00-05:00  3949.989990  3957.149902  3949.989990  3954.739990  3954.739990   20341697
2023-03-01 11:45:00-05:00  3954.760010  3963.360107  3954.760010  3962.330078  3962.330078   21722223
2023-03-01 11:50:00-05:00  3962.320068  3965.629883  3961.229980  3963.300049  3963.300049   19208091
2023-03-01 11:55:00-05:00  3963.239990  3964.719971  3962.080078  3962.239990  3962.239990   16884397
2023-03-01 12:00:00-05:00  3962.239990  3962.919922  3959.919922  3960.060059  3960.060059   15819507
2023-03-01 12:05:00-05:00  3960.179932  3964.449951  3959.620117  3964.399902  3964.399902   15951750
2023-03-01 12:10:00-05:00  3964.419922  3968.699951  3961.300049  3963.870117  3963.870117   19536989
2023-03-01 12:15:00-05:00  3963.800049  3965.169922  3962.659912  3962.969971  3962.969971   14882161
2023-03-01 12:20:00-05:00  3962.949951  3966.409912  3962.239990  3962.790039  3962.790039   16561617
2023-03-01 12:25:00-05:00  3962.659912  3966.250000  3962.520020  3962.610107  3962.610107   16301699
2023-03-01 12:30:00-05:00  3962.590088  3964.110107  3961.760010  3961.760010  3961.760010   14099809
2023-03-01 12:35:00-05:00  3961.629883  3964.280029  3960.610107  3962.659912  3962.659912   16199510
2023-03-01 12:40:00-05:00  3962.639893  3965.219971  3962.590088  3965.020020  3965.020020   14564342
2023-03-01 12:45:00-05:00  3965.030029  3967.159912  3963.489990  3964.219971  3964.219971   13889635
2023-03-01 12:50:00-05:00  3964.379883  3965.219971  3963.209961  3964.179932  3964.179932   12980249
2023-03-01 12:55:00-05:00  3964.129883  3964.550049  3960.260010  3961.229980  3961.229980   15493999
2023-03-01 13:00:00-05:00  3961.229980  3961.270020  3958.139893  3958.580078  3958.580078   13860709
2023-03-01 13:05:00-05:00  3958.560059  3959.040039  3956.000000  3956.709961  3956.709961   13734155
2023-03-01 13:10:00-05:00  3956.699951  3958.419922  3955.909912  3958.419922  3958.419922   12324781
2023-03-01 13:15:00-05:00  3958.510010  3959.550049  3956.909912  3957.500000  3957.500000   15714267
2023-03-01 13:20:00-05:00  3957.560059  3957.649902  3953.750000  3954.330078  3954.330078   13800451
2023-03-01 13:25:00-05:00  3954.340088  3956.570068  3954.159912  3954.270020  3954.270020   13669618
2023-03-01 13:30:00-05:00  3954.300049  3954.300049  3950.860107  3951.040039  3951.040039   15721853
2023-03-01 13:35:00-05:00  3951.050049  3954.050049  3950.449951  3953.929932  3953.929932   14701013
2023-03-01 13:40:00-05:00  3953.909912  3954.250000  3950.989990  3951.250000  3951.250000   14829566
2023-03-01 13:45:00-05:00  3951.260010  3951.879883  3948.300049  3951.830078  3951.830078   15294319
2023-03-01 13:50:00-05:00  3951.909912  3952.850098  3950.629883  3951.840088  3951.840088   13457128
2023-03-01 13:55:00-05:00  3951.800049  3953.590088  3950.350098  3953.020020  3953.020020   14525574
2023-03-01 14:00:00-05:00  3952.979980  3952.979980  3947.399902  3949.649902  3949.649902   16527905
2023-03-01 14:05:00-05:00  3949.520020  3949.520020  3947.239990  3949.320068  3949.320068   13609487
2023-03-01 14:10:00-05:00  3949.310059  3953.709961  3949.239990  3952.639893  3952.639893   15902293
2023-03-01 14:15:00-05:00  3952.659912  3952.659912  3948.020020  3948.820068  3948.820068   17184169
2023-03-01 14:20:00-05:00  3948.840088  3949.610107  3947.469971  3949.610107  3949.610107   17328605
2023-03-01 14:25:00-05:00  3949.580078  3949.580078  3945.520020  3945.659912  3945.659912   16803518
2023-03-01 14:30:00-05:00  3945.659912  3946.000000  3943.620117  3945.379883  3945.379883   18337705
2023-03-01 14:35:00-05:00  3945.320068  3947.370117  3944.580078  3947.370117  3947.370117   16568457
2023-03-01 14:40:00-05:00  3947.379883  3947.379883  3943.959961  3946.320068  3946.320068   15689417
2023-03-01 14:45:00-05:00  3946.290039  3946.739990  3943.729980  3943.909912  3943.909912   15757394
2023-03-01 14:50:00-05:00  3943.899902  3945.899902  3941.510010  3945.649902  3945.649902   19446677
2023-03-01 14:55:00-05:00  3945.669922  3946.870117  3944.570068  3945.399902  3945.399902   18763965
2023-03-01 15:00:00-05:00  3945.439941  3948.520020  3944.810059  3946.959961  3946.959961   19210568
2023-03-01 15:05:00-05:00  3946.949951  3950.020020  3946.540039  3949.469971  3949.469971   19878418
2023-03-01 15:10:00-05:00  3949.510010  3951.330078  3949.229980  3949.949951  3949.949951   21692556
2023-03-01 15:15:00-05:00  3949.929932  3952.399902  3947.739990  3951.260010  3951.260010   23622910
2023-03-01 15:20:00-05:00  3951.320068  3952.270020  3947.239990  3947.520020  3947.520020   22449828
2023-03-01 15:25:00-05:00  3947.449951  3948.429932  3945.929932  3946.669922  3946.669922   24008357
2023-03-01 15:30:00-05:00  3946.689941  3950.929932  3946.199951  3950.370117  3950.370117   31062866
2023-03-01 15:35:00-05:00  3950.429932  3951.620117  3947.459961  3950.159912  3950.159912   31659202
2023-03-01 15:40:00-05:00  3950.239990  3955.379883  3950.169922  3954.590088  3954.590088   35034631
2023-03-01 15:45:00-05:00  3954.580078  3956.489990  3953.000000  3955.360107  3955.360107   46808311
2023-03-01 15:50:00-05:00  3955.479980  3955.479980  3950.709961  3951.830078  3951.830078   69752158
2023-03-01 15:55:00-05:00  3951.850098  3951.939941  3950.239990  3951.629883  3951.629883  115808670
2023-03-02 09:30:00-05:00  3934.050049  3935.310059  3930.610107  3935.310059  3935.310059   69573746
2023-03-02 09:35:00-05:00  3935.040039  3935.389893  3928.159912  3931.139893  3931.139893   41110396
2023-03-02 09:40:00-05:00  3931.110107  3933.600098  3929.750000  3931.850098  3931.850098   36841927
2023-03-02 09:45:00-05:00  3931.590088  3934.750000  3930.090088  3933.929932  3933.929932   36355772
2023-03-02 09:50:00-05:00  3933.679932  3940.080078  3932.949951  3938.149902  3938.149902   34294565
2023-03-02 09:55:00-05:00  3938.010010  3938.389893  3932.379883  3937.050049  3937.050049   31388979
2023-03-02 10:00:00-05:00  3936.760010  3944.250000  3936.760010  3943.100098  3943.100098   33544594
2023-03-02 10:05:00-05:00  3943.179932  3944.510010  3939.360107  3942.770020  3942.770020   29050960
2023-03-02 10:10:00-05:00  3942.739990  3943.489990  3940.070068  3942.810059  3942.810059   25870547
2023-03-02 10:15:00-05:00  3942.739990  3944.330078  3938.489990  3939.629883  3939.629883   28518766
2023-03-02 10:20:00-05:00  3939.719971  3940.310059  3932.780029  3937.979980  3937.979980   27559069
2023-03-02 10:25:00-05:00  3938.040039  3944.770020  3936.409912  3943.870117  3943.870117   24843760
2023-03-02 10:30:00-05:00  3944.080078  3947.229980  3941.969971  3945.389893  3945.389893   28034332
2023-03-02 10:35:00-05:00  3945.280029  3946.830078  3941.419922  3941.669922  3941.669922   28301131
2023-03-02 10:40:00-05:00  3941.629883  3942.370117  3939.780029  3942.020020  3942.020020   21601867
2023-03-02 10:45:00-05:00  3942.010010  3942.820068  3940.030029  3940.919922  3940.919922   21972095
2023-03-02 10:50:00-05:00  3940.909912  3947.879883  3940.860107  3947.350098  3947.350098   20853534
2023-03-02 10:55:00-05:00  3947.389893  3948.610107  3946.100098  3947.159912  3947.159912   19862419
2023-03-02 11:00:00-05:00  3947.110107  3950.090088  3945.959961  3946.120117  3946.120117   21140186
2023-03-02 11:05:00-05:00  3946.149902  3949.500000  3945.739990  3947.580078  3947.580078   19259137
2023-03-02 11:10:00-05:00  3947.580078  3948.050049  3944.620117  3944.810059  3944.810059   17514242
2023-03-02 11:15:00-05:00  3944.949951  3949.570068  3944.949951  3946.179932  3946.179932   23052939
2023-03-02 11:20:00-05:00  3946.179932  3946.739990  3942.889893  3942.889893  3942.889893   18275090
2023-03-02 11:25:00-05:00  3942.979980  3944.310059  3940.820068  3941.889893  3941.889893   19723330
2023-03-02 11:30:00-05:00  3941.379883  3943.919922  3941.300049  3941.830078  3941.830078   19660602
2023-03-02 11:35:00-05:00  3941.649902  3941.649902  3939.699951  3940.969971  3940.969971   16491168
2023-03-02 11:40:00-05:00  3941.000000  3942.219971  3939.840088  3940.040039  3940.040039   24312982
2023-03-02 11:45:00-05:00  3940.139893  3942.199951  3939.899902  3942.139893  3942.139893   16065687
2023-03-02 11:50:00-05:00  3942.139893  3944.360107  3939.600098  3940.100098  3940.100098   17806948
2023-03-02 11:55:00-05:00  3940.040039  3943.600098  3939.219971  3943.379883  3943.379883   20685112
2023-03-02 12:00:00-05:00  3943.389893  3945.260010  3943.389893  3944.820068  3944.820068   16275931
2023-03-02 12:05:00-05:00  3944.810059  3944.889893  3943.169922  3944.270020  3944.270020   16525445
2023-03-02 12:10:00-05:00  3944.250000  3944.510010  3941.939941  3942.629883  3942.629883   15263202
2023-03-02 12:15:00-05:00  3942.629883  3943.010010  3939.120117  3939.229980  3939.229980   15675419
2023-03-02 12:20:00-05:00  3939.219971  3941.659912  3939.199951  3941.600098  3941.600098   14974806
2023-03-02 12:25:00-05:00  3941.580078  3944.570068  3941.320068  3943.600098  3943.600098   15516154
2023-03-02 12:30:00-05:00  3943.540039  3949.449951  3943.520020  3948.129883  3948.129883   17811344
2023-03-02 12:35:00-05:00  3948.129883  3948.199951  3945.030029  3945.290039  3945.290039   14922510
2023-03-02 12:40:00-05:00  3945.360107  3945.510010  3943.449951  3944.570068  3944.570068   13529595
2023-03-02 12:45:00-05:00  3944.560059  3945.040039  3943.139893  3943.179932  3943.179932   14378527
2023-03-02 12:50:00-05:00  3943.229980  3947.229980  3943.229980  3947.010010  3947.010010   15178656
2023-03-02 12:55:00-05:00  3947.010010  3948.409912  3946.020020  3948.290039  3948.290039   15069637
2023-03-02 13:00:00-05:00  3948.320068  3949.540039  3947.560059  3947.870117  3947.870117   15892377
2023-03-02 13:05:00-05:00  3947.840088  3947.840088  3944.989990  3946.020020  3946.020020   15561129
2023-03-02 13:10:00-05:00  3946.070068  3947.620117  3945.989990  3947.399902  3947.399902   15661959
2023-03-02 13:15:00-05:00  3947.419922  3947.520020  3944.750000  3947.070068  3947.070068   13824532
2023-03-02 13:20:00-05:00  3947.080078  3947.659912  3945.580078  3945.729980  3945.729980   12990152
2023-03-02 13:25:00-05:00  3945.780029  3946.300049  3944.820068  3944.919922  3944.919922   13481794
2023-03-02 13:30:00-05:00  3944.949951  3946.780029  3944.909912  3946.719971  3946.719971   13993984
2023-03-02 13:35:00-05:00  3946.739990  3962.250000  3946.739990  3955.429932  3955.429932   32101025
2023-03-02 13:40:00-05:00  3955.409912  3957.969971  3952.689941  3953.090088  3953.090088   16872547
2023-03-02 13:45:00-05:00  3953.090088  3955.969971  3952.090088  3955.310059  3955.310059   18543677
2023-03-02 13:50:00-05:00  3955.290039  3959.550049  3955.149902  3958.550049  3958.550049   20471142
2023-03-02 13:55:00-05:00  3958.669922  3965.560059  3958.669922  3965.510010  3965.510010   20480650
2023-03-02 14:00:00-05:00  3965.540039  3973.860107  3965.540039  3971.510010  3971.510010   27617956
2023-03-02 14:05:00-05:00  3971.479980  3971.979980  3969.000000  3969.669922  3969.669922   20696928
2023-03-02 14:10:00-05:00  3969.679932  3971.550049  3965.870117  3966.010010  3966.010010   18647042
2023-03-02 14:15:00-05:00  3966.050049  3968.159912  3964.899902  3968.159912  3968.159912   17940408
2023-03-02 14:20:00-05:00  3968.310059  3969.399902  3967.449951  3969.149902  3969.149902   17039666
2023-03-02 14:25:00-05:00  3969.189941  3974.469971  3968.280029  3973.790039  3973.790039   21466272
2023-03-02 14:30:00-05:00  3973.750000  3975.649902  3972.090088  3972.500000  3972.500000   19816157
2023-03-02 14:35:00-05:00  3972.479980  3972.479980  3967.790039  3969.669922  3969.669922   19334008
2023-03-02 14:40:00-05:00  3969.719971  3972.149902  3969.280029  3970.030029  3970.030029   17549128
2023-03-02 14:45:00-05:00  3970.100098  3971.260010  3969.110107  3971.169922  3971.169922   17072666
2023-03-02 14:50:00-05:00  3971.110107  3971.879883  3969.540039  3969.850098  3969.850098   17026582
2023-03-02 14:55:00-05:00  3969.870117  3973.590088  3969.510010  3973.000000  3973.000000   18916228
2023-03-02 15:00:00-05:00  3972.570068  3976.149902  3970.260010  3970.419922  3970.419922   23358450
2023-03-02 15:05:00-05:00  3970.350098  3971.469971  3968.949951  3971.469971  3971.469971   19490633
2023-03-02 15:10:00-05:00  3971.469971  3975.280029  3971.459961  3974.479980  3974.479980   20931067
2023-03-02 15:15:00-05:00  3974.600098  3979.439941  3973.469971  3973.830078  3973.830078   25932141
2023-03-02 15:20:00-05:00  3973.820068  3977.629883  3973.159912  3976.649902  3976.649902   23134827
2023-03-02 15:25:00-05:00  3976.620117  3980.100098  3976.120117  3978.629883  3978.629883   23359474
2023-03-02 15:30:00-05:00  3978.659912  3983.500000  3978.659912  3983.500000  3983.500000   31074664
2023-03-02 15:35:00-05:00  3983.540039  3990.840088  3982.600098  3988.429932  3988.429932   37233811
2023-03-02 15:40:00-05:00  3988.469971  3989.379883  3984.810059  3984.810059  3984.810059   37191219
2023-03-02 15:45:00-05:00  3984.770020  3985.860107  3983.260010  3985.629883  3985.629883   43578613
2023-03-02 15:50:00-05:00  3985.590088  3985.590088  3977.280029  3978.330078  3978.330078   67702794
2023-03-02 15:55:00-05:00  3978.379883  3982.399902  3978.379883  3981.290039  3981.290039  116066485
2023-03-03 09:30:00-05:00  3998.020020  4000.739990  3995.959961  3997.110107  3997.110107   62103463
2023-03-03 09:35:00-05:00  3997.139893  4000.689941  3996.149902  3997.280029  3997.280029   36254264
2023-03-03 09:40:00-05:00  3997.260010  4000.409912  3996.989990  3999.100098  3999.100098   32203459
2023-03-03 09:45:00-05:00  3999.159912  4005.889893  3999.159912  4004.489990  4004.489990   35724676
2023-03-03 09:50:00-05:00  4004.540039  4010.320068  4002.370117  4009.729980  4009.729980   32697427
2023-03-03 09:55:00-05:00  4009.750000  4013.300049  4008.979980  4009.719971  4009.719971   28699907
2023-03-03 10:00:00-05:00  4009.770020  4011.810059  3999.179932  4002.879883  4002.879883   34371463
2023-03-03 10:05:00-05:00  4002.830078  4002.830078  3995.169922  3997.229980  3997.229980   28742280
2023-03-03 10:10:00-05:00  3997.479980  4008.189941  3996.679932  4008.189941  4008.189941   27200215
2023-03-03 10:15:00-05:00  4008.199951  4011.439941  4007.699951  4008.830078  4008.830078   28773720
2023-03-03 10:20:00-05:00  4008.939941  4013.899902  4008.540039  4013.370117  4013.370117   24119314
2023-03-03 10:25:00-05:00  4013.340088  4017.389893  4013.340088  4017.169922  4017.169922   25920572
2023-03-03 10:30:00-05:00  4017.370117  4018.719971  4013.989990  4014.209961  4014.209961   24843871
2023-03-03 10:35:00-05:00  4014.310059  4014.649902  4012.550049  4012.909912  4012.909912   21978830
2023-03-03 10:40:00-05:00  4012.899902  4015.120117  4012.129883  4015.080078  4015.080078   21682678
2023-03-03 10:45:00-05:00  4015.080078  4017.649902  4013.850098  4014.280029  4014.280029   23313388
2023-03-03 10:50:00-05:00  4014.310059  4014.399902  4010.090088  4011.669922  4011.669922   21525908
2023-03-03 10:55:00-05:00  4011.709961  4014.040039  4011.050049  4011.370117  4011.370117   20938515
2023-03-03 11:00:00-05:00  4011.399902  4015.010010  4011.159912  4011.959961  4011.959961   20097889
2023-03-03 11:05:00-05:00  4012.050049  4014.760010  4012.020020  4013.810059  4013.810059   19373474
2023-03-03 11:10:00-05:00  4013.830078  4014.110107  4009.909912  4013.550049  4013.550049   20170983
2023-03-03 11:15:00-05:00  4013.500000  4017.620117  4013.399902  4016.030029  4016.030029   19875533
2023-03-03 11:20:00-05:00  4016.110107  4016.199951  4013.719971  4015.050049  4015.050049   19440815
2023-03-03 11:25:00-05:00  4015.219971  4016.449951  4013.699951  4016.300049  4016.300049   18099953
2023-03-03 11:30:00-05:00  4016.239990  4018.870117  4014.760010  4015.280029  4015.280029   21624229
2023-03-03 11:35:00-05:00  4015.429932  4019.399902  4014.260010  4014.679932  4014.679932   19573932
2023-03-03 11:40:00-05:00  4014.729980  4016.129883  4013.879883  4015.500000  4015.500000   16333067
2023-03-03 11:45:00-05:00  4015.479980  4018.570068  4015.229980  4017.500000  4017.500000   18297528
2023-03-03 11:50:00-05:00  4017.479980  4021.659912  4017.419922  4020.939941  4020.939941   19265468
2023-03-03 11:55:00-05:00  4020.860107  4025.050049  4020.820068  4023.719971  4023.719971   20122286
2023-03-03 12:00:00-05:00  4023.679932  4024.699951  4022.780029  4023.219971  4023.219971   17968472
2023-03-03 12:05:00-05:00  4023.179932  4024.979980  4022.899902  4024.330078  4024.330078   15899092
2023-03-03 12:10:00-05:00  4024.300049  4027.060059  4024.199951  4025.830078  4025.830078   18335129
2023-03-03 12:15:00-05:00  4025.790039  4025.810059  4023.919922  4024.899902  4024.899902   16291679
2023-03-03 12:20:00-05:00  4024.889893  4025.370117  4023.689941  4024.649902  4024.649902   16922399
2023-03-03 12:25:00-05:00  4024.669922  4026.489990  4024.189941  4025.949951  4025.949951   15267797
2023-03-03 12:30:00-05:00  4025.919922  4026.459961  4024.659912  4024.889893  4024.889893   15446701
2023-03-03 12:35:00-05:00  4024.919922  4025.250000  4023.500000  4024.979980  4024.979980   17393348
2023-03-03 12:40:00-05:00  4024.989990  4025.689941  4024.560059  4025.580078  4025.580078   14842044
2023-03-03 12:45:00-05:00  4025.550049  4028.100098  4025.449951  4027.800049  4027.800049   16417507
2023-03-03 12:50:00-05:00  4027.840088  4030.000000  4027.310059  4030.000000  4030.000000   15976640
2023-03-03 12:55:00-05:00  4030.110107  4034.010010  4030.110107  4033.620117  4033.620117   17811643
2023-03-03 13:00:00-05:00  4033.600098  4033.899902  4032.689941  4033.429932  4033.429932   15737709
2023-03-03 13:05:00-05:00  4033.419922  4036.169922  4033.199951  4035.320068  4035.320068   17262496
2023-03-03 13:10:00-05:00  4035.310059  4036.050049  4034.550049  4035.989990  4035.989990   16205648
2023-03-03 13:15:00-05:00  4035.989990  4035.989990  4032.100098  4032.239990  4032.239990   17495495
2023-03-03 13:20:00-05:00  4032.149902  4032.790039  4031.000000  4031.770020  4031.770020   14262050
2023-03-03 13:25:00-05:00  4031.830078  4034.580078  4031.820068  4033.689941  4033.689941   14955367
2023-03-03 13:30:00-05:00  4033.699951  4034.439941  4031.110107  4031.149902  4031.149902   14770574
2023-03-03 13:35:00-05:00  4031.189941  4032.739990  4030.909912  4032.040039  4032.040039   14150884
2023-03-03 13:40:00-05:00  4032.090088  4032.679932  4031.270020  4032.260010  4032.260010   14379270
2023-03-03 13:45:00-05:00  4032.229980  4034.070068  4031.689941  4033.850098  4033.850098   15033273
2023-03-03 13:50:00-05:00  4033.840088  4034.149902  4032.639893  4033.550049  4033.550049   14998844
2023-03-03 13:55:00-05:00  4033.540039  4033.709961  4032.149902  4032.669922  4032.669922   14269969
2023-03-03 14:00:00-05:00  4032.649902  4033.040039  4030.280029  4031.689941  4031.689941   14841885
2023-03-03 14:05:00-05:00  4031.709961  4035.129883  4031.320068  4034.860107  4034.860107   15671448
2023-03-03 14:10:00-05:00  4034.899902  4038.989990  4034.780029  4038.879883  4038.879883   19610959
2023-03-03 14:15:00-05:00  4038.840088  4039.090088  4037.129883  4037.250000  4037.250000   17307601
2023-03-03 14:20:00-05:00  4037.229980  4039.280029  4037.199951  4038.959961  4038.959961   16603822
2023-03-03 14:25:00-05:00  4038.939941  4041.389893  4038.750000  4041.330078  4041.330078   19559653
2023-03-03 14:30:00-05:00  4041.239990  4042.370117  4040.370117  4041.669922  4041.669922   18085709
2023-03-03 14:35:00-05:00  4041.610107  4041.610107  4039.629883  4039.729980  4039.729980   16749710
2023-03-03 14:40:00-05:00  4039.719971  4041.469971  4039.149902  4040.969971  4040.969971   17605334
2023-03-03 14:45:00-05:00  4040.969971  4042.250000  4039.959961  4041.719971  4041.719971   15980999
2023-03-03 14:50:00-05:00  4041.709961  4042.760010  4040.570068  4040.780029  4040.780029   17280730
2023-03-03 14:55:00-05:00  4040.689941  4042.379883  4040.100098  4042.379883  4042.379883   18097087
2023-03-03 15:00:00-05:00  4042.399902  4044.330078  4041.429932  4044.330078  4044.330078   19457869
2023-03-03 15:05:00-05:00  4044.360107  4048.290039  4044.300049  4048.070068  4048.070068   25477472
2023-03-03 15:10:00-05:00  4047.979980  4047.979980  4044.129883  4044.899902  4044.899902   21880943
2023-03-03 15:15:00-05:00  4044.919922  4045.179932  4041.459961  4042.020020  4042.020020   23785774
2023-03-03 15:20:00-05:00  4042.040039  4044.290039  4042.030029  4043.360107  4043.360107   22792221
2023-03-03 15:25:00-05:00  4043.350098  4044.389893  4040.949951  4044.040039  4044.040039   23726637
2023-03-03 15:30:00-05:00  4044.080078  4044.580078  4042.629883  4043.129883  4043.129883   27585223
2023-03-03 15:35:00-05:00  4043.149902  4043.489990  4041.750000  4043.189941  4043.189941   30666501
2023-03-03 15:40:00-05:00  4043.169922  4043.199951  4040.709961  4042.590088  4042.590088   34147286
2023-03-03 15:45:00-05:00  4042.570068  4042.889893  4039.070068  4041.449951  4041.449951   45703043
2023-03-03 15:50:00-05:00  4041.469971  4043.550049  4039.310059  4043.110107  4043.110107   70052470
2023-03-03 15:55:00-05:00  4043.189941  4046.360107  4042.790039  4045.320068  4045.320068  118967057
2023-03-06 09:30:00-05:00  4055.149902  4061.000000  4051.820068  4058.469971  4058.469971   88214277
2023-03-06 09:35:00-05:00  4058.550049  4060.090088  4055.679932  4058.239990  4058.239990   37027032
2023-03-06 09:40:00-05:00  4058.250000  4061.679932  4057.659912  4060.669922  4060.669922   35456223
2023-03-06 09:45:00-05:00  4060.540039  4062.290039  4055.010010  4056.060059  4056.060059   32402289
2023-03-06 09:50:00-05:00  4056.080078  4061.280029  4055.649902  4059.669922  4059.669922   28836206
2023-03-06 09:55:00-05:00  4059.750000  4062.449951  4058.090088  4062.449951  4062.449951   27053810
2023-03-06 10:00:00-05:00  4062.530029  4062.530029  4057.179932  4061.520020  4061.520020   31118175
2023-03-06 10:05:00-05:00  4061.550049  4069.600098  4060.229980  4066.669922  4066.669922   31987780
2023-03-06 10:10:00-05:00  4066.750000  4068.479980  4065.989990  4068.459961  4068.459961   24530340
2023-03-06 10:15:00-05:00  4068.620117  4074.120117  4068.070068  4072.080078  4072.080078   28017154
2023-03-06 10:20:00-05:00  4072.110107  4072.860107  4068.739990  4071.639893  4071.639893   24903785
2023-03-06 10:25:00-05:00  4071.750000  4072.699951  4070.310059  4070.850098  4070.850098   24052956
2023-03-06 10:30:00-05:00  4070.919922  4073.780029  4070.919922  4071.750000  4071.750000   25632768
2023-03-06 10:35:00-05:00  4071.780029  4072.429932  4069.969971  4071.600098  4071.600098   23901395
2023-03-06 10:40:00-05:00  4071.590088  4077.139893  4071.330078  4076.919922  4076.919922   28447060
2023-03-06 10:45:00-05:00  4076.929932  4077.370117  4073.080078  4073.800049  4073.800049   25218408
2023-03-06 10:50:00-05:00  4073.820068  4073.939941  4071.889893  4073.000000  4073.000000   24318116
2023-03-06 10:55:00-05:00  4073.030029  4073.689941  4070.520020  4070.560059  4070.560059   24686262
2023-03-06 11:00:00-05:00  4070.479980  4073.409912  4070.360107  4072.709961  4072.709961   20975521
2023-03-06 11:05:00-05:00  4072.739990  4075.830078  4072.739990  4074.389893  4074.389893   20563753
2023-03-06 11:10:00-05:00  4074.370117  4075.850098  4073.370117  4075.750000  4075.750000   17674837
2023-03-06 11:15:00-05:00  4075.479980  4078.489990  4074.919922  4077.280029  4077.280029   21151598
2023-03-06 11:20:00-05:00  4077.260010  4077.300049  4071.129883  4071.929932  4071.929932   20598648
2023-03-06 11:25:00-05:00  4071.939941  4072.729980  4068.250000  4068.989990  4068.989990   21094779
2023-03-06 11:30:00-05:00  4069.020020  4069.879883  4068.379883  4069.510010  4069.510010   19374183
2023-03-06 11:35:00-05:00  4069.540039  4071.399902  4069.419922  4071.060059  4071.060059   18484740
2023-03-06 11:40:00-05:00  4071.100098  4071.110107  4069.139893  4069.449951  4069.449951   16644977
2023-03-06 11:45:00-05:00  4069.449951  4070.050049  4066.840088  4068.120117  4068.120117   17728769
2023-03-06 11:50:00-05:00  4068.129883  4071.969971  4066.979980  4071.770020  4071.770020   17903620
2023-03-06 11:55:00-05:00  4071.850098  4072.959961  4070.219971  4072.050049  4072.050049   16065737
2023-03-06 12:00:00-05:00  4072.020020  4073.610107  4071.060059  4072.780029  4072.780029   15698022
2023-03-06 12:05:00-05:00  4072.739990  4073.449951  4071.590088  4073.439941  4073.439941   15293273
2023-03-06 12:10:00-05:00  4073.439941  4075.489990  4073.439941  4075.429932  4075.429932   17991849
2023-03-06 12:15:00-05:00  4075.540039  4077.840088  4074.629883  4077.530029  4077.530029   16650376
2023-03-06 12:20:00-05:00  4077.520020  4077.540039  4073.560059  4073.600098  4073.600098   15951825
2023-03-06 12:25:00-05:00  4073.560059  4073.639893  4071.159912  4072.270020  4072.270020   14440478
2023-03-06 12:30:00-05:00  4072.300049  4072.300049  4069.620117  4069.629883  4069.629883   15630503
2023-03-06 12:35:00-05:00  4069.570068  4070.370117  4067.790039  4068.100098  4068.100098   15090803
2023-03-06 12:40:00-05:00  4068.060059  4069.209961  4066.879883  4066.979980  4066.979980   16130222
2023-03-06 12:45:00-05:00  4066.919922  4067.070068  4061.379883  4061.669922  4061.669922   20229742
2023-03-06 12:50:00-05:00  4061.669922  4062.520020  4060.360107  4061.949951  4061.949951   18642852
2023-03-06 12:55:00-05:00  4062.030029  4063.370117  4060.580078  4062.790039  4062.790039   15863245
2023-03-06 13:00:00-05:00  4062.739990  4062.979980  4061.129883  4061.439941  4061.439941   15190525
2023-03-06 13:05:00-05:00  4061.469971  4062.840088  4057.550049  4059.229980  4059.229980   16542811
2023-03-06 13:10:00-05:00  4059.169922  4059.879883  4058.370117  4059.879883  4059.879883   13899546
2023-03-06 13:15:00-05:00  4059.870117  4061.179932  4058.360107  4061.159912  4061.159912   14158672
2023-03-06 13:20:00-05:00  4061.159912  4062.439941  4059.959961  4060.729980  4060.729980   16023160
2023-03-06 13:25:00-05:00  4060.800049  4061.790039  4058.239990  4060.199951  4060.199951   19192606
2023-03-06 13:30:00-05:00  4060.189941  4060.560059  4059.020020  4059.030029  4059.030029   14464567
2023-03-06 13:35:00-05:00  4059.090088  4059.560059  4054.340088  4055.010010  4055.010010   19035083
2023-03-06 13:40:00-05:00  4055.030029  4057.510010  4054.370117  4056.979980  4056.979980   15207653
2023-03-06 13:45:00-05:00  4056.860107  4056.860107  4053.570068  4054.120117  4054.120117   15844466
2023-03-06 13:50:00-05:00  4054.139893  4054.790039  4052.620117  4053.639893  4053.639893   13730435
2023-03-06 13:55:00-05:00  4053.649902  4054.340088  4050.580078  4052.570068  4052.570068   18041723
2023-03-06 14:00:00-05:00  4052.570068  4053.649902  4051.600098  4053.649902  4053.649902   16142506
2023-03-06 14:05:00-05:00  4053.649902  4055.219971  4052.979980  4054.750000  4054.750000   15879457
2023-03-06 14:10:00-05:00  4054.780029  4057.110107  4053.790039  4056.580078  4056.580078   17357269
2023-03-06 14:15:00-05:00  4056.580078  4056.580078  4052.100098  4052.770020  4052.770020   18098375
2023-03-06 14:20:00-05:00  4052.770020  4053.949951  4051.860107  4053.110107  4053.110107   15340152
2023-03-06 14:25:00-05:00  4053.090088  4053.550049  4050.750000  4053.550049  4053.550049   16923592
2023-03-06 14:30:00-05:00  4053.550049  4055.770020  4052.939941  4053.010010  4053.010010   18364902
2023-03-06 14:35:00-05:00  4052.989990  4053.750000  4051.939941  4053.550049  4053.550049   16118379
2023-03-06 14:40:00-05:00  4053.530029  4055.860107  4052.870117  4055.860107  4055.860107   16348904
2023-03-06 14:45:00-05:00  4055.860107  4055.860107  4051.199951  4051.689941  4051.689941   18289741
2023-03-06 14:50:00-05:00  4051.649902  4052.350098  4050.389893  4052.320068  4052.320068   19970072
2023-03-06 14:55:00-05:00  4052.290039  4053.709961  4049.929932  4051.239990  4051.239990   17843238
2023-03-06 15:00:00-05:00  4051.280029  4052.229980  4049.300049  4049.350098  4049.350098   20042989
2023-03-06 15:05:00-05:00  4049.290039  4052.830078  4048.500000  4052.820068  4052.820068   20853502
2023-03-06 15:10:00-05:00  4052.870117  4054.020020  4048.360107  4049.030029  4049.030029   24651553
2023-03-06 15:15:00-05:00  4049.260010  4049.669922  4046.679932  4048.919922  4048.919922   23003861
2023-03-06 15:20:00-05:00  4048.870117  4049.379883  4045.840088  4046.290039  4046.290039   25306347
2023-03-06 15:25:00-05:00  4046.260010  4047.100098  4045.189941  4045.199951  4045.199951   23253877
2023-03-06 15:30:00-05:00  4045.159912  4048.469971  4044.610107  4046.409912  4046.409912   28111951
2023-03-06 15:35:00-05:00  4046.580078  4048.739990  4045.750000  4048.469971  4048.469971   31211770
2023-03-06 15:40:00-05:00  4048.489990  4050.520020  4047.199951  4050.300049  4050.300049   30412231
2023-03-06 15:45:00-05:00  4050.300049  4051.469971  4048.870117  4051.080078  4051.080078   37972574
2023-03-06 15:50:00-05:00  4051.080078  4052.010010  4048.350098  4048.750000  4048.750000   59912992
2023-03-06 15:55:00-05:00  4048.909912  4050.770020  4047.489990  4048.459961  4048.459961   65862651
2023-03-07 09:30:00-05:00  4048.260010  4048.929932  4044.120117  4046.949951  4046.949951   39909560
2023-03-07 09:35:00-05:00  4046.979980  4049.379883  4045.570068  4047.159912  4047.159912   33689508
2023-03-07 09:40:00-05:00  4046.969971  4048.500000  4044.620117  4045.350098  4045.350098   31322827
2023-03-07 09:45:00-05:00  4045.270020  4050.000000  4044.719971  4048.149902  4048.149902   27704173
2023-03-07 09:50:00-05:00  4048.270020  4049.949951  4047.830078  4048.719971  4048.719971   25765807
2023-03-07 09:55:00-05:00  4048.760010  4049.110107  4046.689941  4046.929932  4046.929932   22137705
2023-03-07 10:00:00-05:00  4047.000000  4047.000000  4021.449951  4021.449951  4021.449951   46055576
2023-03-07 10:05:00-05:00  4021.080078  4023.149902  4012.409912  4014.149902  4014.149902   38912743
2023-03-07 10:10:00-05:00  4014.159912  4017.939941  4009.530029  4015.949951  4015.949951   32731622
2023-03-07 10:15:00-05:00  4015.830078  4018.010010  4011.800049  4013.110107  4013.110107   31220581
2023-03-07 10:20:00-05:00  4013.310059  4027.479980  4013.030029  4022.850098  4022.850098   30894358
2023-03-07 10:25:00-05:00  4022.780029  4024.219971  4018.649902  4020.989990  4020.989990   25426910
2023-03-07 10:30:00-05:00  4020.850098  4033.169922  4019.260010  4030.629883  4030.629883   31336460
2023-03-07 10:35:00-05:00  4030.590088  4036.090088  4030.310059  4030.399902  4030.399902   23939534