                                  Open         High          Low        Close    Adj Close      Volume
Datetime                                                                                              
2023-01-09 10:50:00-05:00  3945.639893  3946.050049  3943.800049  3944.879883  3944.879883           0
2023-01-09 10:55:00-05:00  3944.870117  3945.419922  3939.959961  3939.969971  3939.969971    26105545
2023-01-09 11:00:00-05:00  3939.959961  3944.479980  3939.959961  3944.469971  3944.469971    23470109
2023-01-09 11:05:00-05:00  3944.500000  3946.860107  3943.919922  3945.780029  3945.780029    21815427
2023-01-09 11:10:00-05:00  3945.739990  3949.110107  3945.300049  3948.969971  3948.969971    23977897
2023-01-09 11:15:00-05:00  3948.979980  3950.449951  3947.239990  3947.409912  3947.409912    23820355
2023-01-09 11:20:00-05:00  3947.389893  3949.909912  3946.879883  3949.370117  3949.370117    22741897
2023-01-09 11:25:00-05:00  3949.330078  3950.570068  3949.050049  3949.310059  3949.310059    23010885
2023-01-09 11:30:00-05:00  3949.350098  3950.080078  3944.540039  3944.540039  3944.540039    30489568
2023-01-09 11:35:00-05:00  3944.550049  3946.649902  3942.820068  3943.050049  3943.050049    21485574
2023-01-09 11:40:00-05:00  3943.020020  3945.159912  3942.409912  3944.909912  3944.909912    18373192
2023-01-09 11:45:00-05:00  3944.889893  3946.320068  3944.000000  3945.530029  3945.530029    23526240
2023-01-09 11:50:00-05:00  3945.590088  3949.479980  3945.229980  3949.260010  3949.260010    20666020
2023-01-09 11:55:00-05:00  3949.270020  3949.270020  3945.959961  3947.330078  3947.330078    18595547
2023-01-09 12:00:00-05:00  3947.290039  3947.290039  3943.500000  3944.590088  3944.590088    19119404
2023-01-09 12:05:00-05:00  3944.560059  3944.790039  3941.389893  3942.939941  3942.939941    16490914
2023-01-09 12:10:00-05:00  3942.919922  3944.610107  3942.340088  3942.399902  3942.399902    18708340
2023-01-09 12:15:00-05:00  3942.409912  3942.750000  3938.459961  3939.209961  3939.209961    19162547
2023-01-09 12:20:00-05:00  3939.250000  3940.850098  3939.090088  3940.840088  3940.840088    16803557
2023-01-09 12:25:00-05:00  3940.860107  3942.959961  3939.770020  3942.659912  3942.659912    17697349
2023-01-09 12:30:00-05:00  3942.659912  3943.040039  3939.360107  3939.360107  3939.360107    15665422
2023-01-09 12:35:00-05:00  3939.389893  3939.479980  3934.409912  3934.510010  3934.510010    17930787
2023-01-09 12:40:00-05:00  3934.560059  3934.689941  3932.689941  3932.719971  3932.719971    17142868
2023-01-09 12:45:00-05:00  3932.689941  3936.969971  3932.610107  3935.100098  3935.100098    18824632
2023-01-09 12:50:00-05:00  3935.149902  3937.340088  3934.810059  3936.479980  3936.479980    16606685
2023-01-09 12:55:00-05:00  3936.489990  3937.590088  3935.409912  3937.010010  3937.010010    17479881
2023-01-09 13:00:00-05:00  3936.959961  3937.840088  3933.510010  3933.510010  3933.510010    17723487
2023-01-09 13:05:00-05:00  3933.469971  3934.040039  3930.610107  3930.820068  3930.820068    17669398
2023-01-09 13:10:00-05:00  3930.870117  3933.270020  3929.370117  3933.060059  3933.060059    18813375
2023-01-09 13:15:00-05:00  3933.030029  3934.370117  3931.969971  3933.669922  3933.669922    16182939
2023-01-09 13:20:00-05:00  3933.659912  3936.639893  3933.110107  3935.709961  3935.709961    17999941
2023-01-09 13:25:00-05:00  3935.729980  3935.729980  3931.669922  3933.790039  3933.790039    17743395
2023-01-09 13:30:00-05:00  3933.790039  3933.800049  3929.330078  3929.379883  3929.379883    17573942
2023-01-09 13:35:00-05:00  3929.340088  3929.340088  3922.280029  3925.010010  3925.010010    22199130
2023-01-09 13:40:00-05:00  3925.010010  3925.010010  3916.760010  3917.199951  3917.199951    21641700
2023-01-09 13:45:00-05:00  3917.219971  3917.219971  3913.000000  3916.860107  3916.860107    22486156
2023-01-09 13:50:00-05:00  3916.919922  3918.530029  3914.620117  3917.669922  3917.669922    17737600
2023-01-09 13:55:00-05:00  3917.669922  3918.800049  3915.040039  3918.399902  3918.399902    18147435
2023-01-09 14:00:00-05:00  3918.370117  3924.330078  3918.239990  3922.030029  3922.030029    17199025
2023-01-09 14:05:00-05:00  3922.060059  3922.060059  3913.479980  3919.179932  3919.179932    21834531
2023-01-09 14:10:00-05:00  3919.199951  3921.120117  3917.120117  3918.439941  3918.439941    18909654
2023-01-09 14:15:00-05:00  3918.379883  3918.820068  3916.199951  3918.729980  3918.729980    15087936
2023-01-09 14:20:00-05:00  3918.790039  3921.800049  3918.439941  3921.020020  3921.020020    17280654
2023-01-09 14:25:00-05:00  3921.030029  3921.739990  3916.780029  3919.669922  3919.669922    18134154
2023-01-09 14:30:00-05:00  3919.659912  3920.669922  3915.969971  3916.840088  3916.840088    16653371
2023-01-09 14:35:00-05:00  3916.850098  3916.850098  3912.520020  3913.360107  3913.360107    17415304
2023-01-09 14:40:00-05:00  3913.350098  3914.959961  3911.929932  3914.560059  3914.560059    16933824
2023-01-09 14:45:00-05:00  3914.530029  3915.899902  3911.560059  3912.899902  3912.899902    16650373
2023-01-09 14:50:00-05:00  3912.889893  3913.199951  3910.629883  3911.860107  3911.860107    16269407
2023-01-09 14:55:00-05:00  3911.729980  3911.729980  3902.080078  3903.000000  3903.000000    21637933
2023-01-09 15:00:00-05:00  3902.840088  3905.439941  3902.090088  3903.439941  3903.439941    21796957
2023-01-09 15:05:00-05:00  3903.570068  3905.469971  3901.219971  3904.010010  3904.010010    23089817
2023-01-09 15:10:00-05:00  3904.010010  3904.699951  3897.090088  3897.090088  3897.090088    23392992
2023-01-09 15:15:00-05:00  3897.080078  3901.040039  3896.189941  3900.189941  3900.189941    26778259
2023-01-09 15:20:00-05:00  3900.199951  3904.010010  3899.919922  3901.550049  3901.550049           0
2023-01-09 15:25:00-05:00  3900.090088  3900.620117  3897.010010  3897.320068  3897.320068  1720079161
2023-01-09 15:30:00-05:00  3897.409912  3898.449951  3892.330078  3897.040039  3897.040039    33521848
2023-01-09 15:35:00-05:00  3897.040039  3897.260010  3893.659912  3894.169922  3894.169922    27055641
2023-01-09 15:40:00-05:00  3893.989990  3898.679932  3892.620117  3898.649902  3898.649902    33939851
2023-01-09 15:45:00-05:00  3898.689941  3898.909912  3890.570068  3893.639893  3893.639893    47458898
2023-01-09 15:50:00-05:00  3893.669922  3897.719971  3893.669922  3895.449951  3895.449951    74567070
2023-01-09 15:55:00-05:00  3895.219971  3895.219971  3890.419922  3892.149902  3892.149902   128918320
2023-01-10 09:30:00-05:00  3888.570068  3904.169922  3886.870117  3903.570068  3903.570068    67371228
2023-01-10 09:35:00-05:00  3903.550049  3905.699951  3898.419922  3899.780029  3899.780029    36360226
2023-01-10 09:40:00-05:00  3899.820068  3901.129883  3894.629883  3897.919922  3897.919922    37237850
2023-01-10 09:45:00-05:00  3897.929932  3900.780029  3886.479980  3892.530029  3892.530029    39529014
2023-01-10 09:50:00-05:00  3892.479980  3900.360107  3885.000000  3900.169922  3900.169922    35378113
2023-01-10 09:55:00-05:00  3900.040039  3903.590088  3895.590088  3898.189941  3898.189941    31426632
2023-01-10 10:00:00-05:00  3898.300049  3899.379883  3893.229980  3896.239990  3896.239990    28227095
2023-01-10 10:05:00-05:00  3896.429932  3900.800049  3896.000000  3898.060059  3898.060059    26790122
2023-01-10 10:10:00-05:00  3898.479980  3910.649902  3897.540039  3908.020020  3908.020020    30595479
2023-01-10 10:15:00-05:00  3908.310059  3913.580078  3905.149902  3905.149902  3905.149902    29677484
2023-01-10 10:20:00-05:00  3905.149902  3906.189941  3899.090088  3901.070068  3901.070068    26218415
2023-01-10 10:25:00-05:00  3900.879883  3905.239990  3894.610107  3896.280029  3896.280029    25510109
2023-01-10 10:30:00-05:00  3896.280029  3896.409912  3882.719971  3883.989990  3883.989990    33359015
2023-01-10 10:35:00-05:00  3883.830078  3888.000000  3882.659912  3887.040039  3887.040039    24636170
2023-01-10 10:40:00-05:00  3887.000000  3888.659912  3878.350098  3878.969971  3878.969971    26022820
2023-01-10 10:45:00-05:00  3878.860107  3884.879883  3877.290039  3883.239990  3883.239990    26765599
2023-01-10 10:50:00-05:00  3883.209961  3893.169922  3883.030029  3892.449951  3892.449951    24350178
2023-01-10 10:55:00-05:00  3892.429932  3898.729980  3891.439941  3897.419922  3897.419922    24063046
2023-01-10 11:00:00-05:00  3897.399902  3899.699951  3895.770020  3899.699951  3899.699951    20145536
2023-01-10 11:05:00-05:00  3899.830078  3899.899902  3896.820068  3896.939941  3896.939941    18689808
2023-01-10 11:10:00-05:00  3896.840088  3901.379883  3896.000000  3898.459961  3898.459961    20668837
2023-01-10 11:15:00-05:00  3898.320068  3900.709961  3895.570068  3896.669922  3896.669922    20252555
2023-01-10 11:20:00-05:00  3896.699951  3900.649902  3896.179932  3900.040039  3900.040039    19722268
2023-01-10 11:25:00-05:00  3899.989990  3900.030029  3892.800049  3893.949951  3893.949951    22775059
2023-01-10 11:30:00-05:00  3893.969971  3895.709961  3889.590088  3891.290039  3891.290039    19579039
2023-01-10 11:35:00-05:00  3891.280029  3894.189941  3890.290039  3890.360107  3890.360107    17550479
2023-01-10 11:40:00-05:00  3890.360107  3892.870117  3890.360107  3892.020020  3892.020020    14678195
2023-01-10 11:45:00-05:00  3891.860107  3892.979980  3887.860107  3892.979980  3892.979980    19045944
2023-01-10 11:50:00-05:00  3893.010010  3894.820068  3891.560059  3893.270020  3893.270020    14290263
2023-01-10 11:55:00-05:00  3893.280029  3897.040039  3893.270020  3894.860107  3894.860107    17252935
2023-01-10 12:00:00-05:00  3894.850098  3894.850098  3886.560059  3889.360107  3889.360107    20269192
2023-01-10 12:05:00-05:00  3889.340088  3895.149902  3889.340088  3895.000000  3895.000000    14863458
2023-01-10 12:10:00-05:00  3895.050049  3899.750000  3893.969971  3898.370117  3898.370117    15429252
2023-01-10 12:15:00-05:00  3898.379883  3898.729980  3893.239990  3893.500000  3893.500000    15720160
2023-01-10 12:20:00-05:00  3893.479980  3894.550049  3891.219971  3894.550049  3894.550049    15167660
2023-01-10 12:25:00-05:00  3895.080078  3895.719971  3893.310059  3893.870117  3893.870117    12895821
2023-01-10 12:30:00-05:00  3893.979980  3897.050049  3893.669922  3896.699951  3896.699951    14584103
2023-01-10 12:35:00-05:00  3896.669922  3904.790039  3896.090088  3904.790039  3904.790039    17770011
2023-01-10 12:40:00-05:00  3904.729980  3904.810059  3901.600098  3901.600098  3901.600098    14437679
2023-01-10 12:45:00-05:00  3901.379883  3901.860107  3899.929932  3901.139893  3901.139893    13462778
2023-01-10 12:50:00-05:00  3901.129883  3903.010010  3899.929932  3900.739990  3900.739990    13866198
2023-01-10 12:55:00-05:00  3900.699951  3902.250000  3900.649902  3901.590088  3901.590088    12127948
2023-01-10 13:00:00-05:00  3901.600098  3904.500000  3900.600098  3904.040039  3904.040039    17651929
2023-01-10 13:05:00-05:00  3903.909912  3906.969971  3903.179932  3906.830078  3906.830078    13937708
2023-01-10 13:10:00-05:00  3906.790039  3907.060059  3903.959961  3904.010010  3904.010010    14128212
2023-01-10 13:15:00-05:00  3903.969971  3904.310059  3900.080078  3901.209961  3901.209961    14999916
2023-01-10 13:20:00-05:00  3901.189941  3903.590088  3899.469971  3903.590088  3903.590088    12519892
2023-01-10 13:25:00-05:00  3903.500000  3904.500000  3902.810059  3903.139893  3903.139893    12604617
2023-01-10 13:30:00-05:00  3903.110107  3906.129883  3902.070068  3905.909912  3905.909912    15131935
2023-01-10 13:35:00-05:00  3905.919922  3908.659912  3905.909912  3907.620117  3907.620117    16424125
2023-01-10 13:40:00-05:00  3907.649902  3909.250000  3905.449951  3905.530029  3905.530029    16349822
2023-01-10 13:45:00-05:00  3905.560059  3907.080078  3904.469971  3907.080078  3907.080078    15368912
2023-01-10 13:50:00-05:00  3907.120117  3907.379883  3905.360107  3905.590088  3905.590088    13687980
2023-01-10 13:55:00-05:00  3905.639893  3909.489990  3903.360107  3909.010010  3909.010010    17667648
2023-01-10 14:00:00-05:00  3909.030029  3912.570068  3909.030029  3910.669922  3910.669922    18774842
2023-01-10 14:05:00-05:00  3910.679932  3911.830078  3908.120117  3911.209961  3911.209961    16496563
2023-01-10 14:10:00-05:00  3911.270020  3913.979980  3910.580078  3912.310059  3912.310059    19815968
2023-01-10 14:15:00-05:00  3912.260010  3913.949951  3912.120117  3913.629883  3913.629883    17591159
2023-01-10 14:20:00-05:00  3913.639893  3914.820068  3911.110107  3911.729980  3911.729980    16531960
2023-01-10 14:25:00-05:00  3911.719971  3913.060059  3909.830078  3912.870117  3912.870117    17908648
2023-01-10 14:30:00-05:00  3912.870117  3915.649902  3911.830078  3913.879883  3913.879883    18211120
2023-01-10 14:35:00-05:00  3913.899902  3914.610107  3910.870117  3910.929932  3910.929932    17184650
2023-01-10 14:40:00-05:00  3910.909912  3911.050049  3909.199951  3909.389893  3909.389893    15493838
2023-01-10 14:45:00-05:00  3909.250000  3909.850098  3906.770020  3909.360107  3909.360107    16680258
2023-01-10 14:50:00-05:00  3909.409912  3909.830078  3907.350098  3908.699951  3908.699951    16171127
2023-01-10 14:55:00-05:00  3908.729980  3909.870117  3907.570068  3908.620117  3908.620117    16385179
2023-01-10 15:00:00-05:00  3908.629883  3909.270020  3904.530029  3906.379883  3906.379883    21315962
2023-01-10 15:05:00-05:00  3906.379883  3906.669922  3901.889893  3906.229980  3906.229980    22934859
2023-01-10 15:10:00-05:00  3906.270020  3908.270020  3903.649902  3908.270020  3908.270020    21022962
2023-01-10 15:15:00-05:00  3908.280029  3911.199951  3908.110107  3910.810059  3910.810059    22974482
2023-01-10 15:20:00-05:00  3910.800049  3910.979980  3907.989990  3908.949951  3908.949951    21278842
2023-01-10 15:25:00-05:00  3908.959961  3910.610107  3908.620117  3908.919922  3908.919922    21690471
2023-01-10 15:30:00-05:00  3908.959961  3910.469971  3907.110107  3910.449951  3910.449951    29036569
2023-01-10 15:35:00-05:00  3910.459961  3911.330078  3909.239990  3910.310059  3910.310059    26100546
2023-01-10 15:40:00-05:00  3910.310059  3910.550049  3908.139893  3909.479980  3909.479980    32203874
2023-01-10 15:45:00-05:00  3909.530029  3912.419922  3908.969971  3911.379883  3911.379883    39062134
2023-01-10 15:50:00-05:00  3911.449951  3915.800049  3911.449951  3915.120117  3915.120117    69116615
2023-01-10 15:55:00-05:00  3915.129883  3919.830078  3915.129883  3919.409912  3919.409912   117109376
2023-01-11 09:30:00-05:00  3932.350098  3939.100098  3932.350098  3935.669922  3935.669922           0
2023-01-11 09:35:00-05:00  3935.639893  3941.629883  3935.639893  3939.629883  3939.629883    39377731
2023-01-11 09:40:00-05:00  3939.590088  3945.239990  3938.770020  3943.979980  3943.979980    34283806
2023-01-11 09:45:00-05:00  3944.020020  3945.070068  3941.149902  3941.179932  3941.179932    34582623
2023-01-11 09:50:00-05:00  3941.290039  3942.280029  3935.300049  3936.959961  3936.959961    32626017
2023-01-11 09:55:00-05:00  3937.040039  3939.080078  3934.399902  3937.439941  3937.439941    33095995
2023-01-11 10:00:00-05:00  3937.310059  3938.540039  3934.909912  3936.939941  3936.939941    33310713
2023-01-11 10:05:00-05:00  3936.949951  3942.030029  3936.949951  3941.590088  3941.590088    30630247
2023-01-11 10:10:00-05:00  3941.570068  3942.760010  3938.199951  3939.110107  3939.110107    28024756
2023-01-11 10:15:00-05:00  3939.159912  3940.149902  3936.169922  3938.729980  3938.729980    31080890
2023-01-11 10:20:00-05:00  3938.729980  3942.229980  3937.229980  3940.729980  3940.729980    46643365
2023-01-11 10:25:00-05:00  3940.790039  3944.669922  3939.909912  3944.389893  3944.389893    28365684
2023-01-11 10:30:00-05:00  3944.489990  3944.489990  3936.439941  3936.860107  3936.860107    30554053
2023-01-11 10:35:00-05:00  3936.979980  3937.729980  3932.590088  3935.409912  3935.409912    29128019
2023-01-11 10:40:00-05:00  3935.429932  3937.389893  3934.600098  3936.479980  3936.479980    23246145
2023-01-11 10:45:00-05:00  3936.540039  3939.459961  3936.459961  3938.510010  3938.510010    22925060
2023-01-11 10:50:00-05:00  3938.459961  3938.600098  3931.129883  3932.500000  3932.500000    27017211
2023-01-11 10:55:00-05:00  3932.699951  3932.899902  3928.540039  3929.689941  3929.689941    25461668
2023-01-11 11:00:00-05:00  3929.649902  3932.899902  3929.370117  3932.310059  3932.310059    22266502
2023-01-11 11:05:00-05:00  3932.399902  3934.370117  3931.620117  3933.070068  3933.070068    21539415
2023-01-11 11:10:00-05:00  3933.100098  3937.810059  3932.469971  3937.810059  3937.810059    22516466
2023-01-11 11:15:00-05:00  3937.820068  3940.770020  3937.820068  3938.899902  3938.899902    22956415
2023-01-11 11:20:00-05:00  3938.879883  3940.620117  3938.040039  3939.169922  3939.169922    22306431
2023-01-11 11:25:00-05:00  3939.060059  3940.020020  3938.889893  3939.729980  3939.729980    19783921
2023-01-11 11:30:00-05:00  3939.810059  3941.590088  3939.449951  3940.199951  3940.199951    21330388
2023-01-11 11:35:00-05:00  3940.219971  3940.219971  3937.239990  3938.760010  3938.760010    19621684
2023-01-11 11:40:00-05:00  3938.760010  3941.330078  3938.699951  3941.260010  3941.260010    21871898
2023-01-11 11:45:00-05:00  3941.260010  3942.629883  3941.060059  3942.500000  3942.500000    20148182
2023-01-11 11:50:00-05:00  3942.550049  3943.469971  3940.820068  3943.260010  3943.260010    18941265
2023-01-11 11:55:00-05:00  3943.290039  3943.889893  3941.080078  3941.429932  3941.429932    17866250
2023-01-11 12:00:00-05:00  3941.439941  3944.090088  3941.439941  3943.189941  3943.189941    20136595
2023-01-11 12:05:00-05:00  3943.169922  3944.320068  3942.810059  3943.840088  3943.840088    17090682
2023-01-11 12:10:00-05:00  3943.830078  3947.600098  3943.699951  3947.310059  3947.310059    20112110
2023-01-11 12:15:00-05:00  3947.260010  3948.770020  3946.120117  3947.159912  3947.159912    18782173
2023-01-11 12:20:00-05:00  3947.139893  3949.889893  3946.199951  3948.260010  3948.260010    17813900
2023-01-11 12:25:00-05:00  3948.270020  3948.909912  3946.860107  3948.350098  3948.350098    17364863
2023-01-11 12:30:00-05:00  3948.379883  3949.080078  3944.860107  3944.959961  3944.959961    17971992
2023-01-11 12:35:00-05:00  3944.949951  3945.350098  3943.679932  3944.949951  3944.949951    17247685
2023-01-11 12:40:00-05:00  3944.939941  3946.080078  3944.639893  3944.699951  3944.699951    15011971
2023-01-11 12:45:00-05:00  3944.709961  3946.419922  3944.600098  3946.340088  3946.340088    15959594
2023-01-11 12:50:00-05:00  3946.320068  3947.810059  3945.899902  3946.320068  3946.320068    14805301
2023-01-11 12:55:00-05:00  3946.300049  3946.590088  3944.399902  3945.659912  3945.659912    14891815
2023-01-11 13:00:00-05:00  3945.649902  3950.540039  3945.550049  3950.189941  3950.189941    16768647
2023-01-11 13:05:00-05:00  3950.239990  3951.060059  3948.629883  3951.040039  3951.040039    16059283
2023-01-11 13:10:00-05:00  3951.050049  3955.189941  3950.939941  3954.350098  3954.350098    18985708
2023-01-11 13:15:00-05:00  3954.300049  3954.300049  3944.189941  3947.479980  3947.479980    25558559
2023-01-11 13:20:00-05:00  3947.449951  3949.149902  3946.149902  3949.149902  3949.149902    14599442
2023-01-11 13:25:00-05:00  3949.139893  3952.629883  3948.399902  3952.080078  3952.080078    15986257
2023-01-11 13:30:00-05:00  3952.070068  3953.729980  3951.540039  3952.860107  3952.860107    16141323
2023-01-11 13:35:00-05:00  3952.850098  3953.290039  3951.860107  3952.520020  3952.520020    15432941
2023-01-11 13:40:00-05:00  3952.489990  3954.590088  3952.489990  3953.429932  3953.429932    16615256
2023-01-11 13:45:00-05:00  3953.439941  3953.439941  3952.250000  3952.310059  3952.310059    17370565
2023-01-11 13:50:00-05:00  3952.320068  3952.459961  3948.129883  3948.129883  3948.129883    16522343
2023-01-11 13:55:00-05:00  3948.110107  3949.959961  3948.110107  3949.909912  3949.909912    13652784
2023-01-11 14:00:00-05:00  3949.929932  3951.110107  3948.760010  3948.830078  3948.830078    16498433
2023-01-11 14:05:00-05:00  3948.820068  3949.129883  3945.870117  3948.540039  3948.540039    16331243
2023-01-11 14:10:00-05:00  3948.560059  3949.969971  3948.550049  3948.620117  3948.620117    15829185
2023-01-11 14:15:00-05:00  3948.659912  3952.060059  3948.399902  3951.610107  3951.610107    15197708
2023-01-11 14:20:00-05:00  3951.629883  3952.649902  3951.040039  3952.260010  3952.260010    17033637
2023-01-11 14:25:00-05:00  3952.250000  3953.090088  3951.699951  3951.830078  3951.830078    15067091
2023-01-11 14:30:00-05:00  3951.780029  3955.280029  3951.600098  3954.600098  3954.600098    16870128
2023-01-11 14:35:00-05:00  3954.590088  3956.520020  3953.610107  3956.020020  3956.020020    16256582
2023-01-11 14:40:00-05:00  3956.040039  3958.969971  3955.120117  3958.689941  3958.689941    17834148
2023-01-11 14:45:00-05:00  3958.709961  3959.030029  3956.879883  3957.050049  3957.050049    19101367
2023-01-11 14:50:00-05:00  3957.050049  3957.050049  3955.610107  3955.969971  3955.969971    17196328
2023-01-11 14:55:00-05:00  3955.939941  3956.689941  3954.830078  3956.659912  3956.659912    18322189
2023-01-11 15:00:00-05:00  3956.639893  3958.959961  3956.320068  3958.570068  3958.570068    20830800
2023-01-11 15:05:00-05:00  3958.560059  3958.770020  3956.750000  3957.429932  3957.429932    20478592
2023-01-11 15:10:00-05:00  3957.459961  3961.379883  3957.330078  3959.729980  3959.729980    23621361
2023-01-11 15:15:00-05:00  3959.699951  3962.709961  3959.699951  3962.179932  3962.179932    25695147
2023-01-11 15:20:00-05:00  3962.239990  3962.699951  3960.620117  3960.929932  3960.929932    23490896
2023-01-11 15:25:00-05:00  3961.159912  3962.500000  3959.360107  3959.770020  3959.770020    25995097
2023-01-11 15:30:00-05:00  3959.750000  3959.780029  3956.919922  3957.050049  3957.050049    29719332
2023-01-11 15:35:00-05:00  3957.070068  3957.929932  3955.540039  3955.989990  3955.989990    30510487
2023-01-11 15:40:00-05:00  3956.020020  3959.360107  3954.520020  3959.080078  3959.080078    35118019
2023-01-11 15:45:00-05:00  3959.100098  3961.689941  3958.050049  3961.629883  3961.629883    46253613
2023-01-11 15:50:00-05:00  3961.620117  3964.729980  3960.050049  3964.610107  3964.610107    76858824
2023-01-11 15:55:00-05:00  3964.600098  3970.070068  3964.600098  3969.129883  3969.129883   140640170
2023-01-12 09:30:00-05:00  3977.570068  3981.959961  3964.219971  3964.629883  3964.629883           0
2023-01-12 09:35:00-05:00  3964.250000  3967.449951  3959.419922  3964.250000  3964.250000    42778933
2023-01-12 09:40:00-05:00  3964.100098  3965.270020  3947.120117  3947.120117  3947.120117    45104566
2023-01-12 09:45:00-05:00  3946.879883  3948.090088  3941.169922  3941.169922  3941.169922    41760055
2023-01-12 09:50:00-05:00  3941.040039  3945.959961  3937.560059  3940.429932  3940.429932    35163031
2023-01-12 09:55:00-05:00  3940.100098  3951.620117  3938.239990  3949.389893  3949.389893    36123841
2023-01-12 10:00:00-05:00  3950.659912  3960.780029  3950.449951  3960.310059  3960.310059    37879139
2023-01-12 10:05:00-05:00  3960.340088  3963.860107  3952.760010  3957.340088  3957.340088    33574979
2023-01-12 10:10:00-05:00  3957.530029  3980.000000  3957.530029  3975.909912  3975.909912    37798934
2023-01-12 10:15:00-05:00  3975.870117  3981.949951  3975.399902  3978.830078  3978.830078    32558612
2023-01-12 10:20:00-05:00  3978.870117  3981.000000  3972.939941  3976.830078  3976.830078    28794001
2023-01-12 10:25:00-05:00  3976.899902  3980.159912  3970.149902  3973.600098  3973.600098    27354828
2023-01-12 10:30:00-05:00  3973.239990  3974.810059  3966.280029  3974.149902  3974.149902    28878531
2023-01-12 10:35:00-05:00  3974.110107  3981.780029  3973.989990  3981.540039  3981.540039    24145459
2023-01-12 10:40:00-05:00  3981.620117  3982.449951  3964.320068  3966.250000  3966.250000    30206252
2023-01-12 10:45:00-05:00  3966.110107  3969.199951  3960.679932  3965.229980  3965.229980    27044465
2023-01-12 10:50:00-05:00  3965.340088  3973.129883  3963.000000  3972.179932  3972.179932    22438036
2023-01-12 10:55:00-05:00  3972.139893  3976.709961  3968.800049  3968.800049  3968.800049    27206899
2023-01-12 11:00:00-05:00  3968.750000  3968.750000  3958.149902  3962.939941  3962.939941    25148248
2023-01-12 11:05:00-05:00  3963.060059  3969.090088  3962.989990  3966.729980  3966.729980    22259709
2023-01-12 11:10:00-05:00  3966.790039  3973.149902  3965.540039  3973.149902  3973.149902    20581154
2023-01-12 11:15:00-05:00  3973.139893  3974.399902  3970.639893  3970.879883  3970.879883    21245871
2023-01-12 11:20:00-05:00  3971.129883  3974.229980  3970.429932  3972.379883  3972.379883    19135206
2023-01-12 11:25:00-05:00  3972.399902  3972.959961  3965.810059  3970.689941  3970.689941    21183389
2023-01-12 11:30:00-05:00  3970.679932  3971.280029  3961.560059  3964.100098  3964.100098    19099007
2023-01-12 11:35:00-05:00  3964.209961  3971.000000  3964.209961  3968.260010  3968.260010    21397711
2023-01-12 11:40:00-05:00  3968.229980  3975.340088  3967.530029  3974.760010  3974.760010    19574900
2023-01-12 11:45:00-05:00  3974.790039  3975.469971  3969.919922  3970.489990  3970.489990    21226334
2023-01-12 11:50:00-05:00  3970.510010  3972.189941  3968.800049  3970.770020  3970.770020    15435252
2023-01-12 11:55:00-05:00  3970.669922  3978.379883  3970.669922  3977.449951  3977.449951    19404785
2023-01-12 12:00:00-05:00  3977.330078  3978.239990  3975.820068  3976.760010  3976.760010    18601402
2023-01-12 12:05:00-05:00  3976.780029  3983.409912  3975.409912  3981.689941  3981.689941    20685193
2023-01-12 12:10:00-05:00  3981.649902  3985.469971  3981.350098  3984.629883  3984.629883    22499948
2023-01-12 12:15:00-05:00  3984.600098  3988.729980  3984.080078  3987.699951  3987.699951    21421171
2023-01-12 12:20:00-05:00  3987.699951  3988.979980  3985.899902  3988.310059  3988.310059    19466199
2023-01-12 12:25:00-05:00  3988.300049  3992.389893  3987.399902  3992.060059  3992.060059    21511688
2023-01-12 12:30:00-05:00  3992.010010  3992.830078  3989.830078  3992.679932  3992.679932    21930079
2023-01-12 12:35:00-05:00  3992.689941  3993.959961  3991.209961  3991.209961  3991.209961    19962109
2023-01-12 12:40:00-05:00  3991.169922  3991.260010  3988.459961  3989.379883  3989.379883    18864297
2023-01-12 12:45:00-05:00  3989.419922  3993.250000  3989.419922  3990.409912  3990.409912    18333535
2023-01-12 12:50:00-05:00  3990.399902  3994.179932  3990.389893  3992.060059  3992.060059    17088270
2023-01-12 12:55:00-05:00  3992.139893  3993.550049  3991.239990  3991.330078  3991.330078    16412275
2023-01-12 13:00:00-05:00  3991.340088  3994.750000  3989.800049  3993.840088  3993.840088    21749138
2023-01-12 13:05:00-05:00  3993.929932  3995.050049  3991.830078  3992.959961  3992.959961    18232950
2023-01-12 13:10:00-05:00  3992.889893  3994.250000  3990.540039  3994.050049  3994.050049    17938311
2023-01-12 13:15:00-05:00  3994.070068  3997.139893  3993.870117  3995.229980  3995.229980    17898995
2023-01-12 13:20:00-05:00  3995.209961  3996.010010  3992.820068  3992.939941  3992.939941    16698319
2023-01-12 13:25:00-05:00  3992.939941  3992.939941  3974.010010  3975.600098  3975.600098    31947365
2023-01-12 13:30:00-05:00  3975.550049  3979.360107  3969.889893  3978.540039  3978.540039    28079858
2023-01-12 13:35:00-05:00  3978.520020  3985.510010  3978.110107  3984.270020  3984.270020    20795250
2023-01-12 13:40:00-05:00  3984.270020  3986.909912  3983.659912  3985.969971  3985.969971    16077831
2023-01-12 13:45:00-05:00  3986.020020  3991.120117  3985.449951  3989.810059  3989.810059    17093403
2023-01-12 13:50:00-05:00  3989.850098  3997.040039  3989.159912  3995.719971  3995.719971    20540230
2023-01-12 13:55:00-05:00  3995.729980  3996.790039  3994.620117  3995.840088  3995.840088    18630412
2023-01-12 14:00:00-05:00  3995.840088  3997.760010  3991.489990  3991.939941  3991.939941    21512580
2023-01-12 14:05:00-05:00  3991.949951  3994.350098  3989.929932  3990.439941  3990.439941    23118189
2023-01-12 14:10:00-05:00  3990.580078  3993.600098  3989.699951  3993.159912  3993.159912    17432756
2023-01-12 14:15:00-05:00  3993.179932  3993.270020  3990.850098  3992.469971  3992.469971    15933216
2023-01-12 14:20:00-05:00  3992.449951  3994.030029  3987.070068  3989.409912  3989.409912    20680929
2023-01-12 14:25:00-05:00  3989.399902  3990.899902  3987.800049  3988.250000  3988.250000    17820893
2023-01-12 14:30:00-05:00  3988.300049  3990.000000  3985.790039  3988.649902  3988.649902    20490162
2023-01-12 14:35:00-05:00  3988.520020  3991.830078  3986.919922  3990.919922  3990.919922    20595828
2023-01-12 14:40:00-05:00  3990.949951  3992.689941  3988.250000  3989.510010  3989.510010    21759717
2023-01-12 14:45:00-05:00  3989.459961  3992.320068  3989.459961  3990.159912  3990.159912    17110437
2023-01-12 14:50:00-05:00  3990.149902  3990.189941  3982.760010  3983.679932  3983.679932    23850326
2023-01-12 14:55:00-05:00  3983.760010  3986.860107  3981.270020  3986.860107  3986.860107    21262899
2023-01-12 15:00:00-05:00  3986.929932  3988.479980  3983.439941  3986.870117  3986.870117    22020353
2023-01-12 15:05:00-05:00  3986.830078  3986.959961  3979.979980  3980.219971  3980.219971    22979220
2023-01-12 15:10:00-05:00  3980.260010  3980.840088  3977.679932  3978.939941  3978.939941    24608601
2023-01-12 15:15:00-05:00  3978.919922  3980.750000  3977.360107  3977.560059  3977.560059    25526892
2023-01-12 15:20:00-05:00  3977.560059  3982.050049  3976.590088  3981.659912  3981.659912    27190285
2023-01-12 15:25:00-05:00  3981.689941  3983.409912  3980.330078  3980.399902  3980.399902    25236716
2023-01-12 15:30:00-05:00  3980.379883  3983.479980  3980.350098  3982.750000  3982.750000    28918374
2023-01-12 15:35:00-05:00  3982.850098  3982.850098  3977.370117  3980.030029  3980.030029    32417974
2023-01-12 15:40:00-05:00  3980.020020  3982.149902  3978.209961  3979.310059  3979.310059    34272347
2023-01-12 15:45:00-05:00  3979.239990  3979.239990  3972.520020  3974.060059  3974.060059    47046312
2023-01-12 15:50:00-05:00  3974.129883  3980.209961  3974.129883  3979.179932  3979.179932    75245204
2023-01-12 15:55:00-05:00  3979.070068  3984.689941  3979.070068  3983.080078  3983.080078   126873640
2023-01-13 09:30:00-05:00  3952.949951  3960.600098  3949.550049  3954.389893  3954.389893    76178805
2023-01-13 09:35:00-05:00  3954.669922  3954.790039  3948.659912  3950.439941  3950.439941    46384065
2023-01-13 09:40:00-05:00  3950.280029  3955.729980  3947.669922  3952.830078  3952.830078    40173388
2023-01-13 09:45:00-05:00  3953.050049  3961.399902  3949.149902  3956.600098  3956.600098    39826878
2023-01-13 09:50:00-05:00  3956.629883  3964.040039  3956.270020  3962.689941  3962.689941    36065801
2023-01-13 09:55:00-05:00  3962.810059  3965.439941  3960.330078  3961.600098  3961.600098    39371811
2023-01-13 10:00:00-05:00  3961.530029  3970.580078  3959.139893  3964.590088  3964.590088    43738863
2023-01-13 10:05:00-05:00  3964.590088  3971.810059  3964.590088  3967.090088  3967.090088    34160156
2023-01-13 10:10:00-05:00  3966.810059  3973.629883  3966.590088  3970.709961  3970.709961    32418385
2023-01-13 10:15:00-05:00  3970.810059  3974.090088  3968.850098  3970.649902  3970.649902    32188773
2023-01-13 10:20:00-05:00  3970.689941  3978.110107  3969.879883  3977.409912  3977.409912    30801678
2023-01-13 10:25:00-05:00  3977.399902  3979.000000  3975.169922  3979.000000  3979.000000    28864919
2023-01-13 10:30:00-05:00  3978.959961  3980.979980  3972.969971  3972.969971  3972.969971    29979865
2023-01-13 10:35:00-05:00  3972.850098  3975.399902  3972.830078  3974.149902  3974.149902    25870867
2023-01-13 10:40:00-05:00  3974.139893  3978.449951  3974.139893  3974.350098  3974.350098    26046763
2023-01-13 10:45:00-05:00  3974.229980  3980.050049  3973.669922  3979.469971  3979.469971    26351922
2023-01-13 10:50:00-05:00  3979.449951  3980.030029  3976.209961  3977.850098  3977.850098    22849590
2023-01-13 10:55:00-05:00  3977.840088  3979.620117  3975.530029  3976.800049  3976.800049    24826029
2023-01-13 11:00:00-05:00  3976.979980  3978.860107  3972.629883  3976.030029  3976.030029    27054527
2023-01-13 11:05:00-05:00  3976.169922  3977.340088  3973.649902  3974.199951  3974.199951    22944228
2023-01-13 11:10:00-05:00  3974.169922  3974.780029  3970.219971  3970.489990  3970.489990    22376528
2023-01-13 11:15:00-05:00  3970.580078  3970.909912  3967.429932  3969.409912  3969.409912    25343793
2023-01-13 11:20:00-05:00  3969.459961  3977.010010  3969.379883  3976.469971  3976.469971    23032587
2023-01-13 11:25:00-05:00  3976.449951  3976.760010  3972.600098  3973.459961  3973.459961    22317598
2023-01-13 11:30:00-05:00  3973.290039  3973.620117  3968.479980  3969.449951  3969.449951    19495581
2023-01-13 11:35:00-05:00  3969.439941  3971.709961  3968.709961  3968.820068  3968.820068    21052016
2023-01-13 11:40:00-05:00  3968.889893  3971.149902  3968.139893  3971.100098  3971.100098    17828705
2023-01-13 11:45:00-05:00  3971.149902  3971.149902  3965.949951  3968.699951  3968.699951    19856989
2023-01-13 11:50:00-05:00  3968.770020  3971.889893  3968.000000  3970.639893  3970.639893    20862560
2023-01-13 11:55:00-05:00  3970.629883  3971.850098  3967.370117  3971.530029  3971.530029    17631021
2023-01-13 12:00:00-05:00  3971.530029  3973.429932  3970.719971  3971.770020  3971.770020    17594698
2023-01-13 12:05:00-05:00  3971.689941  3973.520020  3971.080078  3973.379883  3973.379883    16135442
2023-01-13 12:10:00-05:00  3973.370117  3976.449951  3973.030029  3976.340088  3976.340088    14161967
2023-01-13 12:15:00-05:00  3976.739990  3977.770020  3976.280029  3977.590088  3977.590088    18417694
2023-01-13 12:20:00-05:00  3977.159912  3977.949951  3975.290039  3975.729980  3975.729980    16999841
2023-01-13 12:25:00-05:00  3975.739990  3978.739990  3975.739990  3977.979980  3977.979980    14463502
2023-01-13 12:30:00-05:00  3978.000000  3978.090088  3975.199951  3976.979980  3976.979980    15689545
2023-01-13 12:35:00-05:00  3976.889893  3976.899902  3973.969971  3974.360107  3974.360107    14204819
2023-01-13 12:40:00-05:00  3974.379883  3977.350098  3973.949951  3977.350098  3977.350098    15407636
2023-01-13 12:45:00-05:00  3977.429932  3979.030029  3976.750000  3977.500000  3977.500000    17620112
2023-01-13 12:50:00-05:00  3977.500000  3978.560059  3976.370117  3978.120117  3978.120117    14141860
2023-01-13 12:55:00-05:00  3978.100098  3980.949951  3978.070068  3980.080078  3980.080078    17577340
2023-01-13 13:00:00-05:00  3980.090088  3982.040039  3979.760010  3979.830078  3979.830078    20959534
2023-01-13 13:05:00-05:00  3979.830078  3979.830078  3978.110107  3979.040039  3979.040039    17936491
2023-01-13 13:10:00-05:00  3979.030029  3981.250000  3978.929932  3979.820068  3979.820068    16185081
2023-01-13 13:15:00-05:00  3979.780029  3980.050049  3975.909912  3976.449951  3976.449951    16109866
2023-01-13 13:20:00-05:00  3976.370117  3976.870117  3974.790039  3976.419922  3976.419922    16131230
2023-01-13 13:25:00-05:00  3976.449951  3977.540039  3976.139893  3977.489990  3977.489990    15905503
2023-01-13 13:30:00-05:00  3977.520020  3981.120117  3976.909912  3981.070068  3981.070068    15797883
2023-01-13 13:35:00-05:00  3981.100098  3982.560059  3979.310059  3982.560059  3982.560059    16361039
2023-01-13 13:40:00-05:00  3982.600098  3987.379883  3982.600098  3987.000000  3987.000000    21614650
2023-01-13 13:45:00-05:00  3986.989990  3989.489990  3985.189941  3989.000000  3989.000000    18179489
2023-01-13 13:50:00-05:00  3988.949951  3989.750000  3987.199951  3987.219971  3987.219971    16252380
2023-01-13 13:55:00-05:00  3987.239990  3988.689941  3986.969971  3988.590088  3988.590088    15688530
2023-01-13 14:00:00-05:00  3988.530029  3990.620117  3986.639893  3987.590088  3987.590088    17101781
2023-01-13 14:05:00-05:00  3987.540039  3988.780029  3985.669922  3985.669922  3985.669922    15561419
2023-01-13 14:10:00-05:00  3985.709961  3988.070068  3985.469971  3987.389893  3987.389893    16364545
2023-01-13 14:15:00-05:00  3987.419922  3988.979980  3986.770020  3986.889893  3986.889893    16312607
2023-01-13 14:20:00-05:00  3986.889893  3986.989990  3985.219971  3986.689941  3986.689941    14263420
2023-01-13 14:25:00-05:00  3986.729980  3988.979980  3986.350098  3988.820068  3988.820068    16649400
2023-01-13 14:30:00-05:00  3988.810059  3990.870117  3988.409912  3989.050049  3989.050049    17547013
2023-01-13 14:35:00-05:00  3989.050049  3990.669922  3986.669922  3990.560059  3990.560059    18328002
2023-01-13 14:40:00-05:00  3990.530029  3990.550049  3988.199951  3989.330078  3989.330078    13384562
2023-01-13 14:45:00-05:00  3989.290039  3991.610107  3988.080078  3990.040039  3990.040039    17193318
2023-01-13 14:50:00-05:00  3990.070068  3990.070068  3987.669922  3987.780029  3987.780029    16144398
2023-01-13 14:55:00-05:00  3987.810059  3990.399902  3986.929932  3989.969971  3989.969971    15479104
2023-01-13 15:00:00-05:00  3989.939941  3992.320068  3989.659912  3992.229980  3992.229980    18181346
2023-01-13 15:05:00-05:00  3992.260010  3992.449951  3990.699951  3992.399902  3992.399902    19183566
2023-01-13 15:10:00-05:00  3992.409912  3994.419922  3991.419922  3991.500000  3991.500000    23081861
2023-01-13 15:15:00-05:00  3991.479980  3993.389893  3991.010010  3992.729980  3992.729980    19343275
2023-01-13 15:20:00-05:00  3992.760010  3994.909912  3992.429932  3994.479980  3994.479980    24559277
2023-01-13 15:25:00-05:00  3994.500000  3996.070068  3994.100098  3996.060059  3996.060059    23817044
2023-01-13 15:30:00-05:00  3996.050049  3997.070068  3995.620117  3996.929932  3996.929932    29151594
2023-01-13 15:35:00-05:00  3996.889893  4003.770020  3996.889893  4003.770020  4003.770020    34917892
2023-01-13 15:40:00-05:00  4003.810059  4003.949951  4000.199951  4000.929932  4000.929932    34884299
2023-01-13 15:45:00-05:00  4000.909912  4000.909912  3996.239990  3998.290039  3998.290039    40841396
2023-01-13 15:50:00-05:00  3998.560059  3998.560059  3995.510010  3997.889893  3997.889893    68025513
2023-01-13 15:55:00-05:00  3997.879883  4001.070068  3997.879883  3998.629883  3998.629883   122222370
2023-01-13 16:00:00-05:00  3999.090088  3999.090088  3999.090088  3999.090088  3999.090088           0