                                  Open         High          Low        Close    Adj Close     Volume
Datetime                                                                                             
2023-01-13 10:50:00-05:00  3979.449951  3980.030029  3976.209961  3977.850098  3977.850098          0
2023-01-13 10:55:00-05:00  3977.840088  3979.620117  3975.530029  3976.800049  3976.800049   24826029
2023-01-13 11:00:00-05:00  3976.979980  3978.860107  3972.629883  3976.030029  3976.030029   27054527
2023-01-13 11:05:00-05:00  3976.169922  3977.340088  3973.649902  3974.199951  3974.199951   22944228
2023-01-13 11:10:00-05:00  3974.169922  3974.780029  3970.219971  3970.489990  3970.489990   22376528
2023-01-13 11:15:00-05:00  3970.580078  3970.909912  3967.429932  3969.409912  3969.409912   25343793
2023-01-13 11:20:00-05:00  3969.459961  3977.010010  3969.379883  3976.469971  3976.469971   23032587
2023-01-13 11:25:00-05:00  3976.449951  3976.760010  3972.600098  3973.459961  3973.459961   22317598
2023-01-13 11:30:00-05:00  3973.290039  3973.620117  3968.479980  3969.449951  3969.449951   19495581
2023-01-13 11:35:00-05:00  3969.439941  3971.709961  3968.709961  3968.820068  3968.820068   21052016
2023-01-13 11:40:00-05:00  3968.889893  3971.149902  3968.139893  3971.100098  3971.100098   17828705
2023-01-13 11:45:00-05:00  3971.149902  3971.149902  3965.949951  3968.699951  3968.699951   19856989
2023-01-13 11:50:00-05:00  3968.770020  3971.889893  3968.000000  3970.639893  3970.639893   20862560
2023-01-13 11:55:00-05:00  3970.629883  3971.850098  3967.370117  3971.530029  3971.530029   17631021
2023-01-13 12:00:00-05:00  3971.530029  3973.429932  3970.719971  3971.770020  3971.770020   17594698
2023-01-13 12:05:00-05:00  3971.689941  3973.520020  3971.080078  3973.379883  3973.379883   16135442
2023-01-13 12:10:00-05:00  3973.370117  3976.449951  3973.030029  3976.340088  3976.340088   14161967
2023-01-13 12:15:00-05:00  3976.739990  3977.770020  3976.280029  3977.590088  3977.590088   18417694
2023-01-13 12:20:00-05:00  3977.159912  3977.949951  3975.290039  3975.729980  3975.729980   16999841
2023-01-13 12:25:00-05:00  3975.739990  3978.739990  3975.739990  3977.979980  3977.979980   14463502
2023-01-13 12:30:00-05:00  3978.000000  3978.090088  3975.199951  3976.979980  3976.979980   15689545
2023-01-13 12:35:00-05:00  3976.889893  3976.899902  3973.969971  3974.360107  3974.360107   14204819
2023-01-13 12:40:00-05:00  3974.379883  3977.350098  3973.949951  3977.350098  3977.350098   15407636
2023-01-13 12:45:00-05:00  3977.429932  3979.030029  3976.750000  3977.500000  3977.500000   17620112
2023-01-13 12:50:00-05:00  3977.500000  3978.560059  3976.370117  3978.120117  3978.120117   14141860
2023-01-13 12:55:00-05:00  3978.100098  3980.949951  3978.070068  3980.080078  3980.080078   17577340
2023-01-13 13:00:00-05:00  3980.090088  3982.040039  3979.760010  3979.830078  3979.830078   20959534
2023-01-13 13:05:00-05:00  3979.830078  3979.830078  3978.110107  3979.040039  3979.040039   17936491
2023-01-13 13:10:00-05:00  3979.030029  3981.250000  3978.929932  3979.820068  3979.820068   16185081
2023-01-13 13:15:00-05:00  3979.780029  3980.050049  3975.909912  3976.449951  3976.449951   16109866
2023-01-13 13:20:00-05:00  3976.370117  3976.870117  3974.790039  3976.419922  3976.419922   16131230
2023-01-13 13:25:00-05:00  3976.449951  3977.540039  3976.139893  3977.489990  3977.489990   15905503
2023-01-13 13:30:00-05:00  3977.520020  3981.120117  3976.909912  3981.070068  3981.070068   15797883
2023-01-13 13:35:00-05:00  3981.100098  3982.560059  3979.310059  3982.560059  3982.560059   16361039
2023-01-13 13:40:00-05:00  3982.600098  3987.379883  3982.600098  3987.000000  3987.000000   21614650
2023-01-13 13:45:00-05:00  3986.989990  3989.489990  3985.189941  3989.000000  3989.000000   18179489
2023-01-13 13:50:00-05:00  3988.949951  3989.750000  3987.199951  3987.219971  3987.219971   16252380
2023-01-13 13:55:00-05:00  3987.239990  3988.689941  3986.969971  3988.590088  3988.590088   15688530
2023-01-13 14:00:00-05:00  3988.530029  3990.620117  3986.639893  3987.590088  3987.590088   17101781
2023-01-13 14:05:00-05:00  3987.540039  3988.780029  3985.669922  3985.669922  3985.669922   15561419
2023-01-13 14:10:00-05:00  3985.709961  3988.070068  3985.469971  3987.389893  3987.389893   16364545
2023-01-13 14:15:00-05:00  3987.419922  3988.979980  3986.770020  3986.889893  3986.889893   16312607
2023-01-13 14:20:00-05:00  3986.889893  3986.989990  3985.219971  3986.689941  3986.689941   14263420
2023-01-13 14:25:00-05:00  3986.729980  3988.979980  3986.350098  3988.820068  3988.820068   16649400
2023-01-13 14:30:00-05:00  3988.810059  3990.870117  3988.409912  3989.050049  3989.050049   17547013
2023-01-13 14:35:00-05:00  3989.050049  3990.669922  3986.669922  3990.560059  3990.560059   18328002
2023-01-13 14:40:00-05:00  3990.530029  3990.550049  3988.199951  3989.330078  3989.330078   13384562
2023-01-13 14:45:00-05:00  3989.290039  3991.610107  3988.080078  3990.040039  3990.040039   17193318
2023-01-13 14:50:00-05:00  3990.070068  3990.070068  3987.669922  3987.780029  3987.780029   16144398
2023-01-13 14:55:00-05:00  3987.810059  3990.399902  3986.929932  3989.969971  3989.969971   15479104
2023-01-13 15:00:00-05:00  3989.939941  3992.320068  3989.659912  3992.229980  3992.229980   18181346
2023-01-13 15:05:00-05:00  3992.260010  3992.449951  3990.699951  3992.399902  3992.399902   19183566
2023-01-13 15:10:00-05:00  3992.409912  3994.419922  3991.419922  3991.500000  3991.500000   23081861
2023-01-13 15:15:00-05:00  3991.479980  3993.389893  3991.010010  3992.729980  3992.729980   19343275
2023-01-13 15:20:00-05:00  3992.760010  3994.909912  3992.429932  3994.479980  3994.479980   24559277
2023-01-13 15:25:00-05:00  3994.500000  3996.070068  3994.100098  3996.060059  3996.060059   23817044
2023-01-13 15:30:00-05:00  3996.050049  3997.070068  3995.620117  3996.929932  3996.929932   29151594
2023-01-13 15:35:00-05:00  3996.889893  4003.770020  3996.889893  4003.770020  4003.770020   34917892
2023-01-13 15:40:00-05:00  4003.810059  4003.949951  4000.199951  4000.929932  4000.929932   34884299
2023-01-13 15:45:00-05:00  4000.909912  4000.909912  3996.239990  3998.290039  3998.290039   40841396
2023-01-13 15:50:00-05:00  3998.560059  3998.560059  3995.510010  3997.889893  3997.889893   68025513
2023-01-13 15:55:00-05:00  3997.879883  4001.070068  3997.879883  3998.629883  3998.629883  122222370
2023-01-17 09:30:00-05:00  3999.280029  4002.409912  3995.139893  3996.520020  3996.520020          0
2023-01-17 09:35:00-05:00  3996.419922  4000.360107  3991.699951  3993.479980  3993.479980   47580788
2023-01-17 09:40:00-05:00  3993.750000  3997.899902  3989.840088  3996.840088  3996.840088   44507273
2023-01-17 09:45:00-05:00  3996.699951  4001.919922  3996.699951  3999.300049  3999.300049   38591141
2023-01-17 09:50:00-05:00  3999.489990  4004.070068  3996.600098  4003.219971  4003.219971   36326606
2023-01-17 09:55:00-05:00  4003.389893  4004.389893  3997.560059  3998.620117  3998.620117   36403977
2023-01-17 10:00:00-05:00  3998.830078  4014.169922  3998.830078  4010.850098  4010.850098   43515679
2023-01-17 10:05:00-05:00  4010.340088  4012.129883  4008.909912  4011.550049  4011.550049   35850272
2023-01-17 10:10:00-05:00  4011.570068  4013.590088  4009.919922  4010.090088  4010.090088   46865692
2023-01-17 10:15:00-05:00  4010.209961  4012.790039  4008.770020  4011.459961  4011.459961   30273098
2023-01-17 10:20:00-05:00  4011.459961  4015.389893  4011.459961  4013.800049  4013.800049   29819889
2023-01-17 10:25:00-05:00  4013.709961  4014.989990  4009.300049  4010.139893  4010.139893   29824044
2023-01-17 10:30:00-05:00  4010.429932  4011.540039  4005.679932  4007.110107  4007.110107   30798287
2023-01-17 10:35:00-05:00  4007.080078  4007.080078  4002.979980  4003.139893  4003.139893   27138869
2023-01-17 10:40:00-05:00  4003.139893  4003.879883  3992.379883  3997.570068  3997.570068   36005680
2023-01-17 10:45:00-05:00  3997.530029  3999.370117  3995.469971  3998.550049  3998.550049   26923082
2023-01-17 10:50:00-05:00  3998.429932  3998.860107  3993.919922  3996.610107  3996.610107   23586955
2023-01-17 10:55:00-05:00  3996.810059  3997.550049  3994.209961  3996.550049  3996.550049   24122682
2023-01-17 11:00:00-05:00  3996.239990  3997.560059  3993.070068  3995.590088  3995.590088   23253001
2023-01-17 11:05:00-05:00  3995.639893  3995.649902  3989.610107  3991.129883  3991.129883   22822726
2023-01-17 11:10:00-05:00  3991.159912  3991.159912  3986.020020  3987.229980  3987.229980   30826624
2023-01-17 11:15:00-05:00  3987.219971  3988.600098  3986.330078  3988.290039  3988.290039   22446353
2023-01-17 11:20:00-05:00  3988.290039  3988.889893  3984.840088  3984.939941  3984.939941   22751016
2023-01-17 11:25:00-05:00  3984.939941  3991.129883  3984.570068  3990.429932  3990.429932   21559461
2023-01-17 11:30:00-05:00  3990.439941  3994.439941  3989.750000  3992.689941  3992.689941   20771997
2023-01-17 11:35:00-05:00  3992.679932  3994.010010  3990.909912  3993.729980  3993.729980   19103283
2023-01-17 11:40:00-05:00  3993.719971  3995.350098  3993.270020  3993.750000  3993.750000   19422030
2023-01-17 11:45:00-05:00  3993.770020  3996.250000  3993.610107  3995.320068  3995.320068   16971426
2023-01-17 11:50:00-05:00  3995.370117  3996.580078  3993.929932  3994.439941  3994.439941   18174833
2023-01-17 11:55:00-05:00  3994.429932  3996.939941  3992.979980  3995.639893  3995.639893   16642952
2023-01-17 12:00:00-05:00  3995.649902  3998.939941  3995.649902  3998.939941  3998.939941   16366237
2023-01-17 12:05:00-05:00  3998.969971  3999.459961  3994.429932  3994.449951  3994.449951   20085143
2023-01-17 12:10:00-05:00  3994.449951  3994.810059  3993.010010  3993.310059  3993.310059   16958519
2023-01-17 12:15:00-05:00  3993.280029  3994.159912  3991.379883  3991.889893  3991.889893   14765331
2023-01-17 12:20:00-05:00  3991.899902  3993.600098  3990.010010  3991.100098  3991.100098   16490958
2023-01-17 12:25:00-05:00  3991.120117  3991.300049  3989.030029  3989.879883  3989.879883   15630525
2023-01-17 12:30:00-05:00  3989.899902  3993.189941  3989.409912  3992.830078  3992.830078   16165573
2023-01-17 12:35:00-05:00  3992.820068  3994.989990  3992.669922  3994.139893  3994.139893   14922721
2023-01-17 12:40:00-05:00  3994.100098  3994.469971  3992.820068  3992.929932  3992.929932   15560961
2023-01-17 12:45:00-05:00  3992.939941  3994.300049  3991.729980  3993.560059  3993.560059   16455273
2023-01-17 12:50:00-05:00  3993.449951  3996.739990  3992.830078  3996.239990  3996.239990   16601332
2023-01-17 12:55:00-05:00  3996.239990  3996.389893  3993.739990  3994.719971  3994.719971   15330363
2023-01-17 13:00:00-05:00  3994.719971  3997.340088  3994.439941  3997.169922  3997.169922   16851937
2023-01-17 13:05:00-05:00  3997.169922  3997.280029  3995.550049  3995.550049  3995.550049   16592488
2023-01-17 13:10:00-05:00  3995.560059  3995.790039  3993.000000  3994.429932  3994.429932   18689836
2023-01-17 13:15:00-05:00  3994.439941  3997.189941  3994.229980  3996.370117  3996.370117   16101164
2023-01-17 13:20:00-05:00  3996.370117  3996.570068  3994.000000  3994.129883  3994.129883   16795755
2023-01-17 13:25:00-05:00  3994.159912  3995.570068  3993.669922  3995.070068  3995.070068   16477678
2023-01-17 13:30:00-05:00  3995.070068  3996.580078  3994.189941  3995.870117  3995.870117   15789335
2023-01-17 13:35:00-05:00  3995.820068  4000.520020  3995.320068  4000.429932  4000.429932   18806834
2023-01-17 13:40:00-05:00  4000.429932  4001.149902  3999.629883  4000.500000  4000.500000   14728035
2023-01-17 13:45:00-05:00  4000.530029  4001.020020  3997.989990  4000.399902  4000.399902   16382159
2023-01-17 13:50:00-05:00  4000.419922  4001.040039  3999.080078  3999.280029  3999.280029   15440965
2023-01-17 13:55:00-05:00  3999.250000  4000.330078  3998.370117  4000.120117  4000.120117   16362057
2023-01-17 14:00:00-05:00  4000.129883  4000.830078  3999.199951  4000.820068  4000.820068   16284075
2023-01-17 14:05:00-05:00  4000.860107  4001.479980  4000.090088  4000.550049  4000.550049   16881328
2023-01-17 14:10:00-05:00  4000.520020  4000.860107  3994.320068  3995.649902  3995.649902   21141919
2023-01-17 14:15:00-05:00  3995.850098  3995.929932  3990.219971  3993.310059  3993.310059   23539514
2023-01-17 14:20:00-05:00  3993.360107  3993.580078  3990.239990  3992.199951  3992.199951   18558922
2023-01-17 14:25:00-05:00  3992.199951  3993.449951  3991.659912  3992.120117  3992.120117   16953402
2023-01-17 14:30:00-05:00  3992.120117  3996.250000  3992.120117  3996.110107  3996.110107   17530918
2023-01-17 14:35:00-05:00  3996.110107  3999.489990  3996.090088  3999.090088  3999.090088   17368854
2023-01-17 14:40:00-05:00  3999.110107  4000.479980  3998.439941  4000.080078  4000.080078   17296413
2023-01-17 14:45:00-05:00  4000.030029  4000.280029  3998.330078  3999.020020  3999.020020   16192149
2023-01-17 14:50:00-05:00  3999.149902  3999.679932  3996.399902  3997.560059  3997.560059   17251745
2023-01-17 14:55:00-05:00  3997.570068  3997.570068  3993.560059  3994.939941  3994.939941   19009307
2023-01-17 15:00:00-05:00  3994.879883  3998.949951  3994.669922  3998.239990  3998.239990   20364414
2023-01-17 15:05:00-05:00  3998.229980  3998.350098  3996.620117  3997.090088  3997.090088   19535865
2023-01-17 15:10:00-05:00  3996.939941  3997.260010  3992.639893  3993.860107  3993.860107   23129615
2023-01-17 15:15:00-05:00  3993.860107  3996.129883  3992.540039  3994.860107  3994.860107   22609533
2023-01-17 15:20:00-05:00  3994.879883  3994.879883  3991.830078  3994.110107  3994.110107   22920197
2023-01-17 15:25:00-05:00  3994.110107  3995.550049  3992.770020  3993.370117  3993.370117   22283305
2023-01-17 15:30:00-05:00  3993.350098  3995.090088  3992.139893  3994.629883  3994.629883   28231099
2023-01-17 15:35:00-05:00  3994.649902  3994.909912  3993.530029  3994.060059  3994.060059   28718002
2023-01-17 15:40:00-05:00  3994.020020  3995.139893  3991.620117  3991.850098  3991.850098   35044762
2023-01-17 15:45:00-05:00  3991.860107  3991.860107  3987.489990  3989.159912  3989.159912   45259936
2023-01-17 15:50:00-05:00  3989.179932  3989.179932  3985.199951  3986.540039  3986.540039   72321138
2023-01-17 15:55:00-05:00  3986.939941  3991.820068  3986.939941  3990.699951  3990.699951   77706810
2023-01-18 09:30:00-05:00  4002.250000  4007.620117  4000.699951  4005.709961  4005.709961   76061725
2023-01-18 09:35:00-05:00  4004.689941  4006.350098  3997.850098  4002.360107  4002.360107   45500006
2023-01-18 09:40:00-05:00  4002.280029  4009.939941  4000.280029  4002.770020  4002.770020   44223773
2023-01-18 09:45:00-05:00  4002.889893  4006.360107  4000.399902  4005.100098  4005.100098   37244833
2023-01-18 09:50:00-05:00  4005.060059  4009.600098  4004.520020  4005.840088  4005.840088   35969258
2023-01-18 09:55:00-05:00  4005.719971  4009.280029  4003.919922  4009.000000  4009.000000   31369605
2023-01-18 10:00:00-05:00  4009.050049  4012.659912  4009.040039  4009.750000  4009.750000   39810685
2023-01-18 10:05:00-05:00  4009.860107  4014.159912  4009.860107  4010.219971  4010.219971   34404100
2023-01-18 10:10:00-05:00  4010.310059  4011.439941  4007.580078  4008.570068  4008.570068   31035190
2023-01-18 10:15:00-05:00  4008.560059  4011.889893  3999.830078  4002.300049  4002.300049   34735376
2023-01-18 10:20:00-05:00  4002.409912  4007.540039  4002.409912  4007.030029  4007.030029   29902325
2023-01-18 10:25:00-05:00  4007.000000  4008.300049  4005.159912  4007.550049  4007.550049   28002865
2023-01-18 10:30:00-05:00  4007.600098  4008.070068  4000.800049  4001.780029  4001.780029   30709132
2023-01-18 10:35:00-05:00  4001.719971  4002.389893  3993.909912  3994.159912  3994.159912   33534018
2023-01-18 10:40:00-05:00  3994.389893  3996.909912  3987.580078  3989.350098  3989.350098   34376639
2023-01-18 10:45:00-05:00  3989.340088  3993.000000  3988.649902  3989.000000  3989.000000   31147021
2023-01-18 10:50:00-05:00  3989.020020  3989.129883  3982.879883  3982.879883  3982.879883   31347417
2023-01-18 10:55:00-05:00  3982.760010  3985.520020  3978.780029  3985.520020  3985.520020   32232621
2023-01-18 11:00:00-05:00  3985.479980  3987.209961  3982.659912  3983.090088  3983.090088   27192705
2023-01-18 11:05:00-05:00  3983.209961  3983.209961  3973.679932  3976.419922  3976.419922   32448665
2023-01-18 11:10:00-05:00  3976.419922  3976.659912  3972.439941  3975.489990  3975.489990   25841241
2023-01-18 11:15:00-05:00  3975.590088  3975.600098  3970.659912  3971.250000  3971.250000   24946873
2023-01-18 11:20:00-05:00  3971.219971  3971.219971  3963.540039  3964.729980  3964.729980   29862032
2023-01-18 11:25:00-05:00  3964.760010  3970.699951  3963.219971  3967.620117  3967.620117   27823474
2023-01-18 11:30:00-05:00  3967.300049  3967.300049  3960.530029  3962.139893  3962.139893   25538102
2023-01-18 11:35:00-05:00  3962.110107  3962.189941  3957.959961  3958.179932  3958.179932   24346580
2023-01-18 11:40:00-05:00  3958.239990  3960.199951  3956.169922  3957.169922  3957.169922   23474785
2023-01-18 11:45:00-05:00  3957.560059  3961.479980  3956.419922  3961.239990  3961.239990   23281997
2023-01-18 11:50:00-05:00  3961.209961  3961.209961  3955.959961  3957.699951  3957.699951   20523523
2023-01-18 11:55:00-05:00  3957.679932  3962.669922  3956.750000  3961.969971  3961.969971   20284636
2023-01-18 12:00:00-05:00  3962.040039  3963.629883  3958.459961  3958.560059  3958.560059   22389684
2023-01-18 12:05:00-05:00  3958.600098  3960.100098  3956.350098  3958.399902  3958.399902   19954756
2023-01-18 12:10:00-05:00  3958.260010  3961.409912  3957.139893  3961.409912  3961.409912   18638200
2023-01-18 12:15:00-05:00  3961.399902  3961.399902  3956.080078  3956.239990  3956.239990   20505202
2023-01-18 12:20:00-05:00  3956.229980  3956.810059  3953.709961  3953.790039  3953.790039   18404323
2023-01-18 12:25:00-05:00  3953.800049  3954.419922  3949.239990  3950.409912  3950.409912   20077366
2023-01-18 12:30:00-05:00  3950.399902  3950.510010  3948.300049  3949.929932  3949.929932   18411960
2023-01-18 12:35:00-05:00  3949.870117  3954.060059  3949.870117  3952.080078  3952.080078   15488275
2023-01-18 12:40:00-05:00  3952.020020  3953.110107  3950.310059  3950.570068  3950.570068   16609129
2023-01-18 12:45:00-05:00  3950.580078  3951.699951  3949.510010  3951.629883  3951.629883   16707161
2023-01-18 12:50:00-05:00  3951.560059  3952.699951  3946.520020  3946.709961  3946.709961   18799108
2023-01-18 12:55:00-05:00  3946.709961  3949.040039  3945.500000  3946.760010  3946.760010   17798691
2023-01-18 13:00:00-05:00  3946.830078  3949.100098  3943.389893  3943.659912  3943.659912   23307791
2023-01-18 13:05:00-05:00  3943.709961  3944.469971  3940.199951  3940.629883  3940.629883   19636654
2023-01-18 13:10:00-05:00  3940.600098  3941.120117  3939.080078  3940.479980  3940.479980   19261603
2023-01-18 13:15:00-05:00  3940.500000  3940.959961  3939.139893  3940.219971  3940.219971   17618470
2023-01-18 13:20:00-05:00  3940.139893  3942.629883  3939.340088  3942.250000  3942.250000   18793611
2023-01-18 13:25:00-05:00  3942.120117  3946.510010  3941.790039  3946.449951  3946.449951   20970631
2023-01-18 13:30:00-05:00  3946.439941  3948.429932  3944.209961  3944.409912  3944.409912   20488643
2023-01-18 13:35:00-05:00  3944.419922  3948.909912  3944.219971  3947.340088  3947.340088   18208466
2023-01-18 13:40:00-05:00  3947.370117  3951.280029  3947.370117  3951.020020  3951.020020   18828405
2023-01-18 13:45:00-05:00  3951.030029  3953.649902  3949.860107  3950.469971  3950.469971   18768748
2023-01-18 13:50:00-05:00  3950.439941  3953.560059  3950.429932  3952.979980  3952.979980   16478387
2023-01-18 13:55:00-05:00  3952.949951  3952.949951  3948.860107  3949.330078  3949.330078   15943936
2023-01-18 14:00:00-05:00  3949.340088  3950.370117  3946.790039  3948.649902  3948.649902   18424904
2023-01-18 14:05:00-05:00  3948.679932  3949.169922  3944.669922  3947.489990  3947.489990   18966304
2023-01-18 14:10:00-05:00  3947.570068  3949.620117  3947.060059  3948.360107  3948.360107   15842889
2023-01-18 14:15:00-05:00  3948.399902  3948.429932  3944.620117  3945.290039  3945.290039   16565137
2023-01-18 14:20:00-05:00  3945.300049  3949.000000  3945.300049  3947.939941  3947.939941   16719404
2023-01-18 14:25:00-05:00  3947.939941  3951.050049  3947.439941  3950.669922  3950.669922   15868705
2023-01-18 14:30:00-05:00  3950.679932  3952.489990  3950.639893  3951.719971  3951.719971   18492301
2023-01-18 14:35:00-05:00  3951.709961  3951.709961  3947.669922  3948.030029  3948.030029   17227190
2023-01-18 14:40:00-05:00  3948.030029  3948.629883  3946.280029  3948.520020  3948.520020   16738940
2023-01-18 14:45:00-05:00  3948.479980  3949.120117  3946.439941  3946.540039  3946.540039   18376442
2023-01-18 14:50:00-05:00  3946.530029  3946.830078  3944.959961  3945.500000  3945.500000   16587790
2023-01-18 14:55:00-05:00  3945.540039  3945.899902  3944.280029  3944.870117  3944.870117   16996865
2023-01-18 15:00:00-05:00  3944.850098  3944.850098  3941.409912  3941.840088  3941.840088   22142482
2023-01-18 15:05:00-05:00  3941.850098  3944.750000  3940.939941  3943.959961  3943.959961   21790872
2023-01-18 15:10:00-05:00  3943.929932  3948.979980  3943.500000  3945.010010  3945.010010   25572121
2023-01-18 15:15:00-05:00  3945.010010  3947.139893  3941.560059  3942.979980  3942.979980   24321244
2023-01-18 15:20:00-05:00  3943.010010  3944.679932  3942.560059  3943.370117  3943.370117   22107095
2023-01-18 15:25:00-05:00  3943.370117  3944.149902  3941.290039  3941.750000  3941.750000   24826283
2023-01-18 15:30:00-05:00  3941.739990  3941.770020  3936.120117  3936.219971  3936.219971   34880053
2023-01-18 15:35:00-05:00  3936.229980  3937.790039  3935.169922  3935.169922  3935.169922   30850649
2023-01-18 15:40:00-05:00  3935.159912  3935.159912  3930.840088  3931.679932  3931.679932   39203012
2023-01-18 15:45:00-05:00  3931.629883  3934.000000  3929.699951  3930.639893  3930.639893   46995252
2023-01-18 15:50:00-05:00  3930.620117  3933.929932  3928.860107  3931.100098  3931.100098   75229861
2023-01-18 15:55:00-05:00  3931.250000  3931.530029  3926.590088  3928.879883  3928.879883   88195082
2023-01-19 09:30:00-05:00  3911.840088  3913.219971  3905.600098  3910.040039  3910.040039   71968393
2023-01-19 09:35:00-05:00  3910.030029  3914.820068  3905.639893  3914.820068  3914.820068   44654763
2023-01-19 09:40:00-05:00  3914.870117  3916.330078  3905.179932  3905.280029  3905.280029   41831129
2023-01-19 09:45:00-05:00  3905.149902  3905.909912  3899.790039  3900.709961  3900.709961   39961547
2023-01-19 09:50:00-05:00  3900.580078  3904.489990  3899.209961  3900.419922  3900.419922   34550204
2023-01-19 09:55:00-05:00  3900.340088  3909.899902  3900.340088  3905.179932  3905.179932   37574318
2023-01-19 10:00:00-05:00  3905.709961  3908.500000  3902.199951  3904.179932  3904.179932   44403113
2023-01-19 10:05:00-05:00  3904.590088  3911.570068  3904.590088  3910.699951  3910.699951   33601547
2023-01-19 10:10:00-05:00  3910.550049  3910.659912  3897.879883  3901.399902  3901.399902   34140836
2023-01-19 10:15:00-05:00  3901.389893  3910.489990  3899.889893  3907.250000  3907.250000   29823099
2023-01-19 10:20:00-05:00  3907.270020  3908.500000  3902.610107  3902.679932  3902.679932   26483348
2023-01-19 10:25:00-05:00  3902.679932  3904.899902  3900.110107  3902.979980  3902.979980   26971453
2023-01-19 10:30:00-05:00  3902.979980  3902.979980  3898.260010  3899.280029  3899.280029   27621114
2023-01-19 10:35:00-05:00  3899.239990  3900.399902  3895.570068  3899.199951  3899.199951   28228661
2023-01-19 10:40:00-05:00  3899.250000  3901.800049  3896.709961  3897.649902  3897.649902   26847276
2023-01-19 10:45:00-05:00  3897.760010  3897.760010  3892.639893  3894.750000  3894.750000   27769845
2023-01-19 10:50:00-05:00  3894.719971  3895.010010  3891.310059  3892.159912  3892.159912   24344172
2023-01-19 10:55:00-05:00  3892.090088  3892.090088  3888.389893  3891.919922  3891.919922   27509097
2023-01-19 11:00:00-05:00  3891.939941  3895.620117  3890.639893  3891.810059  3891.810059   24256078
2023-01-19 11:05:00-05:00  3891.840088  3898.239990  3890.659912  3897.800049  3897.800049   25338445
2023-01-19 11:10:00-05:00  3897.820068  3902.479980  3897.620117  3899.149902  3899.149902   24090680
2023-01-19 11:15:00-05:00  3899.159912  3899.989990  3895.260010  3895.320068  3895.320068   25423318
2023-01-19 11:20:00-05:00  3895.250000  3895.250000  3893.000000  3893.199951  3893.199951   22256920
2023-01-19 11:25:00-05:00  3893.229980  3894.530029  3889.929932  3890.600098  3890.600098   24156277
2023-01-19 11:30:00-05:00  3890.580078  3892.629883  3889.889893  3890.010010  3890.010010   26346071
2023-01-19 11:35:00-05:00  3890.020020  3891.800049  3889.169922  3891.669922  3891.669922   20238832
2023-01-19 11:40:00-05:00  3891.649902  3891.959961  3885.969971  3886.129883  3886.129883   22464066
2023-01-19 11:45:00-05:00  3886.110107  3889.350098  3885.540039  3889.260010  3889.260010   21770349
2023-01-19 11:50:00-05:00  3889.270020  3889.270020  3887.189941  3888.030029  3888.030029   20587832
2023-01-19 11:55:00-05:00  3888.080078  3890.459961  3887.830078  3890.330078  3890.330078   19249980
2023-01-19 12:00:00-05:00  3890.429932  3896.870117  3890.350098  3896.080078  3896.080078   22725411
2023-01-19 12:05:00-05:00  3896.050049  3898.290039  3893.790039  3894.550049  3894.550049   19072095
2023-01-19 12:10:00-05:00  3894.540039  3899.139893  3894.520020  3899.129883  3899.129883   17550381
2023-01-19 12:15:00-05:00  3899.100098  3902.879883  3898.929932  3900.969971  3900.969971   21708825
2023-01-19 12:20:00-05:00  3900.340088  3900.570068  3895.939941  3896.189941  3896.189941   18159279
2023-01-19 12:25:00-05:00  3896.250000  3896.929932  3895.310059  3896.229980  3896.229980   15254959
2023-01-19 12:30:00-05:00  3896.159912  3896.610107  3894.399902  3895.879883  3895.879883   16424529
2023-01-19 12:35:00-05:00  3895.870117  3897.610107  3895.209961  3896.590088  3896.590088   15394298
2023-01-19 12:40:00-05:00  3896.550049  3897.629883  3894.780029  3895.280029  3895.280029   15510507
2023-01-19 12:45:00-05:00  3895.290039  3897.629883  3894.239990  3894.590088  3894.590088   16624953
2023-01-19 12:50:00-05:00  3894.610107  3895.709961  3892.979980  3892.979980  3892.979980   14490602
2023-01-19 12:55:00-05:00  3893.030029  3898.209961  3892.179932  3898.209961  3898.209961   20438718
2023-01-19 13:00:00-05:00  3898.189941  3905.669922  3898.189941  3904.810059  3904.810059   21904937
2023-01-19 13:05:00-05:00  3904.790039  3904.790039  3900.300049  3902.850098  3902.850098   16946010
2023-01-19 13:10:00-05:00  3902.870117  3903.489990  3899.780029  3903.340088  3903.340088   18518053
2023-01-19 13:15:00-05:00  3903.300049  3906.280029  3898.919922  3905.580078  3905.580078   24711600
2023-01-19 13:20:00-05:00  3905.600098  3908.879883  3904.229980  3905.060059  3905.060059   19664425
2023-01-19 13:25:00-05:00  3905.080078  3905.139893  3901.370117  3903.580078  3903.580078   18057624
2023-01-19 13:30:00-05:00  3903.580078  3908.149902  3903.580078  3907.110107  3907.110107   19164559
2023-01-19 13:35:00-05:00  3907.110107  3913.870117  3907.110107  3913.729980  3913.729980   24199495
2023-01-19 13:40:00-05:00  3913.739990  3917.750000  3911.389893  3911.620117  3911.620117   23751459
2023-01-19 13:45:00-05:00  3911.620117  3912.919922  3910.810059  3911.030029  3911.030029   17327183
2023-01-19 13:50:00-05:00  3911.020020  3911.070068  3908.260010  3909.040039  3909.040039   16733489
2023-01-19 13:55:00-05:00  3908.790039  3911.090088  3907.689941  3910.929932  3910.929932   17106747
2023-01-19 14:00:00-05:00  3910.850098  3912.129883  3906.760010  3910.219971  3910.219971   19453292
2023-01-19 14:05:00-05:00  3910.149902  3910.479980  3905.600098  3908.260010  3908.260010   17893308
2023-01-19 14:10:00-05:00  3908.229980  3913.929932  3907.580078  3913.260010  3913.260010   18204387
2023-01-19 14:15:00-05:00  3913.260010  3914.969971  3911.750000  3913.820068  3913.820068   19245455
2023-01-19 14:20:00-05:00  3913.820068  3920.479980  3913.590088  3920.270020  3920.270020   21241107
2023-01-19 14:25:00-05:00  3920.209961  3921.179932  3917.679932  3919.189941  3919.189941   19743815
2023-01-19 14:30:00-05:00  3919.219971  3920.290039  3916.300049  3920.139893  3920.139893   18905845
2023-01-19 14:35:00-05:00  3920.159912  3922.939941  3919.459961  3919.820068  3919.820068   19051655
2023-01-19 14:40:00-05:00  3919.810059  3922.290039  3917.840088  3920.169922  3920.169922   20431340
2023-01-19 14:45:00-05:00  3920.179932  3922.649902  3917.909912  3918.479980  3918.479980   19971980
2023-01-19 14:50:00-05:00  3918.479980  3918.479980  3915.760010  3915.949951  3915.949951   19941151
2023-01-19 14:55:00-05:00  3915.949951  3919.739990  3915.409912  3917.610107  3917.610107   20478947
2023-01-19 15:00:00-05:00  3917.620117  3921.129883  3917.620117  3920.560059  3920.560059   19072449
2023-01-19 15:05:00-05:00  3920.280029  3920.280029  3913.889893  3914.409912  3914.409912   20476035
2023-01-19 15:10:00-05:00  3914.459961  3916.550049  3912.560059  3915.340088  3915.340088   20077035
2023-01-19 15:15:00-05:00  3915.330078  3917.780029  3911.989990  3914.979980  3914.979980   25053490
2023-01-19 15:20:00-05:00  3915.040039  3915.040039  3912.310059  3913.719971  3913.719971   22356412
2023-01-19 15:25:00-05:00  3913.739990  3916.379883  3912.750000  3915.060059  3915.060059   24172039
2023-01-19 15:30:00-05:00  3915.120117  3915.439941  3910.139893  3912.870117  3912.870117   32423700
2023-01-19 15:35:00-05:00  3912.870117  3915.449951  3912.360107  3913.610107  3913.610107   27846150
2023-01-19 15:40:00-05:00  3913.659912  3913.659912  3908.489990  3909.060059  3909.060059   33830639
2023-01-19 15:45:00-05:00  3909.090088  3910.590088  3907.639893  3908.330078  3908.330078   42633124
2023-01-19 15:50:00-05:00  3908.540039  3909.129883  3902.969971  3904.489990  3904.489990   71783916
2023-01-19 15:55:00-05:00  3904.479980  3904.479980  3897.699951  3898.159912  3898.159912   88214057
2023-01-20 09:30:00-05:00  3909.040039  3913.459961  3899.800049  3900.219971  3900.219971   43845127
2023-01-20 09:35:00-05:00  3900.360107  3903.260010  3897.860107  3902.590088  3902.590088   40299237
2023-01-20 09:40:00-05:00  3902.550049  3909.290039  3902.270020  3908.850098  3908.850098   38587323
2023-01-20 09:45:00-05:00  3908.889893  3909.570068  3905.770020  3906.800049  3906.800049   35164544
2023-01-20 09:50:00-05:00  3906.919922  3913.290039  3906.040039  3909.000000  3909.000000   37311530
2023-01-20 09:55:00-05:00  3909.010010  3913.840088  3907.429932  3910.209961  3910.209961   32249771
2023-01-20 10:00:00-05:00  3910.429932  3912.540039  3906.479980  3911.360107  3911.360107   34196177
2023-01-20 10:05:00-05:00  3911.340088  3920.709961  3911.340088  3919.389893  3919.389893   32738180
2023-01-20 10:10:00-05:00  3919.330078  3920.530029  3915.889893  3915.889893  3915.889893   42089761
2023-01-20 10:15:00-05:00  3915.850098  3916.399902  3912.290039  3914.409912  3914.409912   27969226
2023-01-20 10:20:00-05:00  3914.439941  3918.729980  3913.300049  3917.409912  3917.409912   27766327
2023-01-20 10:25:00-05:00  3917.439941  3922.989990  3915.300049  3922.510010  3922.510010   26480357
2023-01-20 10:30:00-05:00  3922.439941  3924.110107  3919.870117  3920.919922  3920.919922   23466081
2023-01-20 10:35:00-05:00  3921.100098  3922.419922  3919.669922  3920.659912  3920.659912   18486635