                                  Open         High          Low        Close    Adj Close     Volume
Datetime                                                                                             
2023-02-03 10:50:00-05:00  4175.009766  4175.060059  4168.470215  4169.729980  4169.729980          0
2023-02-03 10:55:00-05:00  4169.500000  4170.589844  4164.160156  4169.640137  4169.640137   35847219
2023-02-03 11:00:00-05:00  4169.439941  4175.649902  4169.419922  4171.129883  4171.129883   27472852
2023-02-03 11:05:00-05:00  4171.419922  4173.779785  4169.279785  4170.370117  4170.370117   28624739
2023-02-03 11:10:00-05:00  4170.549805  4176.359863  4170.509766  4175.959961  4175.959961   27712605
2023-02-03 11:15:00-05:00  4176.080078  4178.640137  4172.000000  4172.410156  4172.410156   28685589
2023-02-03 11:20:00-05:00  4172.459961  4176.770020  4169.629883  4175.600098  4175.600098   24458770
2023-02-03 11:25:00-05:00  4175.569824  4176.910156  4172.399902  4176.379883  4176.379883   25829052
2023-02-03 11:30:00-05:00  4176.359863  4181.379883  4175.870117  4181.379883  4181.379883   28066399
2023-02-03 11:35:00-05:00  4181.439941  4182.359863  4170.120117  4172.160156  4172.160156   32777421
2023-02-03 11:40:00-05:00  4172.149902  4177.930176  4169.750000  4173.759766  4173.759766   25552001
2023-02-03 11:45:00-05:00  4173.859863  4175.359863  4164.560059  4164.560059  4164.560059   28323755
2023-02-03 11:50:00-05:00  4164.600098  4170.250000  4163.560059  4167.180176  4167.180176   22878488
2023-02-03 11:55:00-05:00  4167.160156  4168.819824  4159.229980  4160.160156  4160.160156   24181903
2023-02-03 12:00:00-05:00  4160.120117  4165.799805  4158.689941  4164.939941  4164.939941   22814685
2023-02-03 12:05:00-05:00  4164.919922  4168.160156  4164.029785  4165.709961  4165.709961   21931054
2023-02-03 12:10:00-05:00  4165.770020  4171.339844  4165.689941  4171.310059  4171.310059   18696659
2023-02-03 12:15:00-05:00  4171.180176  4173.450195  4169.930176  4172.919922  4172.919922   18862228
2023-02-03 12:20:00-05:00  4172.919922  4176.419922  4170.859863  4175.779785  4175.779785   20364676
2023-02-03 12:25:00-05:00  4175.799805  4176.450195  4173.600098  4174.339844  4174.339844   18431053
2023-02-03 12:30:00-05:00  4174.379883  4175.470215  4173.259766  4174.799805  4174.799805   18260713
2023-02-03 12:35:00-05:00  4174.799805  4176.950195  4174.479980  4174.779785  4174.779785   18589634
2023-02-03 12:40:00-05:00  4174.640137  4177.279785  4173.970215  4173.970215  4173.970215   18431733
2023-02-03 12:45:00-05:00  4173.919922  4175.859863  4170.520020  4170.799805  4170.799805   18834467
2023-02-03 12:50:00-05:00  4170.779785  4172.330078  4166.120117  4167.879883  4167.879883   20205447
2023-02-03 12:55:00-05:00  4167.830078  4168.529785  4152.339844  4153.410156  4153.410156   26615932
2023-02-03 13:00:00-05:00  4153.500000  4154.830078  4149.459961  4149.720215  4149.720215   24391276
2023-02-03 13:05:00-05:00  4149.729980  4153.189941  4142.089844  4142.089844  4142.089844   25617425
2023-02-03 13:10:00-05:00  4142.160156  4146.020020  4139.470215  4146.020020  4146.020020   24673401
2023-02-03 13:15:00-05:00  4146.020020  4147.609863  4143.870117  4146.339844  4146.339844   22754405
2023-02-03 13:20:00-05:00  4146.359863  4149.540039  4143.359863  4144.609863  4144.609863   20346825
2023-02-03 13:25:00-05:00  4145.049805  4146.520020  4142.160156  4142.390137  4142.390137   18526168
2023-02-03 13:30:00-05:00  4142.450195  4142.450195  4136.240234  4138.339844  4138.339844   25649691
2023-02-03 13:35:00-05:00  4138.350098  4143.609863  4136.720215  4142.200195  4142.200195   24480633
2023-02-03 13:40:00-05:00  4142.299805  4142.359863  4134.020020  4134.520020  4134.520020   24109437
2023-02-03 13:45:00-05:00  4134.479980  4139.049805  4129.649902  4137.410156  4137.410156   28652478
2023-02-03 13:50:00-05:00  4137.390137  4145.770020  4137.390137  4145.129883  4145.129883   23006203
2023-02-03 13:55:00-05:00  4144.939941  4146.450195  4141.379883  4142.069824  4142.069824   22009099
2023-02-03 14:00:00-05:00  4141.979980  4143.000000  4138.439941  4139.979980  4139.979980   23365137
2023-02-03 14:05:00-05:00  4139.959961  4144.100098  4137.649902  4139.759766  4139.759766   23882361
2023-02-03 14:10:00-05:00  4139.839844  4141.169922  4135.240234  4141.169922  4141.169922   18985748
2023-02-03 14:15:00-05:00  4141.140137  4141.319824  4133.479980  4135.319824  4135.319824   21770411
2023-02-03 14:20:00-05:00  4135.439941  4137.790039  4131.919922  4132.399902  4132.399902   21197781
2023-02-03 14:25:00-05:00  4132.370117  4137.669922  4131.500000  4137.459961  4137.459961   19354761
2023-02-03 14:30:00-05:00  4137.430176  4137.430176  4130.490234  4135.080078  4135.080078   24322872
2023-02-03 14:35:00-05:00  4135.049805  4143.180176  4134.680176  4143.060059  4143.060059   21915336
2023-02-03 14:40:00-05:00  4143.129883  4144.029785  4137.169922  4137.620117  4137.620117   18847915
2023-02-03 14:45:00-05:00  4137.600098  4137.770020  4134.669922  4137.669922  4137.669922   18420658
2023-02-03 14:50:00-05:00  4137.759766  4137.919922  4133.500000  4136.939941  4136.939941   20484941
2023-02-03 14:55:00-05:00  4136.899902  4138.080078  4128.359863  4130.669922  4130.669922   24700129
2023-02-03 15:00:00-05:00  4130.629883  4130.629883  4123.359863  4126.149902  4126.149902   28387054
2023-02-03 15:05:00-05:00  4126.069824  4131.819824  4123.560059  4131.069824  4131.069824   24801500
2023-02-03 15:10:00-05:00  4131.049805  4135.410156  4129.020020  4135.009766  4135.009766   24550396
2023-02-03 15:15:00-05:00  4135.000000  4141.830078  4132.430176  4139.549805  4139.549805   28178560
2023-02-03 15:20:00-05:00  4139.720215  4140.459961  4135.140137  4137.839844  4137.839844   25247105
2023-02-03 15:25:00-05:00  4137.910156  4141.370117  4136.020020  4136.140137  4136.140137   25765649
2023-02-03 15:30:00-05:00  4136.140137  4140.399902  4132.959961  4133.160156  4133.160156   33199502
2023-02-03 15:35:00-05:00  4133.009766  4135.189941  4130.569824  4131.859863  4131.859863   33407930
2023-02-03 15:40:00-05:00  4131.870117  4137.000000  4131.459961  4132.660156  4132.660156   38464951
2023-02-03 15:45:00-05:00  4132.200195  4134.109863  4128.229980  4128.939941  4128.939941   52309948
2023-02-03 15:50:00-05:00  4129.359863  4137.729980  4128.430176  4137.549805  4137.549805   81290140
2023-02-03 15:55:00-05:00  4137.609863  4139.000000  4135.660156  4136.520020  4136.520020  130910346
2023-02-06 09:30:00-05:00  4119.569824  4121.359863  4111.970215  4118.979980  4118.979980          0
2023-02-06 09:35:00-05:00  4118.919922  4119.859863  4111.770020  4113.339844  4113.339844   43523840
2023-02-06 09:40:00-05:00  4113.310059  4114.290039  4106.370117  4108.479980  4108.479980   37483296
2023-02-06 09:45:00-05:00  4108.330078  4114.029785  4107.410156  4112.759766  4112.759766   40421874
2023-02-06 09:50:00-05:00  4112.620117  4116.950195  4107.910156  4111.970215  4111.970215   36157606
2023-02-06 09:55:00-05:00  4111.839844  4115.629883  4109.700195  4114.589844  4114.589844   30756088
2023-02-06 10:00:00-05:00  4114.870117  4118.560059  4112.060059  4115.509766  4115.509766   36231543
2023-02-06 10:05:00-05:00  4115.520020  4118.520020  4112.040039  4118.359863  4118.359863   29468979
2023-02-06 10:10:00-05:00  4118.350098  4118.350098  4109.120117  4110.080078  4110.080078   27979563
2023-02-06 10:15:00-05:00  4110.020020  4110.020020  4102.330078  4103.149902  4103.149902   30871565
2023-02-06 10:20:00-05:00  4103.100098  4103.430176  4099.229980  4100.549805  4100.549805   32061046
2023-02-06 10:25:00-05:00  4100.589844  4102.390137  4098.069824  4099.930176  4099.930176   27188965
2023-02-06 10:30:00-05:00  4099.720215  4099.720215  4093.379883  4098.040039  4098.040039   31050116
2023-02-06 10:35:00-05:00  4097.790039  4101.609863  4097.180176  4099.740234  4099.740234   30206000
2023-02-06 10:40:00-05:00  4099.740234  4103.870117  4099.189941  4102.189941  4102.189941   25911994
2023-02-06 10:45:00-05:00  4102.120117  4106.020020  4100.930176  4105.250000  4105.250000   24860480
2023-02-06 10:50:00-05:00  4105.509766  4114.839844  4105.000000  4113.709961  4113.709961   27385643
2023-02-06 10:55:00-05:00  4113.310059  4115.740234  4112.279785  4114.549805  4114.549805   24390596
2023-02-06 11:00:00-05:00  4114.609863  4115.609863  4112.569824  4112.700195  4112.700195   20491320
2023-02-06 11:05:00-05:00  4112.709961  4120.160156  4112.649902  4113.080078  4113.080078   28223948
2023-02-06 11:10:00-05:00  4113.120117  4115.000000  4112.029785  4113.620117  4113.620117   19648022
2023-02-06 11:15:00-05:00  4113.450195  4121.339844  4113.450195  4120.759766  4120.759766   23356695
2023-02-06 11:20:00-05:00  4120.509766  4121.600098  4118.470215  4120.479980  4120.479980   21623773
2023-02-06 11:25:00-05:00  4120.470215  4123.459961  4120.180176  4122.129883  4122.129883   21086019
2023-02-06 11:30:00-05:00  4122.080078  4124.629883  4119.759766  4119.759766  4119.759766   23378570
2023-02-06 11:35:00-05:00  4119.640137  4120.779785  4118.859863  4118.979980  4118.979980   19848639
2023-02-06 11:40:00-05:00  4118.970215  4119.189941  4115.890137  4117.049805  4117.049805   18197937
2023-02-06 11:45:00-05:00  4117.000000  4117.979980  4112.549805  4113.350098  4113.350098   17405166
2023-02-06 11:50:00-05:00  4113.319824  4116.470215  4112.189941  4112.890137  4112.890137   18519624
2023-02-06 11:55:00-05:00  4112.919922  4114.299805  4108.120117  4109.049805  4109.049805   20852591
2023-02-06 12:00:00-05:00  4109.049805  4109.770020  4105.649902  4107.729980  4107.729980   18557163
2023-02-06 12:05:00-05:00  4107.790039  4112.379883  4107.609863  4111.020020  4111.020020   17378370
2023-02-06 12:10:00-05:00  4111.080078  4112.620117  4110.220215  4110.419922  4110.419922   15980678
2023-02-06 12:15:00-05:00  4110.319824  4111.439941  4105.770020  4105.870117  4105.870117   18947197
2023-02-06 12:20:00-05:00  4105.759766  4109.640137  4105.569824  4108.459961  4108.459961   16073437
2023-02-06 12:25:00-05:00  4108.450195  4110.120117  4107.689941  4108.229980  4108.229980   14715662
2023-02-06 12:30:00-05:00  4108.339844  4113.609863  4108.339844  4112.399902  4112.399902   16655298
2023-02-06 12:35:00-05:00  4112.359863  4116.020020  4112.359863  4113.490234  4113.490234   15574244
2023-02-06 12:40:00-05:00  4113.509766  4115.959961  4110.959961  4111.299805  4111.299805   16191880
2023-02-06 12:45:00-05:00  4111.310059  4116.140137  4111.279785  4114.109863  4114.109863   16186099
2023-02-06 12:50:00-05:00  4114.100098  4114.790039  4110.669922  4111.419922  4111.419922   14364195
2023-02-06 12:55:00-05:00  4111.430176  4112.890137  4110.529785  4111.529785  4111.529785   14577979
2023-02-06 13:00:00-05:00  4111.549805  4112.209961  4107.910156  4109.479980  4109.479980   16615953
2023-02-06 13:05:00-05:00  4109.520020  4113.279785  4108.790039  4111.479980  4111.479980   16767405
2023-02-06 13:10:00-05:00  4111.640137  4112.859863  4104.770020  4112.569824  4112.569824   17997061
2023-02-06 13:15:00-05:00  4112.569824  4114.270020  4111.160156  4114.189941  4114.189941   15980014
2023-02-06 13:20:00-05:00  4114.220215  4114.759766  4112.990234  4113.720215  4113.720215   14915386
2023-02-06 13:25:00-05:00  4113.689941  4114.509766  4109.390137  4109.390137  4109.390137   17906118
2023-02-06 13:30:00-05:00  4109.310059  4111.439941  4108.649902  4109.879883  4109.879883   15731720
2023-02-06 13:35:00-05:00  4110.000000  4111.399902  4108.680176  4110.100098  4110.100098   14736400
2023-02-06 13:40:00-05:00  4110.129883  4110.270020  4106.279785  4109.009766  4109.009766   18632329
2023-02-06 13:45:00-05:00  4108.970215  4110.069824  4106.310059  4106.850098  4106.850098   22732434
2023-02-06 13:50:00-05:00  4106.859863  4111.189941  4106.799805  4108.879883  4108.879883   15722031
2023-02-06 13:55:00-05:00  4108.870117  4112.600098  4108.390137  4111.759766  4111.759766   16727923
2023-02-06 14:00:00-05:00  4111.729980  4116.560059  4111.560059  4115.310059  4115.310059   21458784
2023-02-06 14:05:00-05:00  4115.330078  4116.520020  4114.490234  4115.720215  4115.720215   16002493
2023-02-06 14:10:00-05:00  4115.790039  4118.700195  4115.500000  4117.100098  4117.100098   17092960
2023-02-06 14:15:00-05:00  4117.160156  4121.859863  4116.950195  4120.589844  4120.589844   21011505
2023-02-06 14:20:00-05:00  4120.560059  4121.290039  4117.279785  4117.370117  4117.370117   18468696
2023-02-06 14:25:00-05:00  4117.339844  4118.009766  4115.049805  4115.890137  4115.890137   15314019
2023-02-06 14:30:00-05:00  4115.850098  4116.609863  4113.009766  4113.069824  4113.069824   17801478
2023-02-06 14:35:00-05:00  4113.189941  4114.220215  4111.520020  4112.799805  4112.799805   19139671
2023-02-06 14:40:00-05:00  4112.799805  4113.009766  4109.129883  4112.270020  4112.270020   18630907
2023-02-06 14:45:00-05:00  4112.250000  4113.319824  4110.959961  4112.390137  4112.390137   16968422
2023-02-06 14:50:00-05:00  4112.419922  4112.879883  4109.410156  4112.879883  4112.879883   17923005
2023-02-06 14:55:00-05:00  4112.859863  4114.089844  4111.080078  4114.089844  4114.089844   18434448
2023-02-06 15:00:00-05:00  4114.040039  4114.830078  4112.020020  4112.209961  4112.209961   17892978
2023-02-06 15:05:00-05:00  4112.209961  4112.330078  4107.459961  4111.790039  4111.790039   20877006
2023-02-06 15:10:00-05:00  4111.890137  4111.899902  4106.589844  4106.919922  4106.919922   21293975
2023-02-06 15:15:00-05:00  4106.890137  4109.149902  4104.479980  4107.509766  4107.509766   23301274
2023-02-06 15:20:00-05:00  4107.549805  4109.799805  4105.089844  4105.089844  4105.089844   20901548
2023-02-06 15:25:00-05:00  4105.100098  4106.080078  4102.529785  4103.729980  4103.729980   26035826
2023-02-06 15:30:00-05:00  4103.700195  4107.819824  4099.859863  4106.910156  4106.910156   32806697
2023-02-06 15:35:00-05:00  4106.919922  4111.879883  4106.919922  4109.339844  4109.339844   31657814
2023-02-06 15:40:00-05:00  4109.359863  4111.060059  4108.100098  4108.790039  4108.790039   33714300
2023-02-06 15:45:00-05:00  4108.779785  4109.729980  4105.109863  4106.879883  4106.879883   42031446
2023-02-06 15:50:00-05:00  4106.759766  4113.930176  4106.759766  4112.470215  4112.470215   65775402
2023-02-06 15:55:00-05:00  4112.390137  4112.839844  4108.859863  4111.200195  4111.200195   70360454
2023-02-07 09:30:00-05:00  4105.350098  4105.350098  4097.529785  4101.399902  4101.399902          0
2023-02-07 09:35:00-05:00  4101.140137  4104.660156  4098.109863  4104.330078  4104.330078   39744572
2023-02-07 09:40:00-05:00  4104.479980  4107.399902  4101.759766  4106.529785  4106.529785   38066561
2023-02-07 09:45:00-05:00  4106.470215  4106.470215  4100.069824  4102.899902  4102.899902   37407867
2023-02-07 09:50:00-05:00  4102.810059  4107.220215  4101.839844  4103.359863  4103.359863   39264284
2023-02-07 09:55:00-05:00  4103.520020  4105.770020  4100.649902  4101.950195  4101.950195   30490553
2023-02-07 10:00:00-05:00  4101.939941  4102.879883  4099.799805  4101.919922  4101.919922   32777457
2023-02-07 10:05:00-05:00  4101.930176  4104.790039  4099.930176  4099.930176  4099.930176   29754373
2023-02-07 10:10:00-05:00  4099.700195  4100.370117  4096.689941  4099.299805  4099.299805   32120452
2023-02-07 10:15:00-05:00  4099.500000  4102.270020  4097.009766  4102.169922  4102.169922   30853243
2023-02-07 10:20:00-05:00  4102.229980  4102.810059  4100.209961  4100.609863  4100.609863   28646626
2023-02-07 10:25:00-05:00  4100.580078  4101.689941  4095.790039  4097.629883  4097.629883   28996457
2023-02-07 10:30:00-05:00  4097.779785  4100.779785  4097.149902  4099.060059  4099.060059   29083550
2023-02-07 10:35:00-05:00  4099.140137  4102.660156  4098.240234  4102.169922  4102.169922   24549858
2023-02-07 10:40:00-05:00  4102.149902  4103.029785  4100.180176  4102.950195  4102.950195   23966403
2023-02-07 10:45:00-05:00  4102.890137  4103.390137  4101.459961  4102.629883  4102.629883   24011318
2023-02-07 10:50:00-05:00  4102.709961  4105.660156  4102.399902  4102.810059  4102.810059   24407687
2023-02-07 10:55:00-05:00  4102.740234  4103.069824  4098.740234  4099.580078  4099.580078   21406525
2023-02-07 11:00:00-05:00  4099.490234  4101.850098  4099.479980  4100.270020  4100.270020   19986148
2023-02-07 11:05:00-05:00  4100.029785  4110.979980  4099.990234  4109.370117  4109.370117   23152606
2023-02-07 11:10:00-05:00  4109.319824  4110.250000  4107.819824  4109.250000  4109.250000   18672292
2023-02-07 11:15:00-05:00  4109.290039  4110.709961  4107.799805  4108.000000  4108.000000   20320817
2023-02-07 11:20:00-05:00  4108.029785  4108.870117  4106.919922  4107.640137  4107.640137   20133505
2023-02-07 11:25:00-05:00  4107.640137  4111.479980  4107.500000  4110.120117  4110.120117   21056405
2023-02-07 11:30:00-05:00  4110.109863  4116.870117  4110.109863  4115.589844  4115.589844   22117704
2023-02-07 11:35:00-05:00  4115.609863  4117.009766  4115.000000  4115.350098  4115.350098   22225336
2023-02-07 11:40:00-05:00  4115.189941  4116.799805  4114.700195  4116.029785  4116.029785   19549453
2023-02-07 11:45:00-05:00  4116.069824  4118.270020  4115.509766  4117.270020  4117.270020   19807582
2023-02-07 11:50:00-05:00  4117.310059  4118.569824  4115.759766  4115.770020  4115.770020   18931957
2023-02-07 11:55:00-05:00  4115.779785  4116.560059  4114.430176  4114.529785  4114.529785   18072557
2023-02-07 12:00:00-05:00  4114.459961  4117.259766  4113.870117  4116.810059  4116.810059   18487829
2023-02-07 12:05:00-05:00  4116.810059  4117.879883  4115.959961  4116.189941  4116.189941   17079380
2023-02-07 12:10:00-05:00  4116.319824  4117.629883  4115.149902  4116.330078  4116.330078   17082466
2023-02-07 12:15:00-05:00  4116.370117  4117.180176  4115.379883  4115.850098  4115.850098   15951833
2023-02-07 12:20:00-05:00  4115.819824  4115.910156  4109.839844  4110.720215  4110.720215   19572134
2023-02-07 12:25:00-05:00  4110.830078  4112.069824  4109.660156  4110.459961  4110.459961   16315649
2023-02-07 12:30:00-05:00  4110.390137  4112.459961  4109.580078  4110.640137  4110.640137   15982569
2023-02-07 12:35:00-05:00  4110.589844  4112.419922  4110.120117  4112.240234  4112.240234   12961297
2023-02-07 12:40:00-05:00  4112.240234  4127.930176  4112.160156  4125.100098  4125.100098   36294492
2023-02-07 12:45:00-05:00  4125.109863  4144.649902  4125.109863  4144.479980  4144.479980   46071036
2023-02-07 12:50:00-05:00  4144.850098  4156.040039  4140.450195  4155.040039  4155.040039   40699018
2023-02-07 12:55:00-05:00  4154.819824  4162.859863  4152.970215  4155.209961  4155.209961   38170244
2023-02-07 13:00:00-05:00  4155.339844  4160.669922  4147.819824  4147.839844  4147.839844   37899835
2023-02-07 13:05:00-05:00  4147.990234  4153.790039  4144.850098  4146.830078  4146.830078   26781672
2023-02-07 13:10:00-05:00  4146.939941  4149.959961  4139.299805  4139.740234  4139.740234   24928120
2023-02-07 13:15:00-05:00  4139.629883  4140.540039  4124.009766  4135.310059  4135.310059   34607553
2023-02-07 13:20:00-05:00  4135.290039  4135.669922  4123.779785  4125.790039  4125.790039   24493820
2023-02-07 13:25:00-05:00  4125.810059  4130.669922  4110.279785  4110.470215  4110.470215   27473364
2023-02-07 13:30:00-05:00  4110.290039  4110.290039  4089.929932  4089.929932  4089.929932   42169712
2023-02-07 13:35:00-05:00  4089.020020  4100.310059  4088.389893  4097.560059  4097.560059   30201607
2023-02-07 13:40:00-05:00  4097.709961  4107.600098  4096.319824  4097.720215  4097.720215   27587926
2023-02-07 13:45:00-05:00  4097.649902  4098.759766  4089.729980  4091.409912  4091.409912   21076569
2023-02-07 13:50:00-05:00  4091.340088  4099.479980  4089.649902  4098.930176  4098.930176   22347721
2023-02-07 13:55:00-05:00  4098.899902  4102.750000  4098.399902  4101.299805  4101.299805   19542220
2023-02-07 14:00:00-05:00  4101.220215  4114.080078  4100.830078  4113.569824  4113.569824   22817121
2023-02-07 14:05:00-05:00  4113.629883  4127.569824  4112.850098  4125.459961  4125.459961   25983800
2023-02-07 14:10:00-05:00  4125.450195  4132.259766  4125.379883  4129.689941  4129.689941   20674639
2023-02-07 14:15:00-05:00  4129.490234  4135.709961  4129.490234  4134.680176  4134.680176   22417508
2023-02-07 14:20:00-05:00  4134.729980  4136.319824  4128.470215  4134.839844  4134.839844   22922763
2023-02-07 14:25:00-05:00  4134.750000  4137.879883  4130.549805  4133.009766  4133.009766   18048478
2023-02-07 14:30:00-05:00  4132.899902  4145.879883  4131.589844  4144.009766  4144.009766   26787793
2023-02-07 14:35:00-05:00  4143.979980  4144.700195  4141.500000  4143.009766  4143.009766   18484472
2023-02-07 14:40:00-05:00  4142.959961  4147.859863  4140.370117  4141.620117  4141.620117   21130230
2023-02-07 14:45:00-05:00  4141.560059  4145.779785  4141.560059  4143.839844  4143.839844   19390963
2023-02-07 14:50:00-05:00  4143.890137  4148.709961  4141.850098  4148.149902  4148.149902   20160388
2023-02-07 14:55:00-05:00  4148.160156  4148.609863  4145.830078  4147.970215  4147.970215   19262171
2023-02-07 15:00:00-05:00  4147.870117  4155.930176  4145.259766  4145.259766  4145.259766   30343120
2023-02-07 15:05:00-05:00  4144.990234  4147.229980  4139.220215  4140.410156  4140.410156   23372964
2023-02-07 15:10:00-05:00  4140.410156  4145.959961  4140.410156  4144.709961  4144.709961   19950350
2023-02-07 15:15:00-05:00  4144.729980  4151.049805  4144.680176  4150.180176  4150.180176   26000814
2023-02-07 15:20:00-05:00  4150.200195  4155.000000  4150.049805  4152.939941  4152.939941   25306379
2023-02-07 15:25:00-05:00  4153.279785  4159.100098  4151.720215  4158.620117  4158.620117   30007876
2023-02-07 15:30:00-05:00  4158.609863  4159.609863  4155.680176  4158.339844  4158.339844   31077059
2023-02-07 15:35:00-05:00  4158.359863  4160.270020  4153.649902  4159.890137  4159.890137   33439798
2023-02-07 15:40:00-05:00  4159.930176  4161.270020  4158.750000  4161.109863  4161.109863   35442407
2023-02-07 15:45:00-05:00  4161.080078  4166.919922  4159.899902  4165.529785  4165.529785   50811766
2023-02-07 15:50:00-05:00  4165.520020  4176.540039  4165.520020  4176.100098  4176.100098   82579089
2023-02-07 15:55:00-05:00  4176.140137  4176.140137  4162.890137  4164.069824  4164.069824  129011520
2023-02-08 09:30:00-05:00  4153.470215  4153.470215  4141.029785  4144.720215  4144.720215          0
2023-02-08 09:35:00-05:00  4145.060059  4152.520020  4145.060059  4152.450195  4152.450195   52281852
2023-02-08 09:40:00-05:00  4152.540039  4156.689941  4151.479980  4155.009766  4155.009766   43816645
2023-02-08 09:45:00-05:00  4155.040039  4155.299805  4149.520020  4149.520020  4149.520020   47065356
2023-02-08 09:50:00-05:00  4149.419922  4149.419922  4142.799805  4145.870117  4145.870117   42929430
2023-02-08 09:55:00-05:00  4145.899902  4154.540039  4144.189941  4153.790039  4153.790039   38447349
2023-02-08 10:00:00-05:00  4153.770020  4153.770020  4146.209961  4150.310059  4150.310059   36892156
2023-02-08 10:05:00-05:00  4150.379883  4151.109863  4142.459961  4146.160156  4146.160156   34668569
2023-02-08 10:10:00-05:00  4146.209961  4149.640137  4145.470215  4149.229980  4149.229980   28889387
2023-02-08 10:15:00-05:00  4149.279785  4156.850098  4149.129883  4155.910156  4155.910156   31177660
2023-02-08 10:20:00-05:00  4155.919922  4155.919922  4146.819824  4148.200195  4148.200195   28842629
2023-02-08 10:25:00-05:00  4148.220215  4148.339844  4144.540039  4145.779785  4145.779785   27372768
2023-02-08 10:30:00-05:00  4145.810059  4145.810059  4132.779785  4135.160156  4135.160156   37048213
2023-02-08 10:35:00-05:00  4135.220215  4141.979980  4134.029785  4141.740234  4141.740234   29339834
2023-02-08 10:40:00-05:00  4141.790039  4142.390137  4137.819824  4138.520020  4138.520020   24442996
2023-02-08 10:45:00-05:00  4138.629883  4141.379883  4136.709961  4138.950195  4138.950195   25577165
2023-02-08 10:50:00-05:00  4138.859863  4138.919922  4132.609863  4137.040039  4137.040039   31669107
2023-02-08 10:55:00-05:00  4136.979980  4138.970215  4135.620117  4136.430176  4136.430176   25251672
2023-02-08 11:00:00-05:00  4136.390137  4136.680176  4130.870117  4134.270020  4134.270020   30316741
2023-02-08 11:05:00-05:00  4134.299805  4134.870117  4130.009766  4132.890137  4132.890137   25917709
2023-02-08 11:10:00-05:00  4132.819824  4133.759766  4128.009766  4129.080078  4129.080078   26477749
2023-02-08 11:15:00-05:00  4129.069824  4134.959961  4128.479980  4134.629883  4134.629883   30713659
2023-02-08 11:20:00-05:00  4134.620117  4134.819824  4123.000000  4123.490234  4123.490234   30621485
2023-02-08 11:25:00-05:00  4123.680176  4123.939941  4116.470215  4119.669922  4119.669922   35099389
2023-02-08 11:30:00-05:00  4119.689941  4120.549805  4114.689941  4115.819824  4115.819824   31594346
2023-02-08 11:35:00-05:00  4115.830078  4121.229980  4115.830078  4120.180176  4120.180176   26028156
2023-02-08 11:40:00-05:00  4120.330078  4120.330078  4113.799805  4115.459961  4115.459961   23971148
2023-02-08 11:45:00-05:00  4115.419922  4119.290039  4115.200195  4117.819824  4117.819824   22940337
2023-02-08 11:50:00-05:00  4117.680176  4120.520020  4116.589844  4119.700195  4119.700195   23993243
2023-02-08 11:55:00-05:00  4119.549805  4126.830078  4118.569824  4126.560059  4126.560059   23309788
2023-02-08 12:00:00-05:00  4126.439941  4126.439941  4119.740234  4119.830078  4119.830078   20549270
2023-02-08 12:05:00-05:00  4119.910156  4123.759766  4118.160156  4122.459961  4122.459961   19006532
2023-02-08 12:10:00-05:00  4122.490234  4125.990234  4119.649902  4119.649902  4119.649902   19019507
2023-02-08 12:15:00-05:00  4119.669922  4124.569824  4118.640137  4124.439941  4124.439941   21749842
2023-02-08 12:20:00-05:00  4124.459961  4129.569824  4124.140137  4128.339844  4128.339844   19087421
2023-02-08 12:25:00-05:00  4128.410156  4128.930176  4125.299805  4128.930176  4128.930176   17711258
2023-02-08 12:30:00-05:00  4128.859863  4131.479980  4124.259766  4124.259766  4124.259766   19525168
2023-02-08 12:35:00-05:00  4124.310059  4126.520020  4120.720215  4120.779785  4120.779785   19300506
2023-02-08 12:40:00-05:00  4120.870117  4121.750000  4119.279785  4121.720215  4121.720215   18180298
2023-02-08 12:45:00-05:00  4121.669922  4127.089844  4121.669922  4127.089844  4127.089844   18031921
2023-02-08 12:50:00-05:00  4127.089844  4129.779785  4127.009766  4127.810059  4127.810059   15788826
2023-02-08 12:55:00-05:00  4127.720215  4131.049805  4126.410156  4130.750000  4130.750000   15797710
2023-02-08 13:00:00-05:00  4130.819824  4133.859863  4130.060059  4132.689941  4132.689941   18136863
2023-02-08 13:05:00-05:00  4132.649902  4137.270020  4129.560059  4134.450195  4134.450195   21019605
2023-02-08 13:10:00-05:00  4134.459961  4136.700195  4132.910156  4134.209961  4134.209961   16783679
2023-02-08 13:15:00-05:00  4134.229980  4135.870117  4131.660156  4134.240234  4134.240234   17548707
2023-02-08 13:20:00-05:00  4134.310059  4137.120117  4133.160156  4136.830078  4136.830078   17110233
2023-02-08 13:25:00-05:00  4136.839844  4137.169922  4129.000000  4129.040039  4129.040039   20388315
2023-02-08 13:30:00-05:00  4128.930176  4129.200195  4125.089844  4126.149902  4126.149902   19555981
2023-02-08 13:35:00-05:00  4126.129883  4128.620117  4122.060059  4123.790039  4123.790039   19967076
2023-02-08 13:40:00-05:00  4123.910156  4125.879883  4122.660156  4124.990234  4124.990234   17539548
2023-02-08 13:45:00-05:00  4124.990234  4126.490234  4122.240234  4123.069824  4123.069824   17576211
2023-02-08 13:50:00-05:00  4123.120117  4124.479980  4121.810059  4122.370117  4122.370117   17721923
2023-02-08 13:55:00-05:00  4122.390137  4126.270020  4122.180176  4126.040039  4126.040039   18006307
2023-02-08 14:00:00-05:00  4126.060059  4126.410156  4121.180176  4124.629883  4124.629883   19810377
2023-02-08 14:05:00-05:00  4124.609863  4126.120117  4121.740234  4124.509766  4124.509766   16645181
2023-02-08 14:10:00-05:00  4124.439941  4129.270020  4123.939941  4128.879883  4128.879883   18045257
2023-02-08 14:15:00-05:00  4128.859863  4132.930176  4128.649902  4131.549805  4131.549805   20963615
2023-02-08 14:20:00-05:00  4131.520020  4131.689941  4127.620117  4127.620117  4127.620117   15440306
2023-02-08 14:25:00-05:00  4127.560059  4127.560059  4123.470215  4123.970215  4123.970215   17558569
2023-02-08 14:30:00-05:00  4123.930176  4125.859863  4123.129883  4124.089844  4124.089844   19629703
2023-02-08 14:35:00-05:00  4124.129883  4126.549805  4124.109863  4125.839844  4125.839844   16905749
2023-02-08 14:40:00-05:00  4125.910156  4126.890137  4117.270020  4120.660156  4120.660156   23947320
2023-02-08 14:45:00-05:00  4120.680176  4120.689941  4117.419922  4118.169922  4118.169922   19717407
2023-02-08 14:50:00-05:00  4118.129883  4122.009766  4118.129883  4121.580078  4121.580078   17723303
2023-02-08 14:55:00-05:00  4121.560059  4126.270020  4120.330078  4125.140137  4125.140137   18918929
2023-02-08 15:00:00-05:00  4125.189941  4125.810059  4118.330078  4118.500000  4118.500000   24488078
2023-02-08 15:05:00-05:00  4118.459961  4118.879883  4114.279785  4117.799805  4117.799805   24802004
2023-02-08 15:10:00-05:00  4117.629883  4117.629883  4111.770020  4113.390137  4113.390137   24256599
2023-02-08 15:15:00-05:00  4113.310059  4116.750000  4111.669922  4111.680176  4111.680176   24473538
2023-02-08 15:20:00-05:00  4111.709961  4119.069824  4111.709961  4118.509766  4118.509766   26820450
2023-02-08 15:25:00-05:00  4118.540039  4119.290039  4115.819824  4117.379883  4117.379883   26362974
2023-02-08 15:30:00-05:00  4117.359863  4121.660156  4115.299805  4115.359863  4115.359863   31524577
2023-02-08 15:35:00-05:00  4115.339844  4122.439941  4115.339844  4122.390137  4122.390137   29134109
2023-02-08 15:40:00-05:00  4122.419922  4123.609863  4120.029785  4122.020020  4122.020020   36276613
2023-02-08 15:45:00-05:00  4121.970215  4122.029785  4115.770020  4116.100098  4116.100098   44818720
2023-02-08 15:50:00-05:00  4116.169922  4122.299805  4116.169922  4118.089844  4118.089844   75437639
2023-02-08 15:55:00-05:00  4118.290039  4120.899902  4116.439941  4118.330078  4118.330078  123074668
2023-02-09 09:30:00-05:00  4144.250000  4156.229980  4144.250000  4151.529785  4151.529785          0
2023-02-09 09:35:00-05:00  4151.560059  4154.200195  4146.850098  4149.430176  4149.430176   46279029
2023-02-09 09:40:00-05:00  4149.490234  4151.160156  4143.439941  4144.529785  4144.529785   46037655
2023-02-09 09:45:00-05:00  4144.439941  4150.970215  4143.129883  4150.740234  4150.740234   43819360
2023-02-09 09:50:00-05:00  4150.859863  4155.259766  4145.229980  4146.149902  4146.149902   41358574
2023-02-09 09:55:00-05:00  4146.279785  4149.339844  4141.629883  4144.910156  4144.910156   37818704
2023-02-09 10:00:00-05:00  4144.899902  4147.370117  4141.790039  4144.770020  4144.770020   39776719
2023-02-09 10:05:00-05:00  4144.870117  4149.790039  4144.060059  4146.350098  4146.350098   37280683
2023-02-09 10:10:00-05:00  4146.370117  4148.430176  4144.259766  4146.359863  4146.359863   33169950
2023-02-09 10:15:00-05:00  4146.240234  4150.680176  4145.419922  4148.569824  4148.569824   36831790
2023-02-09 10:20:00-05:00  4148.470215  4151.200195  4142.830078  4143.709961  4143.709961   33935739
2023-02-09 10:25:00-05:00  4143.660156  4143.660156  4133.009766  4134.430176  4134.430176   37835858
2023-02-09 10:30:00-05:00  4134.399902  4139.490234  4132.700195  4137.740234  4137.740234   32758567
2023-02-09 10:35:00-05:00  4137.859863  4140.520020  4137.569824  4138.560059  4138.560059   27564792
2023-02-09 10:40:00-05:00  4138.580078  4139.040039  4135.080078  4135.930176  4135.930176   28229314
2023-02-09 10:45:00-05:00  4135.950195  4141.109863  4135.500000  4140.819824  4140.819824   26295707
2023-02-09 10:50:00-05:00  4140.729980  4142.859863  4138.109863  4138.689941  4138.689941          0
2023-02-09 10:55:00-05:00  4137.660156  4141.359863  4136.390137  4141.200195  4141.200195  720263834
2023-02-09 11:00:00-05:00  4141.220215  4141.299805  4127.979980  4130.879883  4130.879883   34738054
2023-02-09 11:05:00-05:00  4130.859863  4133.740234  4126.830078  4133.140137  4133.140137   27922189
2023-02-09 11:10:00-05:00  4133.080078  4134.689941  4131.279785  4133.430176  4133.430176   22674535
2023-02-09 11:15:00-05:00  4133.520020  4133.569824  4129.250000  4130.549805  4130.549805   23539061
2023-02-09 11:20:00-05:00  4130.470215  4130.740234  4122.640137  4123.419922  4123.419922   24359685
2023-02-09 11:25:00-05:00  4123.490234  4127.330078  4122.839844  4126.830078  4126.830078   25450266
2023-02-09 11:30:00-05:00  4126.680176  4126.850098  4123.810059  4124.759766  4124.759766   22835592
2023-02-09 11:35:00-05:00  4124.770020  4127.430176  4123.299805  4127.310059  4127.310059   26270714
2023-02-09 11:40:00-05:00  4127.350098  4128.359863  4124.819824  4128.029785  4128.029785   21199856
2023-02-09 11:45:00-05:00  4128.120117  4128.120117  4122.120117  4123.680176  4123.680176   23496637
2023-02-09 11:50:00-05:00  4123.589844  4124.479980  4121.689941  4122.399902  4122.399902   20727179
2023-02-09 11:55:00-05:00  4122.359863  4125.359863  4120.939941  4125.359863  4125.359863   21818660
2023-02-09 12:00:00-05:00  4125.339844  4128.689941  4124.799805  4126.160156  4126.160156   19499649
2023-02-09 12:05:00-05:00  4126.149902  4129.009766  4125.919922  4129.009766  4129.009766   18253219
2023-02-09 12:10:00-05:00  4129.549805  4131.529785  4129.520020  4130.189941  4130.189941   18468069
2023-02-09 12:15:00-05:00  4130.220215  4130.859863  4126.299805  4130.859863  4130.859863   20108462
2023-02-09 12:20:00-05:00  4130.850098  4132.049805  4128.899902  4130.680176  4130.680176   20394957
2023-02-09 12:25:00-05:00  4130.709961  4131.750000  4124.879883  4124.879883  4124.879883   21436715
2023-02-09 12:30:00-05:00  4124.759766  4125.049805  4114.959961  4115.080078  4115.080078   25671460
2023-02-09 12:35:00-05:00  4115.060059  4116.209961  4110.370117  4110.589844  4110.589844   23965850
2023-02-09 12:40:00-05:00  4110.609863  4113.279785  4109.589844  4110.509766  4110.509766   22977508
2023-02-09 12:45:00-05:00  4110.520020  4110.520020  4104.479980  4105.109863  4105.109863   23017241
2023-02-09 12:50:00-05:00  4105.120117  4109.020020  4104.479980  4109.020020  4109.020020   18183705
2023-02-09 12:55:00-05:00  4109.040039  4112.990234  4108.890137  4112.729980  4112.729980   19613673
2023-02-09 13:00:00-05:00  4112.700195  4112.700195  4105.729980  4108.970215  4108.970215   22360651
2023-02-09 13:05:00-05:00  4108.919922  4111.970215  4108.410156  4109.410156  4109.410156   17743456
2023-02-09 13:10:00-05:00  4109.450195  4111.419922  4107.560059  4108.350098  4108.350098   16296620
2023-02-09 13:15:00-05:00  4108.669922  4110.620117  4106.660156  4110.140137  4110.140137   17223137
2023-02-09 13:20:00-05:00  4110.140137  4112.169922  4107.970215  4108.879883  4108.879883   18766419
2023-02-09 13:25:00-05:00  4108.870117  4113.100098  4108.790039  4109.370117  4109.370117   18468803
2023-02-09 13:30:00-05:00  4109.430176  4115.310059  4107.049805  4114.339844  4114.339844   19498388
2023-02-09 13:35:00-05:00  4114.359863  4114.359863  4107.850098  4108.200195  4108.200195   16791881
2023-02-09 13:40:00-05:00  4108.180176  4108.629883  4103.500000  4105.259766  4105.259766   19898763
2023-02-09 13:45:00-05:00  4105.200195  4107.290039  4102.049805  4107.169922  4107.169922   18777434
2023-02-09 13:50:00-05:00  4107.169922  4107.509766  4104.850098  4106.589844  4106.589844   17764597
2023-02-09 13:55:00-05:00  4106.589844  4106.959961  4101.899902  4104.339844  4104.339844   18367520
2023-02-09 14:00:00-05:00  4104.379883  4106.790039  4101.399902  4102.209961  4102.209961   20789597
2023-02-09 14:05:00-05:00  4102.200195  4105.379883  4101.899902  4104.910156  4104.910156   18338320
2023-02-09 14:10:00-05:00  4104.950195  4105.109863  4099.000000  4101.220215  4101.220215   18602886
2023-02-09 14:15:00-05:00  4101.290039  4101.759766  4096.000000  4097.049805  4097.049805   21354544
2023-02-09 14:20:00-05:00  4097.129883  4099.470215  4093.830078  4094.699951  4094.699951   20929294
2023-02-09 14:25:00-05:00  4094.709961  4097.040039  4094.000000  4094.389893  4094.389893   20535618
2023-02-09 14:30:00-05:00  4094.399902  4098.729980  4093.179932  4094.389893  4094.389893   22045520
2023-02-09 14:35:00-05:00  4094.389893  4095.899902  4093.600098  4094.399902  4094.399902   20949205
2023-02-09 14:40:00-05:00  4094.330078  4099.839844  4094.080078  4098.569824  4098.569824   21161688
2023-02-09 14:45:00-05:00  4098.589844  4099.379883  4094.689941  4098.879883  4098.879883   19216128
2023-02-09 14:50:00-05:00  4098.879883  4098.919922  4094.739990  4095.870117  4095.870117   18472974
2023-02-09 14:55:00-05:00  4095.850098  4095.850098  4094.080078  4095.429932  4095.429932   19495892
2023-02-09 15:00:00-05:00  4095.419922  4095.500000  4086.560059  4086.560059  4086.560059   27702859
2023-02-09 15:05:00-05:00  4086.530029  4091.560059  4085.310059  4091.449951  4091.449951   26797732
2023-02-09 15:10:00-05:00  4091.439941  4091.639893  4086.739990  4086.939941  4086.939941   23266766
2023-02-09 15:15:00-05:00  4086.959961  4086.959961  4083.560059  4085.070068  4085.070068   27747393
2023-02-09 15:20:00-05:00  4085.050049  4087.330078  4081.419922  4081.419922  4081.419922   28255013
2023-02-09 15:25:00-05:00  4081.590088  4081.899902  4077.270020  4079.239990  4079.239990   31383398
2023-02-09 15:30:00-05:00  4079.209961  4079.209961  4071.340088  4071.550049  4071.550049   37645888
2023-02-09 15:35:00-05:00  4071.590088  4078.919922  4069.669922  4078.919922  4078.919922   39313379
2023-02-09 15:40:00-05:00  4078.949951  4082.489990  4076.959961  4082.479980  4082.479980   40249312
2023-02-09 15:45:00-05:00  4082.360107  4086.120117  4079.489990  4081.560059  4081.560059   50109804
2023-02-09 15:50:00-05:00  4081.370117  4092.669922  4081.370117  4089.780029  4089.780029   87262743
2023-02-09 15:55:00-05:00  4089.790039  4089.790039  4080.209961  4081.770020  4081.770020  136676347
2023-02-10 09:30:00-05:00  4068.919922  4077.540039  4067.899902  4075.770020  4075.770020   40635992
2023-02-10 09:35:00-05:00  4075.919922  4079.560059  4071.649902  4072.659912  4072.659912   45554991
2023-02-10 09:40:00-05:00  4072.709961  4072.739990  4064.800049  4069.179932  4069.179932   46582186
2023-02-10 09:45:00-05:00  4069.120117  4076.879883  4066.909912  4076.300049  4076.300049   42069130
2023-02-10 09:50:00-05:00  4076.399902  4079.729980  4072.040039  4072.729980  4072.729980   35746086
2023-02-10 09:55:00-05:00  4072.580078  4076.280029  4071.739990  4073.560059  4073.560059   29904358
2023-02-10 10:00:00-05:00  4074.439941  4074.439941  4060.790039  4065.310059  4065.310059   45807981
2023-02-10 10:05:00-05:00  4065.570068  4074.750000  4065.570068  4073.000000  4073.000000   37854627
2023-02-10 10:10:00-05:00  4073.159912  4085.989990  4073.159912  4083.409912  4083.409912   39254698
2023-02-10 10:15:00-05:00  4083.370117  4090.580078  4080.159912  4087.280029  4087.280029   33987397
2023-02-10 10:20:00-05:00  4087.139893  4090.560059  4085.310059  4087.989990  4087.989990   29160203
2023-02-10 10:25:00-05:00  4088.060059  4088.699951  4082.909912  4085.379883  4085.379883   27784507
2023-02-10 10:30:00-05:00  4085.600098  4088.669922  4083.229980  4085.310059  4085.310059   27282777
2023-02-10 10:35:00-05:00  4085.810059  4089.489990  4083.909912  4084.260010  4084.260010   22978152