                                Open       High        Low      Close  Adj Close  Volume
Datetime                                                                                
2022-12-05 10:54:00-05:00  20.110001  20.110001  20.070000  20.070000  20.070000       0
2022-12-05 10:56:00-05:00  20.090000  20.090000  20.070000  20.090000  20.090000       0
2022-12-05 10:58:00-05:00  20.090000  20.120001  20.090000  20.090000  20.090000       0
2022-12-05 11:00:00-05:00  20.080000  20.080000  20.030001  20.030001  20.030001       0
2022-12-05 11:02:00-05:00  20.049999  20.049999  20.040001  20.040001  20.040001       0
2022-12-05 11:04:00-05:00  20.040001  20.040001  19.990000  20.020000  20.020000       0
2022-12-05 11:06:00-05:00  20.020000  20.020000  19.940001  19.940001  19.940001       0
2022-12-05 11:08:00-05:00  19.950001  19.950001  19.910000  19.910000  19.910000       0
2022-12-05 11:10:00-05:00  19.889999  19.889999  19.830000  19.830000  19.830000       0
2022-12-05 11:12:00-05:00  19.820000  19.820000  19.780001  19.790001  19.790001       0
2022-12-05 11:14:00-05:00  19.799999  19.879999  19.799999  19.879999  19.879999       0
2022-12-05 11:16:00-05:00  19.889999  19.980000  19.889999  19.980000  19.980000       0
2022-12-05 11:18:00-05:00  19.980000  20.020000  19.980000  20.000000  20.000000       0
2022-12-05 11:20:00-05:00  20.020000  20.080000  20.020000  20.080000  20.080000       0
2022-12-05 11:22:00-05:00  20.080000  20.100000  20.070000  20.100000  20.100000       0
2022-12-05 11:24:00-05:00  20.100000  20.180000  20.100000  20.180000  20.180000       0
2022-12-05 11:26:00-05:00  20.170000  20.170000  20.139999  20.150000  20.150000       0
2022-12-05 11:28:00-05:00  20.139999  20.180000  20.139999  20.170000  20.170000       0
2022-12-05 11:30:00-05:00  20.170000  20.250000  20.170000  20.250000  20.250000       0
2022-12-05 11:32:00-05:00  20.250000  20.280001  20.250000  20.270000  20.270000       0
2022-12-05 11:34:00-05:00  20.299999  20.360001  20.290001  20.360001  20.360001       0
2022-12-05 11:36:00-05:00  20.370001  20.389999  20.360001  20.360001  20.360001       0
2022-12-05 11:38:00-05:00  20.350000  20.350000  20.280001  20.299999  20.299999       0
2022-12-05 11:40:00-05:00  20.299999  20.299999  20.270000  20.270000  20.270000       0
2022-12-05 11:42:00-05:00  20.260000  20.299999  20.260000  20.299999  20.299999       0
2022-12-05 11:44:00-05:00  20.309999  20.309999  20.250000  20.250000  20.250000       0
2022-12-05 11:46:00-05:00  20.250000  20.260000  20.240000  20.260000  20.260000       0
2022-12-05 11:48:00-05:00  20.260000  20.270000  20.260000  20.260000  20.260000       0
2022-12-05 11:50:00-05:00  20.260000  20.270000  20.219999  20.230000  20.230000       0
2022-12-05 11:52:00-05:00  20.230000  20.320000  20.230000  20.320000  20.320000       0
2022-12-05 11:54:00-05:00  20.330000  20.500000  20.330000  20.500000  20.500000       0
2022-12-05 11:56:00-05:00  20.500000  20.540001  20.500000  20.500000  20.500000       0
2022-12-05 11:58:00-05:00  20.490000  20.510000  20.490000  20.490000  20.490000       0
2022-12-05 12:00:00-05:00  20.510000  20.570000  20.510000  20.570000  20.570000       0
2022-12-05 12:02:00-05:00  20.570000  20.580000  20.559999  20.559999  20.559999       0
2022-12-05 12:04:00-05:00  20.570000  20.580000  20.559999  20.559999  20.559999       0
2022-12-05 12:06:00-05:00  20.549999  20.559999  20.549999  20.559999  20.559999       0
2022-12-05 12:08:00-05:00  20.549999  20.590000  20.549999  20.580000  20.580000       0
2022-12-05 12:10:00-05:00  20.580000  20.620001  20.580000  20.620001  20.620001       0
2022-12-05 12:12:00-05:00  20.610001  20.629999  20.610001  20.620001  20.620001       0
2022-12-05 12:14:00-05:00  20.610001  20.620001  20.549999  20.549999  20.549999       0
2022-12-05 12:16:00-05:00  20.530001  20.540001  20.500000  20.500000  20.500000       0
2022-12-05 12:18:00-05:00  20.480000  20.510000  20.480000  20.490000  20.490000       0
2022-12-05 12:20:00-05:00  20.500000  20.500000  20.490000  20.490000  20.490000       0
2022-12-05 12:22:00-05:00  20.490000  20.490000  20.450001  20.450001  20.450001       0
2022-12-05 12:24:00-05:00  20.450001  20.450001  20.440001  20.450001  20.450001       0
2022-12-05 12:26:00-05:00  20.459999  20.459999  20.450001  20.459999  20.459999       0
2022-12-05 12:28:00-05:00  20.450001  20.520000  20.450001  20.500000  20.500000       0
2022-12-05 12:30:00-05:00  20.510000  20.549999  20.510000  20.549999  20.549999       0
2022-12-05 12:32:00-05:00  20.559999  20.570000  20.549999  20.570000  20.570000       0
2022-12-05 12:34:00-05:00  20.590000  20.740000  20.590000  20.730000  20.730000       0
2022-12-05 12:36:00-05:00  20.680000  20.690001  20.650000  20.690001  20.690001       0
2022-12-05 12:38:00-05:00  20.690001  20.719999  20.690001  20.719999  20.719999       0
2022-12-05 12:40:00-05:00  20.709999  20.760000  20.709999  20.760000  20.760000       0
2022-12-05 12:42:00-05:00  20.760000  20.760000  20.750000  20.760000  20.760000       0
2022-12-05 12:44:00-05:00  20.760000  20.770000  20.709999  20.709999  20.709999       0
2022-12-05 12:46:00-05:00  20.709999  20.709999  20.680000  20.700001  20.700001       0
2022-12-05 12:48:00-05:00  20.700001  20.700001  20.680000  20.680000  20.680000       0
2022-12-05 12:50:00-05:00  20.709999  20.740000  20.709999  20.740000  20.740000       0
2022-12-05 12:52:00-05:00  20.740000  20.799999  20.740000  20.780001  20.780001       0
2022-12-05 12:54:00-05:00  20.780001  20.799999  20.780001  20.799999  20.799999       0
2022-12-05 12:56:00-05:00  20.799999  20.809999  20.760000  20.760000  20.760000       0
2022-12-05 12:58:00-05:00  20.760000  20.790001  20.760000  20.790001  20.790001       0
2022-12-05 13:00:00-05:00  20.799999  20.809999  20.750000  20.790001  20.790001       0
2022-12-05 13:02:00-05:00  20.790001  20.799999  20.770000  20.770000  20.770000       0
2022-12-05 13:04:00-05:00  20.770000  20.770000  20.750000  20.750000  20.750000       0
2022-12-05 13:06:00-05:00  20.719999  20.719999  20.670000  20.670000  20.670000       0
2022-12-05 13:08:00-05:00  20.670000  20.670000  20.660000  20.660000  20.660000       0
2022-12-05 13:10:00-05:00  20.660000  20.660000  20.610001  20.620001  20.620001       0
2022-12-05 13:12:00-05:00  20.620001  20.629999  20.600000  20.600000  20.600000       0
2022-12-05 13:14:00-05:00  20.590000  20.590000  20.549999  20.549999  20.549999       0
2022-12-05 13:16:00-05:00  20.549999  20.549999  20.530001  20.530001  20.530001       0
2022-12-05 13:18:00-05:00  20.530001  20.530001  20.510000  20.520000  20.520000       0
2022-12-05 13:20:00-05:00  20.520000  20.629999  20.520000  20.629999  20.629999       0
2022-12-05 13:22:00-05:00  20.620001  20.650000  20.620001  20.639999  20.639999       0
2022-12-05 13:24:00-05:00  20.639999  20.650000  20.620001  20.620001  20.620001       0
2022-12-05 13:26:00-05:00  20.620001  20.639999  20.620001  20.629999  20.629999       0
2022-12-05 13:28:00-05:00  20.650000  20.670000  20.639999  20.650000  20.650000       0
2022-12-05 13:30:00-05:00  20.639999  20.650000  20.610001  20.610001  20.610001       0
2022-12-05 13:32:00-05:00  20.600000  20.600000  20.580000  20.590000  20.590000       0
2022-12-05 13:34:00-05:00  20.590000  20.610001  20.590000  20.590000  20.590000       0
2022-12-05 13:36:00-05:00  20.590000  20.600000  20.590000  20.590000  20.590000       0
2022-12-05 13:38:00-05:00  20.600000  20.600000  20.530001  20.530001  20.530001       0
2022-12-05 13:40:00-05:00  20.549999  20.549999  20.530001  20.549999  20.549999       0
2022-12-05 13:42:00-05:00  20.549999  20.700001  20.530001  20.700001  20.700001       0
2022-12-05 13:44:00-05:00  20.730000  20.799999  20.730000  20.750000  20.750000       0
2022-12-05 13:46:00-05:00  20.760000  20.760000  20.680000  20.680000  20.680000       0
2022-12-05 13:48:00-05:00  20.680000  20.700001  20.650000  20.700001  20.700001       0
2022-12-05 13:50:00-05:00  20.700001  20.830000  20.700001  20.830000  20.830000       0
2022-12-05 13:52:00-05:00  20.840000  20.889999  20.840000  20.860001  20.860001       0
2022-12-05 13:54:00-05:00  20.870001  20.930000  20.870001  20.930000  20.930000       0
2022-12-05 13:56:00-05:00  20.930000  21.100000  20.930000  21.100000  21.100000       0
2022-12-05 13:58:00-05:00  21.110001  21.139999  21.100000  21.129999  21.129999       0
2022-12-05 14:00:00-05:00  21.150000  21.180000  21.129999  21.180000  21.180000       0
2022-12-05 14:02:00-05:00  21.170000  21.170000  21.090000  21.090000  21.090000       0
2022-12-05 14:04:00-05:00  21.059999  21.090000  21.049999  21.049999  21.049999       0
2022-12-05 14:06:00-05:00  21.059999  21.110001  21.059999  21.110001  21.110001       0
2022-12-05 14:08:00-05:00  21.110001  21.120001  21.100000  21.100000  21.100000       0
2022-12-05 14:10:00-05:00  21.100000  21.100000  20.920000  20.920000  20.920000       0
2022-12-05 14:12:00-05:00  20.920000  20.940001  20.910000  20.920000  20.920000       0
2022-12-05 14:14:00-05:00  20.930000  20.930000  20.910000  20.930000  20.930000       0
2022-12-05 14:16:00-05:00  20.930000  20.940001  20.920000  20.920000  20.920000       0
2022-12-05 14:18:00-05:00  20.930000  20.980000  20.930000  20.980000  20.980000       0
2022-12-05 14:20:00-05:00  20.980000  21.070000  20.980000  21.040001  21.040001       0
2022-12-05 14:22:00-05:00  21.049999  21.059999  21.049999  21.059999  21.059999       0
2022-12-05 14:24:00-05:00  21.059999  21.090000  21.059999  21.090000  21.090000       0
2022-12-05 14:26:00-05:00  21.080000  21.080000  21.030001  21.049999  21.049999       0
2022-12-05 14:28:00-05:00  21.059999  21.100000  21.049999  21.049999  21.049999       0
2022-12-05 14:30:00-05:00  21.070000  21.139999  21.070000  21.139999  21.139999       0
2022-12-05 14:32:00-05:00  21.160000  21.170000  21.150000  21.170000  21.170000       0
2022-12-05 14:34:00-05:00  21.139999  21.180000  21.139999  21.160000  21.160000       0
2022-12-05 14:36:00-05:00  21.160000  21.160000  21.100000  21.100000  21.100000       0
2022-12-05 14:38:00-05:00  21.080000  21.110001  21.080000  21.110001  21.110001       0
2022-12-05 14:40:00-05:00  21.139999  21.200001  21.139999  21.200001  21.200001       0
2022-12-05 14:42:00-05:00  21.230000  21.250000  21.160000  21.209999  21.209999       0
2022-12-05 14:44:00-05:00  21.209999  21.219999  21.200001  21.219999  21.219999       0
2022-12-05 14:46:00-05:00  21.230000  21.260000  21.230000  21.260000  21.260000       0
2022-12-05 14:48:00-05:00  21.260000  21.290001  21.230000  21.240000  21.240000       0
2022-12-05 14:50:00-05:00  21.219999  21.219999  21.180000  21.219999  21.219999       0
2022-12-05 14:52:00-05:00  21.209999  21.230000  21.209999  21.209999  21.209999       0
2022-12-05 14:54:00-05:00  21.200001  21.260000  21.190001  21.260000  21.260000       0
2022-12-05 14:56:00-05:00  21.260000  21.260000  21.180000  21.190001  21.190001       0
2022-12-05 14:58:00-05:00  21.190001  21.209999  21.129999  21.139999  21.139999       0
2022-12-05 15:00:00-05:00  21.129999  21.129999  21.080000  21.080000  21.080000       0
2022-12-05 15:02:00-05:00  21.100000  21.160000  21.100000  21.129999  21.129999       0
2022-12-05 15:04:00-05:00  21.120001  21.120001  21.080000  21.100000  21.100000       0
2022-12-05 15:06:00-05:00  21.120001  21.170000  21.110001  21.110001  21.110001       0
2022-12-05 15:08:00-05:00  21.120001  21.120001  21.030001  21.059999  21.059999       0
2022-12-05 15:10:00-05:00  21.059999  21.110001  21.049999  21.049999  21.049999       0
2022-12-05 15:12:00-05:00  21.059999  21.059999  21.030001  21.030001  21.030001       0
2022-12-05 15:14:00-05:00  21.000000  21.000000  20.900000  20.910000  20.910000       0
2022-12-05 15:16:00-05:00  20.920000  20.969999  20.920000  20.969999  20.969999       0
2022-12-05 15:18:00-05:00  20.980000  21.000000  20.969999  20.980000  20.980000       0
2022-12-05 15:20:00-05:00  20.959999  20.969999  20.950001  20.969999  20.969999       0
2022-12-05 15:22:00-05:00  20.959999  20.959999  20.930000  20.930000  20.930000       0
2022-12-05 15:24:00-05:00  20.920000  20.950001  20.920000  20.950001  20.950001       0
2022-12-05 15:26:00-05:00  20.940001  20.940001  20.879999  20.879999  20.879999       0
2022-12-05 15:28:00-05:00  20.860001  20.910000  20.860001  20.910000  20.910000       0
2022-12-05 15:30:00-05:00  20.910000  20.910000  20.820000  20.820000  20.820000       0
2022-12-05 15:32:00-05:00  20.799999  20.799999  20.719999  20.740000  20.740000       0
2022-12-05 15:34:00-05:00  20.750000  20.770000  20.740000  20.740000  20.740000       0
2022-12-05 15:36:00-05:00  20.740000  20.740000  20.690001  20.690001  20.690001       0
2022-12-05 15:38:00-05:00  20.700001  20.760000  20.700001  20.760000  20.760000       0
2022-12-05 15:40:00-05:00  20.770000  20.850000  20.770000  20.850000  20.850000       0
2022-12-05 15:42:00-05:00  20.860001  20.860001  20.799999  20.799999  20.799999       0
2022-12-05 15:44:00-05:00  20.799999  20.830000  20.750000  20.820000  20.820000       0
2022-12-05 15:46:00-05:00  20.799999  20.809999  20.740000  20.740000  20.740000       0
2022-12-05 15:48:00-05:00  20.770000  20.809999  20.760000  20.809999  20.809999       0
2022-12-05 15:50:00-05:00  20.820000  20.860001  20.820000  20.820000  20.820000       0
2022-12-05 15:52:00-05:00  20.799999  20.799999  20.750000  20.770000  20.770000       0
2022-12-05 15:54:00-05:00  20.780001  20.780001  20.730000  20.730000  20.730000       0
2022-12-05 15:56:00-05:00  20.709999  20.730000  20.639999  20.639999  20.639999       0
2022-12-05 15:58:00-05:00  20.639999  20.650000  20.590000  20.590000  20.590000       0
2022-12-06 09:30:00-05:00  20.540001  20.540001  20.540001  20.540001  20.540001       0
2022-12-06 09:32:00-05:00  20.420000  20.450001  20.420000  20.450001  20.450001       0
2022-12-06 09:34:00-05:00  20.440001  20.510000  20.440001  20.480000  20.480000       0
2022-12-06 09:36:00-05:00  20.510000  20.530001  20.459999  20.459999  20.459999       0
2022-12-06 09:38:00-05:00  20.450001  20.459999  20.420000  20.459999  20.459999       0
2022-12-06 09:40:00-05:00  20.480000  20.580000  20.480000  20.559999  20.559999       0
2022-12-06 09:42:00-05:00  20.590000  20.709999  20.590000  20.670000  20.670000       0
2022-12-06 09:44:00-05:00  20.690001  20.879999  20.690001  20.879999  20.879999       0
2022-12-06 09:46:00-05:00  20.870001  20.879999  20.799999  20.820000  20.820000       0
2022-12-06 09:48:00-05:00  20.830000  20.830000  20.660000  20.709999  20.709999       0
2022-12-06 09:50:00-05:00  20.730000  20.830000  20.730000  20.820000  20.820000       0
2022-12-06 09:52:00-05:00  20.830000  20.870001  20.830000  20.870001  20.870001       0
2022-12-06 09:54:00-05:00  20.870001  20.980000  20.870001  20.959999  20.959999       0
2022-12-06 09:56:00-05:00  20.980000  20.990000  20.920000  20.959999  20.959999       0
2022-12-06 09:58:00-05:00  20.930000  21.020000  20.930000  21.000000  21.000000       0
2022-12-06 10:00:00-05:00  21.020000  21.020000  20.959999  20.959999  20.959999       0
2022-12-06 10:02:00-05:00  21.010000  21.160000  21.010000  21.160000  21.160000       0
2022-12-06 10:04:00-05:00  21.129999  21.190001  21.129999  21.190001  21.190001       0
2022-12-06 10:06:00-05:00  21.209999  21.379999  21.209999  21.379999  21.379999       0
2022-12-06 10:08:00-05:00  21.400000  21.400000  21.280001  21.280001  21.280001       0
2022-12-06 10:10:00-05:00  21.219999  21.299999  21.219999  21.299999  21.299999       0
2022-12-06 10:12:00-05:00  21.290001  21.400000  21.290001  21.400000  21.400000       0
2022-12-06 10:14:00-05:00  21.370001  21.379999  21.290001  21.320000  21.320000       0
2022-12-06 10:16:00-05:00  21.350000  21.350000  21.320000  21.340000  21.340000       0
2022-12-06 10:18:00-05:00  21.330000  21.370001  21.320000  21.320000  21.320000       0
2022-12-06 10:20:00-05:00  21.299999  21.309999  21.250000  21.260000  21.260000       0
2022-12-06 10:22:00-05:00  21.270000  21.309999  21.250000  21.250000  21.250000       0
2022-12-06 10:24:00-05:00  21.260000  21.260000  21.160000  21.170000  21.170000       0
2022-12-06 10:26:00-05:00  21.170000  21.180000  21.129999  21.129999  21.129999       0
2022-12-06 10:28:00-05:00  21.150000  21.270000  21.150000  21.270000  21.270000       0
2022-12-06 10:30:00-05:00  21.320000  21.320000  21.280001  21.280001  21.280001       0
2022-12-06 10:32:00-05:00  21.290001  21.309999  21.280001  21.299999  21.299999       0
2022-12-06 10:34:00-05:00  21.290001  21.389999  21.290001  21.389999  21.389999       0
2022-12-06 10:36:00-05:00  21.389999  21.389999  21.360001  21.379999  21.379999       0
2022-12-06 10:38:00-05:00  21.410000  21.549999  21.410000  21.520000  21.520000       0
2022-12-06 10:40:00-05:00  21.530001  21.690001  21.520000  21.690001  21.690001       0
2022-12-06 10:42:00-05:00  21.690001  21.730000  21.670000  21.690001  21.690001       0
2022-12-06 10:44:00-05:00  21.670000  21.670000  21.520000  21.530001  21.530001       0
2022-12-06 10:46:00-05:00  21.500000  21.500000  21.450001  21.459999  21.459999       0
2022-12-06 10:48:00-05:00  21.450001  21.469999  21.440001  21.469999  21.469999       0
2022-12-06 10:50:00-05:00  21.469999  21.480000  21.459999  21.480000  21.480000       0
2022-12-06 10:52:00-05:00  21.469999  21.500000  21.469999  21.469999  21.469999       0
2022-12-06 10:54:00-05:00  21.469999  21.530001  21.469999  21.530001  21.530001       0
2022-12-06 10:56:00-05:00  21.540001  21.620001  21.540001  21.620001  21.620001       0
2022-12-06 10:58:00-05:00  21.610001  21.629999  21.600000  21.620001  21.620001       0
2022-12-06 11:00:00-05:00  21.610001  21.650000  21.590000  21.600000  21.600000       0
2022-12-06 11:02:00-05:00  21.580000  21.670000  21.580000  21.670000  21.670000       0
2022-12-06 11:04:00-05:00  21.670000  21.680000  21.629999  21.629999  21.629999       0
2022-12-06 11:06:00-05:00  21.620001  21.639999  21.610001  21.610001  21.610001       0
2022-12-06 11:08:00-05:00  21.610001  21.680000  21.610001  21.680000  21.680000       0
2022-12-06 11:10:00-05:00  21.680000  21.680000  21.549999  21.549999  21.549999       0
2022-12-06 11:12:00-05:00  21.549999  21.639999  21.549999  21.629999  21.629999       0
2022-12-06 11:14:00-05:00  21.650000  21.750000  21.650000  21.750000  21.750000       0
2022-12-06 11:16:00-05:00  21.790001  21.820000  21.770000  21.770000  21.770000       0
2022-12-06 11:18:00-05:00  21.750000  21.790001  21.740000  21.760000  21.760000       0
2022-12-06 11:20:00-05:00  21.770000  21.799999  21.770000  21.799999  21.799999       0
2022-12-06 11:22:00-05:00  21.790001  21.790001  21.709999  21.709999  21.709999       0
2022-12-06 11:24:00-05:00  21.730000  21.760000  21.719999  21.750000  21.750000       0
2022-12-06 11:26:00-05:00  21.760000  21.760000  21.700001  21.700001  21.700001       0
2022-12-06 11:28:00-05:00  21.709999  21.709999  21.690001  21.709999  21.709999       0
2022-12-06 11:30:00-05:00  21.700001  21.730000  21.570000  21.570000  21.570000       0
2022-12-06 11:32:00-05:00  21.559999  21.559999  21.510000  21.520000  21.520000       0
2022-12-06 11:34:00-05:00  21.510000  21.520000  21.480000  21.480000  21.480000       0
2022-12-06 11:36:00-05:00  21.469999  21.530001  21.469999  21.510000  21.510000       0
2022-12-06 11:38:00-05:00  21.520000  21.650000  21.520000  21.650000  21.650000       0
2022-12-06 11:40:00-05:00  21.639999  21.700001  21.639999  21.700001  21.700001       0
2022-12-06 11:42:00-05:00  21.709999  21.709999  21.690001  21.700001  21.700001       0
2022-12-06 11:44:00-05:00  21.680000  21.680000  21.650000  21.650000  21.650000       0
2022-12-06 11:46:00-05:00  21.650000  21.660000  21.620001  21.639999  21.639999       0
2022-12-06 11:48:00-05:00  21.639999  21.650000  21.639999  21.650000  21.650000       0
2022-12-06 11:50:00-05:00  21.650000  21.650000  21.620001  21.639999  21.639999       0
2022-12-06 11:52:00-05:00  21.680000  21.750000  21.680000  21.750000  21.750000       0
2022-12-06 11:54:00-05:00  21.750000  21.770000  21.730000  21.730000  21.730000       0
2022-12-06 11:56:00-05:00  21.740000  21.790001  21.670000  21.670000  21.670000       0
2022-12-06 11:58:00-05:00  21.670000  21.709999  21.660000  21.700001  21.700001       0
2022-12-06 12:00:00-05:00  21.719999  21.719999  21.690001  21.690001  21.690001       0
2022-12-06 12:02:00-05:00  21.670000  21.719999  21.670000  21.709999  21.709999       0
2022-12-06 12:04:00-05:00  21.700001  21.709999  21.670000  21.700001  21.700001       0
2022-12-06 12:06:00-05:00  21.680000  21.680000  21.650000  21.660000  21.660000       0
2022-12-06 12:08:00-05:00  21.650000  21.670000  21.650000  21.670000  21.670000       0
2022-12-06 12:10:00-05:00  21.660000  21.709999  21.660000  21.700001  21.700001       0
2022-12-06 12:12:00-05:00  21.700001  21.700001  21.680000  21.700001  21.700001       0
2022-12-06 12:14:00-05:00  21.700001  21.719999  21.700001  21.700001  21.700001       0
2022-12-06 12:16:00-05:00  21.760000  22.010000  21.760000  21.980000  21.980000       0
2022-12-06 12:18:00-05:00  22.010000  22.030001  22.010000  22.010000  22.010000       0
2022-12-06 12:20:00-05:00  22.040001  22.040001  21.920000  21.950001  21.950001       0
2022-12-06 12:22:00-05:00  21.940001  21.950001  21.940001  21.940001  21.940001       0
2022-12-06 12:24:00-05:00  21.940001  21.990000  21.940001  21.969999  21.969999       0
2022-12-06 12:26:00-05:00  21.969999  22.010000  21.969999  22.000000  22.000000       0
2022-12-06 12:28:00-05:00  22.000000  22.020000  22.000000  22.020000  22.020000       0
2022-12-06 12:30:00-05:00  22.020000  22.049999  22.020000  22.049999  22.049999       0
2022-12-06 12:32:00-05:00  22.049999  22.070000  22.020000  22.020000  22.020000       0
2022-12-06 12:34:00-05:00  22.030001  22.030001  22.000000  22.010000  22.010000       0
2022-12-06 12:36:00-05:00  22.020000  22.070000  22.020000  22.070000  22.070000       0
2022-12-06 12:38:00-05:00  22.070000  22.070000  21.940001  21.969999  21.969999       0
2022-12-06 12:40:00-05:00  22.180000  22.180000  21.930000  22.170000  22.170000       0
2022-12-06 12:42:00-05:00  21.959999  21.969999  21.930000  21.969999  21.969999       0
2022-12-06 12:44:00-05:00  21.959999  21.959999  21.930000  21.940001  21.940001       0
2022-12-06 12:46:00-05:00  21.940001  21.950001  21.930000  21.930000  21.930000       0
2022-12-06 12:48:00-05:00  21.940001  21.969999  21.940001  21.940001  21.940001       0
2022-12-06 12:50:00-05:00  21.930000  21.950001  21.930000  21.940001  21.940001       0
2022-12-06 12:52:00-05:00  21.950001  21.980000  21.940001  21.969999  21.969999       0
2022-12-06 12:54:00-05:00  21.950001  21.959999  21.930000  21.959999  21.959999       0
2022-12-06 12:56:00-05:00  21.969999  22.030001  21.969999  22.000000  22.000000       0
2022-12-06 12:58:00-05:00  22.000000  22.010000  21.980000  21.990000  21.990000       0
2022-12-06 13:00:00-05:00  21.990000  22.010000  21.930000  21.930000  21.930000       0
2022-12-06 13:02:00-05:00  21.930000  21.980000  21.930000  21.980000  21.980000       0
2022-12-06 13:04:00-05:00  21.990000  21.990000  21.969999  21.969999  21.969999       0
2022-12-06 13:06:00-05:00  21.980000  22.070000  21.980000  22.070000  22.070000       0
2022-12-06 13:08:00-05:00  22.080000  22.110001  22.070000  22.110001  22.110001       0
2022-12-06 13:10:00-05:00  22.139999  22.139999  22.100000  22.110001  22.110001       0
2022-12-06 13:12:00-05:00  22.120001  22.139999  22.049999  22.049999  22.049999       0
2022-12-06 13:14:00-05:00  22.049999  22.049999  22.000000  22.000000  22.000000       0
2022-12-06 13:16:00-05:00  22.000000  22.000000  21.860001  21.870001  21.870001       0
2022-12-06 13:18:00-05:00  21.850000  21.930000  21.850000  21.930000  21.930000       0
2022-12-06 13:20:00-05:00  21.950001  22.000000  21.940001  22.000000  22.000000       0
2022-12-06 13:22:00-05:00  22.000000  22.010000  21.990000  21.990000  21.990000       0
2022-12-06 13:24:00-05:00  22.000000  22.080000  22.000000  22.080000  22.080000       0
2022-12-06 13:26:00-05:00  22.080000  22.100000  22.059999  22.080000  22.080000       0
2022-12-06 13:28:00-05:00  22.070000  22.100000  22.049999  22.049999  22.049999       0
2022-12-06 13:30:00-05:00  22.049999  22.049999  21.990000  22.010000  22.010000       0
2022-12-06 13:32:00-05:00  22.020000  22.070000  22.020000  22.070000  22.070000       0
2022-12-06 13:34:00-05:00  22.049999  22.049999  21.969999  21.969999  21.969999       0
2022-12-06 13:36:00-05:00  21.990000  21.990000  21.930000  21.930000  21.930000       0
2022-12-06 13:38:00-05:00  21.940001  21.990000  21.940001  21.990000  21.990000       0
2022-12-06 13:40:00-05:00  22.010000  22.010000  21.940001  21.940001  21.940001       0
2022-12-06 13:42:00-05:00  21.940001  21.940001  21.879999  21.879999  21.879999       0
2022-12-06 13:44:00-05:00  21.889999  21.889999  21.790001  21.799999  21.799999       0
2022-12-06 13:46:00-05:00  21.799999  21.799999  21.760000  21.780001  21.780001       0
2022-12-06 13:48:00-05:00  21.780001  21.790001  21.780001  21.780001  21.780001       0
2022-12-06 13:50:00-05:00  21.780001  21.830000  21.780001  21.830000  21.830000       0
2022-12-06 13:52:00-05:00  21.860001  21.910000  21.850000  21.889999  21.889999       0
2022-12-06 13:54:00-05:00  21.889999  21.940001  21.889999  21.930000  21.930000       0
2022-12-06 13:56:00-05:00  21.940001  22.030001  21.940001  22.030001  22.030001       0
2022-12-06 13:58:00-05:00  22.030001  22.030001  21.969999  21.969999  21.969999       0
2022-12-06 14:00:00-05:00  21.969999  22.070000  21.969999  22.070000  22.070000       0
2022-12-06 14:02:00-05:00  22.070000  22.110001  22.070000  22.090000  22.090000       0
2022-12-06 14:04:00-05:00  22.100000  22.139999  22.100000  22.120001  22.120001       0
2022-12-06 14:06:00-05:00  22.110001  22.209999  22.100000  22.209999  22.209999       0
2022-12-06 14:08:00-05:00  22.209999  22.209999  22.160000  22.160000  22.160000       0
2022-12-06 14:10:00-05:00  22.150000  22.180000  22.150000  22.180000  22.180000       0
2022-12-06 14:12:00-05:00  22.200001  22.219999  22.090000  22.090000  22.090000       0
2022-12-06 14:14:00-05:00  22.080000  22.100000  22.070000  22.100000  22.100000       0
2022-12-06 14:16:00-05:00  22.090000  22.090000  21.990000  21.990000  21.990000       0
2022-12-06 14:18:00-05:00  21.980000  22.000000  21.969999  22.000000  22.000000       0
2022-12-06 14:20:00-05:00  22.030001  22.059999  22.030001  22.059999  22.059999       0
2022-12-06 14:22:00-05:00  22.059999  22.090000  22.059999  22.090000  22.090000       0
2022-12-06 14:24:00-05:00  22.090000  22.090000  22.030001  22.059999  22.059999       0
2022-12-06 14:26:00-05:00  22.059999  22.080000  22.059999  22.080000  22.080000       0
2022-12-06 14:28:00-05:00  22.090000  22.170000  22.090000  22.170000  22.170000       0
2022-12-06 14:30:00-05:00  22.190001  22.219999  22.190001  22.219999  22.219999       0
2022-12-06 14:32:00-05:00  22.219999  22.270000  22.219999  22.270000  22.270000       0
2022-12-06 14:34:00-05:00  22.280001  22.280001  22.260000  22.280001  22.280001       0
2022-12-06 14:36:00-05:00  22.290001  22.309999  22.260000  22.260000  22.260000       0
2022-12-06 14:38:00-05:00  22.280001  22.290001  22.219999  22.250000  22.250000       0
2022-12-06 14:40:00-05:00  22.240000  22.240000  22.180000  22.200001  22.200001       0
2022-12-06 14:42:00-05:00  22.200001  22.209999  22.200001  22.200001  22.200001       0
2022-12-06 14:44:00-05:00  22.180000  22.180000  22.129999  22.129999  22.129999       0
2022-12-06 14:46:00-05:00  22.120001  22.170000  22.120001  22.170000  22.170000       0
2022-12-06 14:48:00-05:00  22.190001  22.219999  22.190001  22.209999  22.209999       0
2022-12-06 14:50:00-05:00  22.209999  22.250000  22.209999  22.250000  22.250000       0
2022-12-06 14:52:00-05:00  22.240000  22.240000  22.190001  22.190001  22.190001       0
2022-12-06 14:54:00-05:00  22.180000  22.190001  22.150000  22.190001  22.190001       0
2022-12-06 14:56:00-05:00  22.170000  22.200001  22.170000  22.180000  22.180000       0
2022-12-06 14:58:00-05:00  22.180000  22.250000  22.180000  22.250000  22.250000       0
2022-12-06 15:00:00-05:00  22.240000  22.240000  22.100000  22.110001  22.110001       0
2022-12-06 15:02:00-05:00  22.090000  22.120001  22.059999  22.120001  22.120001       0
2022-12-06 15:04:00-05:00  22.120001  22.139999  22.100000  22.100000  22.100000       0
2022-12-06 15:06:00-05:00  22.100000  22.120001  22.090000  22.090000  22.090000       0
2022-12-06 15:08:00-05:00  22.120001  22.139999  22.110001  22.110001  22.110001       0
2022-12-06 15:10:00-05:00  22.129999  22.200001  22.120001  22.200001  22.200001       0
2022-12-06 15:12:00-05:00  22.190001  22.200001  22.190001  22.190001  22.190001       0
2022-12-06 15:14:00-05:00  22.180000  22.190001  22.170000  22.180000  22.180000       0
2022-12-06 15:16:00-05:00  22.190001  22.230000  22.190001  22.230000  22.230000       0
2022-12-06 15:18:00-05:00  22.250000  22.360001  22.250000  22.360001  22.360001       0
2022-12-06 15:20:00-05:00  22.340000  22.340000  22.309999  22.340000  22.340000       0
2022-12-06 15:22:00-05:00  22.350000  22.360001  22.299999  22.299999  22.299999       0
2022-12-06 15:24:00-05:00  22.290001  22.420000  22.280001  22.420000  22.420000       0
2022-12-06 15:26:00-05:00  22.430000  22.549999  22.430000  22.549999  22.549999       0
2022-12-06 15:28:00-05:00  22.549999  22.600000  22.549999  22.600000  22.600000       0
2022-12-06 15:30:00-05:00  22.580000  22.580000  22.540001  22.540001  22.540001       0
2022-12-06 15:32:00-05:00  22.540001  22.540001  22.410000  22.420000  22.420000       0
2022-12-06 15:34:00-05:00  22.440001  22.459999  22.410000  22.410000  22.410000       0
2022-12-06 15:36:00-05:00  22.420000  22.459999  22.420000  22.440001  22.440001       0
2022-12-06 15:38:00-05:00  22.440001  22.440001  22.309999  22.309999  22.309999       0
2022-12-06 15:40:00-05:00  22.290001  22.299999  22.250000  22.260000  22.260000       0
2022-12-06 15:42:00-05:00  22.260000  22.260000  22.160000  22.160000  22.160000       0
2022-12-06 15:44:00-05:00  22.160000  22.160000  22.100000  22.110001  22.110001       0
2022-12-06 15:46:00-05:00  22.100000  22.100000  22.049999  22.049999  22.049999       0
2022-12-06 15:48:00-05:00  22.080000  22.080000  22.049999  22.049999  22.049999       0
2022-12-06 15:50:00-05:00  22.040001  22.059999  21.990000  22.030001  22.030001       0
2022-12-06 15:52:00-05:00  22.020000  22.020000  21.990000  22.010000  22.010000       0
2022-12-06 15:54:00-05:00  22.000000  22.000000  21.969999  21.990000  21.990000       0
2022-12-06 15:56:00-05:00  22.010000  22.129999  22.010000  22.129999  22.129999       0
2022-12-06 15:58:00-05:00  22.139999  22.150000  22.110001  22.110001  22.110001       0
2022-12-07 09:32:00-05:00  22.709999  22.709999  22.650000  22.650000  22.650000       0
2022-12-07 09:34:00-05:00  22.639999  22.660000  22.629999  22.650000  22.650000       0
2022-12-07 09:36:00-05:00  22.639999  22.639999  22.540001  22.570000  22.570000       0
2022-12-07 09:38:00-05:00  22.540001  22.540001  22.480000  22.480000  22.480000       0
2022-12-07 09:40:00-05:00  22.480000  22.480000  22.459999  22.469999  22.469999       0
2022-12-07 09:42:00-05:00  22.520000  22.580000  22.520000  22.580000  22.580000       0
2022-12-07 09:44:00-05:00  22.559999  22.580000  22.540001  22.570000  22.570000       0
2022-12-07 09:46:00-05:00  22.600000  22.680000  22.600000  22.639999  22.639999       0
2022-12-07 09:48:00-05:00  22.680000  22.809999  22.670000  22.809999  22.809999       0
2022-12-07 09:50:00-05:00  22.830000  22.840000  22.760000  22.760000  22.760000       0
2022-12-07 09:52:00-05:00  22.780001  22.930000  22.780001  22.889999  22.889999       0
2022-12-07 09:54:00-05:00  22.850000  22.910000  22.830000  22.870001  22.870001       0
2022-12-07 09:56:00-05:00  22.870001  22.870001  22.799999  22.799999  22.799999       0
2022-12-07 09:58:00-05:00  22.799999  22.850000  22.799999  22.840000  22.840000       0
2022-12-07 10:00:00-05:00  22.840000  22.990000  22.840000  22.850000  22.850000       0
2022-12-07 10:02:00-05:00  22.799999  22.799999  22.680000  22.709999  22.709999       0
2022-12-07 10:04:00-05:00  22.709999  22.709999  22.549999  22.549999  22.549999       0
2022-12-07 10:06:00-05:00  22.520000  22.570000  22.490000  22.490000  22.490000       0
2022-12-07 10:08:00-05:00  22.490000  22.530001  22.440001  22.530001  22.530001       0
2022-12-07 10:10:00-05:00  22.530001  22.930000  22.530001  22.870001  22.870001       0
2022-12-07 10:12:00-05:00  22.860001  22.870001  22.629999  22.629999  22.629999       0
2022-12-07 10:14:00-05:00  22.580000  22.719999  22.580000  22.650000  22.650000       0
2022-12-07 10:16:00-05:00  22.680000  22.680000  22.580000  22.670000  22.670000       0
2022-12-07 10:18:00-05:00  22.650000  22.650000  22.590000  22.629999  22.629999       0
2022-12-07 10:20:00-05:00  22.670000  22.680000  22.600000  22.620001  22.620001       0
2022-12-07 10:22:00-05:00  22.610001  22.709999  22.610001  22.709999  22.709999       0
2022-12-07 10:24:00-05:00  22.709999  22.719999  22.650000  22.690001  22.690001       0
2022-12-07 10:26:00-05:00  22.700001  22.770000  22.690001  22.740000  22.740000       0
2022-12-07 10:28:00-05:00  22.730000  22.730000  22.520000  22.520000  22.520000       0
2022-12-07 10:30:00-05:00  22.540001  22.570000  22.490000  22.549999  22.549999       0
2022-12-07 10:32:00-05:00  22.549999  22.590000  22.549999  22.580000  22.580000       0
2022-12-07 10:34:00-05:00  22.590000  22.680000  22.590000  22.680000  22.680000       0
2022-12-07 10:36:00-05:00  22.690001  22.719999  22.639999  22.639999  22.639999       0
2022-12-07 10:38:00-05:00  22.639999  22.730000  22.629999  22.730000  22.730000       0
2022-12-07 10:40:00-05:00  22.719999  22.719999  22.610001  22.610001  22.610001       0
2022-12-07 10:42:00-05:00  22.629999  22.629999  22.549999  22.570000  22.570000       0
2022-12-07 10:44:00-05:00  22.570000  22.570000  22.480000  22.480000  22.480000       0
2022-12-07 10:46:00-05:00  22.430000  22.490000  22.430000  22.469999  22.469999       0
2022-12-07 10:48:00-05:00  22.459999  22.469999  22.410000  22.410000  22.410000       0
2022-12-07 10:50:00-05:00  22.410000  22.440001  22.309999  22.320000  22.320000       0
2022-12-07 10:52:00-05:00  22.309999  22.309999  22.260000  22.290001  22.290001       0
2022-12-07 10:54:00-05:00  22.270000  22.320000  22.270000  22.270000  22.270000       0
2022-12-07 10:56:00-05:00  22.270000  22.330000  22.270000  22.309999  22.309999       0
2022-12-07 10:58:00-05:00  22.309999  22.320000  22.309999  22.320000  22.320000       0
2022-12-07 11:00:00-05:00  22.270000  22.299999  22.250000  22.299999  22.299999       0
2022-12-07 11:02:00-05:00  22.260000  22.280001  22.260000  22.280001  22.280001       0
2022-12-07 11:04:00-05:00  22.299999  22.299999  22.250000  22.250000  22.250000       0
2022-12-07 11:06:00-05:00  22.230000  22.379999  22.230000  22.379999  22.379999       0
2022-12-07 11:08:00-05:00  22.370001  22.400000  22.360001  22.400000  22.400000       0
2022-12-07 11:10:00-05:00  22.389999  22.459999  22.379999  22.459999  22.459999       0
2022-12-07 11:12:00-05:00  22.469999  22.480000  22.450001  22.480000  22.480000       0
2022-12-07 11:14:00-05:00  22.490000  22.490000  22.450001  22.450001  22.450001       0
2022-12-07 11:16:00-05:00  22.459999  22.490000  22.459999  22.469999  22.469999       0
2022-12-07 11:18:00-05:00  22.480000  22.480000  22.420000  22.469999  22.469999       0
2022-12-07 11:20:00-05:00  22.490000  22.670000  22.490000  22.670000  22.670000       0
2022-12-07 11:22:00-05:00  22.690001  22.709999  22.660000  22.709999  22.709999       0
2022-12-07 11:24:00-05:00  22.700001  22.770000  22.700001  22.700001  22.700001       0
2022-12-07 11:26:00-05:00  22.680000  22.740000  22.680000  22.719999  22.719999       0
2022-12-07 11:28:00-05:00  22.709999  22.770000  22.700001  22.770000  22.770000       0
2022-12-07 11:30:00-05:00  22.750000  22.809999  22.750000  22.809999  22.809999       0
2022-12-07 11:32:00-05:00  22.790001  22.790001  22.740000  22.780001  22.780001       0
2022-12-07 11:34:00-05:00  22.770000  22.840000  22.770000  22.770000  22.770000       0
2022-12-07 11:36:00-05:00  22.770000  22.770000  22.700001  22.700001  22.700001       0
2022-12-07 11:38:00-05:00  22.709999  22.719999  22.700001  22.709999  22.709999       0
2022-12-07 11:40:00-05:00  22.730000  22.730000  22.670000  22.670000  22.670000       0
2022-12-07 11:42:00-05:00  22.680000  22.709999  22.680000  22.709999  22.709999       0
2022-12-07 11:44:00-05:00  22.709999  22.709999  22.650000  22.690001  22.690001       0
2022-12-07 11:46:00-05:00  22.690001  22.690001  22.650000  22.680000  22.680000       0
2022-12-07 11:48:00-05:00  22.670000  22.670000  22.660000  22.660000  22.660000       0
2022-12-07 11:50:00-05:00  22.690001  22.700001  22.660000  22.690001  22.690001       0
2022-12-07 11:52:00-05:00  22.709999  22.709999  22.629999  22.660000  22.660000       0
2022-12-07 11:54:00-05:00  22.680000  22.740000  22.680000  22.700001  22.700001       0
2022-12-07 11:56:00-05:00  22.700001  22.700001  22.660000  22.660000  22.660000       0
2022-12-07 11:58:00-05:00  22.639999  22.639999  22.570000  22.600000  22.600000       0
2022-12-07 12:00:00-05:00  22.590000  22.620001  22.590000  22.600000  22.600000       0
2022-12-07 12:02:00-05:00  22.580000  22.670000  22.580000  22.670000  22.670000       0
2022-12-07 12:04:00-05:00  22.690001  22.740000  22.690001  22.719999  22.719999       0
2022-12-07 12:06:00-05:00  22.719999  22.740000  22.709999  22.730000  22.730000       0
2022-12-07 12:08:00-05:00  22.750000  22.780001  22.719999  22.750000  22.750000       0
2022-12-07 12:10:00-05:00  22.709999  22.730000  22.680000  22.680000  22.680000       0
2022-12-07 12:12:00-05:00  22.700001  22.790001  22.700001  22.790001  22.790001       0
2022-12-07 12:14:00-05:00  22.809999  22.820000  22.709999  22.709999  22.709999       0
2022-12-07 12:16:00-05:00  22.709999  22.709999  22.670000  22.700001  22.700001       0
2022-12-07 12:18:00-05:00  22.709999  22.760000  22.709999  22.760000  22.760000       0
2022-12-07 12:20:00-05:00  22.760000  22.790001  22.730000  22.790001  22.790001       0
2022-12-07 12:22:00-05:00  22.780001  22.780001  22.730000  22.760000  22.760000       0
2022-12-07 12:24:00-05:00  22.780001  22.799999  22.770000  22.799999  22.799999       0
2022-12-07 12:26:00-05:00  22.799999  22.799999  22.760000  22.790001  22.790001       0
2022-12-07 12:28:00-05:00  22.799999  22.830000  22.790001  22.830000  22.830000       0
2022-12-07 12:30:00-05:00  22.830000  22.840000  22.830000  22.840000  22.840000       0
2022-12-07 12:32:00-05:00  22.860001  22.860001  22.840000  22.860001  22.860001       0
2022-12-07 12:34:00-05:00  22.889999  22.889999  22.850000  22.850000  22.850000       0
2022-12-07 12:36:00-05:00  22.830000  22.850000  22.770000  22.770000  22.770000       0
2022-12-07 12:38:00-05:00  22.770000  22.809999  22.770000  22.770000  22.770000       0
2022-12-07 12:40:00-05:00  22.780001  22.780001  22.709999  22.709999  22.709999       0
2022-12-07 12:42:00-05:00  22.700001  22.709999  22.650000  22.650000  22.650000       0
2022-12-07 12:44:00-05:00  22.610001  22.620001  22.600000  22.610001  22.610001       0
2022-12-07 12:46:00-05:00  22.620001  22.639999  22.590000  22.590000  22.590000       0
2022-12-07 12:48:00-05:00  22.590000  22.600000  22.570000  22.580000  22.580000       0
2022-12-07 12:50:00-05:00  22.580000  22.590000  22.549999  22.559999  22.559999       0
2022-12-07 12:52:00-05:00  22.559999  22.580000  22.540001  22.549999  22.549999       0
2022-12-07 12:54:00-05:00  22.549999  22.580000  22.549999  22.559999  22.559999       0
2022-12-07 12:56:00-05:00  22.559999  22.600000  22.559999  22.580000  22.580000       0
2022-12-07 12:58:00-05:00  22.570000  22.600000  22.570000  22.590000  22.590000       0
2022-12-07 13:00:00-05:00  22.590000  22.590000  22.549999  22.549999  22.549999       0
2022-12-07 13:02:00-05:00  22.549999  22.590000  22.549999  22.590000  22.590000       0
2022-12-07 13:04:00-05:00  22.590000  22.629999  22.590000  22.629999  22.629999       0
2022-12-07 13:06:00-05:00  22.639999  22.639999  22.590000  22.590000  22.590000       0
2022-12-07 13:08:00-05:00  22.570000  22.570000  22.530001  22.530001  22.530001       0
2022-12-07 13:10:00-05:00  22.530001  22.549999  22.520000  22.540001  22.540001       0
2022-12-07 13:12:00-05:00  22.549999  22.549999  22.459999  22.459999  22.459999       0
2022-12-07 13:14:00-05:00  22.440001  22.450001  22.410000  22.440001  22.440001       0
2022-12-07 13:16:00-05:00  22.450001  22.450001  22.420000  22.420000  22.420000       0
2022-12-07 13:18:00-05:00  22.420000  22.420000  22.360001  22.360001  22.360001       0
2022-12-07 13:20:00-05:00  22.360001  22.410000  22.360001  22.410000  22.410000       0
2022-12-07 13:22:00-05:00  22.410000  22.430000  22.400000  22.400000  22.400000       0
2022-12-07 13:24:00-05:00  22.410000  22.410000  22.389999  22.410000  22.410000       0
2022-12-07 13:26:00-05:00  22.430000  22.440001  22.410000  22.430000  22.430000       0
2022-12-07 13:28:00-05:00  22.430000  22.430000  22.400000  22.420000  22.420000       0
2022-12-07 13:30:00-05:00  22.410000  22.430000  22.400000  22.410000  22.410000       0
2022-12-07 13:32:00-05:00  22.410000  22.440001  22.400000  22.400000  22.400000       0
2022-12-07 13:34:00-05:00  22.400000  22.420000  22.389999  22.400000  22.400000       0
2022-12-07 13:36:00-05:00  22.389999  22.559999  22.389999  22.559999  22.559999       0
2022-12-07 13:38:00-05:00  22.590000  22.590000  22.540001  22.549999  22.549999       0
2022-12-07 13:40:00-05:00  22.570000  22.570000  22.500000  22.520000  22.520000       0
2022-12-07 13:42:00-05:00  22.510000  22.530001  22.510000  22.520000  22.520000       0
2022-12-07 13:44:00-05:00  22.510000  22.530001  22.510000  22.530001  22.530001       0
2022-12-07 13:46:00-05:00  22.540001  22.540001  22.500000  22.500000  22.500000       0
2022-12-07 13:48:00-05:00  22.510000  22.510000  22.500000  22.510000  22.510000       0
2022-12-07 13:50:00-05:00  22.520000  22.580000  22.510000  22.580000  22.580000       0
2022-12-07 13:52:00-05:00  22.610001  22.620001  22.570000  22.580000  22.580000       0
2022-12-07 13:54:00-05:00  22.570000  22.590000  22.570000  22.580000  22.580000       0
2022-12-07 13:56:00-05:00  22.639999  22.709999  22.639999  22.709999  22.709999       0
2022-12-07 13:58:00-05:00  22.690001  22.700001  22.670000  22.700001  22.700001       0
2022-12-07 14:00:00-05:00  22.700001  22.780001  22.690001  22.780001  22.780001       0
2022-12-07 14:02:00-05:00  22.780001  22.879999  22.780001  22.879999  22.879999       0
2022-12-07 14:04:00-05:00  22.889999  22.889999  22.840000  22.840000  22.840000       0
2022-12-07 14:06:00-05:00  22.840000  22.840000  22.809999  22.820000  22.820000       0
2022-12-07 14:08:00-05:00  22.820000  22.830000  22.809999  22.830000  22.830000       0
2022-12-07 14:10:00-05:00  22.830000  22.850000  22.790001  22.799999  22.799999       0
2022-12-07 14:12:00-05:00  22.799999  22.799999  22.760000  22.760000  22.760000       0
2022-12-07 14:14:00-05:00  22.750000  22.750000  22.709999  22.730000  22.730000       0
2022-12-07 14:16:00-05:00  22.730000  22.740000  22.730000  22.730000  22.730000       0
2022-12-07 14:18:00-05:00  22.740000  22.750000  22.730000  22.750000  22.750000       0
2022-12-07 14:20:00-05:00  22.750000  22.799999  22.750000  22.799999  22.799999       0
2022-12-07 14:22:00-05:00  22.799999  22.820000  22.799999  22.820000  22.820000       0
2022-12-07 14:24:00-05:00  22.809999  22.809999  22.730000  22.730000  22.730000       0
2022-12-07 14:26:00-05:00  22.719999  22.740000  22.719999  22.730000  22.730000       0
2022-12-07 14:28:00-05:00  22.730000  22.740000  22.700001  22.740000  22.740000       0
2022-12-07 14:30:00-05:00  22.740000  22.770000  22.740000  22.750000  22.750000       0
2022-12-07 14:32:00-05:00  22.740000  22.740000  22.719999  22.719999  22.719999       0
2022-12-07 14:34:00-05:00  22.719999  22.719999  22.670000  22.670000  22.670000       0
2022-12-07 14:36:00-05:00  22.670000  22.680000  22.660000  22.660000  22.660000       0
2022-12-07 14:38:00-05:00  22.670000  22.670000  22.650000  22.660000  22.660000       0
2022-12-07 14:40:00-05:00  22.660000  22.670000  22.639999  22.660000  22.660000       0
2022-12-07 14:42:00-05:00  22.660000  22.730000  22.660000  22.730000  22.730000       0
2022-12-07 14:44:00-05:00  22.700001  22.719999  22.680000  22.719999  22.719999       0
2022-12-07 14:46:00-05:00  22.719999  22.760000  22.719999  22.750000  22.750000       0
2022-12-07 14:48:00-05:00  22.740000  22.750000  22.730000  22.730000  22.730000       0
2022-12-07 14:50:00-05:00  22.740000  22.760000  22.740000  22.750000  22.750000       0
2022-12-07 14:52:00-05:00  22.750000  22.790001  22.750000  22.790001  22.790001       0
2022-12-07 14:54:00-05:00  22.799999  22.809999  22.790001  22.799999  22.799999       0
2022-12-07 14:56:00-05:00  22.809999  22.840000  22.799999  22.830000  22.830000       0
2022-12-07 14:58:00-05:00  22.809999  22.840000  22.790001  22.820000  22.820000       0
2022-12-07 15:00:00-05:00  22.809999  22.820000  22.770000  22.780001  22.780001       0
2022-12-07 15:02:00-05:00  22.809999  22.809999  22.719999  22.730000  22.730000       0
2022-12-07 15:04:00-05:00  22.719999  22.719999  22.700001  22.709999  22.709999       0
2022-12-07 15:06:00-05:00  22.719999  22.799999  22.719999  22.790001  22.790001       0
2022-12-07 15:08:00-05:00  22.799999  22.860001  22.799999  22.860001  22.860001       0
2022-12-07 15:10:00-05:00  22.870001  22.900000  22.860001  22.870001  22.870001       0
2022-12-07 15:12:00-05:00  22.870001  22.870001  22.820000  22.820000  22.820000       0
2022-12-07 15:14:00-05:00  22.799999  22.840000  22.799999  22.830000  22.830000       0
2022-12-07 15:16:00-05:00  22.830000  22.850000  22.790001  22.850000  22.850000       0
2022-12-07 15:18:00-05:00  22.850000  22.879999  22.830000  22.870001  22.870001       0
2022-12-07 15:20:00-05:00  22.870001  22.920000  22.870001  22.920000  22.920000       0
2022-12-07 15:22:00-05:00  22.910000  22.910000  22.850000  22.850000  22.850000       0
2022-12-07 15:24:00-05:00  22.860001  22.860001  22.830000  22.830000  22.830000       0
2022-12-07 15:26:00-05:00  22.820000  22.830000  22.809999  22.830000  22.830000       0
2022-12-07 15:28:00-05:00  22.820000  22.820000  22.760000  22.760000  22.760000       0
2022-12-07 15:30:00-05:00  22.750000  22.750000  22.700001  22.700001  22.700001       0
2022-12-07 15:32:00-05:00  22.660000  22.660000  22.629999  22.629999  22.629999       0
2022-12-07 15:34:00-05:00  22.620001  22.639999  22.610001  22.610001  22.610001       0
2022-12-07 15:36:00-05:00  22.639999  22.639999  22.590000  22.590000  22.590000       0
2022-12-07 15:38:00-05:00  22.600000  22.600000  22.580000  22.580000  22.580000       0
2022-12-07 15:40:00-05:00  22.570000  22.620001  22.570000  22.610001  22.610001       0
2022-12-07 15:42:00-05:00  22.620001  22.680000  22.620001  22.680000  22.680000       0
2022-12-07 15:44:00-05:00  22.680000  22.680000  22.660000  22.670000  22.670000       0
2022-12-07 15:46:00-05:00  22.639999  22.639999  22.620001  22.620001  22.620001       0
2022-12-07 15:48:00-05:00  22.610001  22.610001  22.559999  22.559999  22.559999       0
2022-12-07 15:50:00-05:00  22.580000  22.580000  22.530001  22.530001  22.530001       0
2022-12-07 15:52:00-05:00  22.540001  22.559999  22.540001  22.540001  22.540001       0
2022-12-07 15:54:00-05:00  22.549999  22.559999  22.530001  22.559999  22.559999       0
2022-12-07 15:56:00-05:00  22.540001  22.600000  22.540001  22.600000  22.600000       0
2022-12-07 15:58:00-05:00  22.580000  22.629999  22.580000  22.600000  22.600000       0
2022-12-08 09:30:00-05:00  22.840000  23.000000  22.840000  23.000000  23.000000       0
2022-12-08 09:32:00-05:00  23.030001  23.160000  23.030001  23.160000  23.160000       0
2022-12-08 09:34:00-05:00  23.160000  23.230000  23.160000  23.230000  23.230000       0
2022-12-08 09:36:00-05:00  23.240000  23.280001  23.190001  23.190001  23.190001       0
2022-12-08 09:38:00-05:00  23.200001  23.209999  23.100000  23.100000  23.100000       0
2022-12-08 09:40:00-05:00  23.110001  23.110001  23.049999  23.070000  23.070000       0
2022-12-08 09:42:00-05:00  23.059999  23.090000  23.059999  23.080000  23.080000       0
2022-12-08 09:44:00-05:00  23.080000  23.190001  23.080000  23.180000  23.180000       0
2022-12-08 09:46:00-05:00  23.110001  23.110001  22.950001  22.950001  22.950001       0
2022-12-08 09:48:00-05:00  22.969999  22.990000  22.940001  22.950001  22.950001       0
2022-12-08 09:50:00-05:00  22.959999  22.959999  22.790001  22.790001  22.790001       0
2022-12-08 09:52:00-05:00  22.790001  22.809999  22.690001  22.719999  22.719999       0
2022-12-08 09:54:00-05:00  22.730000  22.790001  22.709999  22.780001  22.780001       0
2022-12-08 09:56:00-05:00  22.780001  22.780001  22.660000  22.719999  22.719999       0
2022-12-08 09:58:00-05:00  22.719999  22.719999  22.650000  22.650000  22.650000       0
2022-12-08 10:00:00-05:00  22.650000  22.650000  22.590000  22.650000  22.650000       0
2022-12-08 10:02:00-05:00  22.639999  22.709999  22.639999  22.690001  22.690001       0
2022-12-08 10:04:00-05:00  22.670000  22.690001  22.639999  22.639999  22.639999       0
2022-12-08 10:06:00-05:00  22.639999  22.639999  22.580000  22.580000  22.580000       0
2022-12-08 10:08:00-05:00  22.590000  22.610001  22.570000  22.610001  22.610001       0
2022-12-08 10:10:00-05:00  22.600000  22.610001  22.580000  22.610001  22.610001       0
2022-12-08 10:12:00-05:00  22.610001  22.610001  22.530001  22.530001  22.530001       0
2022-12-08 10:14:00-05:00  22.549999  22.549999  22.520000  22.520000  22.520000       0
2022-12-08 10:16:00-05:00  22.540001  22.600000  22.540001  22.580000  22.580000       0
2022-12-08 10:18:00-05:00  22.590000  22.660000  22.590000  22.660000  22.660000       0
2022-12-08 10:20:00-05:00  22.660000  22.700001  22.660000  22.690001  22.690001       0
2022-12-08 10:22:00-05:00  22.709999  22.719999  22.690001  22.709999  22.709999       0
2022-12-08 10:24:00-05:00  22.709999  22.709999  22.600000  22.600000  22.600000       0
2022-12-08 10:26:00-05:00  22.610001  22.610001  22.500000  22.530001  22.530001       0
2022-12-08 10:28:00-05:00  22.549999  22.570000  22.540001  22.549999  22.549999       0
2022-12-08 10:30:00-05:00  22.549999  22.610001  22.540001  22.610001  22.610001       0
2022-12-08 10:32:00-05:00  22.620001  22.620001  22.559999  22.559999  22.559999       0
2022-12-08 10:34:00-05:00  22.530001  22.530001  22.490000  22.520000  22.520000       0
2022-12-08 10:36:00-05:00  22.500000  22.520000  22.469999  22.490000  22.490000       0
2022-12-08 10:38:00-05:00  22.510000  22.530001  22.510000  22.530001  22.530001       0
2022-12-08 10:40:00-05:00  22.530001  22.540001  22.510000  22.520000  22.520000       0
2022-12-08 10:42:00-05:00  22.540001  22.610001  22.540001  22.610001  22.610001       0
2022-12-08 10:44:00-05:00  22.610001  22.610001  22.590000  22.600000  22.600000       0
2022-12-08 10:46:00-05:00  22.600000  22.610001  22.570000  22.570000  22.570000       0
2022-12-08 10:48:00-05:00  22.580000  22.600000  22.580000  22.590000  22.590000       0
2022-12-08 10:50:00-05:00  22.570000  22.570000  22.559999  22.570000  22.570000       0
2022-12-08 10:52:00-05:00  22.549999  22.590000  22.549999  22.590000  22.590000       0
2022-12-08 10:54:00-05:00  22.600000  22.600000  22.570000  22.570000  22.570000       0
2022-12-08 10:56:00-05:00  22.570000  22.580000  22.570000  22.570000  22.570000       0
2022-12-08 10:58:00-05:00  22.590000  22.610001  22.590000  22.610001  22.610001       0
2022-12-08 11:00:00-05:00  22.610001  22.610001  22.570000  22.600000  22.600000       0
2022-12-08 11:02:00-05:00  22.590000  22.639999  22.590000  22.639999  22.639999       0
2022-12-08 11:04:00-05:00  22.670000  22.670000  22.660000  22.660000  22.660000       0
2022-12-08 11:06:00-05:00  22.660000  22.750000  22.660000  22.750000  22.750000       0
2022-12-08 11:08:00-05:00  22.740000  22.790001  22.740000  22.790001  22.790001       0
2022-12-08 11:10:00-05:00  22.790001  22.790001  22.680000  22.700001  22.700001       0
2022-12-08 11:12:00-05:00  22.700001  22.719999  22.690001  22.690001  22.690001       0
2022-12-08 11:14:00-05:00  22.680000  22.700001  22.670000  22.690001  22.690001       0
2022-12-08 11:16:00-05:00  22.690001  22.730000  22.690001  22.730000  22.730000       0
2022-12-08 11:18:00-05:00  22.719999  22.830000  22.719999  22.799999  22.799999       0
2022-12-08 11:20:00-05:00  22.780001  22.799999  22.750000  22.799999  22.799999       0
2022-12-08 11:22:00-05:00  22.799999  22.830000  22.740000  22.740000  22.740000       0
2022-12-08 11:24:00-05:00  22.730000  22.790001  22.730000  22.790001  22.790001       0
2022-12-08 11:26:00-05:00  22.780001  22.780001  22.690001  22.740000  22.740000       0
2022-12-08 11:28:00-05:00  22.740000  22.740000  22.690001  22.690001  22.690001       0
2022-12-08 11:30:00-05:00  22.690001  22.700001  22.680000  22.690001  22.690001       0
2022-12-08 11:32:00-05:00  22.670000  22.680000  22.660000  22.660000  22.660000       0
2022-12-08 11:34:00-05:00  22.670000  22.700001  22.670000  22.700001  22.700001       0
2022-12-08 11:36:00-05:00  22.730000  22.730000  22.680000  22.700001  22.700001       0
2022-12-08 11:38:00-05:00  22.690001  22.690001  22.639999  22.650000  22.650000       0
2022-12-08 11:40:00-05:00  22.650000  22.709999  22.650000  22.709999  22.709999       0
2022-12-08 11:42:00-05:00  22.700001  22.700001  22.690001  22.690001  22.690001       0
2022-12-08 11:44:00-05:00  22.709999  22.709999  22.700001  22.700001  22.700001       0
2022-12-08 11:46:00-05:00  22.700001  22.709999  22.690001  22.690001  22.690001       0
2022-12-08 11:48:00-05:00  22.690001  22.690001  22.650000  22.650000  22.650000       0
2022-12-08 11:50:00-05:00  22.660000  22.680000  22.660000  22.680000  22.680000       0
2022-12-08 11:52:00-05:00  22.680000  22.680000  22.660000  22.670000  22.670000       0
2022-12-08 11:54:00-05:00  22.670000  22.680000  22.650000  22.650000  22.650000       0
2022-12-08 11:56:00-05:00  22.639999  22.660000  22.639999  22.660000  22.660000       0
2022-12-08 11:58:00-05:00  22.650000  22.650000  22.620001  22.629999  22.629999       0
2022-12-08 12:00:00-05:00  22.660000  22.690001  22.620001  22.620001  22.620001       0
2022-12-08 12:02:00-05:00  22.610001  22.719999  22.610001  22.719999  22.719999       0
2022-12-08 12:04:00-05:00  22.709999  22.709999  22.690001  22.690001  22.690001       0
2022-12-08 12:06:00-05:00  22.680000  22.719999  22.680000  22.719999  22.719999       0
2022-12-08 12:08:00-05:00  22.700001  22.700001  22.620001  22.620001  22.620001       0
2022-12-08 12:10:00-05:00  22.629999  22.650000  22.610001  22.650000  22.650000       0
2022-12-08 12:12:00-05:00  22.650000  22.680000  22.650000  22.660000  22.660000       0
2022-12-08 12:14:00-05:00  22.650000  22.650000  22.639999  22.650000  22.650000       0
2022-12-08 12:16:00-05:00  22.680000  22.680000  22.660000  22.680000  22.680000       0
2022-12-08 12:18:00-05:00  22.660000  22.660000  22.639999  22.639999  22.639999       0
2022-12-08 12:20:00-05:00  22.650000  22.709999  22.650000  22.709999  22.709999       0
2022-12-08 12:22:00-05:00  22.700001  22.709999  22.650000  22.650000  22.650000       0
2022-12-08 12:24:00-05:00  22.639999  22.709999  22.639999  22.709999  22.709999       0
2022-12-08 12:26:00-05:00  22.719999  22.750000  22.719999  22.750000  22.750000       0
2022-12-08 12:28:00-05:00  22.730000  22.730000  22.709999  22.719999  22.719999       0
2022-12-08 12:30:00-05:00  22.719999  22.740000  22.709999  22.730000  22.730000       0
2022-12-08 12:32:00-05:00  22.719999  22.760000  22.709999  22.709999  22.709999       0
2022-12-08 12:34:00-05:00  22.719999  22.719999  22.700001  22.700001  22.700001       0
2022-12-08 12:36:00-05:00  22.690001  22.719999  22.680000  22.719999  22.719999       0
2022-12-08 12:38:00-05:00  22.730000  22.740000  22.730000  22.740000  22.740000       0
2022-12-08 12:40:00-05:00  22.740000  22.740000  22.690001  22.690001  22.690001       0
2022-12-08 12:42:00-05:00  22.700001  22.730000  22.690001  22.700001  22.700001       0
2022-12-08 12:44:00-05:00  22.690001  22.730000  22.690001  22.730000  22.730000       0
2022-12-08 12:46:00-05:00  22.740000  22.760000  22.719999  22.760000  22.760000       0
2022-12-08 12:48:00-05:00  22.750000  22.760000  22.690001  22.690001  22.690001       0
2022-12-08 12:50:00-05:00  22.690001  22.690001  22.639999  22.650000  22.650000       0
2022-12-08 12:52:00-05:00  22.639999  22.660000  22.620001  22.620001  22.620001       0
2022-12-08 12:54:00-05:00  22.610001  22.629999  22.600000  22.600000  22.600000       0
2022-12-08 12:56:00-05:00  22.590000  22.600000  22.570000  22.580000  22.580000       0
2022-12-08 12:58:00-05:00  22.580000  22.580000  22.549999  22.549999  22.549999       0
2022-12-08 13:00:00-05:00  22.570000  22.570000  22.520000  22.520000  22.520000       0
2022-12-08 13:02:00-05:00  22.500000  22.520000  22.500000  22.500000  22.500000       0
2022-12-08 13:04:00-05:00  22.500000  22.530001  22.500000  22.520000  22.520000       0
2022-12-08 13:06:00-05:00  22.520000  22.530001  22.500000  22.500000  22.500000       0
2022-12-08 13:08:00-05:00  22.500000  22.510000  22.469999  22.490000  22.490000       0
2022-12-08 13:10:00-05:00  22.469999  22.510000  22.469999  22.500000  22.500000       0
2022-12-08 13:12:00-05:00  22.500000  22.500000  22.480000  22.500000  22.500000       0
2022-12-08 13:14:00-05:00  22.510000  22.510000  22.500000  22.510000  22.510000       0
2022-12-08 13:16:00-05:00  22.510000  22.549999  22.500000  22.500000  22.500000       0
2022-12-08 13:18:00-05:00  22.500000  22.500000  22.459999  22.459999  22.459999       0
2022-12-08 13:20:00-05:00  22.469999  22.530001  22.469999  22.530001  22.530001       0
2022-12-08 13:22:00-05:00  22.520000  22.530001  22.520000  22.520000  22.520000       0
2022-12-08 13:24:00-05:00  22.510000  22.510000  22.480000  22.480000  22.480000       0
2022-12-08 13:26:00-05:00  22.480000  22.490000  22.420000  22.420000  22.420000       0
2022-12-08 13:28:00-05:00  22.430000  22.430000  22.410000  22.410000  22.410000       0
2022-12-08 13:30:00-05:00  22.400000  22.400000  22.350000  22.350000  22.350000       0
2022-12-08 13:32:00-05:00  22.340000  22.350000  22.340000  22.350000  22.350000       0
2022-12-08 13:34:00-05:00  22.350000  22.350000  22.330000  22.330000  22.330000       0
2022-12-08 13:36:00-05:00  22.330000  22.360001  22.330000  22.340000  22.340000       0
2022-12-08 13:38:00-05:00  22.340000  22.340000  22.330000  22.330000  22.330000       0
2022-12-08 13:40:00-05:00  22.290001  22.290001  22.230000  22.230000  22.230000       0
2022-12-08 13:42:00-05:00  22.230000  22.240000  22.219999  22.219999  22.219999       0
2022-12-08 13:44:00-05:00  22.219999  22.219999  22.200001  22.209999  22.209999       0
2022-12-08 13:46:00-05:00  22.200001  22.209999  22.200001  22.200001  22.200001       0
2022-12-08 13:48:00-05:00  22.200001  22.260000  22.200001  22.260000  22.260000       0
2022-12-08 13:50:00-05:00  22.250000  22.250000  22.240000  22.240000  22.240000       0
2022-12-08 13:52:00-05:00  22.250000  22.290001  22.250000  22.290001  22.290001       0
2022-12-08 13:54:00-05:00  22.299999  22.309999  22.280001  22.290001  22.290001       0
2022-12-08 13:56:00-05:00  22.299999  22.320000  22.299999  22.309999  22.309999       0
2022-12-08 13:58:00-05:00  22.309999  22.320000  22.290001  22.290001  22.290001       0
2022-12-08 14:00:00-05:00  22.299999  22.430000  22.299999  22.430000  22.430000       0
2022-12-08 14:02:00-05:00  22.410000  22.410000  22.350000  22.350000  22.350000       0
2022-12-08 14:04:00-05:00  22.350000  22.469999  22.350000  22.450001  22.450001       0
2022-12-08 14:06:00-05:00  22.500000  22.610001  22.500000  22.549999  22.549999       0
2022-12-08 14:08:00-05:00  22.540001  22.559999  22.450001  22.450001  22.450001       0
2022-12-08 14:10:00-05:00  22.430000  22.480000  22.430000  22.480000  22.480000       0
2022-12-08 14:12:00-05:00  22.469999  22.490000  22.469999  22.469999  22.469999       0
2022-12-08 14:14:00-05:00  22.450001  22.459999  22.440001  22.440001  22.440001       0
2022-12-08 14:16:00-05:00  22.450001  22.450001  22.379999  22.379999  22.379999       0
2022-12-08 14:18:00-05:00  22.379999  22.400000  22.379999  22.400000  22.400000       0
2022-12-08 14:20:00-05:00  22.410000  22.420000  22.410000  22.410000  22.410000       0
2022-12-08 14:22:00-05:00  22.420000  22.420000  22.360001  22.360001  22.360001       0
2022-12-08 14:24:00-05:00  22.370001  22.379999  22.360001  22.360001  22.360001       0
2022-12-08 14:26:00-05:00  22.360001  22.379999  22.360001  22.379999  22.379999       0
2022-12-08 14:28:00-05:00  22.389999  22.450001  22.389999  22.410000  22.410000       0
2022-12-08 14:30:00-05:00  22.410000  22.490000  22.410000  22.440001  22.440001       0
2022-12-08 14:32:00-05:00  22.420000  22.440001  22.420000  22.420000  22.420000       0
2022-12-08 14:34:00-05:00  22.430000  22.459999  22.430000  22.459999  22.459999       0
2022-12-08 14:36:00-05:00  22.450001  22.450001  22.360001  22.360001  22.360001       0
2022-12-08 14:38:00-05:00  22.370001  22.370001  22.320000  22.320000  22.320000       0
2022-12-08 14:40:00-05:00  22.320000  22.320000  22.290001  22.290001  22.290001       0
2022-12-08 14:42:00-05:00  22.290001  22.309999  22.290001  22.309999  22.309999       0
2022-12-08 14:44:00-05:00  22.309999  22.330000  22.299999  22.299999  22.299999       0
2022-12-08 14:46:00-05:00  22.290001  22.299999  22.280001  22.280001  22.280001       0
2022-12-08 14:48:00-05:00  22.290001  22.299999  22.290001  22.299999  22.299999       0
2022-12-08 14:50:00-05:00  22.280001  22.330000  22.280001  22.299999  22.299999       0
2022-12-08 14:52:00-05:00  22.270000  22.270000  22.209999  22.209999  22.209999       0
2022-12-08 14:54:00-05:00  22.190001  22.190001  22.180000  22.180000  22.180000       0
2022-12-08 14:56:00-05:00  22.180000  22.219999  22.180000  22.209999  22.209999       0
2022-12-08 14:58:00-05:00  22.219999  22.270000  22.209999  22.270000  22.270000       0
2022-12-08 15:00:00-05:00  22.260000  22.309999  22.260000  22.280001  22.280001       0
2022-12-08 15:02:00-05:00  22.270000  22.270000  22.219999  22.230000  22.230000       0
2022-12-08 15:04:00-05:00  22.230000  22.299999  22.219999  22.299999  22.299999       0
2022-12-08 15:06:00-05:00  22.299999  22.340000  22.270000  22.270000  22.270000       0
2022-12-08 15:08:00-05:00  22.280001  22.280001  22.219999  22.230000  22.230000       0
2022-12-08 15:10:00-05:00  22.219999  22.230000  22.200001  22.200001  22.200001       0
2022-12-08 15:12:00-05:00  22.200001  22.200001  22.120001  22.120001  22.120001       0
2022-12-08 15:14:00-05:00  22.139999  22.209999  22.139999  22.209999  22.209999       0
2022-12-08 15:16:00-05:00  22.209999  22.209999  22.160000  22.170000  22.170000       0
2022-12-08 15:18:00-05:00  22.170000  22.170000  22.139999  22.139999  22.139999       0
2022-12-08 15:20:00-05:00  22.129999  22.180000  22.129999  22.160000  22.160000       0
2022-12-08 15:22:00-05:00  22.139999  22.139999  22.129999  22.129999  22.129999       0
2022-12-08 15:24:00-05:00  22.120001  22.120001  22.070000  22.080000  22.080000       0
2022-12-08 15:26:00-05:00  22.070000  22.110001  22.070000  22.110001  22.110001       0
2022-12-08 15:28:00-05:00  22.129999  22.129999  22.110001  22.110001  22.110001       0
2022-12-08 15:30:00-05:00  22.120001  22.120001  22.059999  22.070000  22.070000       0
2022-12-08 15:32:00-05:00  22.070000  22.110001  22.070000  22.110001  22.110001       0
2022-12-08 15:34:00-05:00  22.110001  22.129999  22.110001  22.129999  22.129999       0
2022-12-08 15:36:00-05:00  22.120001  22.120001  22.110001  22.120001  22.120001       0
2022-12-08 15:38:00-05:00  22.110001  22.139999  22.110001  22.139999  22.139999       0
2022-12-08 15:40:00-05:00  22.160000  22.180000  22.160000  22.180000  22.180000       0
2022-12-08 15:42:00-05:00  22.180000  22.190001  22.170000  22.170000  22.170000       0
2022-12-08 15:44:00-05:00  22.170000  22.230000  22.160000  22.230000  22.230000       0
2022-12-08 15:46:00-05:00  22.230000  22.270000  22.230000  22.270000  22.270000       0
2022-12-08 15:48:00-05:00  22.280001  22.320000  22.280001  22.320000  22.320000       0
2022-12-08 15:50:00-05:00  22.309999  22.370001  22.309999  22.360001  22.360001       0
2022-12-08 15:52:00-05:00  22.350000  22.350000  22.309999  22.340000  22.340000       0
2022-12-08 15:54:00-05:00  22.350000  22.350000  22.280001  22.280001  22.280001       0
2022-12-08 15:56:00-05:00  22.280001  22.299999  22.250000  22.290001  22.290001       0
2022-12-08 15:58:00-05:00  22.299999  22.299999  22.280001  22.280001  22.280001       0
2022-12-09 09:30:00-05:00  22.790001  22.870001  22.790001  22.870001  22.870001       0
2022-12-09 09:32:00-05:00  22.900000  22.959999  22.740000  22.740000  22.740000       0
2022-12-09 09:34:00-05:00  22.700001  22.730000  22.690001  22.690001  22.690001       0
2022-12-09 09:36:00-05:00  22.670000  22.670000  22.610001  22.620001  22.620001       0
2022-12-09 09:38:00-05:00  22.600000  22.660000  22.590000  22.660000  22.660000       0
2022-12-09 09:40:00-05:00  22.660000  22.740000  22.620001  22.620001  22.620001       0
2022-12-09 09:42:00-05:00  22.590000  22.590000  22.490000  22.520000  22.520000       0
2022-12-09 09:44:00-05:00  22.540001  22.540001  22.430000  22.430000  22.430000       0
2022-12-09 09:46:00-05:00  22.469999  22.559999  22.469999  22.559999  22.559999       0
2022-12-09 09:48:00-05:00  22.590000  22.680000  22.590000  22.680000  22.680000       0
2022-12-09 09:50:00-05:00  22.680000  22.799999  22.680000  22.740000  22.740000       0
2022-12-09 09:52:00-05:00  22.750000  22.830000  22.750000  22.830000  22.830000       0
2022-12-09 09:54:00-05:00  22.809999  22.870001  22.790001  22.870001  22.870001       0
2022-12-09 09:56:00-05:00  22.900000  22.900000  22.809999  22.809999  22.809999       0
2022-12-09 09:58:00-05:00  22.830000  22.870001  22.830000  22.860001  22.860001       0
2022-12-09 10:00:00-05:00  22.820000  22.980000  22.770000  22.860001  22.860001       0
2022-12-09 10:02:00-05:00  22.850000  22.870001  22.719999  22.719999  22.719999       0
2022-12-09 10:04:00-05:00  22.700001  22.770000  22.700001  22.719999  22.719999       0
2022-12-09 10:06:00-05:00  22.709999  22.709999  22.670000  22.670000  22.670000       0
2022-12-09 10:08:00-05:00  22.700001  22.730000  22.620001  22.620001  22.620001       0
2022-12-09 10:10:00-05:00  22.650000  22.660000  22.600000  22.660000  22.660000       0
2022-12-09 10:12:00-05:00  22.680000  22.709999  22.670000  22.670000  22.670000       0
2022-12-09 10:14:00-05:00  22.670000  22.690001  22.629999  22.639999  22.639999       0
2022-12-09 10:16:00-05:00  22.690001  22.709999  22.670000  22.690001  22.690001       0
2022-12-09 10:18:00-05:00  22.719999  22.740000  22.680000  22.740000  22.740000       0
2022-12-09 10:20:00-05:00  22.680000  22.730000  22.660000  22.670000  22.670000       0
2022-12-09 10:22:00-05:00  22.670000  22.730000  22.629999  22.730000  22.730000       0
2022-12-09 10:24:00-05:00  22.719999  22.719999  22.660000  22.670000  22.670000       0
2022-12-09 10:26:00-05:00  22.680000  22.680000  22.639999  22.639999  22.639999       0
2022-12-09 10:28:00-05:00  22.660000  22.660000  22.570000  22.570000  22.570000       0
2022-12-09 10:30:00-05:00  22.540001  22.540001  22.420000  22.450001  22.450001       0
2022-12-09 10:32:00-05:00  22.459999  22.480000  22.450001  22.459999  22.459999       0
2022-12-09 10:34:00-05:00  22.459999  22.580000  22.459999  22.580000  22.580000       0
2022-12-09 10:36:00-05:00  22.559999  22.559999  22.440001  22.440001  22.440001       0
2022-12-09 10:38:00-05:00  22.440001  22.469999  22.410000  22.430000  22.430000       0
2022-12-09 10:40:00-05:00  22.430000  22.430000  22.410000  22.430000  22.430000       0
2022-12-09 10:42:00-05:00  22.410000  22.430000  22.400000  22.430000  22.430000       0
2022-12-09 10:44:00-05:00  22.469999  22.469999  22.450001  22.469999  22.469999       0
2022-12-09 10:46:00-05:00  22.520000  22.540001  22.500000  22.500000  22.500000       0
2022-12-09 10:48:00-05:00  22.490000  22.530001  22.490000  22.530001  22.530001       0
2022-12-09 10:50:00-05:00  22.530001  22.530001  22.480000  22.490000  22.490000       0
2022-12-09 10:52:00-05:00  22.500000  22.500000  22.440001  22.440001  22.440001       0
2022-12-09 10:54:00-05:00  22.430000  22.450001  22.430000  22.450001  22.450001       0
2022-12-09 10:56:00-05:00  22.459999  22.469999  22.440001  22.440001  22.440001       0
2022-12-09 10:58:00-05:00  22.450001  22.450001  22.389999  22.389999  22.389999       0
2022-12-09 11:00:00-05:00  22.389999  22.389999  22.340000  22.350000  22.350000       0
2022-12-09 11:02:00-05:00  22.340000  22.340000  22.309999  22.320000  22.320000       0
2022-12-09 11:04:00-05:00  22.330000  22.389999  22.330000  22.389999  22.389999       0
2022-12-09 11:06:00-05:00  22.410000  22.440001  22.410000  22.440001  22.440001       0
2022-12-09 11:08:00-05:00  22.420000  22.480000  22.420000  22.480000  22.480000       0
2022-12-09 11:10:00-05:00  22.480000  22.520000  22.459999  22.459999  22.459999       0
2022-12-09 11:12:00-05:00  22.480000  22.490000  22.480000  22.490000  22.490000       0
2022-12-09 11:14:00-05:00  22.500000  22.500000  22.469999  22.469999  22.469999       0
2022-12-09 11:16:00-05:00  22.469999  22.490000  22.450001  22.469999  22.469999       0
2022-12-09 11:18:00-05:00  22.459999  22.500000  22.450001  22.480000  22.480000       0
2022-12-09 11:20:00-05:00  22.490000  22.500000  22.480000  22.480000  22.480000       0
2022-12-09 11:22:00-05:00  22.480000  22.480000  22.430000  22.430000  22.430000       0
2022-12-09 11:24:00-05:00  22.430000  22.469999  22.420000  22.469999  22.469999       0
2022-12-09 11:26:00-05:00  22.440001  22.459999  22.410000  22.450001  22.450001       0
2022-12-09 11:28:00-05:00  22.440001  22.440001  22.410000  22.430000  22.430000       0
2022-12-09 11:30:00-05:00  22.420000  22.440001  22.420000  22.420000  22.420000       0
2022-12-09 11:32:00-05:00  22.420000  22.430000  22.389999  22.410000  22.410000       0
2022-12-09 11:34:00-05:00  22.410000  22.430000  22.400000  22.430000  22.430000       0
2022-12-09 11:36:00-05:00  22.430000  22.430000  22.379999  22.379999  22.379999       0
2022-12-09 11:38:00-05:00  22.410000  22.480000  22.410000  22.480000  22.480000       0
2022-12-09 11:40:00-05:00  22.469999  22.520000  22.469999  22.520000  22.520000       0
2022-12-09 11:42:00-05:00  22.530001  22.530001  22.450001  22.450001  22.450001       0
2022-12-09 11:44:00-05:00  22.440001  22.440001  22.360001  22.370001  22.370001       0
2022-12-09 11:46:00-05:00  22.350000  22.389999  22.350000  22.370001  22.370001       0
2022-12-09 11:48:00-05:00  22.370001  22.410000  22.370001  22.410000  22.410000       0
2022-12-09 11:50:00-05:00  22.400000  22.400000  22.370001  22.389999  22.389999       0
2022-12-09 11:52:00-05:00  22.379999  22.379999  22.360001  22.370001  22.370001       0
2022-12-09 11:54:00-05:00  22.360001  22.410000  22.360001  22.410000  22.410000       0
2022-12-09 11:56:00-05:00  22.410000  22.410000  22.389999  22.389999  22.389999       0
2022-12-09 11:58:00-05:00  22.389999  22.400000  22.389999  22.389999  22.389999       0
2022-12-09 12:00:00-05:00  22.400000  22.400000  22.389999  22.389999  22.389999       0
2022-12-09 12:02:00-05:00  22.400000  22.420000  22.400000  22.420000  22.420000       0
2022-12-09 12:04:00-05:00  22.420000  22.420000  22.389999  22.410000  22.410000       0
2022-12-09 12:06:00-05:00  22.410000  22.440001  22.410000  22.410000  22.410000       0
2022-12-09 12:08:00-05:00  22.420000  22.440001  22.410000  22.440001  22.440001       0
2022-12-09 12:10:00-05:00  22.420000  22.420000  22.350000  22.370001  22.370001       0
2022-12-09 12:12:00-05:00  22.360001  22.370001  22.360001  22.360001  22.360001       0
2022-12-09 12:14:00-05:00  22.360001  22.370001  22.330000  22.360001  22.360001       0
2022-12-09 12:16:00-05:00  22.360001  22.400000  22.360001  22.400000  22.400000       0
2022-12-09 12:18:00-05:00  22.410000  22.410000  22.360001  22.360001  22.360001       0
2022-12-09 12:20:00-05:00  22.360001  22.420000  22.360001  22.420000  22.420000       0
2022-12-09 12:22:00-05:00  22.420000  22.420000  22.379999  22.379999  22.379999       0
2022-12-09 12:24:00-05:00  22.400000  22.420000  22.389999  22.420000  22.420000       0
2022-12-09 12:26:00-05:00  22.410000  22.410000  22.389999  22.410000  22.410000       0
2022-12-09 12:28:00-05:00  22.410000  22.430000  22.410000  22.410000  22.410000       0
2022-12-09 12:30:00-05:00  22.410000  22.420000  22.389999  22.400000  22.400000       0
2022-12-09 12:32:00-05:00  22.389999  22.410000  22.389999  22.410000  22.410000       0
2022-12-09 12:34:00-05:00  22.400000  22.410000  22.379999  22.389999  22.389999       0
2022-12-09 12:36:00-05:00  22.389999  22.400000  22.379999  22.400000  22.400000       0
2022-12-09 12:38:00-05:00  22.389999  22.410000  22.389999  22.389999  22.389999       0
2022-12-09 12:40:00-05:00  22.389999  22.400000  22.379999  22.389999  22.389999       0
2022-12-09 12:42:00-05:00  22.410000  22.440001  22.389999  22.400000  22.400000       0
2022-12-09 12:44:00-05:00  22.410000  22.410000  22.350000  22.350000  22.350000       0
2022-12-09 12:46:00-05:00  22.370001  22.410000  22.360001  22.410000  22.410000       0
2022-12-09 12:48:00-05:00  22.410000  22.430000  22.410000  22.410000  22.410000       0
2022-12-09 12:50:00-05:00  22.420000  22.440001  22.420000  22.430000  22.430000       0
2022-12-09 12:52:00-05:00  22.430000  22.440001  22.430000  22.430000  22.430000       0
2022-12-09 12:54:00-05:00  22.430000  22.440001  22.430000  22.440001  22.440001       0
2022-12-09 12:56:00-05:00  22.430000  22.430000  22.400000  22.420000  22.420000       0
2022-12-09 12:58:00-05:00  22.410000  22.430000  22.410000  22.410000  22.410000       0
2022-12-09 13:00:00-05:00  22.420000  22.450001  22.420000  22.440001  22.440001       0
2022-12-09 13:02:00-05:00  22.440001  22.530001  22.440001  22.530001  22.530001       0
2022-12-09 13:04:00-05:00  22.500000  22.510000  22.500000  22.510000  22.510000       0
2022-12-09 13:06:00-05:00  22.530001  22.580000  22.530001  22.580000  22.580000       0
2022-12-09 13:08:00-05:00  22.570000  22.580000  22.570000  22.580000  22.580000       0
2022-12-09 13:10:00-05:00  22.580000  22.610001  22.580000  22.610001  22.610001       0
2022-12-09 13:12:00-05:00  22.610001  22.620001  22.590000  22.590000  22.590000       0
2022-12-09 13:14:00-05:00  22.590000  22.590000  22.570000  22.570000  22.570000       0
2022-12-09 13:16:00-05:00  22.570000  22.570000  22.540001  22.570000  22.570000       0
2022-12-09 13:18:00-05:00  22.559999  22.580000  22.559999  22.580000  22.580000       0
2022-12-09 13:20:00-05:00  22.570000  22.639999  22.570000  22.639999  22.639999       0
2022-12-09 13:22:00-05:00  22.620001  22.639999  22.620001  22.639999  22.639999       0
2022-12-09 13:24:00-05:00  22.639999  22.719999  22.639999  22.690001  22.690001       0
2022-12-09 13:26:00-05:00  22.670000  22.670000  22.639999  22.639999  22.639999       0
2022-12-09 13:28:00-05:00  22.639999  22.670000  22.639999  22.660000  22.660000       0
2022-12-09 13:30:00-05:00  22.660000  22.670000  22.610001  22.610001  22.610001       0
2022-12-09 13:32:00-05:00  22.610001  22.620001  22.590000  22.610001  22.610001       0
2022-12-09 13:34:00-05:00  22.629999  22.639999  22.629999  22.629999  22.629999       0
2022-12-09 13:36:00-05:00  22.620001  22.620001  22.590000  22.590000  22.590000       0
2022-12-09 13:38:00-05:00  22.590000  22.600000  22.580000  22.590000  22.590000       0
2022-12-09 13:40:00-05:00  22.590000  22.610001  22.580000  22.610001  22.610001       0
2022-12-09 13:42:00-05:00  22.629999  22.670000  22.629999  22.670000  22.670000       0
2022-12-09 13:44:00-05:00  22.670000  22.670000  22.639999  22.650000  22.650000       0
2022-12-09 13:46:00-05:00  22.639999  22.660000  22.639999  22.660000  22.660000       0
2022-12-09 13:48:00-05:00  22.660000  22.680000  22.639999  22.639999  22.639999       0
2022-12-09 13:50:00-05:00  22.650000  22.670000  22.629999  22.660000  22.660000       0
2022-12-09 13:52:00-05:00  22.680000  22.690001  22.639999  22.670000  22.670000       0
2022-12-09 13:54:00-05:00  22.670000  22.690001  22.670000  22.690001  22.690001       0
2022-12-09 13:56:00-05:00  22.700001  22.730000  22.700001  22.730000  22.730000       0
2022-12-09 13:58:00-05:00  22.709999  22.719999  22.709999  22.709999  22.709999       0
2022-12-09 14:00:00-05:00  22.709999  22.750000  22.700001  22.740000  22.740000       0
2022-12-09 14:02:00-05:00  22.760000  22.780001  22.750000  22.780001  22.780001       0
2022-12-09 14:04:00-05:00  22.790001  22.820000  22.790001  22.820000  22.820000       0
2022-12-09 14:06:00-05:00  22.830000  22.860001  22.730000  22.750000  22.750000       0
2022-12-09 14:08:00-05:00  22.730000  22.730000  22.719999  22.719999  22.719999       0
2022-12-09 14:10:00-05:00  22.740000  22.780001  22.740000  22.740000  22.740000       0
2022-12-09 14:12:00-05:00  22.750000  22.750000  22.700001  22.700001  22.700001       0
2022-12-09 14:14:00-05:00  22.700001  22.700001  22.629999  22.629999  22.629999       0
2022-12-09 14:16:00-05:00  22.629999  22.639999  22.620001  22.620001  22.620001       0
2022-12-09 14:18:00-05:00  22.620001  22.620001  22.600000  22.600000  22.600000       0
2022-12-09 14:20:00-05:00  22.590000  22.629999  22.590000  22.629999  22.629999       0
2022-12-09 14:22:00-05:00  22.639999  22.639999  22.600000  22.600000  22.600000       0
2022-12-09 14:24:00-05:00  22.590000  22.590000  22.580000  22.580000  22.580000       0
2022-12-09 14:26:00-05:00  22.580000  22.590000  22.559999  22.559999  22.559999       0
2022-12-09 14:28:00-05:00  22.549999  22.549999  22.530001  22.540001  22.540001       0
2022-12-09 14:30:00-05:00  22.549999  22.570000  22.540001  22.570000  22.570000       0
2022-12-09 14:32:00-05:00  22.570000  22.570000  22.530001  22.540001  22.540001       0
2022-12-09 14:34:00-05:00  22.530001  22.549999  22.469999  22.469999  22.469999       0
2022-12-09 14:36:00-05:00  22.459999  22.480000  22.459999  22.459999  22.459999       0
2022-12-09 14:38:00-05:00  22.459999  22.500000  22.459999  22.490000  22.490000       0
2022-12-09 14:40:00-05:00  22.480000  22.510000  22.480000  22.500000  22.500000       0
2022-12-09 14:42:00-05:00  22.490000  22.530001  22.490000  22.500000  22.500000       0
2022-12-09 14:44:00-05:00  22.500000  22.500000  22.480000  22.480000  22.480000       0
2022-12-09 14:46:00-05:00  22.480000  22.480000  22.459999  22.459999  22.459999       0
2022-12-09 14:48:00-05:00  22.459999  22.459999  22.410000  22.420000  22.420000       0
2022-12-09 14:50:00-05:00  22.410000  22.450001  22.410000  22.440001  22.440001       0
2022-12-09 14:52:00-05:00  22.440001  22.440001  22.410000  22.410000  22.410000       0
2022-12-09 14:54:00-05:00  22.410000  22.410000  22.379999  22.389999  22.389999       0
2022-12-09 14:56:00-05:00  22.410000  22.410000  22.340000  22.360001  22.360001       0
2022-12-09 14:58:00-05:00  22.360001  22.360001  22.299999  22.299999  22.299999       0
2022-12-09 15:00:00-05:00  22.299999  22.309999  22.270000  22.270000  22.270000       0
2022-12-09 15:02:00-05:00  22.270000  22.290001  22.270000  22.290001  22.290001       0
2022-12-09 15:04:00-05:00  22.290001  22.290001  22.260000  22.270000  22.270000       0
2022-12-09 15:06:00-05:00  22.260000  22.260000  22.190001  22.190001  22.190001       0
2022-12-09 15:08:00-05:00  22.180000  22.260000  22.180000  22.250000  22.250000       0
2022-12-09 15:10:00-05:00  22.250000  22.280001  22.250000  22.260000  22.260000       0
2022-12-09 15:12:00-05:00  22.260000  22.260000  22.230000  22.230000  22.230000       0
2022-12-09 15:14:00-05:00  22.230000  22.230000  22.190001  22.209999  22.209999       0
2022-12-09 15:16:00-05:00  22.219999  22.260000  22.200001  22.250000  22.250000       0
2022-12-09 15:18:00-05:00  22.219999  22.230000  22.209999  22.219999  22.219999       0
2022-12-09 15:20:00-05:00  22.219999  22.219999  22.209999  22.219999  22.219999       0
2022-12-09 15:22:00-05:00  22.209999  22.270000  22.209999  22.270000  22.270000       0
2022-12-09 15:24:00-05:00  22.270000  22.320000  22.270000  22.309999  22.309999       0
2022-12-09 15:26:00-05:00  22.309999  22.350000  22.309999  22.330000  22.330000       0
2022-12-09 15:28:00-05:00  22.330000  22.330000  22.299999  22.330000  22.330000       0
2022-12-09 15:30:00-05:00  22.330000  22.370001  22.330000  22.370001  22.370001       0
2022-12-09 15:32:00-05:00  22.370001  22.370001  22.350000  22.360001  22.360001       0
2022-12-09 15:34:00-05:00  22.340000  22.379999  22.340000  22.379999  22.379999       0
2022-12-09 15:36:00-05:00  22.379999  22.440001  22.379999  22.440001  22.440001       0
2022-12-09 15:38:00-05:00  22.469999  22.500000  22.469999  22.500000  22.500000       0
2022-12-09 15:40:00-05:00  22.500000  22.570000  22.500000  22.559999  22.559999       0
2022-12-09 15:42:00-05:00  22.530001  22.530001  22.410000  22.450001  22.450001       0
2022-12-09 15:44:00-05:00  22.450001  22.500000  22.450001  22.500000  22.500000       0
2022-12-09 15:46:00-05:00  22.459999  22.469999  22.440001  22.440001  22.440001       0
2022-12-09 15:48:00-05:00  22.440001  22.490000  22.430000  22.490000  22.490000       0
2022-12-09 15:50:00-05:00  22.510000  22.719999  22.510000  22.719999  22.719999       0
2022-12-09 15:52:00-05:00  22.740000  22.740000  22.650000  22.700001  22.700001       0
2022-12-09 15:54:00-05:00  22.700001  22.719999  22.629999  22.670000  22.670000       0
2022-12-09 15:56:00-05:00  22.670000  22.879999  22.670000  22.879999  22.879999       0
2022-12-09 15:58:00-05:00  22.900000  22.900000  22.850000  22.860001  22.860001       0
2022-12-12 09:30:00-05:00  24.240000  24.270000  24.240000  24.270000  24.270000       0
2022-12-12 09:32:00-05:00  24.280001  24.309999  24.250000  24.250000  24.250000       0
2022-12-12 09:34:00-05:00  24.260000  24.320000  24.250000  24.250000  24.250000       0
2022-12-12 09:36:00-05:00  24.250000  24.299999  24.230000  24.299999  24.299999       0
2022-12-12 09:38:00-05:00  24.340000  24.410000  24.340000  24.410000  24.410000       0
2022-12-12 09:40:00-05:00  24.410000  24.410000  24.360001  24.400000  24.400000       0
2022-12-12 09:42:00-05:00  24.400000  24.440001  24.400000  24.410000  24.410000       0
2022-12-12 09:44:00-05:00  24.400000  24.400000  24.350000  24.350000  24.350000       0
2022-12-12 09:46:00-05:00  24.340000  24.389999  24.340000  24.370001  24.370001       0
2022-12-12 09:48:00-05:00  24.389999  24.440001  24.360001  24.410000  24.410000       0
2022-12-12 09:50:00-05:00  24.440001  24.469999  24.430000  24.430000  24.430000       0
2022-12-12 09:52:00-05:00  24.420000  24.440001  24.400000  24.440001  24.440001       0
2022-12-12 09:54:00-05:00  24.440001  24.450001  24.430000  24.440001  24.440001       0
2022-12-12 09:56:00-05:00  24.440001  24.450001  24.420000  24.430000  24.430000       0
2022-12-12 09:58:00-05:00  24.420000  24.420000  24.400000  24.410000  24.410000       0
2022-12-12 10:00:00-05:00  24.420000  24.459999  24.420000  24.459999  24.459999       0
2022-12-12 10:02:00-05:00  24.459999  24.480000  24.459999  24.459999  24.459999       0
2022-12-12 10:04:00-05:00  24.480000  24.490000  24.450001  24.450001  24.450001       0
2022-12-12 10:06:00-05:00  24.450001  24.450001  24.420000  24.440001  24.440001       0
2022-12-12 10:08:00-05:00  24.450001  24.490000  24.450001  24.459999  24.459999       0
2022-12-12 10:10:00-05:00  24.490000  24.530001  24.490000  24.520000  24.520000       0
2022-12-12 10:12:00-05:00  24.520000  24.520000  24.510000  24.520000  24.520000       0
2022-12-12 10:14:00-05:00  24.530001  24.549999  24.480000  24.510000  24.510000       0
2022-12-12 10:16:00-05:00  24.510000  24.549999  24.510000  24.540001  24.540001       0
2022-12-12 10:18:00-05:00  24.540001  24.629999  24.540001  24.600000  24.600000       0
2022-12-12 10:20:00-05:00  24.590000  24.620001  24.590000  24.600000  24.600000       0
2022-12-12 10:22:00-05:00  24.559999  24.559999  24.540001  24.549999  24.549999       0
2022-12-12 10:24:00-05:00  24.549999  24.570000  24.540001  24.570000  24.570000       0
2022-12-12 10:26:00-05:00  24.549999  24.549999  24.530001  24.530001  24.530001       0
2022-12-12 10:28:00-05:00  24.520000  24.530001  24.500000  24.520000  24.520000       0
2022-12-12 10:30:00-05:00  24.530001  24.559999  24.520000  24.520000  24.520000       0
2022-12-12 10:32:00-05:00  24.530001  24.570000  24.530001  24.570000  24.570000       0
2022-12-12 10:34:00-05:00  24.570000  24.580000  24.570000  24.580000  24.580000       0
2022-12-12 10:36:00-05:00  24.570000  24.620001  24.570000  24.620001  24.620001       0
2022-12-12 10:38:00-05:00  24.620001  24.639999  24.620001  24.629999  24.629999       0