                                Open       High        Low      Close  Adj Close  Volume
Datetime                                                                                
2022-11-01 10:54:00-04:00  26.090000  26.100000  26.080000  26.100000  26.100000       0
2022-11-01 10:56:00-04:00  26.120001  26.129999  26.090000  26.129999  26.129999       0
2022-11-01 10:58:00-04:00  26.139999  26.219999  26.120001  26.219999  26.219999       0
2022-11-01 11:00:00-04:00  26.129999  26.160000  26.129999  26.160000  26.160000       0
2022-11-01 11:02:00-04:00  26.190001  26.209999  26.180000  26.200001  26.200001       0
2022-11-01 11:04:00-04:00  26.180000  26.180000  26.139999  26.139999  26.139999       0
2022-11-01 11:06:00-04:00  26.150000  26.170000  26.150000  26.170000  26.170000       0
2022-11-01 11:08:00-04:00  26.170000  26.209999  26.160000  26.160000  26.160000       0
2022-11-01 11:10:00-04:00  26.150000  26.170000  26.139999  26.139999  26.139999       0
2022-11-01 11:12:00-04:00  26.120001  26.129999  26.040001  26.059999  26.059999       0
2022-11-01 11:14:00-04:00  26.030001  26.059999  26.030001  26.059999  26.059999       0
2022-11-01 11:16:00-04:00  26.070000  26.070000  25.980000  25.980000  25.980000       0
2022-11-01 11:18:00-04:00  26.010000  26.020000  26.010000  26.010000  26.010000       0
2022-11-01 11:22:00-04:00  26.059999  26.059999  26.040001  26.049999  26.049999       0
2022-11-01 11:24:00-04:00  26.070000  26.100000  26.070000  26.090000  26.090000       0
2022-11-01 11:26:00-04:00  26.080000  26.080000  26.059999  26.070000  26.070000       0
2022-11-01 11:28:00-04:00  26.070000  26.070000  26.010000  26.010000  26.010000       0
2022-11-01 11:30:00-04:00  26.000000  26.000000  25.930000  25.959999  25.959999       0
2022-11-01 11:32:00-04:00  25.959999  25.990000  25.959999  25.990000  25.990000       0
2022-11-01 11:34:00-04:00  26.000000  26.010000  25.950001  25.950001  25.950001       0
2022-11-01 11:36:00-04:00  25.950001  25.950001  25.900000  25.900000  25.900000       0
2022-11-01 11:38:00-04:00  25.910000  26.080000  25.910000  26.070000  26.070000       0
2022-11-01 11:40:00-04:00  26.059999  26.059999  25.980000  26.000000  26.000000       0
2022-11-01 11:42:00-04:00  25.990000  25.990000  25.930000  25.930000  25.930000       0
2022-11-01 11:44:00-04:00  25.940001  25.990000  25.940001  25.990000  25.990000       0
2022-11-01 11:46:00-04:00  25.990000  25.990000  25.940001  25.950001  25.950001       0
2022-11-01 11:48:00-04:00  25.940001  25.940001  25.930000  25.940001  25.940001       0
2022-11-01 11:50:00-04:00  25.959999  25.959999  25.930000  25.930000  25.930000       0
2022-11-01 11:52:00-04:00  25.950001  25.969999  25.930000  25.930000  25.930000       0
2022-11-01 11:54:00-04:00  25.940001  25.950001  25.930000  25.950001  25.950001       0
2022-11-01 11:56:00-04:00  25.950001  25.959999  25.910000  25.910000  25.910000       0
2022-11-01 11:58:00-04:00  25.900000  25.900000  25.850000  25.850000  25.850000       0
2022-11-01 12:00:00-04:00  25.850000  25.860001  25.840000  25.850000  25.850000       0
2022-11-01 12:02:00-04:00  25.840000  25.889999  25.840000  25.889999  25.889999       0
2022-11-01 12:04:00-04:00  25.889999  25.889999  25.850000  25.850000  25.850000       0
2022-11-01 12:06:00-04:00  25.809999  25.809999  25.750000  25.760000  25.760000       0
2022-11-01 12:08:00-04:00  25.760000  25.760000  25.719999  25.730000  25.730000       0
2022-11-01 12:10:00-04:00  25.740000  25.740000  25.709999  25.730000  25.730000       0
2022-11-01 12:12:00-04:00  25.780001  25.799999  25.780001  25.780001  25.780001       0
2022-11-01 12:14:00-04:00  25.790001  25.790001  25.750000  25.750000  25.750000       0
2022-11-01 12:16:00-04:00  25.770000  25.780001  25.760000  25.760000  25.760000       0
2022-11-01 12:18:00-04:00  25.770000  25.770000  25.719999  25.719999  25.719999       0
2022-11-01 12:20:00-04:00  25.709999  25.719999  25.709999  25.709999  25.709999       0
2022-11-01 12:22:00-04:00  25.719999  25.719999  25.690001  25.690001  25.690001       0
2022-11-01 12:24:00-04:00  25.680000  25.740000  25.680000  25.709999  25.709999       0
2022-11-01 12:26:00-04:00  25.709999  25.750000  25.709999  25.750000  25.750000       0
2022-11-01 12:28:00-04:00  25.760000  25.780001  25.760000  25.780001  25.780001       0
2022-11-01 12:30:00-04:00  25.770000  25.780001  25.760000  25.780001  25.780001       0
2022-11-01 12:32:00-04:00  25.770000  25.780001  25.740000  25.740000  25.740000       0
2022-11-01 12:34:00-04:00  25.740000  25.760000  25.730000  25.730000  25.730000       0
2022-11-01 12:36:00-04:00  25.740000  25.780001  25.740000  25.760000  25.760000       0
2022-11-01 12:38:00-04:00  25.770000  25.770000  25.730000  25.730000  25.730000       0
2022-11-01 12:40:00-04:00  25.730000  25.750000  25.730000  25.740000  25.740000       0
2022-11-01 12:42:00-04:00  25.740000  25.750000  25.730000  25.750000  25.750000       0
2022-11-01 12:44:00-04:00  25.760000  25.760000  25.740000  25.740000  25.740000       0
2022-11-01 12:46:00-04:00  25.750000  25.790001  25.750000  25.780001  25.780001       0
2022-11-01 12:48:00-04:00  25.780001  25.790001  25.780001  25.780001  25.780001       0
2022-11-01 12:50:00-04:00  25.780001  25.809999  25.780001  25.809999  25.809999       0
2022-11-01 12:52:00-04:00  25.809999  25.809999  25.790001  25.790001  25.790001       0
2022-11-01 12:54:00-04:00  25.799999  25.799999  25.780001  25.799999  25.799999       0
2022-11-01 12:56:00-04:00  25.809999  25.820000  25.799999  25.809999  25.809999       0
2022-11-01 12:58:00-04:00  25.799999  25.799999  25.730000  25.730000  25.730000       0
2022-11-01 13:00:00-04:00  25.730000  25.740000  25.719999  25.719999  25.719999       0
2022-11-01 13:02:00-04:00  25.719999  25.750000  25.690001  25.690001  25.690001       0
2022-11-01 13:04:00-04:00  25.700001  25.719999  25.680000  25.680000  25.680000       0
2022-11-01 13:06:00-04:00  25.680000  25.709999  25.680000  25.709999  25.709999       0
2022-11-01 13:08:00-04:00  25.700001  25.730000  25.700001  25.730000  25.730000       0
2022-11-01 13:10:00-04:00  25.730000  25.730000  25.690001  25.690001  25.690001       0
2022-11-01 13:12:00-04:00  25.680000  25.680000  25.670000  25.680000  25.680000       0
2022-11-01 13:14:00-04:00  25.670000  25.700001  25.670000  25.680000  25.680000       0
2022-11-01 13:16:00-04:00  25.690001  25.700001  25.690001  25.690001  25.690001       0
2022-11-01 13:18:00-04:00  25.690001  25.700001  25.680000  25.700001  25.700001       0
2022-11-01 13:20:00-04:00  25.700001  25.700001  25.690001  25.690001  25.690001       0
2022-11-01 13:22:00-04:00  25.690001  25.709999  25.690001  25.709999  25.709999       0
2022-11-01 13:24:00-04:00  25.740000  25.780001  25.730000  25.780001  25.780001       0
2022-11-01 13:26:00-04:00  25.780001  25.790001  25.780001  25.780001  25.780001       0
2022-11-01 13:28:00-04:00  25.790001  25.790001  25.750000  25.760000  25.760000       0
2022-11-01 13:30:00-04:00  25.750000  25.750000  25.730000  25.730000  25.730000       0
2022-11-01 13:32:00-04:00  25.719999  25.719999  25.680000  25.680000  25.680000       0
2022-11-01 13:34:00-04:00  25.680000  25.690001  25.680000  25.690001  25.690001       0
2022-11-01 13:36:00-04:00  25.709999  25.750000  25.709999  25.750000  25.750000       0
2022-11-01 13:38:00-04:00  25.740000  25.750000  25.740000  25.740000  25.740000       0
2022-11-01 13:40:00-04:00  25.740000  25.740000  25.700001  25.700001  25.700001       0
2022-11-01 13:42:00-04:00  25.700001  25.709999  25.690001  25.709999  25.709999       0
2022-11-01 13:44:00-04:00  25.719999  25.730000  25.719999  25.719999  25.719999       0
2022-11-01 13:46:00-04:00  25.709999  25.709999  25.680000  25.690001  25.690001       0
2022-11-01 13:48:00-04:00  25.680000  25.709999  25.680000  25.709999  25.709999       0
2022-11-01 13:50:00-04:00  25.709999  25.709999  25.690001  25.690001  25.690001       0
2022-11-01 13:52:00-04:00  25.680000  25.700001  25.680000  25.700001  25.700001       0
2022-11-01 13:54:00-04:00  25.700001  25.719999  25.700001  25.709999  25.709999       0
2022-11-01 13:56:00-04:00  25.719999  25.730000  25.709999  25.730000  25.730000       0
2022-11-01 13:58:00-04:00  25.719999  25.719999  25.690001  25.700001  25.700001       0
2022-11-01 14:00:00-04:00  25.690001  25.700001  25.680000  25.680000  25.680000       0
2022-11-01 14:02:00-04:00  25.680000  25.690001  25.680000  25.680000  25.680000       0
2022-11-01 14:04:00-04:00  25.680000  25.680000  25.660000  25.680000  25.680000       0
2022-11-01 14:06:00-04:00  25.680000  25.690001  25.680000  25.680000  25.680000       0
2022-11-01 14:08:00-04:00  25.680000  25.690001  25.670000  25.680000  25.680000       0
2022-11-01 14:10:00-04:00  25.680000  25.690001  25.680000  25.690001  25.690001       0
2022-11-01 14:12:00-04:00  25.690001  25.709999  25.690001  25.709999  25.709999       0
2022-11-01 14:14:00-04:00  25.700001  25.709999  25.700001  25.709999  25.709999       0
2022-11-01 14:16:00-04:00  25.719999  25.730000  25.709999  25.730000  25.730000       0
2022-11-01 14:18:00-04:00  25.730000  25.740000  25.719999  25.730000  25.730000       0
2022-11-01 14:20:00-04:00  25.740000  25.770000  25.740000  25.770000  25.770000       0
2022-11-01 14:22:00-04:00  25.750000  25.750000  25.730000  25.750000  25.750000       0
2022-11-01 14:24:00-04:00  25.750000  25.760000  25.750000  25.750000  25.750000       0
2022-11-01 14:26:00-04:00  25.750000  25.770000  25.750000  25.770000  25.770000       0
2022-11-01 14:28:00-04:00  25.770000  25.770000  25.750000  25.750000  25.750000       0
2022-11-01 14:30:00-04:00  25.760000  25.760000  25.740000  25.760000  25.760000       0
2022-11-01 14:32:00-04:00  25.750000  25.820000  25.750000  25.809999  25.809999       0
2022-11-01 14:34:00-04:00  25.809999  25.809999  25.799999  25.809999  25.809999       0
2022-11-01 14:36:00-04:00  25.809999  25.820000  25.809999  25.809999  25.809999       0
2022-11-01 14:38:00-04:00  25.809999  25.840000  25.809999  25.830000  25.830000       0
2022-11-01 14:40:00-04:00  25.830000  25.860001  25.820000  25.860001  25.860001       0
2022-11-01 14:42:00-04:00  25.850000  25.879999  25.850000  25.860001  25.860001       0
2022-11-01 14:44:00-04:00  25.870001  25.870001  25.840000  25.840000  25.840000       0
2022-11-01 14:46:00-04:00  25.850000  25.889999  25.850000  25.879999  25.879999       0
2022-11-01 14:48:00-04:00  25.879999  25.900000  25.879999  25.900000  25.900000       0
2022-11-01 14:50:00-04:00  25.900000  25.900000  25.889999  25.900000  25.900000       0
2022-11-01 14:52:00-04:00  25.910000  25.910000  25.870001  25.870001  25.870001       0
2022-11-01 14:54:00-04:00  25.860001  25.860001  25.830000  25.830000  25.830000       0
2022-11-01 14:56:00-04:00  25.820000  25.820000  25.760000  25.760000  25.760000       0
2022-11-01 14:58:00-04:00  25.760000  25.770000  25.760000  25.760000  25.760000       0
2022-11-01 15:00:00-04:00  25.760000  25.770000  25.760000  25.760000  25.760000       0
2022-11-01 15:02:00-04:00  25.780001  25.780001  25.770000  25.770000  25.770000       0
2022-11-01 15:04:00-04:00  25.770000  25.770000  25.740000  25.750000  25.750000       0
2022-11-01 15:06:00-04:00  25.740000  25.750000  25.719999  25.719999  25.719999       0
2022-11-01 15:08:00-04:00  25.709999  25.709999  25.660000  25.690001  25.690001       0
2022-11-01 15:10:00-04:00  25.700001  25.760000  25.700001  25.750000  25.750000       0
2022-11-01 15:12:00-04:00  25.760000  25.760000  25.719999  25.719999  25.719999       0
2022-11-01 15:14:00-04:00  25.719999  25.719999  25.680000  25.680000  25.680000       0
2022-11-01 15:16:00-04:00  25.680000  25.719999  25.680000  25.709999  25.709999       0
2022-11-01 15:18:00-04:00  25.719999  25.719999  25.690001  25.690001  25.690001       0
2022-11-01 15:20:00-04:00  25.680000  25.719999  25.680000  25.719999  25.719999       0
2022-11-01 15:22:00-04:00  25.719999  25.730000  25.719999  25.719999  25.719999       0
2022-11-01 15:24:00-04:00  25.719999  25.740000  25.719999  25.740000  25.740000       0
2022-11-01 15:26:00-04:00  25.740000  25.760000  25.740000  25.760000  25.760000       0
2022-11-01 15:28:00-04:00  25.760000  25.790001  25.740000  25.790001  25.790001       0
2022-11-01 15:30:00-04:00  25.790001  25.790001  25.770000  25.770000  25.770000       0
2022-11-01 15:32:00-04:00  25.780001  25.780001  25.760000  25.770000  25.770000       0
2022-11-01 15:34:00-04:00  25.770000  25.770000  25.740000  25.740000  25.740000       0
2022-11-01 15:36:00-04:00  25.730000  25.730000  25.709999  25.719999  25.719999       0
2022-11-01 15:38:00-04:00  25.719999  25.750000  25.719999  25.750000  25.750000       0
2022-11-01 15:40:00-04:00  25.760000  25.760000  25.730000  25.730000  25.730000       0
2022-11-01 15:42:00-04:00  25.740000  25.770000  25.740000  25.770000  25.770000       0
2022-11-01 15:44:00-04:00  25.770000  25.770000  25.750000  25.760000  25.760000       0
2022-11-01 15:46:00-04:00  25.740000  25.760000  25.740000  25.740000  25.740000       0
2022-11-01 15:48:00-04:00  25.740000  25.770000  25.740000  25.740000  25.740000       0
2022-11-01 15:50:00-04:00  25.719999  25.740000  25.690001  25.700001  25.700001       0
2022-11-01 15:52:00-04:00  25.690001  25.700001  25.690001  25.690001  25.690001       0
2022-11-01 15:54:00-04:00  25.700001  25.700001  25.690001  25.690001  25.690001       0
2022-11-01 15:56:00-04:00  25.690001  25.719999  25.690001  25.709999  25.709999       0
2022-11-01 15:58:00-04:00  25.690001  25.700001  25.690001  25.690001  25.690001       0
2022-11-02 09:30:00-04:00  26.450001  26.450001  26.450001  26.450001  26.450001       0
2022-11-02 09:32:00-04:00  26.459999  26.459999  26.430000  26.459999  26.459999       0
2022-11-02 09:34:00-04:00  26.389999  26.389999  26.309999  26.309999  26.309999       0
2022-11-02 09:36:00-04:00  26.290001  26.290001  26.260000  26.260000  26.260000       0
2022-11-02 09:38:00-04:00  26.270000  26.280001  26.270000  26.280001  26.280001       0
2022-11-02 09:40:00-04:00  26.240000  26.330000  26.240000  26.330000  26.330000       0
2022-11-02 09:42:00-04:00  26.340000  26.370001  26.320000  26.370001  26.370001       0
2022-11-02 09:44:00-04:00  26.370001  26.440001  26.370001  26.440001  26.440001       0
2022-11-02 09:46:00-04:00  26.440001  26.440001  26.389999  26.400000  26.400000       0
2022-11-02 09:48:00-04:00  26.389999  26.410000  26.389999  26.410000  26.410000       0
2022-11-02 09:50:00-04:00  26.430000  26.440001  26.430000  26.440001  26.440001       0
2022-11-02 09:52:00-04:00  26.440001  26.440001  26.410000  26.430000  26.430000       0
2022-11-02 09:54:00-04:00  26.420000  26.420000  26.400000  26.410000  26.410000       0
2022-11-02 09:56:00-04:00  26.410000  26.430000  26.410000  26.430000  26.430000       0
2022-11-02 09:58:00-04:00  26.450001  26.480000  26.450001  26.480000  26.480000       0
2022-11-02 10:00:00-04:00  26.490000  26.500000  26.459999  26.480000  26.480000       0
2022-11-02 10:02:00-04:00  26.510000  26.540001  26.510000  26.530001  26.530001       0
2022-11-02 10:04:00-04:00  26.530001  26.540001  26.480000  26.480000  26.480000       0
2022-11-02 10:06:00-04:00  26.490000  26.490000  26.450001  26.450001  26.450001       0
2022-11-02 10:08:00-04:00  26.440001  26.459999  26.440001  26.450001  26.450001       0
2022-11-02 10:10:00-04:00  26.430000  26.430000  26.420000  26.420000  26.420000       0
2022-11-02 10:12:00-04:00  26.420000  26.420000  26.370001  26.370001  26.370001       0
2022-11-02 10:14:00-04:00  26.370001  26.420000  26.370001  26.420000  26.420000       0
2022-11-02 10:16:00-04:00  26.410000  26.430000  26.400000  26.430000  26.430000       0
2022-11-02 10:18:00-04:00  26.410000  26.410000  26.389999  26.389999  26.389999       0
2022-11-02 10:20:00-04:00  26.389999  26.420000  26.389999  26.420000  26.420000       0
2022-11-02 10:22:00-04:00  26.410000  26.410000  26.379999  26.379999  26.379999       0
2022-11-02 10:24:00-04:00  26.370001  26.370001  26.350000  26.360001  26.360001       0
2022-11-02 10:26:00-04:00  26.350000  26.379999  26.350000  26.379999  26.379999       0
2022-11-02 10:28:00-04:00  26.379999  26.400000  26.370001  26.400000  26.400000       0
2022-11-02 10:30:00-04:00  26.379999  26.379999  26.350000  26.370001  26.370001       0
2022-11-02 10:32:00-04:00  26.370001  26.379999  26.340000  26.340000  26.340000       0
2022-11-02 10:34:00-04:00  26.350000  26.370001  26.350000  26.370001  26.370001       0
2022-11-02 10:36:00-04:00  26.370001  26.370001  26.350000  26.360001  26.360001       0
2022-11-02 10:38:00-04:00  26.360001  26.360001  26.330000  26.330000  26.330000       0
2022-11-02 10:40:00-04:00  26.330000  26.340000  26.320000  26.340000  26.340000       0
2022-11-02 10:42:00-04:00  26.340000  26.360001  26.320000  26.320000  26.320000       0
2022-11-02 10:44:00-04:00  26.320000  26.320000  26.309999  26.309999  26.309999       0
2022-11-02 10:46:00-04:00  26.309999  26.320000  26.309999  26.320000  26.320000       0
2022-11-02 10:48:00-04:00  26.320000  26.330000  26.299999  26.299999  26.299999       0
2022-11-02 10:50:00-04:00  26.299999  26.309999  26.299999  26.309999  26.309999       0
2022-11-02 10:52:00-04:00  26.299999  26.309999  26.270000  26.270000  26.270000       0
2022-11-02 10:54:00-04:00  26.270000  26.270000  26.240000  26.260000  26.260000       0
2022-11-02 10:56:00-04:00  26.270000  26.290001  26.270000  26.290001  26.290001       0
2022-11-02 10:58:00-04:00  26.290001  26.299999  26.290001  26.299999  26.299999       0
2022-11-02 11:00:00-04:00  26.309999  26.309999  26.299999  26.299999  26.299999       0
2022-11-02 11:02:00-04:00  26.309999  26.330000  26.299999  26.330000  26.330000       0
2022-11-02 11:04:00-04:00  26.330000  26.350000  26.320000  26.350000  26.350000       0
2022-11-02 11:06:00-04:00  26.350000  26.389999  26.350000  26.389999  26.389999       0
2022-11-02 11:08:00-04:00  26.400000  26.420000  26.400000  26.420000  26.420000       0
2022-11-02 11:10:00-04:00  26.420000  26.420000  26.410000  26.410000  26.410000       0
2022-11-02 11:12:00-04:00  26.410000  26.459999  26.400000  26.459999  26.459999       0
2022-11-02 11:14:00-04:00  26.459999  26.520000  26.459999  26.520000  26.520000       0
2022-11-02 11:16:00-04:00  26.530001  26.540001  26.530001  26.530001  26.530001       0
2022-11-02 11:18:00-04:00  26.530001  26.530001  26.500000  26.500000  26.500000       0
2022-11-02 11:20:00-04:00  26.500000  26.540001  26.500000  26.540001  26.540001       0
2022-11-02 11:22:00-04:00  26.540001  26.559999  26.540001  26.549999  26.549999       0
2022-11-02 11:24:00-04:00  26.549999  26.549999  26.549999  26.549999  26.549999       0
2022-11-02 11:26:00-04:00  26.559999  26.559999  26.540001  26.549999  26.549999       0
2022-11-02 11:28:00-04:00  26.549999  26.559999  26.540001  26.559999  26.559999       0
2022-11-02 11:30:00-04:00  26.540001  26.590000  26.540001  26.590000  26.590000       0
2022-11-02 11:32:00-04:00  26.590000  26.590000  26.570000  26.570000  26.570000       0
2022-11-02 11:34:00-04:00  26.559999  26.559999  26.540001  26.549999  26.549999       0
2022-11-02 11:36:00-04:00  26.549999  26.559999  26.540001  26.540001  26.540001       0
2022-11-02 11:38:00-04:00  26.540001  26.570000  26.540001  26.559999  26.559999       0
2022-11-02 11:40:00-04:00  26.570000  26.590000  26.549999  26.549999  26.549999       0
2022-11-02 11:42:00-04:00  26.549999  26.549999  26.510000  26.540001  26.540001       0
2022-11-02 11:44:00-04:00  26.580000  26.600000  26.580000  26.600000  26.600000       0
2022-11-02 11:46:00-04:00  26.600000  26.620001  26.600000  26.620001  26.620001       0
2022-11-02 11:48:00-04:00  26.610001  26.620001  26.600000  26.600000  26.600000       0
2022-11-02 11:50:00-04:00  26.600000  26.600000  26.580000  26.580000  26.580000       0
2022-11-02 11:52:00-04:00  26.580000  26.580000  26.559999  26.559999  26.559999       0
2022-11-02 11:54:00-04:00  26.559999  26.570000  26.549999  26.549999  26.549999       0
2022-11-02 11:56:00-04:00  26.549999  26.570000  26.549999  26.559999  26.559999       0
2022-11-02 11:58:00-04:00  26.549999  26.570000  26.549999  26.570000  26.570000       0
2022-11-02 12:00:00-04:00  26.580000  26.590000  26.580000  26.590000  26.590000       0
2022-11-02 12:02:00-04:00  26.570000  26.570000  26.559999  26.559999  26.559999       0
2022-11-02 12:04:00-04:00  26.570000  26.570000  26.559999  26.559999  26.559999       0
2022-11-02 12:06:00-04:00  26.549999  26.570000  26.549999  26.570000  26.570000       0
2022-11-02 12:08:00-04:00  26.570000  26.580000  26.540001  26.540001  26.540001       0
2022-11-02 12:10:00-04:00  26.540001  26.549999  26.530001  26.530001  26.530001       0
2022-11-02 12:12:00-04:00  26.540001  26.540001  26.510000  26.510000  26.510000       0
2022-11-02 12:14:00-04:00  26.520000  26.520000  26.510000  26.510000  26.510000       0
2022-11-02 12:16:00-04:00  26.510000  26.540001  26.510000  26.540001  26.540001       0
2022-11-02 12:18:00-04:00  26.530001  26.549999  26.530001  26.540001  26.540001       0
2022-11-02 12:20:00-04:00  26.540001  26.540001  26.530001  26.530001  26.530001       0
2022-11-02 12:22:00-04:00  26.510000  26.530001  26.510000  26.530001  26.530001       0
2022-11-02 12:24:00-04:00  26.540001  26.540001  26.530001  26.540001  26.540001       0
2022-11-02 12:26:00-04:00  26.530001  26.530001  26.520000  26.520000  26.520000       0
2022-11-02 12:28:00-04:00  26.530001  26.540001  26.530001  26.530001  26.530001       0
2022-11-02 12:30:00-04:00  26.540001  26.549999  26.540001  26.540001  26.540001       0
2022-11-02 12:32:00-04:00  26.549999  26.549999  26.540001  26.540001  26.540001       0
2022-11-02 12:34:00-04:00  26.540001  26.540001  26.530001  26.540001  26.540001       0
2022-11-02 12:36:00-04:00  26.549999  26.549999  26.530001  26.530001  26.530001       0
2022-11-02 12:38:00-04:00  26.530001  26.540001  26.530001  26.540001  26.540001       0
2022-11-02 12:40:00-04:00  26.540001  26.540001  26.490000  26.490000  26.490000       0
2022-11-02 12:42:00-04:00  26.480000  26.480000  26.450001  26.450001  26.450001       0
2022-11-02 12:44:00-04:00  26.450001  26.450001  26.430000  26.430000  26.430000       0
2022-11-02 12:46:00-04:00  26.430000  26.450001  26.430000  26.450001  26.450001       0
2022-11-02 12:48:00-04:00  26.450001  26.450001  26.430000  26.440001  26.440001       0
2022-11-02 12:50:00-04:00  26.430000  26.450001  26.420000  26.420000  26.420000       0
2022-11-02 12:52:00-04:00  26.420000  26.430000  26.420000  26.430000  26.430000       0
2022-11-02 12:54:00-04:00  26.430000  26.430000  26.430000  26.430000  26.430000       0
2022-11-02 12:56:00-04:00  26.430000  26.430000  26.389999  26.389999  26.389999       0
2022-11-02 12:58:00-04:00  26.360001  26.360001  26.350000  26.360001  26.360001       0
2022-11-02 13:00:00-04:00  26.370001  26.379999  26.370001  26.379999  26.379999       0
2022-11-02 13:02:00-04:00  26.370001  26.389999  26.370001  26.389999  26.389999       0
2022-11-02 13:04:00-04:00  26.379999  26.379999  26.370001  26.370001  26.370001       0
2022-11-02 13:06:00-04:00  26.370001  26.379999  26.370001  26.370001  26.370001       0
2022-11-02 13:08:00-04:00  26.360001  26.360001  26.340000  26.350000  26.350000       0
2022-11-02 13:10:00-04:00  26.350000  26.350000  26.340000  26.350000  26.350000       0
2022-11-02 13:12:00-04:00  26.350000  26.370001  26.350000  26.370001  26.370001       0
2022-11-02 13:14:00-04:00  26.379999  26.389999  26.379999  26.379999  26.379999       0
2022-11-02 13:16:00-04:00  26.379999  26.379999  26.370001  26.379999  26.379999       0
2022-11-02 13:18:00-04:00  26.379999  26.389999  26.379999  26.389999  26.389999       0
2022-11-02 13:20:00-04:00  26.389999  26.400000  26.389999  26.400000  26.400000       0
2022-11-02 13:22:00-04:00  26.400000  26.410000  26.400000  26.400000  26.400000       0
2022-11-02 13:24:00-04:00  26.410000  26.420000  26.410000  26.420000  26.420000       0
2022-11-02 13:26:00-04:00  26.420000  26.480000  26.420000  26.480000  26.480000       0
2022-11-02 13:28:00-04:00  26.480000  26.490000  26.480000  26.490000  26.490000       0
2022-11-02 13:30:00-04:00  26.500000  26.510000  26.490000  26.510000  26.510000       0
2022-11-02 13:32:00-04:00  26.510000  26.510000  26.490000  26.490000  26.490000       0
2022-11-02 13:34:00-04:00  26.490000  26.500000  26.469999  26.500000  26.500000       0
2022-11-02 13:36:00-04:00  26.500000  26.510000  26.480000  26.480000  26.480000       0
2022-11-02 13:38:00-04:00  26.480000  26.490000  26.480000  26.490000  26.490000       0
2022-11-02 13:40:00-04:00  26.490000  26.490000  26.459999  26.469999  26.469999       0
2022-11-02 13:42:00-04:00  26.500000  26.500000  26.500000  26.500000  26.500000       0
2022-11-02 13:44:00-04:00  26.500000  26.520000  26.500000  26.510000  26.510000       0
2022-11-02 13:46:00-04:00  26.490000  26.500000  26.469999  26.469999  26.469999       0
2022-11-02 13:48:00-04:00  26.469999  26.469999  26.450001  26.450001  26.450001       0
2022-11-02 13:50:00-04:00  26.410000  26.440001  26.400000  26.440001  26.440001       0
2022-11-02 13:52:00-04:00  26.440001  26.450001  26.420000  26.420000  26.420000       0
2022-11-02 13:54:00-04:00  26.420000  26.420000  26.389999  26.400000  26.400000       0
2022-11-02 13:56:00-04:00  26.410000  26.430000  26.389999  26.410000  26.410000       0
2022-11-02 13:58:00-04:00  26.440001  26.440001  26.400000  26.410000  26.410000       0
2022-11-02 14:00:00-04:00  26.430000  26.430000  25.740000  25.740000  25.740000       0
2022-11-02 14:02:00-04:00  25.559999  25.559999  25.459999  25.530001  25.530001       0
2022-11-02 14:04:00-04:00  25.600000  25.760000  25.600000  25.709999  25.709999       0
2022-11-02 14:06:00-04:00  25.709999  25.709999  25.709999  25.709999  25.709999       0
2022-11-02 14:08:00-04:00  25.780001  25.940001  25.709999  25.940001  25.940001       0
2022-11-02 14:10:00-04:00  25.950001  26.000000  25.940001  26.000000  26.000000       0
2022-11-02 14:12:00-04:00  25.969999  25.969999  25.860001  25.860001  25.860001       0
2022-11-02 14:14:00-04:00  25.920000  25.940001  25.910000  25.930000  25.930000       0
2022-11-02 14:16:00-04:00  25.959999  26.070000  25.920000  26.070000  26.070000       0
2022-11-02 14:18:00-04:00  26.090000  26.090000  25.969999  26.030001  26.030001       0
2022-11-02 14:20:00-04:00  26.000000  26.110001  26.000000  26.070000  26.070000       0
2022-11-02 14:22:00-04:00  26.080000  26.090000  26.049999  26.090000  26.090000       0
2022-11-02 14:24:00-04:00  26.080000  26.080000  26.010000  26.049999  26.049999       0
2022-11-02 14:26:00-04:00  26.010000  26.010000  25.980000  25.980000  25.980000       0
2022-11-02 14:28:00-04:00  25.920000  25.920000  25.770000  25.770000  25.770000       0
2022-11-02 14:30:00-04:00  25.770000  25.920000  25.719999  25.920000  25.920000       0
2022-11-02 14:32:00-04:00  25.969999  26.010000  25.889999  25.910000  25.910000       0
2022-11-02 14:34:00-04:00  25.920000  25.959999  25.830000  25.830000  25.830000       0
2022-11-02 14:36:00-04:00  25.770000  26.139999  25.770000  26.139999  26.139999       0
2022-11-02 14:38:00-04:00  26.160000  26.160000  25.920000  25.920000  25.920000       0
2022-11-02 14:40:00-04:00  26.059999  26.059999  25.770000  25.799999  25.799999       0
2022-11-02 14:42:00-04:00  25.830000  25.830000  25.709999  25.770000  25.770000       0
2022-11-02 14:44:00-04:00  25.770000  25.830000  25.760000  25.820000  25.820000       0
2022-11-02 14:46:00-04:00  25.719999  25.809999  25.690001  25.700001  25.700001       0
2022-11-02 14:48:00-04:00  25.719999  25.740000  25.660000  25.700001  25.700001       0
2022-11-02 14:50:00-04:00  25.730000  25.830000  25.690001  25.780001  25.780001       0
2022-11-02 14:52:00-04:00  25.780001  25.780001  25.650000  25.770000  25.770000       0
2022-11-02 14:54:00-04:00  25.770000  25.770000  25.620001  25.690001  25.690001       0
2022-11-02 14:56:00-04:00  25.690001  25.690001  25.590000  25.620001  25.620001       0
2022-11-02 14:58:00-04:00  25.629999  25.690001  25.629999  25.629999  25.629999       0
2022-11-02 15:00:00-04:00  25.670000  25.680000  25.580000  25.620001  25.620001       0
2022-11-02 15:02:00-04:00  25.580000  25.600000  25.580000  25.580000  25.580000       0
2022-11-02 15:04:00-04:00  25.549999  25.639999  25.549999  25.559999  25.559999       0
2022-11-02 15:06:00-04:00  25.559999  25.610001  25.559999  25.580000  25.580000       0
2022-11-02 15:08:00-04:00  25.620001  25.620001  25.420000  25.420000  25.420000       0
2022-11-02 15:10:00-04:00  25.440001  25.610001  25.440001  25.610001  25.610001       0
2022-11-02 15:12:00-04:00  25.620001  25.670000  25.620001  25.670000  25.670000       0
2022-11-02 15:14:00-04:00  25.650000  25.709999  25.650000  25.709999  25.709999       0
2022-11-02 15:16:00-04:00  25.700001  25.790001  25.700001  25.719999  25.719999       0
2022-11-02 15:18:00-04:00  25.730000  25.760000  25.730000  25.750000  25.750000       0
2022-11-02 15:20:00-04:00  25.760000  25.790001  25.719999  25.719999  25.719999       0
2022-11-02 15:22:00-04:00  25.700001  25.700001  25.650000  25.650000  25.650000       0
2022-11-02 15:24:00-04:00  25.670000  25.670000  25.570000  25.570000  25.570000       0
2022-11-02 15:26:00-04:00  25.520000  25.520000  25.389999  25.410000  25.410000       0
2022-11-02 15:28:00-04:00  25.420000  25.629999  25.420000  25.629999  25.629999       0
2022-11-02 15:30:00-04:00  25.670000  25.770000  25.639999  25.639999  25.639999       0
2022-11-02 15:32:00-04:00  25.620001  25.690001  25.620001  25.639999  25.639999       0
2022-11-02 15:34:00-04:00  25.650000  25.660000  25.639999  25.660000  25.660000       0
2022-11-02 15:36:00-04:00  25.670000  25.690001  25.670000  25.670000  25.670000       0
2022-11-02 15:38:00-04:00  25.600000  25.639999  25.600000  25.610001  25.610001       0
2022-11-02 15:40:00-04:00  25.610001  25.660000  25.610001  25.650000  25.650000       0
2022-11-02 15:42:00-04:00  25.639999  25.719999  25.639999  25.719999  25.719999       0
2022-11-02 15:44:00-04:00  25.709999  25.780001  25.700001  25.770000  25.770000       0
2022-11-02 15:46:00-04:00  25.770000  25.830000  25.770000  25.830000  25.830000       0
2022-11-02 15:48:00-04:00  25.820000  25.889999  25.809999  25.889999  25.889999       0
2022-11-02 15:50:00-04:00  25.870001  25.950001  25.870001  25.950001  25.950001       0
2022-11-02 15:52:00-04:00  25.969999  26.020000  25.950001  26.020000  26.020000       0
2022-11-02 15:54:00-04:00  26.020000  26.020000  25.889999  25.889999  25.889999       0
2022-11-02 15:56:00-04:00  25.879999  25.879999  25.809999  25.850000  25.850000       0
2022-11-02 15:58:00-04:00  25.860001  25.860001  25.820000  25.860001  25.860001       0
2022-11-03 09:32:00-04:00  26.700001  26.700001  26.590000  26.590000  26.590000       0
2022-11-03 09:34:00-04:00  26.549999  26.549999  26.450001  26.450001  26.450001       0
2022-11-03 09:36:00-04:00  26.420000  26.530001  26.420000  26.500000  26.500000       0
2022-11-03 09:38:00-04:00  26.520000  26.520000  26.500000  26.500000  26.500000       0
2022-11-03 09:40:00-04:00  26.500000  26.510000  26.340000  26.340000  26.340000       0
2022-11-03 09:42:00-04:00  26.309999  26.340000  26.290001  26.330000  26.330000       0
2022-11-03 09:44:00-04:00  26.330000  26.549999  26.049999  26.549999  26.549999       0
2022-11-03 09:46:00-04:00  26.590000  26.600000  26.389999  26.469999  26.469999       0
2022-11-03 09:48:00-04:00  26.480000  26.570000  26.480000  26.570000  26.570000       0
2022-11-03 09:50:00-04:00  26.580000  26.670000  26.580000  26.670000  26.670000       0
2022-11-03 09:52:00-04:00  26.680000  26.760000  26.650000  26.760000  26.760000       0
2022-11-03 09:54:00-04:00  26.760000  26.799999  26.760000  26.799999  26.799999       0
2022-11-03 09:56:00-04:00  26.799999  26.850000  26.799999  26.820000  26.820000       0
2022-11-03 09:58:00-04:00  26.820000  26.830000  26.790001  26.820000  26.820000       0
2022-11-03 10:00:00-04:00  26.840000  26.870001  26.730000  26.809999  26.809999       0
2022-11-03 10:02:00-04:00  26.799999  26.799999  26.690001  26.690001  26.690001       0
2022-11-03 10:04:00-04:00  26.709999  26.709999  26.540001  26.590000  26.590000       0
2022-11-03 10:06:00-04:00  26.590000  26.590000  26.430000  26.430000  26.430000       0
2022-11-03 10:08:00-04:00  26.400000  26.400000  26.370001  26.389999  26.389999       0
2022-11-03 10:10:00-04:00  26.400000  26.430000  26.389999  26.400000  26.400000       0
2022-11-03 10:12:00-04:00  26.389999  26.389999  26.309999  26.309999  26.309999       0
2022-11-03 10:14:00-04:00  26.290001  26.290001  26.180000  26.180000  26.180000       0
2022-11-03 10:16:00-04:00  26.200001  26.240000  26.200001  26.219999  26.219999       0
2022-11-03 10:18:00-04:00  26.230000  26.240000  26.219999  26.219999  26.219999       0
2022-11-03 10:20:00-04:00  26.180000  26.180000  26.150000  26.180000  26.180000       0
2022-11-03 10:22:00-04:00  26.170000  26.170000  26.100000  26.120001  26.120001       0
2022-11-03 10:24:00-04:00  26.110001  26.120001  26.070000  26.080000  26.080000       0
2022-11-03 10:26:00-04:00  26.049999  26.080000  26.020000  26.020000  26.020000       0
2022-11-03 10:28:00-04:00  26.000000  26.010000  25.969999  25.980000  25.980000       0
2022-11-03 10:30:00-04:00  26.030001  26.160000  26.030001  26.160000  26.160000       0
2022-11-03 10:32:00-04:00  26.170000  26.209999  26.170000  26.209999  26.209999       0
2022-11-03 10:34:00-04:00  26.240000  26.240000  26.180000  26.180000  26.180000       0
2022-11-03 10:36:00-04:00  26.180000  26.240000  26.180000  26.180000  26.180000       0
2022-11-03 10:38:00-04:00  26.190001  26.240000  26.190001  26.240000  26.240000       0
2022-11-03 10:40:00-04:00  26.240000  26.240000  26.160000  26.160000  26.160000       0
2022-11-03 10:42:00-04:00  26.170000  26.170000  26.110001  26.129999  26.129999       0
2022-11-03 10:44:00-04:00  26.120001  26.120001  26.020000  26.020000  26.020000       0
2022-11-03 10:46:00-04:00  26.040001  26.040001  25.990000  25.990000  25.990000       0
2022-11-03 10:48:00-04:00  25.980000  25.980000  25.930000  25.930000  25.930000       0
2022-11-03 10:50:00-04:00  25.930000  25.930000  25.900000  25.920000  25.920000       0
2022-11-03 10:52:00-04:00  25.930000  25.980000  25.930000  25.980000  25.980000       0
2022-11-03 10:54:00-04:00  25.980000  25.990000  25.969999  25.980000  25.980000       0
2022-11-03 10:56:00-04:00  25.950001  25.959999  25.889999  25.910000  25.910000       0
2022-11-03 10:58:00-04:00  25.900000  25.930000  25.889999  25.889999  25.889999       0
2022-11-03 11:00:00-04:00  25.879999  25.889999  25.850000  25.870001  25.870001       0
2022-11-03 11:02:00-04:00  25.870001  25.870001  25.799999  25.799999  25.799999       0
2022-11-03 11:04:00-04:00  25.799999  25.809999  25.750000  25.750000  25.750000       0
2022-11-03 11:06:00-04:00  25.730000  25.740000  25.690001  25.690001  25.690001       0
2022-11-03 11:08:00-04:00  25.709999  25.809999  25.709999  25.809999  25.809999       0
2022-11-03 11:10:00-04:00  25.799999  25.830000  25.799999  25.830000  25.830000       0
2022-11-03 11:12:00-04:00  25.820000  25.850000  25.820000  25.850000  25.850000       0
2022-11-03 11:14:00-04:00  25.870001  25.900000  25.870001  25.889999  25.889999       0
2022-11-03 11:16:00-04:00  25.889999  25.930000  25.889999  25.920000  25.920000       0
2022-11-03 11:18:00-04:00  25.920000  25.920000  25.879999  25.879999  25.879999       0
2022-11-03 11:20:00-04:00  25.879999  25.879999  25.809999  25.820000  25.820000       0
2022-11-03 11:22:00-04:00  25.809999  25.850000  25.809999  25.830000  25.830000       0
2022-11-03 11:24:00-04:00  25.840000  25.930000  25.840000  25.930000  25.930000       0
2022-11-03 11:26:00-04:00  25.910000  25.910000  25.809999  25.850000  25.850000       0
2022-11-03 11:28:00-04:00  25.850000  25.910000  25.850000  25.900000  25.900000       0
2022-11-03 11:30:00-04:00  25.910000  25.969999  25.910000  25.959999  25.959999       0
2022-11-03 11:32:00-04:00  25.959999  26.000000  25.959999  26.000000  26.000000       0
2022-11-03 11:34:00-04:00  25.990000  26.000000  25.900000  25.900000  25.900000       0
2022-11-03 11:36:00-04:00  25.879999  25.879999  25.809999  25.809999  25.809999       0
2022-11-03 11:38:00-04:00  25.799999  25.830000  25.790001  25.790001  25.790001       0
2022-11-03 11:40:00-04:00  25.790001  25.820000  25.790001  25.820000  25.820000       0
2022-11-03 11:42:00-04:00  25.820000  25.820000  25.809999  25.820000  25.820000       0
2022-11-03 11:44:00-04:00  25.820000  25.850000  25.820000  25.820000  25.820000       0
2022-11-03 11:46:00-04:00  25.790001  25.790001  25.750000  25.770000  25.770000       0
2022-11-03 11:48:00-04:00  25.780001  25.809999  25.780001  25.809999  25.809999       0
2022-11-03 11:50:00-04:00  25.809999  25.840000  25.799999  25.840000  25.840000       0
2022-11-03 11:52:00-04:00  25.830000  25.860001  25.830000  25.850000  25.850000       0
2022-11-03 11:54:00-04:00  25.840000  25.850000  25.840000  25.840000  25.840000       0
2022-11-03 11:56:00-04:00  25.850000  25.879999  25.840000  25.840000  25.840000       0
2022-11-03 11:58:00-04:00  25.809999  25.809999  25.790001  25.799999  25.799999       0
2022-11-03 12:00:00-04:00  25.799999  25.799999  25.760000  25.760000  25.760000       0
2022-11-03 12:02:00-04:00  25.740000  25.750000  25.709999  25.719999  25.719999       0
2022-11-03 12:04:00-04:00  25.719999  25.719999  25.700001  25.700001  25.700001       0
2022-11-03 12:06:00-04:00  25.700001  25.700001  25.670000  25.680000  25.680000       0
2022-11-03 12:08:00-04:00  25.680000  25.700001  25.660000  25.660000  25.660000       0
2022-11-03 12:10:00-04:00  25.660000  25.660000  25.590000  25.610001  25.610001       0
2022-11-03 12:12:00-04:00  25.600000  25.610001  25.580000  25.610001  25.610001       0
2022-11-03 12:14:00-04:00  25.590000  25.600000  25.580000  25.580000  25.580000       0
2022-11-03 12:16:00-04:00  25.570000  25.570000  25.520000  25.520000  25.520000       0
2022-11-03 12:18:00-04:00  25.520000  25.520000  25.490000  25.490000  25.490000       0
2022-11-03 12:20:00-04:00  25.490000  25.490000  25.469999  25.469999  25.469999       0
2022-11-03 12:22:00-04:00  25.469999  25.490000  25.469999  25.480000  25.480000       0
2022-11-03 12:24:00-04:00  25.510000  25.559999  25.510000  25.549999  25.549999       0
2022-11-03 12:26:00-04:00  25.549999  25.549999  25.480000  25.490000  25.490000       0
2022-11-03 12:28:00-04:00  25.500000  25.540001  25.500000  25.530001  25.530001       0
2022-11-03 12:30:00-04:00  25.530001  25.549999  25.510000  25.520000  25.520000       0
2022-11-03 12:32:00-04:00  25.520000  25.530001  25.520000  25.520000  25.520000       0
2022-11-03 12:34:00-04:00  25.510000  25.580000  25.510000  25.580000  25.580000       0
2022-11-03 12:36:00-04:00  25.600000  25.600000  25.570000  25.570000  25.570000       0
2022-11-03 12:38:00-04:00  25.570000  25.590000  25.570000  25.580000  25.580000       0
2022-11-03 12:40:00-04:00  25.590000  25.590000  25.540001  25.540001  25.540001       0
2022-11-03 12:42:00-04:00  25.530001  25.530001  25.420000  25.420000  25.420000       0
2022-11-03 12:44:00-04:00  25.410000  25.410000  25.360001  25.360001  25.360001       0
2022-11-03 12:46:00-04:00  25.360001  25.370001  25.350000  25.370001  25.370001       0
2022-11-03 12:48:00-04:00  25.370001  25.379999  25.370001  25.379999  25.379999       0
2022-11-03 12:50:00-04:00  25.389999  25.389999  25.330000  25.330000  25.330000       0
2022-11-03 12:52:00-04:00  25.299999  25.299999  25.280001  25.280001  25.280001       0
2022-11-03 12:54:00-04:00  25.270000  25.309999  25.270000  25.309999  25.309999       0
2022-11-03 12:56:00-04:00  25.309999  25.330000  25.309999  25.330000  25.330000       0
2022-11-03 12:58:00-04:00  25.340000  25.350000  25.340000  25.350000  25.350000       0
2022-11-03 13:00:00-04:00  25.350000  25.360001  25.350000  25.350000  25.350000       0
2022-11-03 13:02:00-04:00  25.360001  25.370001  25.350000  25.370001  25.370001       0
2022-11-03 13:04:00-04:00  25.379999  25.379999  25.370001  25.370001  25.370001       0
2022-11-03 13:06:00-04:00  25.370001  25.459999  25.370001  25.459999  25.459999       0
2022-11-03 13:08:00-04:00  25.450001  25.450001  25.389999  25.389999  25.389999       0
2022-11-03 13:10:00-04:00  25.410000  25.450001  25.410000  25.450001  25.450001       0
2022-11-03 13:12:00-04:00  25.440001  25.440001  25.430000  25.430000  25.430000       0
2022-11-03 13:14:00-04:00  25.430000  25.440001  25.420000  25.420000  25.420000       0
2022-11-03 13:16:00-04:00  25.420000  25.420000  25.389999  25.389999  25.389999       0
2022-11-03 13:18:00-04:00  25.389999  25.410000  25.379999  25.410000  25.410000       0
2022-11-03 13:20:00-04:00  25.400000  25.440001  25.400000  25.430000  25.430000       0
2022-11-03 13:22:00-04:00  25.459999  25.459999  25.350000  25.350000  25.350000       0
2022-11-03 13:24:00-04:00  25.330000  25.350000  25.299999  25.320000  25.320000       0
2022-11-03 13:26:00-04:00  25.320000  25.320000  25.290001  25.290001  25.290001       0
2022-11-03 13:28:00-04:00  25.290001  25.320000  25.290001  25.320000  25.320000       0
2022-11-03 13:30:00-04:00  25.309999  25.320000  25.299999  25.320000  25.320000       0
2022-11-03 13:32:00-04:00  25.330000  25.360001  25.330000  25.360001  25.360001       0
2022-11-03 13:34:00-04:00  25.360001  25.370001  25.350000  25.370001  25.370001       0
2022-11-03 13:36:00-04:00  25.370001  25.379999  25.360001  25.379999  25.379999       0
2022-11-03 13:38:00-04:00  25.379999  25.379999  25.340000  25.340000  25.340000       0
2022-11-03 13:40:00-04:00  25.350000  25.389999  25.340000  25.389999  25.389999       0
2022-11-03 13:42:00-04:00  25.389999  25.430000  25.389999  25.420000  25.420000       0
2022-11-03 13:44:00-04:00  25.410000  25.420000  25.410000  25.420000  25.420000       0
2022-11-03 13:46:00-04:00  25.420000  25.420000  25.379999  25.379999  25.379999       0
2022-11-03 13:48:00-04:00  25.379999  25.379999  25.370001  25.370001  25.370001       0
2022-11-03 13:50:00-04:00  25.379999  25.400000  25.379999  25.400000  25.400000       0
2022-11-03 13:52:00-04:00  25.400000  25.410000  25.389999  25.389999  25.389999       0
2022-11-03 13:54:00-04:00  25.389999  25.389999  25.379999  25.379999  25.379999       0
2022-11-03 13:56:00-04:00  25.379999  25.440001  25.379999  25.440001  25.440001       0
2022-11-03 13:58:00-04:00  25.440001  25.440001  25.420000  25.420000  25.420000       0
2022-11-03 14:00:00-04:00  25.430000  25.450001  25.420000  25.450001  25.450001       0
2022-11-03 14:02:00-04:00  25.440001  25.440001  25.420000  25.420000  25.420000       0
2022-11-03 14:04:00-04:00  25.420000  25.440001  25.410000  25.410000  25.410000       0
2022-11-03 14:06:00-04:00  25.410000  25.410000  25.389999  25.389999  25.389999       0
2022-11-03 14:08:00-04:00  25.379999  25.459999  25.379999  25.459999  25.459999       0
2022-11-03 14:10:00-04:00  25.469999  25.480000  25.459999  25.469999  25.469999       0
2022-11-03 14:12:00-04:00  25.480000  25.530001  25.480000  25.520000  25.520000       0
2022-11-03 14:14:00-04:00  25.510000  25.510000  25.490000  25.490000  25.490000       0
2022-11-03 14:16:00-04:00  25.480000  25.510000  25.480000  25.510000  25.510000       0
2022-11-03 14:18:00-04:00  25.510000  25.510000  25.480000  25.480000  25.480000       0
2022-11-03 14:20:00-04:00  25.469999  25.469999  25.389999  25.389999  25.389999       0
2022-11-03 14:22:00-04:00  25.389999  25.389999  25.360001  25.360001  25.360001       0
2022-11-03 14:24:00-04:00  25.360001  25.370001  25.360001  25.360001  25.360001       0
2022-11-03 14:26:00-04:00  25.360001  25.379999  25.360001  25.379999  25.379999       0
2022-11-03 14:28:00-04:00  25.400000  25.400000  25.389999  25.389999  25.389999       0
2022-11-03 14:30:00-04:00  25.389999  25.400000  25.350000  25.350000  25.350000       0
2022-11-03 14:32:00-04:00  25.360001  25.360001  25.299999  25.320000  25.320000       0
2022-11-03 14:34:00-04:00  25.320000  25.350000  25.320000  25.340000  25.340000       0
2022-11-03 14:36:00-04:00  25.330000  25.430000  25.330000  25.430000  25.430000       0
2022-11-03 14:38:00-04:00  25.420000  25.469999  25.420000  25.459999  25.459999       0
2022-11-03 14:40:00-04:00  25.469999  25.490000  25.459999  25.469999  25.469999       0
2022-11-03 14:42:00-04:00  25.469999  25.480000  25.469999  25.480000  25.480000       0
2022-11-03 14:44:00-04:00  25.500000  25.500000  25.480000  25.480000  25.480000       0
2022-11-03 14:46:00-04:00  25.480000  25.480000  25.450001  25.450001  25.450001       0
2022-11-03 14:48:00-04:00  25.440001  25.440001  25.430000  25.440001  25.440001       0
2022-11-03 14:50:00-04:00  25.430000  25.450001  25.430000  25.450001  25.450001       0
2022-11-03 14:52:00-04:00  25.450001  25.450001  25.440001  25.440001  25.440001       0
2022-11-03 14:54:00-04:00  25.440001  25.440001  25.430000  25.430000  25.430000       0
2022-11-03 14:56:00-04:00  25.450001  25.450001  25.410000  25.420000  25.420000       0
2022-11-03 14:58:00-04:00  25.420000  25.430000  25.420000  25.420000  25.420000       0
2022-11-03 15:00:00-04:00  25.420000  25.420000  25.400000  25.410000  25.410000       0
2022-11-03 15:02:00-04:00  25.420000  25.450001  25.410000  25.420000  25.420000       0
2022-11-03 15:04:00-04:00  25.420000  25.430000  25.389999  25.400000  25.400000       0
2022-11-03 15:06:00-04:00  25.410000  25.430000  25.410000  25.430000  25.430000       0
2022-11-03 15:08:00-04:00  25.450001  25.450001  25.420000  25.440001  25.440001       0
2022-11-03 15:10:00-04:00  25.450001  25.459999  25.440001  25.459999  25.459999       0
2022-11-03 15:12:00-04:00  25.440001  25.440001  25.370001  25.370001  25.370001       0
2022-11-03 15:14:00-04:00  25.360001  25.370001  25.350000  25.350000  25.350000       0
2022-11-03 15:16:00-04:00  25.340000  25.340000  25.330000  25.330000  25.330000       0
2022-11-03 15:18:00-04:00  25.330000  25.340000  25.309999  25.330000  25.330000       0
2022-11-03 15:20:00-04:00  25.309999  25.309999  25.270000  25.270000  25.270000       0
2022-11-03 15:22:00-04:00  25.280001  25.280001  25.219999  25.219999  25.219999       0
2022-11-03 15:24:00-04:00  25.219999  25.219999  25.160000  25.160000  25.160000       0
2022-11-03 15:26:00-04:00  25.170000  25.170000  25.170000  25.170000  25.170000       0
2022-11-03 15:28:00-04:00  25.190001  25.190001  25.180000  25.180000  25.180000       0
2022-11-03 15:30:00-04:00  25.180000  25.190001  25.170000  25.190001  25.190001       0
2022-11-03 15:32:00-04:00  25.170000  25.170000  25.160000  25.160000  25.160000       0
2022-11-03 15:34:00-04:00  25.160000  25.160000  25.150000  25.150000  25.150000       0
2022-11-03 15:36:00-04:00  25.160000  25.170000  25.100000  25.100000  25.100000       0
2022-11-03 15:38:00-04:00  25.100000  25.120001  25.100000  25.110001  25.110001       0
2022-11-03 15:40:00-04:00  25.129999  25.150000  25.129999  25.150000  25.150000       0
2022-11-03 15:42:00-04:00  25.160000  25.209999  25.160000  25.209999  25.209999       0
2022-11-03 15:44:00-04:00  25.190001  25.200001  25.190001  25.200001  25.200001       0
2022-11-03 15:46:00-04:00  25.180000  25.209999  25.180000  25.209999  25.209999       0
2022-11-03 15:48:00-04:00  25.209999  25.209999  25.180000  25.190001  25.190001       0
2022-11-03 15:50:00-04:00  25.190001  25.200001  25.190001  25.200001  25.200001       0
2022-11-03 15:52:00-04:00  25.200001  25.200001  25.190001  25.190001  25.190001       0
2022-11-03 15:54:00-04:00  25.170000  25.190001  25.160000  25.190001  25.190001       0
2022-11-03 15:56:00-04:00  25.190001  25.200001  25.170000  25.200001  25.200001       0
2022-11-03 15:58:00-04:00  25.209999  25.230000  25.200001  25.209999  25.209999       0
2022-11-04 09:30:00-04:00  24.740000  24.750000  24.740000  24.750000  24.750000       0
2022-11-04 09:32:00-04:00  24.670000  24.670000  24.670000  24.670000  24.670000       0
2022-11-04 09:34:00-04:00  24.690001  24.730000  24.680000  24.730000  24.730000       0
2022-11-04 09:36:00-04:00  24.719999  24.719999  24.690001  24.700001  24.700001       0
2022-11-04 09:38:00-04:00  24.709999  24.709999  24.660000  24.660000  24.660000       0
2022-11-04 09:40:00-04:00  24.639999  24.660000  24.590000  24.590000  24.590000       0
2022-11-04 09:42:00-04:00  24.600000  24.690001  24.580000  24.690001  24.690001       0
2022-11-04 09:44:00-04:00  24.700001  24.830000  24.700001  24.730000  24.730000       0
2022-11-04 09:46:00-04:00  24.690001  24.690001  24.580000  24.670000  24.670000       0
2022-11-04 09:48:00-04:00  24.740000  24.809999  24.740000  24.809999  24.809999       0
2022-11-04 09:50:00-04:00  24.830000  24.870001  24.750000  24.870001  24.870001       0
2022-11-04 09:52:00-04:00  24.879999  24.959999  24.879999  24.940001  24.940001       0
2022-11-04 09:54:00-04:00  24.930000  24.930000  24.860001  24.860001  24.860001       0
2022-11-04 09:56:00-04:00  24.870001  24.870001  24.760000  24.760000  24.760000       0
2022-11-04 09:58:00-04:00  24.760000  24.790001  24.709999  24.719999  24.719999       0
2022-11-04 10:00:00-04:00  24.719999  24.730000  24.670000  24.670000  24.670000       0
2022-11-04 10:02:00-04:00  24.690001  24.690001  24.610001  24.660000  24.660000       0
2022-11-04 10:04:00-04:00  24.639999  24.660000  24.610001  24.610001  24.610001       0
2022-11-04 10:06:00-04:00  24.570000  24.580000  24.540001  24.570000  24.570000       0
2022-11-04 10:08:00-04:00  24.590000  24.590000  24.459999  24.480000  24.480000       0
2022-11-04 10:10:00-04:00  24.480000  24.490000  24.450001  24.450001  24.450001       0
2022-11-04 10:12:00-04:00  24.459999  24.459999  24.309999  24.309999  24.309999       0
2022-11-04 10:14:00-04:00  24.340000  24.340000  24.250000  24.250000  24.250000       0
2022-11-04 10:16:00-04:00  24.250000  24.250000  24.180000  24.200001  24.200001       0
2022-11-04 10:18:00-04:00  24.209999  24.320000  24.209999  24.309999  24.309999       0
2022-11-04 10:20:00-04:00  24.320000  24.330000  24.320000  24.320000  24.320000       0
2022-11-04 10:22:00-04:00  24.290001  24.299999  24.260000  24.260000  24.260000       0
2022-11-04 10:24:00-04:00  24.219999  24.270000  24.219999  24.230000  24.230000       0
2022-11-04 10:26:00-04:00  24.230000  24.240000  24.219999  24.240000  24.240000       0
2022-11-04 10:28:00-04:00  24.230000  24.250000  24.219999  24.230000  24.230000       0
2022-11-04 10:30:00-04:00  24.260000  24.260000  24.219999  24.250000  24.250000       0
2022-11-04 10:32:00-04:00  24.260000  24.260000  24.230000  24.260000  24.260000       0
2022-11-04 10:34:00-04:00  24.240000  24.240000  24.180000  24.180000  24.180000       0
2022-11-04 10:36:00-04:00  24.110001  24.150000  24.100000  24.100000  24.100000       0
2022-11-04 10:38:00-04:00  24.090000  24.110001  24.090000  24.110001  24.110001       0
2022-11-04 10:40:00-04:00  24.129999  24.129999  24.000000  24.040001  24.040001       0
2022-11-04 10:42:00-04:00  24.040001  24.070000  24.040001  24.049999  24.049999       0
2022-11-04 10:44:00-04:00  24.049999  24.059999  24.030001  24.030001  24.030001       0
2022-11-04 10:46:00-04:00  24.040001  24.049999  24.020000  24.040001  24.040001       0
2022-11-04 10:48:00-04:00  24.059999  24.080000  24.049999  24.049999  24.049999       0
2022-11-04 10:50:00-04:00  24.049999  24.080000  24.049999  24.070000  24.070000       0
2022-11-04 10:52:00-04:00  24.080000  24.100000  24.070000  24.070000  24.070000       0
2022-11-04 10:54:00-04:00  24.059999  24.059999  24.040001  24.059999  24.059999       0
2022-11-04 10:56:00-04:00  24.059999  24.090000  24.040001  24.090000  24.090000       0
2022-11-04 10:58:00-04:00  24.100000  24.120001  24.090000  24.110001  24.110001       0
2022-11-04 11:00:00-04:00  24.090000  24.090000  24.030001  24.049999  24.049999       0
2022-11-04 11:02:00-04:00  24.049999  24.110001  24.049999  24.110001  24.110001       0
2022-11-04 11:04:00-04:00  24.080000  24.110001  24.080000  24.090000  24.090000       0
2022-11-04 11:06:00-04:00  24.090000  24.160000  24.090000  24.160000  24.160000       0
2022-11-04 11:08:00-04:00  24.170000  24.230000  24.150000  24.230000  24.230000       0
2022-11-04 11:10:00-04:00  24.209999  24.250000  24.209999  24.250000  24.250000       0
2022-11-04 11:12:00-04:00  24.280001  24.309999  24.270000  24.270000  24.270000       0
2022-11-04 11:14:00-04:00  24.290001  24.340000  24.290001  24.340000  24.340000       0
2022-11-04 11:16:00-04:00  24.340000  24.340000  24.320000  24.320000  24.320000       0
2022-11-04 11:18:00-04:00  24.299999  24.360001  24.299999  24.350000  24.350000       0
2022-11-04 11:20:00-04:00  24.360001  24.360001  24.340000  24.360001  24.360001       0
2022-11-04 11:22:00-04:00  24.360001  24.370001  24.340000  24.340000  24.340000       0
2022-11-04 11:24:00-04:00  24.360001  24.389999  24.350000  24.370001  24.370001       0
2022-11-04 11:26:00-04:00  24.370001  24.520000  24.370001  24.520000  24.520000       0
2022-11-04 11:28:00-04:00  24.549999  24.670000  24.549999  24.670000  24.670000       0
2022-11-04 11:30:00-04:00  24.690001  24.709999  24.490000  24.490000  24.490000       0
2022-11-04 11:32:00-04:00  24.480000  24.530001  24.480000  24.530001  24.530001       0
2022-11-04 11:34:00-04:00  24.520000  24.540001  24.520000  24.520000  24.520000       0
2022-11-04 11:36:00-04:00  24.510000  24.600000  24.480000  24.600000  24.600000       0
2022-11-04 11:38:00-04:00  24.620001  24.620001  24.570000  24.590000  24.590000       0
2022-11-04 11:40:00-04:00  24.590000  24.660000  24.590000  24.620001  24.620001       0
2022-11-04 11:42:00-04:00  24.650000  24.770000  24.650000  24.760000  24.760000       0
2022-11-04 11:44:00-04:00  24.760000  24.790001  24.750000  24.790001  24.790001       0
2022-11-04 11:46:00-04:00  24.780001  24.780001  24.750000  24.780001  24.780001       0
2022-11-04 11:48:00-04:00  24.790001  24.850000  24.790001  24.850000  24.850000       0
2022-11-04 11:50:00-04:00  24.850000  24.969999  24.850000  24.969999  24.969999       0
2022-11-04 11:52:00-04:00  25.049999  25.180000  25.049999  25.180000  25.180000       0
2022-11-04 11:54:00-04:00  25.209999  25.209999  24.940001  24.940001  24.940001       0
2022-11-04 11:56:00-04:00  24.930000  25.010000  24.920000  25.010000  25.010000       0
2022-11-04 11:58:00-04:00  25.010000  25.100000  25.000000  25.100000  25.100000       0
2022-11-04 12:00:00-04:00  25.110001  25.110001  25.000000  25.020000  25.020000       0
2022-11-04 12:02:00-04:00  25.020000  25.280001  25.020000  25.280001  25.280001       0
2022-11-04 12:04:00-04:00  25.320000  25.330000  25.320000  25.330000  25.330000       0
2022-11-04 12:06:00-04:00  25.260000  25.260000  25.180000  25.190001  25.190001       0
2022-11-04 12:08:00-04:00  25.170000  25.170000  25.090000  25.090000  25.090000       0
2022-11-04 12:10:00-04:00  25.080000  25.080000  25.030001  25.030001  25.030001       0
2022-11-04 12:12:00-04:00  25.030001  25.129999  25.030001  25.129999  25.129999       0
2022-11-04 12:14:00-04:00  25.129999  25.150000  25.090000  25.090000  25.090000       0
2022-11-04 12:16:00-04:00  25.080000  25.080000  24.959999  24.959999  24.959999       0
2022-11-04 12:18:00-04:00  24.940001  24.940001  24.889999  24.910000  24.910000       0
2022-11-04 12:20:00-04:00  24.910000  24.950001  24.910000  24.950001  24.950001       0
2022-11-04 12:22:00-04:00  24.940001  24.940001  24.910000  24.910000  24.910000       0
2022-11-04 12:24:00-04:00  24.920000  24.990000  24.910000  24.980000  24.980000       0
2022-11-04 12:26:00-04:00  24.990000  24.990000  24.850000  24.850000  24.850000       0
2022-11-04 12:28:00-04:00  24.840000  24.860001  24.840000  24.860001  24.860001       0
2022-11-04 12:30:00-04:00  24.870001  24.940001  24.870001  24.930000  24.930000       0
2022-11-04 12:32:00-04:00  24.940001  24.940001  24.930000  24.930000  24.930000       0
2022-11-04 12:34:00-04:00  24.930000  24.930000  24.900000  24.930000  24.930000       0
2022-11-04 12:36:00-04:00  24.930000  25.010000  24.930000  25.010000  25.010000       0
2022-11-04 12:38:00-04:00  25.000000  25.059999  25.000000  25.059999  25.059999       0
2022-11-04 12:40:00-04:00  25.080000  25.160000  25.080000  25.160000  25.160000       0
2022-11-04 12:42:00-04:00  25.180000  25.180000  25.080000  25.090000  25.090000       0
2022-11-04 12:44:00-04:00  25.110001  25.180000  25.100000  25.160000  25.160000       0
2022-11-04 12:46:00-04:00  25.190001  25.230000  25.190001  25.219999  25.219999       0
2022-11-04 12:48:00-04:00  25.209999  25.230000  25.209999  25.230000  25.230000       0
2022-11-04 12:50:00-04:00  25.230000  25.230000  25.150000  25.170000  25.170000       0
2022-11-04 12:52:00-04:00  25.180000  25.240000  25.170000  25.240000  25.240000       0
2022-11-04 12:54:00-04:00  25.240000  25.240000  25.190001  25.200001  25.200001       0
2022-11-04 12:56:00-04:00  25.200001  25.219999  25.200001  25.219999  25.219999       0
2022-11-04 12:58:00-04:00  25.219999  25.219999  25.170000  25.180000  25.180000       0
2022-11-04 13:00:00-04:00  25.180000  25.209999  25.160000  25.170000  25.170000       0
2022-11-04 13:02:00-04:00  25.150000  25.180000  25.139999  25.180000  25.180000       0
2022-11-04 13:04:00-04:00  25.170000  25.170000  25.049999  25.049999  25.049999       0
2022-11-04 13:06:00-04:00  25.000000  25.059999  24.950001  25.059999  25.059999       0
2022-11-04 13:08:00-04:00  25.100000  25.260000  25.100000  25.260000  25.260000       0
2022-11-04 13:10:00-04:00  25.260000  25.260000  24.959999  24.959999  24.959999       0
2022-11-04 13:12:00-04:00  25.000000  25.020000  25.000000  25.020000  25.020000       0
2022-11-04 13:14:00-04:00  25.030001  25.059999  25.030001  25.049999  25.049999       0
2022-11-04 13:16:00-04:00  25.059999  25.100000  25.059999  25.090000  25.090000       0
2022-11-04 13:18:00-04:00  25.080000  25.100000  25.080000  25.100000  25.100000       0
2022-11-04 13:20:00-04:00  25.080000  25.129999  25.080000  25.129999  25.129999       0
2022-11-04 13:22:00-04:00  25.139999  25.139999  25.090000  25.110001  25.110001       0
2022-11-04 13:24:00-04:00  25.100000  25.110001  25.070000  25.100000  25.100000       0
2022-11-04 13:26:00-04:00  25.090000  25.129999  25.090000  25.129999  25.129999       0
2022-11-04 13:28:00-04:00  25.129999  25.150000  25.110001  25.120001  25.120001       0
2022-11-04 13:30:00-04:00  25.139999  25.139999  25.090000  25.090000  25.090000       0
2022-11-04 13:32:00-04:00  25.070000  25.110001  25.070000  25.070000  25.070000       0
2022-11-04 13:34:00-04:00  25.090000  25.120001  25.090000  25.120001  25.120001       0
2022-11-04 13:36:00-04:00  25.110001  25.110001  25.059999  25.059999  25.059999       0
2022-11-04 13:38:00-04:00  25.059999  25.059999  25.030001  25.049999  25.049999       0
2022-11-04 13:40:00-04:00  25.059999  25.100000  25.059999  25.090000  25.090000       0
2022-11-04 13:42:00-04:00  25.090000  25.100000  25.070000  25.090000  25.090000       0
2022-11-04 13:44:00-04:00  25.090000  25.110001  25.090000  25.100000  25.100000       0
2022-11-04 13:46:00-04:00  25.100000  25.100000  25.059999  25.070000  25.070000       0
2022-11-04 13:48:00-04:00  25.059999  25.059999  24.990000  24.990000  24.990000       0
2022-11-04 13:50:00-04:00  24.990000  25.020000  24.990000  25.020000  25.020000       0
2022-11-04 13:52:00-04:00  25.010000  25.010000  24.990000  24.990000  24.990000       0
2022-11-04 13:54:00-04:00  24.990000  25.010000  24.990000  25.000000  25.000000       0
2022-11-04 13:56:00-04:00  25.000000  25.000000  24.969999  24.969999  24.969999       0
2022-11-04 13:58:00-04:00  25.010000  25.030001  25.010000  25.030001  25.030001       0
2022-11-04 14:00:00-04:00  25.020000  25.030001  25.010000  25.020000  25.020000       0
2022-11-04 14:02:00-04:00  25.020000  25.020000  24.980000  24.990000  24.990000       0
2022-11-04 14:04:00-04:00  24.980000  25.080000  24.980000  25.080000  25.080000       0
2022-11-04 14:06:00-04:00  25.110001  25.190001  25.100000  25.100000  25.100000       0
2022-11-04 14:08:00-04:00  25.100000  25.129999  25.100000  25.129999  25.129999       0
2022-11-04 14:10:00-04:00  25.129999  25.129999  25.070000  25.070000  25.070000       0
2022-11-04 14:12:00-04:00  25.070000  25.100000  25.070000  25.090000  25.090000       0
2022-11-04 14:14:00-04:00  25.080000  25.090000  25.080000  25.090000  25.090000       0
2022-11-04 14:16:00-04:00  25.100000  25.100000  25.070000  25.070000  25.070000       0
2022-11-04 14:18:00-04:00  25.030001  25.030001  24.990000  25.000000  25.000000       0
2022-11-04 14:20:00-04:00  24.980000  25.020000  24.980000  25.010000  25.010000       0
2022-11-04 14:22:00-04:00  25.010000  25.010000  24.969999  24.990000  24.990000       0
2022-11-04 14:24:00-04:00  24.990000  25.010000  24.980000  25.010000  25.010000       0
2022-11-04 14:26:00-04:00  25.010000  25.010000  25.000000  25.010000  25.010000       0
2022-11-04 14:28:00-04:00  24.990000  24.990000  24.940001  24.940001  24.940001       0
2022-11-04 14:30:00-04:00  24.940001  24.940001  24.910000  24.910000  24.910000       0
2022-11-04 14:32:00-04:00  24.900000  24.900000  24.879999  24.879999  24.879999       0
2022-11-04 14:34:00-04:00  24.879999  24.879999  24.870001  24.870001  24.870001       0
2022-11-04 14:36:00-04:00  24.879999  24.879999  24.850000  24.850000  24.850000       0
2022-11-04 14:38:00-04:00  24.840000  24.840000  24.799999  24.799999  24.799999       0
2022-11-04 14:40:00-04:00  24.820000  24.820000  24.790001  24.799999  24.799999       0
2022-11-04 14:42:00-04:00  24.799999  24.799999  24.730000  24.740000  24.740000       0
2022-11-04 14:44:00-04:00  24.770000  24.780001  24.770000  24.780001  24.780001       0
2022-11-04 14:46:00-04:00  24.780001  24.780001  24.750000  24.770000  24.770000       0
2022-11-04 14:48:00-04:00  24.790001  24.830000  24.770000  24.809999  24.809999       0
2022-11-04 14:50:00-04:00  24.799999  24.799999  24.780001  24.780001  24.780001       0
2022-11-04 14:52:00-04:00  24.780001  24.780001  24.760000  24.770000  24.770000       0
2022-11-04 14:54:00-04:00  24.760000  24.790001  24.760000  24.780001  24.780001       0
2022-11-04 14:56:00-04:00  24.780001  24.780001  24.750000  24.760000  24.760000       0
2022-11-04 14:58:00-04:00  24.740000  24.760000  24.730000  24.740000  24.740000       0
2022-11-04 15:00:00-04:00  24.730000  24.740000  24.700001  24.700001  24.700001       0
2022-11-04 15:02:00-04:00  24.690001  24.700001  24.680000  24.700001  24.700001       0
2022-11-04 15:04:00-04:00  24.700001  24.719999  24.670000  24.670000  24.670000       0
2022-11-04 15:06:00-04:00  24.680000  24.680000  24.660000  24.660000  24.660000       0
2022-11-04 15:08:00-04:00  24.660000  24.660000  24.629999  24.639999  24.639999       0
2022-11-04 15:10:00-04:00  24.650000  24.650000  24.639999  24.650000  24.650000       0
2022-11-04 15:12:00-04:00  24.600000  24.620001  24.590000  24.620001  24.620001       0
2022-11-04 15:14:00-04:00  24.590000  24.620001  24.590000  24.620001  24.620001       0
2022-11-04 15:16:00-04:00  24.620001  24.639999  24.620001  24.620001  24.620001       0
2022-11-04 15:18:00-04:00  24.629999  24.639999  24.629999  24.639999  24.639999       0
2022-11-04 15:20:00-04:00  24.639999  24.670000  24.639999  24.670000  24.670000       0
2022-11-04 15:22:00-04:00  24.680000  24.690001  24.670000  24.680000  24.680000       0
2022-11-04 15:24:00-04:00  24.690001  24.709999  24.680000  24.680000  24.680000       0
2022-11-04 15:26:00-04:00  24.670000  24.670000  24.650000  24.660000  24.660000       0
2022-11-04 15:28:00-04:00  24.670000  24.670000  24.620001  24.620001  24.620001       0
2022-11-04 15:30:00-04:00  24.620001  24.650000  24.620001  24.629999  24.629999       0
2022-11-04 15:32:00-04:00  24.639999  24.639999  24.620001  24.620001  24.620001       0
2022-11-04 15:34:00-04:00  24.620001  24.620001  24.590000  24.590000  24.590000       0
2022-11-04 15:36:00-04:00  24.590000  24.620001  24.590000  24.600000  24.600000       0
2022-11-04 15:38:00-04:00  24.610001  24.620001  24.600000  24.610001  24.610001       0
2022-11-04 15:40:00-04:00  24.600000  24.629999  24.600000  24.600000  24.600000       0
2022-11-04 15:42:00-04:00  24.620001  24.620001  24.620001  24.620001  24.620001       0
2022-11-04 15:44:00-04:00  24.620001  24.620001  24.610001  24.610001  24.610001       0
2022-11-04 15:46:00-04:00  24.670000  24.750000  24.670000  24.750000  24.750000       0
2022-11-04 15:48:00-04:00  24.730000  24.750000  24.690001  24.700001  24.700001       0
2022-11-04 15:50:00-04:00  24.680000  24.690001  24.680000  24.690001  24.690001       0
2022-11-04 15:52:00-04:00  24.690001  24.700001  24.670000  24.670000  24.670000       0
2022-11-04 15:54:00-04:00  24.660000  24.690001  24.660000  24.680000  24.680000       0
2022-11-04 15:56:00-04:00  24.680000  24.700001  24.680000  24.700001  24.700001       0
2022-11-04 15:58:00-04:00  24.700001  24.700001  24.639999  24.650000  24.650000       0
2022-11-07 09:30:00-05:00  25.309999  25.330000  25.299999  25.330000  25.330000       0
2022-11-07 09:32:00-05:00  25.330000  25.410000  25.330000  25.410000  25.410000       0
2022-11-07 09:34:00-05:00  25.420000  25.459999  25.379999  25.459999  25.459999       0
2022-11-07 09:36:00-05:00  25.480000  25.549999  25.480000  25.510000  25.510000       0
2022-11-07 09:38:00-05:00  25.530001  25.549999  25.530001  25.549999  25.549999       0
2022-11-07 09:40:00-05:00  25.549999  25.549999  25.389999  25.420000  25.420000       0
2022-11-07 09:42:00-05:00  25.420000  25.469999  25.379999  25.379999  25.379999       0
2022-11-07 09:44:00-05:00  25.379999  25.379999  25.290001  25.299999  25.299999       0
2022-11-07 09:46:00-05:00  25.280001  25.299999  25.280001  25.299999  25.299999       0
2022-11-07 09:48:00-05:00  25.299999  25.309999  25.280001  25.299999  25.299999       0
2022-11-07 09:50:00-05:00  25.299999  25.309999  25.290001  25.309999  25.309999       0
2022-11-07 09:52:00-05:00  25.299999  25.360001  25.270000  25.270000  25.270000       0
2022-11-07 09:54:00-05:00  25.290001  25.340000  25.290001  25.340000  25.340000       0
2022-11-07 09:56:00-05:00  25.350000  25.389999  25.350000  25.379999  25.379999       0
2022-11-07 09:58:00-05:00  25.360001  25.389999  25.330000  25.370001  25.370001       0
2022-11-07 10:00:00-05:00  25.320000  25.320000  25.240000  25.240000  25.240000       0
2022-11-07 10:02:00-05:00  25.230000  25.230000  25.110001  25.110001  25.110001       0
2022-11-07 10:04:00-05:00  25.129999  25.129999  25.059999  25.059999  25.059999       0
2022-11-07 10:06:00-05:00  25.070000  25.090000  25.070000  25.090000  25.090000       0
2022-11-07 10:08:00-05:00  25.110001  25.150000  25.110001  25.120001  25.120001       0
2022-11-07 10:10:00-05:00  25.100000  25.120001  25.070000  25.110001  25.110001       0
2022-11-07 10:12:00-05:00  25.110001  25.110001  25.049999  25.049999  25.049999       0
2022-11-07 10:14:00-05:00  25.040001  25.040001  25.000000  25.000000  25.000000       0
2022-11-07 10:16:00-05:00  24.980000  24.980000  24.940001  24.980000  24.980000       0
2022-11-07 10:18:00-05:00  25.010000  25.059999  25.010000  25.049999  25.049999       0
2022-11-07 10:20:00-05:00  25.070000  25.150000  25.070000  25.129999  25.129999       0
2022-11-07 10:22:00-05:00  25.120001  25.160000  25.110001  25.150000  25.150000       0
2022-11-07 10:24:00-05:00  25.160000  25.180000  25.139999  25.170000  25.170000       0
2022-11-07 10:26:00-05:00  25.139999  25.150000  25.120001  25.139999  25.139999       0
2022-11-07 10:28:00-05:00  25.139999  25.160000  25.139999  25.150000  25.150000       0
2022-11-07 10:30:00-05:00  25.139999  25.150000  25.139999  25.150000  25.150000       0
2022-11-07 10:32:00-05:00  25.139999  25.150000  25.120001  25.129999  25.129999       0
2022-11-07 10:34:00-05:00  25.110001  25.110001  25.070000  25.090000  25.090000       0
2022-11-07 10:36:00-05:00  25.090000  25.120001  25.080000  25.080000  25.080000       0
2022-11-07 10:38:00-05:00  25.070000  25.129999  25.059999  25.129999  25.129999       0
2022-11-07 10:40:00-05:00  25.110001  25.110001  25.080000  25.080000  25.080000       0
2022-11-07 10:42:00-05:00  25.059999  25.070000  25.049999  25.059999  25.059999       0
2022-11-07 10:44:00-05:00  25.059999  25.070000  25.059999  25.070000  25.070000       0
2022-11-07 10:46:00-05:00  25.059999  25.059999  25.000000  25.000000  25.000000       0
2022-11-07 10:48:00-05:00  25.010000  25.049999  25.010000  25.040001  25.040001       0
2022-11-07 10:50:00-05:00  25.040001  25.040001  25.030001  25.030001  25.030001       0
2022-11-07 10:52:00-05:00  24.959999  24.959999  24.959999  24.959999  24.959999       0
2022-11-07 10:54:00-05:00  24.879999  24.889999  24.879999  24.889999  24.889999       0
2022-11-07 10:56:00-05:00  24.879999  24.900000  24.870001  24.870001  24.870001       0
2022-11-07 10:58:00-05:00  24.879999  24.879999  24.870001  24.870001  24.870001       0
2022-11-07 11:00:00-05:00  24.860001  24.870001  24.860001  24.870001  24.870001       0
2022-11-07 11:02:00-05:00  24.870001  24.870001  24.830000  24.830000  24.830000       0
2022-11-07 11:04:00-05:00  24.840000  24.840000  24.820000  24.820000  24.820000       0
2022-11-07 11:06:00-05:00  24.799999  24.820000  24.790001  24.820000  24.820000       0
2022-11-07 11:08:00-05:00  24.840000  24.860001  24.820000  24.820000  24.820000       0
2022-11-07 11:10:00-05:00  24.830000  24.860001  24.830000  24.860001  24.860001       0
2022-11-07 11:12:00-05:00  24.860001  24.860001  24.830000  24.830000  24.830000       0
2022-11-07 11:14:00-05:00  24.830000  24.830000  24.799999  24.799999  24.799999       0
2022-11-07 11:16:00-05:00  24.809999  24.820000  24.790001  24.820000  24.820000       0
2022-11-07 11:18:00-05:00  24.830000  24.850000  24.830000  24.850000  24.850000       0
2022-11-07 11:20:00-05:00  24.850000  24.850000  24.820000  24.820000  24.820000       0
2022-11-07 11:22:00-05:00  24.820000  24.820000  24.790001  24.790001  24.790001       0
2022-11-07 11:24:00-05:00  24.809999  24.860001  24.809999  24.860001  24.860001       0
2022-11-07 11:26:00-05:00  24.860001  24.870001  24.830000  24.830000  24.830000       0
2022-11-07 11:28:00-05:00  24.830000  24.850000  24.830000  24.850000  24.850000       0
2022-11-07 11:30:00-05:00  24.850000  24.850000  24.809999  24.820000  24.820000       0
2022-11-07 11:32:00-05:00  24.780001  24.780001  24.730000  24.740000  24.740000       0
2022-11-07 11:34:00-05:00  24.750000  24.750000  24.740000  24.750000  24.750000       0
2022-11-07 11:36:00-05:00  24.760000  24.799999  24.750000  24.799999  24.799999       0
2022-11-07 11:38:00-05:00  24.799999  24.809999  24.799999  24.809999  24.809999       0
2022-11-07 11:40:00-05:00  24.840000  24.900000  24.840000  24.900000  24.900000       0
2022-11-07 11:42:00-05:00  24.889999  24.959999  24.889999  24.950001  24.950001       0
2022-11-07 11:44:00-05:00  24.940001  24.940001  24.879999  24.900000  24.900000       0
2022-11-07 11:46:00-05:00  24.910000  24.930000  24.910000  24.910000  24.910000       0
2022-11-07 11:48:00-05:00  24.910000  24.920000  24.900000  24.920000  24.920000       0
2022-11-07 11:50:00-05:00  24.910000  24.920000  24.900000  24.900000  24.900000       0
2022-11-07 11:52:00-05:00  24.889999  24.920000  24.889999  24.910000  24.910000       0
2022-11-07 11:54:00-05:00  24.910000  24.910000  24.889999  24.889999  24.889999       0
2022-11-07 11:56:00-05:00  24.889999  24.910000  24.889999  24.910000  24.910000       0
2022-11-07 11:58:00-05:00  24.910000  24.930000  24.910000  24.930000  24.930000       0
2022-11-07 12:00:00-05:00  24.930000  24.980000  24.930000  24.980000  24.980000       0
2022-11-07 12:02:00-05:00  24.969999  24.969999  24.940001  24.940001  24.940001       0
2022-11-07 12:04:00-05:00  24.950001  24.950001  24.930000  24.930000  24.930000       0
2022-11-07 12:06:00-05:00  24.950001  24.950001  24.900000  24.900000  24.900000       0
2022-11-07 12:08:00-05:00  24.840000  24.850000  24.840000  24.850000  24.850000       0
2022-11-07 12:10:00-05:00  24.850000  24.860001  24.830000  24.830000  24.830000       0
2022-11-07 12:12:00-05:00  24.820000  24.820000  24.770000  24.770000  24.770000       0
2022-11-07 12:14:00-05:00  24.780001  24.809999  24.780001  24.799999  24.799999       0
2022-11-07 12:16:00-05:00  24.799999  24.830000  24.799999  24.799999  24.799999       0
2022-11-07 12:18:00-05:00  24.799999  24.799999  24.780001  24.780001  24.780001       0
2022-11-07 12:20:00-05:00  24.790001  24.799999  24.770000  24.770000  24.770000       0
2022-11-07 12:22:00-05:00  24.770000  24.799999  24.770000  24.799999  24.799999       0
2022-11-07 12:24:00-05:00  24.790001  24.790001  24.750000  24.760000  24.760000       0
2022-11-07 12:26:00-05:00  24.770000  24.770000  24.760000  24.760000  24.760000       0
2022-11-07 12:28:00-05:00  24.760000  24.770000  24.750000  24.750000  24.750000       0
2022-11-07 12:30:00-05:00  24.750000  24.770000  24.740000  24.740000  24.740000       0
2022-11-07 12:32:00-05:00  24.750000  24.750000  24.740000  24.740000  24.740000       0
2022-11-07 12:34:00-05:00  24.750000  24.760000  24.750000  24.760000  24.760000       0
2022-11-07 12:36:00-05:00  24.750000  24.760000  24.750000  24.760000  24.760000       0
2022-11-07 12:38:00-05:00  24.760000  24.760000  24.740000  24.750000  24.750000       0
2022-11-07 12:40:00-05:00  24.740000  24.760000  24.740000  24.760000  24.760000       0
2022-11-07 12:42:00-05:00  24.770000  24.770000  24.719999  24.719999  24.719999       0
2022-11-07 12:44:00-05:00  24.730000  24.730000  24.719999  24.719999  24.719999       0
2022-11-07 12:46:00-05:00  24.709999  24.709999  24.700001  24.709999  24.709999       0
2022-11-07 12:48:00-05:00  24.709999  24.730000  24.709999  24.709999  24.709999       0
2022-11-07 12:50:00-05:00  24.719999  24.730000  24.719999  24.719999  24.719999       0
2022-11-07 12:52:00-05:00  24.719999  24.719999  24.700001  24.709999  24.709999       0
2022-11-07 12:54:00-05:00  24.709999  24.719999  24.709999  24.709999  24.709999       0
2022-11-07 12:56:00-05:00  24.719999  24.719999  24.709999  24.709999  24.709999       0
2022-11-07 12:58:00-05:00  24.700001  24.700001  24.670000  24.670000  24.670000       0
2022-11-07 13:00:00-05:00  24.670000  24.670000  24.650000  24.650000  24.650000       0
2022-11-07 13:02:00-05:00  24.639999  24.680000  24.639999  24.680000  24.680000       0
2022-11-07 13:04:00-05:00  24.690001  24.700001  24.690001  24.690001  24.690001       0
2022-11-07 13:06:00-05:00  24.700001  24.700001  24.690001  24.690001  24.690001       0
2022-11-07 13:08:00-05:00  24.690001  24.690001  24.650000  24.650000  24.650000       0
2022-11-07 13:10:00-05:00  24.650000  24.660000  24.639999  24.639999  24.639999       0
2022-11-07 13:12:00-05:00  24.639999  24.660000  24.610001  24.660000  24.660000       0
2022-11-07 13:14:00-05:00  24.650000  24.650000  24.629999  24.639999  24.639999       0
2022-11-07 13:16:00-05:00  24.639999  24.660000  24.629999  24.660000  24.660000       0
2022-11-07 13:18:00-05:00  24.660000  24.670000  24.660000  24.660000  24.660000       0
2022-11-07 13:20:00-05:00  24.660000  24.670000  24.650000  24.670000  24.670000       0
2022-11-07 13:22:00-05:00  24.660000  24.670000  24.660000  24.670000  24.670000       0
2022-11-07 13:24:00-05:00  24.680000  24.680000  24.680000  24.680000  24.680000       0
2022-11-07 13:26:00-05:00  24.680000  24.680000  24.670000  24.670000  24.670000       0
2022-11-07 13:28:00-05:00  24.660000  24.680000  24.650000  24.670000  24.670000       0
2022-11-07 13:30:00-05:00  24.650000  24.660000  24.650000  24.660000  24.660000       0
2022-11-07 13:32:00-05:00  24.660000  24.660000  24.650000  24.650000  24.650000       0
2022-11-07 13:34:00-05:00  24.650000  24.650000  24.639999  24.650000  24.650000       0
2022-11-07 13:36:00-05:00  24.650000  24.650000  24.639999  24.650000  24.650000       0
2022-11-07 13:38:00-05:00  24.639999  24.639999  24.610001  24.610001  24.610001       0
2022-11-07 13:40:00-05:00  24.600000  24.610001  24.600000  24.610001  24.610001       0
2022-11-07 13:42:00-05:00  24.620001  24.620001  24.580000  24.580000  24.580000       0
2022-11-07 13:44:00-05:00  24.580000  24.580000  24.559999  24.570000  24.570000       0
2022-11-07 13:46:00-05:00  24.570000  24.570000  24.540001  24.549999  24.549999       0
2022-11-07 13:48:00-05:00  24.540001  24.549999  24.540001  24.540001  24.540001       0
2022-11-07 13:50:00-05:00  24.530001  24.540001  24.530001  24.540001  24.540001       0
2022-11-07 13:52:00-05:00  24.540001  24.540001  24.530001  24.530001  24.530001       0
2022-11-07 13:54:00-05:00  24.510000  24.510000  24.469999  24.469999  24.469999       0
2022-11-07 13:56:00-05:00  24.459999  24.459999  24.440001  24.440001  24.440001       0
2022-11-07 13:58:00-05:00  24.440001  24.450001  24.430000  24.430000  24.430000       0
2022-11-07 14:00:00-05:00  24.430000  24.430000  24.379999  24.389999  24.389999       0
2022-11-07 14:02:00-05:00  24.389999  24.459999  24.389999  24.459999  24.459999       0
2022-11-07 14:04:00-05:00  24.459999  24.469999  24.459999  24.469999  24.469999       0
2022-11-07 14:06:00-05:00  24.469999  24.480000  24.459999  24.459999  24.459999       0
2022-11-07 14:08:00-05:00  24.430000  24.430000  24.410000  24.420000  24.420000       0
2022-11-07 14:10:00-05:00  24.420000  24.450001  24.410000  24.450001  24.450001       0
2022-11-07 14:12:00-05:00  24.459999  24.500000  24.459999  24.480000  24.480000       0
2022-11-07 14:14:00-05:00  24.469999  24.510000  24.469999  24.510000  24.510000       0
2022-11-07 14:16:00-05:00  24.500000  24.510000  24.490000  24.490000  24.490000       0
2022-11-07 14:18:00-05:00  24.469999  24.480000  24.459999  24.480000  24.480000       0
2022-11-07 14:20:00-05:00  24.480000  24.490000  24.450001  24.459999  24.459999       0
2022-11-07 14:22:00-05:00  24.459999  24.459999  24.440001  24.440001  24.440001       0
2022-11-07 14:24:00-05:00  24.440001  24.469999  24.440001  24.469999  24.469999       0
2022-11-07 14:26:00-05:00  24.480000  24.480000  24.430000  24.440001  24.440001       0
2022-11-07 14:28:00-05:00  24.430000  24.430000  24.410000  24.410000  24.410000       0
2022-11-07 14:30:00-05:00  24.420000  24.420000  24.410000  24.420000  24.420000       0
2022-11-07 14:32:00-05:00  24.420000  24.440001  24.420000  24.440001  24.440001       0
2022-11-07 14:34:00-05:00  24.440001  24.459999  24.430000  24.459999  24.459999       0
2022-11-07 14:36:00-05:00  24.459999  24.480000  24.459999  24.469999  24.469999       0
2022-11-07 14:38:00-05:00  24.469999  24.480000  24.469999  24.480000  24.480000       0
2022-11-07 14:40:00-05:00  24.469999  24.480000  24.469999  24.480000  24.480000       0
2022-11-07 14:42:00-05:00  24.480000  24.480000  24.440001  24.440001  24.440001       0
2022-11-07 14:44:00-05:00  24.440001  24.459999  24.440001  24.459999  24.459999       0
2022-11-07 14:46:00-05:00  24.459999  24.490000  24.459999  24.490000  24.490000       0
2022-11-07 14:48:00-05:00  24.490000  24.490000  24.459999  24.469999  24.469999       0
2022-11-07 14:50:00-05:00  24.459999  24.469999  24.459999  24.469999  24.469999       0
2022-11-07 14:52:00-05:00  24.480000  24.490000  24.480000  24.490000  24.490000       0
2022-11-07 14:54:00-05:00  24.500000  24.510000  24.490000  24.510000  24.510000       0
2022-11-07 14:56:00-05:00  24.510000  24.510000  24.459999  24.459999  24.459999       0
2022-11-07 14:58:00-05:00  24.459999  24.520000  24.440001  24.450001  24.450001       0
2022-11-07 15:00:00-05:00  24.450001  24.450001  24.410000  24.410000  24.410000       0
2022-11-07 15:02:00-05:00  24.410000  24.410000  24.400000  24.410000  24.410000       0
2022-11-07 15:04:00-05:00  24.410000  24.410000  24.379999  24.379999  24.379999       0
2022-11-07 15:06:00-05:00  24.379999  24.379999  24.360001  24.370001  24.370001       0
2022-11-07 15:08:00-05:00  24.370001  24.389999  24.370001  24.379999  24.379999       0
2022-11-07 15:10:00-05:00  24.370001  24.379999  24.360001  24.370001  24.370001       0
2022-11-07 15:12:00-05:00  24.400000  24.410000  24.389999  24.389999  24.389999       0
2022-11-07 15:14:00-05:00  24.389999  24.400000  24.389999  24.400000  24.400000       0
2022-11-07 15:16:00-05:00  24.400000  24.420000  24.400000  24.410000  24.410000       0
2022-11-07 15:18:00-05:00  24.420000  24.430000  24.420000  24.430000  24.430000       0
2022-11-07 15:20:00-05:00  24.430000  24.430000  24.370001  24.370001  24.370001       0
2022-11-07 15:22:00-05:00  24.360001  24.360001  24.340000  24.340000  24.340000       0
2022-11-07 15:24:00-05:00  24.350000  24.370001  24.350000  24.370001  24.370001       0
2022-11-07 15:26:00-05:00  24.370001  24.389999  24.370001  24.389999  24.389999       0
2022-11-07 15:28:00-05:00  24.389999  24.400000  24.389999  24.389999  24.389999       0
2022-11-07 15:30:00-05:00  24.389999  24.400000  24.389999  24.389999  24.389999       0
2022-11-07 15:32:00-05:00  24.389999  24.440001  24.389999  24.430000  24.430000       0
2022-11-07 15:34:00-05:00  24.440001  24.440001  24.430000  24.430000  24.430000       0
2022-11-07 15:36:00-05:00  24.440001  24.440001  24.440001  24.440001  24.440001       0
2022-11-07 15:38:00-05:00  24.450001  24.459999  24.410000  24.410000  24.410000       0
2022-11-07 15:40:00-05:00  24.400000  24.410000  24.400000  24.400000  24.400000       0
2022-11-07 15:42:00-05:00  24.400000  24.410000  24.400000  24.410000  24.410000       0
2022-11-07 15:44:00-05:00  24.420000  24.440001  24.420000  24.440001  24.440001       0
2022-11-07 15:46:00-05:00  24.440001  24.520000  24.440001  24.500000  24.500000       0
2022-11-07 15:48:00-05:00  24.500000  24.510000  24.459999  24.459999  24.459999       0
2022-11-07 15:50:00-05:00  24.459999  24.490000  24.459999  24.490000  24.490000       0
2022-11-07 15:52:00-05:00  24.500000  24.500000  24.490000  24.500000  24.500000       0
2022-11-07 15:54:00-05:00  24.490000  24.500000  24.480000  24.480000  24.480000       0
2022-11-07 15:56:00-05:00  24.480000  24.510000  24.480000  24.480000  24.480000       0
2022-11-07 15:58:00-05:00  24.469999  24.480000  24.469999  24.469999  24.469999       0
2022-11-08 09:30:00-05:00  24.500000  24.520000  24.500000  24.510000  24.510000       0
2022-11-08 09:32:00-05:00  24.520000  24.590000  24.520000  24.590000  24.590000       0
2022-11-08 09:34:00-05:00  24.590000  24.590000  24.500000  24.500000  24.500000       0
2022-11-08 09:36:00-05:00  24.510000  24.600000  24.510000  24.580000  24.580000       0
2022-11-08 09:38:00-05:00  24.590000  24.610001  24.590000  24.610001  24.610001       0
2022-11-08 09:40:00-05:00  24.629999  24.629999  24.559999  24.559999  24.559999       0
2022-11-08 09:42:00-05:00  24.570000  24.570000  24.389999  24.389999  24.389999       0
2022-11-08 09:44:00-05:00  24.370001  24.520000  24.370001  24.520000  24.520000       0
2022-11-08 09:46:00-05:00  24.530001  24.530001  24.510000  24.510000  24.510000       0
2022-11-08 09:48:00-05:00  24.500000  24.520000  24.440001  24.440001  24.440001       0
2022-11-08 09:50:00-05:00  24.450001  24.469999  24.450001  24.469999  24.469999       0
2022-11-08 09:52:00-05:00  24.469999  24.469999  24.360001  24.379999  24.379999       0
2022-11-08 09:54:00-05:00  24.400000  24.410000  24.379999  24.410000  24.410000       0
2022-11-08 09:56:00-05:00  24.420000  24.440001  24.420000  24.440001  24.440001       0
2022-11-08 09:58:00-05:00  24.459999  24.459999  24.420000  24.430000  24.430000       0
2022-11-08 10:00:00-05:00  24.459999  24.510000  24.420000  24.420000  24.420000       0
2022-11-08 10:02:00-05:00  24.430000  24.450001  24.430000  24.430000  24.430000       0
2022-11-08 10:04:00-05:00  24.400000  24.430000  24.370001  24.379999  24.379999       0
2022-11-08 10:06:00-05:00  24.379999  24.379999  24.330000  24.340000  24.340000       0
2022-11-08 10:08:00-05:00  24.330000  24.340000  24.280001  24.280001  24.280001       0
2022-11-08 10:10:00-05:00  24.280001  24.309999  24.280001  24.299999  24.299999       0
2022-11-08 10:12:00-05:00  24.290001  24.330000  24.290001  24.330000  24.330000       0
2022-11-08 10:14:00-05:00  24.320000  24.320000  24.290001  24.320000  24.320000       0
2022-11-08 10:16:00-05:00  24.309999  24.309999  24.299999  24.309999  24.309999       0
2022-11-08 10:18:00-05:00  24.299999  24.320000  24.299999  24.309999  24.309999       0
2022-11-08 10:20:00-05:00  24.320000  24.320000  24.299999  24.320000  24.320000       0
2022-11-08 10:22:00-05:00  24.320000  24.330000  24.280001  24.280001  24.280001       0
2022-11-08 10:24:00-05:00  24.280001  24.299999  24.270000  24.299999  24.299999       0
2022-11-08 10:26:00-05:00  24.309999  24.330000  24.290001  24.290001  24.290001       0
2022-11-08 10:28:00-05:00  24.290001  24.299999  24.260000  24.260000  24.260000       0
2022-11-08 10:30:00-05:00  24.260000  24.270000  24.250000  24.270000  24.270000       0
2022-11-08 10:32:00-05:00  24.260000  24.270000  24.250000  24.270000  24.270000       0
2022-11-08 10:34:00-05:00  24.270000  24.280001  24.260000  24.280001  24.280001       0
2022-11-08 10:36:00-05:00  24.280001  24.280001  24.260000  24.260000  24.260000       0
2022-11-08 10:38:00-05:00  24.260000  24.270000  24.260000  24.270000  24.270000       0