                                Open       High        Low      Close  Adj Close  Volume
Datetime                                                                                
2023-02-15 10:54:00-05:00  18.459999  18.459999  18.430000  18.430000  18.430000       0
2023-02-15 10:56:00-05:00  18.430000  18.430000  18.370001  18.370001  18.370001       0
2023-02-15 10:58:00-05:00  18.400000  18.480000  18.400000  18.469999  18.469999       0
2023-02-15 11:00:00-05:00  18.480000  18.480000  18.430000  18.459999  18.459999       0
2023-02-15 11:02:00-05:00  18.440001  18.450001  18.410000  18.410000  18.410000       0
2023-02-15 11:04:00-05:00  18.410000  18.410000  18.330000  18.350000  18.350000       0
2023-02-15 11:06:00-05:00  18.340000  18.340000  18.260000  18.299999  18.299999       0
2023-02-15 11:08:00-05:00  18.299999  18.340000  18.299999  18.340000  18.340000       0
2023-02-15 11:10:00-05:00  18.330000  18.330000  18.299999  18.309999  18.309999       0
2023-02-15 11:12:00-05:00  18.309999  18.309999  18.280001  18.309999  18.309999       0
2023-02-15 11:14:00-05:00  18.309999  18.309999  18.270000  18.280001  18.280001       0
2023-02-15 11:16:00-05:00  18.290001  18.370001  18.280001  18.370001  18.370001       0
2023-02-15 11:18:00-05:00  18.389999  18.389999  18.350000  18.370001  18.370001       0
2023-02-15 11:20:00-05:00  18.340000  18.350000  18.340000  18.340000  18.340000       0
2023-02-15 11:22:00-05:00  18.330000  18.370001  18.330000  18.360001  18.360001       0
2023-02-15 11:24:00-05:00  18.360001  18.370001  18.340000  18.370001  18.370001       0
2023-02-15 11:26:00-05:00  18.350000  18.350000  18.290001  18.290001  18.290001       0
2023-02-15 11:28:00-05:00  18.290001  18.309999  18.260000  18.260000  18.260000       0
2023-02-15 11:30:00-05:00  18.280001  18.370001  18.270000  18.370001  18.370001       0
2023-02-15 11:32:00-05:00  18.370001  18.379999  18.360001  18.370001  18.370001       0
2023-02-15 11:34:00-05:00  18.379999  18.379999  18.360001  18.370001  18.370001       0
2023-02-15 11:36:00-05:00  18.370001  18.379999  18.330000  18.330000  18.330000       0
2023-02-15 11:38:00-05:00  18.350000  18.360001  18.320000  18.330000  18.330000       0
2023-02-15 11:40:00-05:00  18.330000  18.330000  18.280001  18.280001  18.280001       0
2023-02-15 11:42:00-05:00  18.299999  18.299999  18.270000  18.280001  18.280001       0
2023-02-15 11:44:00-05:00  18.280001  18.299999  18.280001  18.299999  18.299999       0
2023-02-15 11:46:00-05:00  18.299999  18.299999  18.270000  18.299999  18.299999       0
2023-02-15 11:48:00-05:00  18.280001  18.309999  18.260000  18.309999  18.309999       0
2023-02-15 11:50:00-05:00  18.299999  18.309999  18.290001  18.290001  18.290001       0
2023-02-15 11:52:00-05:00  18.280001  18.290001  18.270000  18.290001  18.290001       0
2023-02-15 11:54:00-05:00  18.290001  18.290001  18.219999  18.240000  18.240000       0
2023-02-15 11:56:00-05:00  18.230000  18.260000  18.230000  18.260000  18.260000       0
2023-02-15 11:58:00-05:00  18.270000  18.320000  18.270000  18.309999  18.309999       0
2023-02-15 12:00:00-05:00  18.309999  18.340000  18.290001  18.330000  18.330000       0
2023-02-15 12:02:00-05:00  18.340000  18.340000  18.330000  18.340000  18.340000       0
2023-02-15 12:04:00-05:00  18.350000  18.360001  18.330000  18.350000  18.350000       0
2023-02-15 12:06:00-05:00  18.340000  18.469999  18.340000  18.389999  18.389999       0
2023-02-15 12:08:00-05:00  18.379999  18.379999  18.340000  18.340000  18.340000       0
2023-02-15 12:10:00-05:00  18.340000  18.350000  18.320000  18.330000  18.330000       0
2023-02-15 12:12:00-05:00  18.340000  18.350000  18.320000  18.350000  18.350000       0
2023-02-15 12:14:00-05:00  18.350000  18.360001  18.330000  18.340000  18.340000       0
2023-02-15 12:16:00-05:00  18.340000  18.360001  18.320000  18.360001  18.360001       0
2023-02-15 12:18:00-05:00  18.370001  18.379999  18.350000  18.379999  18.379999       0
2023-02-15 12:20:00-05:00  18.370001  18.400000  18.360001  18.360001  18.360001       0
2023-02-15 12:22:00-05:00  18.370001  18.389999  18.360001  18.379999  18.379999       0
2023-02-15 12:24:00-05:00  18.389999  18.410000  18.370001  18.410000  18.410000       0
2023-02-15 12:26:00-05:00  18.420000  18.420000  18.400000  18.410000  18.410000       0
2023-02-15 12:28:00-05:00  18.420000  18.510000  18.420000  18.510000  18.510000       0
2023-02-15 12:30:00-05:00  18.520000  18.530001  18.520000  18.530001  18.530001       0
2023-02-15 12:32:00-05:00  18.540001  18.540001  18.520000  18.530001  18.530001       0
2023-02-15 12:34:00-05:00  18.520000  18.520000  18.430000  18.440001  18.440001       0
2023-02-15 12:36:00-05:00  18.450001  18.510000  18.389999  18.480000  18.480000       0
2023-02-15 12:38:00-05:00  18.469999  18.480000  18.450001  18.450001  18.450001       0
2023-02-15 12:40:00-05:00  18.450001  18.450001  18.420000  18.420000  18.420000       0
2023-02-15 12:42:00-05:00  18.410000  18.410000  18.389999  18.410000  18.410000       0
2023-02-15 12:44:00-05:00  18.400000  18.410000  18.400000  18.410000  18.410000       0
2023-02-15 12:46:00-05:00  18.410000  18.410000  18.389999  18.389999  18.389999       0
2023-02-15 12:48:00-05:00  18.389999  18.400000  18.379999  18.379999  18.379999       0
2023-02-15 12:50:00-05:00  18.389999  18.389999  18.360001  18.360001  18.360001       0
2023-02-15 12:52:00-05:00  18.370001  18.370001  18.320000  18.320000  18.320000       0
2023-02-15 12:54:00-05:00  18.330000  18.370001  18.309999  18.370001  18.370001       0
2023-02-15 12:56:00-05:00  18.379999  18.400000  18.379999  18.379999  18.379999       0
2023-02-15 12:58:00-05:00  18.370001  18.420000  18.360001  18.420000  18.420000       0
2023-02-15 13:00:00-05:00  18.389999  18.389999  18.360001  18.370001  18.370001       0
2023-02-15 13:02:00-05:00  18.370001  18.389999  18.370001  18.389999  18.389999       0
2023-02-15 13:04:00-05:00  18.389999  18.480000  18.389999  18.480000  18.480000       0
2023-02-15 13:06:00-05:00  18.459999  18.490000  18.459999  18.480000  18.480000       0
2023-02-15 13:08:00-05:00  18.480000  18.480000  18.400000  18.400000  18.400000       0
2023-02-15 13:10:00-05:00  18.410000  18.410000  18.360001  18.370001  18.370001       0
2023-02-15 13:12:00-05:00  18.350000  18.370001  18.340000  18.350000  18.350000       0
2023-02-15 13:14:00-05:00  18.350000  18.360001  18.350000  18.360001  18.360001       0
2023-02-15 13:16:00-05:00  18.350000  18.370001  18.350000  18.370001  18.370001       0
2023-02-15 13:18:00-05:00  18.360001  18.360001  18.340000  18.340000  18.340000       0
2023-02-15 13:20:00-05:00  18.340000  18.340000  18.320000  18.320000  18.320000       0
2023-02-15 13:22:00-05:00  18.340000  18.340000  18.330000  18.330000  18.330000       0
2023-02-15 13:24:00-05:00  18.330000  18.330000  18.320000  18.330000  18.330000       0
2023-02-15 13:26:00-05:00  18.320000  18.330000  18.309999  18.320000  18.320000       0
2023-02-15 13:28:00-05:00  18.320000  18.320000  18.290001  18.299999  18.299999       0
2023-02-15 13:30:00-05:00  18.299999  18.299999  18.270000  18.270000  18.270000       0
2023-02-15 13:32:00-05:00  18.270000  18.290001  18.270000  18.280001  18.280001       0
2023-02-15 13:34:00-05:00  18.270000  18.270000  18.250000  18.260000  18.260000       0
2023-02-15 13:36:00-05:00  18.260000  18.270000  18.260000  18.260000  18.260000       0
2023-02-15 13:38:00-05:00  18.260000  18.260000  18.250000  18.250000  18.250000       0
2023-02-15 13:40:00-05:00  18.250000  18.250000  18.240000  18.240000  18.240000       0
2023-02-15 13:42:00-05:00  18.240000  18.260000  18.230000  18.240000  18.240000       0
2023-02-15 13:44:00-05:00  18.219999  18.240000  18.209999  18.209999  18.209999       0
2023-02-15 13:46:00-05:00  18.219999  18.240000  18.219999  18.230000  18.230000       0
2023-02-15 13:48:00-05:00  18.230000  18.240000  18.219999  18.230000  18.230000       0
2023-02-15 13:50:00-05:00  18.230000  18.270000  18.230000  18.260000  18.260000       0
2023-02-15 13:52:00-05:00  18.250000  18.260000  18.230000  18.230000  18.230000       0
2023-02-15 13:54:00-05:00  18.230000  18.230000  18.219999  18.230000  18.230000       0
2023-02-15 13:56:00-05:00  18.230000  18.250000  18.219999  18.250000  18.250000       0
2023-02-15 13:58:00-05:00  18.240000  18.240000  18.200001  18.200001  18.200001       0
2023-02-15 14:00:00-05:00  18.200001  18.209999  18.190001  18.209999  18.209999       0
2023-02-15 14:02:00-05:00  18.200001  18.209999  18.190001  18.209999  18.209999       0
2023-02-15 14:04:00-05:00  18.209999  18.260000  18.200001  18.250000  18.250000       0
2023-02-15 14:06:00-05:00  18.260000  18.260000  18.240000  18.250000  18.250000       0
2023-02-15 14:08:00-05:00  18.250000  18.250000  18.219999  18.230000  18.230000       0
2023-02-15 14:10:00-05:00  18.240000  18.250000  18.240000  18.250000  18.250000       0
2023-02-15 14:12:00-05:00  18.260000  18.270000  18.250000  18.270000  18.270000       0
2023-02-15 14:14:00-05:00  18.250000  18.270000  18.240000  18.270000  18.270000       0
2023-02-15 14:16:00-05:00  18.280001  18.290001  18.270000  18.270000  18.270000       0
2023-02-15 14:18:00-05:00  18.270000  18.290001  18.270000  18.280001  18.280001       0
2023-02-15 14:20:00-05:00  18.260000  18.260000  18.250000  18.250000  18.250000       0
2023-02-15 14:22:00-05:00  18.240000  18.270000  18.240000  18.260000  18.260000       0
2023-02-15 14:24:00-05:00  18.270000  18.290001  18.270000  18.290001  18.290001       0
2023-02-15 14:26:00-05:00  18.290001  18.299999  18.280001  18.280001  18.280001       0
2023-02-15 14:28:00-05:00  18.280001  18.290001  18.270000  18.270000  18.270000       0
2023-02-15 14:30:00-05:00  18.260000  18.260000  18.240000  18.240000  18.240000       0
2023-02-15 14:32:00-05:00  18.250000  18.290001  18.250000  18.290001  18.290001       0
2023-02-15 14:34:00-05:00  18.290001  18.290001  18.270000  18.290001  18.290001       0
2023-02-15 14:36:00-05:00  18.290001  18.299999  18.280001  18.290001  18.290001       0
2023-02-15 14:38:00-05:00  18.270000  18.290001  18.260000  18.290001  18.290001       0
2023-02-15 14:40:00-05:00  18.290001  18.290001  18.260000  18.270000  18.270000       0
2023-02-15 14:42:00-05:00  18.260000  18.260000  18.250000  18.250000  18.250000       0
2023-02-15 14:44:00-05:00  18.250000  18.250000  18.230000  18.240000  18.240000       0
2023-02-15 14:46:00-05:00  18.240000  18.240000  18.219999  18.219999  18.219999       0
2023-02-15 14:48:00-05:00  18.219999  18.250000  18.209999  18.250000  18.250000       0
2023-02-15 14:50:00-05:00  18.250000  18.270000  18.250000  18.270000  18.270000       0
2023-02-15 14:52:00-05:00  18.270000  18.280001  18.260000  18.280001  18.280001       0
2023-02-15 14:54:00-05:00  18.290001  18.299999  18.260000  18.270000  18.270000       0
2023-02-15 14:56:00-05:00  18.280001  18.280001  18.270000  18.270000  18.270000       0
2023-02-15 14:58:00-05:00  18.280001  18.309999  18.280001  18.309999  18.309999       0
2023-02-15 15:00:00-05:00  18.309999  18.309999  18.270000  18.299999  18.299999       0
2023-02-15 15:02:00-05:00  18.299999  18.309999  18.280001  18.280001  18.280001       0
2023-02-15 15:04:00-05:00  18.280001  18.280001  18.209999  18.209999  18.209999       0
2023-02-15 15:06:00-05:00  18.200001  18.200001  18.160000  18.160000  18.160000       0
2023-02-15 15:08:00-05:00  18.160000  18.160000  18.150000  18.150000  18.150000       0
2023-02-15 15:10:00-05:00  18.150000  18.180000  18.150000  18.160000  18.160000       0
2023-02-15 15:12:00-05:00  18.139999  18.160000  18.129999  18.150000  18.150000       0
2023-02-15 15:14:00-05:00  18.150000  18.160000  18.129999  18.160000  18.160000       0
2023-02-15 15:16:00-05:00  18.150000  18.150000  18.120001  18.139999  18.139999       0
2023-02-15 15:18:00-05:00  18.160000  18.160000  18.150000  18.150000  18.150000       0
2023-02-15 15:20:00-05:00  18.150000  18.150000  18.110001  18.139999  18.139999       0
2023-02-15 15:22:00-05:00  18.139999  18.190001  18.120001  18.190001  18.190001       0
2023-02-15 15:24:00-05:00  18.200001  18.219999  18.200001  18.200001  18.200001       0
2023-02-15 15:26:00-05:00  18.209999  18.209999  18.190001  18.190001  18.190001       0
2023-02-15 15:28:00-05:00  18.200001  18.209999  18.180000  18.209999  18.209999       0
2023-02-15 15:30:00-05:00  18.190001  18.209999  18.180000  18.190001  18.190001       0
2023-02-15 15:32:00-05:00  18.190001  18.200001  18.150000  18.150000  18.150000       0
2023-02-15 15:34:00-05:00  18.139999  18.150000  18.129999  18.150000  18.150000       0
2023-02-15 15:36:00-05:00  18.160000  18.230000  18.160000  18.230000  18.230000       0
2023-02-15 15:38:00-05:00  18.219999  18.230000  18.190001  18.209999  18.209999       0
2023-02-15 15:40:00-05:00  18.219999  18.250000  18.190001  18.240000  18.240000       0
2023-02-15 15:42:00-05:00  18.240000  18.260000  18.240000  18.260000  18.260000       0
2023-02-15 15:44:00-05:00  18.260000  18.270000  18.260000  18.260000  18.260000       0
2023-02-15 15:46:00-05:00  18.240000  18.240000  18.219999  18.219999  18.219999       0
2023-02-15 15:48:00-05:00  18.219999  18.230000  18.209999  18.230000  18.230000       0
2023-02-15 15:50:00-05:00  18.219999  18.280001  18.219999  18.280001  18.280001       0
2023-02-15 15:52:00-05:00  18.270000  18.299999  18.270000  18.280001  18.280001       0
2023-02-15 15:54:00-05:00  18.290001  18.309999  18.280001  18.280001  18.280001       0
2023-02-15 15:56:00-05:00  18.280001  18.290001  18.260000  18.290001  18.290001       0
2023-02-15 15:58:00-05:00  18.270000  18.290001  18.260000  18.290001  18.290001       0
2023-02-16 09:30:00-05:00  19.480000  19.480000  19.420000  19.430000  19.430000       0
2023-02-16 09:32:00-05:00  19.389999  19.540001  19.379999  19.520000  19.520000       0
2023-02-16 09:34:00-05:00  19.540001  19.709999  19.530001  19.670000  19.670000       0
2023-02-16 09:36:00-05:00  19.690001  19.860001  19.690001  19.840000  19.840000       0
2023-02-16 09:38:00-05:00  19.870001  19.870001  19.629999  19.629999  19.629999       0
2023-02-16 09:40:00-05:00  19.590000  19.590000  19.530001  19.530001  19.530001       0
2023-02-16 09:42:00-05:00  19.540001  19.750000  19.540001  19.629999  19.629999       0
2023-02-16 09:44:00-05:00  19.620001  19.709999  19.610001  19.650000  19.650000       0
2023-02-16 09:46:00-05:00  19.670000  19.709999  19.570000  19.570000  19.570000       0
2023-02-16 09:48:00-05:00  19.580000  19.680000  19.580000  19.680000  19.680000       0
2023-02-16 09:50:00-05:00  19.690001  19.750000  19.590000  19.670000  19.670000       0
2023-02-16 09:52:00-05:00  19.680000  19.730000  19.660000  19.680000  19.680000       0
2023-02-16 09:54:00-05:00  19.670000  19.879999  19.670000  19.879999  19.879999       0
2023-02-16 09:56:00-05:00  19.879999  19.879999  19.820000  19.820000  19.820000       0
2023-02-16 09:58:00-05:00  19.770000  19.889999  19.760000  19.850000  19.850000       0
2023-02-16 10:00:00-05:00  19.889999  19.969999  19.870001  19.940001  19.940001       0
2023-02-16 10:02:00-05:00  19.969999  20.000000  19.930000  19.969999  19.969999       0
2023-02-16 10:04:00-05:00  19.969999  19.969999  19.840000  19.840000  19.840000       0
2023-02-16 10:06:00-05:00  19.820000  19.820000  19.639999  19.650000  19.650000       0
2023-02-16 10:08:00-05:00  19.610001  19.670000  19.559999  19.629999  19.629999       0
2023-02-16 10:10:00-05:00  19.600000  19.600000  19.490000  19.500000  19.500000       0
2023-02-16 10:12:00-05:00  19.500000  19.500000  19.360001  19.389999  19.389999       0
2023-02-16 10:14:00-05:00  19.379999  19.530001  19.379999  19.530001  19.530001       0
2023-02-16 10:16:00-05:00  19.559999  19.559999  19.450001  19.450001  19.450001       0
2023-02-16 10:18:00-05:00  19.469999  19.469999  19.309999  19.309999  19.309999       0
2023-02-16 10:20:00-05:00  19.320000  19.320000  19.209999  19.219999  19.219999       0
2023-02-16 10:22:00-05:00  19.240000  19.290001  19.240000  19.270000  19.270000       0
2023-02-16 10:24:00-05:00  19.260000  19.340000  19.200001  19.209999  19.209999       0
2023-02-16 10:26:00-05:00  19.200001  19.290001  19.180000  19.270000  19.270000       0
2023-02-16 10:28:00-05:00  19.299999  19.320000  19.240000  19.240000  19.240000       0
2023-02-16 10:30:00-05:00  19.209999  19.219999  19.150000  19.150000  19.150000       0
2023-02-16 10:32:00-05:00  19.170000  19.170000  19.129999  19.160000  19.160000       0
2023-02-16 10:34:00-05:00  19.170000  19.170000  19.120001  19.129999  19.129999       0
2023-02-16 10:36:00-05:00  19.180000  19.180000  19.100000  19.100000  19.100000       0
2023-02-16 10:38:00-05:00  19.110001  19.110001  19.020000  19.070000  19.070000       0
2023-02-16 10:40:00-05:00  19.080000  19.139999  19.080000  19.139999  19.139999       0
2023-02-16 10:42:00-05:00  19.129999  19.129999  19.080000  19.100000  19.100000       0
2023-02-16 10:44:00-05:00  19.120001  19.180000  19.120001  19.170000  19.170000       0
2023-02-16 10:46:00-05:00  19.150000  19.150000  19.090000  19.090000  19.090000       0
2023-02-16 10:48:00-05:00  19.070000  19.080000  19.020000  19.020000  19.020000       0
2023-02-16 10:50:00-05:00  19.000000  19.110001  19.000000  19.110001  19.110001       0
2023-02-16 10:52:00-05:00  19.120001  19.139999  19.070000  19.139999  19.139999       0
2023-02-16 10:54:00-05:00  19.129999  19.160000  19.110001  19.150000  19.150000       0
2023-02-16 10:56:00-05:00  19.160000  19.190001  19.150000  19.180000  19.180000       0
2023-02-16 10:58:00-05:00  19.190001  19.190001  19.080000  19.080000  19.080000       0
2023-02-16 11:00:00-05:00  19.090000  19.090000  19.020000  19.020000  19.020000       0
2023-02-16 11:02:00-05:00  19.010000  19.040001  18.990000  19.020000  19.020000       0
2023-02-16 11:04:00-05:00  19.040001  19.070000  19.020000  19.070000  19.070000       0
2023-02-16 11:06:00-05:00  19.080000  19.100000  19.040001  19.100000  19.100000       0
2023-02-16 11:08:00-05:00  19.120001  19.240000  19.120001  19.129999  19.129999       0
2023-02-16 11:10:00-05:00  19.150000  19.180000  19.100000  19.170000  19.170000       0
2023-02-16 11:12:00-05:00  19.219999  19.219999  19.160000  19.160000  19.160000       0
2023-02-16 11:14:00-05:00  19.150000  19.150000  19.139999  19.139999  19.139999       0
2023-02-16 11:16:00-05:00  19.160000  19.180000  19.129999  19.150000  19.150000       0
2023-02-16 11:18:00-05:00  19.160000  19.160000  19.070000  19.070000  19.070000       0
2023-02-16 11:20:00-05:00  19.090000  19.139999  19.070000  19.139999  19.139999       0
2023-02-16 11:22:00-05:00  19.139999  19.200001  19.129999  19.150000  19.150000       0
2023-02-16 11:24:00-05:00  19.139999  19.180000  19.129999  19.160000  19.160000       0
2023-02-16 11:26:00-05:00  19.160000  19.170000  19.129999  19.139999  19.139999       0
2023-02-16 11:28:00-05:00  19.150000  19.160000  19.030001  19.030001  19.030001       0
2023-02-16 11:30:00-05:00  19.049999  19.070000  19.030001  19.070000  19.070000       0
2023-02-16 11:32:00-05:00  19.090000  19.110001  19.049999  19.059999  19.059999       0
2023-02-16 11:34:00-05:00  19.059999  19.120001  19.059999  19.120001  19.120001       0
2023-02-16 11:36:00-05:00  19.139999  19.170000  19.129999  19.129999  19.129999       0
2023-02-16 11:38:00-05:00  19.129999  19.190001  19.129999  19.139999  19.139999       0
2023-02-16 11:40:00-05:00  19.139999  19.139999  19.080000  19.100000  19.100000       0
2023-02-16 11:42:00-05:00  19.129999  19.139999  19.059999  19.059999  19.059999       0
2023-02-16 11:44:00-05:00  19.049999  19.059999  19.000000  19.000000  19.000000       0
2023-02-16 11:46:00-05:00  18.990000  18.990000  18.930000  18.940001  18.940001       0
2023-02-16 11:48:00-05:00  18.950001  18.950001  18.889999  18.910000  18.910000       0
2023-02-16 11:50:00-05:00  18.910000  18.930000  18.879999  18.879999  18.879999       0
2023-02-16 11:52:00-05:00  18.870001  18.920000  18.870001  18.920000  18.920000       0
2023-02-16 11:54:00-05:00  18.920000  18.940001  18.900000  18.940001  18.940001       0
2023-02-16 11:56:00-05:00  18.930000  18.930000  18.889999  18.930000  18.930000       0
2023-02-16 11:58:00-05:00  18.940001  18.950001  18.920000  18.940001  18.940001       0
2023-02-16 12:00:00-05:00  18.959999  18.959999  18.920000  18.930000  18.930000       0
2023-02-16 12:02:00-05:00  18.910000  18.930000  18.889999  18.920000  18.920000       0
2023-02-16 12:04:00-05:00  18.930000  18.950001  18.920000  18.940001  18.940001       0
2023-02-16 12:06:00-05:00  18.900000  18.900000  18.850000  18.860001  18.860001       0
2023-02-16 12:08:00-05:00  18.870001  18.910000  18.870001  18.870001  18.870001       0
2023-02-16 12:10:00-05:00  18.860001  18.860001  18.809999  18.820000  18.820000       0
2023-02-16 12:12:00-05:00  18.820000  18.820000  18.780001  18.799999  18.799999       0
2023-02-16 12:14:00-05:00  18.790001  18.790001  18.770000  18.780001  18.780001       0
2023-02-16 12:16:00-05:00  18.780001  18.840000  18.780001  18.830000  18.830000       0
2023-02-16 12:18:00-05:00  18.830000  18.980000  18.830000  18.980000  18.980000       0
2023-02-16 12:20:00-05:00  19.010000  19.010000  18.950001  18.950001  18.950001       0
2023-02-16 12:22:00-05:00  18.879999  18.889999  18.850000  18.850000  18.850000       0
2023-02-16 12:24:00-05:00  18.850000  18.850000  18.719999  18.730000  18.730000       0
2023-02-16 12:26:00-05:00  18.740000  18.780001  18.719999  18.760000  18.760000       0
2023-02-16 12:28:00-05:00  18.760000  18.760000  18.740000  18.740000  18.740000       0
2023-02-16 12:30:00-05:00  18.750000  18.750000  18.700001  18.709999  18.709999       0
2023-02-16 12:32:00-05:00  18.709999  18.709999  18.670000  18.670000  18.670000       0
2023-02-16 12:34:00-05:00  18.670000  18.670000  18.590000  18.610001  18.610001       0
2023-02-16 12:36:00-05:00  18.629999  18.629999  18.600000  18.610001  18.610001       0
2023-02-16 12:38:00-05:00  18.620001  18.639999  18.610001  18.620001  18.620001       0
2023-02-16 12:40:00-05:00  18.639999  18.639999  18.620001  18.639999  18.639999       0
2023-02-16 12:42:00-05:00  18.639999  18.650000  18.639999  18.650000  18.650000       0
2023-02-16 12:44:00-05:00  18.639999  18.639999  18.590000  18.610001  18.610001       0
2023-02-16 12:46:00-05:00  18.610001  18.629999  18.610001  18.610001  18.610001       0
2023-02-16 12:48:00-05:00  18.590000  18.590000  18.559999  18.570000  18.570000       0
2023-02-16 12:50:00-05:00  18.580000  18.600000  18.580000  18.590000  18.590000       0
2023-02-16 12:52:00-05:00  18.580000  18.620001  18.559999  18.600000  18.600000       0
2023-02-16 12:54:00-05:00  18.600000  18.629999  18.600000  18.629999  18.629999       0
2023-02-16 12:56:00-05:00  18.610001  18.660000  18.610001  18.629999  18.629999       0
2023-02-16 12:58:00-05:00  18.629999  18.660000  18.610001  18.639999  18.639999       0
2023-02-16 13:00:00-05:00  18.620001  18.620001  18.580000  18.580000  18.580000       0
2023-02-16 13:02:00-05:00  18.570000  18.629999  18.510000  18.629999  18.629999       0
2023-02-16 13:04:00-05:00  18.660000  18.660000  18.590000  18.600000  18.600000       0
2023-02-16 13:06:00-05:00  18.610001  18.610001  18.570000  18.590000  18.590000       0
2023-02-16 13:08:00-05:00  18.559999  18.570000  18.549999  18.549999  18.549999       0
2023-02-16 13:10:00-05:00  18.540001  18.549999  18.520000  18.549999  18.549999       0
2023-02-16 13:12:00-05:00  18.549999  18.549999  18.520000  18.540001  18.540001       0
2023-02-16 13:14:00-05:00  18.549999  18.580000  18.549999  18.580000  18.580000       0
2023-02-16 13:16:00-05:00  18.580000  18.580000  18.530001  18.559999  18.559999       0
2023-02-16 13:18:00-05:00  18.570000  18.620001  18.570000  18.590000  18.590000       0
2023-02-16 13:20:00-05:00  18.580000  18.590000  18.570000  18.580000  18.580000       0
2023-02-16 13:22:00-05:00  18.590000  18.620001  18.580000  18.620001  18.620001       0
2023-02-16 13:24:00-05:00  18.620001  18.690001  18.620001  18.629999  18.629999       0
2023-02-16 13:26:00-05:00  18.620001  18.670000  18.620001  18.670000  18.670000       0
2023-02-16 13:28:00-05:00  18.660000  18.730000  18.660000  18.730000  18.730000       0
2023-02-16 13:30:00-05:00  18.700001  18.750000  18.700001  18.750000  18.750000       0
2023-02-16 13:32:00-05:00  18.790001  18.790001  18.750000  18.790001  18.790001       0
2023-02-16 13:34:00-05:00  18.790001  18.790001  18.719999  18.740000  18.740000       0
2023-02-16 13:36:00-05:00  18.730000  18.730000  18.690001  18.690001  18.690001       0
2023-02-16 13:38:00-05:00  18.690001  18.690001  18.660000  18.670000  18.670000       0
2023-02-16 13:40:00-05:00  18.680000  18.719999  18.680000  18.709999  18.709999       0
2023-02-16 13:42:00-05:00  18.709999  18.709999  18.680000  18.700001  18.700001       0
2023-02-16 13:44:00-05:00  18.680000  18.680000  18.660000  18.670000  18.670000       0
2023-02-16 13:46:00-05:00  18.690001  18.709999  18.670000  18.670000  18.670000       0
2023-02-16 13:48:00-05:00  18.690001  18.690001  18.650000  18.670000  18.670000       0
2023-02-16 13:50:00-05:00  18.670000  18.719999  18.660000  18.719999  18.719999       0
2023-02-16 13:52:00-05:00  18.719999  18.740000  18.719999  18.730000  18.730000       0
2023-02-16 13:54:00-05:00  18.719999  18.719999  18.709999  18.719999  18.719999       0
2023-02-16 13:56:00-05:00  18.719999  18.719999  18.700001  18.700001  18.700001       0
2023-02-16 13:58:00-05:00  18.709999  18.719999  18.690001  18.690001  18.690001       0
2023-02-16 14:00:00-05:00  18.700001  18.700001  18.629999  18.639999  18.639999       0
2023-02-16 14:02:00-05:00  18.639999  18.650000  18.620001  18.620001  18.620001       0
2023-02-16 14:04:00-05:00  18.610001  18.620001  18.600000  18.600000  18.600000       0
2023-02-16 14:06:00-05:00  18.590000  18.650000  18.590000  18.650000  18.650000       0
2023-02-16 14:08:00-05:00  18.650000  18.650000  18.620001  18.650000  18.650000       0
2023-02-16 14:10:00-05:00  18.650000  18.660000  18.620001  18.639999  18.639999       0
2023-02-16 14:12:00-05:00  18.650000  18.660000  18.639999  18.660000  18.660000       0
2023-02-16 14:14:00-05:00  18.639999  18.650000  18.620001  18.650000  18.650000       0
2023-02-16 14:16:00-05:00  18.639999  18.639999  18.590000  18.590000  18.590000       0
2023-02-16 14:18:00-05:00  18.590000  18.610001  18.590000  18.600000  18.600000       0
2023-02-16 14:20:00-05:00  18.600000  18.700001  18.600000  18.690001  18.690001       0
2023-02-16 14:22:00-05:00  18.680000  18.680000  18.639999  18.650000  18.650000       0
2023-02-16 14:24:00-05:00  18.650000  18.650000  18.559999  18.559999  18.559999       0
2023-02-16 14:26:00-05:00  18.549999  18.549999  18.510000  18.520000  18.520000       0
2023-02-16 14:28:00-05:00  18.510000  18.520000  18.500000  18.520000  18.520000       0
2023-02-16 14:30:00-05:00  18.530001  18.530001  18.500000  18.510000  18.510000       0
2023-02-16 14:32:00-05:00  18.510000  18.510000  18.459999  18.459999  18.459999       0
2023-02-16 14:34:00-05:00  18.469999  18.469999  18.450001  18.450001  18.450001       0
2023-02-16 14:36:00-05:00  18.459999  18.459999  18.430000  18.440001  18.440001       0
2023-02-16 14:38:00-05:00  18.450001  18.469999  18.450001  18.459999  18.459999       0
2023-02-16 14:40:00-05:00  18.459999  18.520000  18.459999  18.500000  18.500000       0
2023-02-16 14:42:00-05:00  18.500000  18.549999  18.469999  18.520000  18.520000       0
2023-02-16 14:44:00-05:00  18.510000  18.540001  18.510000  18.540001  18.540001       0
2023-02-16 14:46:00-05:00  18.549999  18.570000  18.549999  18.559999  18.559999       0
2023-02-16 14:48:00-05:00  18.559999  18.580000  18.540001  18.559999  18.559999       0
2023-02-16 14:50:00-05:00  18.559999  18.570000  18.549999  18.570000  18.570000       0
2023-02-16 14:52:00-05:00  18.570000  18.580000  18.520000  18.520000  18.520000       0
2023-02-16 14:54:00-05:00  18.530001  18.530001  18.480000  18.490000  18.490000       0
2023-02-16 14:56:00-05:00  18.490000  18.530001  18.480000  18.530001  18.530001       0
2023-02-16 14:58:00-05:00  18.530001  18.540001  18.520000  18.540001  18.540001       0
2023-02-16 15:00:00-05:00  18.540001  18.559999  18.530001  18.549999  18.549999       0
2023-02-16 15:02:00-05:00  18.559999  18.620001  18.559999  18.620001  18.620001       0
2023-02-16 15:04:00-05:00  18.620001  18.799999  18.620001  18.740000  18.740000       0
2023-02-16 15:06:00-05:00  18.750000  18.860001  18.750000  18.809999  18.809999       0
2023-02-16 15:08:00-05:00  18.780001  18.780001  18.670000  18.670000  18.670000       0
2023-02-16 15:10:00-05:00  18.670000  18.709999  18.650000  18.700001  18.700001       0
2023-02-16 15:12:00-05:00  18.719999  18.780001  18.719999  18.760000  18.760000       0
2023-02-16 15:14:00-05:00  18.719999  18.940001  18.719999  18.940001  18.940001       0
2023-02-16 15:16:00-05:00  18.950001  19.049999  18.950001  19.000000  19.000000       0
2023-02-16 15:18:00-05:00  19.049999  19.129999  19.049999  19.129999  19.129999       0
2023-02-16 15:20:00-05:00  19.120001  19.370001  19.120001  19.350000  19.350000       0
2023-02-16 15:22:00-05:00  19.330000  19.340000  19.129999  19.190001  19.190001       0
2023-02-16 15:24:00-05:00  19.190001  19.270000  19.190001  19.219999  19.219999       0
2023-02-16 15:26:00-05:00  19.240000  19.370001  19.230000  19.370001  19.370001       0
2023-02-16 15:28:00-05:00  19.389999  19.520000  19.389999  19.520000  19.520000       0
2023-02-16 15:30:00-05:00  19.520000  19.709999  19.520000  19.709999  19.709999       0
2023-02-16 15:32:00-05:00  19.709999  19.790001  19.709999  19.719999  19.719999       0
2023-02-16 15:34:00-05:00  19.680000  19.740000  19.680000  19.719999  19.719999       0
2023-02-16 15:36:00-05:00  19.650000  19.650000  19.520000  19.580000  19.580000       0
2023-02-16 15:38:00-05:00  19.610001  19.660000  19.610001  19.660000  19.660000       0
2023-02-16 15:40:00-05:00  19.660000  19.980000  19.660000  19.980000  19.980000       0
2023-02-16 15:42:00-05:00  20.000000  20.000000  19.750000  19.750000  19.750000       0
2023-02-16 15:44:00-05:00  19.760000  19.879999  19.760000  19.879999  19.879999       0
2023-02-16 15:46:00-05:00  19.910000  20.049999  19.910000  19.930000  19.930000       0
2023-02-16 15:48:00-05:00  19.959999  20.010000  19.879999  19.879999  19.879999       0
2023-02-16 15:50:00-05:00  19.870001  19.959999  19.790001  19.790001  19.790001       0
2023-02-16 15:52:00-05:00  19.790001  19.910000  19.740000  19.910000  19.910000       0
2023-02-16 15:54:00-05:00  19.900000  20.080000  19.879999  20.080000  20.080000       0
2023-02-16 15:56:00-05:00  20.100000  20.209999  20.100000  20.139999  20.139999       0
2023-02-16 15:58:00-05:00  20.139999  20.209999  20.139999  20.160000  20.160000       0
2023-02-17 09:30:00-05:00  20.879999  20.889999  20.840000  20.840000  20.840000       0
2023-02-17 09:32:00-05:00  20.809999  20.809999  20.629999  20.629999  20.629999       0
2023-02-17 09:34:00-05:00  20.620001  20.620001  20.420000  20.469999  20.469999       0
2023-02-17 09:36:00-05:00  20.480000  20.559999  20.480000  20.559999  20.559999       0
2023-02-17 09:38:00-05:00  20.600000  20.680000  20.559999  20.680000  20.680000       0
2023-02-17 09:40:00-05:00  20.700001  20.820000  20.700001  20.820000  20.820000       0
2023-02-17 09:42:00-05:00  20.820000  20.820000  20.690001  20.750000  20.750000       0
2023-02-17 09:44:00-05:00  20.760000  21.000000  20.740000  21.000000  21.000000       0
2023-02-17 09:46:00-05:00  21.010000  21.059999  20.940001  20.940001  20.940001       0
2023-02-17 09:48:00-05:00  20.940001  21.090000  20.940001  21.059999  21.059999       0
2023-02-17 09:50:00-05:00  21.070000  21.139999  21.070000  21.129999  21.129999       0
2023-02-17 09:52:00-05:00  21.139999  21.219999  21.120001  21.219999  21.219999       0
2023-02-17 09:54:00-05:00  21.230000  21.299999  21.230000  21.270000  21.270000       0
2023-02-17 09:56:00-05:00  21.250000  21.290001  21.129999  21.139999  21.139999       0
2023-02-17 09:58:00-05:00  21.129999  21.129999  21.010000  21.020000  21.020000       0
2023-02-17 10:00:00-05:00  21.000000  21.000000  20.809999  20.809999  20.809999       0
2023-02-17 10:02:00-05:00  20.840000  20.920000  20.840000  20.840000  20.840000       0
2023-02-17 10:04:00-05:00  20.780001  20.780001  20.750000  20.750000  20.750000       0
2023-02-17 10:06:00-05:00  20.760000  20.809999  20.750000  20.760000  20.760000       0
2023-02-17 10:08:00-05:00  20.760000  20.820000  20.730000  20.799999  20.799999       0
2023-02-17 10:10:00-05:00  20.790001  20.840000  20.709999  20.740000  20.740000       0
2023-02-17 10:12:00-05:00  20.719999  20.719999  20.530001  20.559999  20.559999       0
2023-02-17 10:14:00-05:00  20.580000  20.639999  20.570000  20.639999  20.639999       0
2023-02-17 10:16:00-05:00  20.660000  20.660000  20.570000  20.570000  20.570000       0
2023-02-17 10:18:00-05:00  20.520000  20.520000  20.330000  20.350000  20.350000       0
2023-02-17 10:20:00-05:00  20.340000  20.340000  20.250000  20.260000  20.260000       0
2023-02-17 10:22:00-05:00  20.280001  20.469999  20.280001  20.469999  20.469999       0
2023-02-17 10:24:00-05:00  20.459999  20.520000  20.450001  20.469999  20.469999       0
2023-02-17 10:26:00-05:00  20.490000  20.570000  20.490000  20.490000  20.490000       0
2023-02-17 10:28:00-05:00  20.480000  20.520000  20.480000  20.520000  20.520000       0
2023-02-17 10:30:00-05:00  20.530001  20.540001  20.500000  20.510000  20.510000       0
2023-02-17 10:32:00-05:00  20.490000  20.490000  20.350000  20.379999  20.379999       0
2023-02-17 10:34:00-05:00  20.340000  20.340000  20.240000  20.240000  20.240000       0
2023-02-17 10:36:00-05:00  20.219999  20.219999  20.100000  20.200001  20.200001       0
2023-02-17 10:38:00-05:00  20.219999  20.330000  20.209999  20.309999  20.309999       0
2023-02-17 10:40:00-05:00  20.320000  20.500000  20.320000  20.459999  20.459999       0
2023-02-17 10:42:00-05:00  20.469999  20.670000  20.469999  20.670000  20.670000       0
2023-02-17 10:44:00-05:00  20.670000  20.719999  20.620001  20.620001  20.620001       0
2023-02-17 10:46:00-05:00  20.600000  20.680000  20.600000  20.670000  20.670000       0
2023-02-17 10:48:00-05:00  20.709999  20.740000  20.639999  20.700001  20.700001       0
2023-02-17 10:50:00-05:00  20.680000  20.719999  20.660000  20.660000  20.660000       0
2023-02-17 10:52:00-05:00  20.660000  20.780001  20.660000  20.760000  20.760000       0
2023-02-17 10:54:00-05:00  20.830000  20.830000  20.740000  20.760000  20.760000       0
2023-02-17 10:56:00-05:00  20.750000  20.820000  20.750000  20.820000  20.820000       0
2023-02-17 10:58:00-05:00  20.809999  20.860001  20.809999  20.860001  20.860001       0
2023-02-17 11:00:00-05:00  20.860001  20.920000  20.860001  20.910000  20.910000       0
2023-02-17 11:02:00-05:00  20.920000  20.980000  20.920000  20.980000  20.980000       0
2023-02-17 11:04:00-05:00  21.000000  21.030001  20.879999  20.879999  20.879999       0
2023-02-17 11:06:00-05:00  20.860001  20.900000  20.750000  20.770000  20.770000       0
2023-02-17 11:08:00-05:00  20.750000  20.840000  20.750000  20.840000  20.840000       0
2023-02-17 11:10:00-05:00  20.850000  20.850000  20.770000  20.780001  20.780001       0
2023-02-17 11:12:00-05:00  20.770000  20.799999  20.740000  20.799999  20.799999       0
2023-02-17 11:14:00-05:00  20.799999  20.840000  20.780001  20.840000  20.840000       0
2023-02-17 11:16:00-05:00  20.809999  20.860001  20.809999  20.860001  20.860001       0
2023-02-17 11:18:00-05:00  20.850000  20.850000  20.790001  20.820000  20.820000       0
2023-02-17 11:20:00-05:00  20.820000  20.940001  20.820000  20.940001  20.940001       0
2023-02-17 11:22:00-05:00  20.940001  20.950001  20.889999  20.889999  20.889999       0
2023-02-17 11:24:00-05:00  20.860001  20.940001  20.860001  20.879999  20.879999       0
2023-02-17 11:26:00-05:00  20.860001  20.920000  20.860001  20.870001  20.870001       0
2023-02-17 11:28:00-05:00  20.860001  20.900000  20.860001  20.860001  20.860001       0
2023-02-17 11:30:00-05:00  20.870001  20.920000  20.870001  20.920000  20.920000       0
2023-02-17 11:32:00-05:00  20.889999  20.920000  20.850000  20.900000  20.900000       0
2023-02-17 11:34:00-05:00  20.870001  20.900000  20.799999  20.799999  20.799999       0
2023-02-17 11:36:00-05:00  20.780001  20.780001  20.660000  20.660000  20.660000       0
2023-02-17 11:38:00-05:00  20.650000  20.660000  20.580000  20.580000  20.580000       0
2023-02-17 11:40:00-05:00  20.600000  20.610001  20.559999  20.600000  20.600000       0
2023-02-17 11:42:00-05:00  20.580000  20.600000  20.530001  20.530001  20.530001       0
2023-02-17 11:44:00-05:00  20.540001  20.540001  20.459999  20.469999  20.469999       0
2023-02-17 11:46:00-05:00  20.450001  20.450001  20.379999  20.410000  20.410000       0
2023-02-17 11:48:00-05:00  20.389999  20.459999  20.389999  20.450001  20.450001       0
2023-02-17 11:50:00-05:00  20.450001  20.530001  20.450001  20.530001  20.530001       0
2023-02-17 11:52:00-05:00  20.530001  20.620001  20.530001  20.620001  20.620001       0
2023-02-17 11:54:00-05:00  20.620001  20.670000  20.620001  20.670000  20.670000       0
2023-02-17 11:56:00-05:00  20.680000  20.740000  20.680000  20.719999  20.719999       0
2023-02-17 11:58:00-05:00  20.709999  20.709999  20.620001  20.620001  20.620001       0
2023-02-17 12:00:00-05:00  20.620001  20.620001  20.490000  20.490000  20.490000       0
2023-02-17 12:02:00-05:00  20.480000  20.500000  20.450001  20.500000  20.500000       0
2023-02-17 12:04:00-05:00  20.490000  20.490000  20.430000  20.430000  20.430000       0
2023-02-17 12:06:00-05:00  20.430000  20.440001  20.410000  20.440001  20.440001       0
2023-02-17 12:08:00-05:00  20.420000  20.420000  20.360001  20.360001  20.360001       0
2023-02-17 12:10:00-05:00  20.370001  20.370001  20.260000  20.260000  20.260000       0
2023-02-17 12:12:00-05:00  20.230000  20.299999  20.230000  20.299999  20.299999       0
2023-02-17 12:14:00-05:00  20.290001  20.320000  20.260000  20.290001  20.290001       0
2023-02-17 12:16:00-05:00  20.280001  20.320000  20.270000  20.320000  20.320000       0
2023-02-17 12:18:00-05:00  20.320000  20.370001  20.309999  20.370001  20.370001       0
2023-02-17 12:20:00-05:00  20.389999  20.389999  20.350000  20.350000  20.350000       0
2023-02-17 12:22:00-05:00  20.360001  20.440001  20.360001  20.400000  20.400000       0
2023-02-17 12:24:00-05:00  20.400000  20.459999  20.400000  20.459999  20.459999       0
2023-02-17 12:26:00-05:00  20.440001  20.500000  20.400000  20.490000  20.490000       0
2023-02-17 12:28:00-05:00  20.490000  20.490000  20.459999  20.469999  20.469999       0
2023-02-17 12:30:00-05:00  20.480000  20.549999  20.480000  20.530001  20.530001       0
2023-02-17 12:32:00-05:00  20.530001  20.530001  20.469999  20.500000  20.500000       0
2023-02-17 12:34:00-05:00  20.510000  20.530001  20.500000  20.510000  20.510000       0
2023-02-17 12:36:00-05:00  20.510000  20.510000  20.469999  20.500000  20.500000       0
2023-02-17 12:38:00-05:00  20.520000  20.570000  20.520000  20.570000  20.570000       0
2023-02-17 12:40:00-05:00  20.549999  20.590000  20.530001  20.590000  20.590000       0
2023-02-17 12:42:00-05:00  20.590000  20.639999  20.590000  20.590000  20.590000       0
2023-02-17 12:44:00-05:00  20.629999  20.629999  20.590000  20.600000  20.600000       0
2023-02-17 12:46:00-05:00  20.580000  20.639999  20.580000  20.639999  20.639999       0
2023-02-17 12:48:00-05:00  20.660000  20.690001  20.660000  20.690001  20.690001       0
2023-02-17 12:50:00-05:00  20.690001  20.709999  20.690001  20.709999  20.709999       0
2023-02-17 12:52:00-05:00  20.709999  20.860001  20.709999  20.830000  20.830000       0
2023-02-17 12:54:00-05:00  20.820000  20.860001  20.809999  20.860001  20.860001       0
2023-02-17 12:56:00-05:00  20.850000  20.850000  20.680000  20.690001  20.690001       0
2023-02-17 12:58:00-05:00  20.670000  20.700001  20.670000  20.700001  20.700001       0
2023-02-17 13:00:00-05:00  20.690001  20.740000  20.660000  20.719999  20.719999       0
2023-02-17 13:02:00-05:00  20.750000  20.770000  20.730000  20.730000  20.730000       0
2023-02-17 13:04:00-05:00  20.760000  20.760000  20.650000  20.660000  20.660000       0
2023-02-17 13:06:00-05:00  20.690001  20.690001  20.600000  20.600000  20.600000       0
2023-02-17 13:08:00-05:00  20.580000  20.580000  20.430000  20.430000  20.430000       0
2023-02-17 13:10:00-05:00  20.440001  20.440001  20.379999  20.379999  20.379999       0
2023-02-17 13:12:00-05:00  20.360001  20.459999  20.340000  20.459999  20.459999       0
2023-02-17 13:14:00-05:00  20.480000  20.480000  20.420000  20.420000  20.420000       0
2023-02-17 13:16:00-05:00  20.410000  20.420000  20.389999  20.400000  20.400000       0
2023-02-17 13:18:00-05:00  20.389999  20.430000  20.379999  20.430000  20.430000       0
2023-02-17 13:20:00-05:00  20.440001  20.559999  20.440001  20.530001  20.530001       0
2023-02-17 13:22:00-05:00  20.530001  20.559999  20.530001  20.559999  20.559999       0
2023-02-17 13:24:00-05:00  20.549999  20.629999  20.549999  20.610001  20.610001       0
2023-02-17 13:26:00-05:00  20.639999  20.670000  20.639999  20.660000  20.660000       0
2023-02-17 13:28:00-05:00  20.650000  20.650000  20.600000  20.610001  20.610001       0
2023-02-17 13:30:00-05:00  20.620001  20.629999  20.610001  20.620001  20.620001       0
2023-02-17 13:32:00-05:00  20.610001  20.650000  20.600000  20.620001  20.620001       0
2023-02-17 13:34:00-05:00  20.610001  20.620001  20.559999  20.570000  20.570000       0
2023-02-17 13:36:00-05:00  20.570000  20.570000  20.520000  20.530001  20.530001       0
2023-02-17 13:38:00-05:00  20.490000  20.520000  20.490000  20.500000  20.500000       0
2023-02-17 13:40:00-05:00  20.510000  20.520000  20.469999  20.480000  20.480000       0
2023-02-17 13:42:00-05:00  20.480000  20.500000  20.480000  20.480000  20.480000       0
2023-02-17 13:44:00-05:00  20.469999  20.490000  20.469999  20.490000  20.490000       0
2023-02-17 13:46:00-05:00  20.480000  20.480000  20.459999  20.459999  20.459999       0
2023-02-17 13:48:00-05:00  20.469999  20.480000  20.440001  20.480000  20.480000       0
2023-02-17 13:50:00-05:00  20.480000  20.580000  20.480000  20.549999  20.549999       0
2023-02-17 13:52:00-05:00  20.549999  20.570000  20.480000  20.520000  20.520000       0
2023-02-17 13:54:00-05:00  20.540001  20.580000  20.540001  20.580000  20.580000       0
2023-02-17 13:56:00-05:00  20.590000  20.610001  20.590000  20.610001  20.610001       0
2023-02-17 13:58:00-05:00  20.620001  20.620001  20.540001  20.540001  20.540001       0
2023-02-17 14:00:00-05:00  20.530001  20.530001  20.450001  20.459999  20.459999       0
2023-02-17 14:02:00-05:00  20.440001  20.440001  20.360001  20.379999  20.379999       0
2023-02-17 14:04:00-05:00  20.410000  20.410000  20.340000  20.340000  20.340000       0
2023-02-17 14:06:00-05:00  20.330000  20.340000  20.290001  20.299999  20.299999       0
2023-02-17 14:08:00-05:00  20.290001  20.299999  20.270000  20.280001  20.280001       0
2023-02-17 14:10:00-05:00  20.290001  20.309999  20.270000  20.309999  20.309999       0
2023-02-17 14:12:00-05:00  20.309999  20.410000  20.309999  20.410000  20.410000       0
2023-02-17 14:14:00-05:00  20.430000  20.490000  20.430000  20.469999  20.469999       0
2023-02-17 14:16:00-05:00  20.459999  20.459999  20.350000  20.350000  20.350000       0
2023-02-17 14:18:00-05:00  20.360001  20.410000  20.360001  20.410000  20.410000       0
2023-02-17 14:20:00-05:00  20.400000  20.400000  20.320000  20.320000  20.320000       0
2023-02-17 14:22:00-05:00  20.309999  20.309999  20.180000  20.180000  20.180000       0
2023-02-17 14:24:00-05:00  20.180000  20.180000  20.120001  20.120001  20.120001       0
2023-02-17 14:26:00-05:00  20.129999  20.160000  20.129999  20.160000  20.160000       0
2023-02-17 14:28:00-05:00  20.160000  20.170000  20.150000  20.160000  20.160000       0
2023-02-17 14:30:00-05:00  20.170000  20.170000  20.120001  20.139999  20.139999       0
2023-02-17 14:32:00-05:00  20.139999  20.150000  20.110001  20.129999  20.129999       0
2023-02-17 14:34:00-05:00  20.160000  20.160000  20.110001  20.120001  20.120001       0
2023-02-17 14:36:00-05:00  20.120001  20.139999  20.100000  20.100000  20.100000       0
2023-02-17 14:38:00-05:00  20.100000  20.110001  20.080000  20.110001  20.110001       0
2023-02-17 14:40:00-05:00  20.100000  20.190001  20.100000  20.190001  20.190001       0
2023-02-17 14:42:00-05:00  20.190001  20.190001  20.129999  20.150000  20.150000       0
2023-02-17 14:44:00-05:00  20.160000  20.219999  20.160000  20.219999  20.219999       0
2023-02-17 14:46:00-05:00  20.240000  20.240000  20.160000  20.160000  20.160000       0
2023-02-17 14:48:00-05:00  20.160000  20.170000  20.150000  20.170000  20.170000       0
2023-02-17 14:50:00-05:00  20.150000  20.150000  20.040001  20.040001  20.040001       0
2023-02-17 14:52:00-05:00  20.040001  20.049999  20.010000  20.049999  20.049999       0
2023-02-17 14:54:00-05:00  20.049999  20.049999  20.000000  20.000000  20.000000       0
2023-02-17 14:56:00-05:00  19.990000  19.990000  19.950001  19.990000  19.990000       0
2023-02-17 14:58:00-05:00  19.980000  20.020000  19.920000  19.920000  19.920000       0
2023-02-17 15:00:00-05:00  19.920000  19.920000  19.870001  19.889999  19.889999       0
2023-02-17 15:02:00-05:00  19.889999  19.940001  19.889999  19.930000  19.930000       0
2023-02-17 15:04:00-05:00  19.920000  19.990000  19.920000  19.940001  19.940001       0
2023-02-17 15:06:00-05:00  19.940001  19.990000  19.940001  19.990000  19.990000       0
2023-02-17 15:08:00-05:00  20.000000  20.030001  19.930000  19.930000  19.930000       0
2023-02-17 15:10:00-05:00  19.930000  20.030001  19.930000  20.030001  20.030001       0
2023-02-17 15:12:00-05:00  20.010000  20.020000  19.990000  20.020000  20.020000       0
2023-02-17 15:14:00-05:00  20.030001  20.030001  20.000000  20.000000  20.000000       0
2023-02-17 15:16:00-05:00  20.010000  20.110001  20.010000  20.110001  20.110001       0
2023-02-17 15:18:00-05:00  20.120001  20.129999  20.070000  20.080000  20.080000       0
2023-02-17 15:20:00-05:00  20.080000  20.090000  20.030001  20.030001  20.030001       0
2023-02-17 15:22:00-05:00  20.030001  20.110001  20.030001  20.110001  20.110001       0
2023-02-17 15:24:00-05:00  20.129999  20.129999  20.059999  20.059999  20.059999       0
2023-02-17 15:26:00-05:00  20.059999  20.059999  19.990000  20.000000  20.000000       0
2023-02-17 15:28:00-05:00  19.980000  20.110001  19.980000  20.110001  20.110001       0
2023-02-17 15:30:00-05:00  20.090000  20.129999  20.040001  20.040001  20.040001       0
2023-02-17 15:32:00-05:00  20.049999  20.100000  20.040001  20.100000  20.100000       0
2023-02-17 15:34:00-05:00  20.070000  20.070000  19.930000  19.930000  19.930000       0
2023-02-17 15:36:00-05:00  19.930000  19.930000  19.900000  19.920000  19.920000       0
2023-02-17 15:38:00-05:00  19.940001  20.020000  19.940001  20.020000  20.020000       0
2023-02-17 15:40:00-05:00  20.020000  20.020000  19.950001  19.950001  19.950001       0
2023-02-17 15:42:00-05:00  19.950001  19.969999  19.940001  19.950001  19.950001       0
2023-02-17 15:44:00-05:00  19.959999  20.020000  19.950001  20.020000  20.020000       0
2023-02-17 15:46:00-05:00  19.990000  20.040001  19.959999  20.040001  20.040001       0
2023-02-17 15:48:00-05:00  20.059999  20.059999  20.010000  20.030001  20.030001       0
2023-02-17 15:50:00-05:00  20.059999  20.059999  19.870001  19.870001  19.870001       0
2023-02-17 15:52:00-05:00  19.879999  19.920000  19.870001  19.920000  19.920000       0
2023-02-17 15:54:00-05:00  19.920000  19.930000  19.820000  19.820000  19.820000       0
2023-02-17 15:56:00-05:00  19.850000  19.900000  19.850000  19.900000  19.900000       0
2023-02-17 15:58:00-05:00  19.920000  19.920000  19.879999  19.900000  19.900000       0
2023-02-21 09:30:00-05:00  22.320000  22.330000  22.320000  22.320000  22.320000       0
2023-02-21 09:32:00-05:00  22.330000  22.330000  22.260000  22.260000  22.260000       0
2023-02-21 09:34:00-05:00  22.190001  22.260000  22.150000  22.260000  22.260000       0
2023-02-21 09:36:00-05:00  22.260000  22.309999  22.250000  22.299999  22.299999       0
2023-02-21 09:38:00-05:00  22.299999  22.370001  22.299999  22.299999  22.299999       0
2023-02-21 09:40:00-05:00  22.280001  22.299999  22.250000  22.260000  22.260000       0
2023-02-21 09:42:00-05:00  22.240000  22.240000  22.160000  22.160000  22.160000       0
2023-02-21 09:44:00-05:00  22.170000  22.309999  22.170000  22.290001  22.290001       0
2023-02-21 09:46:00-05:00  22.180000  22.360001  22.180000  22.309999  22.309999       0
2023-02-21 09:48:00-05:00  22.309999  22.480000  22.309999  22.420000  22.420000       0
2023-02-21 09:50:00-05:00  22.469999  22.559999  22.450001  22.559999  22.559999       0
2023-02-21 09:52:00-05:00  22.540001  22.549999  22.370001  22.379999  22.379999       0
2023-02-21 09:54:00-05:00  22.360001  22.410000  22.360001  22.410000  22.410000       0
2023-02-21 09:56:00-05:00  22.420000  22.500000  22.420000  22.469999  22.469999       0
2023-02-21 09:58:00-05:00  22.459999  22.590000  22.459999  22.559999  22.559999       0
2023-02-21 10:00:00-05:00  22.559999  22.650000  22.520000  22.530001  22.530001       0
2023-02-21 10:02:00-05:00  22.559999  22.610001  22.559999  22.580000  22.580000       0
2023-02-21 10:04:00-05:00  22.600000  22.650000  22.590000  22.650000  22.650000       0
2023-02-21 10:06:00-05:00  22.620001  22.620001  22.520000  22.530001  22.530001       0
2023-02-21 10:08:00-05:00  22.530001  22.629999  22.530001  22.629999  22.629999       0
2023-02-21 10:10:00-05:00  22.639999  22.709999  22.639999  22.670000  22.670000       0
2023-02-21 10:12:00-05:00  22.690001  22.780001  22.690001  22.770000  22.770000       0
2023-02-21 10:14:00-05:00  22.770000  22.799999  22.760000  22.790001  22.790001       0
2023-02-21 10:16:00-05:00  22.780001  22.780001  22.680000  22.750000  22.750000       0
2023-02-21 10:18:00-05:00  22.740000  22.780001  22.700001  22.700001  22.700001       0
2023-02-21 10:20:00-05:00  22.709999  22.719999  22.670000  22.719999  22.719999       0
2023-02-21 10:22:00-05:00  22.740000  22.770000  22.709999  22.709999  22.709999       0
2023-02-21 10:24:00-05:00  22.650000  22.700001  22.629999  22.690001  22.690001       0
2023-02-21 10:26:00-05:00  22.709999  22.799999  22.709999  22.799999  22.799999       0
2023-02-21 10:28:00-05:00  22.799999  22.840000  22.790001  22.790001  22.790001       0
2023-02-21 10:30:00-05:00  22.780001  22.830000  22.780001  22.830000  22.830000       0
2023-02-21 10:32:00-05:00  22.830000  22.850000  22.770000  22.770000  22.770000       0
2023-02-21 10:34:00-05:00  22.770000  22.780001  22.740000  22.760000  22.760000       0
2023-02-21 10:36:00-05:00  22.730000  22.730000  22.620001  22.629999  22.629999       0
2023-02-21 10:38:00-05:00  22.650000  22.760000  22.650000  22.750000  22.750000       0
2023-02-21 10:40:00-05:00  22.730000  22.730000  22.580000  22.580000  22.580000       0
2023-02-21 10:42:00-05:00  22.580000  22.580000  22.490000  22.520000  22.520000       0
2023-02-21 10:44:00-05:00  22.530001  22.639999  22.530001  22.629999  22.629999       0
2023-02-21 10:46:00-05:00  22.629999  22.730000  22.600000  22.730000  22.730000       0
2023-02-21 10:48:00-05:00  22.730000  22.770000  22.730000  22.760000  22.760000       0
2023-02-21 10:50:00-05:00  22.740000  22.760000  22.719999  22.740000  22.740000       0
2023-02-21 10:52:00-05:00  22.750000  22.830000  22.750000  22.830000  22.830000       0
2023-02-21 10:54:00-05:00  22.809999  22.860001  22.809999  22.860001  22.860001       0
2023-02-21 11:00:00-05:00  22.780001  22.780001  22.760000  22.760000  22.760000       0
2023-02-21 11:02:00-05:00  22.760000  22.760000  22.719999  22.750000  22.750000       0
2023-02-21 11:04:00-05:00  22.760000  22.820000  22.760000  22.820000  22.820000       0
2023-02-21 11:06:00-05:00  22.830000  22.879999  22.830000  22.850000  22.850000       0
2023-02-21 11:08:00-05:00  22.860001  22.900000  22.860001  22.900000  22.900000       0
2023-02-21 11:10:00-05:00  22.910000  22.920000  22.900000  22.920000  22.920000       0
2023-02-21 11:12:00-05:00  22.940001  22.950001  22.910000  22.950001  22.950001       0
2023-02-21 11:14:00-05:00  22.959999  22.969999  22.889999  22.940001  22.940001       0
2023-02-21 11:16:00-05:00  22.950001  22.969999  22.930000  22.969999  22.969999       0
2023-02-21 11:18:00-05:00  22.969999  23.010000  22.959999  22.980000  22.980000       0
2023-02-21 11:20:00-05:00  22.980000  23.000000  22.969999  22.980000  22.980000       0
2023-02-21 11:22:00-05:00  22.980000  23.020000  22.980000  23.000000  23.000000       0
2023-02-21 11:24:00-05:00  23.000000  23.030001  22.950001  22.980000  22.980000       0
2023-02-21 11:26:00-05:00  22.990000  23.010000  22.990000  23.000000  23.000000       0
2023-02-21 11:28:00-05:00  22.990000  23.040001  22.990000  23.040001  23.040001       0
2023-02-21 11:30:00-05:00  23.040001  23.070000  22.990000  23.070000  23.070000       0
2023-02-21 11:32:00-05:00  23.090000  23.160000  23.090000  23.129999  23.129999       0
2023-02-21 11:34:00-05:00  23.100000  23.120001  23.010000  23.010000  23.010000       0
2023-02-21 11:36:00-05:00  23.020000  23.020000  22.969999  22.980000  22.980000       0
2023-02-21 11:38:00-05:00  22.990000  23.059999  22.990000  23.049999  23.049999       0
2023-02-21 11:40:00-05:00  23.059999  23.090000  23.049999  23.049999  23.049999       0
2023-02-21 11:42:00-05:00  23.040001  23.040001  22.910000  22.910000  22.910000       0
2023-02-21 11:44:00-05:00  22.910000  22.959999  22.910000  22.930000  22.930000       0
2023-02-21 11:46:00-05:00  22.940001  22.969999  22.910000  22.920000  22.920000       0
2023-02-21 11:48:00-05:00  22.920000  22.920000  22.889999  22.920000  22.920000       0
2023-02-21 11:50:00-05:00  22.920000  22.980000  22.920000  22.980000  22.980000       0
2023-02-21 11:52:00-05:00  22.980000  23.040001  22.980000  23.020000  23.020000       0
2023-02-21 11:54:00-05:00  23.020000  23.049999  23.010000  23.049999  23.049999       0
2023-02-21 11:56:00-05:00  23.049999  23.090000  23.000000  23.000000  23.000000       0
2023-02-21 11:58:00-05:00  23.010000  23.059999  23.010000  23.030001  23.030001       0
2023-02-21 12:00:00-05:00  23.030001  23.059999  22.990000  23.000000  23.000000       0
2023-02-21 12:02:00-05:00  22.980000  23.020000  22.959999  22.959999  22.959999       0
2023-02-21 12:04:00-05:00  22.959999  22.980000  22.889999  22.889999  22.889999       0
2023-02-21 12:06:00-05:00  22.870001  22.889999  22.860001  22.879999  22.879999       0
2023-02-21 12:08:00-05:00  22.879999  22.900000  22.879999  22.879999  22.879999       0
2023-02-21 12:10:00-05:00  22.870001  22.900000  22.870001  22.889999  22.889999       0
2023-02-21 12:12:00-05:00  22.879999  22.990000  22.879999  22.980000  22.980000       0
2023-02-21 12:14:00-05:00  22.969999  23.040001  22.959999  23.040001  23.040001       0
2023-02-21 12:16:00-05:00  23.049999  23.080000  23.049999  23.049999  23.049999       0
2023-02-21 12:18:00-05:00  23.040001  23.040001  22.990000  22.990000  22.990000       0
2023-02-21 12:20:00-05:00  22.980000  22.980000  22.930000  22.959999  22.959999       0
2023-02-21 12:22:00-05:00  22.950001  22.990000  22.950001  22.990000  22.990000       0
2023-02-21 12:24:00-05:00  22.980000  23.010000  22.959999  23.010000  23.010000       0
2023-02-21 12:26:00-05:00  23.020000  23.059999  23.020000  23.020000  23.020000       0
2023-02-21 12:28:00-05:00  23.040001  23.070000  23.040001  23.059999  23.059999       0
2023-02-21 12:30:00-05:00  23.059999  23.090000  23.059999  23.059999  23.059999       0
2023-02-21 12:32:00-05:00  23.070000  23.100000  23.070000  23.100000  23.100000       0
2023-02-21 12:34:00-05:00  23.090000  23.090000  23.010000  23.010000  23.010000       0
2023-02-21 12:36:00-05:00  22.990000  22.990000  22.930000  22.950001  22.950001       0
2023-02-21 12:38:00-05:00  22.950001  22.990000  22.950001  22.959999  22.959999       0
2023-02-21 12:40:00-05:00  22.940001  22.940001  22.860001  22.889999  22.889999       0
2023-02-21 12:42:00-05:00  22.900000  22.969999  22.900000  22.930000  22.930000       0
2023-02-21 12:44:00-05:00  22.920000  22.980000  22.920000  22.980000  22.980000       0
2023-02-21 12:46:00-05:00  22.969999  22.990000  22.920000  22.920000  22.920000       0
2023-02-21 12:48:00-05:00  22.940001  22.980000  22.930000  22.930000  22.930000       0
2023-02-21 12:50:00-05:00  22.930000  22.930000  22.850000  22.850000  22.850000       0
2023-02-21 12:52:00-05:00  22.850000  22.850000  22.830000  22.840000  22.840000       0
2023-02-21 12:54:00-05:00  22.830000  22.850000  22.820000  22.830000  22.830000       0
2023-02-21 12:56:00-05:00  22.799999  22.799999  22.770000  22.770000  22.770000       0
2023-02-21 12:58:00-05:00  22.790001  22.790001  22.730000  22.730000  22.730000       0
2023-02-21 13:00:00-05:00  22.750000  22.750000  22.730000  22.750000  22.750000       0
2023-02-21 13:02:00-05:00  22.780001  22.780001  22.750000  22.750000  22.750000       0
2023-02-21 13:04:00-05:00  22.760000  22.770000  22.740000  22.770000  22.770000       0
2023-02-21 13:06:00-05:00  22.760000  22.780001  22.750000  22.780001  22.780001       0
2023-02-21 13:08:00-05:00  22.780001  22.840000  22.780001  22.840000  22.840000       0
2023-02-21 13:10:00-05:00  22.840000  22.860001  22.820000  22.850000  22.850000       0
2023-02-21 13:12:00-05:00  22.850000  22.870001  22.830000  22.860001  22.860001       0
2023-02-21 13:14:00-05:00  22.850000  22.860001  22.840000  22.840000  22.840000       0
2023-02-21 13:16:00-05:00  22.830000  22.850000  22.740000  22.740000  22.740000       0
2023-02-21 13:18:00-05:00  22.750000  22.760000  22.709999  22.709999  22.709999       0
2023-02-21 13:20:00-05:00  22.709999  22.740000  22.700001  22.709999  22.709999       0
2023-02-21 13:22:00-05:00  22.690001  22.690001  22.660000  22.670000  22.670000       0
2023-02-21 13:24:00-05:00  22.670000  22.700001  22.670000  22.690001  22.690001       0
2023-02-21 13:26:00-05:00  22.700001  22.799999  22.690001  22.799999  22.799999       0
2023-02-21 13:28:00-05:00  22.790001  22.850000  22.790001  22.820000  22.820000       0
2023-02-21 13:30:00-05:00  22.799999  22.830000  22.799999  22.830000  22.830000       0
2023-02-21 13:32:00-05:00  22.830000  22.879999  22.830000  22.879999  22.879999       0
2023-02-21 13:34:00-05:00  22.879999  22.920000  22.879999  22.910000  22.910000       0
2023-02-21 13:36:00-05:00  22.920000  22.920000  22.910000  22.910000  22.910000       0
2023-02-21 13:38:00-05:00  22.920000  22.920000  22.910000  22.920000  22.920000       0
2023-02-21 13:40:00-05:00  22.930000  22.959999  22.920000  22.920000  22.920000       0
2023-02-21 13:42:00-05:00  22.920000  22.920000  22.870001  22.889999  22.889999       0
2023-02-21 13:44:00-05:00  22.910000  22.910000  22.879999  22.879999  22.879999       0
2023-02-21 13:46:00-05:00  22.860001  22.860001  22.820000  22.830000  22.830000       0
2023-02-21 13:48:00-05:00  22.820000  22.860001  22.799999  22.860001  22.860001       0
2023-02-21 13:50:00-05:00  22.860001  22.920000  22.860001  22.920000  22.920000       0
2023-02-21 13:52:00-05:00  22.910000  22.969999  22.910000  22.969999  22.969999       0
2023-02-21 13:54:00-05:00  22.969999  23.000000  22.969999  22.990000  22.990000       0
2023-02-21 13:56:00-05:00  23.000000  23.000000  22.959999  22.969999  22.969999       0
2023-02-21 13:58:00-05:00  22.969999  22.990000  22.969999  22.980000  22.980000       0
2023-02-21 14:00:00-05:00  22.980000  23.000000  22.980000  23.000000  23.000000       0
2023-02-21 14:02:00-05:00  23.010000  23.030001  23.000000  23.020000  23.020000       0
2023-02-21 14:04:00-05:00  23.010000  23.020000  22.990000  23.020000  23.020000       0
2023-02-21 14:06:00-05:00  23.030001  23.030001  23.010000  23.020000  23.020000       0
2023-02-21 14:08:00-05:00  23.030001  23.080000  23.030001  23.070000  23.070000       0
2023-02-21 14:10:00-05:00  23.090000  23.160000  23.090000  23.150000  23.150000       0
2023-02-21 14:12:00-05:00  23.170000  23.200001  23.170000  23.180000  23.180000       0
2023-02-21 14:14:00-05:00  23.180000  23.209999  23.180000  23.209999  23.209999       0
2023-02-21 14:16:00-05:00  23.209999  23.219999  23.200001  23.209999  23.209999       0
2023-02-21 14:18:00-05:00  23.250000  23.280001  23.240000  23.280001  23.280001       0
2023-02-21 14:20:00-05:00  23.290001  23.340000  23.290001  23.320000  23.320000       0
2023-02-21 14:22:00-05:00  23.290001  23.330000  23.290001  23.330000  23.330000       0
2023-02-21 14:24:00-05:00  23.330000  23.330000  23.260000  23.260000  23.260000       0
2023-02-21 14:26:00-05:00  23.219999  23.219999  23.090000  23.090000  23.090000       0
2023-02-21 14:28:00-05:00  23.080000  23.139999  23.080000  23.110001  23.110001       0
2023-02-21 14:30:00-05:00  23.100000  23.100000  23.030001  23.030001  23.030001       0
2023-02-21 14:32:00-05:00  22.969999  22.969999  22.950001  22.969999  22.969999       0
2023-02-21 14:34:00-05:00  22.969999  22.969999  22.889999  22.889999  22.889999       0
2023-02-21 14:36:00-05:00  22.900000  23.020000  22.900000  22.980000  22.980000       0
2023-02-21 14:38:00-05:00  22.980000  23.010000  22.950001  22.950001  22.950001       0
2023-02-21 14:40:00-05:00  22.950001  23.030001  22.950001  23.020000  23.020000       0
2023-02-21 14:42:00-05:00  23.030001  23.059999  22.950001  22.959999  22.959999       0
2023-02-21 14:44:00-05:00  22.959999  22.959999  22.879999  22.879999  22.879999       0
2023-02-21 14:46:00-05:00  22.870001  22.870001  22.840000  22.870001  22.870001       0
2023-02-21 14:48:00-05:00  22.879999  22.889999  22.860001  22.860001  22.860001       0
2023-02-21 14:50:00-05:00  22.870001  22.900000  22.870001  22.879999  22.879999       0
2023-02-21 14:52:00-05:00  22.860001  22.870001  22.830000  22.830000  22.830000       0
2023-02-21 14:54:00-05:00  22.830000  22.840000  22.790001  22.790001  22.790001       0
2023-02-21 14:56:00-05:00  22.799999  22.840000  22.799999  22.840000  22.840000       0
2023-02-21 14:58:00-05:00  22.830000  22.840000  22.780001  22.780001  22.780001       0
2023-02-21 15:00:00-05:00  22.799999  22.840000  22.770000  22.840000  22.840000       0
2023-02-21 15:02:00-05:00  22.860001  22.860001  22.770000  22.780001  22.780001       0
2023-02-21 15:04:00-05:00  22.780001  22.780001  22.709999  22.719999  22.719999       0
2023-02-21 15:06:00-05:00  22.719999  22.830000  22.719999  22.830000  22.830000       0
2023-02-21 15:08:00-05:00  22.830000  22.889999  22.830000  22.889999  22.889999       0
2023-02-21 15:10:00-05:00  22.889999  22.959999  22.889999  22.940001  22.940001       0
2023-02-21 15:12:00-05:00  22.930000  22.950001  22.920000  22.930000  22.930000       0
2023-02-21 15:14:00-05:00  22.930000  22.930000  22.910000  22.910000  22.910000       0
2023-02-21 15:16:00-05:00  22.920000  22.950001  22.920000  22.950001  22.950001       0
2023-02-21 15:18:00-05:00  22.950001  22.969999  22.910000  22.930000  22.930000       0
2023-02-21 15:20:00-05:00  22.940001  22.980000  22.940001  22.980000  22.980000       0
2023-02-21 15:22:00-05:00  22.969999  22.969999  22.900000  22.900000  22.900000       0
2023-02-21 15:24:00-05:00  22.889999  22.889999  22.860001  22.879999  22.879999       0
2023-02-21 15:26:00-05:00  22.920000  22.920000  22.900000  22.920000  22.920000       0
2023-02-21 15:28:00-05:00  22.920000  22.920000  22.889999  22.889999  22.889999       0
2023-02-21 15:30:00-05:00  22.879999  22.879999  22.780001  22.780001  22.780001       0
2023-02-21 15:32:00-05:00  22.780001  22.780001  22.670000  22.670000  22.670000       0
2023-02-21 15:34:00-05:00  22.690001  22.740000  22.690001  22.740000  22.740000       0
2023-02-21 15:36:00-05:00  22.719999  22.840000  22.719999  22.840000  22.840000       0
2023-02-21 15:38:00-05:00  22.840000  22.879999  22.840000  22.860001  22.860001       0
2023-02-21 15:40:00-05:00  22.870001  22.889999  22.840000  22.889999  22.889999       0
2023-02-21 15:42:00-05:00  22.900000  22.900000  22.850000  22.870001  22.870001       0
2023-02-21 15:44:00-05:00  22.879999  22.879999  22.750000  22.750000  22.750000       0
2023-02-21 15:46:00-05:00  22.750000  22.799999  22.740000  22.790001  22.790001       0
2023-02-21 15:48:00-05:00  22.799999  22.799999  22.690001  22.730000  22.730000       0
2023-02-21 15:50:00-05:00  22.730000  22.840000  22.730000  22.820000  22.820000       0
2023-02-21 15:52:00-05:00  22.870001  22.930000  22.870001  22.930000  22.930000       0
2023-02-21 15:54:00-05:00  22.930000  22.930000  22.889999  22.910000  22.910000       0
2023-02-21 15:56:00-05:00  22.900000  22.980000  22.900000  22.969999  22.969999       0
2023-02-21 15:58:00-05:00  22.980000  23.000000  22.959999  22.959999  22.959999       0
2023-02-22 09:32:00-05:00  23.290001  23.290001  23.209999  23.209999  23.209999       0
2023-02-22 09:34:00-05:00  23.230000  23.230000  23.120001  23.170000  23.170000       0
2023-02-22 09:36:00-05:00  23.190001  23.209999  23.129999  23.209999  23.209999       0
2023-02-22 09:38:00-05:00  23.219999  23.219999  23.070000  23.070000  23.070000       0
2023-02-22 09:40:00-05:00  23.059999  23.070000  22.959999  22.959999  22.959999       0
2023-02-22 09:42:00-05:00  22.950001  22.950001  22.860001  22.910000  22.910000       0
2023-02-22 09:44:00-05:00  22.889999  22.889999  22.840000  22.840000  22.840000       0
2023-02-22 09:46:00-05:00  22.830000  22.910000  22.830000  22.910000  22.910000       0
2023-02-22 09:48:00-05:00  22.879999  22.879999  22.790001  22.790001  22.790001       0
2023-02-22 09:50:00-05:00  22.760000  22.879999  22.760000  22.820000  22.820000       0
2023-02-22 09:52:00-05:00  22.830000  22.870001  22.799999  22.870001  22.870001       0
2023-02-22 09:54:00-05:00  22.860001  22.900000  22.850000  22.879999  22.879999       0
2023-02-22 09:56:00-05:00  22.860001  22.860001  22.820000  22.840000  22.840000       0
2023-02-22 09:58:00-05:00  22.830000  22.840000  22.799999  22.830000  22.830000       0
2023-02-22 10:00:00-05:00  22.850000  22.920000  22.850000  22.910000  22.910000       0
2023-02-22 10:02:00-05:00  22.940001  23.040001  22.940001  23.040001  23.040001       0
2023-02-22 10:04:00-05:00  23.070000  23.080000  23.040001  23.040001  23.040001       0
2023-02-22 10:06:00-05:00  23.020000  23.059999  23.020000  23.059999  23.059999       0
2023-02-22 10:08:00-05:00  23.010000  23.020000  22.980000  23.020000  23.020000       0
2023-02-22 10:10:00-05:00  23.080000  23.370001  23.080000  23.370001  23.370001       0
2023-02-22 10:12:00-05:00  23.370001  23.389999  23.320000  23.330000  23.330000       0
2023-02-22 10:14:00-05:00  23.299999  23.340000  23.299999  23.340000  23.340000       0
2023-02-22 10:16:00-05:00  23.360001  23.450001  23.340000  23.340000  23.340000       0
2023-02-22 10:18:00-05:00  23.370001  23.400000  23.340000  23.400000  23.400000       0
2023-02-22 10:20:00-05:00  23.379999  23.379999  23.340000  23.340000  23.340000       0
2023-02-22 10:22:00-05:00  23.320000  23.320000  23.090000  23.090000  23.090000       0
2023-02-22 10:24:00-05:00  23.040001  23.040001  22.969999  22.969999  22.969999       0
2023-02-22 10:26:00-05:00  22.959999  22.980000  22.930000  22.930000  22.930000       0
2023-02-22 10:28:00-05:00  22.930000  23.020000  22.900000  23.020000  23.020000       0
2023-02-22 10:30:00-05:00  23.129999  23.260000  23.129999  23.260000  23.260000       0
2023-02-22 10:32:00-05:00  23.250000  23.309999  23.240000  23.250000  23.250000       0
2023-02-22 10:34:00-05:00  23.260000  23.260000  23.240000  23.250000  23.250000       0
2023-02-22 10:36:00-05:00  23.219999  23.219999  23.190001  23.209999  23.209999       0
2023-02-22 10:38:00-05:00  23.190001  23.209999  23.190001  23.190001  23.190001       0