                                Open       High        Low      Close  Adj Close  Volume
Datetime                                                                                
2022-12-13 10:54:00-05:00  22.650000  22.680000  22.650000  22.680000  22.680000       0
2022-12-13 10:56:00-05:00  22.740000  22.740000  22.610001  22.610001  22.610001       0
2022-12-13 10:58:00-05:00  22.590000  22.639999  22.590000  22.610001  22.610001       0
2022-12-13 11:00:00-05:00  22.600000  22.600000  22.590000  22.590000  22.590000       0
2022-12-13 11:02:00-05:00  22.549999  22.610001  22.549999  22.600000  22.600000       0
2022-12-13 11:04:00-05:00  22.639999  22.660000  22.600000  22.629999  22.629999       0
2022-12-13 11:06:00-05:00  22.620001  22.650000  22.610001  22.639999  22.639999       0
2022-12-13 11:08:00-05:00  22.660000  22.700001  22.620001  22.639999  22.639999       0
2022-12-13 11:10:00-05:00  22.639999  22.700001  22.639999  22.700001  22.700001       0
2022-12-13 11:12:00-05:00  22.680000  22.690001  22.639999  22.639999  22.639999       0
2022-12-13 11:14:00-05:00  22.600000  22.610001  22.559999  22.559999  22.559999       0
2022-12-13 11:16:00-05:00  22.559999  22.590000  22.559999  22.570000  22.570000       0
2022-12-13 11:18:00-05:00  22.590000  22.600000  22.549999  22.570000  22.570000       0
2022-12-13 11:20:00-05:00  22.590000  22.639999  22.590000  22.629999  22.629999       0
2022-12-13 11:22:00-05:00  22.650000  22.700001  22.639999  22.680000  22.680000       0
2022-12-13 11:24:00-05:00  22.680000  22.820000  22.680000  22.820000  22.820000       0
2022-12-13 11:26:00-05:00  22.809999  22.809999  22.750000  22.750000  22.750000       0
2022-12-13 11:28:00-05:00  22.760000  22.780001  22.740000  22.750000  22.750000       0
2022-12-13 11:30:00-05:00  22.750000  22.750000  22.639999  22.639999  22.639999       0
2022-12-13 11:32:00-05:00  22.660000  22.660000  22.620001  22.629999  22.629999       0
2022-12-13 11:34:00-05:00  22.629999  22.690001  22.610001  22.690001  22.690001       0
2022-12-13 11:36:00-05:00  22.700001  22.830000  22.700001  22.830000  22.830000       0
2022-12-13 11:38:00-05:00  22.850000  22.850000  22.820000  22.830000  22.830000       0
2022-12-13 11:40:00-05:00  22.820000  22.870001  22.820000  22.870001  22.870001       0
2022-12-13 11:42:00-05:00  22.889999  22.910000  22.870001  22.900000  22.900000       0
2022-12-13 11:44:00-05:00  22.900000  22.930000  22.870001  22.910000  22.910000       0
2022-12-13 11:46:00-05:00  22.910000  23.120001  22.910000  23.120001  23.120001       0
2022-12-13 11:48:00-05:00  23.100000  23.350000  23.100000  23.309999  23.309999       0
2022-12-13 11:50:00-05:00  23.270000  23.340000  23.180000  23.340000  23.340000       0
2022-12-13 11:52:00-05:00  23.370001  23.480000  23.370001  23.430000  23.430000       0
2022-12-13 11:54:00-05:00  23.400000  23.469999  23.370001  23.440001  23.440001       0
2022-12-13 11:56:00-05:00  23.450001  23.450001  23.320000  23.320000  23.320000       0
2022-12-13 11:58:00-05:00  23.299999  23.299999  23.230000  23.230000  23.230000       0
2022-12-13 12:00:00-05:00  23.209999  23.219999  23.160000  23.160000  23.160000       0
2022-12-13 12:02:00-05:00  23.120001  23.129999  23.090000  23.100000  23.100000       0
2022-12-13 12:04:00-05:00  23.070000  23.070000  23.000000  23.000000  23.000000       0
2022-12-13 12:06:00-05:00  23.000000  23.000000  22.959999  22.980000  22.980000       0
2022-12-13 12:08:00-05:00  22.969999  23.020000  22.969999  23.020000  23.020000       0
2022-12-13 12:10:00-05:00  23.020000  23.309999  23.020000  23.309999  23.309999       0
2022-12-13 12:12:00-05:00  23.330000  23.330000  23.250000  23.250000  23.250000       0
2022-12-13 12:14:00-05:00  23.219999  23.290001  23.190001  23.290001  23.290001       0
2022-12-13 12:16:00-05:00  23.410000  23.420000  23.410000  23.420000  23.420000       0
2022-12-13 12:18:00-05:00  23.450001  23.600000  23.450001  23.600000  23.600000       0
2022-12-13 12:20:00-05:00  23.639999  23.639999  23.320000  23.320000  23.320000       0
2022-12-13 12:22:00-05:00  23.299999  23.450001  23.250000  23.450001  23.450001       0
2022-12-13 12:24:00-05:00  23.420000  23.450001  23.410000  23.430000  23.430000       0
2022-12-13 12:26:00-05:00  23.410000  23.410000  23.260000  23.270000  23.270000       0
2022-12-13 12:28:00-05:00  23.219999  23.379999  23.219999  23.379999  23.379999       0
2022-12-13 12:30:00-05:00  23.400000  23.490000  23.379999  23.490000  23.490000       0
2022-12-13 12:32:00-05:00  23.459999  23.600000  23.459999  23.549999  23.549999       0
2022-12-13 12:34:00-05:00  23.549999  23.549999  23.500000  23.530001  23.530001       0
2022-12-13 12:36:00-05:00  23.490000  23.490000  23.450001  23.450001  23.450001       0
2022-12-13 12:38:00-05:00  23.410000  23.410000  23.350000  23.360001  23.360001       0
2022-12-13 12:40:00-05:00  23.350000  23.430000  23.340000  23.389999  23.389999       0
2022-12-13 12:42:00-05:00  23.379999  23.520000  23.370001  23.520000  23.520000       0
2022-12-13 12:44:00-05:00  23.510000  23.510000  23.430000  23.430000  23.430000       0
2022-12-13 12:46:00-05:00  23.400000  23.580000  23.400000  23.580000  23.580000       0
2022-12-13 12:48:00-05:00  23.580000  23.820000  23.580000  23.820000  23.820000       0
2022-12-13 12:50:00-05:00  23.889999  23.900000  23.820000  23.889999  23.889999       0
2022-12-13 12:52:00-05:00  23.879999  23.879999  23.760000  23.850000  23.850000       0
2022-12-13 12:54:00-05:00  23.830000  23.879999  23.809999  23.809999  23.809999       0
2022-12-13 12:56:00-05:00  23.820000  23.820000  23.750000  23.760000  23.760000       0
2022-12-13 12:58:00-05:00  23.770000  23.770000  23.719999  23.719999  23.719999       0
2022-12-13 13:00:00-05:00  23.730000  23.730000  23.620001  23.620001  23.620001       0
2022-12-13 13:02:00-05:00  23.680000  23.680000  23.590000  23.600000  23.600000       0
2022-12-13 13:04:00-05:00  23.620001  23.620001  23.530001  23.530001  23.530001       0
2022-12-13 13:06:00-05:00  23.570000  23.570000  23.530001  23.540001  23.540001       0
2022-12-13 13:08:00-05:00  23.570000  23.680000  23.570000  23.670000  23.670000       0
2022-12-13 13:10:00-05:00  23.650000  23.650000  23.549999  23.549999  23.549999       0
2022-12-13 13:12:00-05:00  23.559999  23.570000  23.559999  23.559999  23.559999       0
2022-12-13 13:14:00-05:00  23.559999  23.559999  23.490000  23.500000  23.500000       0
2022-12-13 13:16:00-05:00  23.490000  23.490000  23.370001  23.370001  23.370001       0
2022-12-13 13:18:00-05:00  23.350000  23.370001  23.340000  23.360001  23.360001       0
2022-12-13 13:20:00-05:00  23.370001  23.410000  23.360001  23.370001  23.370001       0
2022-12-13 13:22:00-05:00  23.379999  23.379999  23.340000  23.340000  23.340000       0
2022-12-13 13:24:00-05:00  23.340000  23.340000  23.320000  23.340000  23.340000       0
2022-12-13 13:26:00-05:00  23.340000  23.370001  23.340000  23.350000  23.350000       0
2022-12-13 13:28:00-05:00  23.350000  23.350000  23.320000  23.330000  23.330000       0
2022-12-13 13:30:00-05:00  23.330000  23.330000  23.209999  23.230000  23.230000       0
2022-12-13 13:32:00-05:00  23.240000  23.240000  23.209999  23.230000  23.230000       0
2022-12-13 13:34:00-05:00  23.240000  23.309999  23.240000  23.309999  23.309999       0
2022-12-13 13:36:00-05:00  23.309999  23.360001  23.309999  23.320000  23.320000       0
2022-12-13 13:38:00-05:00  23.320000  23.340000  23.320000  23.340000  23.340000       0
2022-12-13 13:40:00-05:00  23.340000  23.379999  23.340000  23.379999  23.379999       0
2022-12-13 13:42:00-05:00  23.410000  23.410000  23.379999  23.410000  23.410000       0
2022-12-13 13:44:00-05:00  23.410000  23.410000  23.360001  23.400000  23.400000       0
2022-12-13 13:46:00-05:00  23.389999  23.420000  23.389999  23.410000  23.410000       0
2022-12-13 13:48:00-05:00  23.410000  23.469999  23.410000  23.459999  23.459999       0
2022-12-13 13:50:00-05:00  23.450001  23.469999  23.420000  23.469999  23.469999       0
2022-12-13 13:52:00-05:00  23.480000  23.580000  23.480000  23.580000  23.580000       0
2022-12-13 13:54:00-05:00  23.559999  23.570000  23.520000  23.520000  23.520000       0
2022-12-13 13:56:00-05:00  23.520000  23.530001  23.510000  23.510000  23.510000       0
2022-12-13 13:58:00-05:00  23.469999  23.469999  23.420000  23.420000  23.420000       0
2022-12-13 14:00:00-05:00  23.430000  23.450001  23.410000  23.410000  23.410000       0
2022-12-13 14:02:00-05:00  23.360001  23.379999  23.360001  23.379999  23.379999       0
2022-12-13 14:04:00-05:00  23.370001  23.379999  23.350000  23.370001  23.370001       0
2022-12-13 14:06:00-05:00  23.360001  23.420000  23.360001  23.420000  23.420000       0
2022-12-13 14:08:00-05:00  23.400000  23.400000  23.350000  23.350000  23.350000       0
2022-12-13 14:10:00-05:00  23.400000  23.410000  23.379999  23.379999  23.379999       0
2022-12-13 14:12:00-05:00  23.370001  23.370001  23.340000  23.350000  23.350000       0
2022-12-13 14:14:00-05:00  23.350000  23.370001  23.340000  23.360001  23.360001       0
2022-12-13 14:16:00-05:00  23.330000  23.350000  23.309999  23.309999  23.309999       0
2022-12-13 14:18:00-05:00  23.299999  23.370001  23.299999  23.370001  23.370001       0
2022-12-13 14:20:00-05:00  23.340000  23.360001  23.340000  23.360001  23.360001       0
2022-12-13 14:22:00-05:00  23.379999  23.379999  23.340000  23.350000  23.350000       0
2022-12-13 14:24:00-05:00  23.360001  23.360001  23.309999  23.309999  23.309999       0
2022-12-13 14:26:00-05:00  23.290001  23.299999  23.270000  23.280001  23.280001       0
2022-12-13 14:28:00-05:00  23.280001  23.280001  23.230000  23.230000  23.230000       0
2022-12-13 14:30:00-05:00  23.230000  23.250000  23.230000  23.250000  23.250000       0
2022-12-13 14:32:00-05:00  23.250000  23.250000  23.180000  23.180000  23.180000       0
2022-12-13 14:34:00-05:00  23.190001  23.200001  23.160000  23.170000  23.170000       0
2022-12-13 14:36:00-05:00  23.129999  23.150000  23.129999  23.129999  23.129999       0
2022-12-13 14:38:00-05:00  23.139999  23.139999  23.100000  23.100000  23.100000       0
2022-12-13 14:40:00-05:00  23.090000  23.090000  23.049999  23.049999  23.049999       0
2022-12-13 14:42:00-05:00  23.049999  23.059999  22.959999  22.959999  22.959999       0
2022-12-13 14:44:00-05:00  22.959999  22.980000  22.959999  22.980000  22.980000       0
2022-12-13 14:46:00-05:00  22.980000  23.000000  22.980000  23.000000  23.000000       0
2022-12-13 14:48:00-05:00  23.000000  23.010000  22.980000  23.000000  23.000000       0
2022-12-13 14:50:00-05:00  22.990000  23.010000  22.990000  23.010000  23.010000       0
2022-12-13 14:52:00-05:00  23.020000  23.090000  23.020000  23.090000  23.090000       0
2022-12-13 14:54:00-05:00  23.129999  23.240000  23.129999  23.230000  23.230000       0
2022-12-13 14:56:00-05:00  23.240000  23.290001  23.240000  23.280001  23.280001       0
2022-12-13 14:58:00-05:00  23.270000  23.290001  23.160000  23.160000  23.160000       0
2022-12-13 15:00:00-05:00  23.150000  23.290001  23.150000  23.250000  23.250000       0
2022-12-13 15:02:00-05:00  23.280001  23.370001  23.280001  23.330000  23.330000       0
2022-12-13 15:04:00-05:00  23.340000  23.379999  23.309999  23.320000  23.320000       0
2022-12-13 15:06:00-05:00  23.270000  23.350000  23.270000  23.350000  23.350000       0
2022-12-13 15:08:00-05:00  23.340000  23.340000  23.190001  23.190001  23.190001       0
2022-12-13 15:10:00-05:00  23.200001  23.250000  23.180000  23.250000  23.250000       0
2022-12-13 15:12:00-05:00  23.250000  23.250000  23.170000  23.170000  23.170000       0
2022-12-13 15:14:00-05:00  23.170000  23.190001  23.160000  23.180000  23.180000       0
2022-12-13 15:16:00-05:00  23.160000  23.160000  23.040001  23.040001  23.040001       0
2022-12-13 15:18:00-05:00  23.000000  23.000000  22.959999  22.990000  22.990000       0
2022-12-13 15:20:00-05:00  22.990000  23.040001  22.990000  23.000000  23.000000       0
2022-12-13 15:22:00-05:00  23.010000  23.010000  22.940001  22.940001  22.940001       0
2022-12-13 15:24:00-05:00  22.950001  22.950001  22.910000  22.930000  22.930000       0
2022-12-13 15:26:00-05:00  22.930000  22.940001  22.889999  22.900000  22.900000       0
2022-12-13 15:28:00-05:00  22.930000  22.940001  22.860001  22.860001  22.860001       0
2022-12-13 15:30:00-05:00  22.850000  22.850000  22.760000  22.760000  22.760000       0
2022-12-13 15:32:00-05:00  22.730000  22.740000  22.700001  22.730000  22.730000       0
2022-12-13 15:34:00-05:00  22.700001  22.740000  22.680000  22.709999  22.709999       0
2022-12-13 15:36:00-05:00  22.740000  22.910000  22.740000  22.910000  22.910000       0
2022-12-13 15:38:00-05:00  22.889999  22.910000  22.860001  22.860001  22.860001       0
2022-12-13 15:40:00-05:00  22.860001  22.879999  22.840000  22.840000  22.840000       0
2022-12-13 15:42:00-05:00  22.820000  22.840000  22.760000  22.760000  22.760000       0
2022-12-13 15:44:00-05:00  22.740000  22.750000  22.660000  22.660000  22.660000       0
2022-12-13 15:46:00-05:00  22.639999  22.680000  22.629999  22.670000  22.670000       0
2022-12-13 15:48:00-05:00  22.670000  22.670000  22.610001  22.629999  22.629999       0
2022-12-13 15:50:00-05:00  22.650000  22.650000  22.469999  22.469999  22.469999       0
2022-12-13 15:52:00-05:00  22.459999  22.490000  22.430000  22.469999  22.469999       0
2022-12-13 15:54:00-05:00  22.430000  22.549999  22.430000  22.549999  22.549999       0
2022-12-13 15:56:00-05:00  22.570000  22.660000  22.570000  22.639999  22.639999       0
2022-12-13 15:58:00-05:00  22.639999  22.660000  22.639999  22.639999  22.639999       0
2022-12-14 09:30:00-05:00  22.790001  22.790001  22.790001  22.790001  22.790001       0
2022-12-14 09:32:00-05:00  22.850000  22.850000  22.660000  22.660000  22.660000       0
2022-12-14 09:34:00-05:00  22.660000  22.660000  22.629999  22.660000  22.660000       0
2022-12-14 09:36:00-05:00  22.680000  22.690001  22.660000  22.670000  22.670000       0
2022-12-14 09:38:00-05:00  22.629999  22.680000  22.600000  22.600000  22.600000       0
2022-12-14 09:40:00-05:00  22.600000  22.629999  22.570000  22.600000  22.600000       0
2022-12-14 09:42:00-05:00  22.590000  22.629999  22.590000  22.610001  22.610001       0
2022-12-14 09:44:00-05:00  22.620001  22.620001  22.490000  22.500000  22.500000       0
2022-12-14 09:46:00-05:00  22.480000  22.510000  22.420000  22.430000  22.430000       0
2022-12-14 09:48:00-05:00  22.410000  22.459999  22.410000  22.440001  22.440001       0
2022-12-14 09:50:00-05:00  22.430000  22.430000  22.370001  22.370001  22.370001       0
2022-12-14 09:52:00-05:00  22.350000  22.379999  22.299999  22.379999  22.379999       0
2022-12-14 09:54:00-05:00  22.370001  22.459999  22.360001  22.440001  22.440001       0
2022-12-14 09:56:00-05:00  22.450001  22.450001  22.430000  22.430000  22.430000       0
2022-12-14 09:58:00-05:00  22.430000  22.430000  22.389999  22.400000  22.400000       0
2022-12-14 10:00:00-05:00  22.400000  22.410000  22.370001  22.410000  22.410000       0
2022-12-14 10:02:00-05:00  22.410000  22.430000  22.410000  22.410000  22.410000       0
2022-12-14 10:04:00-05:00  22.379999  22.379999  22.309999  22.320000  22.320000       0
2022-12-14 10:06:00-05:00  22.340000  22.340000  22.240000  22.240000  22.240000       0
2022-12-14 10:08:00-05:00  22.230000  22.230000  22.180000  22.200001  22.200001       0
2022-12-14 10:10:00-05:00  22.190001  22.200001  22.180000  22.180000  22.180000       0
2022-12-14 10:12:00-05:00  22.180000  22.180000  22.170000  22.170000  22.170000       0
2022-12-14 10:14:00-05:00  22.170000  22.180000  22.160000  22.160000  22.160000       0
2022-12-14 10:16:00-05:00  22.160000  22.160000  22.139999  22.160000  22.160000       0
2022-12-14 10:18:00-05:00  22.160000  22.180000  22.150000  22.170000  22.170000       0
2022-12-14 10:20:00-05:00  22.160000  22.180000  22.150000  22.180000  22.180000       0
2022-12-14 10:22:00-05:00  22.180000  22.180000  22.150000  22.150000  22.150000       0
2022-12-14 10:24:00-05:00  22.150000  22.150000  22.120001  22.120001  22.120001       0
2022-12-14 10:26:00-05:00  22.120001  22.129999  22.100000  22.110001  22.110001       0
2022-12-14 10:28:00-05:00  22.129999  22.160000  22.120001  22.160000  22.160000       0
2022-12-14 10:30:00-05:00  22.150000  22.180000  22.150000  22.180000  22.180000       0
2022-12-14 10:32:00-05:00  22.180000  22.190001  22.150000  22.170000  22.170000       0
2022-12-14 10:34:00-05:00  22.170000  22.170000  22.120001  22.120001  22.120001       0
2022-12-14 10:36:00-05:00  22.110001  22.129999  22.110001  22.129999  22.129999       0
2022-12-14 10:38:00-05:00  22.150000  22.219999  22.150000  22.219999  22.219999       0
2022-12-14 10:40:00-05:00  22.200001  22.209999  22.190001  22.200001  22.200001       0
2022-12-14 10:42:00-05:00  22.200001  22.200001  22.190001  22.190001  22.190001       0
2022-12-14 10:44:00-05:00  22.200001  22.209999  22.200001  22.209999  22.209999       0
2022-12-14 10:46:00-05:00  22.200001  22.219999  22.200001  22.219999  22.219999       0
2022-12-14 10:48:00-05:00  22.209999  22.219999  22.209999  22.219999  22.219999       0
2022-12-14 10:50:00-05:00  22.219999  22.240000  22.209999  22.240000  22.240000       0
2022-12-14 10:52:00-05:00  22.240000  22.250000  22.240000  22.250000  22.250000       0
2022-12-14 10:54:00-05:00  22.230000  22.240000  22.230000  22.230000  22.230000       0
2022-12-14 10:56:00-05:00  22.230000  22.240000  22.209999  22.240000  22.240000       0
2022-12-14 10:58:00-05:00  22.240000  22.250000  22.230000  22.230000  22.230000       0
2022-12-14 11:00:00-05:00  22.219999  22.219999  22.190001  22.190001  22.190001       0
2022-12-14 11:02:00-05:00  22.190001  22.200001  22.180000  22.180000  22.180000       0
2022-12-14 11:04:00-05:00  22.209999  22.209999  22.209999  22.209999  22.209999       0
2022-12-14 11:06:00-05:00  22.200001  22.230000  22.200001  22.230000  22.230000       0
2022-12-14 11:08:00-05:00  22.219999  22.260000  22.219999  22.260000  22.260000       0
2022-12-14 11:10:00-05:00  22.250000  22.290001  22.250000  22.280001  22.280001       0
2022-12-14 11:12:00-05:00  22.280001  22.290001  22.270000  22.280001  22.280001       0
2022-12-14 11:14:00-05:00  22.270000  22.290001  22.270000  22.290001  22.290001       0
2022-12-14 11:16:00-05:00  22.290001  22.330000  22.290001  22.330000  22.330000       0
2022-12-14 11:18:00-05:00  22.320000  22.320000  22.309999  22.320000  22.320000       0
2022-12-14 11:20:00-05:00  22.299999  22.330000  22.299999  22.320000  22.320000       0
2022-12-14 11:22:00-05:00  22.320000  22.330000  22.309999  22.320000  22.320000       0
2022-12-14 11:24:00-05:00  22.320000  22.350000  22.320000  22.350000  22.350000       0
2022-12-14 11:26:00-05:00  22.350000  22.360001  22.350000  22.350000  22.350000       0
2022-12-14 11:28:00-05:00  22.370001  22.379999  22.370001  22.379999  22.379999       0
2022-12-14 11:30:00-05:00  22.370001  22.379999  22.360001  22.370001  22.370001       0
2022-12-14 11:32:00-05:00  22.370001  22.370001  22.360001  22.370001  22.370001       0
2022-12-14 11:34:00-05:00  22.370001  22.379999  22.370001  22.370001  22.370001       0
2022-12-14 11:36:00-05:00  22.360001  22.360001  22.350000  22.350000  22.350000       0
2022-12-14 11:38:00-05:00  22.350000  22.350000  22.330000  22.340000  22.340000       0
2022-12-14 11:40:00-05:00  22.340000  22.340000  22.309999  22.330000  22.330000       0
2022-12-14 11:42:00-05:00  22.309999  22.320000  22.280001  22.280001  22.280001       0
2022-12-14 11:44:00-05:00  22.290001  22.299999  22.270000  22.280001  22.280001       0
2022-12-14 11:46:00-05:00  22.270000  22.280001  22.260000  22.280001  22.280001       0
2022-12-14 11:48:00-05:00  22.270000  22.290001  22.260000  22.290001  22.290001       0
2022-12-14 11:50:00-05:00  22.290001  22.299999  22.270000  22.290001  22.290001       0
2022-12-14 11:52:00-05:00  22.299999  22.350000  22.299999  22.340000  22.340000       0
2022-12-14 11:54:00-05:00  22.340000  22.340000  22.330000  22.330000  22.330000       0
2022-12-14 11:56:00-05:00  22.350000  22.360001  22.350000  22.360001  22.360001       0
2022-12-14 11:58:00-05:00  22.360001  22.379999  22.360001  22.370001  22.370001       0
2022-12-14 12:00:00-05:00  22.370001  22.389999  22.360001  22.360001  22.360001       0
2022-12-14 12:02:00-05:00  22.360001  22.370001  22.350000  22.360001  22.360001       0
2022-12-14 12:04:00-05:00  22.370001  22.379999  22.350000  22.350000  22.350000       0
2022-12-14 12:06:00-05:00  22.340000  22.350000  22.340000  22.350000  22.350000       0
2022-12-14 12:08:00-05:00  22.350000  22.360001  22.350000  22.360001  22.360001       0
2022-12-14 12:10:00-05:00  22.360001  22.379999  22.350000  22.360001  22.360001       0
2022-12-14 12:12:00-05:00  22.360001  22.360001  22.350000  22.350000  22.350000       0
2022-12-14 12:14:00-05:00  22.350000  22.350000  22.340000  22.350000  22.350000       0
2022-12-14 12:16:00-05:00  22.340000  22.350000  22.340000  22.350000  22.350000       0
2022-12-14 12:18:00-05:00  22.360001  22.360001  22.340000  22.350000  22.350000       0
2022-12-14 12:20:00-05:00  22.340000  22.360001  22.340000  22.340000  22.340000       0
2022-12-14 12:22:00-05:00  22.330000  22.370001  22.330000  22.370001  22.370001       0
2022-12-14 12:24:00-05:00  22.370001  22.379999  22.340000  22.340000  22.340000       0
2022-12-14 12:26:00-05:00  22.340000  22.389999  22.340000  22.389999  22.389999       0
2022-12-14 12:28:00-05:00  22.379999  22.389999  22.360001  22.370001  22.370001       0
2022-12-14 12:30:00-05:00  22.370001  22.379999  22.340000  22.340000  22.340000       0
2022-12-14 12:32:00-05:00  22.330000  22.340000  22.330000  22.340000  22.340000       0
2022-12-14 12:34:00-05:00  22.330000  22.350000  22.330000  22.340000  22.340000       0
2022-12-14 12:36:00-05:00  22.340000  22.340000  22.299999  22.299999  22.299999       0
2022-12-14 12:38:00-05:00  22.299999  22.320000  22.299999  22.299999  22.299999       0
2022-12-14 12:40:00-05:00  22.330000  22.330000  22.299999  22.299999  22.299999       0
2022-12-14 12:42:00-05:00  22.299999  22.299999  22.280001  22.280001  22.280001       0
2022-12-14 12:44:00-05:00  22.290001  22.320000  22.290001  22.320000  22.320000       0
2022-12-14 12:46:00-05:00  22.320000  22.330000  22.309999  22.320000  22.320000       0
2022-12-14 12:48:00-05:00  22.320000  22.330000  22.320000  22.330000  22.330000       0
2022-12-14 12:50:00-05:00  22.320000  22.330000  22.320000  22.320000  22.320000       0
2022-12-14 12:52:00-05:00  22.330000  22.360001  22.330000  22.360001  22.360001       0
2022-12-14 12:54:00-05:00  22.379999  22.430000  22.379999  22.430000  22.430000       0
2022-12-14 12:56:00-05:00  22.450001  22.459999  22.450001  22.450001  22.450001       0
2022-12-14 12:58:00-05:00  22.450001  22.450001  22.440001  22.440001  22.440001       0
2022-12-14 13:00:00-05:00  22.450001  22.450001  22.420000  22.420000  22.420000       0
2022-12-14 13:02:00-05:00  22.420000  22.420000  22.410000  22.410000  22.410000       0
2022-12-14 13:04:00-05:00  22.410000  22.410000  22.340000  22.340000  22.340000       0
2022-12-14 13:06:00-05:00  22.330000  22.330000  22.320000  22.320000  22.320000       0
2022-12-14 13:08:00-05:00  22.330000  22.330000  22.320000  22.320000  22.320000       0
2022-12-14 13:10:00-05:00  22.320000  22.340000  22.320000  22.330000  22.330000       0
2022-12-14 13:12:00-05:00  22.320000  22.330000  22.320000  22.330000  22.330000       0
2022-12-14 13:14:00-05:00  22.330000  22.330000  22.320000  22.320000  22.320000       0
2022-12-14 13:16:00-05:00  22.299999  22.299999  22.290001  22.299999  22.299999       0
2022-12-14 13:18:00-05:00  22.299999  22.309999  22.299999  22.309999  22.309999       0
2022-12-14 13:20:00-05:00  22.290001  22.290001  22.270000  22.280001  22.280001       0
2022-12-14 13:22:00-05:00  22.270000  22.270000  22.250000  22.250000  22.250000       0
2022-12-14 13:24:00-05:00  22.240000  22.270000  22.240000  22.270000  22.270000       0
2022-12-14 13:26:00-05:00  22.250000  22.250000  22.230000  22.230000  22.230000       0
2022-12-14 13:28:00-05:00  22.230000  22.240000  22.219999  22.219999  22.219999       0
2022-12-14 13:30:00-05:00  22.230000  22.240000  22.219999  22.219999  22.219999       0
2022-12-14 13:32:00-05:00  22.230000  22.230000  22.200001  22.200001  22.200001       0
2022-12-14 13:34:00-05:00  22.200001  22.200001  22.180000  22.180000  22.180000       0
2022-12-14 13:36:00-05:00  22.180000  22.200001  22.180000  22.180000  22.180000       0
2022-12-14 13:38:00-05:00  22.170000  22.170000  22.150000  22.150000  22.150000       0
2022-12-14 13:40:00-05:00  22.150000  22.190001  22.150000  22.180000  22.180000       0
2022-12-14 13:42:00-05:00  22.190001  22.250000  22.190001  22.250000  22.250000       0
2022-12-14 13:44:00-05:00  22.299999  22.370001  22.299999  22.330000  22.330000       0
2022-12-14 13:46:00-05:00  22.330000  22.340000  22.299999  22.299999  22.299999       0
2022-12-14 13:48:00-05:00  22.320000  22.370001  22.320000  22.370001  22.370001       0
2022-12-14 13:50:00-05:00  22.440001  22.520000  22.440001  22.490000  22.490000       0
2022-12-14 13:52:00-05:00  22.490000  22.520000  22.450001  22.450001  22.450001       0
2022-12-14 13:54:00-05:00  22.440001  22.440001  22.420000  22.420000  22.420000       0
2022-12-14 13:56:00-05:00  22.410000  22.430000  22.389999  22.430000  22.430000       0
2022-12-14 13:58:00-05:00  22.430000  22.480000  22.309999  22.309999  22.309999       0
2022-12-14 14:00:00-05:00  22.309999  22.530001  22.280001  22.500000  22.500000       0
2022-12-14 14:02:00-05:00  22.549999  22.650000  22.240000  22.440001  22.440001       0
2022-12-14 14:04:00-05:00  22.480000  22.530001  22.370001  22.530001  22.530001       0
2022-12-14 14:06:00-05:00  22.530001  22.709999  22.530001  22.709999  22.709999       0
2022-12-14 14:08:00-05:00  22.750000  22.980000  22.750000  22.920000  22.920000       0
2022-12-14 14:10:00-05:00  22.879999  22.889999  22.820000  22.820000  22.820000       0
2022-12-14 14:12:00-05:00  22.790001  22.790001  22.559999  22.559999  22.559999       0
2022-12-14 14:14:00-05:00  22.530001  22.610001  22.530001  22.610001  22.610001       0
2022-12-14 14:16:00-05:00  22.549999  22.629999  22.530001  22.540001  22.540001       0
2022-12-14 14:18:00-05:00  22.530001  22.580000  22.500000  22.500000  22.500000       0
2022-12-14 14:20:00-05:00  22.549999  22.590000  22.530001  22.540001  22.540001       0
2022-12-14 14:22:00-05:00  22.540001  22.620001  22.540001  22.620001  22.620001       0
2022-12-14 14:24:00-05:00  22.590000  22.600000  22.559999  22.559999  22.559999       0
2022-12-14 14:26:00-05:00  22.580000  22.639999  22.580000  22.610001  22.610001       0
2022-12-14 14:28:00-05:00  22.580000  22.620001  22.530001  22.610001  22.610001       0
2022-12-14 14:30:00-05:00  22.610001  22.650000  22.610001  22.610001  22.610001       0
2022-12-14 14:32:00-05:00  22.629999  22.740000  22.629999  22.740000  22.740000       0
2022-12-14 14:34:00-05:00  22.799999  23.469999  22.799999  23.469999  23.469999       0
2022-12-14 14:36:00-05:00  23.139999  23.219999  23.040001  23.040001  23.040001       0
2022-12-14 14:38:00-05:00  22.980000  23.049999  22.940001  23.049999  23.049999       0
2022-12-14 14:40:00-05:00  23.000000  23.070000  22.920000  22.920000  22.920000       0
2022-12-14 14:42:00-05:00  22.860001  23.020000  22.690001  22.690001  22.690001       0
2022-12-14 14:44:00-05:00  22.670000  22.730000  22.480000  22.670000  22.670000       0
2022-12-14 14:46:00-05:00  22.730000  22.750000  22.670000  22.730000  22.730000       0
2022-12-14 14:48:00-05:00  22.750000  22.850000  22.469999  22.469999  22.469999       0
2022-12-14 14:50:00-05:00  22.389999  22.600000  22.219999  22.219999  22.219999       0
2022-12-14 14:52:00-05:00  22.320000  22.320000  22.160000  22.209999  22.209999       0
2022-12-14 14:54:00-05:00  22.160000  22.160000  21.990000  22.040001  22.040001       0
2022-12-14 14:56:00-05:00  22.040001  22.040001  21.930000  21.940001  21.940001       0
2022-12-14 14:58:00-05:00  21.969999  22.020000  21.930000  21.930000  21.930000       0
2022-12-14 15:00:00-05:00  21.940001  21.959999  21.850000  21.900000  21.900000       0
2022-12-14 15:02:00-05:00  21.900000  21.900000  21.620001  21.620001  21.620001       0
2022-12-14 15:04:00-05:00  21.660000  21.670000  21.600000  21.660000  21.660000       0
2022-12-14 15:06:00-05:00  21.620001  21.620001  21.500000  21.570000  21.570000       0
2022-12-14 15:08:00-05:00  21.559999  21.670000  21.510000  21.570000  21.570000       0
2022-12-14 15:10:00-05:00  21.559999  21.559999  21.389999  21.389999  21.389999       0
2022-12-14 15:12:00-05:00  21.400000  21.400000  21.070000  21.180000  21.180000       0
2022-12-14 15:14:00-05:00  21.129999  21.299999  21.129999  21.299999  21.299999       0
2022-12-14 15:16:00-05:00  21.420000  21.570000  21.420000  21.570000  21.570000       0
2022-12-14 15:18:00-05:00  21.559999  21.559999  21.400000  21.400000  21.400000       0
2022-12-14 15:20:00-05:00  21.370001  21.379999  21.330000  21.360001  21.360001       0
2022-12-14 15:22:00-05:00  21.360001  21.360001  21.299999  21.309999  21.309999       0
2022-12-14 15:24:00-05:00  21.320000  21.410000  21.320000  21.410000  21.410000       0
2022-12-14 15:26:00-05:00  21.510000  21.680000  21.510000  21.680000  21.680000       0
2022-12-14 15:28:00-05:00  21.670000  21.820000  21.670000  21.820000  21.820000       0
2022-12-14 15:30:00-05:00  21.900000  22.090000  21.900000  22.090000  22.090000       0
2022-12-14 15:32:00-05:00  22.080000  22.080000  21.750000  21.830000  21.830000       0
2022-12-14 15:34:00-05:00  21.860001  22.110001  21.860001  22.110001  22.110001       0
2022-12-14 15:36:00-05:00  22.129999  22.129999  21.959999  21.969999  21.969999       0
2022-12-14 15:38:00-05:00  21.980000  22.040001  21.950001  22.010000  22.010000       0
2022-12-14 15:40:00-05:00  21.969999  21.969999  21.820000  21.850000  21.850000       0
2022-12-14 15:42:00-05:00  21.840000  21.879999  21.750000  21.780001  21.780001       0
2022-12-14 15:44:00-05:00  21.730000  21.730000  21.629999  21.650000  21.650000       0
2022-12-14 15:46:00-05:00  21.650000  21.650000  21.520000  21.540001  21.540001       0
2022-12-14 15:48:00-05:00  21.540001  21.590000  21.500000  21.500000  21.500000       0
2022-12-14 15:50:00-05:00  21.510000  21.510000  21.309999  21.389999  21.389999       0
2022-12-14 15:52:00-05:00  21.430000  21.430000  21.360001  21.360001  21.360001       0
2022-12-14 15:54:00-05:00  21.309999  21.370001  21.290001  21.330000  21.330000       0
2022-12-14 15:56:00-05:00  21.350000  21.370001  21.350000  21.360001  21.360001       0
2022-12-14 15:58:00-05:00  21.360001  21.360001  21.309999  21.320000  21.320000       0
2022-12-15 09:30:00-05:00  21.559999  21.570000  21.490000  21.490000  21.490000       0
2022-12-15 09:32:00-05:00  21.440001  21.540001  21.440001  21.540001  21.540001       0
2022-12-15 09:34:00-05:00  21.540001  21.790001  21.540001  21.790001  21.790001       0
2022-12-15 09:36:00-05:00  21.730000  21.790001  21.730000  21.760000  21.760000       0
2022-12-15 09:38:00-05:00  21.760000  21.760000  21.670000  21.670000  21.670000       0
2022-12-15 09:40:00-05:00  21.670000  21.790001  21.670000  21.770000  21.770000       0
2022-12-15 09:42:00-05:00  21.719999  21.790001  21.719999  21.740000  21.740000       0
2022-12-15 09:44:00-05:00  21.770000  21.809999  21.719999  21.740000  21.740000       0
2022-12-15 09:46:00-05:00  21.780001  21.840000  21.780001  21.820000  21.820000       0
2022-12-15 09:48:00-05:00  21.850000  21.980000  21.850000  21.980000  21.980000       0
2022-12-15 09:50:00-05:00  21.990000  22.000000  21.879999  21.879999  21.879999       0
2022-12-15 09:52:00-05:00  21.870001  21.910000  21.870001  21.889999  21.889999       0
2022-12-15 09:54:00-05:00  21.900000  21.959999  21.900000  21.959999  21.959999       0
2022-12-15 09:56:00-05:00  21.959999  22.240000  21.959999  22.240000  22.240000       0
2022-12-15 09:58:00-05:00  22.250000  22.410000  22.230000  22.410000  22.410000       0
2022-12-15 10:00:00-05:00  22.420000  22.420000  22.350000  22.350000  22.350000       0
2022-12-15 10:02:00-05:00  22.379999  22.469999  22.379999  22.440001  22.440001       0
2022-12-15 10:04:00-05:00  22.430000  22.520000  22.379999  22.379999  22.379999       0
2022-12-15 10:06:00-05:00  22.389999  22.389999  22.320000  22.320000  22.320000       0
2022-12-15 10:08:00-05:00  22.309999  22.309999  22.219999  22.230000  22.230000       0
2022-12-15 10:10:00-05:00  22.219999  22.240000  22.219999  22.219999  22.219999       0
2022-12-15 10:12:00-05:00  22.190001  22.209999  22.180000  22.190001  22.190001       0
2022-12-15 10:14:00-05:00  22.170000  22.209999  22.129999  22.209999  22.209999       0
2022-12-15 10:16:00-05:00  22.200001  22.200001  22.110001  22.110001  22.110001       0
2022-12-15 10:18:00-05:00  22.100000  22.100000  22.070000  22.090000  22.090000       0
2022-12-15 10:20:00-05:00  22.090000  22.139999  22.090000  22.110001  22.110001       0
2022-12-15 10:22:00-05:00  22.110001  22.209999  22.110001  22.160000  22.160000       0
2022-12-15 10:24:00-05:00  22.180000  22.209999  22.180000  22.190001  22.190001       0
2022-12-15 10:26:00-05:00  22.160000  22.240000  22.160000  22.209999  22.209999       0
2022-12-15 10:28:00-05:00  22.200001  22.230000  22.200001  22.230000  22.230000       0
2022-12-15 10:30:00-05:00  22.219999  22.340000  22.219999  22.340000  22.340000       0
2022-12-15 10:32:00-05:00  22.360001  22.360001  22.320000  22.320000  22.320000       0
2022-12-15 10:34:00-05:00  22.240000  22.240000  22.219999  22.219999  22.219999       0
2022-12-15 10:36:00-05:00  22.209999  22.209999  22.150000  22.150000  22.150000       0
2022-12-15 10:38:00-05:00  22.139999  22.139999  22.030001  22.030001  22.030001       0
2022-12-15 10:40:00-05:00  22.010000  22.030001  22.010000  22.010000  22.010000       0
2022-12-15 10:42:00-05:00  22.059999  22.059999  22.010000  22.010000  22.010000       0
2022-12-15 10:44:00-05:00  22.010000  22.010000  21.969999  21.969999  21.969999       0
2022-12-15 10:46:00-05:00  21.959999  21.959999  21.920000  21.930000  21.930000       0
2022-12-15 10:48:00-05:00  21.940001  21.990000  21.920000  21.990000  21.990000       0
2022-12-15 10:50:00-05:00  22.000000  22.049999  21.990000  22.049999  22.049999       0
2022-12-15 10:52:00-05:00  22.080000  22.090000  22.080000  22.090000  22.090000       0
2022-12-15 10:54:00-05:00  22.110001  22.160000  22.110001  22.150000  22.150000       0
2022-12-15 10:56:00-05:00  22.150000  22.209999  22.150000  22.209999  22.209999       0
2022-12-15 10:58:00-05:00  22.209999  22.250000  22.209999  22.209999  22.209999       0
2022-12-15 11:00:00-05:00  22.200001  22.200001  22.059999  22.059999  22.059999       0
2022-12-15 11:02:00-05:00  22.070000  22.110001  22.049999  22.049999  22.049999       0
2022-12-15 11:04:00-05:00  22.040001  22.160000  22.040001  22.160000  22.160000       0
2022-12-15 11:06:00-05:00  22.129999  22.209999  22.129999  22.200001  22.200001       0
2022-12-15 11:08:00-05:00  22.200001  22.290001  22.200001  22.260000  22.260000       0
2022-12-15 11:10:00-05:00  22.280001  22.320000  22.280001  22.320000  22.320000       0
2022-12-15 11:12:00-05:00  22.299999  22.360001  22.290001  22.360001  22.360001       0
2022-12-15 11:14:00-05:00  22.389999  22.570000  22.389999  22.570000  22.570000       0
2022-12-15 11:16:00-05:00  22.600000  22.610001  22.450001  22.459999  22.459999       0
2022-12-15 11:18:00-05:00  22.469999  22.469999  22.350000  22.389999  22.389999       0
2022-12-15 11:20:00-05:00  22.389999  22.450001  22.389999  22.430000  22.430000       0
2022-12-15 11:22:00-05:00  22.420000  22.440001  22.389999  22.420000  22.420000       0
2022-12-15 11:24:00-05:00  22.440001  22.520000  22.440001  22.500000  22.500000       0
2022-12-15 11:26:00-05:00  22.490000  22.540001  22.480000  22.530001  22.530001       0
2022-12-15 11:28:00-05:00  22.530001  22.559999  22.530001  22.549999  22.549999       0
2022-12-15 11:30:00-05:00  22.549999  22.580000  22.540001  22.570000  22.570000       0
2022-12-15 11:32:00-05:00  22.600000  22.639999  22.580000  22.629999  22.629999       0
2022-12-15 11:34:00-05:00  22.620001  22.620001  22.559999  22.580000  22.580000       0
2022-12-15 11:36:00-05:00  22.580000  22.580000  22.500000  22.549999  22.549999       0
2022-12-15 11:38:00-05:00  22.559999  22.559999  22.520000  22.540001  22.540001       0
2022-12-15 11:40:00-05:00  22.540001  22.620001  22.540001  22.620001  22.620001       0
2022-12-15 11:42:00-05:00  22.620001  22.740000  22.620001  22.730000  22.730000       0
2022-12-15 11:44:00-05:00  22.730000  22.730000  22.629999  22.629999  22.629999       0
2022-12-15 11:46:00-05:00  22.639999  22.719999  22.639999  22.719999  22.719999       0
2022-12-15 11:48:00-05:00  22.730000  22.820000  22.719999  22.820000  22.820000       0
2022-12-15 11:50:00-05:00  22.830000  22.910000  22.830000  22.889999  22.889999       0
2022-12-15 11:52:00-05:00  22.860001  22.860001  22.820000  22.830000  22.830000       0
2022-12-15 11:54:00-05:00  22.840000  22.860001  22.840000  22.860001  22.860001       0
2022-12-15 11:56:00-05:00  22.879999  22.910000  22.879999  22.910000  22.910000       0
2022-12-15 11:58:00-05:00  22.910000  22.910000  22.850000  22.860001  22.860001       0
2022-12-15 12:00:00-05:00  22.870001  22.889999  22.799999  22.809999  22.809999       0
2022-12-15 12:02:00-05:00  22.820000  22.840000  22.809999  22.840000  22.840000       0
2022-12-15 12:04:00-05:00  22.830000  22.830000  22.820000  22.830000  22.830000       0
2022-12-15 12:06:00-05:00  22.830000  22.830000  22.760000  22.760000  22.760000       0
2022-12-15 12:08:00-05:00  22.750000  22.799999  22.750000  22.780001  22.780001       0
2022-12-15 12:10:00-05:00  22.770000  22.870001  22.750000  22.870001  22.870001       0
2022-12-15 12:12:00-05:00  22.879999  22.889999  22.830000  22.889999  22.889999       0
2022-12-15 12:14:00-05:00  22.879999  22.930000  22.879999  22.930000  22.930000       0
2022-12-15 12:16:00-05:00  22.920000  22.920000  22.860001  22.860001  22.860001       0
2022-12-15 12:18:00-05:00  22.860001  22.870001  22.790001  22.790001  22.790001       0
2022-12-15 12:20:00-05:00  22.799999  22.879999  22.799999  22.879999  22.879999       0
2022-12-15 12:22:00-05:00  22.870001  22.940001  22.870001  22.940001  22.940001       0
2022-12-15 12:24:00-05:00  22.930000  22.930000  22.879999  22.879999  22.879999       0
2022-12-15 12:26:00-05:00  22.889999  22.910000  22.889999  22.889999  22.889999       0
2022-12-15 12:28:00-05:00  22.870001  22.879999  22.840000  22.840000  22.840000       0
2022-12-15 12:30:00-05:00  22.840000  22.840000  22.760000  22.799999  22.799999       0
2022-12-15 12:32:00-05:00  22.799999  22.799999  22.750000  22.760000  22.760000       0
2022-12-15 12:34:00-05:00  22.760000  22.760000  22.680000  22.680000  22.680000       0
2022-12-15 12:36:00-05:00  22.680000  22.740000  22.680000  22.740000  22.740000       0
2022-12-15 12:38:00-05:00  22.750000  22.830000  22.750000  22.820000  22.820000       0
2022-12-15 12:40:00-05:00  22.830000  22.840000  22.820000  22.830000  22.830000       0
2022-12-15 12:42:00-05:00  22.830000  22.920000  22.830000  22.920000  22.920000       0
2022-12-15 12:44:00-05:00  22.920000  22.950001  22.920000  22.920000  22.920000       0
2022-12-15 12:46:00-05:00  22.920000  22.980000  22.920000  22.959999  22.959999       0
2022-12-15 12:48:00-05:00  22.959999  22.980000  22.959999  22.980000  22.980000       0
2022-12-15 12:50:00-05:00  22.980000  22.980000  22.959999  22.969999  22.969999       0
2022-12-15 12:52:00-05:00  22.969999  23.030001  22.969999  23.020000  23.020000       0
2022-12-15 12:54:00-05:00  23.030001  23.090000  23.030001  23.090000  23.090000       0
2022-12-15 12:56:00-05:00  23.120001  23.180000  23.100000  23.180000  23.180000       0
2022-12-15 12:58:00-05:00  23.219999  23.219999  23.190001  23.200001  23.200001       0
2022-12-15 13:00:00-05:00  23.209999  23.230000  23.209999  23.219999  23.219999       0
2022-12-15 13:02:00-05:00  23.209999  23.250000  23.209999  23.250000  23.250000       0
2022-12-15 13:04:00-05:00  23.280001  23.299999  23.270000  23.299999  23.299999       0
2022-12-15 13:06:00-05:00  23.299999  23.469999  23.299999  23.469999  23.469999       0
2022-12-15 13:08:00-05:00  23.469999  23.469999  23.440001  23.440001  23.440001       0
2022-12-15 13:10:00-05:00  23.430000  23.440001  23.370001  23.370001  23.370001       0
2022-12-15 13:12:00-05:00  23.360001  23.400000  23.330000  23.400000  23.400000       0
2022-12-15 13:14:00-05:00  23.400000  23.420000  23.400000  23.400000  23.400000       0
2022-12-15 13:16:00-05:00  23.400000  23.420000  23.389999  23.410000  23.410000       0
2022-12-15 13:18:00-05:00  23.410000  23.500000  23.410000  23.500000  23.500000       0
2022-12-15 13:20:00-05:00  23.510000  23.540001  23.500000  23.520000  23.520000       0
2022-12-15 13:22:00-05:00  23.530001  23.559999  23.490000  23.559999  23.559999       0
2022-12-15 13:24:00-05:00  23.559999  23.559999  23.530001  23.530001  23.530001       0
2022-12-15 13:26:00-05:00  23.520000  23.540001  23.520000  23.520000  23.520000       0
2022-12-15 13:28:00-05:00  23.520000  23.520000  23.469999  23.469999  23.469999       0
2022-12-15 13:30:00-05:00  23.469999  23.510000  23.469999  23.510000  23.510000       0
2022-12-15 13:32:00-05:00  23.510000  23.520000  23.490000  23.510000  23.510000       0
2022-12-15 13:34:00-05:00  23.500000  23.549999  23.500000  23.549999  23.549999       0
2022-12-15 13:36:00-05:00  23.549999  23.559999  23.540001  23.540001  23.540001       0
2022-12-15 13:38:00-05:00  23.540001  23.540001  23.459999  23.469999  23.469999       0
2022-12-15 13:40:00-05:00  23.480000  23.490000  23.469999  23.490000  23.490000       0
2022-12-15 13:42:00-05:00  23.490000  23.650000  23.469999  23.650000  23.650000       0
2022-12-15 13:44:00-05:00  23.670000  23.670000  23.590000  23.600000  23.600000       0
2022-12-15 13:46:00-05:00  23.570000  23.580000  23.540001  23.540001  23.540001       0
2022-12-15 13:48:00-05:00  23.559999  23.580000  23.559999  23.580000  23.580000       0
2022-12-15 13:50:00-05:00  23.610001  23.650000  23.590000  23.650000  23.650000       0
2022-12-15 13:52:00-05:00  23.660000  23.670000  23.610001  23.639999  23.639999       0
2022-12-15 13:54:00-05:00  23.639999  23.639999  23.540001  23.549999  23.549999       0
2022-12-15 13:56:00-05:00  23.540001  23.540001  23.510000  23.510000  23.510000       0
2022-12-15 13:58:00-05:00  23.520000  23.540001  23.520000  23.530001  23.530001       0
2022-12-15 14:00:00-05:00  23.510000  23.520000  23.500000  23.500000  23.500000       0
2022-12-15 14:02:00-05:00  23.500000  23.510000  23.459999  23.469999  23.469999       0
2022-12-15 14:04:00-05:00  23.510000  23.590000  23.510000  23.590000  23.590000       0
2022-12-15 14:06:00-05:00  23.610001  23.610001  23.549999  23.559999  23.559999       0
2022-12-15 14:08:00-05:00  23.570000  23.610001  23.570000  23.600000  23.600000       0
2022-12-15 14:10:00-05:00  23.620001  23.639999  23.620001  23.639999  23.639999       0
2022-12-15 14:12:00-05:00  23.639999  23.639999  23.620001  23.629999  23.629999       0
2022-12-15 14:14:00-05:00  23.629999  23.629999  23.600000  23.600000  23.600000       0
2022-12-15 14:16:00-05:00  23.610001  23.610001  23.590000  23.590000  23.590000       0
2022-12-15 14:18:00-05:00  23.590000  23.590000  23.570000  23.570000  23.570000       0
2022-12-15 14:20:00-05:00  23.580000  23.580000  23.559999  23.559999  23.559999       0
2022-12-15 14:22:00-05:00  23.549999  23.559999  23.510000  23.520000  23.520000       0
2022-12-15 14:24:00-05:00  23.510000  23.510000  23.480000  23.480000  23.480000       0
2022-12-15 14:26:00-05:00  23.469999  23.480000  23.450001  23.459999  23.459999       0
2022-12-15 14:28:00-05:00  23.469999  23.469999  23.400000  23.400000  23.400000       0
2022-12-15 14:30:00-05:00  23.410000  23.410000  23.330000  23.330000  23.330000       0
2022-12-15 14:32:00-05:00  23.309999  23.330000  23.309999  23.320000  23.320000       0
2022-12-15 14:34:00-05:00  23.290001  23.299999  23.270000  23.270000  23.270000       0
2022-12-15 14:36:00-05:00  23.280001  23.330000  23.230000  23.230000  23.230000       0
2022-12-15 14:38:00-05:00  23.170000  23.190001  23.139999  23.170000  23.170000       0
2022-12-15 14:40:00-05:00  23.160000  23.160000  23.129999  23.129999  23.129999       0
2022-12-15 14:42:00-05:00  23.129999  23.139999  23.049999  23.059999  23.059999       0
2022-12-15 14:44:00-05:00  23.049999  23.049999  23.010000  23.010000  23.010000       0
2022-12-15 14:46:00-05:00  23.000000  23.100000  23.000000  23.100000  23.100000       0
2022-12-15 14:48:00-05:00  23.120001  23.120001  23.090000  23.090000  23.090000       0
2022-12-15 14:50:00-05:00  23.080000  23.080000  23.040001  23.080000  23.080000       0
2022-12-15 14:52:00-05:00  23.070000  23.070000  22.959999  22.959999  22.959999       0
2022-12-15 14:54:00-05:00  22.959999  22.959999  22.900000  22.900000  22.900000       0
2022-12-15 14:56:00-05:00  22.879999  22.879999  22.830000  22.830000  22.830000       0
2022-12-15 14:58:00-05:00  22.820000  22.840000  22.790001  22.790001  22.790001       0
2022-12-15 15:00:00-05:00  22.770000  22.770000  22.690001  22.690001  22.690001       0
2022-12-15 15:02:00-05:00  22.709999  22.730000  22.700001  22.730000  22.730000       0
2022-12-15 15:04:00-05:00  22.709999  22.709999  22.680000  22.709999  22.709999       0
2022-12-15 15:06:00-05:00  22.690001  22.690001  22.629999  22.629999  22.629999       0
2022-12-15 15:08:00-05:00  22.629999  22.629999  22.580000  22.580000  22.580000       0
2022-12-15 15:10:00-05:00  22.590000  22.670000  22.590000  22.670000  22.670000       0
2022-12-15 15:12:00-05:00  22.660000  22.670000  22.639999  22.670000  22.670000       0
2022-12-15 15:14:00-05:00  22.690001  22.809999  22.690001  22.809999  22.809999       0
2022-12-15 15:16:00-05:00  22.809999  22.820000  22.790001  22.790001  22.790001       0
2022-12-15 15:18:00-05:00  22.760000  22.840000  22.760000  22.840000  22.840000       0
2022-12-15 15:20:00-05:00  22.850000  22.870001  22.770000  22.770000  22.770000       0
2022-12-15 15:22:00-05:00  22.719999  22.770000  22.719999  22.770000  22.770000       0
2022-12-15 15:24:00-05:00  22.750000  22.780001  22.730000  22.750000  22.750000       0
2022-12-15 15:26:00-05:00  22.760000  22.760000  22.670000  22.670000  22.670000       0
2022-12-15 15:28:00-05:00  22.650000  22.650000  22.580000  22.580000  22.580000       0
2022-12-15 15:30:00-05:00  22.580000  22.620001  22.580000  22.620001  22.620001       0
2022-12-15 15:32:00-05:00  22.650000  22.650000  22.570000  22.580000  22.580000       0
2022-12-15 15:34:00-05:00  22.660000  22.660000  22.620001  22.639999  22.639999       0
2022-12-15 15:36:00-05:00  22.629999  22.730000  22.629999  22.730000  22.730000       0
2022-12-15 15:38:00-05:00  22.709999  22.730000  22.650000  22.660000  22.660000       0
2022-12-15 15:40:00-05:00  22.680000  22.760000  22.660000  22.760000  22.760000       0
2022-12-15 15:42:00-05:00  22.780001  22.930000  22.780001  22.930000  22.930000       0
2022-12-15 15:44:00-05:00  22.920000  22.959999  22.920000  22.940001  22.940001       0
2022-12-15 15:46:00-05:00  22.950001  22.969999  22.920000  22.959999  22.959999       0
2022-12-15 15:48:00-05:00  22.969999  22.980000  22.930000  22.959999  22.959999       0
2022-12-15 15:50:00-05:00  22.969999  22.969999  22.820000  22.830000  22.830000       0
2022-12-15 15:52:00-05:00  22.860001  22.879999  22.850000  22.870001  22.870001       0
2022-12-15 15:54:00-05:00  22.879999  22.900000  22.850000  22.900000  22.900000       0
2022-12-15 15:56:00-05:00  22.900000  22.900000  22.799999  22.799999  22.799999       0
2022-12-15 15:58:00-05:00  22.799999  22.809999  22.770000  22.780001  22.780001       0
2022-12-16 09:30:00-05:00  23.280001  23.280001  23.230000  23.250000  23.250000       0
2022-12-16 09:32:00-05:00  23.219999  23.219999  23.080000  23.110001  23.110001       0
2022-12-16 09:34:00-05:00  23.110001  23.129999  22.959999  22.959999  22.959999       0
2022-12-16 09:36:00-05:00  22.959999  23.049999  22.959999  23.049999  23.049999       0
2022-12-16 09:38:00-05:00  23.049999  23.120001  23.049999  23.070000  23.070000       0
2022-12-16 09:40:00-05:00  23.070000  23.139999  23.049999  23.049999  23.049999       0
2022-12-16 09:42:00-05:00  23.059999  23.059999  22.930000  22.940001  22.940001       0
2022-12-16 09:44:00-05:00  22.930000  22.990000  22.900000  22.950001  22.950001       0
2022-12-16 09:46:00-05:00  22.840000  22.850000  22.700001  22.700001  22.700001       0
2022-12-16 09:48:00-05:00  22.690001  22.690001  22.459999  22.459999  22.459999       0
2022-12-16 09:50:00-05:00  22.420000  22.440001  22.389999  22.389999  22.389999       0
2022-12-16 09:52:00-05:00  22.370001  22.410000  22.350000  22.350000  22.350000       0
2022-12-16 09:54:00-05:00  22.330000  22.350000  22.320000  22.340000  22.340000       0
2022-12-16 09:56:00-05:00  22.350000  22.389999  22.330000  22.340000  22.340000       0
2022-12-16 09:58:00-05:00  22.360001  22.410000  22.360001  22.410000  22.410000       0
2022-12-16 10:00:00-05:00  22.469999  22.760000  22.469999  22.740000  22.740000       0
2022-12-16 10:02:00-05:00  22.709999  22.740000  22.680000  22.680000  22.680000       0
2022-12-16 10:04:00-05:00  22.680000  22.760000  22.680000  22.700001  22.700001       0
2022-12-16 10:06:00-05:00  22.740000  23.020000  22.740000  23.020000  23.020000       0
2022-12-16 10:08:00-05:00  23.059999  23.100000  23.059999  23.080000  23.080000       0
2022-12-16 10:10:00-05:00  23.120001  23.129999  23.070000  23.070000  23.070000       0
2022-12-16 10:12:00-05:00  23.090000  23.150000  23.070000  23.129999  23.129999       0
2022-12-16 10:14:00-05:00  23.160000  23.190001  23.129999  23.129999  23.129999       0
2022-12-16 10:16:00-05:00  23.160000  23.200001  23.070000  23.070000  23.070000       0
2022-12-16 10:18:00-05:00  23.049999  23.080000  23.030001  23.030001  23.030001       0
2022-12-16 10:20:00-05:00  23.010000  23.090000  23.000000  23.090000  23.090000       0
2022-12-16 10:22:00-05:00  23.100000  23.100000  23.059999  23.090000  23.090000       0
2022-12-16 10:24:00-05:00  23.100000  23.280001  23.100000  23.260000  23.260000       0
2022-12-16 10:26:00-05:00  23.260000  23.299999  23.240000  23.240000  23.240000       0
2022-12-16 10:28:00-05:00  23.230000  23.280001  23.219999  23.280001  23.280001       0
2022-12-16 10:30:00-05:00  23.330000  23.340000  23.250000  23.340000  23.340000       0
2022-12-16 10:32:00-05:00  23.340000  23.510000  23.340000  23.510000  23.510000       0
2022-12-16 10:34:00-05:00  23.530001  23.570000  23.510000  23.510000  23.510000       0
2022-12-16 10:36:00-05:00  23.510000  23.610001  23.500000  23.559999  23.559999       0
2022-12-16 10:38:00-05:00  23.530001  23.530001  23.459999  23.459999  23.459999       0
2022-12-16 10:40:00-05:00  23.450001  23.490000  23.440001  23.480000  23.480000       0
2022-12-16 10:42:00-05:00  23.469999  23.469999  23.350000  23.350000  23.350000       0
2022-12-16 10:44:00-05:00  23.350000  23.360001  23.330000  23.330000  23.330000       0
2022-12-16 10:46:00-05:00  23.340000  23.420000  23.340000  23.340000  23.340000       0
2022-12-16 10:48:00-05:00  23.290001  23.340000  23.260000  23.340000  23.340000       0
2022-12-16 10:50:00-05:00  23.350000  23.370001  23.330000  23.360001  23.360001       0
2022-12-16 10:52:00-05:00  23.330000  23.330000  23.230000  23.230000  23.230000       0
2022-12-16 10:54:00-05:00  23.209999  23.209999  23.150000  23.160000  23.160000       0
2022-12-16 10:56:00-05:00  23.200001  23.200001  23.139999  23.139999  23.139999       0
2022-12-16 10:58:00-05:00  23.139999  23.190001  23.129999  23.150000  23.150000       0
2022-12-16 11:00:00-05:00  23.150000  23.150000  23.110001  23.129999  23.129999       0
2022-12-16 11:02:00-05:00  23.120001  23.170000  23.120001  23.120001  23.120001       0
2022-12-16 11:04:00-05:00  23.139999  23.150000  23.139999  23.150000  23.150000       0
2022-12-16 11:06:00-05:00  23.160000  23.160000  23.090000  23.110001  23.110001       0
2022-12-16 11:08:00-05:00  23.090000  23.170000  23.090000  23.170000  23.170000       0
2022-12-16 11:10:00-05:00  23.180000  23.280001  23.180000  23.280001  23.280001       0
2022-12-16 11:12:00-05:00  23.290001  23.290001  23.139999  23.139999  23.139999       0
2022-12-16 11:14:00-05:00  23.129999  23.129999  22.980000  23.010000  23.010000       0
2022-12-16 11:16:00-05:00  23.049999  23.070000  23.049999  23.070000  23.070000       0
2022-12-16 11:18:00-05:00  23.059999  23.059999  23.030001  23.030001  23.030001       0
2022-12-16 11:20:00-05:00  23.030001  23.049999  23.010000  23.020000  23.020000       0
2022-12-16 11:22:00-05:00  23.040001  23.049999  23.020000  23.040001  23.040001       0
2022-12-16 11:24:00-05:00  23.059999  23.120001  23.049999  23.049999  23.049999       0
2022-12-16 11:26:00-05:00  23.059999  23.070000  23.040001  23.049999  23.049999       0
2022-12-16 11:28:00-05:00  23.090000  23.129999  23.090000  23.110001  23.110001       0
2022-12-16 11:30:00-05:00  23.120001  23.120001  23.030001  23.040001  23.040001       0
2022-12-16 11:32:00-05:00  23.020000  23.040001  23.000000  23.040001  23.040001       0
2022-12-16 11:34:00-05:00  23.070000  23.070000  23.020000  23.020000  23.020000       0
2022-12-16 11:36:00-05:00  23.030001  23.049999  23.010000  23.010000  23.010000       0
2022-12-16 11:38:00-05:00  23.010000  23.010000  22.980000  22.980000  22.980000       0
2022-12-16 11:40:00-05:00  22.980000  23.000000  22.980000  22.990000  22.990000       0
2022-12-16 11:42:00-05:00  23.000000  23.049999  23.000000  23.049999  23.049999       0
2022-12-16 11:44:00-05:00  23.070000  23.080000  23.020000  23.049999  23.049999       0
2022-12-16 11:46:00-05:00  23.070000  23.120001  23.059999  23.059999  23.059999       0
2022-12-16 11:48:00-05:00  23.059999  23.160000  23.059999  23.160000  23.160000       0
2022-12-16 11:50:00-05:00  23.180000  23.180000  23.129999  23.129999  23.129999       0
2022-12-16 11:52:00-05:00  23.139999  23.139999  23.100000  23.120001  23.120001       0
2022-12-16 11:54:00-05:00  23.180000  23.260000  23.180000  23.260000  23.260000       0
2022-12-16 11:56:00-05:00  23.270000  23.309999  23.260000  23.309999  23.309999       0
2022-12-16 11:58:00-05:00  23.320000  23.400000  23.320000  23.400000  23.400000       0
2022-12-16 12:00:00-05:00  23.389999  23.389999  23.320000  23.350000  23.350000       0
2022-12-16 12:02:00-05:00  23.330000  23.379999  23.330000  23.360001  23.360001       0
2022-12-16 12:04:00-05:00  23.360001  23.360001  23.309999  23.309999  23.309999       0
2022-12-16 12:06:00-05:00  23.309999  23.330000  23.309999  23.309999  23.309999       0
2022-12-16 12:08:00-05:00  23.309999  23.309999  23.299999  23.309999  23.309999       0
2022-12-16 12:10:00-05:00  23.320000  23.330000  23.290001  23.290001  23.290001       0
2022-12-16 12:12:00-05:00  23.260000  23.280001  23.209999  23.280001  23.280001       0
2022-12-16 12:14:00-05:00  23.290001  23.299999  23.270000  23.280001  23.280001       0
2022-12-16 12:16:00-05:00  23.260000  23.260000  23.250000  23.250000  23.250000       0
2022-12-16 12:18:00-05:00  23.230000  23.230000  23.110001  23.110001  23.110001       0
2022-12-16 12:20:00-05:00  23.090000  23.100000  23.080000  23.100000  23.100000       0
2022-12-16 12:22:00-05:00  23.129999  23.200001  23.129999  23.200001  23.200001       0
2022-12-16 12:24:00-05:00  23.200001  23.209999  23.150000  23.150000  23.150000       0
2022-12-16 12:26:00-05:00  23.160000  23.160000  23.150000  23.160000  23.160000       0
2022-12-16 12:28:00-05:00  23.150000  23.150000  23.059999  23.059999  23.059999       0
2022-12-16 12:30:00-05:00  23.059999  23.059999  23.040001  23.049999  23.049999       0
2022-12-16 12:32:00-05:00  23.049999  23.049999  22.990000  23.020000  23.020000       0
2022-12-16 12:34:00-05:00  23.010000  23.010000  22.959999  22.969999  22.969999       0
2022-12-16 12:36:00-05:00  22.959999  22.959999  22.850000  22.850000  22.850000       0
2022-12-16 12:38:00-05:00  22.809999  22.809999  22.760000  22.780001  22.780001       0
2022-12-16 12:40:00-05:00  22.790001  22.959999  22.790001  22.959999  22.959999       0
2022-12-16 12:42:00-05:00  22.950001  23.059999  22.950001  23.059999  23.059999       0
2022-12-16 12:44:00-05:00  23.059999  23.059999  23.030001  23.030001  23.030001       0
2022-12-16 12:46:00-05:00  23.049999  23.120001  23.049999  23.070000  23.070000       0
2022-12-16 12:48:00-05:00  23.030001  23.040001  23.030001  23.030001  23.030001       0
2022-12-16 12:50:00-05:00  23.030001  23.070000  23.030001  23.049999  23.049999       0
2022-12-16 12:52:00-05:00  23.049999  23.070000  23.049999  23.059999  23.059999       0
2022-12-16 12:54:00-05:00  23.049999  23.150000  23.049999  23.129999  23.129999       0
2022-12-16 12:56:00-05:00  23.139999  23.150000  23.129999  23.150000  23.150000       0
2022-12-16 12:58:00-05:00  23.170000  23.200001  23.139999  23.200001  23.200001       0
2022-12-16 13:00:00-05:00  23.200001  23.200001  23.139999  23.139999  23.139999       0
2022-12-16 13:02:00-05:00  23.139999  23.139999  23.110001  23.110001  23.110001       0
2022-12-16 13:04:00-05:00  23.120001  23.180000  23.120001  23.170000  23.170000       0
2022-12-16 13:06:00-05:00  23.160000  23.160000  23.120001  23.160000  23.160000       0
2022-12-16 13:08:00-05:00  23.160000  23.170000  23.120001  23.120001  23.120001       0
2022-12-16 13:10:00-05:00  23.120001  23.120001  23.070000  23.080000  23.080000       0
2022-12-16 13:12:00-05:00  23.080000  23.129999  23.080000  23.120001  23.120001       0
2022-12-16 13:14:00-05:00  23.129999  23.180000  23.129999  23.150000  23.150000       0
2022-12-16 13:16:00-05:00  23.139999  23.139999  23.100000  23.100000  23.100000       0
2022-12-16 13:18:00-05:00  23.100000  23.129999  23.090000  23.129999  23.129999       0
2022-12-16 13:20:00-05:00  23.139999  23.160000  23.129999  23.150000  23.150000       0
2022-12-16 13:22:00-05:00  23.150000  23.160000  23.120001  23.129999  23.129999       0
2022-12-16 13:24:00-05:00  23.110001  23.139999  23.110001  23.139999  23.139999       0
2022-12-16 13:26:00-05:00  23.139999  23.180000  23.129999  23.150000  23.150000       0
2022-12-16 13:28:00-05:00  23.150000  23.150000  23.129999  23.139999  23.139999       0
2022-12-16 13:30:00-05:00  23.139999  23.150000  23.110001  23.129999  23.129999       0
2022-12-16 13:32:00-05:00  23.129999  23.129999  23.059999  23.059999  23.059999       0
2022-12-16 13:34:00-05:00  23.040001  23.070000  23.040001  23.049999  23.049999       0
2022-12-16 13:36:00-05:00  23.059999  23.059999  23.010000  23.040001  23.040001       0
2022-12-16 13:38:00-05:00  23.049999  23.100000  23.049999  23.100000  23.100000       0
2022-12-16 13:40:00-05:00  23.110001  23.139999  23.110001  23.129999  23.129999       0
2022-12-16 13:42:00-05:00  23.110001  23.120001  23.090000  23.110001  23.110001       0
2022-12-16 13:44:00-05:00  23.110001  23.129999  23.090000  23.090000  23.090000       0
2022-12-16 13:46:00-05:00  23.090000  23.100000  23.090000  23.090000  23.090000       0
2022-12-16 13:48:00-05:00  23.080000  23.080000  23.049999  23.049999  23.049999       0
2022-12-16 13:50:00-05:00  23.049999  23.090000  23.049999  23.090000  23.090000       0
2022-12-16 13:52:00-05:00  23.080000  23.100000  23.070000  23.080000  23.080000       0
2022-12-16 13:54:00-05:00  23.090000  23.100000  23.049999  23.049999  23.049999       0
2022-12-16 13:56:00-05:00  23.049999  23.100000  23.049999  23.100000  23.100000       0
2022-12-16 13:58:00-05:00  23.120001  23.120001  23.059999  23.070000  23.070000       0
2022-12-16 14:00:00-05:00  23.070000  23.080000  23.070000  23.070000  23.070000       0
2022-12-16 14:02:00-05:00  23.059999  23.070000  23.049999  23.059999  23.059999       0
2022-12-16 14:04:00-05:00  23.049999  23.100000  23.049999  23.100000  23.100000       0
2022-12-16 14:06:00-05:00  23.080000  23.080000  23.000000  23.000000  23.000000       0
2022-12-16 14:08:00-05:00  23.020000  23.020000  22.969999  22.990000  22.990000       0
2022-12-16 14:10:00-05:00  22.990000  23.010000  22.959999  22.959999  22.959999       0
2022-12-16 14:12:00-05:00  22.930000  22.959999  22.930000  22.930000  22.930000       0
2022-12-16 14:14:00-05:00  22.940001  22.940001  22.850000  22.850000  22.850000       0
2022-12-16 14:16:00-05:00  22.840000  22.840000  22.799999  22.799999  22.799999       0
2022-12-16 14:18:00-05:00  22.790001  22.889999  22.790001  22.889999  22.889999       0
2022-12-16 14:20:00-05:00  22.879999  22.940001  22.879999  22.940001  22.940001       0
2022-12-16 14:22:00-05:00  22.920000  22.930000  22.879999  22.910000  22.910000       0
2022-12-16 14:24:00-05:00  22.910000  22.910000  22.889999  22.889999  22.889999       0
2022-12-16 14:26:00-05:00  22.889999  22.930000  22.889999  22.930000  22.930000       0
2022-12-16 14:28:00-05:00  22.920000  22.930000  22.900000  22.920000  22.920000       0
2022-12-16 14:30:00-05:00  22.940001  22.969999  22.940001  22.969999  22.969999       0
2022-12-16 14:32:00-05:00  22.959999  23.030001  22.959999  23.020000  23.020000       0
2022-12-16 14:34:00-05:00  23.020000  23.049999  22.940001  22.940001  22.940001       0
2022-12-16 14:36:00-05:00  22.950001  22.950001  22.879999  22.879999  22.879999       0
2022-12-16 14:38:00-05:00  22.889999  22.889999  22.850000  22.850000  22.850000       0
2022-12-16 14:40:00-05:00  22.870001  22.889999  22.860001  22.870001  22.870001       0
2022-12-16 14:42:00-05:00  22.879999  22.879999  22.860001  22.870001  22.870001       0
2022-12-16 14:44:00-05:00  22.879999  22.879999  22.809999  22.809999  22.809999       0
2022-12-16 14:46:00-05:00  22.820000  22.850000  22.820000  22.840000  22.840000       0
2022-12-16 14:48:00-05:00  22.830000  22.830000  22.700001  22.700001  22.700001       0
2022-12-16 14:50:00-05:00  22.680000  22.680000  22.559999  22.559999  22.559999       0
2022-12-16 14:52:00-05:00  22.580000  22.580000  22.490000  22.500000  22.500000       0
2022-12-16 14:54:00-05:00  22.500000  22.500000  22.459999  22.469999  22.469999       0
2022-12-16 14:56:00-05:00  22.490000  22.490000  22.340000  22.340000  22.340000       0
2022-12-16 14:58:00-05:00  22.350000  22.360001  22.290001  22.320000  22.320000       0
2022-12-16 15:00:00-05:00  22.320000  22.320000  22.230000  22.230000  22.230000       0
2022-12-16 15:02:00-05:00  22.250000  22.260000  22.219999  22.250000  22.250000       0
2022-12-16 15:04:00-05:00  22.250000  22.389999  22.250000  22.389999  22.389999       0
2022-12-16 15:06:00-05:00  22.389999  22.520000  22.389999  22.520000  22.520000       0
2022-12-16 15:08:00-05:00  22.549999  22.549999  22.490000  22.490000  22.490000       0
2022-12-16 15:10:00-05:00  22.490000  22.510000  22.379999  22.379999  22.379999       0
2022-12-16 15:12:00-05:00  22.379999  22.400000  22.360001  22.370001  22.370001       0
2022-12-16 15:14:00-05:00  22.350000  22.360001  22.120001  22.120001  22.120001       0
2022-12-16 15:16:00-05:00  22.110001  22.139999  22.100000  22.139999  22.139999       0
2022-12-16 15:18:00-05:00  22.139999  22.180000  22.139999  22.180000  22.180000       0
2022-12-16 15:20:00-05:00  22.190001  22.230000  22.139999  22.170000  22.170000       0
2022-12-16 15:22:00-05:00  22.180000  22.230000  22.180000  22.230000  22.230000       0
2022-12-16 15:24:00-05:00  22.250000  22.250000  22.219999  22.230000  22.230000       0
2022-12-16 15:26:00-05:00  22.240000  22.290001  22.219999  22.290001  22.290001       0
2022-12-16 15:28:00-05:00  22.309999  22.320000  22.219999  22.219999  22.219999       0
2022-12-16 15:30:00-05:00  22.230000  22.230000  22.090000  22.129999  22.129999       0
2022-12-16 15:32:00-05:00  22.139999  22.200001  22.120001  22.180000  22.180000       0
2022-12-16 15:34:00-05:00  22.170000  22.250000  22.150000  22.250000  22.250000       0
2022-12-16 15:36:00-05:00  22.270000  22.270000  22.240000  22.260000  22.260000       0
2022-12-16 15:38:00-05:00  22.270000  22.330000  22.270000  22.330000  22.330000       0
2022-12-16 15:40:00-05:00  22.340000  22.360001  22.280001  22.330000  22.330000       0
2022-12-16 15:42:00-05:00  22.320000  22.340000  22.309999  22.320000  22.320000       0
2022-12-16 15:44:00-05:00  22.350000  22.440001  22.340000  22.389999  22.389999       0
2022-12-16 15:46:00-05:00  22.370001  22.370001  22.270000  22.340000  22.340000       0
2022-12-16 15:48:00-05:00  22.330000  22.400000  22.320000  22.400000  22.400000       0
2022-12-16 15:50:00-05:00  22.389999  22.600000  22.379999  22.600000  22.600000       0
2022-12-16 15:52:00-05:00  22.570000  22.580000  22.480000  22.549999  22.549999       0
2022-12-16 15:54:00-05:00  22.500000  22.500000  22.350000  22.350000  22.350000       0
2022-12-16 15:56:00-05:00  22.350000  22.379999  22.330000  22.379999  22.379999       0
2022-12-16 15:58:00-05:00  22.400000  22.459999  22.400000  22.459999  22.459999       0
2022-12-19 09:30:00-05:00  22.790001  22.820000  22.790001  22.799999  22.799999       0
2022-12-19 09:32:00-05:00  22.780001  22.780001  22.629999  22.629999  22.629999       0
2022-12-19 09:34:00-05:00  22.620001  22.620001  22.570000  22.590000  22.590000       0
2022-12-19 09:36:00-05:00  22.580000  22.590000  22.530001  22.540001  22.540001       0
2022-12-19 09:38:00-05:00  22.549999  22.549999  22.360001  22.360001  22.360001       0
2022-12-19 09:40:00-05:00  22.360001  22.400000  22.360001  22.400000  22.400000       0
2022-12-19 09:42:00-05:00  22.440001  22.459999  22.410000  22.420000  22.420000       0
2022-12-19 09:44:00-05:00  22.430000  22.430000  22.389999  22.420000  22.420000       0
2022-12-19 09:46:00-05:00  22.400000  22.490000  22.400000  22.490000  22.490000       0
2022-12-19 09:48:00-05:00  22.510000  22.530001  22.480000  22.480000  22.480000       0
2022-12-19 09:50:00-05:00  22.480000  22.530001  22.440001  22.530001  22.530001       0
2022-12-19 09:52:00-05:00  22.540001  22.559999  22.500000  22.500000  22.500000       0
2022-12-19 09:54:00-05:00  22.490000  22.559999  22.480000  22.559999  22.559999       0
2022-12-19 09:56:00-05:00  22.549999  22.580000  22.549999  22.549999  22.549999       0
2022-12-19 09:58:00-05:00  22.530001  22.540001  22.469999  22.469999  22.469999       0
2022-12-19 10:00:00-05:00  22.410000  22.450001  22.389999  22.450001  22.450001       0
2022-12-19 10:02:00-05:00  22.440001  22.480000  22.440001  22.480000  22.480000       0
2022-12-19 10:04:00-05:00  22.490000  22.490000  22.450001  22.490000  22.490000       0
2022-12-19 10:06:00-05:00  22.480000  22.480000  22.440001  22.440001  22.440001       0
2022-12-19 10:08:00-05:00  22.450001  22.450001  22.379999  22.379999  22.379999       0
2022-12-19 10:10:00-05:00  22.370001  22.370001  22.299999  22.309999  22.309999       0
2022-12-19 10:12:00-05:00  22.320000  22.340000  22.250000  22.250000  22.250000       0
2022-12-19 10:14:00-05:00  22.260000  22.260000  22.219999  22.250000  22.250000       0
2022-12-19 10:16:00-05:00  22.250000  22.250000  22.170000  22.170000  22.170000       0
2022-12-19 10:18:00-05:00  22.170000  22.170000  22.120001  22.120001  22.120001       0
2022-12-19 10:20:00-05:00  22.120001  22.120001  21.950001  21.950001  21.950001       0
2022-12-19 10:22:00-05:00  21.969999  22.030001  21.969999  22.020000  22.020000       0
2022-12-19 10:24:00-05:00  21.990000  21.990000  21.910000  21.920000  21.920000       0
2022-12-19 10:26:00-05:00  21.940001  21.969999  21.910000  21.959999  21.959999       0
2022-12-19 10:28:00-05:00  21.959999  21.959999  21.910000  21.910000  21.910000       0
2022-12-19 10:30:00-05:00  21.920000  21.959999  21.920000  21.959999  21.959999       0
2022-12-19 10:32:00-05:00  21.990000  22.000000  21.990000  22.000000  22.000000       0
2022-12-19 10:34:00-05:00  22.000000  22.000000  21.969999  21.969999  21.969999       0
2022-12-19 10:36:00-05:00  21.940001  21.969999  21.940001  21.969999  21.969999       0
2022-12-19 10:38:00-05:00  21.980000  22.059999  21.980000  22.049999  22.049999       0
2022-12-19 10:40:00-05:00  22.059999  22.059999  21.940001  21.940001  21.940001       0
2022-12-19 10:42:00-05:00  21.930000  21.930000  21.910000  21.920000  21.920000       0
2022-12-19 10:44:00-05:00  21.910000  21.930000  21.910000  21.910000  21.910000       0
2022-12-19 10:46:00-05:00  21.889999  21.889999  21.860001  21.860001  21.860001       0
2022-12-19 10:48:00-05:00  21.860001  21.860001  21.799999  21.799999  21.799999       0
2022-12-19 10:50:00-05:00  21.809999  21.860001  21.809999  21.860001  21.860001       0
2022-12-19 10:52:00-05:00  21.870001  21.879999  21.850000  21.860001  21.860001       0
2022-12-19 10:54:00-05:00  21.860001  21.889999  21.850000  21.889999  21.889999       0
2022-12-19 10:56:00-05:00  21.910000  21.920000  21.900000  21.910000  21.910000       0
2022-12-19 10:58:00-05:00  21.910000  21.950001  21.910000  21.940001  21.940001       0
2022-12-19 11:00:00-05:00  21.969999  22.090000  21.969999  22.090000  22.090000       0
2022-12-19 11:02:00-05:00  22.110001  22.110001  22.030001  22.049999  22.049999       0
2022-12-19 11:04:00-05:00  22.049999  22.070000  22.049999  22.059999  22.059999       0
2022-12-19 11:06:00-05:00  22.040001  22.049999  22.030001  22.040001  22.040001       0
2022-12-19 11:08:00-05:00  22.020000  22.040001  22.020000  22.030001  22.030001       0
2022-12-19 11:10:00-05:00  22.030001  22.040001  21.980000  21.980000  21.980000       0
2022-12-19 11:12:00-05:00  21.990000  22.000000  21.969999  21.980000  21.980000       0
2022-12-19 11:14:00-05:00  21.990000  22.000000  21.980000  21.980000  21.980000       0
2022-12-19 11:16:00-05:00  21.980000  21.980000  21.900000  21.900000  21.900000       0
2022-12-19 11:18:00-05:00  21.910000  21.910000  21.879999  21.900000  21.900000       0
2022-12-19 11:20:00-05:00  21.900000  21.900000  21.860001  21.870001  21.870001       0
2022-12-19 11:22:00-05:00  21.889999  21.940001  21.889999  21.940001  21.940001       0
2022-12-19 11:24:00-05:00  21.900000  21.900000  21.799999  21.799999  21.799999       0
2022-12-19 11:26:00-05:00  21.780001  21.840000  21.780001  21.830000  21.830000       0
2022-12-19 11:28:00-05:00  21.850000  21.850000  21.790001  21.799999  21.799999       0
2022-12-19 11:30:00-05:00  21.809999  21.850000  21.809999  21.850000  21.850000       0
2022-12-19 11:32:00-05:00  21.840000  21.900000  21.840000  21.900000  21.900000       0
2022-12-19 11:34:00-05:00  21.900000  21.959999  21.900000  21.959999  21.959999       0
2022-12-19 11:36:00-05:00  21.980000  21.980000  21.950001  21.980000  21.980000       0
2022-12-19 11:38:00-05:00  21.969999  21.990000  21.950001  21.950001  21.950001       0
2022-12-19 11:40:00-05:00  21.959999  22.059999  21.959999  22.040001  22.040001       0
2022-12-19 11:42:00-05:00  22.030001  22.030001  21.969999  21.990000  21.990000       0
2022-12-19 11:44:00-05:00  21.980000  21.990000  21.920000  21.920000  21.920000       0
2022-12-19 11:46:00-05:00  21.910000  21.910000  21.879999  21.889999  21.889999       0
2022-12-19 11:48:00-05:00  21.889999  21.889999  21.870001  21.889999  21.889999       0
2022-12-19 11:50:00-05:00  21.879999  21.889999  21.870001  21.879999  21.879999       0
2022-12-19 11:52:00-05:00  21.860001  21.860001  21.850000  21.850000  21.850000       0
2022-12-19 11:54:00-05:00  21.840000  21.850000  21.809999  21.820000  21.820000       0
2022-12-19 11:56:00-05:00  21.830000  21.879999  21.830000  21.870001  21.870001       0
2022-12-19 11:58:00-05:00  21.870001  21.900000  21.860001  21.900000  21.900000       0
2022-12-19 12:00:00-05:00  21.900000  21.900000  21.830000  21.840000  21.840000       0
2022-12-19 12:02:00-05:00  21.840000  21.840000  21.770000  21.790001  21.790001       0
2022-12-19 12:04:00-05:00  21.790001  21.830000  21.790001  21.820000  21.820000       0
2022-12-19 12:06:00-05:00  21.820000  21.820000  21.760000  21.760000  21.760000       0
2022-12-19 12:08:00-05:00  21.770000  21.770000  21.740000  21.750000  21.750000       0
2022-12-19 12:10:00-05:00  21.760000  21.790001  21.760000  21.790001  21.790001       0
2022-12-19 12:12:00-05:00  21.770000  21.780001  21.750000  21.750000  21.750000       0
2022-12-19 12:14:00-05:00  21.740000  21.740000  21.690001  21.690001  21.690001       0
2022-12-19 12:16:00-05:00  21.680000  21.680000  21.670000  21.680000  21.680000       0
2022-12-19 12:18:00-05:00  21.690001  21.690001  21.680000  21.680000  21.680000       0
2022-12-19 12:20:00-05:00  21.650000  21.660000  21.639999  21.639999  21.639999       0
2022-12-19 12:22:00-05:00  21.639999  21.639999  21.629999  21.639999  21.639999       0
2022-12-19 12:24:00-05:00  21.639999  21.670000  21.639999  21.660000  21.660000       0
2022-12-19 12:26:00-05:00  21.670000  21.680000  21.660000  21.680000  21.680000       0
2022-12-19 12:28:00-05:00  21.670000  21.690001  21.660000  21.660000  21.660000       0
2022-12-19 12:30:00-05:00  21.660000  21.670000  21.629999  21.629999  21.629999       0
2022-12-19 12:32:00-05:00  21.629999  21.680000  21.629999  21.650000  21.650000       0
2022-12-19 12:34:00-05:00  21.660000  21.690001  21.660000  21.660000  21.660000       0
2022-12-19 12:36:00-05:00  21.650000  21.650000  21.610001  21.620001  21.620001       0
2022-12-19 12:38:00-05:00  21.629999  21.639999  21.620001  21.639999  21.639999       0
2022-12-19 12:40:00-05:00  21.639999  21.680000  21.639999  21.680000  21.680000       0
2022-12-19 12:42:00-05:00  21.680000  21.680000  21.670000  21.670000  21.670000       0
2022-12-19 12:44:00-05:00  21.690001  21.700001  21.690001  21.690001  21.690001       0
2022-12-19 12:46:00-05:00  21.680000  21.700001  21.650000  21.650000  21.650000       0
2022-12-19 12:48:00-05:00  21.650000  21.660000  21.629999  21.660000  21.660000       0
2022-12-19 12:50:00-05:00  21.670000  21.680000  21.670000  21.680000  21.680000       0
2022-12-19 12:52:00-05:00  21.690001  21.709999  21.690001  21.700001  21.700001       0
2022-12-19 12:54:00-05:00  21.719999  21.760000  21.719999  21.760000  21.760000       0
2022-12-19 12:56:00-05:00  21.760000  21.790001  21.760000  21.780001  21.780001       0
2022-12-19 12:58:00-05:00  21.780001  21.809999  21.780001  21.799999  21.799999       0
2022-12-19 13:00:00-05:00  21.799999  21.830000  21.790001  21.830000  21.830000       0
2022-12-19 13:02:00-05:00  21.840000  21.860001  21.799999  21.799999  21.799999       0
2022-12-19 13:04:00-05:00  21.809999  21.809999  21.690001  21.690001  21.690001       0
2022-12-19 13:06:00-05:00  21.690001  21.740000  21.690001  21.740000  21.740000       0
2022-12-19 13:08:00-05:00  21.740000  21.780001  21.740000  21.770000  21.770000       0
2022-12-19 13:10:00-05:00  21.780001  21.780001  21.740000  21.760000  21.760000       0
2022-12-19 13:12:00-05:00  21.740000  21.760000  21.740000  21.750000  21.750000       0
2022-12-19 13:14:00-05:00  21.740000  21.740000  21.719999  21.730000  21.730000       0
2022-12-19 13:16:00-05:00  21.770000  21.780001  21.760000  21.770000  21.770000       0
2022-12-19 13:18:00-05:00  21.770000  21.820000  21.770000  21.820000  21.820000       0
2022-12-19 13:20:00-05:00  21.799999  21.799999  21.770000  21.780001  21.780001       0
2022-12-19 13:22:00-05:00  21.780001  21.780001  21.740000  21.760000  21.760000       0
2022-12-19 13:24:00-05:00  21.760000  21.770000  21.760000  21.760000  21.760000       0
2022-12-19 13:26:00-05:00  21.750000  21.790001  21.740000  21.790001  21.790001       0
2022-12-19 13:28:00-05:00  21.790001  21.840000  21.790001  21.840000  21.840000       0
2022-12-19 13:30:00-05:00  21.830000  21.840000  21.830000  21.840000  21.840000       0
2022-12-19 13:32:00-05:00  21.850000  21.900000  21.850000  21.879999  21.879999       0
2022-12-19 13:34:00-05:00  21.889999  21.940001  21.889999  21.920000  21.920000       0
2022-12-19 13:36:00-05:00  21.920000  21.940001  21.900000  21.920000  21.920000       0
2022-12-19 13:38:00-05:00  21.940001  21.940001  21.900000  21.920000  21.920000       0
2022-12-19 13:40:00-05:00  21.910000  22.000000  21.910000  22.000000  22.000000       0
2022-12-19 13:42:00-05:00  21.990000  22.080000  21.990000  22.080000  22.080000       0
2022-12-19 13:44:00-05:00  22.090000  22.180000  22.090000  22.180000  22.180000       0
2022-12-19 13:46:00-05:00  22.160000  22.290001  22.160000  22.290001  22.290001       0
2022-12-19 13:48:00-05:00  22.299999  22.309999  22.219999  22.219999  22.219999       0
2022-12-19 13:50:00-05:00  22.219999  22.250000  22.219999  22.240000  22.240000       0
2022-12-19 13:52:00-05:00  22.250000  22.250000  22.200001  22.230000  22.230000       0
2022-12-19 13:54:00-05:00  22.230000  22.320000  22.230000  22.320000  22.320000       0
2022-12-19 13:56:00-05:00  22.309999  22.350000  22.309999  22.350000  22.350000       0
2022-12-19 13:58:00-05:00  22.379999  22.379999  22.330000  22.350000  22.350000       0
2022-12-19 14:00:00-05:00  22.360001  22.549999  22.360001  22.549999  22.549999       0
2022-12-19 14:02:00-05:00  22.580000  22.610001  22.580000  22.590000  22.590000       0
2022-12-19 14:04:00-05:00  22.610001  22.680000  22.610001  22.639999  22.639999       0
2022-12-19 14:06:00-05:00  22.559999  22.559999  22.350000  22.379999  22.379999       0
2022-12-19 14:08:00-05:00  22.400000  22.450001  22.400000  22.440001  22.440001       0
2022-12-19 14:10:00-05:00  22.430000  22.440001  22.370001  22.370001  22.370001       0
2022-12-19 14:12:00-05:00  22.379999  22.379999  22.340000  22.370001  22.370001       0
2022-12-19 14:14:00-05:00  22.420000  22.490000  22.420000  22.490000  22.490000       0
2022-12-19 14:16:00-05:00  22.490000  22.500000  22.469999  22.469999  22.469999       0
2022-12-19 14:18:00-05:00  22.480000  22.500000  22.480000  22.490000  22.490000       0
2022-12-19 14:20:00-05:00  22.500000  22.500000  22.420000  22.420000  22.420000       0
2022-12-19 14:22:00-05:00  22.389999  22.450001  22.350000  22.450001  22.450001       0
2022-12-19 14:24:00-05:00  22.450001  22.490000  22.450001  22.480000  22.480000       0
2022-12-19 14:26:00-05:00  22.469999  22.469999  22.400000  22.420000  22.420000       0
2022-12-19 14:28:00-05:00  22.420000  22.480000  22.420000  22.469999  22.469999       0
2022-12-19 14:30:00-05:00  22.500000  22.500000  22.469999  22.480000  22.480000       0
2022-12-19 14:32:00-05:00  22.480000  22.480000  22.400000  22.400000  22.400000       0
2022-12-19 14:34:00-05:00  22.360001  22.360001  22.320000  22.340000  22.340000       0
2022-12-19 14:36:00-05:00  22.340000  22.410000  22.340000  22.340000  22.340000       0
2022-12-19 14:38:00-05:00  22.340000  22.370001  22.340000  22.360001  22.360001       0
2022-12-19 14:40:00-05:00  22.350000  22.450001  22.350000  22.450001  22.450001       0
2022-12-19 14:42:00-05:00  22.450001  22.490000  22.450001  22.480000  22.480000       0
2022-12-19 14:44:00-05:00  22.440001  22.450001  22.299999  22.299999  22.299999       0
2022-12-19 14:46:00-05:00  22.250000  22.250000  22.209999  22.240000  22.240000       0
2022-12-19 14:48:00-05:00  22.250000  22.379999  22.250000  22.379999  22.379999       0
2022-12-19 14:50:00-05:00  22.389999  22.530001  22.389999  22.530001  22.530001       0
2022-12-19 14:52:00-05:00  22.540001  22.559999  22.510000  22.530001  22.530001       0
2022-12-19 14:54:00-05:00  22.530001  22.549999  22.469999  22.469999  22.469999       0
2022-12-19 14:56:00-05:00  22.480000  22.540001  22.480000  22.510000  22.510000       0
2022-12-19 14:58:00-05:00  22.500000  22.500000  22.400000  22.400000  22.400000       0
2022-12-19 15:00:00-05:00  22.400000  22.490000  22.400000  22.490000  22.490000       0
2022-12-19 15:02:00-05:00  22.500000  22.540001  22.500000  22.520000  22.520000       0
2022-12-19 15:04:00-05:00  22.490000  22.549999  22.490000  22.540001  22.540001       0
2022-12-19 15:06:00-05:00  22.540001  22.580000  22.540001  22.570000  22.570000       0
2022-12-19 15:08:00-05:00  22.570000  22.570000  22.500000  22.520000  22.520000       0
2022-12-19 15:10:00-05:00  22.520000  22.530001  22.469999  22.480000  22.480000       0
2022-12-19 15:12:00-05:00  22.510000  22.510000  22.469999  22.500000  22.500000       0
2022-12-19 15:14:00-05:00  22.510000  22.549999  22.510000  22.510000  22.510000       0
2022-12-19 15:16:00-05:00  22.480000  22.490000  22.450001  22.469999  22.469999       0
2022-12-19 15:18:00-05:00  22.459999  22.480000  22.459999  22.469999  22.469999       0
2022-12-19 15:20:00-05:00  22.450001  22.500000  22.450001  22.459999  22.459999       0
2022-12-19 15:22:00-05:00  22.469999  22.530001  22.469999  22.530001  22.530001       0
2022-12-19 15:24:00-05:00  22.549999  22.549999  22.450001  22.450001  22.450001       0
2022-12-19 15:26:00-05:00  22.450001  22.490000  22.450001  22.490000  22.490000       0
2022-12-19 15:28:00-05:00  22.490000  22.520000  22.469999  22.490000  22.490000       0
2022-12-19 15:30:00-05:00  22.500000  22.500000  22.450001  22.450001  22.450001       0
2022-12-19 15:32:00-05:00  22.430000  22.490000  22.430000  22.440001  22.440001       0
2022-12-19 15:34:00-05:00  22.459999  22.469999  22.450001  22.459999  22.459999       0
2022-12-19 15:36:00-05:00  22.450001  22.450001  22.410000  22.410000  22.410000       0
2022-12-19 15:38:00-05:00  22.410000  22.549999  22.410000  22.549999  22.549999       0
2022-12-19 15:40:00-05:00  22.549999  22.620001  22.549999  22.590000  22.590000       0
2022-12-19 15:42:00-05:00  22.570000  22.580000  22.540001  22.570000  22.570000       0
2022-12-19 15:44:00-05:00  22.580000  22.600000  22.540001  22.540001  22.540001       0
2022-12-19 15:46:00-05:00  22.549999  22.549999  22.500000  22.530001  22.530001       0
2022-12-19 15:48:00-05:00  22.530001  22.570000  22.520000  22.570000  22.570000       0
2022-12-19 15:50:00-05:00  22.540001  22.540001  22.440001  22.459999  22.459999       0
2022-12-19 15:52:00-05:00  22.469999  22.469999  22.420000  22.420000  22.420000       0
2022-12-19 15:54:00-05:00  22.410000  22.420000  22.320000  22.330000  22.330000       0
2022-12-19 15:56:00-05:00  22.340000  22.340000  22.230000  22.230000  22.230000       0
2022-12-19 15:58:00-05:00  22.260000  22.280001  22.250000  22.250000  22.250000       0
2022-12-20 09:30:00-05:00  22.549999  22.610001  22.549999  22.559999  22.559999       0
2022-12-20 09:32:00-05:00  22.540001  22.620001  22.500000  22.500000  22.500000       0
2022-12-20 09:34:00-05:00  22.510000  22.549999  22.510000  22.549999  22.549999       0
2022-12-20 09:36:00-05:00  22.530001  22.530001  22.440001  22.440001  22.440001       0
2022-12-20 09:38:00-05:00  22.430000  22.430000  22.389999  22.389999  22.389999       0
2022-12-20 09:40:00-05:00  22.389999  22.530001  22.379999  22.469999  22.469999       0
2022-12-20 09:42:00-05:00  22.459999  22.650000  22.459999  22.600000  22.600000       0
2022-12-20 09:44:00-05:00  22.590000  22.629999  22.590000  22.610001  22.610001       0
2022-12-20 09:46:00-05:00  22.629999  22.740000  22.629999  22.670000  22.670000       0
2022-12-20 09:48:00-05:00  22.680000  22.709999  22.650000  22.650000  22.650000       0
2022-12-20 09:50:00-05:00  22.660000  22.730000  22.559999  22.559999  22.559999       0
2022-12-20 09:52:00-05:00  22.549999  22.650000  22.549999  22.650000  22.650000       0
2022-12-20 09:54:00-05:00  22.650000  22.660000  22.540001  22.540001  22.540001       0
2022-12-20 09:56:00-05:00  22.510000  22.510000  22.330000  22.330000  22.330000       0
2022-12-20 09:58:00-05:00  22.360001  22.400000  22.350000  22.350000  22.350000       0
2022-12-20 10:00:00-05:00  22.330000  22.330000  22.209999  22.250000  22.250000       0
2022-12-20 10:02:00-05:00  22.270000  22.270000  22.240000  22.260000  22.260000       0
2022-12-20 10:04:00-05:00  22.250000  22.250000  22.150000  22.150000  22.150000       0
2022-12-20 10:06:00-05:00  22.139999  22.180000  22.139999  22.180000  22.180000       0
2022-12-20 10:08:00-05:00  22.190001  22.209999  22.170000  22.209999  22.209999       0
2022-12-20 10:10:00-05:00  22.240000  22.290001  22.230000  22.280001  22.280001       0
2022-12-20 10:12:00-05:00  22.280001  22.280001  22.190001  22.200001  22.200001       0
2022-12-20 10:14:00-05:00  22.209999  22.209999  22.180000  22.180000  22.180000       0
2022-12-20 10:16:00-05:00  22.120001  22.120001  22.059999  22.059999  22.059999       0
2022-12-20 10:18:00-05:00  22.059999  22.080000  22.000000  22.080000  22.080000       0
2022-12-20 10:20:00-05:00  22.090000  22.090000  21.940001  21.940001  21.940001       0
2022-12-20 10:22:00-05:00  21.930000  21.959999  21.879999  21.920000  21.920000       0
2022-12-20 10:24:00-05:00  21.940001  21.940001  21.900000  21.900000  21.900000       0
2022-12-20 10:26:00-05:00  21.900000  21.969999  21.900000  21.959999  21.959999       0
2022-12-20 10:28:00-05:00  21.930000  21.930000  21.840000  21.850000  21.850000       0
2022-12-20 10:30:00-05:00  21.850000  21.850000  21.799999  21.799999  21.799999       0
2022-12-20 10:32:00-05:00  21.809999  21.809999  21.750000  21.770000  21.770000       0
2022-12-20 10:34:00-05:00  21.770000  21.820000  21.770000  21.799999  21.799999       0
2022-12-20 10:36:00-05:00  21.820000  21.820000  21.750000  21.750000  21.750000       0
2022-12-20 10:38:00-05:00  21.750000  21.770000  21.750000  21.770000  21.770000       0