                                Open       High        Low      Close  Adj Close  Volume
Datetime                                                                                
2023-03-14 10:54:00-04:00  22.469999  22.490000  22.469999  22.480000  22.480000       0
2023-03-14 10:56:00-04:00  22.480000  22.580000  22.480000  22.580000  22.580000       0
2023-03-14 10:58:00-04:00  22.559999  22.780001  22.559999  22.770000  22.770000       0
2023-03-14 11:00:00-04:00  22.809999  22.820000  22.770000  22.770000  22.770000       0
2023-03-14 11:02:00-04:00  22.809999  22.809999  22.700001  22.700001  22.700001       0
2023-03-14 11:04:00-04:00  22.700001  22.700001  22.650000  22.660000  22.660000       0
2023-03-14 11:06:00-04:00  22.650000  22.650000  22.600000  22.600000  22.600000       0
2023-03-14 11:08:00-04:00  22.590000  22.590000  22.510000  22.540001  22.540001       0
2023-03-14 11:10:00-04:00  22.540001  22.540001  22.510000  22.510000  22.510000       0
2023-03-14 11:12:00-04:00  22.520000  22.520000  22.459999  22.459999  22.459999       0
2023-03-14 11:14:00-04:00  22.480000  22.480000  22.450001  22.450001  22.450001       0
2023-03-14 11:16:00-04:00  22.440001  22.440001  22.379999  22.379999  22.379999       0
2023-03-14 11:18:00-04:00  22.379999  22.400000  22.370001  22.400000  22.400000       0
2023-03-14 11:20:00-04:00  22.389999  22.400000  22.379999  22.389999  22.389999       0
2023-03-14 11:22:00-04:00  22.379999  22.400000  22.379999  22.379999  22.379999       0
2023-03-14 11:24:00-04:00  22.379999  22.379999  22.330000  22.330000  22.330000       0
2023-03-14 11:26:00-04:00  22.320000  22.350000  22.280001  22.320000  22.320000       0
2023-03-14 11:28:00-04:00  22.320000  22.370001  22.320000  22.350000  22.350000       0
2023-03-14 11:30:00-04:00  22.370001  22.370001  22.299999  22.330000  22.330000       0
2023-03-14 11:32:00-04:00  22.340000  22.340000  22.290001  22.290001  22.290001       0
2023-03-14 11:34:00-04:00  22.290001  22.350000  22.290001  22.330000  22.330000       0
2023-03-14 11:36:00-04:00  22.330000  22.389999  22.330000  22.330000  22.330000       0
2023-03-14 11:38:00-04:00  22.309999  22.320000  22.299999  22.299999  22.299999       0
2023-03-14 11:40:00-04:00  22.280001  22.290001  22.270000  22.280001  22.280001       0
2023-03-14 11:42:00-04:00  22.290001  22.340000  22.290001  22.340000  22.340000       0
2023-03-14 11:44:00-04:00  22.330000  22.410000  22.309999  22.410000  22.410000       0
2023-03-14 11:46:00-04:00  22.389999  22.520000  22.389999  22.520000  22.520000       0
2023-03-14 11:48:00-04:00  22.530001  22.559999  22.520000  22.559999  22.559999       0
2023-03-14 11:50:00-04:00  22.559999  22.559999  22.530001  22.530001  22.530001       0
2023-03-14 11:52:00-04:00  22.510000  22.510000  22.480000  22.500000  22.500000       0
2023-03-14 11:54:00-04:00  22.490000  22.530001  22.490000  22.530001  22.530001       0
2023-03-14 11:56:00-04:00  22.549999  22.549999  22.530001  22.549999  22.549999       0
2023-03-14 11:58:00-04:00  22.549999  22.580000  22.540001  22.559999  22.559999       0
2023-03-14 12:00:00-04:00  22.570000  22.570000  22.510000  22.510000  22.510000       0
2023-03-14 12:02:00-04:00  22.520000  22.610001  22.520000  22.610001  22.610001       0
2023-03-14 12:04:00-04:00  22.629999  22.690001  22.629999  22.690001  22.690001       0
2023-03-14 12:06:00-04:00  22.700001  22.770000  22.700001  22.750000  22.750000       0
2023-03-14 12:08:00-04:00  22.770000  22.790001  22.709999  22.709999  22.709999       0
2023-03-14 12:10:00-04:00  22.709999  22.709999  22.690001  22.700001  22.700001       0
2023-03-14 12:12:00-04:00  22.700001  22.700001  22.620001  22.620001  22.620001       0
2023-03-14 12:14:00-04:00  22.580000  22.600000  22.570000  22.580000  22.580000       0
2023-03-14 12:16:00-04:00  22.600000  22.650000  22.600000  22.639999  22.639999       0
2023-03-14 12:18:00-04:00  22.660000  22.690001  22.639999  22.650000  22.650000       0
2023-03-14 12:20:00-04:00  22.650000  22.750000  22.650000  22.740000  22.740000       0
2023-03-14 12:22:00-04:00  22.740000  22.790001  22.719999  22.719999  22.719999       0
2023-03-14 12:24:00-04:00  22.709999  22.900000  22.709999  22.900000  22.900000       0
2023-03-14 12:26:00-04:00  22.930000  22.930000  22.850000  22.860001  22.860001       0
2023-03-14 12:28:00-04:00  22.860001  22.900000  22.860001  22.900000  22.900000       0
2023-03-14 12:30:00-04:00  22.910000  22.910000  22.860001  22.889999  22.889999       0
2023-03-14 12:32:00-04:00  22.870001  22.870001  22.770000  22.770000  22.770000       0
2023-03-14 12:34:00-04:00  22.760000  22.760000  22.709999  22.709999  22.709999       0
2023-03-14 12:36:00-04:00  22.700001  22.700001  22.600000  22.610001  22.610001       0
2023-03-14 12:38:00-04:00  22.610001  22.639999  22.590000  22.639999  22.639999       0
2023-03-14 12:40:00-04:00  22.620001  22.770000  22.620001  22.750000  22.750000       0
2023-03-14 12:42:00-04:00  22.900000  22.920000  22.870001  22.879999  22.879999       0
2023-03-14 12:44:00-04:00  22.879999  22.879999  22.799999  22.870001  22.870001       0
2023-03-14 12:46:00-04:00  22.879999  22.879999  22.760000  22.760000  22.760000       0
2023-03-14 12:48:00-04:00  22.770000  22.790001  22.639999  22.650000  22.650000       0
2023-03-14 12:50:00-04:00  22.650000  23.000000  22.629999  23.000000  23.000000       0
2023-03-14 12:52:00-04:00  23.080000  23.240000  23.080000  23.230000  23.230000       0
2023-03-14 12:54:00-04:00  23.190001  23.370001  23.170000  23.370001  23.370001       0
2023-03-14 12:56:00-04:00  23.340000  23.389999  23.260000  23.260000  23.260000       0
2023-03-14 12:58:00-04:00  23.200001  23.200001  23.059999  23.080000  23.080000       0
2023-03-14 13:00:00-04:00  23.120001  23.120001  23.049999  23.059999  23.059999       0
2023-03-14 13:02:00-04:00  23.059999  23.100000  23.049999  23.080000  23.080000       0
2023-03-14 13:04:00-04:00  23.100000  23.260000  23.100000  23.260000  23.260000       0
2023-03-14 13:06:00-04:00  23.299999  23.370001  23.299999  23.370001  23.370001       0
2023-03-14 13:08:00-04:00  23.360001  23.500000  23.360001  23.500000  23.500000       0
2023-03-14 13:10:00-04:00  23.549999  23.650000  23.549999  23.650000  23.650000       0
2023-03-14 13:12:00-04:00  23.639999  23.680000  23.590000  23.680000  23.680000       0
2023-03-14 13:14:00-04:00  23.690001  24.010000  23.670000  24.010000  24.010000       0
2023-03-14 13:16:00-04:00  24.040001  24.610001  24.040001  24.340000  24.340000       0
2023-03-14 13:18:00-04:00  24.280001  24.280001  24.049999  24.240000  24.240000       0
2023-03-14 13:20:00-04:00  24.230000  24.469999  24.230000  24.469999  24.469999       0
2023-03-14 13:22:00-04:00  24.510000  24.700001  24.410000  24.410000  24.410000       0
2023-03-14 13:24:00-04:00  24.360001  24.480000  24.320000  24.360001  24.360001       0
2023-03-14 13:26:00-04:00  24.360001  24.360001  23.879999  23.930000  23.930000       0
2023-03-14 13:28:00-04:00  23.879999  24.120001  23.879999  24.120001  24.120001       0
2023-03-14 13:30:00-04:00  24.139999  24.330000  24.139999  24.200001  24.200001       0
2023-03-14 13:32:00-04:00  24.219999  24.350000  24.139999  24.270000  24.270000       0
2023-03-14 13:34:00-04:00  24.280001  24.290001  24.090000  24.090000  24.090000       0
2023-03-14 13:36:00-04:00  24.070000  24.070000  23.940001  23.940001  23.940001       0
2023-03-14 13:38:00-04:00  23.930000  23.930000  23.709999  23.719999  23.719999       0
2023-03-14 13:40:00-04:00  23.709999  23.870001  23.610001  23.840000  23.840000       0
2023-03-14 13:42:00-04:00  23.860001  24.100000  23.860001  24.100000  24.100000       0
2023-03-14 13:44:00-04:00  24.250000  24.510000  24.250000  24.299999  24.299999       0
2023-03-14 13:46:00-04:00  24.180000  24.230000  24.160000  24.209999  24.209999       0
2023-03-14 13:48:00-04:00  24.230000  24.230000  24.150000  24.150000  24.150000       0
2023-03-14 13:50:00-04:00  24.100000  24.160000  24.080000  24.080000  24.080000       0
2023-03-14 13:52:00-04:00  24.049999  24.110001  23.990000  24.090000  24.090000       0
2023-03-14 13:54:00-04:00  24.090000  24.230000  24.059999  24.230000  24.230000       0
2023-03-14 13:56:00-04:00  24.209999  24.490000  24.209999  24.290001  24.290001       0
2023-03-14 13:58:00-04:00  24.320000  24.440001  24.320000  24.370001  24.370001       0
2023-03-14 14:00:00-04:00  24.430000  24.600000  24.290001  24.600000  24.600000       0
2023-03-14 14:02:00-04:00  24.549999  24.650000  24.520000  24.650000  24.650000       0
2023-03-14 14:04:00-04:00  24.709999  24.790001  24.680000  24.790001  24.790001       0
2023-03-14 14:06:00-04:00  24.790001  24.850000  24.750000  24.850000  24.850000       0
2023-03-14 14:08:00-04:00  24.889999  25.080000  24.790001  24.790001  24.790001       0
2023-03-14 14:10:00-04:00  24.780001  24.780001  24.490000  24.500000  24.500000       0
2023-03-14 14:12:00-04:00  24.459999  24.510000  24.440001  24.510000  24.510000       0
2023-03-14 14:14:00-04:00  24.490000  24.650000  24.490000  24.650000  24.650000       0
2023-03-14 14:16:00-04:00  24.680000  24.830000  24.680000  24.830000  24.830000       0
2023-03-14 14:18:00-04:00  24.860001  24.860001  24.580000  24.580000  24.580000       0
2023-03-14 14:20:00-04:00  24.559999  24.780001  24.559999  24.670000  24.670000       0
2023-03-14 14:22:00-04:00  24.700001  24.830000  24.700001  24.770000  24.770000       0
2023-03-14 14:24:00-04:00  24.790001  24.790001  24.540001  24.540001  24.540001       0
2023-03-14 14:26:00-04:00  24.469999  24.469999  24.240000  24.240000  24.240000       0
2023-03-14 14:28:00-04:00  24.219999  24.230000  24.080000  24.139999  24.139999       0
2023-03-14 14:30:00-04:00  24.170000  24.260000  24.129999  24.129999  24.129999       0
2023-03-14 14:32:00-04:00  24.120001  24.200001  24.080000  24.160000  24.160000       0
2023-03-14 14:34:00-04:00  24.139999  24.170000  24.129999  24.170000  24.170000       0
2023-03-14 14:36:00-04:00  24.219999  24.330000  24.219999  24.290001  24.290001       0
2023-03-14 14:38:00-04:00  24.270000  24.350000  24.209999  24.350000  24.350000       0
2023-03-14 14:40:00-04:00  24.350000  24.530001  24.320000  24.500000  24.500000       0
2023-03-14 14:42:00-04:00  24.520000  24.520000  24.420000  24.480000  24.480000       0
2023-03-14 14:44:00-04:00  24.490000  24.490000  24.430000  24.430000  24.430000       0
2023-03-14 14:46:00-04:00  24.450001  24.490000  24.450001  24.450001  24.450001       0
2023-03-14 14:48:00-04:00  24.370001  24.370001  24.209999  24.299999  24.299999       0
2023-03-14 14:50:00-04:00  24.299999  24.389999  24.180000  24.180000  24.180000       0
2023-03-14 14:52:00-04:00  24.209999  24.209999  24.190001  24.209999  24.209999       0
2023-03-14 14:54:00-04:00  24.230000  24.370001  24.230000  24.360001  24.360001       0
2023-03-14 14:56:00-04:00  24.360001  24.570000  24.360001  24.570000  24.570000       0
2023-03-14 14:58:00-04:00  24.580000  24.680000  24.580000  24.680000  24.680000       0
2023-03-14 15:00:00-04:00  24.660000  24.660000  24.580000  24.580000  24.580000       0
2023-03-14 15:02:00-04:00  24.500000  24.610001  24.500000  24.559999  24.559999       0
2023-03-14 15:04:00-04:00  24.510000  24.590000  24.510000  24.559999  24.559999       0
2023-03-14 15:06:00-04:00  24.540001  24.690001  24.540001  24.690001  24.690001       0
2023-03-14 15:08:00-04:00  24.719999  25.090000  24.650000  25.059999  25.059999       0
2023-03-14 15:10:00-04:00  25.059999  25.270000  25.059999  25.240000  25.240000       0
2023-03-14 15:12:00-04:00  25.240000  25.340000  25.200001  25.240000  25.240000       0
2023-03-14 15:14:00-04:00  25.250000  25.290001  25.219999  25.270000  25.270000       0
2023-03-14 15:16:00-04:00  25.230000  25.290001  25.100000  25.100000  25.100000       0
2023-03-14 15:18:00-04:00  25.080000  25.080000  24.860001  24.860001  24.860001       0
2023-03-14 15:20:00-04:00  24.809999  24.840000  24.780001  24.780001  24.780001       0
2023-03-14 15:22:00-04:00  24.780001  24.850000  24.719999  24.850000  24.850000       0
2023-03-14 15:24:00-04:00  24.850000  24.959999  24.850000  24.920000  24.920000       0
2023-03-14 15:26:00-04:00  24.870001  24.920000  24.780001  24.790001  24.790001       0
2023-03-14 15:28:00-04:00  24.709999  24.740000  24.700001  24.719999  24.719999       0
2023-03-14 15:30:00-04:00  24.750000  24.830000  24.620001  24.620001  24.620001       0
2023-03-14 15:32:00-04:00  24.629999  24.670000  24.540001  24.570000  24.570000       0
2023-03-14 15:34:00-04:00  24.570000  24.620001  24.480000  24.500000  24.500000       0
2023-03-14 15:36:00-04:00  24.510000  24.510000  24.280001  24.280001  24.280001       0
2023-03-14 15:38:00-04:00  24.299999  24.430000  24.299999  24.430000  24.430000       0
2023-03-14 15:40:00-04:00  24.500000  24.580000  24.500000  24.520000  24.520000       0
2023-03-14 15:42:00-04:00  24.510000  24.540001  24.480000  24.480000  24.480000       0
2023-03-14 15:44:00-04:00  24.530001  24.530001  24.410000  24.469999  24.469999       0
2023-03-14 15:46:00-04:00  24.549999  24.629999  24.520000  24.520000  24.520000       0
2023-03-14 15:48:00-04:00  24.469999  24.480000  24.420000  24.420000  24.420000       0
2023-03-14 15:50:00-04:00  24.400000  24.400000  24.160000  24.240000  24.240000       0
2023-03-14 15:52:00-04:00  24.250000  24.299999  24.170000  24.299999  24.299999       0
2023-03-14 15:54:00-04:00  24.299999  24.320000  24.090000  24.090000  24.090000       0
2023-03-14 15:56:00-04:00  23.990000  24.000000  23.750000  23.750000  23.750000       0
2023-03-14 15:58:00-04:00  23.730000  23.740000  23.620001  23.620001  23.620001       0
2023-03-15 09:32:00-04:00  26.850000  26.860001  26.750000  26.790001  26.790001       0
2023-03-15 09:34:00-04:00  26.750000  26.920000  26.400000  26.900000  26.900000       0
2023-03-15 09:36:00-04:00  27.100000  27.209999  27.020000  27.209999  27.209999       0
2023-03-15 09:38:00-04:00  27.070000  27.070000  26.780001  26.860001  26.860001       0
2023-03-15 09:40:00-04:00  26.830000  26.990000  26.790001  26.790001  26.790001       0
2023-03-15 09:42:00-04:00  26.799999  26.799999  26.410000  26.540001  26.540001       0
2023-03-15 09:44:00-04:00  26.520000  26.620001  26.490000  26.580000  26.580000       0
2023-03-15 09:46:00-04:00  26.559999  26.809999  26.559999  26.650000  26.650000       0
2023-03-15 09:48:00-04:00  26.629999  26.629999  26.530001  26.530001  26.530001       0
2023-03-15 09:50:00-04:00  26.500000  26.670000  26.500000  26.670000  26.670000       0
2023-03-15 09:52:00-04:00  26.680000  26.790001  26.540001  26.760000  26.760000       0
2023-03-15 09:54:00-04:00  26.690001  26.790001  26.660000  26.790001  26.790001       0
2023-03-15 09:56:00-04:00  26.870001  27.280001  26.870001  27.260000  27.260000       0
2023-03-15 09:58:00-04:00  27.280001  27.280001  27.059999  27.059999  27.059999       0
2023-03-15 10:00:00-04:00  27.110001  27.379999  27.110001  27.379999  27.379999       0
2023-03-15 10:02:00-04:00  27.389999  27.430000  27.190001  27.360001  27.360001       0
2023-03-15 10:04:00-04:00  27.350000  27.350000  26.809999  26.959999  26.959999       0
2023-03-15 10:06:00-04:00  26.969999  26.969999  26.450001  26.450001  26.450001       0
2023-03-15 10:08:00-04:00  26.490000  26.709999  26.400000  26.709999  26.709999       0
2023-03-15 10:10:00-04:00  26.750000  26.750000  26.610001  26.750000  26.750000       0
2023-03-15 10:12:00-04:00  26.790001  26.900000  26.790001  26.860001  26.860001       0
2023-03-15 10:14:00-04:00  26.879999  27.160000  26.879999  27.120001  27.120001       0
2023-03-15 10:16:00-04:00  27.100000  27.350000  27.020000  27.290001  27.290001       0
2023-03-15 10:18:00-04:00  27.100000  27.309999  26.950001  27.190001  27.190001       0
2023-03-15 10:20:00-04:00  27.100000  27.100000  26.930000  26.930000  26.930000       0
2023-03-15 10:22:00-04:00  26.920000  27.049999  26.850000  27.049999  27.049999       0
2023-03-15 10:24:00-04:00  27.030001  27.250000  27.030001  27.250000  27.250000       0
2023-03-15 10:26:00-04:00  27.190001  27.490000  27.190001  27.490000  27.490000       0
2023-03-15 10:28:00-04:00  27.540001  27.540001  27.250000  27.260000  27.260000       0
2023-03-15 10:30:00-04:00  27.270000  27.469999  27.270000  27.430000  27.430000       0
2023-03-15 10:32:00-04:00  27.340000  27.639999  27.340000  27.590000  27.590000       0
2023-03-15 10:34:00-04:00  27.520000  27.830000  27.520000  27.719999  27.719999       0
2023-03-15 10:36:00-04:00  27.639999  27.719999  27.480000  27.719999  27.719999       0
2023-03-15 10:38:00-04:00  27.740000  27.799999  27.700001  27.700001  27.700001       0
2023-03-15 10:40:00-04:00  27.730000  27.879999  27.730000  27.879999  27.879999       0
2023-03-15 10:42:00-04:00  27.900000  28.010000  27.840000  27.969999  27.969999       0
2023-03-15 10:44:00-04:00  28.030001  28.080000  27.879999  27.879999  27.879999       0
2023-03-15 10:46:00-04:00  27.840000  27.959999  27.760000  27.930000  27.930000       0
2023-03-15 10:48:00-04:00  27.870001  27.980000  27.870001  27.980000  27.980000       0
2023-03-15 10:50:00-04:00  27.969999  28.209999  27.969999  28.209999  28.209999       0
2023-03-15 10:52:00-04:00  28.209999  28.209999  28.049999  28.049999  28.049999       0
2023-03-15 10:54:00-04:00  27.990000  27.990000  27.790001  27.850000  27.850000       0
2023-03-15 10:56:00-04:00  27.860001  27.860001  27.719999  27.719999  27.719999       0
2023-03-15 10:58:00-04:00  27.660000  27.670000  27.389999  27.389999  27.389999       0
2023-03-15 11:00:00-04:00  27.389999  27.639999  27.389999  27.570000  27.570000       0
2023-03-15 11:02:00-04:00  27.580000  27.580000  27.500000  27.510000  27.510000       0
2023-03-15 11:04:00-04:00  27.510000  27.690001  27.469999  27.670000  27.670000       0
2023-03-15 11:06:00-04:00  27.610001  27.610001  27.219999  27.250000  27.250000       0
2023-03-15 11:08:00-04:00  27.260000  27.480000  27.260000  27.480000  27.480000       0
2023-03-15 11:10:00-04:00  27.480000  27.500000  27.270000  27.270000  27.270000       0
2023-03-15 11:12:00-04:00  27.200001  27.200001  27.120001  27.190001  27.190001       0
2023-03-15 11:14:00-04:00  27.160000  27.180000  27.090000  27.090000  27.090000       0
2023-03-15 11:16:00-04:00  27.120001  27.200001  27.070000  27.180000  27.180000       0
2023-03-15 11:18:00-04:00  27.200001  27.230000  27.070000  27.070000  27.070000       0
2023-03-15 11:20:00-04:00  27.080000  27.520000  27.080000  27.520000  27.520000       0
2023-03-15 11:22:00-04:00  27.540001  27.590000  27.500000  27.580000  27.580000       0
2023-03-15 11:24:00-04:00  27.590000  27.780001  27.590000  27.660000  27.660000       0
2023-03-15 11:26:00-04:00  27.559999  27.559999  27.459999  27.459999  27.459999       0
2023-03-15 11:28:00-04:00  27.549999  27.650000  27.549999  27.580000  27.580000       0
2023-03-15 11:30:00-04:00  27.610001  27.639999  27.410000  27.410000  27.410000       0
2023-03-15 11:32:00-04:00  27.430000  27.660000  27.430000  27.660000  27.660000       0
2023-03-15 11:34:00-04:00  27.590000  27.719999  27.580000  27.719999  27.719999       0
2023-03-15 11:36:00-04:00  27.690001  27.920000  27.690001  27.920000  27.920000       0
2023-03-15 11:38:00-04:00  27.889999  27.889999  27.750000  27.850000  27.850000       0
2023-03-15 11:40:00-04:00  27.870001  27.870001  27.410000  27.629999  27.629999       0
2023-03-15 11:42:00-04:00  27.530001  27.650000  27.530001  27.650000  27.650000       0
2023-03-15 11:44:00-04:00  27.670000  27.670000  27.559999  27.559999  27.559999       0
2023-03-15 11:46:00-04:00  27.570000  27.570000  27.139999  27.139999  27.139999       0
2023-03-15 11:48:00-04:00  27.150000  27.420000  27.150000  27.230000  27.230000       0
2023-03-15 11:50:00-04:00  27.190001  27.600000  27.190001  27.600000  27.600000       0
2023-03-15 11:52:00-04:00  27.680000  27.750000  27.680000  27.730000  27.730000       0
2023-03-15 11:54:00-04:00  27.799999  27.990000  27.799999  27.959999  27.959999       0
2023-03-15 11:56:00-04:00  27.920000  27.980000  27.889999  27.920000  27.920000       0
2023-03-15 11:58:00-04:00  27.910000  27.940001  27.860001  27.940001  27.940001       0
2023-03-15 12:00:00-04:00  27.990000  27.990000  27.850000  27.900000  27.900000       0
2023-03-15 12:02:00-04:00  27.940001  27.940001  27.809999  27.879999  27.879999       0
2023-03-15 12:04:00-04:00  27.950001  28.320000  27.950001  28.240000  28.240000       0
2023-03-15 12:06:00-04:00  28.299999  28.450001  28.299999  28.440001  28.440001       0
2023-03-15 12:08:00-04:00  28.629999  28.650000  28.629999  28.650000  28.650000       0
2023-03-15 12:10:00-04:00  28.650000  28.770000  28.650000  28.770000  28.770000       0
2023-03-15 12:12:00-04:00  28.799999  28.830000  28.799999  28.799999  28.799999       0
2023-03-15 12:14:00-04:00  28.830000  28.840000  28.709999  28.750000  28.750000       0
2023-03-15 12:16:00-04:00  28.590000  28.590000  28.420000  28.570000  28.570000       0
2023-03-15 12:18:00-04:00  28.590000  28.730000  28.590000  28.719999  28.719999       0
2023-03-15 12:20:00-04:00  28.750000  28.780001  28.690001  28.690001  28.690001       0
2023-03-15 12:22:00-04:00  28.670000  28.969999  28.670000  28.969999  28.969999       0
2023-03-15 12:24:00-04:00  29.000000  29.150000  29.000000  29.150000  29.150000       0
2023-03-15 12:26:00-04:00  29.219999  29.389999  29.209999  29.389999  29.389999       0
2023-03-15 12:28:00-04:00  29.420000  29.450001  29.209999  29.209999  29.209999       0
2023-03-15 12:30:00-04:00  29.200001  29.200001  28.870001  28.870001  28.870001       0
2023-03-15 12:32:00-04:00  28.799999  28.799999  28.719999  28.740000  28.740000       0
2023-03-15 12:34:00-04:00  28.760000  28.969999  28.760000  28.950001  28.950001       0
2023-03-15 12:36:00-04:00  28.950001  29.180000  28.950001  29.180000  29.180000       0
2023-03-15 12:38:00-04:00  29.190001  29.330000  29.170000  29.309999  29.309999       0
2023-03-15 12:40:00-04:00  29.280001  29.440001  29.250000  29.400000  29.400000       0
2023-03-15 12:42:00-04:00  29.420000  29.420000  29.340000  29.340000  29.340000       0
2023-03-15 12:44:00-04:00  29.330000  29.330000  29.110001  29.110001  29.110001       0
2023-03-15 12:46:00-04:00  29.110001  29.110001  28.889999  28.889999  28.889999       0
2023-03-15 12:48:00-04:00  28.910000  29.010000  28.879999  28.969999  28.969999       0
2023-03-15 12:50:00-04:00  28.820000  29.170000  28.809999  29.139999  29.139999       0
2023-03-15 12:52:00-04:00  29.139999  29.270000  29.139999  29.270000  29.270000       0
2023-03-15 12:54:00-04:00  29.270000  29.410000  29.230000  29.410000  29.410000       0
2023-03-15 12:56:00-04:00  29.459999  29.830000  29.459999  29.830000  29.830000       0
2023-03-15 12:58:00-04:00  29.879999  29.879999  29.580000  29.580000  29.580000       0
2023-03-15 13:00:00-04:00  29.610001  29.639999  29.600000  29.629999  29.629999       0
2023-03-15 13:02:00-04:00  29.629999  29.750000  29.590000  29.750000  29.750000       0
2023-03-15 13:04:00-04:00  29.820000  29.910000  29.290001  29.350000  29.350000       0
2023-03-15 13:06:00-04:00  29.320000  29.320000  29.110001  29.209999  29.209999       0
2023-03-15 13:08:00-04:00  29.320000  29.360001  29.110001  29.139999  29.139999       0
2023-03-15 13:10:00-04:00  29.160000  29.160000  28.730000  28.730000  28.730000       0
2023-03-15 13:12:00-04:00  28.590000  28.590000  28.350000  28.350000  28.350000       0
2023-03-15 13:14:00-04:00  28.379999  28.379999  28.240000  28.280001  28.280001       0
2023-03-15 13:16:00-04:00  28.230000  28.230000  27.910000  28.070000  28.070000       0
2023-03-15 13:18:00-04:00  28.110001  28.250000  28.110001  28.150000  28.150000       0
2023-03-15 13:20:00-04:00  28.139999  28.320000  28.139999  28.240000  28.240000       0
2023-03-15 13:22:00-04:00  28.299999  28.370001  28.260000  28.260000  28.260000       0
2023-03-15 13:24:00-04:00  28.209999  28.250000  28.170000  28.219999  28.219999       0
2023-03-15 13:26:00-04:00  28.209999  28.230000  28.110001  28.219999  28.219999       0
2023-03-15 13:28:00-04:00  28.160000  28.160000  27.940001  27.940001  27.940001       0
2023-03-15 13:30:00-04:00  27.930000  28.129999  27.930000  28.120001  28.120001       0
2023-03-15 13:32:00-04:00  28.139999  28.459999  28.139999  28.410000  28.410000       0
2023-03-15 13:34:00-04:00  28.340000  28.340000  28.020000  28.020000  28.020000       0
2023-03-15 13:36:00-04:00  28.040001  28.240000  28.000000  28.219999  28.219999       0
2023-03-15 13:38:00-04:00  28.200001  28.549999  28.170000  28.500000  28.500000       0
2023-03-15 13:40:00-04:00  28.520000  28.860001  28.440001  28.860001  28.860001       0
2023-03-15 13:42:00-04:00  28.920000  28.930000  28.870001  28.889999  28.889999       0
2023-03-15 13:44:00-04:00  28.910000  28.920000  28.850000  28.879999  28.879999       0
2023-03-15 13:46:00-04:00  28.879999  29.030001  28.879999  28.900000  28.900000       0
2023-03-15 13:48:00-04:00  28.879999  28.990000  28.879999  28.889999  28.889999       0
2023-03-15 13:50:00-04:00  28.879999  28.900000  28.510000  28.510000  28.510000       0
2023-03-15 13:52:00-04:00  28.490000  28.490000  28.379999  28.379999  28.379999       0
2023-03-15 13:54:00-04:00  28.360001  28.360001  28.139999  28.139999  28.139999       0
2023-03-15 13:56:00-04:00  28.059999  28.180000  27.950001  28.180000  28.180000       0
2023-03-15 13:58:00-04:00  28.170000  28.280001  28.170000  28.270000  28.270000       0
2023-03-15 14:00:00-04:00  28.190001  28.350000  28.180000  28.350000  28.350000       0
2023-03-15 14:02:00-04:00  28.440001  28.600000  28.440001  28.570000  28.570000       0
2023-03-15 14:04:00-04:00  28.540001  28.650000  28.490000  28.650000  28.650000       0
2023-03-15 14:06:00-04:00  28.650000  28.650000  28.490000  28.490000  28.490000       0
2023-03-15 14:08:00-04:00  28.480000  28.639999  28.410000  28.639999  28.639999       0
2023-03-15 14:10:00-04:00  28.610001  28.610001  28.500000  28.500000  28.500000       0
2023-03-15 14:12:00-04:00  28.559999  28.559999  28.450001  28.459999  28.459999       0
2023-03-15 14:14:00-04:00  28.469999  28.740000  28.450001  28.740000  28.740000       0
2023-03-15 14:16:00-04:00  28.709999  28.760000  28.620001  28.620001  28.620001       0
2023-03-15 14:18:00-04:00  28.650000  28.650000  27.969999  27.969999  27.969999       0
2023-03-15 14:20:00-04:00  27.980000  28.129999  27.719999  27.809999  27.809999       0
2023-03-15 14:22:00-04:00  27.830000  27.830000  27.700001  27.700001  27.700001       0
2023-03-15 14:24:00-04:00  27.620001  27.620001  27.120001  27.240000  27.240000       0
2023-03-15 14:26:00-04:00  27.139999  27.139999  26.590000  26.590000  26.590000       0
2023-03-15 14:28:00-04:00  26.490000  27.049999  26.410000  27.049999  27.049999       0
2023-03-15 14:30:00-04:00  27.020000  27.020000  26.650000  26.700001  26.700001       0
2023-03-15 14:32:00-04:00  26.830000  27.379999  26.830000  27.340000  27.340000       0
2023-03-15 14:34:00-04:00  27.280001  27.280001  27.070000  27.240000  27.240000       0
2023-03-15 14:36:00-04:00  27.360001  27.400000  27.080000  27.120001  27.120001       0
2023-03-15 14:38:00-04:00  27.080000  27.110001  26.959999  27.110001  27.110001       0
2023-03-15 14:40:00-04:00  27.129999  27.200001  26.950001  27.020000  27.020000       0
2023-03-15 14:42:00-04:00  27.049999  27.090000  26.760000  26.809999  26.809999       0
2023-03-15 14:44:00-04:00  26.730000  26.920000  26.680000  26.920000  26.920000       0
2023-03-15 14:46:00-04:00  26.990000  27.020000  26.860001  27.000000  27.000000       0
2023-03-15 14:48:00-04:00  27.000000  27.190001  26.889999  27.190001  27.190001       0
2023-03-15 14:50:00-04:00  27.320000  27.650000  27.309999  27.549999  27.549999       0
2023-03-15 14:52:00-04:00  27.440001  27.440001  27.139999  27.139999  27.139999       0
2023-03-15 14:54:00-04:00  27.100000  27.110001  26.860001  26.860001  26.860001       0
2023-03-15 14:56:00-04:00  26.799999  27.040001  26.799999  27.040001  27.040001       0
2023-03-15 14:58:00-04:00  27.049999  27.049999  26.650000  26.650000  26.650000       0
2023-03-15 15:00:00-04:00  26.660000  26.660000  26.379999  26.389999  26.389999       0
2023-03-15 15:02:00-04:00  26.360001  26.820000  26.350000  26.820000  26.820000       0
2023-03-15 15:04:00-04:00  26.930000  27.070000  26.930000  27.070000  27.070000       0
2023-03-15 15:06:00-04:00  27.129999  27.209999  26.680000  26.680000  26.680000       0
2023-03-15 15:08:00-04:00  26.780001  27.190001  26.780001  27.190001  27.190001       0
2023-03-15 15:10:00-04:00  27.360001  27.530001  27.320000  27.320000  27.320000       0
2023-03-15 15:12:00-04:00  27.270000  27.270000  26.980000  27.180000  27.180000       0
2023-03-15 15:14:00-04:00  27.129999  27.170000  26.940001  26.950001  26.950001       0
2023-03-15 15:16:00-04:00  26.940001  26.990000  26.830000  26.830000  26.830000       0
2023-03-15 15:18:00-04:00  26.799999  26.889999  26.760000  26.860001  26.860001       0
2023-03-15 15:20:00-04:00  26.879999  27.090000  26.680000  26.760000  26.760000       0
2023-03-15 15:22:00-04:00  26.840000  26.840000  26.580000  26.580000  26.580000       0
2023-03-15 15:24:00-04:00  26.549999  26.549999  26.350000  26.430000  26.430000       0
2023-03-15 15:26:00-04:00  26.450001  26.549999  26.020000  26.020000  26.020000       0
2023-03-15 15:28:00-04:00  26.010000  26.110001  26.010000  26.049999  26.049999       0
2023-03-15 15:30:00-04:00  26.070000  26.090000  25.920000  26.090000  26.090000       0
2023-03-15 15:32:00-04:00  26.150000  26.150000  26.000000  26.010000  26.010000       0
2023-03-15 15:34:00-04:00  26.020000  26.360001  25.980000  26.360001  26.360001       0
2023-03-15 15:36:00-04:00  26.330000  26.420000  26.290001  26.420000  26.420000       0
2023-03-15 15:38:00-04:00  26.430000  26.700001  26.430000  26.450001  26.450001       0
2023-03-15 15:40:00-04:00  26.520000  26.709999  26.500000  26.709999  26.709999       0
2023-03-15 15:42:00-04:00  26.760000  27.020000  26.680000  26.680000  26.680000       0
2023-03-15 15:44:00-04:00  26.719999  26.730000  26.559999  26.639999  26.639999       0
2023-03-15 15:46:00-04:00  26.549999  26.570000  26.450001  26.480000  26.480000       0
2023-03-15 15:48:00-04:00  26.440001  26.740000  26.440001  26.709999  26.709999       0
2023-03-15 15:50:00-04:00  26.639999  26.980000  26.639999  26.959999  26.959999       0
2023-03-15 15:52:00-04:00  27.010000  27.059999  26.910000  27.059999  27.059999       0
2023-03-15 15:54:00-04:00  27.059999  27.059999  26.780001  26.780001  26.780001       0
2023-03-15 15:56:00-04:00  26.690001  26.690001  26.280001  26.280001  26.280001       0
2023-03-15 15:58:00-04:00  26.260000  26.260000  26.059999  26.059999  26.059999       0
2023-03-16 09:30:00-04:00  27.290001  27.320000  27.290001  27.320000  27.320000       0
2023-03-16 09:32:00-04:00  27.379999  27.490000  27.340000  27.340000  27.340000       0
2023-03-16 09:34:00-04:00  27.389999  27.389999  27.049999  27.070000  27.070000       0
2023-03-16 09:36:00-04:00  26.980000  27.150000  26.969999  27.059999  27.059999       0
2023-03-16 09:38:00-04:00  27.020000  27.020000  26.809999  26.809999  26.809999       0
2023-03-16 09:40:00-04:00  26.740000  26.740000  26.500000  26.620001  26.620001       0
2023-03-16 09:42:00-04:00  26.580000  26.700001  26.559999  26.650000  26.650000       0
2023-03-16 09:44:00-04:00  26.709999  26.730000  26.570000  26.610001  26.610001       0
2023-03-16 09:46:00-04:00  26.680000  26.990000  26.680000  26.930000  26.930000       0
2023-03-16 09:48:00-04:00  26.959999  26.959999  26.719999  26.820000  26.820000       0
2023-03-16 09:50:00-04:00  26.809999  26.809999  26.660000  26.750000  26.750000       0
2023-03-16 09:52:00-04:00  26.680000  26.740000  26.590000  26.590000  26.590000       0
2023-03-16 09:54:00-04:00  26.450001  26.450001  26.350000  26.350000  26.350000       0
2023-03-16 09:56:00-04:00  26.309999  26.309999  26.000000  26.000000  26.000000       0
2023-03-16 09:58:00-04:00  26.020000  26.070000  25.900000  25.900000  25.900000       0
2023-03-16 10:00:00-04:00  25.860001  25.879999  25.840000  25.850000  25.850000       0
2023-03-16 10:02:00-04:00  25.809999  25.990000  25.809999  25.990000  25.990000       0
2023-03-16 10:04:00-04:00  26.000000  26.360001  25.990000  26.360001  26.360001       0
2023-03-16 10:06:00-04:00  26.370001  26.610001  26.370001  26.480000  26.480000       0
2023-03-16 10:08:00-04:00  26.469999  26.740000  26.420000  26.740000  26.740000       0
2023-03-16 10:10:00-04:00  26.799999  26.799999  26.600000  26.600000  26.600000       0
2023-03-16 10:12:00-04:00  26.600000  26.610001  26.480000  26.510000  26.510000       0
2023-03-16 10:14:00-04:00  26.530001  26.610001  26.490000  26.610001  26.610001       0
2023-03-16 10:16:00-04:00  26.639999  26.709999  26.620001  26.680000  26.680000       0
2023-03-16 10:18:00-04:00  26.660000  26.809999  26.660000  26.809999  26.809999       0
2023-03-16 10:20:00-04:00  26.809999  26.879999  26.719999  26.719999  26.719999       0
2023-03-16 10:22:00-04:00  26.770000  26.770000  26.510000  26.510000  26.510000       0
2023-03-16 10:24:00-04:00  26.520000  26.590000  26.400000  26.400000  26.400000       0
2023-03-16 10:26:00-04:00  26.430000  26.440001  26.320000  26.320000  26.320000       0
2023-03-16 10:28:00-04:00  26.340000  26.340000  26.200001  26.200001  26.200001       0
2023-03-16 10:30:00-04:00  26.150000  26.170000  25.980000  25.980000  25.980000       0
2023-03-16 10:32:00-04:00  26.030001  26.030001  25.910000  25.959999  25.959999       0
2023-03-16 10:34:00-04:00  25.930000  25.930000  25.719999  25.740000  25.740000       0
2023-03-16 10:36:00-04:00  25.719999  25.740000  25.620001  25.680000  25.680000       0
2023-03-16 10:38:00-04:00  25.670000  25.740000  25.660000  25.680000  25.680000       0
2023-03-16 10:40:00-04:00  25.660000  25.660000  25.469999  25.469999  25.469999       0
2023-03-16 10:42:00-04:00  25.330000  25.510000  25.330000  25.469999  25.469999       0
2023-03-16 10:44:00-04:00  25.400000  25.420000  25.340000  25.340000  25.340000       0
2023-03-16 10:46:00-04:00  25.320000  25.320000  25.030001  25.040001  25.040001       0
2023-03-16 10:48:00-04:00  25.020000  25.030001  24.770000  24.889999  24.889999       0
2023-03-16 10:50:00-04:00  24.889999  24.889999  24.790001  24.840000  24.840000       0
2023-03-16 10:52:00-04:00  24.790001  24.790001  24.510000  24.510000  24.510000       0
2023-03-16 10:54:00-04:00  24.510000  24.510000  24.070000  24.070000  24.070000       0
2023-03-16 10:56:00-04:00  24.129999  24.200001  24.090000  24.160000  24.160000       0
2023-03-16 10:58:00-04:00  24.209999  24.230000  24.080000  24.080000  24.080000       0
2023-03-16 11:00:00-04:00  24.120001  24.190001  24.020000  24.170000  24.170000       0
2023-03-16 11:02:00-04:00  24.209999  24.299999  24.160000  24.299999  24.299999       0
2023-03-16 11:04:00-04:00  24.340000  24.469999  24.330000  24.430000  24.430000       0
2023-03-16 11:06:00-04:00  24.360001  24.360001  24.230000  24.240000  24.240000       0
2023-03-16 11:08:00-04:00  24.230000  24.230000  24.040001  24.170000  24.170000       0
2023-03-16 11:10:00-04:00  24.170000  24.200001  24.120001  24.200001  24.200001       0
2023-03-16 11:12:00-04:00  24.209999  24.330000  24.209999  24.330000  24.330000       0
2023-03-16 11:14:00-04:00  24.340000  24.350000  24.270000  24.320000  24.320000       0
2023-03-16 11:16:00-04:00  24.330000  24.330000  24.290001  24.299999  24.299999       0
2023-03-16 11:18:00-04:00  24.270000  24.340000  24.270000  24.290001  24.290001       0
2023-03-16 11:20:00-04:00  24.290001  24.309999  24.200001  24.280001  24.280001       0
2023-03-16 11:22:00-04:00  24.270000  24.350000  24.219999  24.280001  24.280001       0
2023-03-16 11:24:00-04:00  24.219999  24.250000  24.090000  24.110001  24.110001       0
2023-03-16 11:26:00-04:00  24.110001  24.110001  24.000000  24.059999  24.059999       0
2023-03-16 11:28:00-04:00  24.059999  24.190001  24.040001  24.190001  24.190001       0
2023-03-16 11:30:00-04:00  24.139999  24.280001  24.139999  24.280001  24.280001       0
2023-03-16 11:32:00-04:00  24.309999  24.360001  24.209999  24.209999  24.209999       0
2023-03-16 11:34:00-04:00  24.230000  24.230000  24.080000  24.100000  24.100000       0
2023-03-16 11:36:00-04:00  24.070000  24.070000  24.010000  24.010000  24.010000       0
2023-03-16 11:38:00-04:00  24.030001  24.070000  24.000000  24.049999  24.049999       0
2023-03-16 11:40:00-04:00  24.040001  24.040001  23.959999  24.020000  24.020000       0
2023-03-16 11:42:00-04:00  24.000000  24.000000  23.860001  23.950001  23.950001       0
2023-03-16 11:44:00-04:00  23.940001  24.010000  23.930000  24.010000  24.010000       0
2023-03-16 11:46:00-04:00  24.049999  24.049999  23.990000  23.990000  23.990000       0
2023-03-16 11:48:00-04:00  23.990000  23.990000  23.910000  23.940001  23.940001       0
2023-03-16 11:50:00-04:00  23.910000  23.930000  23.889999  23.889999  23.889999       0
2023-03-16 11:52:00-04:00  23.870001  23.870001  23.860001  23.860001  23.860001       0
2023-03-16 11:54:00-04:00  23.750000  23.809999  23.730000  23.780001  23.780001       0
2023-03-16 11:56:00-04:00  23.780001  23.780001  23.700001  23.700001  23.700001       0
2023-03-16 11:58:00-04:00  23.670000  23.830000  23.670000  23.830000  23.830000       0
2023-03-16 12:00:00-04:00  23.840000  23.840000  23.760000  23.809999  23.809999       0
2023-03-16 12:02:00-04:00  23.799999  23.940001  23.799999  23.940001  23.940001       0
2023-03-16 12:04:00-04:00  23.950001  23.950001  23.860001  23.860001  23.860001       0
2023-03-16 12:06:00-04:00  23.889999  23.930000  23.889999  23.920000  23.920000       0
2023-03-16 12:08:00-04:00  23.930000  24.049999  23.930000  24.020000  24.020000       0
2023-03-16 12:10:00-04:00  24.070000  24.120001  24.049999  24.120001  24.120001       0
2023-03-16 12:12:00-04:00  24.180000  24.309999  24.160000  24.219999  24.219999       0
2023-03-16 12:14:00-04:00  24.219999  24.219999  24.090000  24.090000  24.090000       0
2023-03-16 12:16:00-04:00  24.070000  24.070000  23.950001  23.969999  23.969999       0
2023-03-16 12:18:00-04:00  23.980000  23.980000  23.809999  23.830000  23.830000       0
2023-03-16 12:20:00-04:00  23.840000  23.840000  23.809999  23.830000  23.830000       0
2023-03-16 12:22:00-04:00  23.809999  23.860001  23.799999  23.799999  23.799999       0
2023-03-16 12:24:00-04:00  23.809999  23.820000  23.799999  23.809999  23.809999       0
2023-03-16 12:26:00-04:00  23.799999  23.809999  23.780001  23.790001  23.790001       0
2023-03-16 12:28:00-04:00  23.750000  23.860001  23.750000  23.860001  23.860001       0
2023-03-16 12:30:00-04:00  23.840000  23.920000  23.840000  23.920000  23.920000       0
2023-03-16 12:32:00-04:00  23.889999  23.900000  23.860001  23.889999  23.889999       0
2023-03-16 12:34:00-04:00  23.930000  24.040001  23.930000  24.040001  24.040001       0
2023-03-16 12:36:00-04:00  24.010000  24.049999  24.000000  24.040001  24.040001       0
2023-03-16 12:38:00-04:00  24.020000  24.020000  23.870001  23.870001  23.870001       0
2023-03-16 12:40:00-04:00  23.870001  23.900000  23.860001  23.870001  23.870001       0
2023-03-16 12:42:00-04:00  23.860001  23.860001  23.809999  23.830000  23.830000       0
2023-03-16 12:44:00-04:00  23.820000  23.840000  23.799999  23.820000  23.820000       0
2023-03-16 12:46:00-04:00  23.820000  23.840000  23.760000  23.840000  23.840000       0
2023-03-16 12:48:00-04:00  23.809999  23.809999  23.719999  23.719999  23.719999       0
2023-03-16 12:50:00-04:00  23.719999  23.719999  23.450001  23.680000  23.680000       0
2023-03-16 12:52:00-04:00  23.610001  23.660000  23.559999  23.590000  23.590000       0
2023-03-16 12:54:00-04:00  23.559999  23.650000  23.559999  23.580000  23.580000       0
2023-03-16 12:56:00-04:00  23.559999  23.600000  23.500000  23.549999  23.549999       0
2023-03-16 12:58:00-04:00  23.530001  23.530001  23.480000  23.480000  23.480000       0
2023-03-16 13:00:00-04:00  23.490000  23.490000  23.430000  23.430000  23.430000       0
2023-03-16 13:02:00-04:00  23.440001  23.450001  23.379999  23.450001  23.450001       0
2023-03-16 13:04:00-04:00  23.430000  23.459999  23.379999  23.450001  23.450001       0
2023-03-16 13:06:00-04:00  23.440001  23.500000  23.440001  23.480000  23.480000       0
2023-03-16 13:08:00-04:00  23.490000  23.730000  23.490000  23.730000  23.730000       0
2023-03-16 13:10:00-04:00  23.740000  23.799999  23.740000  23.750000  23.750000       0
2023-03-16 13:12:00-04:00  23.730000  23.750000  23.700001  23.719999  23.719999       0
2023-03-16 13:14:00-04:00  23.770000  23.900000  23.740000  23.900000  23.900000       0
2023-03-16 13:16:00-04:00  23.950001  24.070000  23.950001  24.070000  24.070000       0
2023-03-16 13:18:00-04:00  24.110001  24.209999  24.110001  24.190001  24.190001       0
2023-03-16 13:20:00-04:00  24.190001  24.200001  24.120001  24.120001  24.120001       0
2023-03-16 13:22:00-04:00  24.090000  24.110001  24.059999  24.100000  24.100000       0
2023-03-16 13:24:00-04:00  24.090000  24.090000  23.969999  23.980000  23.980000       0
2023-03-16 13:26:00-04:00  23.969999  23.990000  23.950001  23.969999  23.969999       0
2023-03-16 13:28:00-04:00  23.959999  23.959999  23.889999  23.940001  23.940001       0
2023-03-16 13:30:00-04:00  23.950001  23.959999  23.930000  23.940001  23.940001       0
2023-03-16 13:32:00-04:00  23.940001  24.030001  23.930000  24.030001  24.030001       0
2023-03-16 13:34:00-04:00  24.020000  24.020000  23.980000  23.990000  23.990000       0
2023-03-16 13:36:00-04:00  23.980000  24.010000  23.959999  23.969999  23.969999       0
2023-03-16 13:38:00-04:00  23.969999  23.969999  23.889999  23.900000  23.900000       0
2023-03-16 13:40:00-04:00  23.879999  23.879999  23.780001  23.780001  23.780001       0
2023-03-16 13:42:00-04:00  23.750000  23.799999  23.719999  23.799999  23.799999       0
2023-03-16 13:44:00-04:00  23.780001  23.780001  23.730000  23.730000  23.730000       0
2023-03-16 13:46:00-04:00  23.750000  23.750000  23.660000  23.660000  23.660000       0
2023-03-16 13:48:00-04:00  23.670000  23.670000  23.600000  23.639999  23.639999       0
2023-03-16 13:50:00-04:00  23.660000  23.780001  23.650000  23.730000  23.730000       0
2023-03-16 13:52:00-04:00  23.719999  23.740000  23.670000  23.730000  23.730000       0
2023-03-16 13:54:00-04:00  23.750000  23.760000  23.690001  23.709999  23.709999       0
2023-03-16 13:56:00-04:00  23.690001  23.709999  23.610001  23.610001  23.610001       0
2023-03-16 13:58:00-04:00  23.629999  23.660000  23.590000  23.629999  23.629999       0
2023-03-16 14:00:00-04:00  23.629999  23.719999  23.629999  23.690001  23.690001       0
2023-03-16 14:02:00-04:00  23.670000  23.700001  23.629999  23.629999  23.629999       0
2023-03-16 14:04:00-04:00  23.660000  23.730000  23.660000  23.730000  23.730000       0
2023-03-16 14:06:00-04:00  23.740000  23.910000  23.740000  23.830000  23.830000       0
2023-03-16 14:08:00-04:00  23.830000  23.850000  23.809999  23.809999  23.809999       0
2023-03-16 14:10:00-04:00  23.799999  23.830000  23.780001  23.809999  23.809999       0
2023-03-16 14:12:00-04:00  23.820000  23.900000  23.820000  23.900000  23.900000       0
2023-03-16 14:14:00-04:00  23.900000  23.980000  23.889999  23.969999  23.969999       0
2023-03-16 14:16:00-04:00  23.950001  24.000000  23.930000  23.969999  23.969999       0
2023-03-16 14:18:00-04:00  23.969999  23.969999  23.879999  23.900000  23.900000       0
2023-03-16 14:20:00-04:00  23.910000  23.910000  23.850000  23.860001  23.860001       0
2023-03-16 14:22:00-04:00  23.850000  23.860001  23.830000  23.840000  23.840000       0
2023-03-16 14:24:00-04:00  23.840000  23.910000  23.830000  23.889999  23.889999       0
2023-03-16 14:26:00-04:00  23.900000  23.910000  23.860001  23.870001  23.870001       0
2023-03-16 14:28:00-04:00  23.870001  23.870001  23.709999  23.709999  23.709999       0
2023-03-16 14:30:00-04:00  23.690001  23.760000  23.690001  23.730000  23.730000       0
2023-03-16 14:32:00-04:00  23.719999  23.850000  23.719999  23.850000  23.850000       0
2023-03-16 14:34:00-04:00  23.860001  24.010000  23.860001  23.959999  23.959999       0
2023-03-16 14:36:00-04:00  23.910000  23.920000  23.809999  23.809999  23.809999       0
2023-03-16 14:38:00-04:00  23.830000  23.830000  23.740000  23.750000  23.750000       0
2023-03-16 14:40:00-04:00  23.740000  23.740000  23.670000  23.670000  23.670000       0
2023-03-16 14:42:00-04:00  23.670000  23.690001  23.629999  23.629999  23.629999       0
2023-03-16 14:44:00-04:00  23.639999  23.639999  23.559999  23.620001  23.620001       0
2023-03-16 14:46:00-04:00  23.590000  23.620001  23.590000  23.620001  23.620001       0
2023-03-16 14:48:00-04:00  23.600000  23.629999  23.570000  23.570000  23.570000       0
2023-03-16 14:50:00-04:00  23.570000  23.580000  23.540001  23.540001  23.540001       0
2023-03-16 14:52:00-04:00  23.540001  23.590000  23.520000  23.570000  23.570000       0
2023-03-16 14:54:00-04:00  23.580000  23.590000  23.490000  23.490000  23.490000       0
2023-03-16 14:56:00-04:00  23.450001  23.450001  23.370001  23.370001  23.370001       0
2023-03-16 14:58:00-04:00  23.379999  23.400000  23.360001  23.400000  23.400000       0
2023-03-16 15:00:00-04:00  23.400000  23.420000  23.360001  23.360001  23.360001       0
2023-03-16 15:02:00-04:00  23.370001  23.400000  23.370001  23.389999  23.389999       0
2023-03-16 15:04:00-04:00  23.379999  23.389999  23.330000  23.330000  23.330000       0
2023-03-16 15:06:00-04:00  23.330000  23.330000  23.260000  23.260000  23.260000       0
2023-03-16 15:08:00-04:00  23.260000  23.389999  23.260000  23.389999  23.389999       0
2023-03-16 15:10:00-04:00  23.389999  23.410000  23.350000  23.379999  23.379999       0
2023-03-16 15:12:00-04:00  23.360001  23.360001  23.280001  23.320000  23.320000       0
2023-03-16 15:14:00-04:00  23.290001  23.389999  23.290001  23.379999  23.379999       0
2023-03-16 15:16:00-04:00  23.340000  23.340000  23.250000  23.260000  23.260000       0
2023-03-16 15:18:00-04:00  23.270000  23.320000  23.209999  23.320000  23.320000       0
2023-03-16 15:20:00-04:00  23.320000  23.340000  23.280001  23.280001  23.280001       0
2023-03-16 15:22:00-04:00  23.270000  23.280001  23.250000  23.280001  23.280001       0
2023-03-16 15:24:00-04:00  23.280001  23.280001  23.240000  23.260000  23.260000       0
2023-03-16 15:26:00-04:00  23.270000  23.330000  23.240000  23.240000  23.240000       0
2023-03-16 15:28:00-04:00  23.260000  23.260000  23.219999  23.250000  23.250000       0
2023-03-16 15:30:00-04:00  23.280001  23.330000  23.260000  23.320000  23.320000       0
2023-03-16 15:32:00-04:00  23.340000  23.360001  23.299999  23.350000  23.350000       0
2023-03-16 15:34:00-04:00  23.360001  23.360001  23.280001  23.360001  23.360001       0
2023-03-16 15:36:00-04:00  23.370001  23.389999  23.320000  23.379999  23.379999       0
2023-03-16 15:38:00-04:00  23.379999  23.400000  23.320000  23.320000  23.320000       0
2023-03-16 15:40:00-04:00  23.299999  23.309999  23.280001  23.280001  23.280001       0
2023-03-16 15:42:00-04:00  23.299999  23.299999  23.209999  23.209999  23.209999       0
2023-03-16 15:44:00-04:00  23.209999  23.219999  23.170000  23.219999  23.219999       0
2023-03-16 15:46:00-04:00  23.180000  23.200001  23.150000  23.190001  23.190001       0
2023-03-16 15:48:00-04:00  23.260000  23.270000  23.180000  23.180000  23.180000       0
2023-03-16 15:50:00-04:00  23.180000  23.240000  23.129999  23.200001  23.200001       0
2023-03-16 15:52:00-04:00  23.180000  23.230000  23.170000  23.170000  23.170000       0
2023-03-16 15:54:00-04:00  23.170000  23.260000  23.170000  23.230000  23.230000       0
2023-03-16 15:56:00-04:00  23.260000  23.260000  23.110001  23.110001  23.110001       0
2023-03-16 15:58:00-04:00  23.129999  23.129999  23.100000  23.100000  23.100000       0
2023-03-17 09:30:00-04:00  23.620001  23.680000  23.620001  23.680000  23.680000       0
2023-03-17 09:32:00-04:00  23.709999  23.750000  23.610001  23.750000  23.750000       0
2023-03-17 09:34:00-04:00  23.790001  24.020000  23.770000  24.020000  24.020000       0
2023-03-17 09:36:00-04:00  24.049999  24.049999  23.760000  23.809999  23.809999       0
2023-03-17 09:38:00-04:00  23.780001  23.780001  23.690001  23.690001  23.690001       0
2023-03-17 09:40:00-04:00  23.600000  23.600000  23.480000  23.580000  23.580000       0
2023-03-17 09:42:00-04:00  23.639999  23.780001  23.639999  23.780001  23.780001       0
2023-03-17 09:44:00-04:00  23.740000  23.820000  23.660000  23.820000  23.820000       0
2023-03-17 09:46:00-04:00  23.870001  23.980000  23.850000  23.969999  23.969999       0
2023-03-17 09:48:00-04:00  24.020000  24.219999  23.959999  24.200001  24.200001       0
2023-03-17 09:50:00-04:00  24.250000  24.250000  24.010000  24.010000  24.010000       0
2023-03-17 09:52:00-04:00  23.980000  24.120001  23.930000  24.110001  24.110001       0
2023-03-17 09:54:00-04:00  24.170000  24.180000  24.110001  24.180000  24.180000       0
2023-03-17 09:56:00-04:00  24.160000  24.180000  24.040001  24.040001  24.040001       0
2023-03-17 09:58:00-04:00  24.010000  24.040001  24.000000  24.020000  24.020000       0
2023-03-17 10:00:00-04:00  24.100000  24.100000  23.500000  23.500000  23.500000       0
2023-03-17 10:02:00-04:00  23.480000  23.490000  23.379999  23.410000  23.410000       0
2023-03-17 10:04:00-04:00  23.340000  23.450001  23.260000  23.450001  23.450001       0
2023-03-17 10:06:00-04:00  23.450001  23.559999  23.430000  23.559999  23.559999       0
2023-03-17 10:08:00-04:00  23.620001  23.830000  23.620001  23.830000  23.830000       0
2023-03-17 10:10:00-04:00  23.790001  23.940001  23.790001  23.889999  23.889999       0
2023-03-17 10:12:00-04:00  23.920000  24.020000  23.920000  23.980000  23.980000       0
2023-03-17 10:14:00-04:00  23.959999  23.990000  23.850000  23.879999  23.879999       0
2023-03-17 10:16:00-04:00  23.870001  23.870001  23.719999  23.730000  23.730000       0
2023-03-17 10:18:00-04:00  23.770000  24.139999  23.770000  24.100000  24.100000       0
2023-03-17 10:20:00-04:00  24.100000  24.190001  24.100000  24.190001  24.190001       0
2023-03-17 10:22:00-04:00  24.170000  24.400000  24.139999  24.400000  24.400000       0
2023-03-17 10:24:00-04:00  24.370001  24.559999  24.370001  24.480000  24.480000       0
2023-03-17 10:26:00-04:00  24.459999  24.790001  24.459999  24.719999  24.719999       0
2023-03-17 10:28:00-04:00  24.690001  24.709999  24.400000  24.400000  24.400000       0
2023-03-17 10:30:00-04:00  24.389999  24.389999  24.309999  24.370001  24.370001       0
2023-03-17 10:32:00-04:00  24.370001  24.510000  24.330000  24.469999  24.469999       0
2023-03-17 10:34:00-04:00  24.540001  24.959999  24.540001  24.940001  24.940001       0
2023-03-17 10:36:00-04:00  24.930000  24.950001  24.799999  24.799999  24.799999       0
2023-03-17 10:38:00-04:00  24.700001  24.700001  24.559999  24.610001  24.610001       0
2023-03-17 10:40:00-04:00  24.629999  24.910000  24.629999  24.850000  24.850000       0
2023-03-17 10:42:00-04:00  24.879999  24.990000  24.879999  24.980000  24.980000       0
2023-03-17 10:44:00-04:00  24.969999  25.250000  24.950001  25.250000  25.250000       0
2023-03-17 10:46:00-04:00  25.290001  25.360001  25.040001  25.040001  25.040001       0
2023-03-17 10:48:00-04:00  24.879999  24.879999  24.820000  24.830000  24.830000       0
2023-03-17 10:50:00-04:00  24.750000  24.840000  24.750000  24.830000  24.830000       0
2023-03-17 10:52:00-04:00  24.870001  25.150000  24.870001  25.090000  25.090000       0
2023-03-17 10:54:00-04:00  25.020000  25.129999  25.000000  25.129999  25.129999       0
2023-03-17 10:56:00-04:00  25.160000  25.160000  24.860001  24.860001  24.860001       0
2023-03-17 10:58:00-04:00  24.830000  24.830000  24.719999  24.790001  24.790001       0
2023-03-17 11:00:00-04:00  24.830000  25.070000  24.830000  25.010000  25.010000       0
2023-03-17 11:02:00-04:00  25.059999  25.160000  25.049999  25.150000  25.150000       0
2023-03-17 11:04:00-04:00  25.200001  25.250000  25.120001  25.150000  25.150000       0
2023-03-17 11:06:00-04:00  25.180000  25.180000  24.889999  24.889999  24.889999       0
2023-03-17 11:08:00-04:00  24.850000  24.870001  24.700001  24.700001  24.700001       0
2023-03-17 11:10:00-04:00  24.719999  24.969999  24.719999  24.969999  24.969999       0
2023-03-17 11:12:00-04:00  24.980000  24.980000  24.780001  24.780001  24.780001       0
2023-03-17 11:14:00-04:00  24.730000  24.780001  24.690001  24.690001  24.690001       0
2023-03-17 11:16:00-04:00  24.620001  24.620001  24.379999  24.490000  24.490000       0
2023-03-17 11:18:00-04:00  24.440001  24.549999  24.420000  24.549999  24.549999       0
2023-03-17 11:20:00-04:00  24.520000  24.570000  24.450001  24.570000  24.570000       0
2023-03-17 11:22:00-04:00  24.549999  25.180000  24.549999  25.180000  25.180000       0
2023-03-17 11:24:00-04:00  25.180000  25.410000  25.180000  25.410000  25.410000       0
2023-03-17 11:26:00-04:00  25.400000  25.440001  25.370001  25.420000  25.420000       0
2023-03-17 11:28:00-04:00  25.209999  25.270000  25.129999  25.270000  25.270000       0
2023-03-17 11:30:00-04:00  25.270000  25.350000  25.270000  25.299999  25.299999       0
2023-03-17 11:32:00-04:00  25.299999  25.299999  25.000000  25.000000  25.000000       0
2023-03-17 11:34:00-04:00  24.969999  24.969999  24.889999  24.920000  24.920000       0
2023-03-17 11:36:00-04:00  24.920000  25.080000  24.910000  25.000000  25.000000       0
2023-03-17 11:38:00-04:00  25.090000  25.400000  25.090000  25.400000  25.400000       0
2023-03-17 11:40:00-04:00  25.440001  25.480000  25.379999  25.480000  25.480000       0
2023-03-17 11:42:00-04:00  25.480000  25.790001  25.480000  25.770000  25.770000       0
2023-03-17 11:44:00-04:00  25.790001  25.830000  25.600000  25.600000  25.600000       0
2023-03-17 11:46:00-04:00  25.590000  25.600000  25.520000  25.540001  25.540001       0
2023-03-17 11:48:00-04:00  25.530001  25.530001  25.469999  25.480000  25.480000       0
2023-03-17 11:50:00-04:00  25.370001  25.370001  25.139999  25.190001  25.190001       0
2023-03-17 11:52:00-04:00  25.170000  25.250000  25.160000  25.209999  25.209999       0
2023-03-17 11:54:00-04:00  25.240000  25.500000  25.240000  25.500000  25.500000       0
2023-03-17 11:56:00-04:00  25.450001  25.490000  25.389999  25.490000  25.490000       0
2023-03-17 11:58:00-04:00  25.540001  25.580000  25.400000  25.430000  25.430000       0
2023-03-17 12:00:00-04:00  25.389999  25.389999  25.190001  25.190001  25.190001       0
2023-03-17 12:02:00-04:00  25.110001  25.160000  25.049999  25.049999  25.049999       0
2023-03-17 12:04:00-04:00  25.000000  25.120001  24.920000  25.120001  25.120001       0
2023-03-17 12:06:00-04:00  25.139999  25.209999  24.820000  24.820000  24.820000       0
2023-03-17 12:08:00-04:00  24.870001  24.870001  24.740000  24.740000  24.740000       0
2023-03-17 12:10:00-04:00  24.719999  24.830000  24.700001  24.830000  24.830000       0
2023-03-17 12:12:00-04:00  24.830000  24.830000  24.740000  24.809999  24.809999       0
2023-03-17 12:14:00-04:00  24.799999  24.850000  24.770000  24.840000  24.840000       0
2023-03-17 12:16:00-04:00  24.860001  24.860001  24.700001  24.770000  24.770000       0
2023-03-17 12:18:00-04:00  24.750000  25.020000  24.750000  25.020000  25.020000       0
2023-03-17 12:20:00-04:00  24.969999  25.059999  24.920000  25.059999  25.059999       0
2023-03-17 12:22:00-04:00  25.129999  25.180000  25.080000  25.150000  25.150000       0
2023-03-17 12:24:00-04:00  25.070000  25.070000  24.990000  25.000000  25.000000       0
2023-03-17 12:26:00-04:00  24.980000  24.980000  24.809999  24.809999  24.809999       0
2023-03-17 12:28:00-04:00  24.780001  24.820000  24.730000  24.730000  24.730000       0
2023-03-17 12:30:00-04:00  24.750000  24.750000  24.350000  24.469999  24.469999       0
2023-03-17 12:32:00-04:00  24.450001  24.510000  24.350000  24.510000  24.510000       0
2023-03-17 12:34:00-04:00  24.549999  24.760000  24.549999  24.760000  24.760000       0
2023-03-17 12:36:00-04:00  24.799999  24.820000  24.700001  24.770000  24.770000       0
2023-03-17 12:38:00-04:00  24.790001  24.850000  24.780001  24.850000  24.850000       0
2023-03-17 12:40:00-04:00  24.840000  24.900000  24.790001  24.830000  24.830000       0
2023-03-17 12:42:00-04:00  24.840000  24.860001  24.799999  24.799999  24.799999       0
2023-03-17 12:44:00-04:00  24.840000  24.969999  24.840000  24.969999  24.969999       0
2023-03-17 12:46:00-04:00  25.020000  25.070000  25.000000  25.020000  25.020000       0
2023-03-17 12:48:00-04:00  24.959999  25.040001  24.930000  25.040001  25.040001       0
2023-03-17 12:50:00-04:00  25.049999  25.049999  24.870001  24.940001  24.940001       0
2023-03-17 12:52:00-04:00  24.959999  25.129999  24.959999  25.110001  25.110001       0
2023-03-17 12:54:00-04:00  25.160000  25.219999  25.160000  25.180000  25.180000       0
2023-03-17 12:56:00-04:00  25.170000  25.170000  25.010000  25.010000  25.010000       0
2023-03-17 12:58:00-04:00  25.020000  25.090000  25.020000  25.090000  25.090000       0
2023-03-17 13:00:00-04:00  25.090000  25.120001  25.049999  25.120001  25.120001       0
2023-03-17 13:02:00-04:00  25.100000  25.110001  25.020000  25.110001  25.110001       0
2023-03-17 13:04:00-04:00  25.139999  25.160000  25.040001  25.040001  25.040001       0
2023-03-17 13:06:00-04:00  24.870001  24.870001  24.700001  24.750000  24.750000       0
2023-03-17 13:08:00-04:00  24.760000  24.840000  24.760000  24.830000  24.830000       0
2023-03-17 13:10:00-04:00  24.850000  24.860001  24.770000  24.790001  24.790001       0
2023-03-17 13:12:00-04:00  24.799999  24.799999  24.770000  24.770000  24.770000       0
2023-03-17 13:14:00-04:00  24.760000  24.760000  24.719999  24.719999  24.719999       0
2023-03-17 13:16:00-04:00  24.700001  24.870001  24.690001  24.870001  24.870001       0
2023-03-17 13:18:00-04:00  24.879999  24.910000  24.740000  24.740000  24.740000       0
2023-03-17 13:20:00-04:00  24.660000  24.680000  24.410000  24.410000  24.410000       0
2023-03-17 13:22:00-04:00  24.400000  24.430000  24.360001  24.430000  24.430000       0
2023-03-17 13:24:00-04:00  24.459999  24.639999  24.459999  24.639999  24.639999       0
2023-03-17 13:26:00-04:00  24.629999  24.730000  24.629999  24.719999  24.719999       0
2023-03-17 13:28:00-04:00  24.670000  24.750000  24.670000  24.690001  24.690001       0
2023-03-17 13:30:00-04:00  24.650000  24.680000  24.570000  24.570000  24.570000       0
2023-03-17 13:32:00-04:00  24.570000  24.580000  24.420000  24.469999  24.469999       0
2023-03-17 13:34:00-04:00  24.590000  24.889999  24.590000  24.889999  24.889999       0
2023-03-17 13:36:00-04:00  24.910000  24.930000  24.850000  24.889999  24.889999       0
2023-03-17 13:38:00-04:00  24.879999  24.900000  24.709999  24.709999  24.709999       0
2023-03-17 13:40:00-04:00  24.709999  24.950001  24.709999  24.950001  24.950001       0
2023-03-17 13:42:00-04:00  24.969999  24.969999  24.940001  24.959999  24.959999       0
2023-03-17 13:44:00-04:00  24.950001  24.950001  24.770000  24.780001  24.780001       0
2023-03-17 13:46:00-04:00  24.750000  24.840000  24.730000  24.760000  24.760000       0
2023-03-17 13:48:00-04:00  24.700001  24.700001  24.600000  24.660000  24.660000       0
2023-03-17 13:50:00-04:00  24.680000  24.730000  24.629999  24.709999  24.709999       0
2023-03-17 13:52:00-04:00  24.760000  24.840000  24.760000  24.840000  24.840000       0
2023-03-17 13:54:00-04:00  24.850000  24.850000  24.780001  24.790001  24.790001       0
2023-03-17 13:56:00-04:00  24.790001  24.950001  24.790001  24.950001  24.950001       0
2023-03-17 13:58:00-04:00  24.920000  24.920000  24.820000  24.820000  24.820000       0
2023-03-17 14:00:00-04:00  24.780001  24.780001  24.530001  24.590000  24.590000       0
2023-03-17 14:02:00-04:00  24.580000  24.660000  24.520000  24.660000  24.660000       0
2023-03-17 14:04:00-04:00  24.690001  24.809999  24.690001  24.799999  24.799999       0
2023-03-17 14:06:00-04:00  24.809999  25.090000  24.809999  25.090000  25.090000       0
2023-03-17 14:08:00-04:00  25.090000  25.120001  25.000000  25.030001  25.030001       0
2023-03-17 14:10:00-04:00  25.049999  25.170000  25.040001  25.170000  25.170000       0
2023-03-17 14:12:00-04:00  25.139999  25.139999  25.049999  25.110001  25.110001       0
2023-03-17 14:14:00-04:00  25.110001  25.309999  25.110001  25.270000  25.270000       0
2023-03-17 14:16:00-04:00  25.309999  25.309999  25.080000  25.100000  25.100000       0
2023-03-17 14:18:00-04:00  25.100000  25.200001  25.080000  25.200001  25.200001       0
2023-03-17 14:20:00-04:00  25.190001  25.240000  25.160000  25.240000  25.240000       0
2023-03-17 14:22:00-04:00  25.240000  25.320000  25.240000  25.320000  25.320000       0
2023-03-17 14:24:00-04:00  25.340000  25.639999  25.340000  25.639999  25.639999       0
2023-03-17 14:26:00-04:00  25.670000  25.670000  25.590000  25.620001  25.620001       0
2023-03-17 14:28:00-04:00  25.650000  25.680000  25.629999  25.639999  25.639999       0
2023-03-17 14:30:00-04:00  25.639999  25.639999  25.559999  25.590000  25.590000       0
2023-03-17 14:32:00-04:00  25.540001  25.540001  25.379999  25.430000  25.430000       0
2023-03-17 14:34:00-04:00  25.360001  25.389999  25.360001  25.389999  25.389999       0
2023-03-17 14:36:00-04:00  25.400000  25.469999  25.370001  25.469999  25.469999       0
2023-03-17 14:38:00-04:00  25.510000  25.639999  25.510000  25.610001  25.610001       0
2023-03-17 14:40:00-04:00  25.580000  25.680000  25.559999  25.590000  25.590000       0
2023-03-17 14:42:00-04:00  25.610001  25.610001  25.510000  25.510000  25.510000       0
2023-03-17 14:44:00-04:00  25.510000  25.670000  25.510000  25.670000  25.670000       0
2023-03-17 14:46:00-04:00  25.700001  25.760000  25.670000  25.760000  25.760000       0
2023-03-17 14:48:00-04:00  25.780001  25.790001  25.709999  25.780001  25.780001       0
2023-03-17 14:50:00-04:00  25.760000  26.049999  25.760000  26.049999  26.049999       0
2023-03-17 14:52:00-04:00  26.110001  26.139999  25.930000  25.930000  25.930000       0
2023-03-17 14:54:00-04:00  25.860001  25.860001  25.480000  25.510000  25.510000       0
2023-03-17 14:56:00-04:00  25.540001  25.580000  25.459999  25.490000  25.490000       0
2023-03-17 14:58:00-04:00  25.490000  25.580000  25.490000  25.580000  25.580000       0
2023-03-17 15:00:00-04:00  25.610001  25.740000  25.610001  25.740000  25.740000       0
2023-03-17 15:02:00-04:00  25.719999  25.809999  25.680000  25.799999  25.799999       0
2023-03-17 15:04:00-04:00  25.790001  25.820000  25.690001  25.719999  25.719999       0
2023-03-17 15:06:00-04:00  25.700001  25.719999  25.590000  25.719999  25.719999       0
2023-03-17 15:08:00-04:00  25.730000  25.730000  25.600000  25.600000  25.600000       0
2023-03-17 15:10:00-04:00  25.629999  25.639999  25.500000  25.570000  25.570000       0
2023-03-17 15:12:00-04:00  25.620001  25.620001  25.410000  25.410000  25.410000       0
2023-03-17 15:14:00-04:00  25.330000  25.410000  25.330000  25.410000  25.410000       0
2023-03-17 15:16:00-04:00  25.469999  25.559999  25.299999  25.299999  25.299999       0
2023-03-17 15:18:00-04:00  25.280001  25.370001  25.280001  25.370001  25.370001       0
2023-03-17 15:20:00-04:00  25.400000  25.500000  25.400000  25.440001  25.440001       0
2023-03-17 15:22:00-04:00  25.469999  25.490000  25.270000  25.270000  25.270000       0
2023-03-17 15:24:00-04:00  25.190001  25.200001  25.090000  25.120001  25.120001       0
2023-03-17 15:26:00-04:00  25.170000  25.180000  25.090000  25.100000  25.100000       0
2023-03-17 15:28:00-04:00  25.049999  25.049999  24.910000  24.910000  24.910000       0
2023-03-17 15:30:00-04:00  24.860001  25.129999  24.860001  25.129999  25.129999       0
2023-03-17 15:32:00-04:00  25.160000  25.600000  25.160000  25.600000  25.600000       0
2023-03-17 15:34:00-04:00  25.580000  25.590000  25.490000  25.590000  25.590000       0
2023-03-17 15:36:00-04:00  25.620001  25.730000  25.620001  25.690001  25.690001       0
2023-03-17 15:38:00-04:00  25.690001  25.830000  25.690001  25.830000  25.830000       0
2023-03-17 15:40:00-04:00  25.830000  25.830000  25.750000  25.820000  25.820000       0
2023-03-17 15:42:00-04:00  25.799999  25.860001  25.770000  25.830000  25.830000       0
2023-03-17 15:44:00-04:00  25.770000  25.870001  25.680000  25.870001  25.870001       0
2023-03-17 15:46:00-04:00  25.860001  26.040001  25.860001  26.040001  26.040001       0
2023-03-17 15:48:00-04:00  26.090000  26.129999  26.070000  26.120001  26.120001       0
2023-03-17 15:50:00-04:00  26.139999  26.139999  25.900000  25.910000  25.910000       0
2023-03-17 15:52:00-04:00  25.870001  25.870001  25.760000  25.790001  25.790001       0
2023-03-17 15:54:00-04:00  25.740000  25.760000  25.549999  25.549999  25.549999       0
2023-03-17 15:56:00-04:00  25.549999  25.700001  25.520000  25.700001  25.700001       0
2023-03-17 15:58:00-04:00  25.700001  25.700001  25.610001  25.610001  25.610001       0
2023-03-20 09:30:00-04:00  25.990000  26.209999  25.990000  26.160000  26.160000       0
2023-03-20 09:32:00-04:00  26.170000  26.170000  25.770000  25.770000  25.770000       0
2023-03-20 09:34:00-04:00  25.660000  26.250000  25.660000  26.250000  26.250000       0
2023-03-20 09:36:00-04:00  26.280001  26.430000  26.280001  26.350000  26.350000       0
2023-03-20 09:38:00-04:00  26.360001  26.360001  25.969999  25.969999  25.969999       0
2023-03-20 09:40:00-04:00  26.100000  26.110001  25.889999  25.900000  25.900000       0
2023-03-20 09:42:00-04:00  25.870001  26.180000  25.850000  26.180000  26.180000       0
2023-03-20 09:44:00-04:00  26.100000  26.120001  25.900000  25.940001  25.940001       0
2023-03-20 09:46:00-04:00  26.000000  26.110001  25.940001  25.969999  25.969999       0
2023-03-20 09:48:00-04:00  25.980000  26.290001  25.879999  25.879999  25.879999       0
2023-03-20 09:50:00-04:00  25.820000  25.850000  25.559999  25.559999  25.559999       0
2023-03-20 09:52:00-04:00  25.610001  25.629999  25.549999  25.549999  25.549999       0
2023-03-20 09:54:00-04:00  25.490000  25.690001  25.480000  25.600000  25.600000       0
2023-03-20 09:56:00-04:00  25.620001  25.639999  25.540001  25.549999  25.549999       0
2023-03-20 09:58:00-04:00  25.549999  25.549999  25.459999  25.459999  25.459999       0
2023-03-20 10:00:00-04:00  25.430000  25.430000  25.080000  25.170000  25.170000       0
2023-03-20 10:02:00-04:00  25.090000  25.090000  24.990000  25.040001  25.040001       0
2023-03-20 10:04:00-04:00  25.059999  25.059999  24.959999  24.959999  24.959999       0
2023-03-20 10:06:00-04:00  25.010000  25.250000  25.010000  25.240000  25.240000       0
2023-03-20 10:08:00-04:00  25.270000  25.430000  25.270000  25.389999  25.389999       0
2023-03-20 10:10:00-04:00  25.400000  25.440001  25.309999  25.440001  25.440001       0
2023-03-20 10:12:00-04:00  25.370001  25.370001  25.150000  25.150000  25.150000       0
2023-03-20 10:14:00-04:00  25.190001  25.320000  25.190001  25.240000  25.240000       0
2023-03-20 10:16:00-04:00  25.250000  25.450001  25.240000  25.410000  25.410000       0
2023-03-20 10:18:00-04:00  25.389999  25.600000  25.340000  25.600000  25.600000       0
2023-03-20 10:20:00-04:00  25.580000  25.580000  25.440001  25.520000  25.520000       0
2023-03-20 10:22:00-04:00  25.459999  25.459999  25.250000  25.250000  25.250000       0
2023-03-20 10:24:00-04:00  25.260000  25.260000  25.059999  25.090000  25.090000       0
2023-03-20 10:26:00-04:00  25.129999  25.139999  25.080000  25.139999  25.139999       0
2023-03-20 10:28:00-04:00  25.120001  25.120001  25.010000  25.040001  25.040001       0
2023-03-20 10:30:00-04:00  25.030001  25.040001  24.980000  24.980000  24.980000       0
2023-03-20 10:32:00-04:00  24.990000  25.190001  24.990000  25.090000  25.090000       0
2023-03-20 10:34:00-04:00  25.059999  25.129999  25.020000  25.040001  25.040001       0
2023-03-20 10:36:00-04:00  25.010000  25.070000  24.959999  25.070000  25.070000       0
2023-03-20 10:38:00-04:00  25.010000  25.190001  25.010000  25.100000  25.100000       0
2023-03-20 10:40:00-04:00  25.139999  25.139999  24.910000  24.910000  24.910000       0
2023-03-20 10:42:00-04:00  24.969999  24.969999  24.930000  24.950001  24.950001       0
2023-03-20 10:44:00-04:00  24.959999  25.000000  24.900000  24.900000  24.900000       0
2023-03-20 10:46:00-04:00  24.889999  24.910000  24.809999  24.809999  24.809999       0
2023-03-20 10:48:00-04:00  24.799999  24.799999  24.680000  24.709999  24.709999       0
2023-03-20 10:50:00-04:00  24.629999  24.799999  24.629999  24.760000  24.760000       0
2023-03-20 10:52:00-04:00  24.730000  24.730000  24.680000  24.700001  24.700001       0
2023-03-20 10:54:00-04:00  24.709999  24.790001  24.660000  24.660000  24.660000       0
2023-03-20 10:56:00-04:00  24.650000  24.650000  24.570000  24.600000  24.600000       0
2023-03-20 10:58:00-04:00  24.570000  24.600000  24.540001  24.549999  24.549999       0
2023-03-20 11:00:00-04:00  24.559999  24.629999  24.549999  24.580000  24.580000       0
2023-03-20 11:02:00-04:00  24.580000  24.580000  24.469999  24.469999  24.469999       0
2023-03-20 11:04:00-04:00  24.480000  24.500000  24.459999  24.459999  24.459999       0
2023-03-20 11:06:00-04:00  24.440001  24.440001  24.370001  24.420000  24.420000       0
2023-03-20 11:08:00-04:00  24.459999  24.510000  24.459999  24.480000  24.480000       0
2023-03-20 11:10:00-04:00  24.500000  24.650000  24.500000  24.650000  24.650000       0
2023-03-20 11:12:00-04:00  24.620001  24.660000  24.580000  24.650000  24.650000       0
2023-03-20 11:14:00-04:00  24.580000  24.620001  24.580000  24.610001  24.610001       0
2023-03-20 11:16:00-04:00  24.620001  24.730000  24.620001  24.660000  24.660000       0
2023-03-20 11:18:00-04:00  24.639999  24.639999  24.450001  24.450001  24.450001       0
2023-03-20 11:20:00-04:00  24.440001  24.450001  24.379999  24.379999  24.379999       0
2023-03-20 11:22:00-04:00  24.400000  24.400000  24.370001  24.370001  24.370001       0
2023-03-20 11:24:00-04:00  24.350000  24.420000  24.330000  24.330000  24.330000       0
2023-03-20 11:26:00-04:00  24.350000  24.360001  24.340000  24.340000  24.340000       0
2023-03-20 11:28:00-04:00  24.350000  24.350000  24.110001  24.160000  24.160000       0
2023-03-20 11:30:00-04:00  24.139999  24.160000  24.059999  24.160000  24.160000       0
2023-03-20 11:32:00-04:00  24.190001  24.379999  24.180000  24.379999  24.379999       0
2023-03-20 11:34:00-04:00  24.370001  24.370001  24.320000  24.330000  24.330000       0
2023-03-20 11:36:00-04:00  24.309999  24.320000  24.260000  24.320000  24.320000       0
2023-03-20 11:38:00-04:00  24.299999  24.340000  24.250000  24.280001  24.280001       0
2023-03-20 11:40:00-04:00  24.290001  24.320000  24.290001  24.290001  24.290001       0
2023-03-20 11:42:00-04:00  24.299999  24.430000  24.270000  24.400000  24.400000       0
2023-03-20 11:44:00-04:00  24.400000  24.450001  24.340000  24.350000  24.350000       0
2023-03-20 11:46:00-04:00  24.360001  24.430000  24.350000  24.430000  24.430000       0
2023-03-20 11:48:00-04:00  24.420000  24.420000  24.389999  24.410000  24.410000       0
2023-03-20 11:50:00-04:00  24.430000  24.430000  24.350000  24.410000  24.410000       0
2023-03-20 11:52:00-04:00  24.400000  24.490000  24.320000  24.490000  24.490000       0
2023-03-20 11:54:00-04:00  24.450001  24.490000  24.430000  24.430000  24.430000       0
2023-03-20 11:56:00-04:00  24.430000  24.590000  24.410000  24.559999  24.559999       0
2023-03-20 11:58:00-04:00  24.600000  24.600000  24.459999  24.549999  24.549999       0
2023-03-20 12:00:00-04:00  24.610001  24.670000  24.600000  24.670000  24.670000       0
2023-03-20 12:02:00-04:00  24.639999  24.660000  24.580000  24.610001  24.610001       0
2023-03-20 12:04:00-04:00  24.629999  24.650000  24.590000  24.639999  24.639999       0
2023-03-20 12:06:00-04:00  24.610001  24.709999  24.610001  24.709999  24.709999       0
2023-03-20 12:08:00-04:00  24.760000  24.980000  24.760000  24.980000  24.980000       0
2023-03-20 12:10:00-04:00  25.000000  25.020000  24.959999  24.959999  24.959999       0
2023-03-20 12:12:00-04:00  25.299999  25.469999  25.299999  25.410000  25.410000       0
2023-03-20 12:14:00-04:00  25.400000  25.400000  25.080000  25.080000  25.080000       0
2023-03-20 12:16:00-04:00  25.059999  25.150000  25.010000  25.150000  25.150000       0
2023-03-20 12:18:00-04:00  25.160000  25.490000  25.160000  25.490000  25.490000       0
2023-03-20 12:20:00-04:00  25.440001  25.469999  25.350000  25.350000  25.350000       0
2023-03-20 12:22:00-04:00  25.350000  25.350000  25.129999  25.170000  25.170000       0
2023-03-20 12:24:00-04:00  25.180000  25.250000  25.139999  25.209999  25.209999       0
2023-03-20 12:26:00-04:00  25.260000  25.410000  25.260000  25.379999  25.379999       0
2023-03-20 12:28:00-04:00  25.299999  25.299999  25.080000  25.080000  25.080000       0
2023-03-20 12:30:00-04:00  25.040001  25.040001  24.900000  24.940001  24.940001       0
2023-03-20 12:32:00-04:00  24.940001  24.940001  24.860001  24.889999  24.889999       0
2023-03-20 12:34:00-04:00  24.870001  24.900000  24.770000  24.900000  24.900000       0
2023-03-20 12:36:00-04:00  24.840000  24.879999  24.760000  24.790001  24.790001       0
2023-03-20 12:38:00-04:00  24.809999  24.809999  24.629999  24.629999  24.629999       0
2023-03-20 12:40:00-04:00  24.660000  24.700001  24.639999  24.660000  24.660000       0
2023-03-20 12:42:00-04:00  24.650000  24.809999  24.629999  24.809999  24.809999       0
2023-03-20 12:44:00-04:00  24.780001  24.780001  24.730000  24.740000  24.740000       0
2023-03-20 12:46:00-04:00  24.790001  24.809999  24.760000  24.760000  24.760000       0
2023-03-20 12:48:00-04:00  24.730000  24.730000  24.620001  24.709999  24.709999       0
2023-03-20 12:50:00-04:00  24.719999  24.719999  24.510000  24.510000  24.510000       0
2023-03-20 12:52:00-04:00  24.510000  24.549999  24.459999  24.540001  24.540001       0
2023-03-20 12:54:00-04:00  24.480000  24.490000  24.450001  24.469999  24.469999       0
2023-03-20 12:56:00-04:00  24.490000  24.490000  24.250000  24.330000  24.330000       0
2023-03-20 12:58:00-04:00  24.330000  24.389999  24.330000  24.370001  24.370001       0
2023-03-20 13:00:00-04:00  24.389999  24.400000  24.360001  24.360001  24.360001       0
2023-03-20 13:02:00-04:00  24.370001  24.410000  24.340000  24.400000  24.400000       0
2023-03-20 13:04:00-04:00  24.350000  24.379999  24.330000  24.330000  24.330000       0
2023-03-20 13:06:00-04:00  24.330000  24.330000  24.230000  24.280001  24.280001       0
2023-03-20 13:08:00-04:00  24.280001  24.320000  24.250000  24.290001  24.290001       0
2023-03-20 13:10:00-04:00  24.290001  24.290001  24.240000  24.250000  24.250000       0
2023-03-20 13:12:00-04:00  24.250000  24.250000  24.180000  24.200001  24.200001       0
2023-03-20 13:14:00-04:00  24.219999  24.219999  24.129999  24.129999  24.129999       0
2023-03-20 13:16:00-04:00  24.080000  24.190001  24.070000  24.190001  24.190001       0
2023-03-20 13:18:00-04:00  24.260000  24.280001  24.240000  24.260000  24.260000       0
2023-03-20 13:20:00-04:00  24.230000  24.379999  24.230000  24.379999  24.379999       0
2023-03-20 13:22:00-04:00  24.410000  24.420000  24.370001  24.420000  24.420000       0
2023-03-20 13:24:00-04:00  24.389999  24.420000  24.389999  24.410000  24.410000       0
2023-03-20 13:26:00-04:00  24.420000  24.469999  24.400000  24.469999  24.469999       0
2023-03-20 13:28:00-04:00  24.530001  24.590000  24.530001  24.580000  24.580000       0
2023-03-20 13:30:00-04:00  24.610001  24.610001  24.510000  24.530001  24.530001       0
2023-03-20 13:32:00-04:00  24.530001  24.540001  24.480000  24.480000  24.480000       0
2023-03-20 13:34:00-04:00  24.520000  24.709999  24.520000  24.700001  24.700001       0
2023-03-20 13:36:00-04:00  24.680000  24.740000  24.680000  24.700001  24.700001       0
2023-03-20 13:38:00-04:00  24.690001  24.770000  24.680000  24.680000  24.680000       0
2023-03-20 13:40:00-04:00  24.639999  24.639999  24.500000  24.500000  24.500000       0
2023-03-20 13:42:00-04:00  24.469999  24.510000  24.469999  24.500000  24.500000       0
2023-03-20 13:44:00-04:00  24.520000  24.590000  24.480000  24.590000  24.590000       0
2023-03-20 13:46:00-04:00  24.580000  24.590000  24.540001  24.559999  24.559999       0
2023-03-20 13:48:00-04:00  24.590000  24.600000  24.490000  24.500000  24.500000       0
2023-03-20 13:50:00-04:00  24.490000  24.590000  24.490000  24.590000  24.590000       0
2023-03-20 13:52:00-04:00  24.620001  24.680000  24.600000  24.650000  24.650000       0
2023-03-20 13:54:00-04:00  24.660000  24.719999  24.639999  24.650000  24.650000       0
2023-03-20 13:56:00-04:00  24.650000  24.690001  24.610001  24.690001  24.690001       0
2023-03-20 13:58:00-04:00  24.680000  24.680000  24.580000  24.610001  24.610001       0
2023-03-20 14:00:00-04:00  24.610001  24.700001  24.590000  24.670000  24.670000       0
2023-03-20 14:02:00-04:00  24.670000  24.670000  24.540001  24.629999  24.629999       0
2023-03-20 14:04:00-04:00  24.670000  24.750000  24.639999  24.750000  24.750000       0
2023-03-20 14:06:00-04:00  24.760000  24.809999  24.690001  24.809999  24.809999       0
2023-03-20 14:08:00-04:00  24.790001  24.860001  24.790001  24.860001  24.860001       0
2023-03-20 14:10:00-04:00  24.860001  24.879999  24.719999  24.719999  24.719999       0
2023-03-20 14:12:00-04:00  24.700001  24.740000  24.700001  24.730000  24.730000       0
2023-03-20 14:14:00-04:00  24.760000  24.790001  24.750000  24.790001  24.790001       0
2023-03-20 14:16:00-04:00  24.799999  24.799999  24.740000  24.770000  24.770000       0
2023-03-20 14:18:00-04:00  24.750000  24.750000  24.500000  24.500000  24.500000       0
2023-03-20 14:20:00-04:00  24.520000  24.520000  24.430000  24.440001  24.440001       0
2023-03-20 14:22:00-04:00  24.430000  24.430000  24.379999  24.420000  24.420000       0
2023-03-20 14:24:00-04:00  24.379999  24.400000  24.370001  24.400000  24.400000       0
2023-03-20 14:26:00-04:00  24.440001  24.440001  24.370001  24.370001  24.370001       0
2023-03-20 14:28:00-04:00  24.389999  24.389999  24.320000  24.379999  24.379999       0
2023-03-20 14:30:00-04:00  24.420000  24.510000  24.389999  24.510000  24.510000       0
2023-03-20 14:32:00-04:00  24.530001  24.660000  24.530001  24.570000  24.570000       0
2023-03-20 14:34:00-04:00  24.530001  24.639999  24.530001  24.639999  24.639999       0
2023-03-20 14:36:00-04:00  24.650000  24.719999  24.650000  24.719999  24.719999       0
2023-03-20 14:38:00-04:00  24.760000  24.799999  24.740000  24.799999  24.799999       0
2023-03-20 14:40:00-04:00  24.799999  24.820000  24.770000  24.780001  24.780001       0
2023-03-20 14:42:00-04:00  24.780001  24.820000  24.620001  24.620001  24.620001       0
2023-03-20 14:44:00-04:00  24.620001  24.639999  24.580000  24.580000  24.580000       0
2023-03-20 14:46:00-04:00  24.530001  24.549999  24.500000  24.540001  24.540001       0
2023-03-20 14:48:00-04:00  24.530001  24.530001  24.440001  24.450001  24.450001       0
2023-03-20 14:50:00-04:00  24.459999  24.459999  24.170000  24.270000  24.270000       0
2023-03-20 14:52:00-04:00  24.240000  24.400000  24.240000  24.340000  24.340000       0
2023-03-20 14:54:00-04:00  24.320000  24.370001  24.309999  24.309999  24.309999       0
2023-03-20 14:56:00-04:00  24.320000  24.340000  24.309999  24.320000  24.320000       0
2023-03-20 14:58:00-04:00  24.350000  24.490000  24.350000  24.440001  24.440001       0
2023-03-20 15:00:00-04:00  24.440001  24.500000  24.440001  24.490000  24.490000       0
2023-03-20 15:02:00-04:00  24.410000  24.430000  24.320000  24.320000  24.320000       0
2023-03-20 15:04:00-04:00  24.320000  24.370001  24.299999  24.299999  24.299999       0
2023-03-20 15:06:00-04:00  24.280001  24.330000  24.240000  24.330000  24.330000       0
2023-03-20 15:08:00-04:00  24.370001  24.450001  24.320000  24.450001  24.450001       0
2023-03-20 15:10:00-04:00  24.450001  24.469999  24.400000  24.459999  24.459999       0
2023-03-20 15:12:00-04:00  24.459999  24.500000  24.430000  24.459999  24.459999       0
2023-03-20 15:14:00-04:00  24.440001  24.500000  24.379999  24.500000  24.500000       0
2023-03-20 15:16:00-04:00  24.500000  24.540001  24.450001  24.540001  24.540001       0
2023-03-20 15:18:00-04:00  24.540001  24.559999  24.340000  24.340000  24.340000       0
2023-03-20 15:20:00-04:00  24.340000  24.530001  24.330000  24.530001  24.530001       0
2023-03-20 15:22:00-04:00  24.600000  24.600000  24.469999  24.469999  24.469999       0
2023-03-20 15:24:00-04:00  24.490000  24.490000  24.389999  24.400000  24.400000       0
2023-03-20 15:26:00-04:00  24.350000  24.350000  24.270000  24.299999  24.299999       0
2023-03-20 15:28:00-04:00  24.280001  24.299999  24.230000  24.260000  24.260000       0
2023-03-20 15:30:00-04:00  24.280001  24.340000  24.250000  24.250000  24.250000       0
2023-03-20 15:32:00-04:00  24.250000  24.280001  24.230000  24.230000  24.230000       0
2023-03-20 15:34:00-04:00  24.250000  24.340000  24.240000  24.290001  24.290001       0
2023-03-20 15:36:00-04:00  24.309999  24.309999  24.250000  24.299999  24.299999       0
2023-03-20 15:38:00-04:00  24.350000  24.350000  24.250000  24.299999  24.299999       0
2023-03-20 15:40:00-04:00  24.299999  24.299999  24.170000  24.170000  24.170000       0
2023-03-20 15:42:00-04:00  24.190001  24.190001  24.100000  24.129999  24.129999       0
2023-03-20 15:44:00-04:00  24.160000  24.309999  24.129999  24.240000  24.240000       0
2023-03-20 15:46:00-04:00  24.219999  24.240000  24.110001  24.110001  24.110001       0
2023-03-20 15:48:00-04:00  24.070000  24.170000  24.070000  24.150000  24.150000       0
2023-03-20 15:50:00-04:00  24.120001  24.120001  24.000000  24.070000  24.070000       0
2023-03-20 15:52:00-04:00  24.049999  24.090000  24.049999  24.049999  24.049999       0
2023-03-20 15:54:00-04:00  24.070000  24.180000  24.070000  24.150000  24.150000       0
2023-03-20 15:56:00-04:00  24.200001  24.230000  24.139999  24.209999  24.209999       0
2023-03-20 15:58:00-04:00  24.190001  24.209999  24.139999  24.139999  24.139999       0
2023-03-21 09:30:00-04:00  22.510000  22.559999  22.510000  22.559999  22.559999       0
2023-03-21 09:32:00-04:00  22.570000  22.620001  22.469999  22.469999  22.469999       0
2023-03-21 09:34:00-04:00  22.490000  22.530001  22.480000  22.520000  22.520000       0
2023-03-21 09:36:00-04:00  22.540001  22.540001  22.490000  22.530001  22.530001       0
2023-03-21 09:38:00-04:00  22.540001  22.540001  22.520000  22.530001  22.530001       0
2023-03-21 09:40:00-04:00  22.549999  22.549999  22.480000  22.500000  22.500000       0
2023-03-21 09:42:00-04:00  22.510000  22.510000  22.420000  22.469999  22.469999       0
2023-03-21 09:44:00-04:00  22.469999  22.520000  22.400000  22.400000  22.400000       0
2023-03-21 09:46:00-04:00  22.400000  22.440001  22.370001  22.440001  22.440001       0
2023-03-21 09:48:00-04:00  22.440001  22.510000  22.430000  22.469999  22.469999       0
2023-03-21 09:50:00-04:00  22.469999  22.500000  22.379999  22.420000  22.420000       0
2023-03-21 09:52:00-04:00  22.440001  22.450001  22.410000  22.450001  22.450001       0
2023-03-21 09:54:00-04:00  22.459999  22.459999  22.360001  22.370001  22.370001       0
2023-03-21 09:56:00-04:00  22.350000  22.350000  22.309999  22.320000  22.320000       0
2023-03-21 09:58:00-04:00  22.330000  22.330000  22.260000  22.280001  22.280001       0
2023-03-21 10:00:00-04:00  22.280001  22.280001  22.139999  22.150000  22.150000       0
2023-03-21 10:02:00-04:00  22.160000  22.219999  22.160000  22.219999  22.219999       0
2023-03-21 10:04:00-04:00  22.260000  22.400000  22.260000  22.389999  22.389999       0
2023-03-21 10:06:00-04:00  22.430000  22.520000  22.389999  22.389999  22.389999       0
2023-03-21 10:08:00-04:00  22.389999  22.410000  22.379999  22.379999  22.379999       0
2023-03-21 10:10:00-04:00  22.350000  22.350000  22.170000  22.190001  22.190001       0
2023-03-21 10:12:00-04:00  22.240000  22.370001  22.240000  22.250000  22.250000       0
2023-03-21 10:14:00-04:00  22.270000  22.459999  22.270000  22.430000  22.430000       0
2023-03-21 10:16:00-04:00  22.420000  22.450001  22.350000  22.350000  22.350000       0
2023-03-21 10:18:00-04:00  22.379999  22.450001  22.360001  22.379999  22.379999       0
2023-03-21 10:20:00-04:00  22.389999  22.400000  22.299999  22.299999  22.299999       0
2023-03-21 10:22:00-04:00  22.309999  22.410000  22.309999  22.410000  22.410000       0
2023-03-21 10:24:00-04:00  22.420000  22.520000  22.420000  22.480000  22.480000       0
2023-03-21 10:26:00-04:00  22.500000  22.500000  22.440001  22.469999  22.469999       0
2023-03-21 10:28:00-04:00  22.459999  22.459999  22.280001  22.280001  22.280001       0
2023-03-21 10:30:00-04:00  22.280001  22.309999  22.190001  22.190001  22.190001       0
2023-03-21 10:32:00-04:00  22.190001  22.240000  22.129999  22.190001  22.190001       0
2023-03-21 10:34:00-04:00  22.180000  22.299999  22.180000  22.299999  22.299999       0
2023-03-21 10:36:00-04:00  22.320000  22.360001  22.299999  22.299999  22.299999       0
2023-03-21 10:38:00-04:00  22.260000  22.260000  22.200001  22.209999  22.209999       0