                                Open       High        Low      Close  Adj Close  Volume
Datetime                                                                                
2023-01-30 09:30:00-05:00  19.650000  19.650000  19.600000  19.600000  19.600000       0
2023-01-30 09:32:00-05:00  19.590000  19.590000  19.540001  19.559999  19.559999       0
2023-01-30 09:34:00-05:00  19.540001  19.650000  19.540001  19.650000  19.650000       0
2023-01-30 09:36:00-05:00  19.660000  19.690001  19.650000  19.670000  19.670000       0
2023-01-30 09:38:00-05:00  19.670000  19.670000  19.580000  19.600000  19.600000       0
2023-01-30 09:40:00-05:00  19.610001  19.700001  19.610001  19.680000  19.680000       0
2023-01-30 09:42:00-05:00  19.709999  19.760000  19.709999  19.760000  19.760000       0
2023-01-30 09:44:00-05:00  19.760000  19.760000  19.600000  19.600000  19.600000       0
2023-01-30 09:46:00-05:00  19.590000  19.600000  19.580000  19.580000  19.580000       0
2023-01-30 09:48:00-05:00  19.570000  19.620001  19.549999  19.620001  19.620001       0
2023-01-30 09:50:00-05:00  19.600000  19.629999  19.580000  19.610001  19.610001       0
2023-01-30 09:52:00-05:00  19.629999  19.629999  19.600000  19.629999  19.629999       0
2023-01-30 09:54:00-05:00  19.650000  19.840000  19.650000  19.740000  19.740000       0
2023-01-30 09:56:00-05:00  19.730000  19.730000  19.639999  19.660000  19.660000       0
2023-01-30 09:58:00-05:00  19.650000  19.670000  19.650000  19.650000  19.650000       0
2023-01-30 10:00:00-05:00  19.670000  19.670000  19.639999  19.639999  19.639999       0
2023-01-30 10:02:00-05:00  19.620001  19.650000  19.600000  19.650000  19.650000       0
2023-01-30 10:04:00-05:00  19.629999  19.629999  19.600000  19.620001  19.620001       0
2023-01-30 10:06:00-05:00  19.629999  19.660000  19.629999  19.650000  19.650000       0
2023-01-30 10:08:00-05:00  19.660000  19.709999  19.660000  19.709999  19.709999       0
2023-01-30 10:10:00-05:00  19.690001  19.700001  19.680000  19.700001  19.700001       0
2023-01-30 10:12:00-05:00  19.709999  19.709999  19.690001  19.700001  19.700001       0
2023-01-30 10:14:00-05:00  19.719999  19.780001  19.719999  19.780001  19.780001       0
2023-01-30 10:16:00-05:00  19.770000  19.809999  19.770000  19.780001  19.780001       0
2023-01-30 10:18:00-05:00  19.780001  19.850000  19.780001  19.850000  19.850000       0
2023-01-30 10:20:00-05:00  19.850000  19.870001  19.830000  19.870001  19.870001       0
2023-01-30 10:22:00-05:00  19.889999  19.940001  19.879999  19.940001  19.940001       0
2023-01-30 10:24:00-05:00  19.940001  19.950001  19.920000  19.940001  19.940001       0
2023-01-30 10:26:00-05:00  19.950001  19.990000  19.950001  19.990000  19.990000       0
2023-01-30 10:28:00-05:00  19.969999  19.969999  19.900000  19.900000  19.900000       0
2023-01-30 10:30:00-05:00  19.889999  19.930000  19.889999  19.930000  19.930000       0
2023-01-30 10:32:00-05:00  19.950001  19.980000  19.940001  19.959999  19.959999       0
2023-01-30 10:34:00-05:00  19.969999  20.020000  19.969999  19.990000  19.990000       0
2023-01-30 10:36:00-05:00  19.969999  20.080000  19.969999  20.080000  20.080000       0
2023-01-30 10:38:00-05:00  20.080000  20.090000  20.070000  20.090000  20.090000       0
2023-01-30 10:40:00-05:00  20.080000  20.129999  20.080000  20.129999  20.129999       0
2023-01-30 10:42:00-05:00  20.139999  20.160000  20.139999  20.150000  20.150000       0
2023-01-30 10:44:00-05:00  20.170000  20.190001  20.170000  20.180000  20.180000       0
2023-01-30 10:46:00-05:00  20.190001  20.230000  20.190001  20.230000  20.230000       0
2023-01-30 10:48:00-05:00  20.240000  20.240000  20.170000  20.170000  20.170000       0
2023-01-30 10:50:00-05:00  20.150000  20.150000  20.030001  20.040001  20.040001       0
2023-01-30 10:52:00-05:00  20.040001  20.180000  20.040001  20.180000  20.180000       0
2023-01-30 10:54:00-05:00  20.160000  20.180000  20.070000  20.070000  20.070000       0
2023-01-30 10:56:00-05:00  20.070000  20.090000  20.049999  20.049999  20.049999       0
2023-01-30 10:58:00-05:00  20.049999  20.049999  19.980000  19.980000  19.980000       0
2023-01-30 11:00:00-05:00  19.990000  20.000000  19.969999  19.980000  19.980000       0
2023-01-30 11:02:00-05:00  19.969999  19.980000  19.950001  19.969999  19.969999       0
2023-01-30 11:04:00-05:00  19.959999  20.000000  19.959999  19.959999  19.959999       0
2023-01-30 11:06:00-05:00  19.959999  19.959999  19.950001  19.959999  19.959999       0
2023-01-30 11:08:00-05:00  19.969999  19.969999  19.930000  19.930000  19.930000       0
2023-01-30 11:10:00-05:00  19.910000  19.910000  19.840000  19.840000  19.840000       0
2023-01-30 11:12:00-05:00  19.790001  19.809999  19.790001  19.809999  19.809999       0
2023-01-30 11:14:00-05:00  19.809999  19.809999  19.770000  19.770000  19.770000       0
2023-01-30 11:16:00-05:00  19.780001  19.780001  19.730000  19.750000  19.750000       0
2023-01-30 11:18:00-05:00  19.740000  19.740000  19.709999  19.719999  19.719999       0
2023-01-30 11:20:00-05:00  19.719999  19.719999  19.709999  19.719999  19.719999       0
2023-01-30 11:22:00-05:00  19.740000  19.809999  19.740000  19.809999  19.809999       0
2023-01-30 11:24:00-05:00  19.820000  19.870001  19.820000  19.870001  19.870001       0
2023-01-30 11:26:00-05:00  19.870001  19.879999  19.870001  19.870001  19.870001       0
2023-01-30 11:28:00-05:00  19.860001  19.860001  19.809999  19.820000  19.820000       0
2023-01-30 11:30:00-05:00  19.820000  19.820000  19.770000  19.790001  19.790001       0
2023-01-30 11:32:00-05:00  19.790001  19.820000  19.790001  19.820000  19.820000       0
2023-01-30 11:34:00-05:00  19.809999  19.820000  19.799999  19.799999  19.799999       0
2023-01-30 11:36:00-05:00  19.809999  19.860001  19.809999  19.850000  19.850000       0
2023-01-30 11:38:00-05:00  19.860001  19.870001  19.840000  19.860001  19.860001       0
2023-01-30 11:40:00-05:00  19.860001  19.900000  19.860001  19.900000  19.900000       0
2023-01-30 11:42:00-05:00  19.900000  19.900000  19.870001  19.900000  19.900000       0
2023-01-30 11:44:00-05:00  19.900000  19.900000  19.860001  19.860001  19.860001       0
2023-01-30 11:46:00-05:00  19.860001  19.860001  19.820000  19.820000  19.820000       0
2023-01-30 11:48:00-05:00  19.820000  19.840000  19.809999  19.830000  19.830000       0
2023-01-30 11:50:00-05:00  19.840000  19.840000  19.799999  19.820000  19.820000       0
2023-01-30 11:52:00-05:00  19.820000  19.830000  19.790001  19.809999  19.809999       0
2023-01-30 11:54:00-05:00  19.809999  19.950001  19.799999  19.950001  19.950001       0
2023-01-30 11:56:00-05:00  19.930000  19.930000  19.840000  19.840000  19.840000       0
2023-01-30 11:58:00-05:00  19.830000  19.830000  19.770000  19.770000  19.770000       0
2023-01-30 12:00:00-05:00  19.770000  19.799999  19.770000  19.780001  19.780001       0
2023-01-30 12:02:00-05:00  19.799999  19.799999  19.780001  19.799999  19.799999       0
2023-01-30 12:04:00-05:00  19.799999  19.809999  19.709999  19.709999  19.709999       0
2023-01-30 12:06:00-05:00  19.709999  19.740000  19.700001  19.719999  19.719999       0
2023-01-30 12:08:00-05:00  19.709999  19.750000  19.709999  19.740000  19.740000       0
2023-01-30 12:10:00-05:00  19.750000  19.760000  19.740000  19.760000  19.760000       0
2023-01-30 12:12:00-05:00  19.770000  19.770000  19.750000  19.760000  19.760000       0
2023-01-30 12:14:00-05:00  19.770000  19.770000  19.730000  19.770000  19.770000       0
2023-01-30 12:16:00-05:00  19.790001  19.809999  19.780001  19.799999  19.799999       0
2023-01-30 12:18:00-05:00  19.820000  19.830000  19.790001  19.790001  19.790001       0
2023-01-30 12:20:00-05:00  19.790001  19.790001  19.760000  19.790001  19.790001       0
2023-01-30 12:22:00-05:00  19.770000  19.780001  19.740000  19.770000  19.770000       0
2023-01-30 12:24:00-05:00  19.770000  19.770000  19.750000  19.760000  19.760000       0
2023-01-30 12:26:00-05:00  19.760000  19.889999  19.760000  19.870001  19.870001       0
2023-01-30 12:28:00-05:00  19.870001  19.870001  19.820000  19.830000  19.830000       0
2023-01-30 12:30:00-05:00  19.820000  19.879999  19.820000  19.879999  19.879999       0
2023-01-30 12:32:00-05:00  19.860001  19.889999  19.860001  19.889999  19.889999       0
2023-01-30 12:34:00-05:00  19.900000  19.910000  19.889999  19.910000  19.910000       0
2023-01-30 12:36:00-05:00  19.910000  19.910000  19.879999  19.879999  19.879999       0
2023-01-30 12:38:00-05:00  19.879999  19.900000  19.860001  19.889999  19.889999       0
2023-01-30 12:40:00-05:00  19.889999  19.920000  19.879999  19.879999  19.879999       0
2023-01-30 12:42:00-05:00  19.879999  19.930000  19.870001  19.930000  19.930000       0
2023-01-30 12:44:00-05:00  19.930000  19.980000  19.920000  19.980000  19.980000       0
2023-01-30 12:46:00-05:00  19.980000  20.059999  19.969999  20.059999  20.059999       0
2023-01-30 12:48:00-05:00  20.049999  20.049999  19.969999  19.969999  19.969999       0
2023-01-30 12:50:00-05:00  19.969999  20.059999  19.969999  20.040001  20.040001       0
2023-01-30 12:52:00-05:00  20.030001  20.030001  19.969999  19.969999  19.969999       0
2023-01-30 12:54:00-05:00  19.969999  20.030001  19.969999  20.000000  20.000000       0
2023-01-30 12:56:00-05:00  19.990000  20.010000  19.990000  20.010000  20.010000       0
2023-01-30 12:58:00-05:00  20.030001  20.070000  20.030001  20.040001  20.040001       0
2023-01-30 13:00:00-05:00  20.049999  20.090000  20.049999  20.090000  20.090000       0
2023-01-30 13:02:00-05:00  20.080000  20.110001  20.080000  20.110001  20.110001       0
2023-01-30 13:04:00-05:00  20.110001  20.110001  20.010000  20.010000  20.010000       0
2023-01-30 13:06:00-05:00  20.020000  20.030001  20.010000  20.030001  20.030001       0
2023-01-30 13:08:00-05:00  20.040001  20.070000  20.040001  20.059999  20.059999       0
2023-01-30 13:10:00-05:00  20.049999  20.049999  20.010000  20.010000  20.010000       0
2023-01-30 13:12:00-05:00  20.000000  20.000000  19.930000  19.930000  19.930000       0
2023-01-30 13:14:00-05:00  19.940001  19.969999  19.940001  19.969999  19.969999       0
2023-01-30 13:16:00-05:00  19.940001  19.940001  19.820000  19.820000  19.820000       0
2023-01-30 13:18:00-05:00  19.830000  19.830000  19.790001  19.809999  19.809999       0
2023-01-30 13:20:00-05:00  19.790001  19.790001  19.750000  19.780001  19.780001       0
2023-01-30 13:22:00-05:00  19.780001  19.780001  19.770000  19.770000  19.770000       0
2023-01-30 13:24:00-05:00  19.770000  19.770000  19.750000  19.760000  19.760000       0
2023-01-30 13:26:00-05:00  19.760000  19.799999  19.750000  19.799999  19.799999       0
2023-01-30 13:28:00-05:00  19.799999  19.809999  19.790001  19.799999  19.799999       0
2023-01-30 13:30:00-05:00  19.799999  19.900000  19.799999  19.900000  19.900000       0
2023-01-30 13:32:00-05:00  19.900000  19.959999  19.900000  19.950001  19.950001       0
2023-01-30 13:34:00-05:00  19.959999  19.969999  19.940001  19.969999  19.969999       0
2023-01-30 13:36:00-05:00  19.969999  19.980000  19.950001  19.959999  19.959999       0
2023-01-30 13:38:00-05:00  19.969999  19.980000  19.940001  19.940001  19.940001       0
2023-01-30 13:40:00-05:00  19.940001  19.959999  19.940001  19.959999  19.959999       0
2023-01-30 13:42:00-05:00  19.969999  20.010000  19.959999  20.000000  20.000000       0
2023-01-30 13:44:00-05:00  19.959999  19.969999  19.959999  19.959999  19.959999       0
2023-01-30 13:46:00-05:00  19.959999  19.969999  19.959999  19.969999  19.969999       0
2023-01-30 13:48:00-05:00  20.010000  20.010000  19.980000  19.980000  19.980000       0
2023-01-30 13:50:00-05:00  19.959999  20.000000  19.959999  20.000000  20.000000       0
2023-01-30 13:52:00-05:00  20.000000  20.010000  19.990000  19.990000  19.990000       0
2023-01-30 13:54:00-05:00  20.000000  20.000000  19.969999  19.980000  19.980000       0
2023-01-30 13:56:00-05:00  19.969999  20.010000  19.969999  20.010000  20.010000       0
2023-01-30 13:58:00-05:00  20.020000  20.020000  19.930000  19.930000  19.930000       0
2023-01-30 14:00:00-05:00  19.920000  19.959999  19.910000  19.959999  19.959999       0
2023-01-30 14:02:00-05:00  19.959999  19.959999  19.950001  19.959999  19.959999       0
2023-01-30 14:04:00-05:00  19.950001  19.950001  19.900000  19.900000  19.900000       0
2023-01-30 14:06:00-05:00  19.910000  19.920000  19.900000  19.910000  19.910000       0
2023-01-30 14:08:00-05:00  19.910000  19.980000  19.910000  19.969999  19.969999       0
2023-01-30 14:10:00-05:00  19.980000  19.980000  19.959999  19.969999  19.969999       0
2023-01-30 14:12:00-05:00  20.000000  20.030001  20.000000  20.030001  20.030001       0
2023-01-30 14:14:00-05:00  20.030001  20.030001  20.010000  20.030001  20.030001       0
2023-01-30 14:16:00-05:00  20.030001  20.049999  20.020000  20.049999  20.049999       0
2023-01-30 14:18:00-05:00  20.059999  20.070000  20.040001  20.040001  20.040001       0
2023-01-30 14:20:00-05:00  20.020000  20.030001  19.980000  19.980000  19.980000       0
2023-01-30 14:22:00-05:00  19.990000  20.010000  19.990000  20.010000  20.010000       0
2023-01-30 14:24:00-05:00  20.040001  20.059999  20.040001  20.059999  20.059999       0
2023-01-30 14:26:00-05:00  20.070000  20.080000  20.070000  20.080000  20.080000       0
2023-01-30 14:28:00-05:00  20.090000  20.110001  20.090000  20.110001  20.110001       0
2023-01-30 14:30:00-05:00  20.110001  20.150000  20.110001  20.120001  20.120001       0
2023-01-30 14:32:00-05:00  20.120001  20.129999  20.110001  20.129999  20.129999       0
2023-01-30 14:34:00-05:00  20.139999  20.150000  20.139999  20.150000  20.150000       0
2023-01-30 14:36:00-05:00  20.129999  20.180000  20.129999  20.170000  20.170000       0
2023-01-30 14:38:00-05:00  20.160000  20.160000  20.120001  20.129999  20.129999       0
2023-01-30 14:40:00-05:00  20.129999  20.180000  20.129999  20.170000  20.170000       0
2023-01-30 14:42:00-05:00  20.170000  20.200001  20.170000  20.190001  20.190001       0
2023-01-30 14:44:00-05:00  20.190001  20.190001  20.170000  20.190001  20.190001       0
2023-01-30 14:46:00-05:00  20.190001  20.209999  20.190001  20.209999  20.209999       0
2023-01-30 14:48:00-05:00  20.209999  20.219999  20.209999  20.219999  20.219999       0
2023-01-30 14:50:00-05:00  20.219999  20.219999  20.209999  20.219999  20.219999       0
2023-01-30 14:52:00-05:00  20.230000  20.230000  20.200001  20.200001  20.200001       0
2023-01-30 14:54:00-05:00  20.190001  20.200001  20.180000  20.200001  20.200001       0
2023-01-30 14:56:00-05:00  20.200001  20.200001  20.129999  20.129999  20.129999       0
2023-01-30 14:58:00-05:00  20.100000  20.110001  20.080000  20.080000  20.080000       0
2023-01-30 15:00:00-05:00  20.090000  20.090000  20.049999  20.049999  20.049999       0
2023-01-30 15:02:00-05:00  20.059999  20.059999  19.980000  19.980000  19.980000       0
2023-01-30 15:04:00-05:00  19.980000  20.000000  19.959999  20.000000  20.000000       0
2023-01-30 15:06:00-05:00  20.000000  20.160000  20.000000  20.160000  20.160000       0
2023-01-30 15:08:00-05:00  20.190001  20.190001  20.160000  20.160000  20.160000       0
2023-01-30 15:10:00-05:00  20.160000  20.170000  20.120001  20.120001  20.120001       0
2023-01-30 15:12:00-05:00  20.110001  20.110001  20.090000  20.090000  20.090000       0
2023-01-30 15:14:00-05:00  20.100000  20.190001  20.100000  20.190001  20.190001       0
2023-01-30 15:16:00-05:00  20.190001  20.200001  20.170000  20.170000  20.170000       0
2023-01-30 15:18:00-05:00  20.160000  20.170000  20.150000  20.160000  20.160000       0
2023-01-30 15:20:00-05:00  20.120001  20.150000  20.120001  20.150000  20.150000       0
2023-01-30 15:22:00-05:00  20.170000  20.230000  20.170000  20.200001  20.200001       0
2023-01-30 15:24:00-05:00  20.209999  20.230000  20.209999  20.230000  20.230000       0
2023-01-30 15:26:00-05:00  20.230000  20.240000  20.230000  20.230000  20.230000       0
2023-01-30 15:28:00-05:00  20.209999  20.240000  20.209999  20.230000  20.230000       0
2023-01-30 15:30:00-05:00  20.219999  20.250000  20.200001  20.200001  20.200001       0
2023-01-30 15:32:00-05:00  20.200001  20.200001  20.160000  20.170000  20.170000       0
2023-01-30 15:34:00-05:00  20.170000  20.170000  20.100000  20.100000  20.100000       0
2023-01-30 15:36:00-05:00  20.070000  20.080000  20.030001  20.030001  20.030001       0
2023-01-30 15:38:00-05:00  20.040001  20.049999  19.990000  20.000000  20.000000       0
2023-01-30 15:40:00-05:00  20.000000  20.010000  19.990000  20.010000  20.010000       0
2023-01-30 15:42:00-05:00  20.020000  20.080000  20.020000  20.080000  20.080000       0
2023-01-30 15:44:00-05:00  20.070000  20.070000  20.000000  20.020000  20.020000       0
2023-01-30 15:46:00-05:00  20.020000  20.080000  20.020000  20.080000  20.080000       0
2023-01-30 15:48:00-05:00  20.080000  20.080000  20.049999  20.049999  20.049999       0
2023-01-30 15:50:00-05:00  20.040001  20.040001  19.920000  19.930000  19.930000       0
2023-01-30 15:52:00-05:00  19.940001  20.000000  19.940001  19.969999  19.969999       0
2023-01-30 15:54:00-05:00  19.959999  20.040001  19.950001  20.040001  20.040001       0
2023-01-30 15:56:00-05:00  20.040001  20.040001  20.000000  20.030001  20.030001       0
2023-01-30 15:58:00-05:00  20.040001  20.040001  19.990000  20.000000  20.000000       0
2023-01-31 09:30:00-05:00  20.080000  20.110001  20.070000  20.110001  20.110001       0
2023-01-31 09:32:00-05:00  20.080000  20.129999  20.059999  20.080000  20.080000       0
2023-01-31 09:34:00-05:00  20.100000  20.180000  20.100000  20.180000  20.180000       0
2023-01-31 09:36:00-05:00  20.190001  20.230000  20.190001  20.200001  20.200001       0
2023-01-31 09:38:00-05:00  20.209999  20.260000  20.209999  20.230000  20.230000       0
2023-01-31 09:40:00-05:00  20.219999  20.240000  20.150000  20.160000  20.160000       0
2023-01-31 09:42:00-05:00  20.190001  20.190001  20.110001  20.110001  20.110001       0
2023-01-31 09:44:00-05:00  20.120001  20.200001  20.120001  20.120001  20.120001       0
2023-01-31 09:46:00-05:00  20.080000  20.110001  20.040001  20.070000  20.070000       0
2023-01-31 09:48:00-05:00  20.049999  20.049999  19.950001  19.950001  19.950001       0
2023-01-31 09:50:00-05:00  19.980000  20.030001  19.959999  20.020000  20.020000       0
2023-01-31 09:52:00-05:00  20.020000  20.030001  19.889999  19.889999  19.889999       0
2023-01-31 09:54:00-05:00  19.900000  19.910000  19.830000  19.830000  19.830000       0
2023-01-31 09:56:00-05:00  19.809999  19.860001  19.809999  19.860001  19.860001       0
2023-01-31 09:58:00-05:00  19.850000  19.910000  19.850000  19.910000  19.910000       0
2023-01-31 10:00:00-05:00  19.920000  19.930000  19.870001  19.920000  19.920000       0
2023-01-31 10:02:00-05:00  19.879999  19.889999  19.820000  19.889999  19.889999       0
2023-01-31 10:04:00-05:00  19.910000  19.940001  19.870001  19.870001  19.870001       0
2023-01-31 10:06:00-05:00  19.860001  19.860001  19.770000  19.770000  19.770000       0
2023-01-31 10:08:00-05:00  19.770000  19.940001  19.760000  19.940001  19.940001       0
2023-01-31 10:10:00-05:00  19.940001  19.940001  19.840000  19.840000  19.840000       0
2023-01-31 10:12:00-05:00  19.850000  19.850000  19.799999  19.799999  19.799999       0
2023-01-31 10:14:00-05:00  19.820000  19.820000  19.790001  19.799999  19.799999       0
2023-01-31 10:16:00-05:00  19.799999  19.840000  19.780001  19.830000  19.830000       0
2023-01-31 10:18:00-05:00  19.830000  19.830000  19.790001  19.790001  19.790001       0
2023-01-31 10:20:00-05:00  19.780001  19.850000  19.780001  19.820000  19.820000       0
2023-01-31 10:22:00-05:00  19.820000  19.830000  19.790001  19.799999  19.799999       0
2023-01-31 10:24:00-05:00  19.799999  19.830000  19.799999  19.809999  19.809999       0
2023-01-31 10:26:00-05:00  19.820000  19.850000  19.820000  19.850000  19.850000       0
2023-01-31 10:28:00-05:00  19.809999  19.809999  19.730000  19.740000  19.740000       0
2023-01-31 10:30:00-05:00  19.700001  19.700001  19.660000  19.680000  19.680000       0
2023-01-31 10:32:00-05:00  19.680000  19.690001  19.660000  19.680000  19.680000       0
2023-01-31 10:34:00-05:00  19.680000  19.680000  19.639999  19.650000  19.650000       0
2023-01-31 10:36:00-05:00  19.620001  19.629999  19.600000  19.600000  19.600000       0
2023-01-31 10:38:00-05:00  19.600000  19.620001  19.600000  19.610001  19.610001       0
2023-01-31 10:40:00-05:00  19.600000  19.620001  19.600000  19.620001  19.620001       0
2023-01-31 10:42:00-05:00  19.610001  19.610001  19.580000  19.600000  19.600000       0
2023-01-31 10:44:00-05:00  19.600000  19.600000  19.570000  19.590000  19.590000       0
2023-01-31 10:46:00-05:00  19.580000  19.580000  19.559999  19.559999  19.559999       0
2023-01-31 10:48:00-05:00  19.559999  19.559999  19.520000  19.520000  19.520000       0
2023-01-31 10:50:00-05:00  19.500000  19.500000  19.430000  19.490000  19.490000       0
2023-01-31 10:52:00-05:00  19.490000  19.530001  19.490000  19.530001  19.530001       0
2023-01-31 10:54:00-05:00  19.530001  19.530001  19.480000  19.480000  19.480000       0
2023-01-31 10:56:00-05:00  19.480000  19.480000  19.469999  19.469999  19.469999       0
2023-01-31 10:58:00-05:00  19.480000  19.490000  19.469999  19.469999  19.469999       0
2023-01-31 11:00:00-05:00  19.459999  19.459999  19.389999  19.389999  19.389999       0
2023-01-31 11:02:00-05:00  19.379999  19.440001  19.379999  19.440001  19.440001       0
2023-01-31 11:04:00-05:00  19.420000  19.420000  19.379999  19.379999  19.379999       0
2023-01-31 11:06:00-05:00  19.379999  19.379999  19.350000  19.379999  19.379999       0
2023-01-31 11:08:00-05:00  19.379999  19.379999  19.370001  19.370001  19.370001       0
2023-01-31 11:10:00-05:00  19.370001  19.430000  19.370001  19.420000  19.420000       0
2023-01-31 11:12:00-05:00  19.420000  19.430000  19.379999  19.379999  19.379999       0
2023-01-31 11:14:00-05:00  19.379999  19.379999  19.360001  19.360001  19.360001       0
2023-01-31 11:16:00-05:00  19.350000  19.370001  19.330000  19.330000  19.330000       0
2023-01-31 11:18:00-05:00  19.340000  19.360001  19.340000  19.340000  19.340000       0
2023-01-31 11:20:00-05:00  19.330000  19.330000  19.270000  19.270000  19.270000       0
2023-01-31 11:22:00-05:00  19.280001  19.280001  19.219999  19.219999  19.219999       0
2023-01-31 11:24:00-05:00  19.230000  19.270000  19.230000  19.260000  19.260000       0
2023-01-31 11:26:00-05:00  19.270000  19.270000  19.240000  19.260000  19.260000       0
2023-01-31 11:28:00-05:00  19.260000  19.270000  19.250000  19.260000  19.260000       0
2023-01-31 11:30:00-05:00  19.260000  19.280001  19.250000  19.260000  19.260000       0
2023-01-31 11:32:00-05:00  19.260000  19.299999  19.250000  19.299999  19.299999       0
2023-01-31 11:34:00-05:00  19.299999  19.309999  19.290001  19.290001  19.290001       0
2023-01-31 11:36:00-05:00  19.290001  19.290001  19.250000  19.250000  19.250000       0
2023-01-31 11:38:00-05:00  19.250000  19.280001  19.250000  19.280001  19.280001       0
2023-01-31 11:40:00-05:00  19.270000  19.270000  19.260000  19.270000  19.270000       0
2023-01-31 11:42:00-05:00  19.270000  19.280001  19.260000  19.280001  19.280001       0
2023-01-31 11:44:00-05:00  19.270000  19.320000  19.270000  19.309999  19.309999       0
2023-01-31 11:46:00-05:00  19.320000  19.320000  19.290001  19.309999  19.309999       0
2023-01-31 11:48:00-05:00  19.309999  19.350000  19.309999  19.340000  19.340000       0
2023-01-31 11:50:00-05:00  19.340000  19.340000  19.320000  19.320000  19.320000       0
2023-01-31 11:52:00-05:00  19.330000  19.330000  19.309999  19.320000  19.320000       0
2023-01-31 11:54:00-05:00  19.330000  19.330000  19.299999  19.309999  19.309999       0
2023-01-31 11:56:00-05:00  19.299999  19.299999  19.280001  19.280001  19.280001       0
2023-01-31 11:58:00-05:00  19.260000  19.290001  19.260000  19.280001  19.280001       0
2023-01-31 12:00:00-05:00  19.290001  19.389999  19.290001  19.389999  19.389999       0
2023-01-31 12:02:00-05:00  19.389999  19.490000  19.389999  19.490000  19.490000       0
2023-01-31 12:04:00-05:00  19.490000  19.490000  19.450001  19.469999  19.469999       0
2023-01-31 12:06:00-05:00  19.450001  19.459999  19.440001  19.440001  19.440001       0
2023-01-31 12:08:00-05:00  19.440001  19.440001  19.379999  19.389999  19.389999       0
2023-01-31 12:10:00-05:00  19.389999  19.400000  19.379999  19.379999  19.379999       0
2023-01-31 12:12:00-05:00  19.400000  19.420000  19.400000  19.410000  19.410000       0
2023-01-31 12:14:00-05:00  19.420000  19.420000  19.360001  19.370001  19.370001       0
2023-01-31 12:16:00-05:00  19.360001  19.360001  19.340000  19.340000  19.340000       0
2023-01-31 12:18:00-05:00  19.320000  19.320000  19.219999  19.260000  19.260000       0
2023-01-31 12:20:00-05:00  19.260000  19.270000  19.250000  19.260000  19.260000       0
2023-01-31 12:22:00-05:00  19.260000  19.260000  19.250000  19.260000  19.260000       0
2023-01-31 12:24:00-05:00  19.270000  19.270000  19.260000  19.260000  19.260000       0
2023-01-31 12:26:00-05:00  19.260000  19.270000  19.260000  19.260000  19.260000       0
2023-01-31 12:28:00-05:00  19.260000  19.270000  19.260000  19.260000  19.260000       0
2023-01-31 12:30:00-05:00  19.260000  19.270000  19.260000  19.270000  19.270000       0
2023-01-31 12:32:00-05:00  19.270000  19.280001  19.270000  19.270000  19.270000       0
2023-01-31 12:34:00-05:00  19.260000  19.270000  19.250000  19.260000  19.260000       0
2023-01-31 12:36:00-05:00  19.260000  19.260000  19.180000  19.190001  19.190001       0
2023-01-31 12:38:00-05:00  19.170000  19.170000  19.150000  19.150000  19.150000       0
2023-01-31 12:40:00-05:00  19.150000  19.150000  19.129999  19.150000  19.150000       0
2023-01-31 12:42:00-05:00  19.139999  19.139999  19.129999  19.139999  19.139999       0
2023-01-31 12:44:00-05:00  19.139999  19.150000  19.139999  19.150000  19.150000       0
2023-01-31 12:46:00-05:00  19.150000  19.160000  19.150000  19.150000  19.150000       0
2023-01-31 12:48:00-05:00  19.160000  19.180000  19.160000  19.180000  19.180000       0
2023-01-31 12:50:00-05:00  19.200001  19.209999  19.190001  19.209999  19.209999       0
2023-01-31 12:52:00-05:00  19.230000  19.260000  19.230000  19.240000  19.240000       0
2023-01-31 12:54:00-05:00  19.240000  19.250000  19.230000  19.250000  19.250000       0
2023-01-31 12:56:00-05:00  19.260000  19.260000  19.250000  19.260000  19.260000       0
2023-01-31 12:58:00-05:00  19.260000  19.260000  19.250000  19.260000  19.260000       0
2023-01-31 13:00:00-05:00  19.250000  19.250000  19.240000  19.240000  19.240000       0
2023-01-31 13:02:00-05:00  19.250000  19.270000  19.240000  19.260000  19.260000       0
2023-01-31 13:04:00-05:00  19.260000  19.280001  19.260000  19.280001  19.280001       0
2023-01-31 13:06:00-05:00  19.280001  19.299999  19.280001  19.299999  19.299999       0
2023-01-31 13:08:00-05:00  19.299999  19.320000  19.299999  19.320000  19.320000       0
2023-01-31 13:10:00-05:00  19.330000  19.350000  19.330000  19.330000  19.330000       0
2023-01-31 13:12:00-05:00  19.320000  19.340000  19.320000  19.340000  19.340000       0
2023-01-31 13:14:00-05:00  19.340000  19.340000  19.340000  19.340000  19.340000       0
2023-01-31 13:16:00-05:00  19.350000  19.360001  19.350000  19.350000  19.350000       0
2023-01-31 13:18:00-05:00  19.350000  19.370001  19.350000  19.360001  19.360001       0
2023-01-31 13:20:00-05:00  19.360001  19.370001  19.350000  19.350000  19.350000       0
2023-01-31 13:22:00-05:00  19.350000  19.379999  19.350000  19.379999  19.379999       0
2023-01-31 13:24:00-05:00  19.379999  19.389999  19.370001  19.370001  19.370001       0
2023-01-31 13:26:00-05:00  19.370001  19.370001  19.330000  19.330000  19.330000       0
2023-01-31 13:28:00-05:00  19.330000  19.350000  19.320000  19.330000  19.330000       0
2023-01-31 13:30:00-05:00  19.330000  19.340000  19.320000  19.330000  19.330000       0
2023-01-31 13:32:00-05:00  19.330000  19.330000  19.309999  19.309999  19.309999       0
2023-01-31 13:34:00-05:00  19.309999  19.309999  19.290001  19.290001  19.290001       0
2023-01-31 13:36:00-05:00  19.270000  19.270000  19.250000  19.260000  19.260000       0
2023-01-31 13:38:00-05:00  19.260000  19.260000  19.240000  19.240000  19.240000       0
2023-01-31 13:40:00-05:00  19.240000  19.240000  19.219999  19.230000  19.230000       0
2023-01-31 13:42:00-05:00  19.230000  19.260000  19.230000  19.250000  19.250000       0
2023-01-31 13:44:00-05:00  19.260000  19.290001  19.260000  19.270000  19.270000       0
2023-01-31 13:46:00-05:00  19.280001  19.280001  19.260000  19.260000  19.260000       0
2023-01-31 13:48:00-05:00  19.250000  19.250000  19.240000  19.250000  19.250000       0
2023-01-31 13:50:00-05:00  19.240000  19.240000  19.230000  19.240000  19.240000       0
2023-01-31 13:52:00-05:00  19.240000  19.250000  19.240000  19.240000  19.240000       0
2023-01-31 13:54:00-05:00  19.240000  19.240000  19.230000  19.230000  19.230000       0
2023-01-31 13:56:00-05:00  19.240000  19.240000  19.240000  19.240000  19.240000       0
2023-01-31 13:58:00-05:00  19.240000  19.240000  19.219999  19.219999  19.219999       0
2023-01-31 14:00:00-05:00  19.230000  19.250000  19.219999  19.250000  19.250000       0
2023-01-31 14:02:00-05:00  19.250000  19.290001  19.250000  19.280001  19.280001       0
2023-01-31 14:04:00-05:00  19.270000  19.290001  19.270000  19.280001  19.280001       0
2023-01-31 14:06:00-05:00  19.280001  19.280001  19.250000  19.250000  19.250000       0
2023-01-31 14:08:00-05:00  19.250000  19.250000  19.209999  19.209999  19.209999       0
2023-01-31 14:10:00-05:00  19.209999  19.219999  19.190001  19.190001  19.190001       0
2023-01-31 14:12:00-05:00  19.190001  19.200001  19.180000  19.200001  19.200001       0
2023-01-31 14:14:00-05:00  19.209999  19.240000  19.190001  19.240000  19.240000       0
2023-01-31 14:16:00-05:00  19.240000  19.250000  19.240000  19.250000  19.250000       0
2023-01-31 14:18:00-05:00  19.250000  19.260000  19.240000  19.250000  19.250000       0
2023-01-31 14:20:00-05:00  19.260000  19.260000  19.240000  19.240000  19.240000       0
2023-01-31 14:22:00-05:00  19.250000  19.260000  19.240000  19.250000  19.250000       0
2023-01-31 14:24:00-05:00  19.250000  19.250000  19.240000  19.250000  19.250000       0
2023-01-31 14:26:00-05:00  19.250000  19.250000  19.230000  19.240000  19.240000       0
2023-01-31 14:28:00-05:00  19.240000  19.240000  19.230000  19.240000  19.240000       0
2023-01-31 14:30:00-05:00  19.230000  19.240000  19.230000  19.240000  19.240000       0
2023-01-31 14:32:00-05:00  19.240000  19.250000  19.230000  19.250000  19.250000       0
2023-01-31 14:34:00-05:00  19.250000  19.250000  19.240000  19.250000  19.250000       0
2023-01-31 14:36:00-05:00  19.250000  19.280001  19.250000  19.270000  19.270000       0
2023-01-31 14:38:00-05:00  19.270000  19.270000  19.230000  19.230000  19.230000       0
2023-01-31 14:40:00-05:00  19.240000  19.240000  19.219999  19.230000  19.230000       0
2023-01-31 14:42:00-05:00  19.230000  19.250000  19.219999  19.250000  19.250000       0
2023-01-31 14:44:00-05:00  19.250000  19.250000  19.230000  19.230000  19.230000       0
2023-01-31 14:46:00-05:00  19.230000  19.240000  19.219999  19.219999  19.219999       0
2023-01-31 14:48:00-05:00  19.230000  19.230000  19.209999  19.209999  19.209999       0
2023-01-31 14:50:00-05:00  19.200001  19.200001  19.190001  19.190001  19.190001       0
2023-01-31 14:52:00-05:00  19.190001  19.200001  19.190001  19.200001  19.200001       0
2023-01-31 14:54:00-05:00  19.200001  19.200001  19.180000  19.180000  19.180000       0
2023-01-31 14:56:00-05:00  19.180000  19.190001  19.180000  19.180000  19.180000       0
2023-01-31 14:58:00-05:00  19.190001  19.240000  19.190001  19.240000  19.240000       0
2023-01-31 15:00:00-05:00  19.230000  19.250000  19.230000  19.250000  19.250000       0
2023-01-31 15:02:00-05:00  19.240000  19.250000  19.240000  19.250000  19.250000       0
2023-01-31 15:04:00-05:00  19.250000  19.260000  19.250000  19.260000  19.260000       0
2023-01-31 15:06:00-05:00  19.260000  19.290001  19.260000  19.290001  19.290001       0
2023-01-31 15:08:00-05:00  19.290001  19.290001  19.290001  19.290001  19.290001       0
2023-01-31 15:10:00-05:00  19.299999  19.360001  19.299999  19.360001  19.360001       0
2023-01-31 15:12:00-05:00  19.370001  19.379999  19.360001  19.379999  19.379999       0
2023-01-31 15:14:00-05:00  19.370001  19.370001  19.330000  19.330000  19.330000       0
2023-01-31 15:16:00-05:00  19.330000  19.360001  19.330000  19.360001  19.360001       0
2023-01-31 15:18:00-05:00  19.379999  19.410000  19.379999  19.400000  19.400000       0
2023-01-31 15:20:00-05:00  19.400000  19.400000  19.360001  19.389999  19.389999       0
2023-01-31 15:22:00-05:00  19.389999  19.389999  19.360001  19.360001  19.360001       0
2023-01-31 15:24:00-05:00  19.350000  19.360001  19.340000  19.340000  19.340000       0
2023-01-31 15:26:00-05:00  19.350000  19.370001  19.350000  19.360001  19.360001       0
2023-01-31 15:28:00-05:00  19.350000  19.379999  19.350000  19.379999  19.379999       0
2023-01-31 15:30:00-05:00  19.370001  19.370001  19.340000  19.350000  19.350000       0
2023-01-31 15:32:00-05:00  19.360001  19.370001  19.350000  19.370001  19.370001       0
2023-01-31 15:34:00-05:00  19.370001  19.389999  19.370001  19.389999  19.389999       0
2023-01-31 15:36:00-05:00  19.400000  19.410000  19.389999  19.400000  19.400000       0
2023-01-31 15:38:00-05:00  19.400000  19.400000  19.389999  19.389999  19.389999       0
2023-01-31 15:40:00-05:00  19.410000  19.410000  19.389999  19.400000  19.400000       0
2023-01-31 15:42:00-05:00  19.410000  19.430000  19.410000  19.420000  19.420000       0
2023-01-31 15:44:00-05:00  19.420000  19.430000  19.400000  19.420000  19.420000       0
2023-01-31 15:46:00-05:00  19.430000  19.440001  19.430000  19.430000  19.430000       0
2023-01-31 15:48:00-05:00  19.430000  19.450001  19.410000  19.450001  19.450001       0
2023-01-31 15:50:00-05:00  19.469999  19.469999  19.400000  19.410000  19.410000       0
2023-01-31 15:52:00-05:00  19.410000  19.420000  19.370001  19.370001  19.370001       0
2023-01-31 15:54:00-05:00  19.400000  19.410000  19.350000  19.360001  19.360001       0
2023-01-31 15:56:00-05:00  19.360001  19.360001  19.330000  19.330000  19.330000       0
2023-01-31 15:58:00-05:00  19.330000  19.350000  19.309999  19.350000  19.350000       0
2023-02-01 09:30:00-05:00  19.629999  19.629999  19.629999  19.629999  19.629999       0
2023-02-01 09:32:00-05:00  19.629999  19.629999  19.590000  19.600000  19.600000       0
2023-02-01 09:34:00-05:00  19.590000  19.650000  19.570000  19.650000  19.650000       0
2023-02-01 09:36:00-05:00  19.650000  19.650000  19.610001  19.610001  19.610001       0
2023-02-01 09:38:00-05:00  19.620001  19.629999  19.580000  19.600000  19.600000       0
2023-02-01 09:40:00-05:00  19.610001  19.639999  19.590000  19.620001  19.620001       0
2023-02-01 09:42:00-05:00  19.620001  19.670000  19.620001  19.670000  19.670000       0
2023-02-01 09:44:00-05:00  19.670000  19.730000  19.639999  19.660000  19.660000       0
2023-02-01 09:46:00-05:00  19.670000  19.670000  19.629999  19.629999  19.629999       0
2023-02-01 09:48:00-05:00  19.629999  19.670000  19.629999  19.650000  19.650000       0
2023-02-01 09:50:00-05:00  19.639999  19.650000  19.610001  19.620001  19.620001       0
2023-02-01 09:52:00-05:00  19.629999  19.639999  19.610001  19.639999  19.639999       0
2023-02-01 09:54:00-05:00  19.639999  19.639999  19.620001  19.639999  19.639999       0
2023-02-01 09:56:00-05:00  19.660000  19.700001  19.660000  19.660000  19.660000       0
2023-02-01 09:58:00-05:00  19.670000  19.670000  19.639999  19.639999  19.639999       0
2023-02-01 10:00:00-05:00  19.549999  19.730000  19.500000  19.500000  19.500000       0
2023-02-01 10:02:00-05:00  19.450001  19.730000  19.450001  19.730000  19.730000       0
2023-02-01 10:04:00-05:00  19.719999  19.740000  19.700001  19.700001  19.700001       0
2023-02-01 10:06:00-05:00  19.690001  19.809999  19.670000  19.809999  19.809999       0
2023-02-01 10:08:00-05:00  19.799999  19.830000  19.750000  19.750000  19.750000       0
2023-02-01 10:10:00-05:00  19.750000  19.770000  19.740000  19.760000  19.760000       0
2023-02-01 10:12:00-05:00  19.750000  19.750000  19.670000  19.709999  19.709999       0
2023-02-01 10:14:00-05:00  19.700001  19.700001  19.620001  19.639999  19.639999       0
2023-02-01 10:16:00-05:00  19.639999  19.670000  19.639999  19.660000  19.660000       0
2023-02-01 10:18:00-05:00  19.650000  19.650000  19.639999  19.650000  19.650000       0
2023-02-01 10:20:00-05:00  19.660000  19.660000  19.639999  19.650000  19.650000       0
2023-02-01 10:22:00-05:00  19.670000  19.709999  19.670000  19.700001  19.700001       0
2023-02-01 10:24:00-05:00  19.690001  19.690001  19.670000  19.670000  19.670000       0
2023-02-01 10:26:00-05:00  19.690001  19.709999  19.680000  19.680000  19.680000       0
2023-02-01 10:28:00-05:00  19.709999  19.709999  19.639999  19.639999  19.639999       0
2023-02-01 10:30:00-05:00  19.670000  19.680000  19.650000  19.670000  19.670000       0
2023-02-01 10:32:00-05:00  19.680000  19.690001  19.650000  19.650000  19.650000       0
2023-02-01 10:34:00-05:00  19.660000  19.700001  19.660000  19.700001  19.700001       0
2023-02-01 10:36:00-05:00  19.709999  19.719999  19.690001  19.690001  19.690001       0
2023-02-01 10:38:00-05:00  19.690001  19.719999  19.680000  19.709999  19.709999       0
2023-02-01 10:40:00-05:00  19.709999  19.709999  19.639999  19.660000  19.660000       0
2023-02-01 10:42:00-05:00  19.670000  19.700001  19.670000  19.690001  19.690001       0
2023-02-01 10:44:00-05:00  19.719999  19.760000  19.719999  19.750000  19.750000       0
2023-02-01 10:46:00-05:00  19.740000  19.750000  19.730000  19.750000  19.750000       0
2023-02-01 10:48:00-05:00  19.750000  19.790001  19.719999  19.790001  19.790001       0
2023-02-01 10:50:00-05:00  19.809999  19.889999  19.809999  19.889999  19.889999       0
2023-02-01 10:52:00-05:00  19.920000  19.920000  19.870001  19.870001  19.870001       0
2023-02-01 10:54:00-05:00  19.879999  19.900000  19.879999  19.900000  19.900000       0
2023-02-01 10:56:00-05:00  19.910000  19.930000  19.860001  19.860001  19.860001       0
2023-02-01 10:58:00-05:00  19.870001  19.930000  19.870001  19.930000  19.930000       0
2023-02-01 11:00:00-05:00  19.930000  19.959999  19.930000  19.940001  19.940001       0
2023-02-01 11:02:00-05:00  19.910000  19.940001  19.879999  19.879999  19.879999       0
2023-02-01 11:04:00-05:00  19.889999  19.900000  19.850000  19.850000  19.850000       0
2023-02-01 11:06:00-05:00  19.850000  19.850000  19.820000  19.820000  19.820000       0
2023-02-01 11:08:00-05:00  19.850000  19.870001  19.850000  19.850000  19.850000       0
2023-02-01 11:10:00-05:00  19.830000  19.840000  19.770000  19.770000  19.770000       0
2023-02-01 11:12:00-05:00  19.770000  19.790001  19.750000  19.750000  19.750000       0
2023-02-01 11:14:00-05:00  19.760000  19.760000  19.690001  19.690001  19.690001       0
2023-02-01 11:16:00-05:00  19.690001  19.709999  19.690001  19.690001  19.690001       0
2023-02-01 11:18:00-05:00  19.690001  19.709999  19.680000  19.680000  19.680000       0
2023-02-01 11:20:00-05:00  19.680000  19.680000  19.570000  19.570000  19.570000       0
2023-02-01 11:22:00-05:00  19.570000  19.570000  19.530001  19.530001  19.530001       0
2023-02-01 11:24:00-05:00  19.530001  19.549999  19.530001  19.540001  19.540001       0
2023-02-01 11:26:00-05:00  19.540001  19.570000  19.520000  19.520000  19.520000       0
2023-02-01 11:28:00-05:00  19.540001  19.580000  19.540001  19.559999  19.559999       0
2023-02-01 11:30:00-05:00  19.559999  19.580000  19.549999  19.559999  19.559999       0
2023-02-01 11:32:00-05:00  19.549999  19.549999  19.510000  19.520000  19.520000       0
2023-02-01 11:34:00-05:00  19.520000  19.540001  19.520000  19.530001  19.530001       0
2023-02-01 11:36:00-05:00  19.530001  19.559999  19.530001  19.559999  19.559999       0
2023-02-01 11:38:00-05:00  19.559999  19.580000  19.540001  19.540001  19.540001       0
2023-02-01 11:40:00-05:00  19.549999  19.559999  19.540001  19.540001  19.540001       0
2023-02-01 11:42:00-05:00  19.540001  19.559999  19.540001  19.549999  19.549999       0
2023-02-01 11:44:00-05:00  19.559999  19.590000  19.549999  19.590000  19.590000       0
2023-02-01 11:46:00-05:00  19.590000  19.620001  19.590000  19.600000  19.600000       0
2023-02-01 11:48:00-05:00  19.580000  19.610001  19.580000  19.600000  19.600000       0
2023-02-01 11:50:00-05:00  19.600000  19.620001  19.600000  19.620001  19.620001       0
2023-02-01 11:52:00-05:00  19.620001  19.629999  19.600000  19.610001  19.610001       0
2023-02-01 11:54:00-05:00  19.610001  19.639999  19.610001  19.639999  19.639999       0
2023-02-01 11:56:00-05:00  19.639999  19.690001  19.639999  19.690001  19.690001       0
2023-02-01 11:58:00-05:00  19.690001  19.700001  19.680000  19.700001  19.700001       0
2023-02-01 12:00:00-05:00  19.719999  19.740000  19.719999  19.719999  19.719999       0
2023-02-01 12:02:00-05:00  19.730000  19.790001  19.719999  19.790001  19.790001       0
2023-02-01 12:04:00-05:00  19.799999  19.799999  19.770000  19.790001  19.790001       0
2023-02-01 12:06:00-05:00  19.780001  19.830000  19.780001  19.820000  19.820000       0
2023-02-01 12:08:00-05:00  19.830000  19.860001  19.830000  19.850000  19.850000       0
2023-02-01 12:10:00-05:00  19.850000  19.850000  19.820000  19.850000  19.850000       0
2023-02-01 12:12:00-05:00  19.850000  19.889999  19.850000  19.870001  19.870001       0
2023-02-01 12:14:00-05:00  19.870001  19.910000  19.870001  19.910000  19.910000       0
2023-02-01 12:16:00-05:00  19.910000  19.969999  19.910000  19.940001  19.940001       0
2023-02-01 12:18:00-05:00  19.940001  20.000000  19.940001  20.000000  20.000000       0
2023-02-01 12:20:00-05:00  20.020000  20.030001  19.959999  19.959999  19.959999       0
2023-02-01 12:22:00-05:00  19.950001  19.950001  19.930000  19.930000  19.930000       0
2023-02-01 12:24:00-05:00  19.910000  19.910000  19.860001  19.860001  19.860001       0
2023-02-01 12:26:00-05:00  19.860001  19.900000  19.860001  19.879999  19.879999       0
2023-02-01 12:28:00-05:00  19.870001  19.870001  19.850000  19.860001  19.860001       0
2023-02-01 12:30:00-05:00  19.860001  19.889999  19.860001  19.879999  19.879999       0
2023-02-01 12:32:00-05:00  19.889999  19.940001  19.889999  19.930000  19.930000       0
2023-02-01 12:34:00-05:00  19.940001  19.950001  19.910000  19.950001  19.950001       0
2023-02-01 12:36:00-05:00  19.940001  19.969999  19.940001  19.969999  19.969999       0
2023-02-01 12:38:00-05:00  19.959999  19.990000  19.959999  19.990000  19.990000       0
2023-02-01 12:40:00-05:00  19.980000  20.000000  19.969999  20.000000  20.000000       0
2023-02-01 12:42:00-05:00  20.000000  20.000000  19.980000  19.990000  19.990000       0
2023-02-01 12:44:00-05:00  19.990000  20.010000  19.990000  20.010000  20.010000       0
2023-02-01 12:46:00-05:00  20.000000  20.020000  20.000000  20.020000  20.020000       0
2023-02-01 12:48:00-05:00  20.020000  20.030001  20.010000  20.030001  20.030001       0
2023-02-01 12:50:00-05:00  20.030001  20.040001  20.020000  20.030001  20.030001       0
2023-02-01 12:52:00-05:00  20.010000  20.020000  20.000000  20.010000  20.010000       0
2023-02-01 12:54:00-05:00  20.010000  20.030001  20.010000  20.020000  20.020000       0
2023-02-01 12:56:00-05:00  20.010000  20.010000  19.990000  19.990000  19.990000       0
2023-02-01 12:58:00-05:00  19.990000  20.010000  19.990000  20.000000  20.000000       0
2023-02-01 13:00:00-05:00  20.000000  20.010000  19.990000  20.010000  20.010000       0
2023-02-01 13:02:00-05:00  19.990000  20.000000  19.980000  19.990000  19.990000       0
2023-02-01 13:04:00-05:00  19.969999  19.969999  19.940001  19.950001  19.950001       0
2023-02-01 13:06:00-05:00  19.950001  19.950001  19.930000  19.930000  19.930000       0
2023-02-01 13:08:00-05:00  19.889999  19.930000  19.889999  19.930000  19.930000       0
2023-02-01 13:10:00-05:00  19.920000  19.940001  19.920000  19.940001  19.940001       0
2023-02-01 13:12:00-05:00  19.930000  19.930000  19.870001  19.879999  19.879999       0
2023-02-01 13:14:00-05:00  19.870001  19.870001  19.840000  19.860001  19.860001       0
2023-02-01 13:16:00-05:00  19.860001  19.900000  19.860001  19.900000  19.900000       0
2023-02-01 13:18:00-05:00  19.879999  19.900000  19.860001  19.900000  19.900000       0
2023-02-01 13:20:00-05:00  19.860001  19.860001  19.830000  19.830000  19.830000       0
2023-02-01 13:22:00-05:00  19.820000  19.820000  19.809999  19.809999  19.809999       0
2023-02-01 13:24:00-05:00  19.799999  19.799999  19.760000  19.760000  19.760000       0
2023-02-01 13:26:00-05:00  19.740000  19.740000  19.719999  19.719999  19.719999       0
2023-02-01 13:28:00-05:00  19.719999  19.730000  19.709999  19.730000  19.730000       0
2023-02-01 13:30:00-05:00  19.719999  19.719999  19.670000  19.670000  19.670000       0
2023-02-01 13:32:00-05:00  19.660000  19.680000  19.650000  19.660000  19.660000       0
2023-02-01 13:34:00-05:00  19.660000  19.660000  19.610001  19.650000  19.650000       0
2023-02-01 13:36:00-05:00  19.639999  19.650000  19.629999  19.650000  19.650000       0
2023-02-01 13:38:00-05:00  19.660000  19.660000  19.600000  19.600000  19.600000       0
2023-02-01 13:40:00-05:00  19.610001  19.610001  19.580000  19.580000  19.580000       0
2023-02-01 13:42:00-05:00  19.580000  19.580000  19.540001  19.559999  19.559999       0
2023-02-01 13:44:00-05:00  19.559999  19.620001  19.559999  19.620001  19.620001       0
2023-02-01 13:46:00-05:00  19.629999  19.639999  19.629999  19.639999  19.639999       0
2023-02-01 13:48:00-05:00  19.639999  19.639999  19.610001  19.610001  19.610001       0
2023-02-01 13:50:00-05:00  19.600000  19.600000  19.570000  19.570000  19.570000       0
2023-02-01 13:52:00-05:00  19.559999  19.559999  19.549999  19.559999  19.559999       0
2023-02-01 13:54:00-05:00  19.559999  19.559999  19.490000  19.490000  19.490000       0
2023-02-01 13:56:00-05:00  19.490000  19.490000  19.450001  19.480000  19.480000       0
2023-02-01 13:58:00-05:00  19.469999  19.480000  19.379999  19.480000  19.480000       0
2023-02-01 14:00:00-05:00  19.350000  19.520000  19.219999  19.379999  19.379999       0
2023-02-01 14:02:00-05:00  19.370001  19.590000  19.340000  19.570000  19.570000       0
2023-02-01 14:04:00-05:00  19.549999  19.549999  19.420000  19.420000  19.420000       0
2023-02-01 14:06:00-05:00  19.379999  19.410000  19.280001  19.280001  19.280001       0
2023-02-01 14:08:00-05:00  19.230000  19.230000  19.160000  19.180000  19.180000       0
2023-02-01 14:10:00-05:00  19.209999  19.209999  19.139999  19.200001  19.200001       0
2023-02-01 14:12:00-05:00  19.180000  19.240000  19.139999  19.240000  19.240000       0
2023-02-01 14:14:00-05:00  19.219999  19.270000  19.200001  19.270000  19.270000       0
2023-02-01 14:16:00-05:00  19.260000  19.370001  19.240000  19.360001  19.360001       0
2023-02-01 14:18:00-05:00  19.370001  19.400000  19.350000  19.350000  19.350000       0
2023-02-01 14:20:00-05:00  19.350000  19.350000  19.299999  19.330000  19.330000       0
2023-02-01 14:22:00-05:00  19.330000  19.370001  19.330000  19.370001  19.370001       0
2023-02-01 14:24:00-05:00  19.379999  19.410000  19.360001  19.400000  19.400000       0
2023-02-01 14:26:00-05:00  19.400000  19.410000  19.379999  19.410000  19.410000       0
2023-02-01 14:28:00-05:00  19.410000  19.420000  19.350000  19.379999  19.379999       0
2023-02-01 14:30:00-05:00  19.400000  19.469999  19.330000  19.469999  19.469999       0
2023-02-01 14:32:00-05:00  19.590000  19.770000  19.549999  19.770000  19.770000       0
2023-02-01 14:34:00-05:00  19.790001  19.799999  19.510000  19.510000  19.510000       0
2023-02-01 14:36:00-05:00  19.500000  19.540001  19.180000  19.180000  19.180000       0
2023-02-01 14:38:00-05:00  19.150000  19.150000  18.850000  18.850000  18.850000       0
2023-02-01 14:40:00-05:00  18.830000  18.840000  18.709999  18.709999  18.709999       0
2023-02-01 14:42:00-05:00  18.719999  18.780001  18.530001  18.530001  18.530001       0
2023-02-01 14:44:00-05:00  18.570000  18.590000  18.510000  18.590000  18.590000       0
2023-02-01 14:46:00-05:00  18.590000  18.590000  18.379999  18.420000  18.420000       0
2023-02-01 14:48:00-05:00  18.480000  18.580000  18.459999  18.580000  18.580000       0
2023-02-01 14:50:00-05:00  18.590000  18.590000  18.480000  18.500000  18.500000       0
2023-02-01 14:52:00-05:00  18.510000  18.530001  18.459999  18.500000  18.500000       0
2023-02-01 14:54:00-05:00  18.520000  18.570000  18.520000  18.520000  18.520000       0
2023-02-01 14:56:00-05:00  18.500000  18.549999  18.500000  18.500000  18.500000       0
2023-02-01 14:58:00-05:00  18.459999  18.480000  18.430000  18.450001  18.450001       0
2023-02-01 15:00:00-05:00  18.469999  18.490000  18.450001  18.459999  18.459999       0
2023-02-01 15:02:00-05:00  18.440001  18.440001  18.370001  18.370001  18.370001       0
2023-02-01 15:04:00-05:00  18.360001  18.360001  18.299999  18.299999  18.299999       0
2023-02-01 15:06:00-05:00  18.240000  18.240000  18.190001  18.190001  18.190001       0
2023-02-01 15:08:00-05:00  18.180000  18.190001  18.170000  18.190001  18.190001       0
2023-02-01 15:10:00-05:00  18.180000  18.240000  18.139999  18.150000  18.150000       0
2023-02-01 15:12:00-05:00  18.170000  18.180000  18.110001  18.150000  18.150000       0
2023-02-01 15:14:00-05:00  18.190001  18.209999  18.170000  18.209999  18.209999       0
2023-02-01 15:16:00-05:00  18.190001  18.219999  18.180000  18.180000  18.180000       0
2023-02-01 15:18:00-05:00  18.160000  18.160000  18.100000  18.150000  18.150000       0
2023-02-01 15:20:00-05:00  18.139999  18.170000  18.129999  18.160000  18.160000       0
2023-02-01 15:22:00-05:00  18.170000  18.190001  18.139999  18.190001  18.190001       0
2023-02-01 15:24:00-05:00  18.180000  18.180000  18.090000  18.110001  18.110001       0
2023-02-01 15:26:00-05:00  18.120001  18.160000  18.100000  18.160000  18.160000       0
2023-02-01 15:28:00-05:00  18.139999  18.139999  18.100000  18.100000  18.100000       0
2023-02-01 15:30:00-05:00  18.090000  18.090000  18.040001  18.040001  18.040001       0
2023-02-01 15:32:00-05:00  18.030001  18.040001  18.000000  18.000000  18.000000       0
2023-02-01 15:34:00-05:00  17.990000  17.990000  17.920000  17.920000  17.920000       0
2023-02-01 15:36:00-05:00  17.910000  17.920000  17.840000  17.840000  17.840000       0
2023-02-01 15:38:00-05:00  17.809999  17.850000  17.809999  17.840000  17.840000       0
2023-02-01 15:40:00-05:00  17.770000  17.770000  17.700001  17.730000  17.730000       0
2023-02-01 15:42:00-05:00  17.740000  17.780001  17.740000  17.780001  17.780001       0
2023-02-01 15:44:00-05:00  17.790001  17.820000  17.770000  17.809999  17.809999       0
2023-02-01 15:46:00-05:00  17.809999  17.870001  17.809999  17.870001  17.870001       0
2023-02-01 15:48:00-05:00  17.879999  18.020000  17.879999  18.020000  18.020000       0
2023-02-01 15:50:00-05:00  18.049999  18.150000  18.049999  18.139999  18.139999       0
2023-02-01 15:52:00-05:00  18.139999  18.170000  18.120001  18.150000  18.150000       0
2023-02-01 15:54:00-05:00  18.150000  18.170000  18.110001  18.110001  18.110001       0
2023-02-01 15:56:00-05:00  18.100000  18.150000  18.100000  18.129999  18.129999       0
2023-02-01 15:58:00-05:00  18.110001  18.190001  18.090000  18.190001  18.190001       0
2023-02-02 09:30:00-05:00  17.440001  17.540001  17.440001  17.530001  17.530001       0
2023-02-02 09:32:00-05:00  17.520000  17.520000  17.430000  17.459999  17.459999       0
2023-02-02 09:34:00-05:00  17.420000  17.469999  17.420000  17.459999  17.459999       0
2023-02-02 09:36:00-05:00  17.469999  17.549999  17.459999  17.469999  17.469999       0
2023-02-02 09:38:00-05:00  17.500000  17.510000  17.469999  17.480000  17.480000       0
2023-02-02 09:40:00-05:00  17.459999  17.459999  17.410000  17.440001  17.440001       0
2023-02-02 09:42:00-05:00  17.440001  17.490000  17.440001  17.490000  17.490000       0
2023-02-02 09:44:00-05:00  17.510000  17.540001  17.480000  17.540001  17.540001       0
2023-02-02 09:46:00-05:00  17.520000  17.559999  17.379999  17.379999  17.379999       0
2023-02-02 09:48:00-05:00  17.340000  17.340000  17.299999  17.309999  17.309999       0
2023-02-02 09:50:00-05:00  17.340000  17.420000  17.320000  17.420000  17.420000       0
2023-02-02 09:52:00-05:00  17.420000  17.469999  17.370001  17.370001  17.370001       0
2023-02-02 09:54:00-05:00  17.379999  17.490000  17.379999  17.490000  17.490000       0
2023-02-02 09:56:00-05:00  17.469999  17.530001  17.469999  17.520000  17.520000       0
2023-02-02 09:58:00-05:00  17.530001  17.600000  17.520000  17.600000  17.600000       0
2023-02-02 10:00:00-05:00  17.570000  17.730000  17.570000  17.650000  17.650000       0
2023-02-02 10:02:00-05:00  17.610001  17.620001  17.570000  17.610001  17.610001       0
2023-02-02 10:04:00-05:00  17.629999  17.809999  17.629999  17.770000  17.770000       0
2023-02-02 10:06:00-05:00  17.770000  17.799999  17.690001  17.799999  17.799999       0
2023-02-02 10:08:00-05:00  17.799999  17.969999  17.799999  17.969999  17.969999       0
2023-02-02 10:10:00-05:00  17.980000  18.030001  17.969999  18.000000  18.000000       0
2023-02-02 10:12:00-05:00  18.020000  18.020000  17.910000  17.950001  17.950001       0
2023-02-02 10:14:00-05:00  17.969999  17.969999  17.889999  17.920000  17.920000       0
2023-02-02 10:16:00-05:00  17.930000  17.930000  17.730000  17.730000  17.730000       0
2023-02-02 10:18:00-05:00  17.709999  17.709999  17.650000  17.650000  17.650000       0
2023-02-02 10:20:00-05:00  17.639999  17.690001  17.639999  17.639999  17.639999       0
2023-02-02 10:22:00-05:00  17.639999  17.639999  17.590000  17.620001  17.620001       0
2023-02-02 10:24:00-05:00  17.620001  17.650000  17.580000  17.620001  17.620001       0
2023-02-02 10:26:00-05:00  17.620001  17.629999  17.580000  17.620001  17.620001       0
2023-02-02 10:28:00-05:00  17.610001  17.629999  17.559999  17.570000  17.570000       0
2023-02-02 10:30:00-05:00  17.600000  17.600000  17.510000  17.510000  17.510000       0
2023-02-02 10:32:00-05:00  17.500000  17.540001  17.490000  17.530001  17.530001       0
2023-02-02 10:34:00-05:00  17.530001  17.530001  17.459999  17.459999  17.459999       0
2023-02-02 10:36:00-05:00  17.480000  17.530001  17.480000  17.530001  17.530001       0
2023-02-02 10:38:00-05:00  17.520000  17.570000  17.520000  17.570000  17.570000       0
2023-02-02 10:40:00-05:00  17.570000  17.580000  17.549999  17.559999  17.559999       0
2023-02-02 10:42:00-05:00  17.549999  17.620001  17.549999  17.590000  17.590000       0
2023-02-02 10:44:00-05:00  17.590000  17.600000  17.530001  17.530001  17.530001       0
2023-02-02 10:46:00-05:00  17.520000  17.530001  17.510000  17.520000  17.520000       0
2023-02-02 10:48:00-05:00  17.520000  17.530001  17.520000  17.520000  17.520000       0
2023-02-02 10:50:00-05:00  17.520000  17.540001  17.520000  17.520000  17.520000       0
2023-02-02 10:52:00-05:00  17.520000  17.570000  17.520000  17.570000  17.570000       0
2023-02-02 10:54:00-05:00  17.600000  17.629999  17.590000  17.610001  17.610001       0
2023-02-02 10:56:00-05:00  17.610001  17.620001  17.590000  17.600000  17.600000       0
2023-02-02 10:58:00-05:00  17.600000  17.600000  17.580000  17.590000  17.590000       0
2023-02-02 11:00:00-05:00  17.590000  17.600000  17.559999  17.590000  17.590000       0
2023-02-02 11:02:00-05:00  17.580000  17.629999  17.580000  17.620001  17.620001       0
2023-02-02 11:04:00-05:00  17.629999  17.650000  17.629999  17.650000  17.650000       0
2023-02-02 11:06:00-05:00  17.639999  17.639999  17.629999  17.639999  17.639999       0
2023-02-02 11:08:00-05:00  17.639999  17.670000  17.629999  17.670000  17.670000       0
2023-02-02 11:10:00-05:00  17.670000  17.740000  17.670000  17.740000  17.740000       0
2023-02-02 11:12:00-05:00  17.730000  17.750000  17.730000  17.750000  17.750000       0
2023-02-02 11:14:00-05:00  17.750000  17.760000  17.730000  17.760000  17.760000       0
2023-02-02 11:16:00-05:00  17.750000  17.750000  17.690001  17.700001  17.700001       0
2023-02-02 11:18:00-05:00  17.690001  17.690001  17.639999  17.639999  17.639999       0
2023-02-02 11:20:00-05:00  17.660000  17.660000  17.620001  17.629999  17.629999       0
2023-02-02 11:22:00-05:00  17.620001  17.620001  17.570000  17.570000  17.570000       0
2023-02-02 11:24:00-05:00  17.570000  17.620001  17.570000  17.610001  17.610001       0
2023-02-02 11:26:00-05:00  17.610001  17.650000  17.610001  17.650000  17.650000       0
2023-02-02 11:28:00-05:00  17.639999  17.639999  17.629999  17.629999  17.629999       0
2023-02-02 11:30:00-05:00  17.639999  17.660000  17.639999  17.660000  17.660000       0
2023-02-02 11:32:00-05:00  17.670000  17.680000  17.650000  17.660000  17.660000       0
2023-02-02 11:34:00-05:00  17.660000  17.719999  17.660000  17.719999  17.719999       0
2023-02-02 11:36:00-05:00  17.740000  17.740000  17.730000  17.740000  17.740000       0
2023-02-02 11:38:00-05:00  17.740000  17.760000  17.740000  17.760000  17.760000       0
2023-02-02 11:40:00-05:00  17.760000  17.770000  17.760000  17.760000  17.760000       0
2023-02-02 11:42:00-05:00  17.750000  17.780001  17.750000  17.760000  17.760000       0
2023-02-02 11:44:00-05:00  17.770000  17.799999  17.770000  17.799999  17.799999       0
2023-02-02 11:46:00-05:00  17.799999  17.799999  17.770000  17.790001  17.790001       0
2023-02-02 11:48:00-05:00  17.770000  17.799999  17.770000  17.790001  17.790001       0
2023-02-02 11:50:00-05:00  17.799999  17.809999  17.790001  17.799999  17.799999       0
2023-02-02 11:52:00-05:00  17.790001  17.809999  17.790001  17.790001  17.790001       0
2023-02-02 11:54:00-05:00  17.799999  17.809999  17.780001  17.809999  17.809999       0
2023-02-02 11:56:00-05:00  17.809999  17.809999  17.760000  17.770000  17.770000       0
2023-02-02 11:58:00-05:00  17.760000  17.799999  17.760000  17.799999  17.799999       0
2023-02-02 12:00:00-05:00  17.780001  17.790001  17.770000  17.770000  17.770000       0
2023-02-02 12:02:00-05:00  17.770000  17.770000  17.760000  17.760000  17.760000       0
2023-02-02 12:04:00-05:00  17.790001  17.799999  17.770000  17.770000  17.770000       0
2023-02-02 12:06:00-05:00  17.750000  17.750000  17.680000  17.680000  17.680000       0
2023-02-02 12:08:00-05:00  17.680000  17.709999  17.680000  17.709999  17.709999       0
2023-02-02 12:10:00-05:00  17.709999  17.709999  17.650000  17.670000  17.670000       0
2023-02-02 12:12:00-05:00  17.660000  17.670000  17.650000  17.670000  17.670000       0
2023-02-02 12:14:00-05:00  17.660000  17.670000  17.650000  17.670000  17.670000       0
2023-02-02 12:16:00-05:00  17.650000  17.680000  17.650000  17.670000  17.670000       0
2023-02-02 12:18:00-05:00  17.670000  17.690001  17.670000  17.680000  17.680000       0
2023-02-02 12:20:00-05:00  17.690001  17.700001  17.680000  17.700001  17.700001       0
2023-02-02 12:22:00-05:00  17.680000  17.709999  17.680000  17.690001  17.690001       0
2023-02-02 12:24:00-05:00  17.680000  17.690001  17.680000  17.690001  17.690001       0
2023-02-02 12:26:00-05:00  17.690001  17.740000  17.680000  17.740000  17.740000       0
2023-02-02 12:28:00-05:00  17.740000  17.750000  17.730000  17.750000  17.750000       0
2023-02-02 12:30:00-05:00  17.760000  17.760000  17.750000  17.750000  17.750000       0
2023-02-02 12:32:00-05:00  17.750000  17.780001  17.750000  17.770000  17.770000       0
2023-02-02 12:34:00-05:00  17.760000  17.809999  17.760000  17.809999  17.809999       0
2023-02-02 12:36:00-05:00  17.809999  17.840000  17.809999  17.840000  17.840000       0
2023-02-02 12:38:00-05:00  17.830000  17.860001  17.830000  17.860001  17.860001       0
2023-02-02 12:40:00-05:00  17.850000  17.870001  17.850000  17.860001  17.860001       0
2023-02-02 12:42:00-05:00  17.850000  17.860001  17.840000  17.840000  17.840000       0
2023-02-02 12:44:00-05:00  17.850000  17.860001  17.840000  17.850000  17.850000       0
2023-02-02 12:46:00-05:00  17.850000  17.879999  17.850000  17.879999  17.879999       0
2023-02-02 12:48:00-05:00  17.879999  17.900000  17.879999  17.889999  17.889999       0
2023-02-02 12:50:00-05:00  17.889999  17.910000  17.889999  17.900000  17.900000       0
2023-02-02 12:52:00-05:00  17.910000  17.910000  17.889999  17.889999  17.889999       0
2023-02-02 12:54:00-05:00  17.889999  17.900000  17.889999  17.900000  17.900000       0
2023-02-02 12:56:00-05:00  17.910000  17.910000  17.910000  17.910000  17.910000       0
2023-02-02 12:58:00-05:00  17.920000  17.930000  17.920000  17.920000  17.920000       0
2023-02-02 13:00:00-05:00  17.930000  17.959999  17.930000  17.959999  17.959999       0
2023-02-02 13:02:00-05:00  17.959999  18.000000  17.950001  18.000000  18.000000       0
2023-02-02 13:04:00-05:00  18.000000  18.049999  18.000000  18.049999  18.049999       0
2023-02-02 13:06:00-05:00  18.040001  18.080000  18.040001  18.080000  18.080000       0
2023-02-02 13:08:00-05:00  18.100000  18.139999  18.100000  18.139999  18.139999       0
2023-02-02 13:10:00-05:00  18.120001  18.170000  18.120001  18.170000  18.170000       0
2023-02-02 13:12:00-05:00  18.170000  18.170000  18.160000  18.160000  18.160000       0
2023-02-02 13:14:00-05:00  18.160000  18.180000  18.160000  18.170000  18.170000       0
2023-02-02 13:16:00-05:00  18.180000  18.190001  18.180000  18.180000  18.180000       0
2023-02-02 13:18:00-05:00  18.180000  18.180000  18.150000  18.160000  18.160000       0
2023-02-02 13:20:00-05:00  18.180000  18.180000  18.160000  18.160000  18.160000       0
2023-02-02 13:22:00-05:00  18.160000  18.190001  18.160000  18.190001  18.190001       0
2023-02-02 13:24:00-05:00  18.190001  18.200001  18.190001  18.200001  18.200001       0
2023-02-02 13:26:00-05:00  18.209999  18.230000  18.209999  18.209999  18.209999       0
2023-02-02 13:28:00-05:00  18.219999  18.240000  18.219999  18.230000  18.230000       0
2023-02-02 13:30:00-05:00  18.240000  18.240000  18.219999  18.219999  18.219999       0
2023-02-02 13:32:00-05:00  18.219999  18.230000  18.219999  18.230000  18.230000       0
2023-02-02 13:34:00-05:00  18.230000  18.250000  18.230000  18.250000  18.250000       0
2023-02-02 13:36:00-05:00  18.250000  18.260000  18.230000  18.240000  18.240000       0
2023-02-02 13:38:00-05:00  18.250000  18.260000  18.240000  18.260000  18.260000       0
2023-02-02 13:40:00-05:00  18.270000  18.330000  18.260000  18.330000  18.330000       0
2023-02-02 13:42:00-05:00  18.309999  18.330000  18.299999  18.299999  18.299999       0
2023-02-02 13:44:00-05:00  18.299999  18.309999  18.290001  18.299999  18.299999       0
2023-02-02 13:46:00-05:00  18.299999  18.330000  18.299999  18.330000  18.330000       0
2023-02-02 13:48:00-05:00  18.340000  18.360001  18.340000  18.360001  18.360001       0
2023-02-02 13:50:00-05:00  18.360001  18.389999  18.360001  18.389999  18.389999       0
2023-02-02 13:52:00-05:00  18.389999  18.410000  18.389999  18.410000  18.410000       0
2023-02-02 13:54:00-05:00  18.410000  18.430000  18.410000  18.430000  18.430000       0
2023-02-02 13:56:00-05:00  18.430000  18.459999  18.430000  18.459999  18.459999       0
2023-02-02 13:58:00-05:00  18.469999  18.629999  18.469999  18.629999  18.629999       0
2023-02-02 14:00:00-05:00  18.639999  18.750000  18.639999  18.750000  18.750000       0
2023-02-02 14:02:00-05:00  18.770000  18.770000  18.730000  18.730000  18.730000       0
2023-02-02 14:04:00-05:00  18.770000  18.809999  18.770000  18.799999  18.799999       0
2023-02-02 14:06:00-05:00  18.809999  18.820000  18.809999  18.809999  18.809999       0
2023-02-02 14:08:00-05:00  18.820000  18.820000  18.809999  18.809999  18.809999       0
2023-02-02 14:10:00-05:00  18.799999  18.799999  18.760000  18.760000  18.760000       0
2023-02-02 14:12:00-05:00  18.780001  18.820000  18.780001  18.820000  18.820000       0
2023-02-02 14:14:00-05:00  18.830000  18.830000  18.799999  18.820000  18.820000       0
2023-02-02 14:16:00-05:00  18.809999  18.850000  18.809999  18.850000  18.850000       0
2023-02-02 14:18:00-05:00  18.860001  18.860001  18.850000  18.850000  18.850000       0
2023-02-02 14:20:00-05:00  18.850000  18.850000  18.830000  18.840000  18.840000       0
2023-02-02 14:22:00-05:00  18.850000  18.860001  18.850000  18.850000  18.850000       0
2023-02-02 14:24:00-05:00  18.850000  18.900000  18.850000  18.879999  18.879999       0
2023-02-02 14:26:00-05:00  18.870001  18.889999  18.850000  18.889999  18.889999       0
2023-02-02 14:28:00-05:00  18.900000  18.959999  18.889999  18.959999  18.959999       0
2023-02-02 14:30:00-05:00  18.959999  19.000000  18.959999  19.000000  19.000000       0
2023-02-02 14:32:00-05:00  19.030001  19.070000  19.030001  19.070000  19.070000       0
2023-02-02 14:34:00-05:00  19.080000  19.170000  19.080000  19.170000  19.170000       0
2023-02-02 14:36:00-05:00  19.170000  19.219999  19.100000  19.100000  19.100000       0
2023-02-02 14:38:00-05:00  19.090000  19.090000  19.040001  19.059999  19.059999       0
2023-02-02 14:40:00-05:00  19.090000  19.100000  19.070000  19.100000  19.100000       0
2023-02-02 14:42:00-05:00  19.110001  19.139999  19.100000  19.129999  19.129999       0
2023-02-02 14:44:00-05:00  19.110001  19.110001  19.020000  19.030001  19.030001       0
2023-02-02 14:46:00-05:00  19.040001  19.139999  19.040001  19.139999  19.139999       0
2023-02-02 14:48:00-05:00  19.139999  19.139999  19.070000  19.090000  19.090000       0
2023-02-02 14:50:00-05:00  19.090000  19.090000  18.980000  18.980000  18.980000       0
2023-02-02 14:52:00-05:00  18.980000  19.049999  18.980000  19.049999  19.049999       0
2023-02-02 14:54:00-05:00  19.059999  19.120001  19.049999  19.120001  19.120001       0
2023-02-02 14:56:00-05:00  19.129999  19.139999  19.120001  19.139999  19.139999       0
2023-02-02 14:58:00-05:00  19.139999  19.240000  19.139999  19.190001  19.190001       0
2023-02-02 15:00:00-05:00  19.209999  19.250000  19.200001  19.219999  19.219999       0
2023-02-02 15:02:00-05:00  19.219999  19.219999  19.120001  19.190001  19.190001       0
2023-02-02 15:04:00-05:00  19.160000  19.180000  19.090000  19.090000  19.090000       0
2023-02-02 15:06:00-05:00  19.090000  19.090000  19.020000  19.020000  19.020000       0
2023-02-02 15:08:00-05:00  19.010000  19.180000  19.010000  19.170000  19.170000       0
2023-02-02 15:10:00-05:00  19.160000  19.160000  19.080000  19.080000  19.080000       0
2023-02-02 15:12:00-05:00  19.049999  19.059999  18.980000  18.990000  18.990000       0
2023-02-02 15:14:00-05:00  18.980000  19.000000  18.950001  18.969999  18.969999       0
2023-02-02 15:16:00-05:00  18.980000  18.980000  18.930000  18.959999  18.959999       0
2023-02-02 15:18:00-05:00  18.950001  18.950001  18.879999  18.900000  18.900000       0
2023-02-02 15:20:00-05:00  18.900000  18.910000  18.830000  18.840000  18.840000       0
2023-02-02 15:22:00-05:00  18.840000  18.840000  18.809999  18.809999  18.809999       0
2023-02-02 15:24:00-05:00  18.809999  18.820000  18.799999  18.799999  18.799999       0
2023-02-02 15:26:00-05:00  18.780001  18.780001  18.760000  18.760000  18.760000       0
2023-02-02 15:28:00-05:00  18.780001  18.790001  18.730000  18.740000  18.740000       0
2023-02-02 15:30:00-05:00  18.730000  18.730000  18.680000  18.680000  18.680000       0
2023-02-02 15:32:00-05:00  18.680000  18.700001  18.650000  18.660000  18.660000       0
2023-02-02 15:34:00-05:00  18.650000  18.660000  18.620001  18.639999  18.639999       0
2023-02-02 15:36:00-05:00  18.650000  18.670000  18.639999  18.639999  18.639999       0
2023-02-02 15:38:00-05:00  18.650000  18.719999  18.639999  18.719999  18.719999       0
2023-02-02 15:40:00-05:00  18.719999  18.799999  18.709999  18.799999  18.799999       0
2023-02-02 15:42:00-05:00  18.799999  18.799999  18.680000  18.680000  18.680000       0
2023-02-02 15:44:00-05:00  18.680000  18.700001  18.670000  18.700001  18.700001       0
2023-02-02 15:46:00-05:00  18.690001  18.690001  18.620001  18.650000  18.650000       0
2023-02-02 15:48:00-05:00  18.650000  18.690001  18.650000  18.680000  18.680000       0
2023-02-02 15:50:00-05:00  18.639999  18.639999  18.580000  18.580000  18.580000       0
2023-02-02 15:52:00-05:00  18.530001  18.570000  18.510000  18.570000  18.570000       0
2023-02-02 15:54:00-05:00  18.570000  18.570000  18.450001  18.450001  18.450001       0
2023-02-02 15:56:00-05:00  18.430000  18.430000  18.340000  18.340000  18.340000       0
2023-02-02 15:58:00-05:00  18.330000  18.379999  18.330000  18.350000  18.350000       0
2023-02-03 09:30:00-05:00  18.520000  18.600000  18.520000  18.520000  18.520000       0
2023-02-03 09:32:00-05:00  18.520000  18.520000  18.379999  18.400000  18.400000       0
2023-02-03 09:34:00-05:00  18.400000  18.420000  18.360001  18.360001  18.360001       0
2023-02-03 09:36:00-05:00  18.350000  18.360001  18.230000  18.230000  18.230000       0
2023-02-03 09:38:00-05:00  18.219999  18.270000  18.219999  18.240000  18.240000       0
2023-02-03 09:40:00-05:00  18.250000  18.299999  18.240000  18.299999  18.299999       0
2023-02-03 09:42:00-05:00  18.299999  18.299999  18.280001  18.280001  18.280001       0
2023-02-03 09:44:00-05:00  18.280001  18.340000  18.280001  18.340000  18.340000       0
2023-02-03 09:46:00-05:00  18.340000  18.340000  18.270000  18.280001  18.280001       0
2023-02-03 09:48:00-05:00  18.280001  18.299999  18.270000  18.280001  18.280001       0
2023-02-03 09:50:00-05:00  18.320000  18.389999  18.280001  18.389999  18.389999       0
2023-02-03 09:52:00-05:00  18.400000  18.469999  18.400000  18.430000  18.430000       0
2023-02-03 09:54:00-05:00  18.400000  18.420000  18.400000  18.410000  18.410000       0
2023-02-03 09:56:00-05:00  18.420000  18.440001  18.400000  18.440001  18.440001       0
2023-02-03 09:58:00-05:00  18.440001  18.469999  18.440001  18.459999  18.459999       0
2023-02-03 10:00:00-05:00  18.450001  18.490000  18.400000  18.400000  18.400000       0
2023-02-03 10:02:00-05:00  18.410000  18.430000  18.290001  18.290001  18.290001       0
2023-02-03 10:04:00-05:00  18.280001  18.400000  18.260000  18.379999  18.379999       0
2023-02-03 10:06:00-05:00  18.410000  18.450001  18.360001  18.450001  18.450001       0
2023-02-03 10:08:00-05:00  18.440001  18.450001  18.379999  18.379999  18.379999       0
2023-02-03 10:10:00-05:00  18.389999  18.450001  18.389999  18.440001  18.440001       0
2023-02-03 10:12:00-05:00  18.410000  18.420000  18.270000  18.290001  18.290001       0
2023-02-03 10:14:00-05:00  18.280001  18.290001  18.219999  18.260000  18.260000       0
2023-02-03 10:16:00-05:00  18.260000  18.260000  18.150000  18.190001  18.190001       0
2023-02-03 10:18:00-05:00  18.150000  18.230000  18.150000  18.230000  18.230000       0
2023-02-03 10:20:00-05:00  18.219999  18.219999  18.200001  18.200001  18.200001       0
2023-02-03 10:22:00-05:00  18.190001  18.190001  18.160000  18.180000  18.180000       0
2023-02-03 10:24:00-05:00  18.180000  18.180000  18.120001  18.160000  18.160000       0
2023-02-03 10:26:00-05:00  18.150000  18.170000  18.150000  18.170000  18.170000       0
2023-02-03 10:28:00-05:00  18.170000  18.219999  18.170000  18.219999  18.219999       0
2023-02-03 10:30:00-05:00  18.250000  18.280001  18.230000  18.280001  18.280001       0
2023-02-03 10:32:00-05:00  18.270000  18.309999  18.270000  18.290001  18.290001       0
2023-02-03 10:34:00-05:00  18.280001  18.290001  18.260000  18.290001  18.290001       0
2023-02-03 10:36:00-05:00  18.280001  18.309999  18.280001  18.309999  18.309999       0
2023-02-03 10:38:00-05:00  18.290001  18.299999  18.280001  18.299999  18.299999       0
2023-02-03 10:40:00-05:00  18.320000  18.370001  18.320000  18.370001  18.370001       0
2023-02-03 10:42:00-05:00  18.379999  18.430000  18.360001  18.430000  18.430000       0
2023-02-03 10:44:00-05:00  18.440001  18.450001  18.430000  18.440001  18.440001       0
2023-02-03 10:46:00-05:00  18.440001  18.469999  18.440001  18.459999  18.459999       0
2023-02-03 10:48:00-05:00  18.459999  18.510000  18.459999  18.510000  18.510000       0
2023-02-03 10:50:00-05:00  18.520000  18.559999  18.520000  18.559999  18.559999       0
2023-02-03 10:52:00-05:00  18.570000  18.580000  18.570000  18.580000  18.580000       0
2023-02-03 10:54:00-05:00  18.590000  18.610001  18.580000  18.600000  18.600000       0
2023-02-03 10:56:00-05:00  18.610001  18.620001  18.610001  18.610001  18.610001       0
2023-02-03 10:58:00-05:00  18.590000  18.590000  18.549999  18.549999  18.549999       0
2023-02-03 11:00:00-05:00  18.570000  18.570000  18.549999  18.559999  18.559999       0
2023-02-03 11:02:00-05:00  18.559999  18.559999  18.540001  18.540001  18.540001       0
2023-02-03 11:04:00-05:00  18.530001  18.570000  18.530001  18.540001  18.540001       0
2023-02-03 11:06:00-05:00  18.520000  18.520000  18.510000  18.520000  18.520000       0
2023-02-03 11:08:00-05:00  18.510000  18.530001  18.510000  18.510000  18.510000       0
2023-02-03 11:10:00-05:00  18.510000  18.510000  18.490000  18.490000  18.490000       0
2023-02-03 11:12:00-05:00  18.480000  18.490000  18.469999  18.469999  18.469999       0
2023-02-03 11:14:00-05:00  18.440001  18.440001  18.420000  18.420000  18.420000       0
2023-02-03 11:16:00-05:00  18.450001  18.469999  18.450001  18.469999  18.469999       0
2023-02-03 11:18:00-05:00  18.469999  18.480000  18.469999  18.469999  18.469999       0
2023-02-03 11:20:00-05:00  18.480000  18.500000  18.480000  18.500000  18.500000       0
2023-02-03 11:22:00-05:00  18.480000  18.480000  18.469999  18.469999  18.469999       0
2023-02-03 11:24:00-05:00  18.459999  18.480000  18.459999  18.480000  18.480000       0
2023-02-03 11:26:00-05:00  18.490000  18.490000  18.469999  18.469999  18.469999       0
2023-02-03 11:28:00-05:00  18.480000  18.480000  18.440001  18.440001  18.440001       0
2023-02-03 11:30:00-05:00  18.440001  18.459999  18.440001  18.450001  18.450001       0
2023-02-03 11:32:00-05:00  18.459999  18.490000  18.459999  18.490000  18.490000       0
2023-02-03 11:34:00-05:00  18.480000  18.480000  18.469999  18.480000  18.480000       0
2023-02-03 11:36:00-05:00  18.469999  18.510000  18.469999  18.510000  18.510000       0
2023-02-03 11:38:00-05:00  18.510000  18.610001  18.510000  18.600000  18.600000       0
2023-02-03 11:40:00-05:00  18.620001  18.639999  18.549999  18.549999  18.549999       0
2023-02-03 11:42:00-05:00  18.549999  18.549999  18.520000  18.549999  18.549999       0
2023-02-03 11:44:00-05:00  18.570000  18.590000  18.570000  18.580000  18.580000       0
2023-02-03 11:46:00-05:00  18.580000  18.580000  18.469999  18.469999  18.469999       0
2023-02-03 11:48:00-05:00  18.440001  18.500000  18.400000  18.500000  18.500000       0
2023-02-03 11:50:00-05:00  18.540001  18.549999  18.480000  18.500000  18.500000       0
2023-02-03 11:52:00-05:00  18.480000  18.480000  18.450001  18.459999  18.459999       0
2023-02-03 11:54:00-05:00  18.440001  18.510000  18.440001  18.490000  18.490000       0
2023-02-03 11:56:00-05:00  18.500000  18.540001  18.480000  18.540001  18.540001       0
2023-02-03 11:58:00-05:00  18.559999  18.620001  18.540001  18.620001  18.620001       0
2023-02-03 12:00:00-05:00  18.629999  18.639999  18.590000  18.590000  18.590000       0
2023-02-03 12:02:00-05:00  18.580000  18.580000  18.500000  18.510000  18.510000       0
2023-02-03 12:04:00-05:00  18.500000  18.540001  18.500000  18.530001  18.530001       0
2023-02-03 12:06:00-05:00  18.510000  18.510000  18.500000  18.510000  18.510000       0
2023-02-03 12:08:00-05:00  18.520000  18.530001  18.500000  18.500000  18.500000       0
2023-02-03 12:10:00-05:00  18.510000  18.510000  18.450001  18.459999  18.459999       0
2023-02-03 12:12:00-05:00  18.459999  18.469999  18.459999  18.459999  18.459999       0
2023-02-03 12:14:00-05:00  18.450001  18.459999  18.430000  18.450001  18.450001       0
2023-02-03 12:16:00-05:00  18.450001  18.469999  18.430000  18.430000  18.430000       0
2023-02-03 12:18:00-05:00  18.440001  18.450001  18.430000  18.450001  18.450001       0
2023-02-03 12:20:00-05:00  18.450001  18.469999  18.440001  18.440001  18.440001       0
2023-02-03 12:22:00-05:00  18.440001  18.450001  18.420000  18.450001  18.450001       0
2023-02-03 12:24:00-05:00  18.450001  18.459999  18.430000  18.430000  18.430000       0
2023-02-03 12:26:00-05:00  18.440001  18.440001  18.410000  18.410000  18.410000       0
2023-02-03 12:28:00-05:00  18.420000  18.440001  18.410000  18.410000  18.410000       0
2023-02-03 12:30:00-05:00  18.420000  18.430000  18.400000  18.400000  18.400000       0
2023-02-03 12:32:00-05:00  18.389999  18.410000  18.379999  18.389999  18.389999       0
2023-02-03 12:34:00-05:00  18.389999  18.389999  18.360001  18.360001  18.360001       0
2023-02-03 12:36:00-05:00  18.350000  18.360001  18.320000  18.330000  18.330000       0
2023-02-03 12:38:00-05:00  18.330000  18.330000  18.309999  18.330000  18.330000       0
2023-02-03 12:40:00-05:00  18.340000  18.340000  18.309999  18.309999  18.309999       0
2023-02-03 12:42:00-05:00  18.309999  18.330000  18.299999  18.320000  18.320000       0
2023-02-03 12:44:00-05:00  18.320000  18.350000  18.320000  18.330000  18.330000       0
2023-02-03 12:46:00-05:00  18.330000  18.340000  18.320000  18.340000  18.340000       0
2023-02-03 12:48:00-05:00  18.340000  18.389999  18.340000  18.370001  18.370001       0
2023-02-03 12:50:00-05:00  18.379999  18.389999  18.350000  18.350000  18.350000       0
2023-02-03 12:52:00-05:00  18.350000  18.389999  18.350000  18.389999  18.389999       0
2023-02-03 12:54:00-05:00  18.420000  18.440001  18.420000  18.420000  18.420000       0
2023-02-03 12:56:00-05:00  18.430000  18.469999  18.430000  18.469999  18.469999       0
2023-02-03 12:58:00-05:00  18.500000  18.700001  18.500000  18.700001  18.700001       0
2023-02-03 13:00:00-05:00  18.670000  18.690001  18.639999  18.650000  18.650000       0
2023-02-03 13:02:00-05:00  18.660000  18.730000  18.660000  18.730000  18.730000       0
2023-02-03 13:04:00-05:00  18.730000  18.740000  18.680000  18.680000  18.680000       0
2023-02-03 13:06:00-05:00  18.680000  18.790001  18.680000  18.790001  18.790001       0
2023-02-03 13:08:00-05:00  18.809999  18.889999  18.809999  18.860001  18.860001       0
2023-02-03 13:10:00-05:00  18.900000  18.969999  18.879999  18.879999  18.879999       0
2023-02-03 13:12:00-05:00  18.860001  18.860001  18.820000  18.820000  18.820000       0
2023-02-03 13:14:00-05:00  18.799999  18.820000  18.690001  18.690001  18.690001       0
2023-02-03 13:16:00-05:00  18.690001  18.740000  18.690001  18.740000  18.740000       0
2023-02-03 13:18:00-05:00  18.740000  18.760000  18.730000  18.730000  18.730000       0
2023-02-03 13:20:00-05:00  18.760000  18.760000  18.690001  18.690001  18.690001       0
2023-02-03 13:22:00-05:00  18.709999  18.719999  18.700001  18.719999  18.719999       0
2023-02-03 13:24:00-05:00  18.740000  18.850000  18.740000  18.830000  18.830000       0
2023-02-03 13:26:00-05:00  18.809999  18.820000  18.790001  18.820000  18.820000       0
2023-02-03 13:28:00-05:00  18.830000  18.860001  18.830000  18.860001  18.860001       0
2023-02-03 13:30:00-05:00  18.879999  19.020000  18.879999  19.020000  19.020000       0
2023-02-03 13:32:00-05:00  19.020000  19.049999  18.950001  18.950001  18.950001       0
2023-02-03 13:34:00-05:00  18.969999  19.059999  18.969999  19.040001  19.040001       0
2023-02-03 13:36:00-05:00  19.020000  19.020000  18.980000  18.990000  18.990000       0
2023-02-03 13:38:00-05:00  18.940001  19.020000  18.940001  18.969999  18.969999       0
2023-02-03 13:40:00-05:00  18.959999  19.059999  18.959999  19.059999  19.059999       0
2023-02-03 13:42:00-05:00  19.080000  19.120001  19.080000  19.100000  19.100000       0
2023-02-03 13:44:00-05:00  19.150000  19.200001  19.150000  19.200001  19.200001       0
2023-02-03 13:46:00-05:00  19.240000  19.290001  19.219999  19.290001  19.290001       0
2023-02-03 13:48:00-05:00  19.299999  19.299999  19.090000  19.090000  19.090000       0
2023-02-03 13:50:00-05:00  19.080000  19.080000  18.950001  18.950001  18.950001       0
2023-02-03 13:52:00-05:00  18.920000  18.920000  18.830000  18.840000  18.840000       0
2023-02-03 13:54:00-05:00  18.840000  18.850000  18.820000  18.850000  18.850000       0
2023-02-03 13:56:00-05:00  18.860001  18.870001  18.820000  18.860001  18.860001       0
2023-02-03 13:58:00-05:00  18.870001  18.930000  18.870001  18.930000  18.930000       0
2023-02-03 14:00:00-05:00  18.930000  18.959999  18.910000  18.910000  18.910000       0
2023-02-03 14:02:00-05:00  18.920000  18.980000  18.920000  18.959999  18.959999       0
2023-02-03 14:04:00-05:00  18.950001  18.950001  18.889999  18.920000  18.920000       0
2023-02-03 14:06:00-05:00  18.910000  18.910000  18.840000  18.860001  18.860001       0
2023-02-03 14:08:00-05:00  18.840000  18.850000  18.770000  18.850000  18.850000       0
2023-02-03 14:10:00-05:00  18.850000  18.930000  18.840000  18.930000  18.930000       0
2023-02-03 14:12:00-05:00  18.910000  18.920000  18.790001  18.790001  18.790001       0
2023-02-03 14:14:00-05:00  18.780001  18.799999  18.750000  18.799999  18.799999       0
2023-02-03 14:16:00-05:00  18.790001  18.879999  18.790001  18.879999  18.879999       0
2023-02-03 14:18:00-05:00  18.910000  18.930000  18.900000  18.900000  18.900000       0
2023-02-03 14:20:00-05:00  18.889999  18.889999  18.850000  18.860001  18.860001       0
2023-02-03 14:22:00-05:00  18.860001  18.860001  18.809999  18.850000  18.850000       0
2023-02-03 14:24:00-05:00  18.889999  18.940001  18.889999  18.900000  18.900000       0
2023-02-03 14:26:00-05:00  18.930000  18.930000  18.860001  18.879999  18.879999       0
2023-02-03 14:28:00-05:00  18.879999  18.879999  18.799999  18.799999  18.799999       0
2023-02-03 14:30:00-05:00  18.799999  18.950001  18.799999  18.910000  18.910000       0
2023-02-03 14:32:00-05:00  18.900000  18.910000  18.860001  18.860001  18.860001       0
2023-02-03 14:34:00-05:00  18.870001  18.900000  18.870001  18.870001  18.870001       0
2023-02-03 14:36:00-05:00  18.840000  18.840000  18.719999  18.719999  18.719999       0
2023-02-03 14:38:00-05:00  18.690001  18.709999  18.660000  18.660000  18.660000       0
2023-02-03 14:40:00-05:00  18.639999  18.660000  18.629999  18.660000  18.660000       0
2023-02-03 14:42:00-05:00  18.650000  18.670000  18.629999  18.670000  18.670000       0
2023-02-03 14:44:00-05:00  18.660000  18.700001  18.660000  18.690001  18.690001       0
2023-02-03 14:46:00-05:00  18.719999  18.730000  18.700001  18.719999  18.719999       0
2023-02-03 14:48:00-05:00  18.709999  18.709999  18.690001  18.700001  18.700001       0
2023-02-03 14:50:00-05:00  18.680000  18.730000  18.680000  18.700001  18.700001       0
2023-02-03 14:52:00-05:00  18.700001  18.709999  18.670000  18.670000  18.670000       0
2023-02-03 14:54:00-05:00  18.670000  18.670000  18.620001  18.650000  18.650000       0
2023-02-03 14:56:00-05:00  18.670000  18.780001  18.670000  18.780001  18.780001       0
2023-02-03 14:58:00-05:00  18.780001  18.799999  18.719999  18.719999  18.719999       0
2023-02-03 15:00:00-05:00  18.719999  18.860001  18.719999  18.860001  18.860001       0
2023-02-03 15:02:00-05:00  18.860001  18.910000  18.860001  18.889999  18.889999       0
2023-02-03 15:04:00-05:00  18.900000  18.910000  18.860001  18.900000  18.900000       0
2023-02-03 15:06:00-05:00  18.889999  18.930000  18.850000  18.850000  18.850000       0
2023-02-03 15:08:00-05:00  18.840000  18.840000  18.770000  18.790001  18.790001       0
2023-02-03 15:10:00-05:00  18.799999  18.840000  18.799999  18.799999  18.799999       0
2023-02-03 15:12:00-05:00  18.790001  18.799999  18.700001  18.709999  18.709999       0
2023-02-03 15:14:00-05:00  18.709999  18.719999  18.690001  18.719999  18.719999       0
2023-02-03 15:16:00-05:00  18.719999  18.740000  18.639999  18.639999  18.639999       0
2023-02-03 15:18:00-05:00  18.620001  18.620001  18.580000  18.590000  18.590000       0
2023-02-03 15:20:00-05:00  18.590000  18.590000  18.580000  18.580000  18.580000       0
2023-02-03 15:22:00-05:00  18.600000  18.620001  18.540001  18.540001  18.540001       0
2023-02-03 15:24:00-05:00  18.549999  18.549999  18.469999  18.469999  18.469999       0
2023-02-03 15:26:00-05:00  18.469999  18.469999  18.430000  18.450001  18.450001       0
2023-02-03 15:28:00-05:00  18.450001  18.510000  18.450001  18.510000  18.510000       0
2023-02-03 15:30:00-05:00  18.510000  18.530001  18.469999  18.530001  18.530001       0
2023-02-03 15:32:00-05:00  18.530001  18.549999  18.520000  18.549999  18.549999       0
2023-02-03 15:34:00-05:00  18.549999  18.580000  18.549999  18.580000  18.580000       0
2023-02-03 15:36:00-05:00  18.559999  18.570000  18.530001  18.570000  18.570000       0
2023-02-03 15:38:00-05:00  18.629999  18.639999  18.610001  18.620001  18.620001       0
2023-02-03 15:40:00-05:00  18.600000  18.600000  18.549999  18.559999  18.559999       0
2023-02-03 15:42:00-05:00  18.549999  18.629999  18.549999  18.620001  18.620001       0
2023-02-03 15:44:00-05:00  18.629999  18.660000  18.629999  18.660000  18.660000       0
2023-02-03 15:46:00-05:00  18.660000  18.690001  18.660000  18.660000  18.660000       0
2023-02-03 15:48:00-05:00  18.639999  18.639999  18.620001  18.639999  18.639999       0
2023-02-03 15:50:00-05:00  18.629999  18.629999  18.590000  18.600000  18.600000       0
2023-02-03 15:52:00-05:00  18.590000  18.590000  18.530001  18.530001  18.530001       0
2023-02-03 15:54:00-05:00  18.520000  18.520000  18.450001  18.450001  18.450001       0
2023-02-03 15:56:00-05:00  18.450001  18.459999  18.430000  18.440001  18.440001       0
2023-02-03 15:58:00-05:00  18.450001  18.459999  18.410000  18.430000  18.430000       0
2023-02-03 16:00:00-05:00  18.330000  18.330000  18.330000  18.330000  18.330000       0