                                Open       High        Low      Close  Adj Close  Volume
Datetime                                                                                
2022-12-23 10:54:00-05:00  21.580000  21.580000  21.520000  21.520000  21.520000       0
2022-12-23 10:56:00-05:00  21.510000  21.570000  21.510000  21.570000  21.570000       0
2022-12-23 10:58:00-05:00  21.549999  21.610001  21.549999  21.580000  21.580000       0
2022-12-23 11:00:00-05:00  21.590000  21.629999  21.530001  21.629999  21.629999       0
2022-12-23 11:02:00-05:00  21.629999  21.740000  21.629999  21.700001  21.700001       0
2022-12-23 11:04:00-05:00  21.690001  21.700001  21.670000  21.700001  21.700001       0
2022-12-23 11:06:00-05:00  21.700001  21.700001  21.670000  21.670000  21.670000       0
2022-12-23 11:08:00-05:00  21.690001  21.700001  21.680000  21.680000  21.680000       0
2022-12-23 11:10:00-05:00  21.690001  21.690001  21.580000  21.600000  21.600000       0
2022-12-23 11:12:00-05:00  21.580000  21.600000  21.490000  21.490000  21.490000       0
2022-12-23 11:14:00-05:00  21.500000  21.510000  21.459999  21.459999  21.459999       0
2022-12-23 11:16:00-05:00  21.459999  21.469999  21.450001  21.469999  21.469999       0
2022-12-23 11:18:00-05:00  21.459999  21.500000  21.440001  21.440001  21.440001       0
2022-12-23 11:20:00-05:00  21.440001  21.440001  21.360001  21.360001  21.360001       0
2022-12-23 11:22:00-05:00  21.360001  21.420000  21.360001  21.420000  21.420000       0
2022-12-23 11:24:00-05:00  21.440001  21.450001  21.370001  21.370001  21.370001       0
2022-12-23 11:26:00-05:00  21.360001  21.389999  21.360001  21.379999  21.379999       0
2022-12-23 11:28:00-05:00  21.389999  21.430000  21.389999  21.410000  21.410000       0
2022-12-23 11:30:00-05:00  21.410000  21.420000  21.400000  21.410000  21.410000       0
2022-12-23 11:32:00-05:00  21.420000  21.420000  21.360001  21.370001  21.370001       0
2022-12-23 11:34:00-05:00  21.370001  21.420000  21.370001  21.379999  21.379999       0
2022-12-23 11:36:00-05:00  21.360001  21.360001  21.320000  21.320000  21.320000       0
2022-12-23 11:38:00-05:00  21.330000  21.330000  21.270000  21.270000  21.270000       0
2022-12-23 11:40:00-05:00  21.280001  21.280001  21.200001  21.200001  21.200001       0
2022-12-23 11:42:00-05:00  21.200001  21.200001  21.170000  21.200001  21.200001       0
2022-12-23 11:44:00-05:00  21.190001  21.250000  21.190001  21.219999  21.219999       0
2022-12-23 11:46:00-05:00  21.219999  21.250000  21.219999  21.230000  21.230000       0
2022-12-23 11:48:00-05:00  21.219999  21.250000  21.200001  21.200001  21.200001       0
2022-12-23 11:50:00-05:00  21.200001  21.200001  21.150000  21.190001  21.190001       0
2022-12-23 11:52:00-05:00  21.200001  21.230000  21.200001  21.209999  21.209999       0
2022-12-23 11:54:00-05:00  21.209999  21.209999  21.180000  21.180000  21.180000       0
2022-12-23 11:56:00-05:00  21.190001  21.190001  21.129999  21.129999  21.129999       0
2022-12-23 11:58:00-05:00  21.139999  21.139999  21.120001  21.129999  21.129999       0
2022-12-23 12:00:00-05:00  21.120001  21.120001  21.070000  21.080000  21.080000       0
2022-12-23 12:02:00-05:00  21.090000  21.090000  21.059999  21.059999  21.059999       0
2022-12-23 12:04:00-05:00  21.059999  21.059999  21.040001  21.049999  21.049999       0
2022-12-23 12:06:00-05:00  21.059999  21.090000  21.059999  21.059999  21.059999       0
2022-12-23 12:08:00-05:00  21.059999  21.090000  21.049999  21.080000  21.080000       0
2022-12-23 12:10:00-05:00  21.070000  21.080000  21.070000  21.070000  21.070000       0
2022-12-23 12:12:00-05:00  21.070000  21.070000  21.040001  21.049999  21.049999       0
2022-12-23 12:14:00-05:00  21.059999  21.059999  21.040001  21.049999  21.049999       0
2022-12-23 12:16:00-05:00  21.059999  21.129999  21.059999  21.129999  21.129999       0
2022-12-23 12:18:00-05:00  21.120001  21.120001  21.090000  21.090000  21.090000       0
2022-12-23 12:20:00-05:00  21.100000  21.110001  21.070000  21.070000  21.070000       0
2022-12-23 12:22:00-05:00  21.070000  21.090000  21.049999  21.049999  21.049999       0
2022-12-23 12:24:00-05:00  21.040001  21.139999  21.040001  21.100000  21.100000       0
2022-12-23 12:26:00-05:00  21.090000  21.129999  21.080000  21.129999  21.129999       0
2022-12-23 12:28:00-05:00  21.129999  21.139999  21.120001  21.129999  21.129999       0
2022-12-23 12:30:00-05:00  21.150000  21.150000  21.100000  21.110001  21.110001       0
2022-12-23 12:32:00-05:00  21.120001  21.120001  21.100000  21.110001  21.110001       0
2022-12-23 12:34:00-05:00  21.120001  21.120001  21.040001  21.040001  21.040001       0
2022-12-23 12:36:00-05:00  21.059999  21.120001  21.059999  21.110001  21.110001       0
2022-12-23 12:38:00-05:00  21.120001  21.180000  21.120001  21.180000  21.180000       0
2022-12-23 12:40:00-05:00  21.190001  21.209999  21.170000  21.209999  21.209999       0
2022-12-23 12:42:00-05:00  21.209999  21.299999  21.209999  21.299999  21.299999       0
2022-12-23 12:44:00-05:00  21.290001  21.290001  21.260000  21.260000  21.260000       0
2022-12-23 12:46:00-05:00  21.230000  21.290001  21.230000  21.290001  21.290001       0
2022-12-23 12:48:00-05:00  21.299999  21.340000  21.290001  21.320000  21.320000       0
2022-12-23 12:50:00-05:00  21.320000  21.340000  21.309999  21.309999  21.309999       0
2022-12-23 12:52:00-05:00  21.320000  21.320000  21.299999  21.320000  21.320000       0
2022-12-23 12:54:00-05:00  21.330000  21.340000  21.320000  21.320000  21.320000       0
2022-12-23 12:56:00-05:00  21.320000  21.320000  21.240000  21.240000  21.240000       0
2022-12-23 12:58:00-05:00  21.240000  21.250000  21.219999  21.230000  21.230000       0
2022-12-23 13:00:00-05:00  21.230000  21.230000  21.190001  21.230000  21.230000       0
2022-12-23 13:02:00-05:00  21.200001  21.200001  21.160000  21.160000  21.160000       0
2022-12-23 13:04:00-05:00  21.160000  21.160000  21.129999  21.139999  21.139999       0
2022-12-23 13:06:00-05:00  21.150000  21.160000  21.110001  21.110001  21.110001       0
2022-12-23 13:08:00-05:00  21.110001  21.120001  21.090000  21.090000  21.090000       0
2022-12-23 13:10:00-05:00  21.100000  21.100000  21.080000  21.100000  21.100000       0
2022-12-23 13:12:00-05:00  21.090000  21.129999  21.090000  21.129999  21.129999       0
2022-12-23 13:14:00-05:00  21.150000  21.200001  21.150000  21.190001  21.190001       0
2022-12-23 13:16:00-05:00  21.160000  21.170000  21.120001  21.120001  21.120001       0
2022-12-23 13:18:00-05:00  21.120001  21.139999  21.110001  21.139999  21.139999       0
2022-12-23 13:20:00-05:00  21.120001  21.120001  21.090000  21.110001  21.110001       0
2022-12-23 13:22:00-05:00  21.100000  21.129999  21.100000  21.110001  21.110001       0
2022-12-23 13:24:00-05:00  21.110001  21.120001  21.090000  21.120001  21.120001       0
2022-12-23 13:26:00-05:00  21.110001  21.120001  21.090000  21.100000  21.100000       0
2022-12-23 13:28:00-05:00  21.100000  21.100000  21.090000  21.090000  21.090000       0
2022-12-23 13:30:00-05:00  21.090000  21.090000  21.049999  21.049999  21.049999       0
2022-12-23 13:32:00-05:00  21.049999  21.070000  21.049999  21.070000  21.070000       0
2022-12-23 13:34:00-05:00  21.070000  21.080000  21.049999  21.049999  21.049999       0
2022-12-23 13:36:00-05:00  21.059999  21.070000  21.049999  21.070000  21.070000       0
2022-12-23 13:38:00-05:00  21.080000  21.080000  21.070000  21.070000  21.070000       0
2022-12-23 13:40:00-05:00  21.070000  21.080000  21.040001  21.049999  21.049999       0
2022-12-23 13:42:00-05:00  21.059999  21.120001  21.059999  21.120001  21.120001       0
2022-12-23 13:44:00-05:00  21.110001  21.200001  21.110001  21.200001  21.200001       0
2022-12-23 13:46:00-05:00  21.299999  21.299999  21.200001  21.200001  21.200001       0
2022-12-23 13:48:00-05:00  21.150000  21.160000  21.129999  21.160000  21.160000       0
2022-12-23 13:50:00-05:00  21.160000  21.180000  21.160000  21.170000  21.170000       0
2022-12-23 13:52:00-05:00  21.150000  21.160000  21.150000  21.160000  21.160000       0
2022-12-23 13:54:00-05:00  21.150000  21.150000  21.129999  21.150000  21.150000       0
2022-12-23 13:56:00-05:00  21.150000  21.170000  21.150000  21.170000  21.170000       0
2022-12-23 13:58:00-05:00  21.170000  21.200001  21.170000  21.180000  21.180000       0
2022-12-23 14:00:00-05:00  21.190001  21.200001  21.160000  21.200001  21.200001       0
2022-12-23 14:02:00-05:00  21.200001  21.219999  21.170000  21.219999  21.219999       0
2022-12-23 14:04:00-05:00  21.230000  21.290001  21.230000  21.270000  21.270000       0
2022-12-23 14:06:00-05:00  21.260000  21.270000  21.240000  21.240000  21.240000       0
2022-12-23 14:08:00-05:00  21.219999  21.260000  21.219999  21.260000  21.260000       0
2022-12-23 14:10:00-05:00  21.270000  21.280001  21.209999  21.209999  21.209999       0
2022-12-23 14:12:00-05:00  21.209999  21.209999  21.180000  21.200001  21.200001       0
2022-12-23 14:14:00-05:00  21.200001  21.200001  21.170000  21.170000  21.170000       0
2022-12-23 14:16:00-05:00  21.170000  21.170000  21.090000  21.100000  21.100000       0
2022-12-23 14:18:00-05:00  21.100000  21.110001  21.080000  21.080000  21.080000       0
2022-12-23 14:20:00-05:00  21.080000  21.120001  21.070000  21.120001  21.120001       0
2022-12-23 14:22:00-05:00  21.120001  21.150000  21.120001  21.150000  21.150000       0
2022-12-23 14:24:00-05:00  21.139999  21.139999  21.120001  21.120001  21.120001       0
2022-12-23 14:26:00-05:00  21.100000  21.100000  21.070000  21.070000  21.070000       0
2022-12-23 14:28:00-05:00  21.059999  21.110001  21.059999  21.100000  21.100000       0
2022-12-23 14:30:00-05:00  21.110001  21.110001  21.030001  21.040001  21.040001       0
2022-12-23 14:32:00-05:00  21.030001  21.030001  21.020000  21.020000  21.020000       0
2022-12-23 14:34:00-05:00  21.030001  21.030001  21.000000  21.000000  21.000000       0
2022-12-23 14:36:00-05:00  21.000000  21.010000  20.990000  20.990000  20.990000       0
2022-12-23 14:38:00-05:00  20.990000  20.990000  20.959999  20.959999  20.959999       0
2022-12-23 14:40:00-05:00  20.959999  21.010000  20.959999  21.010000  21.010000       0
2022-12-23 14:42:00-05:00  20.990000  21.020000  20.990000  21.020000  21.020000       0
2022-12-23 14:44:00-05:00  21.020000  21.020000  21.010000  21.010000  21.010000       0
2022-12-23 14:46:00-05:00  21.010000  21.010000  20.990000  20.990000  20.990000       0
2022-12-23 14:48:00-05:00  20.950001  20.959999  20.940001  20.959999  20.959999       0
2022-12-23 14:50:00-05:00  20.959999  20.969999  20.910000  20.920000  20.920000       0
2022-12-23 14:52:00-05:00  20.900000  20.920000  20.889999  20.889999  20.889999       0
2022-12-23 14:54:00-05:00  20.889999  20.889999  20.840000  20.840000  20.840000       0
2022-12-23 14:56:00-05:00  20.850000  20.850000  20.809999  20.830000  20.830000       0
2022-12-23 14:58:00-05:00  20.840000  20.840000  20.820000  20.820000  20.820000       0
2022-12-23 15:00:00-05:00  20.830000  20.840000  20.780001  20.780001  20.780001       0
2022-12-23 15:02:00-05:00  20.790001  20.870001  20.790001  20.860001  20.860001       0
2022-12-23 15:04:00-05:00  20.840000  20.900000  20.840000  20.900000  20.900000       0
2022-12-23 15:06:00-05:00  20.889999  20.920000  20.889999  20.910000  20.910000       0
2022-12-23 15:08:00-05:00  20.920000  20.920000  20.910000  20.920000  20.920000       0
2022-12-23 15:10:00-05:00  20.920000  20.920000  20.860001  20.860001  20.860001       0
2022-12-23 15:12:00-05:00  20.860001  20.879999  20.820000  20.870001  20.870001       0
2022-12-23 15:14:00-05:00  20.870001  20.889999  20.840000  20.840000  20.840000       0
2022-12-23 15:16:00-05:00  20.820000  20.820000  20.809999  20.809999  20.809999       0
2022-12-23 15:18:00-05:00  20.830000  20.830000  20.809999  20.820000  20.820000       0
2022-12-23 15:20:00-05:00  20.830000  20.889999  20.820000  20.889999  20.889999       0
2022-12-23 15:22:00-05:00  20.889999  20.889999  20.879999  20.889999  20.889999       0
2022-12-23 15:24:00-05:00  20.889999  20.889999  20.860001  20.870001  20.870001       0
2022-12-23 15:26:00-05:00  20.870001  20.930000  20.870001  20.910000  20.910000       0
2022-12-23 15:28:00-05:00  20.920000  20.920000  20.889999  20.900000  20.900000       0
2022-12-23 15:30:00-05:00  20.900000  20.900000  20.889999  20.889999  20.889999       0
2022-12-23 15:32:00-05:00  20.889999  20.950001  20.889999  20.940001  20.940001       0
2022-12-23 15:34:00-05:00  20.940001  20.990000  20.940001  20.990000  20.990000       0
2022-12-23 15:36:00-05:00  20.980000  21.030001  20.969999  21.030001  21.030001       0
2022-12-23 15:38:00-05:00  21.030001  21.070000  21.030001  21.049999  21.049999       0
2022-12-23 15:40:00-05:00  21.030001  21.030001  20.950001  20.959999  20.959999       0
2022-12-23 15:42:00-05:00  20.980000  20.990000  20.969999  20.980000  20.980000       0
2022-12-23 15:44:00-05:00  20.969999  20.969999  20.889999  20.889999  20.889999       0
2022-12-23 15:46:00-05:00  20.889999  20.889999  20.850000  20.879999  20.879999       0
2022-12-23 15:48:00-05:00  20.860001  20.870001  20.840000  20.840000  20.840000       0
2022-12-23 15:50:00-05:00  20.850000  20.930000  20.850000  20.889999  20.889999       0
2022-12-23 15:52:00-05:00  20.879999  20.879999  20.830000  20.840000  20.840000       0
2022-12-23 15:54:00-05:00  20.840000  20.860001  20.809999  20.860001  20.860001       0
2022-12-23 15:56:00-05:00  20.850000  20.900000  20.850000  20.870001  20.870001       0
2022-12-23 15:58:00-05:00  20.870001  20.969999  20.870001  20.969999  20.969999       0
2022-12-27 09:30:00-05:00  22.299999  22.430000  22.299999  22.420000  22.420000       0
2022-12-27 09:32:00-05:00  22.370001  22.420000  22.370001  22.389999  22.389999       0
2022-12-27 09:34:00-05:00  22.400000  22.510000  22.400000  22.510000  22.510000       0
2022-12-27 09:36:00-05:00  22.520000  22.660000  22.520000  22.629999  22.629999       0
2022-12-27 09:38:00-05:00  22.639999  22.650000  22.559999  22.559999  22.559999       0
2022-12-27 09:40:00-05:00  22.570000  22.620001  22.559999  22.570000  22.570000       0
2022-12-27 09:42:00-05:00  22.580000  22.629999  22.580000  22.629999  22.629999       0
2022-12-27 09:44:00-05:00  22.610001  22.799999  22.400000  22.799999  22.799999       0
2022-12-27 09:46:00-05:00  22.799999  22.799999  22.690001  22.690001  22.690001       0
2022-12-27 09:48:00-05:00  22.680000  22.770000  22.680000  22.709999  22.709999       0
2022-12-27 09:50:00-05:00  22.660000  22.690001  22.639999  22.690001  22.690001       0
2022-12-27 09:52:00-05:00  22.680000  22.680000  22.580000  22.590000  22.590000       0
2022-12-27 09:54:00-05:00  22.600000  22.600000  22.570000  22.590000  22.590000       0
2022-12-27 09:56:00-05:00  22.610001  22.610001  22.570000  22.600000  22.600000       0
2022-12-27 09:58:00-05:00  22.600000  22.650000  22.600000  22.650000  22.650000       0
2022-12-27 10:00:00-05:00  22.650000  22.700001  22.650000  22.700001  22.700001       0
2022-12-27 10:02:00-05:00  22.690001  22.780001  22.680000  22.750000  22.750000       0
2022-12-27 10:04:00-05:00  22.750000  22.750000  22.629999  22.650000  22.650000       0
2022-12-27 10:06:00-05:00  22.639999  22.670000  22.639999  22.670000  22.670000       0
2022-12-27 10:08:00-05:00  22.670000  22.670000  22.580000  22.639999  22.639999       0
2022-12-27 10:10:00-05:00  22.629999  22.660000  22.629999  22.639999  22.639999       0
2022-12-27 10:12:00-05:00  22.629999  22.639999  22.600000  22.600000  22.600000       0
2022-12-27 10:14:00-05:00  22.600000  22.600000  22.480000  22.480000  22.480000       0
2022-12-27 10:16:00-05:00  22.500000  22.510000  22.440001  22.440001  22.440001       0
2022-12-27 10:18:00-05:00  22.430000  22.430000  22.250000  22.250000  22.250000       0
2022-12-27 10:20:00-05:00  22.240000  22.250000  22.129999  22.129999  22.129999       0
2022-12-27 10:22:00-05:00  22.120001  22.129999  22.080000  22.110001  22.110001       0
2022-12-27 10:24:00-05:00  22.100000  22.139999  22.080000  22.110001  22.110001       0
2022-12-27 10:26:00-05:00  22.110001  22.170000  22.110001  22.170000  22.170000       0
2022-12-27 10:28:00-05:00  22.180000  22.190001  22.139999  22.139999  22.139999       0
2022-12-27 10:30:00-05:00  22.150000  22.209999  22.129999  22.209999  22.209999       0
2022-12-27 10:32:00-05:00  22.250000  22.280001  22.230000  22.230000  22.230000       0
2022-12-27 10:34:00-05:00  22.230000  22.230000  22.180000  22.200001  22.200001       0
2022-12-27 10:36:00-05:00  22.230000  22.230000  22.190001  22.209999  22.209999       0
2022-12-27 10:38:00-05:00  22.190001  22.190001  22.160000  22.160000  22.160000       0
2022-12-27 10:40:00-05:00  22.150000  22.180000  22.150000  22.170000  22.170000       0
2022-12-27 10:42:00-05:00  22.150000  22.160000  22.120001  22.160000  22.160000       0
2022-12-27 10:44:00-05:00  22.160000  22.160000  22.129999  22.129999  22.129999       0
2022-12-27 10:46:00-05:00  22.129999  22.129999  22.090000  22.120001  22.120001       0
2022-12-27 10:48:00-05:00  22.120001  22.129999  22.100000  22.129999  22.129999       0
2022-12-27 10:50:00-05:00  22.129999  22.209999  22.129999  22.209999  22.209999       0
2022-12-27 10:52:00-05:00  22.209999  22.209999  22.160000  22.160000  22.160000       0
2022-12-27 10:54:00-05:00  22.160000  22.270000  22.160000  22.270000  22.270000       0
2022-12-27 10:56:00-05:00  22.280001  22.280001  22.260000  22.280001  22.280001       0
2022-12-27 10:58:00-05:00  22.330000  22.340000  22.330000  22.340000  22.340000       0
2022-12-27 11:00:00-05:00  22.320000  22.320000  22.280001  22.320000  22.320000       0
2022-12-27 11:02:00-05:00  22.309999  22.309999  22.270000  22.309999  22.309999       0
2022-12-27 11:04:00-05:00  22.280001  22.320000  22.280001  22.320000  22.320000       0
2022-12-27 11:06:00-05:00  22.320000  22.350000  22.309999  22.350000  22.350000       0
2022-12-27 11:08:00-05:00  22.350000  22.350000  22.260000  22.270000  22.270000       0
2022-12-27 11:10:00-05:00  22.260000  22.280001  22.260000  22.270000  22.270000       0
2022-12-27 11:12:00-05:00  22.280001  22.280001  22.260000  22.280001  22.280001       0
2022-12-27 11:14:00-05:00  22.280001  22.290001  22.250000  22.250000  22.250000       0
2022-12-27 11:16:00-05:00  22.260000  22.330000  22.260000  22.320000  22.320000       0
2022-12-27 11:18:00-05:00  22.340000  22.340000  22.330000  22.330000  22.330000       0
2022-12-27 11:20:00-05:00  22.340000  22.370001  22.320000  22.370001  22.370001       0
2022-12-27 11:22:00-05:00  22.370001  22.379999  22.330000  22.330000  22.330000       0
2022-12-27 11:24:00-05:00  22.330000  22.330000  22.260000  22.299999  22.299999       0
2022-12-27 11:26:00-05:00  22.290001  22.309999  22.290001  22.299999  22.299999       0
2022-12-27 11:28:00-05:00  22.309999  22.309999  22.270000  22.270000  22.270000       0
2022-12-27 11:30:00-05:00  22.260000  22.260000  22.190001  22.219999  22.219999       0
2022-12-27 11:32:00-05:00  22.219999  22.219999  22.170000  22.190001  22.190001       0
2022-12-27 11:34:00-05:00  22.190001  22.240000  22.190001  22.209999  22.209999       0
2022-12-27 11:36:00-05:00  22.219999  22.240000  22.180000  22.180000  22.180000       0
2022-12-27 11:38:00-05:00  22.170000  22.170000  22.129999  22.129999  22.129999       0
2022-12-27 11:40:00-05:00  22.110001  22.110001  22.080000  22.090000  22.090000       0
2022-12-27 11:42:00-05:00  22.090000  22.090000  22.000000  22.000000  22.000000       0
2022-12-27 11:44:00-05:00  22.010000  22.010000  21.950001  21.950001  21.950001       0
2022-12-27 11:46:00-05:00  21.940001  21.940001  21.910000  21.920000  21.920000       0
2022-12-27 11:48:00-05:00  21.920000  21.920000  21.910000  21.920000  21.920000       0
2022-12-27 11:50:00-05:00  21.910000  21.930000  21.900000  21.910000  21.910000       0
2022-12-27 11:52:00-05:00  21.920000  21.920000  21.850000  21.850000  21.850000       0
2022-12-27 11:54:00-05:00  21.850000  21.850000  21.820000  21.820000  21.820000       0
2022-12-27 11:56:00-05:00  21.799999  21.799999  21.780001  21.780001  21.780001       0
2022-12-27 11:58:00-05:00  21.790001  21.799999  21.780001  21.790001  21.790001       0
2022-12-27 12:00:00-05:00  21.780001  21.780001  21.770000  21.780001  21.780001       0
2022-12-27 12:02:00-05:00  21.760000  21.760000  21.750000  21.750000  21.750000       0
2022-12-27 12:04:00-05:00  21.740000  21.750000  21.730000  21.740000  21.740000       0
2022-12-27 12:06:00-05:00  21.750000  21.760000  21.750000  21.750000  21.750000       0
2022-12-27 12:08:00-05:00  21.750000  21.780001  21.750000  21.780001  21.780001       0
2022-12-27 12:10:00-05:00  21.770000  21.770000  21.700001  21.700001  21.700001       0
2022-12-27 12:12:00-05:00  21.700001  21.709999  21.670000  21.670000  21.670000       0
2022-12-27 12:14:00-05:00  21.680000  21.719999  21.680000  21.719999  21.719999       0
2022-12-27 12:16:00-05:00  21.719999  21.750000  21.719999  21.750000  21.750000       0
2022-12-27 12:18:00-05:00  21.750000  21.760000  21.740000  21.740000  21.740000       0
2022-12-27 12:20:00-05:00  21.730000  21.780001  21.730000  21.780001  21.780001       0
2022-12-27 12:22:00-05:00  21.770000  21.809999  21.770000  21.790001  21.790001       0
2022-12-27 12:24:00-05:00  21.790001  21.799999  21.780001  21.780001  21.780001       0
2022-12-27 12:26:00-05:00  21.799999  21.809999  21.799999  21.809999  21.809999       0
2022-12-27 12:28:00-05:00  21.809999  21.809999  21.780001  21.780001  21.780001       0
2022-12-27 12:30:00-05:00  21.790001  21.790001  21.770000  21.770000  21.770000       0
2022-12-27 12:32:00-05:00  21.780001  21.790001  21.770000  21.770000  21.770000       0
2022-12-27 12:34:00-05:00  21.770000  21.770000  21.750000  21.750000  21.750000       0
2022-12-27 12:36:00-05:00  21.750000  21.760000  21.740000  21.760000  21.760000       0
2022-12-27 12:38:00-05:00  21.760000  21.760000  21.730000  21.730000  21.730000       0
2022-12-27 12:40:00-05:00  21.730000  21.760000  21.730000  21.760000  21.760000       0
2022-12-27 12:42:00-05:00  21.780001  21.809999  21.760000  21.809999  21.809999       0
2022-12-27 12:44:00-05:00  21.820000  21.850000  21.820000  21.850000  21.850000       0
2022-12-27 12:46:00-05:00  21.860001  21.860001  21.830000  21.840000  21.840000       0
2022-12-27 12:48:00-05:00  21.840000  21.860001  21.840000  21.850000  21.850000       0
2022-12-27 12:50:00-05:00  21.850000  21.860001  21.840000  21.840000  21.840000       0
2022-12-27 12:52:00-05:00  21.830000  21.830000  21.799999  21.809999  21.809999       0
2022-12-27 12:54:00-05:00  21.809999  21.820000  21.799999  21.820000  21.820000       0
2022-12-27 12:56:00-05:00  21.820000  21.820000  21.799999  21.809999  21.809999       0
2022-12-27 12:58:00-05:00  21.820000  21.820000  21.790001  21.790001  21.790001       0
2022-12-27 13:00:00-05:00  21.780001  21.790001  21.740000  21.740000  21.740000       0
2022-12-27 13:02:00-05:00  21.740000  21.740000  21.709999  21.719999  21.719999       0
2022-12-27 13:04:00-05:00  21.730000  21.730000  21.719999  21.730000  21.730000       0
2022-12-27 13:06:00-05:00  21.730000  21.730000  21.700001  21.719999  21.719999       0
2022-12-27 13:08:00-05:00  21.719999  21.719999  21.680000  21.680000  21.680000       0
2022-12-27 13:10:00-05:00  21.670000  21.680000  21.660000  21.670000  21.670000       0
2022-12-27 13:12:00-05:00  21.670000  21.680000  21.650000  21.650000  21.650000       0
2022-12-27 13:14:00-05:00  21.660000  21.660000  21.660000  21.660000  21.660000       0
2022-12-27 13:16:00-05:00  21.660000  21.670000  21.610001  21.620001  21.620001       0
2022-12-27 13:18:00-05:00  21.620001  21.620001  21.610001  21.620001  21.620001       0
2022-12-27 13:20:00-05:00  21.610001  21.620001  21.600000  21.600000  21.600000       0
2022-12-27 13:22:00-05:00  21.610001  21.620001  21.610001  21.620001  21.620001       0
2022-12-27 13:24:00-05:00  21.629999  21.629999  21.600000  21.600000  21.600000       0
2022-12-27 13:26:00-05:00  21.600000  21.620001  21.590000  21.610001  21.610001       0
2022-12-27 13:28:00-05:00  21.620001  21.620001  21.610001  21.610001  21.610001       0
2022-12-27 13:30:00-05:00  21.610001  21.650000  21.610001  21.650000  21.650000       0
2022-12-27 13:32:00-05:00  21.650000  21.660000  21.650000  21.650000  21.650000       0
2022-12-27 13:34:00-05:00  21.639999  21.650000  21.639999  21.639999  21.639999       0
2022-12-27 13:36:00-05:00  21.639999  21.650000  21.629999  21.650000  21.650000       0
2022-12-27 13:38:00-05:00  21.660000  21.680000  21.660000  21.670000  21.670000       0
2022-12-27 13:40:00-05:00  21.670000  21.680000  21.660000  21.660000  21.660000       0
2022-12-27 13:42:00-05:00  21.660000  21.660000  21.650000  21.650000  21.650000       0
2022-12-27 13:44:00-05:00  21.650000  21.700001  21.650000  21.690001  21.690001       0
2022-12-27 13:46:00-05:00  21.709999  21.709999  21.690001  21.690001  21.690001       0
2022-12-27 13:48:00-05:00  21.680000  21.680000  21.670000  21.670000  21.670000       0
2022-12-27 13:50:00-05:00  21.670000  21.700001  21.670000  21.700001  21.700001       0
2022-12-27 13:52:00-05:00  21.709999  21.730000  21.709999  21.719999  21.719999       0
2022-12-27 13:54:00-05:00  21.719999  21.780001  21.719999  21.780001  21.780001       0
2022-12-27 13:56:00-05:00  21.830000  21.950001  21.830000  21.950001  21.950001       0
2022-12-27 13:58:00-05:00  21.940001  21.940001  21.900000  21.920000  21.920000       0
2022-12-27 14:00:00-05:00  21.910000  21.920000  21.850000  21.860001  21.860001       0
2022-12-27 14:02:00-05:00  21.840000  21.850000  21.840000  21.840000  21.840000       0
2022-12-27 14:04:00-05:00  21.840000  21.840000  21.799999  21.809999  21.809999       0
2022-12-27 14:06:00-05:00  21.820000  21.830000  21.820000  21.830000  21.830000       0
2022-12-27 14:08:00-05:00  21.830000  21.850000  21.830000  21.840000  21.840000       0
2022-12-27 14:10:00-05:00  21.840000  21.840000  21.820000  21.840000  21.840000       0
2022-12-27 14:12:00-05:00  21.850000  21.860001  21.840000  21.850000  21.850000       0
2022-12-27 14:14:00-05:00  21.870001  21.879999  21.850000  21.879999  21.879999       0
2022-12-27 14:16:00-05:00  21.879999  21.969999  21.879999  21.950001  21.950001       0
2022-12-27 14:18:00-05:00  21.959999  21.969999  21.950001  21.959999  21.959999       0
2022-12-27 14:20:00-05:00  21.959999  22.000000  21.959999  21.980000  21.980000       0
2022-12-27 14:22:00-05:00  21.980000  21.980000  21.940001  21.940001  21.940001       0
2022-12-27 14:24:00-05:00  21.940001  21.940001  21.920000  21.920000  21.920000       0
2022-12-27 14:26:00-05:00  21.920000  22.000000  21.920000  22.000000  22.000000       0
2022-12-27 14:28:00-05:00  22.000000  22.010000  21.980000  21.990000  21.990000       0
2022-12-27 14:30:00-05:00  21.990000  22.010000  21.969999  22.010000  22.010000       0
2022-12-27 14:32:00-05:00  22.020000  22.030001  22.000000  22.000000  22.000000       0
2022-12-27 14:34:00-05:00  22.000000  22.010000  21.980000  22.000000  22.000000       0
2022-12-27 14:36:00-05:00  22.000000  22.010000  21.980000  22.000000  22.000000       0
2022-12-27 14:38:00-05:00  22.000000  22.030001  22.000000  22.030001  22.030001       0
2022-12-27 14:40:00-05:00  22.030001  22.059999  22.030001  22.059999  22.059999       0
2022-12-27 14:42:00-05:00  22.040001  22.040001  22.020000  22.020000  22.020000       0
2022-12-27 14:44:00-05:00  22.030001  22.030001  21.969999  21.969999  21.969999       0
2022-12-27 14:46:00-05:00  21.980000  21.980000  21.889999  21.900000  21.900000       0
2022-12-27 14:48:00-05:00  21.889999  21.889999  21.870001  21.870001  21.870001       0
2022-12-27 14:50:00-05:00  21.860001  21.860001  21.840000  21.840000  21.840000       0
2022-12-27 14:52:00-05:00  21.830000  21.850000  21.830000  21.850000  21.850000       0
2022-12-27 14:54:00-05:00  21.850000  21.860001  21.840000  21.850000  21.850000       0
2022-12-27 14:56:00-05:00  21.850000  21.870001  21.850000  21.870001  21.870001       0
2022-12-27 14:58:00-05:00  21.870001  21.870001  21.830000  21.830000  21.830000       0
2022-12-27 15:00:00-05:00  21.820000  21.820000  21.780001  21.790001  21.790001       0
2022-12-27 15:02:00-05:00  21.799999  21.830000  21.790001  21.830000  21.830000       0
2022-12-27 15:04:00-05:00  21.820000  21.830000  21.790001  21.790001  21.790001       0
2022-12-27 15:06:00-05:00  21.780001  21.780001  21.750000  21.750000  21.750000       0
2022-12-27 15:08:00-05:00  21.750000  21.750000  21.700001  21.700001  21.700001       0
2022-12-27 15:10:00-05:00  21.690001  21.709999  21.690001  21.700001  21.700001       0
2022-12-27 15:12:00-05:00  21.690001  21.700001  21.670000  21.690001  21.690001       0
2022-12-27 15:14:00-05:00  21.700001  21.700001  21.660000  21.660000  21.660000       0
2022-12-27 15:16:00-05:00  21.709999  21.709999  21.680000  21.690001  21.690001       0
2022-12-27 15:18:00-05:00  21.680000  21.709999  21.680000  21.709999  21.709999       0
2022-12-27 15:20:00-05:00  21.700001  21.719999  21.690001  21.719999  21.719999       0
2022-12-27 15:22:00-05:00  21.730000  21.740000  21.700001  21.700001  21.700001       0
2022-12-27 15:24:00-05:00  21.700001  21.740000  21.700001  21.740000  21.740000       0
2022-12-27 15:26:00-05:00  21.730000  21.740000  21.719999  21.740000  21.740000       0
2022-12-27 15:28:00-05:00  21.730000  21.740000  21.719999  21.730000  21.730000       0
2022-12-27 15:30:00-05:00  21.740000  21.740000  21.719999  21.730000  21.730000       0
2022-12-27 15:32:00-05:00  21.709999  21.719999  21.690001  21.709999  21.709999       0
2022-12-27 15:34:00-05:00  21.719999  21.730000  21.719999  21.730000  21.730000       0
2022-12-27 15:36:00-05:00  21.709999  21.719999  21.690001  21.709999  21.709999       0
2022-12-27 15:38:00-05:00  21.709999  21.719999  21.690001  21.690001  21.690001       0
2022-12-27 15:40:00-05:00  21.690001  21.740000  21.690001  21.740000  21.740000       0
2022-12-27 15:42:00-05:00  21.750000  21.750000  21.730000  21.730000  21.730000       0
2022-12-27 15:44:00-05:00  21.719999  21.740000  21.709999  21.730000  21.730000       0
2022-12-27 15:46:00-05:00  21.719999  21.740000  21.719999  21.740000  21.740000       0
2022-12-27 15:48:00-05:00  21.719999  21.730000  21.700001  21.700001  21.700001       0
2022-12-27 15:50:00-05:00  21.690001  21.770000  21.690001  21.719999  21.719999       0
2022-12-27 15:52:00-05:00  21.700001  21.709999  21.700001  21.700001  21.700001       0
2022-12-27 15:54:00-05:00  21.680000  21.680000  21.650000  21.680000  21.680000       0
2022-12-27 15:56:00-05:00  21.670000  21.790001  21.670000  21.790001  21.790001       0
2022-12-27 15:58:00-05:00  21.780001  21.830000  21.780001  21.830000  21.830000       0
2022-12-28 09:30:00-05:00  21.860001  21.860001  21.860001  21.860001  21.860001       0
2022-12-28 09:32:00-05:00  21.809999  21.809999  21.629999  21.629999  21.629999       0
2022-12-28 09:34:00-05:00  21.639999  21.639999  21.549999  21.549999  21.549999       0
2022-12-28 09:36:00-05:00  21.530001  21.559999  21.520000  21.520000  21.520000       0
2022-12-28 09:38:00-05:00  21.510000  21.520000  21.469999  21.490000  21.490000       0
2022-12-28 09:40:00-05:00  21.469999  21.469999  21.320000  21.320000  21.320000       0
2022-12-28 09:42:00-05:00  21.320000  21.320000  21.270000  21.280001  21.280001       0
2022-12-28 09:44:00-05:00  21.290001  21.309999  21.290001  21.290001  21.290001       0
2022-12-28 09:46:00-05:00  21.280001  21.309999  21.250000  21.250000  21.250000       0
2022-12-28 09:48:00-05:00  21.260000  21.260000  21.230000  21.240000  21.240000       0
2022-12-28 09:50:00-05:00  21.230000  21.370001  21.230000  21.309999  21.309999       0
2022-12-28 09:52:00-05:00  21.309999  21.400000  21.309999  21.400000  21.400000       0
2022-12-28 09:54:00-05:00  21.420000  21.420000  21.330000  21.330000  21.330000       0
2022-12-28 09:56:00-05:00  21.309999  21.309999  21.280001  21.280001  21.280001       0
2022-12-28 09:58:00-05:00  21.309999  21.330000  21.280001  21.309999  21.309999       0
2022-12-28 10:00:00-05:00  21.299999  21.299999  21.150000  21.150000  21.150000       0
2022-12-28 10:02:00-05:00  21.110001  21.230000  21.110001  21.180000  21.180000       0
2022-12-28 10:04:00-05:00  21.200001  21.209999  21.190001  21.190001  21.190001       0
2022-12-28 10:06:00-05:00  21.200001  21.200001  21.160000  21.190001  21.190001       0
2022-12-28 10:08:00-05:00  21.219999  21.230000  21.180000  21.230000  21.230000       0
2022-12-28 10:10:00-05:00  21.219999  21.250000  21.200001  21.250000  21.250000       0
2022-12-28 10:12:00-05:00  21.250000  21.250000  21.190001  21.219999  21.219999       0
2022-12-28 10:14:00-05:00  21.230000  21.230000  21.139999  21.139999  21.139999       0
2022-12-28 10:16:00-05:00  21.090000  21.090000  21.049999  21.080000  21.080000       0
2022-12-28 10:18:00-05:00  21.080000  21.090000  21.020000  21.020000  21.020000       0
2022-12-28 10:20:00-05:00  21.000000  21.010000  20.990000  21.000000  21.000000       0
2022-12-28 10:22:00-05:00  20.990000  20.990000  20.959999  20.980000  20.980000       0
2022-12-28 10:24:00-05:00  20.980000  21.170000  20.980000  21.170000  21.170000       0
2022-12-28 10:26:00-05:00  21.180000  21.280001  21.160000  21.170000  21.170000       0
2022-12-28 10:28:00-05:00  21.170000  21.280001  21.160000  21.260000  21.260000       0
2022-12-28 10:30:00-05:00  21.240000  21.270000  21.180000  21.180000  21.180000       0
2022-12-28 10:32:00-05:00  21.180000  21.180000  21.150000  21.170000  21.170000       0
2022-12-28 10:34:00-05:00  21.180000  21.200001  21.160000  21.160000  21.160000       0
2022-12-28 10:36:00-05:00  21.160000  21.299999  21.160000  21.280001  21.280001       0
2022-12-28 10:38:00-05:00  21.299999  21.340000  21.299999  21.320000  21.320000       0
2022-12-28 10:40:00-05:00  21.309999  21.309999  21.260000  21.270000  21.270000       0
2022-12-28 10:42:00-05:00  21.260000  21.290001  21.260000  21.290001  21.290001       0
2022-12-28 10:44:00-05:00  21.320000  21.350000  21.320000  21.330000  21.330000       0
2022-12-28 10:46:00-05:00  21.330000  21.370001  21.320000  21.320000  21.320000       0
2022-12-28 10:48:00-05:00  21.330000  21.330000  21.280001  21.299999  21.299999       0
2022-12-28 10:50:00-05:00  21.290001  21.379999  21.290001  21.350000  21.350000       0
2022-12-28 10:52:00-05:00  21.360001  21.379999  21.340000  21.340000  21.340000       0
2022-12-28 10:54:00-05:00  21.350000  21.400000  21.350000  21.400000  21.400000       0
2022-12-28 10:56:00-05:00  21.410000  21.480000  21.410000  21.480000  21.480000       0
2022-12-28 10:58:00-05:00  21.469999  21.600000  21.469999  21.600000  21.600000       0
2022-12-28 11:00:00-05:00  21.580000  21.580000  21.580000  21.580000  21.580000       0
2022-12-28 11:02:00-05:00  21.590000  21.719999  21.590000  21.719999  21.719999       0
2022-12-28 11:04:00-05:00  21.700001  21.700001  21.580000  21.610001  21.610001       0
2022-12-28 11:06:00-05:00  21.620001  21.690001  21.620001  21.690001  21.690001       0
2022-12-28 11:08:00-05:00  21.709999  21.820000  21.709999  21.790001  21.790001       0
2022-12-28 11:10:00-05:00  21.790001  21.809999  21.730000  21.730000  21.730000       0
2022-12-28 11:12:00-05:00  21.730000  21.730000  21.680000  21.700001  21.700001       0
2022-12-28 11:14:00-05:00  21.709999  21.830000  21.709999  21.830000  21.830000       0
2022-12-28 11:16:00-05:00  21.860001  21.879999  21.799999  21.809999  21.809999       0
2022-12-28 11:18:00-05:00  21.809999  21.809999  21.719999  21.719999  21.719999       0
2022-12-28 11:20:00-05:00  21.680000  21.680000  21.620001  21.620001  21.620001       0
2022-12-28 11:22:00-05:00  21.639999  21.680000  21.629999  21.660000  21.660000       0
2022-12-28 11:24:00-05:00  21.650000  21.650000  21.629999  21.650000  21.650000       0
2022-12-28 11:26:00-05:00  21.639999  21.639999  21.620001  21.639999  21.639999       0
2022-12-28 11:28:00-05:00  21.660000  21.700001  21.650000  21.700001  21.700001       0
2022-12-28 11:30:00-05:00  21.690001  21.690001  21.680000  21.680000  21.680000       0
2022-12-28 11:32:00-05:00  21.680000  21.740000  21.660000  21.740000  21.740000       0
2022-12-28 11:34:00-05:00  21.760000  21.760000  21.719999  21.750000  21.750000       0
2022-12-28 11:36:00-05:00  21.750000  21.790001  21.750000  21.780001  21.780001       0
2022-12-28 11:38:00-05:00  21.780001  21.809999  21.760000  21.809999  21.809999       0
2022-12-28 11:40:00-05:00  21.799999  21.799999  21.700001  21.709999  21.709999       0
2022-12-28 11:42:00-05:00  21.730000  21.730000  21.709999  21.709999  21.709999       0
2022-12-28 11:44:00-05:00  21.730000  21.730000  21.690001  21.719999  21.719999       0
2022-12-28 11:46:00-05:00  21.719999  21.730000  21.709999  21.730000  21.730000       0
2022-12-28 11:48:00-05:00  21.709999  21.820000  21.709999  21.820000  21.820000       0
2022-12-28 11:50:00-05:00  21.830000  21.860001  21.830000  21.860001  21.860001       0
2022-12-28 11:52:00-05:00  21.870001  21.870001  21.799999  21.830000  21.830000       0
2022-12-28 11:54:00-05:00  21.830000  21.860001  21.820000  21.860001  21.860001       0
2022-12-28 11:56:00-05:00  21.870001  21.870001  21.850000  21.860001  21.860001       0
2022-12-28 11:58:00-05:00  21.870001  21.900000  21.870001  21.889999  21.889999       0
2022-12-28 12:00:00-05:00  21.910000  21.950001  21.900000  21.950001  21.950001       0
2022-12-28 12:02:00-05:00  21.940001  22.080000  21.940001  22.070000  22.070000       0
2022-12-28 12:04:00-05:00  22.070000  22.139999  22.070000  22.139999  22.139999       0
2022-12-28 12:06:00-05:00  22.129999  22.129999  22.120001  22.120001  22.120001       0
2022-12-28 12:08:00-05:00  22.120001  22.120001  22.030001  22.030001  22.030001       0
2022-12-28 12:10:00-05:00  22.030001  22.040001  22.000000  22.040001  22.040001       0
2022-12-28 12:12:00-05:00  22.040001  22.120001  22.040001  22.110001  22.110001       0
2022-12-28 12:14:00-05:00  22.120001  22.150000  22.120001  22.150000  22.150000       0
2022-12-28 12:16:00-05:00  22.160000  22.180000  22.150000  22.160000  22.160000       0
2022-12-28 12:18:00-05:00  22.170000  22.170000  22.070000  22.080000  22.080000       0
2022-12-28 12:20:00-05:00  22.090000  22.100000  22.080000  22.100000  22.100000       0
2022-12-28 12:22:00-05:00  22.100000  22.150000  22.100000  22.150000  22.150000       0
2022-12-28 12:24:00-05:00  22.150000  22.150000  22.129999  22.129999  22.129999       0
2022-12-28 12:26:00-05:00  22.120001  22.120001  22.049999  22.049999  22.049999       0
2022-12-28 12:28:00-05:00  22.030001  22.040001  22.020000  22.020000  22.020000       0
2022-12-28 12:30:00-05:00  22.000000  22.000000  21.900000  21.910000  21.910000       0
2022-12-28 12:32:00-05:00  21.910000  21.930000  21.910000  21.910000  21.910000       0
2022-12-28 12:34:00-05:00  21.879999  21.879999  21.799999  21.809999  21.809999       0
2022-12-28 12:36:00-05:00  21.799999  21.799999  21.719999  21.730000  21.730000       0
2022-12-28 12:38:00-05:00  21.730000  21.760000  21.730000  21.760000  21.760000       0
2022-12-28 12:40:00-05:00  21.750000  21.830000  21.750000  21.830000  21.830000       0
2022-12-28 12:42:00-05:00  21.820000  21.820000  21.780001  21.780001  21.780001       0
2022-12-28 12:44:00-05:00  21.770000  21.790001  21.740000  21.740000  21.740000       0
2022-12-28 12:46:00-05:00  21.730000  21.730000  21.620001  21.620001  21.620001       0
2022-12-28 12:48:00-05:00  21.610001  21.620001  21.590000  21.590000  21.590000       0
2022-12-28 12:50:00-05:00  21.570000  21.590000  21.570000  21.570000  21.570000       0
2022-12-28 12:52:00-05:00  21.580000  21.580000  21.559999  21.559999  21.559999       0
2022-12-28 12:54:00-05:00  21.549999  21.559999  21.510000  21.510000  21.510000       0
2022-12-28 12:56:00-05:00  21.490000  21.510000  21.490000  21.500000  21.500000       0
2022-12-28 12:58:00-05:00  21.500000  21.500000  21.400000  21.400000  21.400000       0
2022-12-28 13:00:00-05:00  21.410000  21.410000  21.309999  21.309999  21.309999       0
2022-12-28 13:02:00-05:00  21.309999  21.309999  21.230000  21.230000  21.230000       0
2022-12-28 13:04:00-05:00  21.230000  21.260000  21.180000  21.260000  21.260000       0
2022-12-28 13:06:00-05:00  21.270000  21.270000  21.250000  21.270000  21.270000       0
2022-12-28 13:08:00-05:00  21.260000  21.280001  21.250000  21.260000  21.260000       0
2022-12-28 13:10:00-05:00  21.270000  21.270000  21.200001  21.209999  21.209999       0
2022-12-28 13:12:00-05:00  21.219999  21.260000  21.200001  21.260000  21.260000       0
2022-12-28 13:14:00-05:00  21.270000  21.299999  21.270000  21.299999  21.299999       0
2022-12-28 13:16:00-05:00  21.280001  21.340000  21.280001  21.340000  21.340000       0
2022-12-28 13:18:00-05:00  21.340000  21.340000  21.290001  21.309999  21.309999       0
2022-12-28 13:20:00-05:00  21.299999  21.379999  21.299999  21.379999  21.379999       0
2022-12-28 13:22:00-05:00  21.389999  21.400000  21.389999  21.400000  21.400000       0
2022-12-28 13:24:00-05:00  21.420000  21.420000  21.410000  21.420000  21.420000       0
2022-12-28 13:26:00-05:00  21.420000  21.430000  21.379999  21.410000  21.410000       0
2022-12-28 13:28:00-05:00  21.400000  21.410000  21.389999  21.400000  21.400000       0
2022-12-28 13:30:00-05:00  21.400000  21.469999  21.400000  21.469999  21.469999       0
2022-12-28 13:32:00-05:00  21.490000  21.490000  21.459999  21.459999  21.459999       0
2022-12-28 13:34:00-05:00  21.469999  21.500000  21.469999  21.490000  21.490000       0
2022-12-28 13:36:00-05:00  21.480000  21.540001  21.480000  21.540001  21.540001       0
2022-12-28 13:38:00-05:00  21.540001  21.559999  21.530001  21.559999  21.559999       0
2022-12-28 13:40:00-05:00  21.559999  21.559999  21.469999  21.469999  21.469999       0
2022-12-28 13:42:00-05:00  21.480000  21.490000  21.459999  21.480000  21.480000       0
2022-12-28 13:44:00-05:00  21.480000  21.490000  21.469999  21.469999  21.469999       0
2022-12-28 13:46:00-05:00  21.469999  21.500000  21.450001  21.500000  21.500000       0
2022-12-28 13:48:00-05:00  21.510000  21.510000  21.450001  21.459999  21.459999       0
2022-12-28 13:50:00-05:00  21.459999  21.500000  21.459999  21.500000  21.500000       0
2022-12-28 13:52:00-05:00  21.510000  21.540001  21.500000  21.500000  21.500000       0
2022-12-28 13:54:00-05:00  21.490000  21.490000  21.440001  21.480000  21.480000       0
2022-12-28 13:56:00-05:00  21.459999  21.510000  21.459999  21.510000  21.510000       0
2022-12-28 13:58:00-05:00  21.520000  21.530001  21.490000  21.490000  21.490000       0
2022-12-28 14:00:00-05:00  21.500000  21.500000  21.469999  21.490000  21.490000       0
2022-12-28 14:02:00-05:00  21.490000  21.500000  21.480000  21.480000  21.480000       0
2022-12-28 14:04:00-05:00  21.469999  21.469999  21.459999  21.469999  21.469999       0
2022-12-28 14:06:00-05:00  21.480000  21.480000  21.450001  21.450001  21.450001       0
2022-12-28 14:08:00-05:00  21.440001  21.570000  21.440001  21.559999  21.559999       0
2022-12-28 14:10:00-05:00  21.570000  21.580000  21.549999  21.580000  21.580000       0
2022-12-28 14:12:00-05:00  21.580000  21.600000  21.559999  21.570000  21.570000       0
2022-12-28 14:14:00-05:00  21.559999  21.580000  21.520000  21.580000  21.580000       0
2022-12-28 14:16:00-05:00  21.600000  21.600000  21.570000  21.570000  21.570000       0
2022-12-28 14:18:00-05:00  21.570000  21.570000  21.540001  21.540001  21.540001       0
2022-12-28 14:20:00-05:00  21.540001  21.559999  21.540001  21.559999  21.559999       0
2022-12-28 14:22:00-05:00  21.559999  21.580000  21.559999  21.570000  21.570000       0
2022-12-28 14:24:00-05:00  21.580000  21.590000  21.570000  21.590000  21.590000       0
2022-12-28 14:26:00-05:00  21.590000  21.590000  21.570000  21.570000  21.570000       0
2022-12-28 14:28:00-05:00  21.549999  21.570000  21.549999  21.559999  21.559999       0
2022-12-28 14:30:00-05:00  21.580000  21.580000  21.540001  21.540001  21.540001       0
2022-12-28 14:32:00-05:00  21.520000  21.549999  21.500000  21.549999  21.549999       0
2022-12-28 14:34:00-05:00  21.549999  21.620001  21.549999  21.620001  21.620001       0
2022-12-28 14:36:00-05:00  21.610001  21.610001  21.590000  21.590000  21.590000       0
2022-12-28 14:38:00-05:00  21.590000  21.600000  21.580000  21.580000  21.580000       0
2022-12-28 14:40:00-05:00  21.590000  21.590000  21.559999  21.559999  21.559999       0
2022-12-28 14:42:00-05:00  21.570000  21.570000  21.530001  21.540001  21.540001       0
2022-12-28 14:44:00-05:00  21.500000  21.500000  21.420000  21.430000  21.430000       0
2022-12-28 14:46:00-05:00  21.430000  21.440001  21.420000  21.420000  21.420000       0
2022-12-28 14:48:00-05:00  21.420000  21.450001  21.420000  21.440001  21.440001       0
2022-12-28 14:50:00-05:00  21.459999  21.500000  21.450001  21.500000  21.500000       0
2022-12-28 14:52:00-05:00  21.520000  21.540001  21.510000  21.540001  21.540001       0
2022-12-28 14:54:00-05:00  21.540001  21.559999  21.530001  21.559999  21.559999       0
2022-12-28 14:56:00-05:00  21.570000  21.590000  21.549999  21.559999  21.559999       0
2022-12-28 14:58:00-05:00  21.549999  21.629999  21.549999  21.629999  21.629999       0
2022-12-28 15:00:00-05:00  21.620001  21.670000  21.620001  21.670000  21.670000       0
2022-12-28 15:02:00-05:00  21.690001  21.840000  21.690001  21.840000  21.840000       0
2022-12-28 15:04:00-05:00  21.830000  21.850000  21.820000  21.840000  21.840000       0
2022-12-28 15:06:00-05:00  21.860001  21.870001  21.809999  21.809999  21.809999       0
2022-12-28 15:08:00-05:00  21.790001  21.860001  21.790001  21.860001  21.860001       0
2022-12-28 15:10:00-05:00  21.860001  21.930000  21.860001  21.930000  21.930000       0
2022-12-28 15:12:00-05:00  21.940001  22.049999  21.940001  22.049999  22.049999       0
2022-12-28 15:14:00-05:00  22.080000  22.139999  22.080000  22.110001  22.110001       0
2022-12-28 15:16:00-05:00  22.100000  22.100000  21.969999  21.969999  21.969999       0
2022-12-28 15:18:00-05:00  21.969999  22.040001  21.950001  22.030001  22.030001       0
2022-12-28 15:20:00-05:00  22.040001  22.090000  22.030001  22.090000  22.090000       0
2022-12-28 15:22:00-05:00  22.090000  22.129999  22.090000  22.129999  22.129999       0
2022-12-28 15:24:00-05:00  22.129999  22.160000  22.129999  22.150000  22.150000       0
2022-12-28 15:26:00-05:00  22.139999  22.139999  22.040001  22.049999  22.049999       0
2022-12-28 15:28:00-05:00  22.049999  22.070000  22.049999  22.070000  22.070000       0
2022-12-28 15:30:00-05:00  22.080000  22.080000  22.049999  22.059999  22.059999       0
2022-12-28 15:32:00-05:00  22.059999  22.090000  22.049999  22.080000  22.080000       0
2022-12-28 15:34:00-05:00  22.080000  22.080000  22.059999  22.059999  22.059999       0
2022-12-28 15:36:00-05:00  22.059999  22.150000  22.059999  22.150000  22.150000       0
2022-12-28 15:38:00-05:00  22.160000  22.190001  22.139999  22.150000  22.150000       0
2022-12-28 15:40:00-05:00  22.150000  22.160000  22.139999  22.139999  22.139999       0
2022-12-28 15:42:00-05:00  22.139999  22.209999  22.110001  22.209999  22.209999       0
2022-12-28 15:44:00-05:00  22.209999  22.260000  22.200001  22.260000  22.260000       0
2022-12-28 15:46:00-05:00  22.250000  22.250000  22.209999  22.219999  22.219999       0
2022-12-28 15:48:00-05:00  22.219999  22.219999  22.139999  22.150000  22.150000       0
2022-12-28 15:50:00-05:00  22.139999  22.150000  22.100000  22.129999  22.129999       0
2022-12-28 15:52:00-05:00  22.139999  22.150000  22.110001  22.150000  22.150000       0
2022-12-28 15:54:00-05:00  22.160000  22.160000  22.110001  22.110001  22.110001       0
2022-12-28 15:56:00-05:00  22.120001  22.120001  22.100000  22.110001  22.110001       0
2022-12-28 15:58:00-05:00  22.150000  22.180000  22.150000  22.180000  22.180000       0
2022-12-29 09:30:00-05:00  21.930000  21.959999  21.930000  21.930000  21.930000       0
2022-12-29 09:32:00-05:00  21.959999  22.010000  21.959999  22.000000  22.000000       0
2022-12-29 09:34:00-05:00  21.959999  21.959999  21.840000  21.910000  21.910000       0
2022-12-29 09:36:00-05:00  21.879999  21.879999  21.840000  21.840000  21.840000       0
2022-12-29 09:38:00-05:00  21.850000  21.850000  21.770000  21.770000  21.770000       0
2022-12-29 09:40:00-05:00  21.790001  21.790001  21.660000  21.660000  21.660000       0
2022-12-29 09:42:00-05:00  21.660000  21.670000  21.629999  21.629999  21.629999       0
2022-12-29 09:44:00-05:00  21.590000  21.660000  21.590000  21.660000  21.660000       0
2022-12-29 09:46:00-05:00  21.690001  21.700001  21.670000  21.680000  21.680000       0
2022-12-29 09:48:00-05:00  21.670000  21.719999  21.670000  21.700001  21.700001       0
2022-12-29 09:50:00-05:00  21.709999  21.760000  21.680000  21.760000  21.760000       0
2022-12-29 09:52:00-05:00  21.760000  21.770000  21.740000  21.760000  21.760000       0
2022-12-29 09:54:00-05:00  21.760000  21.760000  21.700001  21.719999  21.719999       0
2022-12-29 09:56:00-05:00  21.730000  21.750000  21.709999  21.719999  21.719999       0
2022-12-29 09:58:00-05:00  21.719999  21.750000  21.700001  21.750000  21.750000       0
2022-12-29 10:00:00-05:00  21.730000  21.740000  21.690001  21.740000  21.740000       0
2022-12-29 10:02:00-05:00  21.719999  21.809999  21.719999  21.809999  21.809999       0
2022-12-29 10:04:00-05:00  21.809999  21.830000  21.809999  21.830000  21.830000       0
2022-12-29 10:06:00-05:00  21.790001  21.809999  21.750000  21.770000  21.770000       0
2022-12-29 10:08:00-05:00  21.770000  21.780001  21.750000  21.780001  21.780001       0
2022-12-29 10:10:00-05:00  21.799999  21.799999  21.760000  21.780001  21.780001       0
2022-12-29 10:12:00-05:00  21.770000  21.780001  21.760000  21.760000  21.760000       0
2022-12-29 10:14:00-05:00  21.760000  21.760000  21.709999  21.709999  21.709999       0
2022-12-29 10:16:00-05:00  21.709999  21.730000  21.709999  21.730000  21.730000       0
2022-12-29 10:18:00-05:00  21.730000  21.730000  21.700001  21.700001  21.700001       0
2022-12-29 10:20:00-05:00  21.680000  21.680000  21.629999  21.629999  21.629999       0
2022-12-29 10:22:00-05:00  21.639999  21.660000  21.629999  21.650000  21.650000       0
2022-12-29 10:24:00-05:00  21.660000  21.660000  21.580000  21.590000  21.590000       0
2022-12-29 10:26:00-05:00  21.600000  21.639999  21.590000  21.639999  21.639999       0
2022-12-29 10:28:00-05:00  21.620001  21.639999  21.610001  21.639999  21.639999       0
2022-12-29 10:30:00-05:00  21.639999  21.639999  21.590000  21.600000  21.600000       0
2022-12-29 10:32:00-05:00  21.600000  21.620001  21.600000  21.620001  21.620001       0
2022-12-29 10:34:00-05:00  21.620001  21.620001  21.590000  21.590000  21.590000       0
2022-12-29 10:36:00-05:00  21.590000  21.610001  21.590000  21.610001  21.610001       0
2022-12-29 10:38:00-05:00  21.610001  21.610001  21.590000  21.590000  21.590000       0
2022-12-29 10:40:00-05:00  21.590000  21.590000  21.580000  21.580000  21.580000       0
2022-12-29 10:42:00-05:00  21.580000  21.580000  21.549999  21.549999  21.549999       0
2022-12-29 10:44:00-05:00  21.549999  21.549999  21.520000  21.520000  21.520000       0
2022-12-29 10:46:00-05:00  21.520000  21.559999  21.520000  21.559999  21.559999       0
2022-12-29 10:48:00-05:00  21.559999  21.610001  21.559999  21.590000  21.590000       0
2022-12-29 10:50:00-05:00  21.600000  21.600000  21.559999  21.580000  21.580000       0
2022-12-29 10:52:00-05:00  21.580000  21.590000  21.580000  21.580000  21.580000       0
2022-12-29 10:54:00-05:00  21.590000  21.590000  21.570000  21.580000  21.580000       0
2022-12-29 10:56:00-05:00  21.580000  21.590000  21.580000  21.580000  21.580000       0
2022-12-29 10:58:00-05:00  21.559999  21.580000  21.559999  21.580000  21.580000       0
2022-12-29 11:00:00-05:00  21.549999  21.629999  21.549999  21.620001  21.620001       0
2022-12-29 11:02:00-05:00  21.620001  21.660000  21.620001  21.639999  21.639999       0
2022-12-29 11:04:00-05:00  21.629999  21.639999  21.629999  21.639999  21.639999       0
2022-12-29 11:06:00-05:00  21.639999  21.650000  21.620001  21.639999  21.639999       0
2022-12-29 11:08:00-05:00  21.639999  21.680000  21.639999  21.680000  21.680000       0
2022-12-29 11:10:00-05:00  21.670000  21.690001  21.670000  21.690001  21.690001       0
2022-12-29 11:12:00-05:00  21.700001  21.709999  21.690001  21.690001  21.690001       0
2022-12-29 11:14:00-05:00  21.690001  21.690001  21.680000  21.680000  21.680000       0
2022-12-29 11:16:00-05:00  21.680000  21.680000  21.650000  21.650000  21.650000       0
2022-12-29 11:18:00-05:00  21.650000  21.660000  21.639999  21.660000  21.660000       0
2022-12-29 11:20:00-05:00  21.660000  21.660000  21.629999  21.639999  21.639999       0
2022-12-29 11:22:00-05:00  21.639999  21.650000  21.639999  21.650000  21.650000       0
2022-12-29 11:24:00-05:00  21.650000  21.670000  21.650000  21.650000  21.650000       0
2022-12-29 11:26:00-05:00  21.639999  21.639999  21.600000  21.620001  21.620001       0
2022-12-29 11:28:00-05:00  21.610001  21.620001  21.610001  21.610001  21.610001       0
2022-12-29 11:30:00-05:00  21.620001  21.620001  21.600000  21.600000  21.600000       0
2022-12-29 11:32:00-05:00  21.570000  21.570000  21.549999  21.570000  21.570000       0
2022-12-29 11:34:00-05:00  21.570000  21.580000  21.570000  21.580000  21.580000       0
2022-12-29 11:36:00-05:00  21.580000  21.620001  21.580000  21.620001  21.620001       0
2022-12-29 11:38:00-05:00  21.620001  21.620001  21.590000  21.590000  21.590000       0
2022-12-29 11:40:00-05:00  21.590000  21.600000  21.580000  21.600000  21.600000       0
2022-12-29 11:42:00-05:00  21.590000  21.590000  21.570000  21.580000  21.580000       0
2022-12-29 11:44:00-05:00  21.580000  21.580000  21.570000  21.570000  21.570000       0
2022-12-29 11:46:00-05:00  21.549999  21.549999  21.510000  21.520000  21.520000       0
2022-12-29 11:48:00-05:00  21.520000  21.520000  21.480000  21.520000  21.520000       0
2022-12-29 11:50:00-05:00  21.520000  21.520000  21.510000  21.510000  21.510000       0
2022-12-29 11:52:00-05:00  21.510000  21.510000  21.490000  21.490000  21.490000       0
2022-12-29 11:54:00-05:00  21.500000  21.520000  21.490000  21.510000  21.510000       0
2022-12-29 11:56:00-05:00  21.510000  21.510000  21.490000  21.510000  21.510000       0
2022-12-29 11:58:00-05:00  21.510000  21.520000  21.500000  21.520000  21.520000       0
2022-12-29 12:00:00-05:00  21.520000  21.520000  21.480000  21.490000  21.490000       0
2022-12-29 12:02:00-05:00  21.490000  21.520000  21.490000  21.520000  21.520000       0
2022-12-29 12:04:00-05:00  21.510000  21.530001  21.510000  21.530001  21.530001       0
2022-12-29 12:06:00-05:00  21.530001  21.530001  21.500000  21.500000  21.500000       0
2022-12-29 12:08:00-05:00  21.500000  21.500000  21.490000  21.500000  21.500000       0
2022-12-29 12:10:00-05:00  21.490000  21.490000  21.480000  21.490000  21.490000       0
2022-12-29 12:12:00-05:00  21.490000  21.510000  21.490000  21.510000  21.510000       0
2022-12-29 12:14:00-05:00  21.520000  21.540001  21.520000  21.530001  21.530001       0
2022-12-29 12:16:00-05:00  21.530001  21.540001  21.510000  21.510000  21.510000       0
2022-12-29 12:18:00-05:00  21.510000  21.510000  21.500000  21.500000  21.500000       0
2022-12-29 12:20:00-05:00  21.510000  21.510000  21.510000  21.510000  21.510000       0
2022-12-29 12:22:00-05:00  21.510000  21.540001  21.510000  21.540001  21.540001       0
2022-12-29 12:24:00-05:00  21.549999  21.549999  21.540001  21.540001  21.540001       0
2022-12-29 12:26:00-05:00  21.549999  21.549999  21.530001  21.530001  21.530001       0
2022-12-29 12:28:00-05:00  21.530001  21.549999  21.530001  21.549999  21.549999       0
2022-12-29 12:30:00-05:00  21.549999  21.549999  21.549999  21.549999  21.549999       0
2022-12-29 12:32:00-05:00  21.549999  21.549999  21.540001  21.540001  21.540001       0
2022-12-29 12:34:00-05:00  21.540001  21.570000  21.540001  21.570000  21.570000       0
2022-12-29 12:36:00-05:00  21.580000  21.580000  21.559999  21.570000  21.570000       0
2022-12-29 12:38:00-05:00  21.580000  21.590000  21.580000  21.590000  21.590000       0
2022-12-29 12:40:00-05:00  21.590000  21.590000  21.570000  21.590000  21.590000       0
2022-12-29 12:42:00-05:00  21.600000  21.610001  21.600000  21.600000  21.600000       0
2022-12-29 12:44:00-05:00  21.590000  21.620001  21.590000  21.610001  21.610001       0
2022-12-29 12:46:00-05:00  21.629999  21.629999  21.600000  21.600000  21.600000       0
2022-12-29 12:48:00-05:00  21.610001  21.610001  21.590000  21.600000  21.600000       0
2022-12-29 12:50:00-05:00  21.600000  21.600000  21.570000  21.570000  21.570000       0
2022-12-29 12:52:00-05:00  21.570000  21.580000  21.559999  21.559999  21.559999       0
2022-12-29 12:54:00-05:00  21.559999  21.559999  21.510000  21.520000  21.520000       0
2022-12-29 12:56:00-05:00  21.510000  21.510000  21.500000  21.500000  21.500000       0
2022-12-29 12:58:00-05:00  21.500000  21.520000  21.500000  21.520000  21.520000       0
2022-12-29 13:00:00-05:00  21.520000  21.540001  21.510000  21.530001  21.530001       0
2022-12-29 13:02:00-05:00  21.530001  21.530001  21.500000  21.500000  21.500000       0
2022-12-29 13:04:00-05:00  21.500000  21.530001  21.500000  21.520000  21.520000       0
2022-12-29 13:06:00-05:00  21.540001  21.570000  21.540001  21.570000  21.570000       0
2022-12-29 13:08:00-05:00  21.570000  21.590000  21.570000  21.570000  21.570000       0
2022-12-29 13:10:00-05:00  21.559999  21.559999  21.540001  21.549999  21.549999       0
2022-12-29 13:12:00-05:00  21.549999  21.549999  21.520000  21.520000  21.520000       0
2022-12-29 13:14:00-05:00  21.520000  21.549999  21.520000  21.549999  21.549999       0
2022-12-29 13:16:00-05:00  21.549999  21.549999  21.520000  21.520000  21.520000       0
2022-12-29 13:18:00-05:00  21.510000  21.520000  21.500000  21.520000  21.520000       0
2022-12-29 13:20:00-05:00  21.510000  21.540001  21.510000  21.530001  21.530001       0
2022-12-29 13:22:00-05:00  21.540001  21.540001  21.510000  21.520000  21.520000       0
2022-12-29 13:24:00-05:00  21.520000  21.520000  21.510000  21.510000  21.510000       0
2022-12-29 13:26:00-05:00  21.510000  21.510000  21.500000  21.510000  21.510000       0
2022-12-29 13:28:00-05:00  21.510000  21.520000  21.510000  21.510000  21.510000       0
2022-12-29 13:30:00-05:00  21.510000  21.510000  21.480000  21.490000  21.490000       0
2022-12-29 13:32:00-05:00  21.480000  21.490000  21.469999  21.469999  21.469999       0
2022-12-29 13:34:00-05:00  21.469999  21.500000  21.469999  21.500000  21.500000       0
2022-12-29 13:36:00-05:00  21.500000  21.500000  21.459999  21.480000  21.480000       0
2022-12-29 13:38:00-05:00  21.480000  21.480000  21.459999  21.459999  21.459999       0
2022-12-29 13:40:00-05:00  21.459999  21.459999  21.430000  21.440001  21.440001       0
2022-12-29 13:42:00-05:00  21.450001  21.459999  21.450001  21.450001  21.450001       0
2022-12-29 13:44:00-05:00  21.459999  21.469999  21.459999  21.469999  21.469999       0
2022-12-29 13:46:00-05:00  21.480000  21.490000  21.469999  21.469999  21.469999       0
2022-12-29 13:48:00-05:00  21.480000  21.480000  21.450001  21.450001  21.450001       0
2022-12-29 13:50:00-05:00  21.459999  21.510000  21.459999  21.500000  21.500000       0
2022-12-29 13:52:00-05:00  21.500000  21.500000  21.469999  21.480000  21.480000       0
2022-12-29 13:54:00-05:00  21.480000  21.490000  21.469999  21.490000  21.490000       0
2022-12-29 13:56:00-05:00  21.490000  21.490000  21.480000  21.480000  21.480000       0
2022-12-29 13:58:00-05:00  21.480000  21.480000  21.450001  21.450001  21.450001       0
2022-12-29 14:00:00-05:00  21.459999  21.480000  21.430000  21.469999  21.469999       0
2022-12-29 14:02:00-05:00  21.469999  21.490000  21.459999  21.490000  21.490000       0
2022-12-29 14:04:00-05:00  21.480000  21.480000  21.469999  21.480000  21.480000       0
2022-12-29 14:06:00-05:00  21.480000  21.480000  21.469999  21.480000  21.480000       0
2022-12-29 14:08:00-05:00  21.469999  21.490000  21.469999  21.490000  21.490000       0
2022-12-29 14:10:00-05:00  21.480000  21.480000  21.480000  21.480000  21.480000       0
2022-12-29 14:12:00-05:00  21.490000  21.500000  21.490000  21.490000  21.490000       0
2022-12-29 14:14:00-05:00  21.480000  21.490000  21.469999  21.469999  21.469999       0
2022-12-29 14:16:00-05:00  21.459999  21.480000  21.459999  21.480000  21.480000       0
2022-12-29 14:18:00-05:00  21.480000  21.490000  21.469999  21.469999  21.469999       0
2022-12-29 14:20:00-05:00  21.480000  21.480000  21.469999  21.469999  21.469999       0
2022-12-29 14:22:00-05:00  21.469999  21.469999  21.440001  21.450001  21.450001       0
2022-12-29 14:24:00-05:00  21.450001  21.459999  21.450001  21.459999  21.459999       0
2022-12-29 14:26:00-05:00  21.450001  21.459999  21.450001  21.459999  21.459999       0
2022-12-29 14:28:00-05:00  21.450001  21.500000  21.450001  21.500000  21.500000       0
2022-12-29 14:30:00-05:00  21.500000  21.520000  21.480000  21.480000  21.480000       0
2022-12-29 14:32:00-05:00  21.480000  21.480000  21.459999  21.459999  21.459999       0
2022-12-29 14:34:00-05:00  21.459999  21.459999  21.450001  21.459999  21.459999       0
2022-12-29 14:36:00-05:00  21.459999  21.459999  21.440001  21.440001  21.440001       0
2022-12-29 14:38:00-05:00  21.450001  21.450001  21.440001  21.440001  21.440001       0
2022-12-29 14:40:00-05:00  21.440001  21.440001  21.410000  21.410000  21.410000       0
2022-12-29 14:42:00-05:00  21.410000  21.410000  21.370001  21.379999  21.379999       0
2022-12-29 14:44:00-05:00  21.379999  21.379999  21.360001  21.379999  21.379999       0
2022-12-29 14:46:00-05:00  21.379999  21.389999  21.379999  21.389999  21.389999       0
2022-12-29 14:48:00-05:00  21.400000  21.400000  21.389999  21.400000  21.400000       0
2022-12-29 14:50:00-05:00  21.400000  21.410000  21.400000  21.400000  21.400000       0
2022-12-29 14:52:00-05:00  21.400000  21.430000  21.400000  21.430000  21.430000       0
2022-12-29 14:54:00-05:00  21.430000  21.459999  21.430000  21.459999  21.459999       0
2022-12-29 14:56:00-05:00  21.459999  21.469999  21.459999  21.469999  21.469999       0
2022-12-29 14:58:00-05:00  21.469999  21.490000  21.459999  21.490000  21.490000       0
2022-12-29 15:00:00-05:00  21.490000  21.500000  21.490000  21.500000  21.500000       0
2022-12-29 15:02:00-05:00  21.490000  21.490000  21.459999  21.480000  21.480000       0
2022-12-29 15:04:00-05:00  21.480000  21.490000  21.469999  21.490000  21.490000       0
2022-12-29 15:06:00-05:00  21.490000  21.500000  21.490000  21.500000  21.500000       0
2022-12-29 15:08:00-05:00  21.490000  21.520000  21.490000  21.520000  21.520000       0
2022-12-29 15:10:00-05:00  21.510000  21.540001  21.510000  21.540001  21.540001       0
2022-12-29 15:12:00-05:00  21.540001  21.540001  21.510000  21.510000  21.510000       0
2022-12-29 15:14:00-05:00  21.510000  21.520000  21.500000  21.500000  21.500000       0
2022-12-29 15:16:00-05:00  21.500000  21.500000  21.480000  21.500000  21.500000       0
2022-12-29 15:18:00-05:00  21.500000  21.530001  21.500000  21.520000  21.520000       0
2022-12-29 15:20:00-05:00  21.520000  21.540001  21.500000  21.500000  21.500000       0
2022-12-29 15:22:00-05:00  21.500000  21.510000  21.500000  21.510000  21.510000       0
2022-12-29 15:24:00-05:00  21.500000  21.500000  21.490000  21.490000  21.490000       0
2022-12-29 15:26:00-05:00  21.490000  21.490000  21.469999  21.469999  21.469999       0
2022-12-29 15:28:00-05:00  21.480000  21.480000  21.459999  21.469999  21.469999       0
2022-12-29 15:30:00-05:00  21.469999  21.469999  21.430000  21.440001  21.440001       0
2022-12-29 15:32:00-05:00  21.440001  21.450001  21.440001  21.440001  21.440001       0
2022-12-29 15:34:00-05:00  21.450001  21.450001  21.430000  21.430000  21.430000       0
2022-12-29 15:36:00-05:00  21.430000  21.440001  21.420000  21.440001  21.440001       0
2022-12-29 15:38:00-05:00  21.440001  21.459999  21.430000  21.450001  21.450001       0
2022-12-29 15:40:00-05:00  21.450001  21.459999  21.450001  21.459999  21.459999       0
2022-12-29 15:42:00-05:00  21.450001  21.450001  21.410000  21.430000  21.430000       0
2022-12-29 15:44:00-05:00  21.440001  21.440001  21.370001  21.370001  21.370001       0
2022-12-29 15:46:00-05:00  21.379999  21.410000  21.379999  21.400000  21.400000       0
2022-12-29 15:48:00-05:00  21.389999  21.400000  21.389999  21.400000  21.400000       0
2022-12-29 15:50:00-05:00  21.389999  21.440001  21.389999  21.440001  21.440001       0
2022-12-29 15:52:00-05:00  21.430000  21.440001  21.420000  21.420000  21.420000       0
2022-12-29 15:54:00-05:00  21.430000  21.440001  21.400000  21.430000  21.430000       0
2022-12-29 15:56:00-05:00  21.440001  21.480000  21.440001  21.480000  21.480000       0
2022-12-29 15:58:00-05:00  21.480000  21.490000  21.469999  21.469999  21.469999       0
2022-12-30 09:30:00-05:00  22.190001  22.190001  22.160000  22.170000  22.170000       0
2022-12-30 09:32:00-05:00  22.209999  22.309999  22.059999  22.059999  22.059999       0
2022-12-30 09:34:00-05:00  22.020000  22.020000  21.900000  21.910000  21.910000       0
2022-12-30 09:36:00-05:00  21.950001  22.010000  21.940001  22.010000  22.010000       0
2022-12-30 09:38:00-05:00  22.000000  22.010000  21.950001  21.950001  21.950001       0
2022-12-30 09:40:00-05:00  21.959999  22.080000  21.959999  22.080000  22.080000       0
2022-12-30 09:42:00-05:00  22.090000  22.090000  21.990000  21.990000  21.990000       0
2022-12-30 09:44:00-05:00  22.020000  22.059999  21.980000  22.040001  22.040001       0
2022-12-30 09:46:00-05:00  22.100000  22.230000  22.100000  22.230000  22.230000       0
2022-12-30 09:48:00-05:00  22.250000  22.400000  22.250000  22.400000  22.400000       0
2022-12-30 09:50:00-05:00  22.379999  22.379999  22.270000  22.320000  22.320000       0
2022-12-30 09:52:00-05:00  22.290001  22.290001  22.150000  22.190001  22.190001       0
2022-12-30 09:54:00-05:00  22.190001  22.209999  22.150000  22.209999  22.209999       0
2022-12-30 09:56:00-05:00  22.219999  22.219999  22.160000  22.160000  22.160000       0
2022-12-30 09:58:00-05:00  22.150000  22.150000  22.030001  22.030001  22.030001       0
2022-12-30 10:00:00-05:00  22.010000  22.059999  22.010000  22.059999  22.059999       0
2022-12-30 10:02:00-05:00  22.049999  22.059999  22.020000  22.020000  22.020000       0
2022-12-30 10:04:00-05:00  22.030001  22.049999  22.020000  22.049999  22.049999       0
2022-12-30 10:06:00-05:00  22.059999  22.080000  22.049999  22.080000  22.080000       0
2022-12-30 10:08:00-05:00  22.100000  22.129999  22.100000  22.110001  22.110001       0
2022-12-30 10:10:00-05:00  22.129999  22.129999  22.070000  22.070000  22.070000       0
2022-12-30 10:12:00-05:00  22.070000  22.070000  22.030001  22.040001  22.040001       0
2022-12-30 10:14:00-05:00  22.030001  22.049999  22.000000  22.010000  22.010000       0
2022-12-30 10:16:00-05:00  22.020000  22.030001  21.910000  21.910000  21.910000       0
2022-12-30 10:18:00-05:00  21.879999  21.879999  21.799999  21.809999  21.809999       0
2022-12-30 10:20:00-05:00  21.809999  21.809999  21.780001  21.799999  21.799999       0
2022-12-30 10:22:00-05:00  21.790001  21.830000  21.770000  21.830000  21.830000       0
2022-12-30 10:24:00-05:00  21.830000  21.830000  21.780001  21.799999  21.799999       0
2022-12-30 10:26:00-05:00  21.830000  21.830000  21.750000  21.760000  21.760000       0
2022-12-30 10:28:00-05:00  21.770000  21.799999  21.760000  21.760000  21.760000       0
2022-12-30 10:30:00-05:00  21.750000  21.790001  21.750000  21.780001  21.780001       0
2022-12-30 10:32:00-05:00  21.799999  21.840000  21.799999  21.820000  21.820000       0
2022-12-30 10:34:00-05:00  21.820000  21.830000  21.790001  21.820000  21.820000       0
2022-12-30 10:36:00-05:00  21.820000  21.820000  21.770000  21.770000  21.770000       0
2022-12-30 10:38:00-05:00  21.750000  21.760000  21.750000  21.760000  21.760000       0