                                Open       High        Low      Close  Adj Close  Volume
Datetime                                                                                
2022-11-14 10:54:00-05:00  23.059999  23.059999  23.040001  23.040001  23.040001       0
2022-11-14 10:56:00-05:00  23.049999  23.070000  23.049999  23.059999  23.059999       0
2022-11-14 10:58:00-05:00  23.059999  23.100000  23.049999  23.100000  23.100000       0
2022-11-14 11:00:00-05:00  23.100000  23.160000  23.080000  23.160000  23.160000       0
2022-11-14 11:02:00-05:00  23.160000  23.160000  23.110001  23.129999  23.129999       0
2022-11-14 11:04:00-05:00  23.150000  23.150000  23.080000  23.110001  23.110001       0
2022-11-14 11:06:00-05:00  23.139999  23.139999  23.120001  23.129999  23.129999       0
2022-11-14 11:08:00-05:00  23.129999  23.129999  23.110001  23.120001  23.120001       0
2022-11-14 11:10:00-05:00  23.110001  23.170000  23.110001  23.170000  23.170000       0
2022-11-14 11:12:00-05:00  23.180000  23.190001  23.160000  23.170000  23.170000       0
2022-11-14 11:14:00-05:00  23.160000  23.170000  23.139999  23.160000  23.160000       0
2022-11-14 11:16:00-05:00  23.150000  23.209999  23.150000  23.180000  23.180000       0
2022-11-14 11:18:00-05:00  23.190001  23.219999  23.180000  23.209999  23.209999       0
2022-11-14 11:20:00-05:00  23.190001  23.190001  23.139999  23.150000  23.150000       0
2022-11-14 11:22:00-05:00  23.160000  23.160000  23.100000  23.120001  23.120001       0
2022-11-14 11:24:00-05:00  23.120001  23.150000  23.120001  23.139999  23.139999       0
2022-11-14 11:26:00-05:00  23.129999  23.139999  23.110001  23.129999  23.129999       0
2022-11-14 11:28:00-05:00  23.129999  23.200001  23.129999  23.200001  23.200001       0
2022-11-14 11:30:00-05:00  23.200001  23.230000  23.150000  23.180000  23.180000       0
2022-11-14 11:32:00-05:00  23.170000  23.200001  23.150000  23.170000  23.170000       0
2022-11-14 11:34:00-05:00  23.150000  23.170000  23.110001  23.110001  23.110001       0
2022-11-14 11:36:00-05:00  23.100000  23.150000  23.080000  23.150000  23.150000       0
2022-11-14 11:38:00-05:00  23.170000  23.190001  23.160000  23.190001  23.190001       0
2022-11-14 11:40:00-05:00  23.180000  23.200001  23.160000  23.160000  23.160000       0
2022-11-14 11:42:00-05:00  23.160000  23.180000  23.150000  23.180000  23.180000       0
2022-11-14 11:44:00-05:00  23.180000  23.200001  23.160000  23.160000  23.160000       0
2022-11-14 11:46:00-05:00  23.190001  23.190001  23.150000  23.160000  23.160000       0
2022-11-14 11:48:00-05:00  23.170000  23.180000  23.150000  23.180000  23.180000       0
2022-11-14 11:50:00-05:00  23.180000  23.180000  23.150000  23.160000  23.160000       0
2022-11-14 11:52:00-05:00  23.160000  23.190001  23.160000  23.170000  23.170000       0
2022-11-14 11:54:00-05:00  23.170000  23.170000  23.139999  23.150000  23.150000       0
2022-11-14 11:56:00-05:00  23.139999  23.180000  23.139999  23.160000  23.160000       0
2022-11-14 11:58:00-05:00  23.150000  23.170000  23.150000  23.160000  23.160000       0
2022-11-14 12:00:00-05:00  23.150000  23.160000  23.120001  23.120001  23.120001       0
2022-11-14 12:02:00-05:00  23.120001  23.120001  23.070000  23.080000  23.080000       0
2022-11-14 12:04:00-05:00  23.080000  23.100000  23.080000  23.080000  23.080000       0
2022-11-14 12:06:00-05:00  23.090000  23.100000  23.080000  23.080000  23.080000       0
2022-11-14 12:08:00-05:00  23.100000  23.100000  23.080000  23.080000  23.080000       0
2022-11-14 12:10:00-05:00  23.080000  23.120001  23.080000  23.110001  23.110001       0
2022-11-14 12:12:00-05:00  23.110001  23.110001  23.090000  23.100000  23.100000       0
2022-11-14 12:14:00-05:00  23.110001  23.110001  23.070000  23.070000  23.070000       0
2022-11-14 12:16:00-05:00  23.090000  23.090000  23.059999  23.080000  23.080000       0
2022-11-14 12:18:00-05:00  23.080000  23.080000  23.040001  23.049999  23.049999       0
2022-11-14 12:20:00-05:00  23.049999  23.120001  23.049999  23.120001  23.120001       0
2022-11-14 12:22:00-05:00  23.120001  23.129999  23.059999  23.059999  23.059999       0
2022-11-14 12:24:00-05:00  23.059999  23.070000  23.040001  23.049999  23.049999       0
2022-11-14 12:26:00-05:00  23.049999  23.059999  23.030001  23.040001  23.040001       0
2022-11-14 12:28:00-05:00  23.040001  23.040001  23.020000  23.020000  23.020000       0
2022-11-14 12:30:00-05:00  23.030001  23.040001  23.010000  23.010000  23.010000       0
2022-11-14 12:32:00-05:00  23.020000  23.030001  22.990000  23.030001  23.030001       0
2022-11-14 12:34:00-05:00  23.010000  23.010000  22.969999  22.969999  22.969999       0
2022-11-14 12:36:00-05:00  22.980000  22.980000  22.940001  22.950001  22.950001       0
2022-11-14 12:38:00-05:00  22.940001  22.940001  22.910000  22.910000  22.910000       0
2022-11-14 12:40:00-05:00  22.910000  22.930000  22.900000  22.920000  22.920000       0
2022-11-14 12:42:00-05:00  22.889999  22.920000  22.889999  22.920000  22.920000       0
2022-11-14 12:44:00-05:00  22.900000  22.920000  22.879999  22.889999  22.889999       0
2022-11-14 12:46:00-05:00  22.889999  22.920000  22.870001  22.870001  22.870001       0
2022-11-14 12:48:00-05:00  22.879999  22.900000  22.870001  22.889999  22.889999       0
2022-11-14 12:50:00-05:00  22.860001  22.900000  22.860001  22.889999  22.889999       0
2022-11-14 12:52:00-05:00  22.889999  22.910000  22.889999  22.900000  22.900000       0
2022-11-14 12:54:00-05:00  22.900000  22.930000  22.900000  22.930000  22.930000       0
2022-11-14 12:56:00-05:00  22.950001  22.959999  22.930000  22.930000  22.930000       0
2022-11-14 12:58:00-05:00  22.930000  22.969999  22.930000  22.959999  22.959999       0
2022-11-14 13:00:00-05:00  22.969999  23.090000  22.969999  23.090000  23.090000       0
2022-11-14 13:02:00-05:00  23.080000  23.100000  23.080000  23.100000  23.100000       0
2022-11-14 13:04:00-05:00  23.090000  23.100000  23.090000  23.100000  23.100000       0
2022-11-14 13:06:00-05:00  23.110001  23.110001  23.070000  23.070000  23.070000       0
2022-11-14 13:08:00-05:00  23.070000  23.090000  23.059999  23.059999  23.059999       0
2022-11-14 13:10:00-05:00  23.030001  23.030001  22.950001  22.950001  22.950001       0
2022-11-14 13:12:00-05:00  22.969999  22.969999  22.930000  22.950001  22.950001       0
2022-11-14 13:14:00-05:00  22.950001  22.950001  22.920000  22.940001  22.940001       0
2022-11-14 13:16:00-05:00  22.930000  22.940001  22.920000  22.930000  22.930000       0
2022-11-14 13:18:00-05:00  22.940001  22.959999  22.930000  22.959999  22.959999       0
2022-11-14 13:20:00-05:00  22.950001  22.990000  22.950001  22.990000  22.990000       0
2022-11-14 13:22:00-05:00  23.000000  23.010000  23.000000  23.000000  23.000000       0
2022-11-14 13:24:00-05:00  23.010000  23.010000  22.980000  22.980000  22.980000       0
2022-11-14 13:26:00-05:00  22.980000  23.020000  22.969999  23.010000  23.010000       0
2022-11-14 13:28:00-05:00  23.030001  23.059999  23.030001  23.059999  23.059999       0
2022-11-14 13:30:00-05:00  23.070000  23.070000  23.010000  23.010000  23.010000       0
2022-11-14 13:32:00-05:00  23.020000  23.020000  23.010000  23.010000  23.010000       0
2022-11-14 13:34:00-05:00  23.020000  23.049999  23.020000  23.030001  23.030001       0
2022-11-14 13:36:00-05:00  23.020000  23.030001  23.010000  23.010000  23.010000       0
2022-11-14 13:38:00-05:00  23.010000  23.040001  23.010000  23.020000  23.020000       0
2022-11-14 13:40:00-05:00  23.010000  23.049999  23.010000  23.040001  23.040001       0
2022-11-14 13:42:00-05:00  23.040001  23.040001  23.020000  23.030001  23.030001       0
2022-11-14 13:44:00-05:00  23.040001  23.040001  23.010000  23.020000  23.020000       0
2022-11-14 13:46:00-05:00  23.010000  23.020000  23.000000  23.020000  23.020000       0
2022-11-14 13:48:00-05:00  23.030001  23.030001  23.020000  23.020000  23.020000       0
2022-11-14 13:50:00-05:00  23.020000  23.020000  23.000000  23.000000  23.000000       0
2022-11-14 13:52:00-05:00  22.980000  23.000000  22.980000  23.000000  23.000000       0
2022-11-14 13:54:00-05:00  23.000000  23.010000  22.990000  23.010000  23.010000       0
2022-11-14 13:56:00-05:00  23.000000  23.010000  23.000000  23.010000  23.010000       0
2022-11-14 13:58:00-05:00  23.010000  23.010000  22.990000  22.990000  22.990000       0
2022-11-14 14:00:00-05:00  22.980000  22.990000  22.969999  22.990000  22.990000       0
2022-11-14 14:02:00-05:00  23.000000  23.010000  22.969999  23.010000  23.010000       0
2022-11-14 14:04:00-05:00  23.030001  23.059999  23.030001  23.059999  23.059999       0
2022-11-14 14:06:00-05:00  23.059999  23.059999  23.020000  23.030001  23.030001       0
2022-11-14 14:08:00-05:00  23.020000  23.049999  23.000000  23.049999  23.049999       0
2022-11-14 14:10:00-05:00  23.049999  23.049999  23.030001  23.040001  23.040001       0
2022-11-14 14:12:00-05:00  23.049999  23.049999  23.040001  23.049999  23.049999       0
2022-11-14 14:14:00-05:00  23.040001  23.040001  23.000000  23.010000  23.010000       0
2022-11-14 14:16:00-05:00  23.020000  23.049999  23.020000  23.030001  23.030001       0
2022-11-14 14:18:00-05:00  23.020000  23.040001  23.020000  23.040001  23.040001       0
2022-11-14 14:20:00-05:00  23.040001  23.070000  23.040001  23.049999  23.049999       0
2022-11-14 14:22:00-05:00  23.040001  23.059999  23.040001  23.049999  23.049999       0
2022-11-14 14:24:00-05:00  23.059999  23.059999  23.049999  23.059999  23.059999       0
2022-11-14 14:26:00-05:00  23.040001  23.040001  23.030001  23.030001  23.030001       0
2022-11-14 14:28:00-05:00  23.059999  23.070000  23.040001  23.059999  23.059999       0
2022-11-14 14:30:00-05:00  23.059999  23.080000  23.049999  23.080000  23.080000       0
2022-11-14 14:32:00-05:00  23.070000  23.080000  23.059999  23.080000  23.080000       0
2022-11-14 14:34:00-05:00  23.080000  23.100000  23.080000  23.100000  23.100000       0
2022-11-14 14:36:00-05:00  23.100000  23.139999  23.100000  23.139999  23.139999       0
2022-11-14 14:38:00-05:00  23.139999  23.150000  23.010000  23.070000  23.070000       0
2022-11-14 14:40:00-05:00  23.080000  23.209999  23.080000  23.180000  23.180000       0
2022-11-14 14:42:00-05:00  23.190001  23.260000  23.190001  23.260000  23.260000       0
2022-11-14 14:44:00-05:00  23.240000  23.250000  23.219999  23.240000  23.240000       0
2022-11-14 14:46:00-05:00  23.250000  23.309999  23.250000  23.309999  23.309999       0
2022-11-14 14:48:00-05:00  23.309999  23.350000  23.299999  23.350000  23.350000       0
2022-11-14 14:50:00-05:00  23.350000  23.350000  23.280001  23.280001  23.280001       0
2022-11-14 14:52:00-05:00  23.280001  23.299999  23.280001  23.290001  23.290001       0
2022-11-14 14:54:00-05:00  23.299999  23.299999  23.270000  23.280001  23.280001       0
2022-11-14 14:56:00-05:00  23.280001  23.290001  23.250000  23.290001  23.290001       0
2022-11-14 14:58:00-05:00  23.290001  23.309999  23.290001  23.309999  23.309999       0
2022-11-14 15:00:00-05:00  23.309999  23.309999  23.240000  23.240000  23.240000       0
2022-11-14 15:02:00-05:00  23.219999  23.230000  23.200001  23.230000  23.230000       0
2022-11-14 15:04:00-05:00  23.240000  23.240000  23.219999  23.219999  23.219999       0
2022-11-14 15:06:00-05:00  23.219999  23.230000  23.200001  23.230000  23.230000       0
2022-11-14 15:08:00-05:00  23.230000  23.270000  23.230000  23.270000  23.270000       0
2022-11-14 15:10:00-05:00  23.290001  23.389999  23.290001  23.389999  23.389999       0
2022-11-14 15:12:00-05:00  23.379999  23.440001  23.360001  23.440001  23.440001       0
2022-11-14 15:14:00-05:00  23.469999  23.469999  23.450001  23.469999  23.469999       0
2022-11-14 15:16:00-05:00  23.469999  23.469999  23.420000  23.420000  23.420000       0
2022-11-14 15:18:00-05:00  23.459999  23.469999  23.389999  23.389999  23.389999       0
2022-11-14 15:20:00-05:00  23.389999  23.400000  23.389999  23.389999  23.389999       0
2022-11-14 15:22:00-05:00  23.400000  23.400000  23.370001  23.379999  23.379999       0
2022-11-14 15:24:00-05:00  23.400000  23.400000  23.340000  23.340000  23.340000       0
2022-11-14 15:26:00-05:00  23.350000  23.350000  23.299999  23.309999  23.309999       0
2022-11-14 15:28:00-05:00  23.299999  23.320000  23.299999  23.320000  23.320000       0
2022-11-14 15:30:00-05:00  23.340000  23.410000  23.340000  23.400000  23.400000       0
2022-11-14 15:32:00-05:00  23.420000  23.469999  23.370001  23.469999  23.469999       0
2022-11-14 15:34:00-05:00  23.450001  23.469999  23.440001  23.459999  23.459999       0
2022-11-14 15:36:00-05:00  23.440001  23.440001  23.360001  23.389999  23.389999       0
2022-11-14 15:38:00-05:00  23.400000  23.440001  23.400000  23.410000  23.410000       0
2022-11-14 15:40:00-05:00  23.420000  23.440001  23.410000  23.430000  23.430000       0
2022-11-14 15:42:00-05:00  23.469999  23.540001  23.459999  23.540001  23.540001       0
2022-11-14 15:44:00-05:00  23.540001  23.570000  23.540001  23.549999  23.549999       0
2022-11-14 15:46:00-05:00  23.549999  23.620001  23.549999  23.620001  23.620001       0
2022-11-14 15:48:00-05:00  23.629999  23.670000  23.610001  23.670000  23.670000       0
2022-11-14 15:50:00-05:00  23.690001  23.690001  23.670000  23.670000  23.670000       0
2022-11-14 15:52:00-05:00  23.639999  23.639999  23.600000  23.620001  23.620001       0
2022-11-14 15:54:00-05:00  23.629999  23.760000  23.629999  23.760000  23.760000       0
2022-11-14 15:56:00-05:00  23.719999  23.790001  23.719999  23.770000  23.770000       0
2022-11-14 15:58:00-05:00  23.790001  23.910000  23.790001  23.910000  23.910000       0
2022-11-15 09:30:00-05:00  23.430000  23.430000  23.420000  23.430000  23.430000       0
2022-11-15 09:32:00-05:00  23.510000  23.660000  23.480000  23.620001  23.620001       0
2022-11-15 09:34:00-05:00  23.610001  23.700001  23.580000  23.700001  23.700001       0
2022-11-15 09:36:00-05:00  23.700001  23.740000  23.670000  23.670000  23.670000       0
2022-11-15 09:38:00-05:00  23.670000  23.700001  23.660000  23.690001  23.690001       0
2022-11-15 09:40:00-05:00  23.690001  23.730000  23.690001  23.719999  23.719999       0
2022-11-15 09:42:00-05:00  23.740000  23.750000  23.730000  23.750000  23.750000       0
2022-11-15 09:44:00-05:00  23.750000  23.809999  23.750000  23.760000  23.760000       0
2022-11-15 09:46:00-05:00  23.760000  23.809999  23.760000  23.770000  23.770000       0
2022-11-15 09:48:00-05:00  23.750000  23.750000  23.709999  23.709999  23.709999       0
2022-11-15 09:50:00-05:00  23.670000  23.670000  23.580000  23.580000  23.580000       0
2022-11-15 09:52:00-05:00  23.590000  23.639999  23.580000  23.639999  23.639999       0
2022-11-15 09:54:00-05:00  23.620001  23.670000  23.600000  23.600000  23.600000       0
2022-11-15 09:56:00-05:00  23.610001  23.610001  23.559999  23.559999  23.559999       0
2022-11-15 09:58:00-05:00  23.549999  23.580000  23.549999  23.570000  23.570000       0
2022-11-15 10:00:00-05:00  23.559999  23.559999  23.500000  23.500000  23.500000       0
2022-11-15 10:02:00-05:00  23.500000  23.510000  23.480000  23.510000  23.510000       0
2022-11-15 10:04:00-05:00  23.530001  23.540001  23.520000  23.520000  23.520000       0
2022-11-15 10:06:00-05:00  23.520000  23.549999  23.500000  23.549999  23.549999       0
2022-11-15 10:08:00-05:00  23.540001  23.559999  23.510000  23.559999  23.559999       0
2022-11-15 10:10:00-05:00  23.559999  23.600000  23.510000  23.510000  23.510000       0
2022-11-15 10:12:00-05:00  23.520000  23.570000  23.520000  23.570000  23.570000       0
2022-11-15 10:14:00-05:00  23.570000  23.610001  23.559999  23.610001  23.610001       0
2022-11-15 10:16:00-05:00  23.600000  23.620001  23.590000  23.620001  23.620001       0
2022-11-15 10:18:00-05:00  23.639999  23.740000  23.639999  23.740000  23.740000       0
2022-11-15 10:20:00-05:00  23.770000  23.820000  23.740000  23.770000  23.770000       0
2022-11-15 10:22:00-05:00  23.760000  23.770000  23.680000  23.680000  23.680000       0
2022-11-15 10:24:00-05:00  23.670000  23.700001  23.639999  23.650000  23.650000       0
2022-11-15 10:26:00-05:00  23.629999  23.639999  23.610001  23.610001  23.610001       0
2022-11-15 10:28:00-05:00  23.590000  23.590000  23.559999  23.590000  23.590000       0
2022-11-15 10:30:00-05:00  23.580000  23.639999  23.580000  23.629999  23.629999       0
2022-11-15 10:32:00-05:00  23.639999  23.650000  23.580000  23.580000  23.580000       0
2022-11-15 10:34:00-05:00  23.570000  23.570000  23.510000  23.540001  23.540001       0
2022-11-15 10:36:00-05:00  23.530001  23.590000  23.530001  23.580000  23.580000       0
2022-11-15 10:38:00-05:00  23.590000  23.620001  23.590000  23.610001  23.610001       0
2022-11-15 10:40:00-05:00  23.600000  23.639999  23.600000  23.610001  23.610001       0
2022-11-15 10:42:00-05:00  23.580000  23.600000  23.570000  23.600000  23.600000       0
2022-11-15 10:44:00-05:00  23.559999  23.600000  23.559999  23.570000  23.570000       0
2022-11-15 10:46:00-05:00  23.570000  23.670000  23.549999  23.670000  23.670000       0
2022-11-15 10:48:00-05:00  23.709999  23.790001  23.709999  23.709999  23.709999       0
2022-11-15 10:50:00-05:00  23.709999  23.750000  23.709999  23.740000  23.740000       0
2022-11-15 10:52:00-05:00  23.760000  23.799999  23.690001  23.700001  23.700001       0
2022-11-15 10:54:00-05:00  23.709999  23.709999  23.610001  23.610001  23.610001       0
2022-11-15 10:56:00-05:00  23.639999  23.709999  23.639999  23.709999  23.709999       0
2022-11-15 10:58:00-05:00  23.700001  23.740000  23.700001  23.730000  23.730000       0
2022-11-15 11:00:00-05:00  23.750000  23.830000  23.750000  23.830000  23.830000       0
2022-11-15 11:02:00-05:00  23.820000  23.879999  23.730000  23.730000  23.730000       0
2022-11-15 11:04:00-05:00  23.700001  23.719999  23.680000  23.700001  23.700001       0
2022-11-15 11:06:00-05:00  23.680000  23.790001  23.680000  23.740000  23.740000       0
2022-11-15 11:08:00-05:00  23.750000  23.760000  23.740000  23.760000  23.760000       0
2022-11-15 11:10:00-05:00  23.770000  23.780001  23.730000  23.730000  23.730000       0
2022-11-15 11:12:00-05:00  23.760000  23.820000  23.760000  23.780001  23.780001       0
2022-11-15 11:14:00-05:00  23.790001  23.799999  23.730000  23.740000  23.740000       0
2022-11-15 11:16:00-05:00  23.730000  23.750000  23.719999  23.730000  23.730000       0
2022-11-15 11:18:00-05:00  23.709999  23.809999  23.709999  23.809999  23.809999       0
2022-11-15 11:20:00-05:00  23.790001  23.790001  23.660000  23.660000  23.660000       0
2022-11-15 11:22:00-05:00  23.660000  23.719999  23.660000  23.690001  23.690001       0
2022-11-15 11:24:00-05:00  23.680000  23.709999  23.680000  23.709999  23.709999       0
2022-11-15 11:26:00-05:00  23.709999  23.719999  23.690001  23.709999  23.709999       0
2022-11-15 11:28:00-05:00  23.730000  23.760000  23.730000  23.740000  23.740000       0
2022-11-15 11:30:00-05:00  23.750000  23.750000  23.540001  23.549999  23.549999       0
2022-11-15 11:32:00-05:00  23.540001  23.540001  23.480000  23.520000  23.520000       0
2022-11-15 11:34:00-05:00  23.520000  23.570000  23.510000  23.570000  23.570000       0
2022-11-15 11:36:00-05:00  23.580000  23.590000  23.570000  23.590000  23.590000       0
2022-11-15 11:38:00-05:00  23.600000  23.620001  23.559999  23.570000  23.570000       0
2022-11-15 11:40:00-05:00  23.559999  23.559999  23.540001  23.540001  23.540001       0
2022-11-15 11:42:00-05:00  23.549999  23.559999  23.540001  23.549999  23.549999       0
2022-11-15 11:44:00-05:00  23.580000  23.590000  23.530001  23.530001  23.530001       0
2022-11-15 11:46:00-05:00  23.510000  23.570000  23.510000  23.549999  23.549999       0
2022-11-15 11:48:00-05:00  23.520000  23.520000  23.480000  23.490000  23.490000       0
2022-11-15 11:50:00-05:00  23.490000  23.510000  23.480000  23.480000  23.480000       0
2022-11-15 11:52:00-05:00  23.500000  23.530001  23.500000  23.530001  23.530001       0
2022-11-15 11:54:00-05:00  23.510000  23.510000  23.480000  23.500000  23.500000       0
2022-11-15 11:56:00-05:00  23.480000  23.510000  23.480000  23.510000  23.510000       0
2022-11-15 11:58:00-05:00  23.500000  23.510000  23.490000  23.510000  23.510000       0
2022-11-15 12:00:00-05:00  23.500000  23.590000  23.500000  23.590000  23.590000       0
2022-11-15 12:02:00-05:00  23.590000  23.639999  23.570000  23.639999  23.639999       0
2022-11-15 12:04:00-05:00  23.620001  23.690001  23.620001  23.690001  23.690001       0
2022-11-15 12:06:00-05:00  23.690001  23.690001  23.639999  23.650000  23.650000       0
2022-11-15 12:08:00-05:00  23.670000  23.670000  23.650000  23.650000  23.650000       0
2022-11-15 12:10:00-05:00  23.650000  23.650000  23.610001  23.610001  23.610001       0
2022-11-15 12:12:00-05:00  23.600000  23.610001  23.580000  23.610001  23.610001       0
2022-11-15 12:14:00-05:00  23.610001  23.680000  23.610001  23.650000  23.650000       0
2022-11-15 12:16:00-05:00  23.650000  23.660000  23.629999  23.639999  23.639999       0
2022-11-15 12:18:00-05:00  23.639999  23.650000  23.639999  23.650000  23.650000       0
2022-11-15 12:20:00-05:00  23.650000  23.650000  23.620001  23.620001  23.620001       0
2022-11-15 12:22:00-05:00  23.639999  23.670000  23.629999  23.670000  23.670000       0
2022-11-15 12:24:00-05:00  23.670000  23.670000  23.629999  23.650000  23.650000       0
2022-11-15 12:26:00-05:00  23.670000  23.709999  23.660000  23.700001  23.700001       0
2022-11-15 12:28:00-05:00  23.709999  23.709999  23.690001  23.700001  23.700001       0
2022-11-15 12:30:00-05:00  23.709999  23.750000  23.709999  23.750000  23.750000       0
2022-11-15 12:32:00-05:00  23.760000  23.760000  23.690001  23.700001  23.700001       0
2022-11-15 12:34:00-05:00  23.660000  23.690001  23.660000  23.680000  23.680000       0
2022-11-15 12:36:00-05:00  23.670000  23.719999  23.670000  23.719999  23.719999       0
2022-11-15 12:38:00-05:00  23.719999  23.719999  23.660000  23.660000  23.660000       0
2022-11-15 12:40:00-05:00  23.680000  23.690001  23.680000  23.690001  23.690001       0
2022-11-15 12:42:00-05:00  23.700001  23.760000  23.700001  23.719999  23.719999       0
2022-11-15 12:44:00-05:00  23.719999  23.760000  23.719999  23.760000  23.760000       0
2022-11-15 12:46:00-05:00  23.760000  23.809999  23.760000  23.780001  23.780001       0
2022-11-15 12:48:00-05:00  23.760000  23.760000  23.700001  23.719999  23.719999       0
2022-11-15 12:50:00-05:00  23.709999  23.750000  23.709999  23.740000  23.740000       0
2022-11-15 12:52:00-05:00  23.750000  23.750000  23.730000  23.740000  23.740000       0
2022-11-15 12:54:00-05:00  23.740000  23.760000  23.740000  23.760000  23.760000       0
2022-11-15 12:56:00-05:00  23.780001  23.780001  23.750000  23.750000  23.750000       0
2022-11-15 12:58:00-05:00  23.760000  23.770000  23.740000  23.740000  23.740000       0
2022-11-15 13:00:00-05:00  23.719999  23.760000  23.719999  23.730000  23.730000       0
2022-11-15 13:02:00-05:00  23.740000  23.780001  23.740000  23.780001  23.780001       0
2022-11-15 13:04:00-05:00  23.770000  23.780001  23.750000  23.760000  23.760000       0
2022-11-15 13:06:00-05:00  23.750000  23.750000  23.719999  23.719999  23.719999       0
2022-11-15 13:08:00-05:00  23.709999  23.740000  23.700001  23.740000  23.740000       0
2022-11-15 13:10:00-05:00  23.750000  23.790001  23.740000  23.790001  23.790001       0
2022-11-15 13:12:00-05:00  23.770000  23.820000  23.770000  23.780001  23.780001       0
2022-11-15 13:14:00-05:00  23.790001  23.860001  23.780001  23.860001  23.860001       0
2022-11-15 13:16:00-05:00  23.860001  23.860001  23.830000  23.830000  23.830000       0
2022-11-15 13:18:00-05:00  23.830000  24.030001  23.830000  24.000000  24.000000       0
2022-11-15 13:20:00-05:00  24.049999  24.129999  24.049999  24.129999  24.129999       0
2022-11-15 13:22:00-05:00  24.139999  24.570000  24.139999  24.570000  24.570000       0
2022-11-15 13:24:00-05:00  24.530001  24.540001  24.059999  24.090000  24.090000       0
2022-11-15 13:26:00-05:00  24.170000  24.930000  24.170000  24.900000  24.900000       0
2022-11-15 13:28:00-05:00  25.000000  25.040001  24.969999  25.040001  25.040001       0
2022-11-15 13:30:00-05:00  25.000000  25.000000  24.700001  24.830000  24.830000       0
2022-11-15 13:32:00-05:00  24.850000  25.170000  24.850000  25.090000  25.090000       0
2022-11-15 13:34:00-05:00  25.129999  25.480000  25.100000  25.299999  25.299999       0
2022-11-15 13:36:00-05:00  25.299999  25.639999  25.299999  25.639999  25.639999       0
2022-11-15 13:38:00-05:00  25.709999  26.030001  25.709999  25.900000  25.900000       0
2022-11-15 13:40:00-05:00  25.860001  26.070000  25.730000  26.010000  26.010000       0
2022-11-15 13:42:00-05:00  25.950001  25.950001  25.620001  25.620001  25.620001       0
2022-11-15 13:44:00-05:00  25.600000  25.620001  25.500000  25.600000  25.600000       0
2022-11-15 13:46:00-05:00  25.559999  25.620001  25.450001  25.540001  25.540001       0
2022-11-15 13:48:00-05:00  25.600000  25.870001  25.600000  25.870001  25.870001       0
2022-11-15 13:50:00-05:00  25.950001  25.950001  25.790001  25.790001  25.790001       0
2022-11-15 13:52:00-05:00  25.809999  25.870001  25.740000  25.870001  25.870001       0
2022-11-15 13:54:00-05:00  25.879999  25.879999  25.700001  25.740000  25.740000       0
2022-11-15 13:56:00-05:00  25.799999  25.799999  25.570000  25.570000  25.570000       0
2022-11-15 13:58:00-05:00  25.610001  25.740000  25.600000  25.740000  25.740000       0
2022-11-15 14:00:00-05:00  25.770000  25.820000  25.670000  25.820000  25.820000       0
2022-11-15 14:02:00-05:00  25.780001  26.120001  25.780001  26.120001  26.120001       0
2022-11-15 14:04:00-05:00  26.160000  26.219999  26.049999  26.049999  26.049999       0
2022-11-15 14:06:00-05:00  26.000000  26.000000  25.809999  25.920000  25.920000       0
2022-11-15 14:08:00-05:00  25.950001  26.090000  25.910000  25.980000  25.980000       0
2022-11-15 14:10:00-05:00  25.809999  25.809999  25.170000  25.420000  25.420000       0
2022-11-15 14:12:00-05:00  25.410000  25.430000  25.340000  25.340000  25.340000       0
2022-11-15 14:14:00-05:00  25.340000  25.350000  25.270000  25.320000  25.320000       0
2022-11-15 14:16:00-05:00  25.209999  25.240000  25.030001  25.049999  25.049999       0
2022-11-15 14:18:00-05:00  25.040001  25.049999  24.879999  24.900000  24.900000       0
2022-11-15 14:20:00-05:00  24.860001  24.860001  24.570000  24.580000  24.580000       0
2022-11-15 14:22:00-05:00  24.590000  24.639999  24.540001  24.639999  24.639999       0
2022-11-15 14:24:00-05:00  24.629999  24.629999  24.500000  24.570000  24.570000       0
2022-11-15 14:26:00-05:00  24.549999  24.809999  24.549999  24.809999  24.809999       0
2022-11-15 14:28:00-05:00  24.830000  24.860001  24.690001  24.690001  24.690001       0
2022-11-15 14:30:00-05:00  24.680000  24.730000  24.639999  24.690001  24.690001       0
2022-11-15 14:32:00-05:00  24.709999  24.709999  24.639999  24.700001  24.700001       0
2022-11-15 14:34:00-05:00  24.700001  24.830000  24.700001  24.809999  24.809999       0
2022-11-15 14:36:00-05:00  24.680000  24.700001  24.639999  24.680000  24.680000       0
2022-11-15 14:38:00-05:00  24.680000  24.680000  24.469999  24.600000  24.600000       0
2022-11-15 14:40:00-05:00  24.620001  24.620001  24.480000  24.490000  24.490000       0
2022-11-15 14:42:00-05:00  24.530001  24.559999  24.469999  24.510000  24.510000       0
2022-11-15 14:44:00-05:00  24.520000  24.559999  24.440001  24.440001  24.440001       0
2022-11-15 14:46:00-05:00  24.440001  24.549999  24.440001  24.520000  24.520000       0
2022-11-15 14:48:00-05:00  24.530001  24.590000  24.530001  24.559999  24.559999       0
2022-11-15 14:50:00-05:00  24.549999  24.610001  24.500000  24.610001  24.610001       0
2022-11-15 14:52:00-05:00  24.570000  24.570000  24.480000  24.549999  24.549999       0
2022-11-15 14:54:00-05:00  24.570000  24.590000  24.410000  24.410000  24.410000       0
2022-11-15 14:56:00-05:00  24.379999  24.379999  24.139999  24.139999  24.139999       0
2022-11-15 14:58:00-05:00  24.180000  24.200001  24.150000  24.180000  24.180000       0
2022-11-15 15:00:00-05:00  24.160000  24.160000  24.090000  24.129999  24.129999       0
2022-11-15 15:02:00-05:00  24.110001  24.110001  23.980000  23.980000  23.980000       0
2022-11-15 15:04:00-05:00  23.959999  24.020000  23.950001  24.020000  24.020000       0
2022-11-15 15:06:00-05:00  24.030001  24.120001  24.030001  24.100000  24.100000       0
2022-11-15 15:08:00-05:00  24.090000  24.219999  24.080000  24.219999  24.219999       0
2022-11-15 15:10:00-05:00  24.230000  24.270000  24.190001  24.250000  24.250000       0
2022-11-15 15:12:00-05:00  24.290001  24.290001  24.070000  24.070000  24.070000       0
2022-11-15 15:14:00-05:00  24.059999  24.110001  24.059999  24.080000  24.080000       0
2022-11-15 15:16:00-05:00  24.059999  24.059999  23.910000  23.969999  23.969999       0
2022-11-15 15:18:00-05:00  23.969999  24.040001  23.969999  24.020000  24.020000       0
2022-11-15 15:20:00-05:00  24.010000  24.080000  24.010000  24.059999  24.059999       0
2022-11-15 15:22:00-05:00  24.070000  24.070000  24.010000  24.010000  24.010000       0
2022-11-15 15:24:00-05:00  24.020000  24.040001  24.000000  24.040001  24.040001       0
2022-11-15 15:26:00-05:00  24.040001  24.090000  24.040001  24.049999  24.049999       0
2022-11-15 15:28:00-05:00  24.059999  24.110001  24.059999  24.110001  24.110001       0
2022-11-15 15:30:00-05:00  24.090000  24.340000  24.090000  24.309999  24.309999       0
2022-11-15 15:32:00-05:00  24.299999  24.309999  24.219999  24.270000  24.270000       0
2022-11-15 15:34:00-05:00  24.270000  24.389999  24.270000  24.309999  24.309999       0
2022-11-15 15:36:00-05:00  24.270000  24.280001  24.240000  24.280001  24.280001       0
2022-11-15 15:38:00-05:00  24.260000  24.260000  24.139999  24.160000  24.160000       0
2022-11-15 15:40:00-05:00  24.150000  24.160000  24.129999  24.150000  24.150000       0
2022-11-15 15:42:00-05:00  24.160000  24.190001  24.129999  24.129999  24.129999       0
2022-11-15 15:44:00-05:00  24.110001  24.230000  24.110001  24.230000  24.230000       0
2022-11-15 15:46:00-05:00  24.250000  24.270000  24.180000  24.180000  24.180000       0
2022-11-15 15:48:00-05:00  24.190001  24.250000  24.190001  24.250000  24.250000       0
2022-11-15 15:50:00-05:00  24.260000  24.389999  24.260000  24.360001  24.360001       0
2022-11-15 15:52:00-05:00  24.370001  24.389999  24.299999  24.389999  24.389999       0
2022-11-15 15:54:00-05:00  24.410000  24.430000  24.320000  24.320000  24.320000       0
2022-11-15 15:56:00-05:00  24.340000  24.379999  24.330000  24.330000  24.330000       0
2022-11-15 15:58:00-05:00  24.330000  24.330000  24.280001  24.280001  24.280001       0
2022-11-16 09:30:00-05:00  24.719999  24.719999  24.719999  24.719999  24.719999       0
2022-11-16 09:32:00-05:00  24.660000  24.700001  24.639999  24.639999  24.639999       0
2022-11-16 09:34:00-05:00  24.570000  24.570000  24.440001  24.440001  24.440001       0
2022-11-16 09:36:00-05:00  24.430000  24.430000  24.370001  24.370001  24.370001       0
2022-11-16 09:38:00-05:00  24.309999  24.389999  24.299999  24.299999  24.299999       0
2022-11-16 09:40:00-05:00  24.290001  24.350000  24.290001  24.320000  24.320000       0
2022-11-16 09:42:00-05:00  24.309999  24.309999  24.260000  24.260000  24.260000       0
2022-11-16 09:44:00-05:00  24.260000  24.280001  24.209999  24.209999  24.209999       0
2022-11-16 09:46:00-05:00  24.180000  24.299999  24.180000  24.260000  24.260000       0
2022-11-16 09:48:00-05:00  24.270000  24.340000  24.230000  24.340000  24.340000       0
2022-11-16 09:50:00-05:00  24.350000  24.420000  24.270000  24.420000  24.420000       0
2022-11-16 09:52:00-05:00  24.420000  24.469999  24.400000  24.400000  24.400000       0
2022-11-16 09:54:00-05:00  24.430000  24.469999  24.389999  24.389999  24.389999       0
2022-11-16 09:56:00-05:00  24.389999  24.480000  24.389999  24.420000  24.420000       0
2022-11-16 09:58:00-05:00  24.400000  24.400000  24.320000  24.370001  24.370001       0
2022-11-16 10:00:00-05:00  24.389999  24.389999  24.299999  24.320000  24.320000       0
2022-11-16 10:02:00-05:00  24.320000  24.320000  24.270000  24.270000  24.270000       0
2022-11-16 10:04:00-05:00  24.309999  24.309999  24.260000  24.299999  24.299999       0
2022-11-16 10:06:00-05:00  24.270000  24.389999  24.240000  24.389999  24.389999       0
2022-11-16 10:08:00-05:00  24.400000  24.459999  24.379999  24.450001  24.450001       0
2022-11-16 10:10:00-05:00  24.410000  24.410000  24.360001  24.410000  24.410000       0
2022-11-16 10:12:00-05:00  24.370001  24.370001  24.219999  24.219999  24.219999       0
2022-11-16 10:14:00-05:00  24.260000  24.370001  24.260000  24.370001  24.370001       0
2022-11-16 10:16:00-05:00  24.400000  24.469999  24.400000  24.469999  24.469999       0
2022-11-16 10:18:00-05:00  24.480000  24.480000  24.440001  24.480000  24.480000       0
2022-11-16 10:20:00-05:00  24.450001  24.450001  24.290001  24.290001  24.290001       0
2022-11-16 10:22:00-05:00  24.309999  24.379999  24.299999  24.299999  24.299999       0
2022-11-16 10:24:00-05:00  24.280001  24.280001  24.219999  24.219999  24.219999       0
2022-11-16 10:26:00-05:00  24.230000  24.230000  24.190001  24.219999  24.219999       0
2022-11-16 10:28:00-05:00  24.219999  24.260000  24.219999  24.230000  24.230000       0
2022-11-16 10:30:00-05:00  24.230000  24.260000  24.190001  24.200001  24.200001       0
2022-11-16 10:32:00-05:00  24.209999  24.219999  24.110001  24.110001  24.110001       0
2022-11-16 10:34:00-05:00  24.100000  24.100000  24.059999  24.100000  24.100000       0
2022-11-16 10:36:00-05:00  24.120001  24.170000  24.120001  24.129999  24.129999       0
2022-11-16 10:38:00-05:00  24.160000  24.160000  24.110001  24.110001  24.110001       0
2022-11-16 10:40:00-05:00  24.090000  24.139999  24.090000  24.129999  24.129999       0
2022-11-16 10:42:00-05:00  24.129999  24.129999  24.020000  24.059999  24.059999       0
2022-11-16 10:44:00-05:00  24.059999  24.170000  24.059999  24.090000  24.090000       0
2022-11-16 10:46:00-05:00  24.070000  24.080000  24.040001  24.059999  24.059999       0
2022-11-16 10:48:00-05:00  24.059999  24.090000  24.059999  24.070000  24.070000       0
2022-11-16 10:50:00-05:00  24.080000  24.260000  24.080000  24.260000  24.260000       0
2022-11-16 10:52:00-05:00  24.270000  24.299999  24.270000  24.290001  24.290001       0
2022-11-16 10:54:00-05:00  24.290001  24.320000  24.240000  24.280001  24.280001       0
2022-11-16 10:56:00-05:00  24.290001  24.340000  24.260000  24.260000  24.260000       0
2022-11-16 10:58:00-05:00  24.270000  24.320000  24.260000  24.320000  24.320000       0
2022-11-16 11:00:00-05:00  24.299999  24.299999  24.260000  24.260000  24.260000       0
2022-11-16 11:02:00-05:00  24.260000  24.290001  24.260000  24.290001  24.290001       0
2022-11-16 11:04:00-05:00  24.290001  24.290001  24.250000  24.250000  24.250000       0
2022-11-16 11:06:00-05:00  24.250000  24.250000  24.190001  24.250000  24.250000       0
2022-11-16 11:08:00-05:00  24.240000  24.290001  24.240000  24.290001  24.290001       0
2022-11-16 11:10:00-05:00  24.290001  24.309999  24.290001  24.309999  24.309999       0
2022-11-16 11:12:00-05:00  24.299999  24.360001  24.260000  24.260000  24.260000       0
2022-11-16 11:14:00-05:00  24.270000  24.280001  24.240000  24.280001  24.280001       0
2022-11-16 11:16:00-05:00  24.270000  24.309999  24.270000  24.290001  24.290001       0
2022-11-16 11:18:00-05:00  24.290001  24.290001  24.200001  24.200001  24.200001       0
2022-11-16 11:20:00-05:00  24.190001  24.190001  24.150000  24.180000  24.180000       0
2022-11-16 11:22:00-05:00  24.190001  24.190001  24.139999  24.170000  24.170000       0
2022-11-16 11:24:00-05:00  24.139999  24.180000  24.139999  24.160000  24.160000       0
2022-11-16 11:26:00-05:00  24.150000  24.150000  24.110001  24.129999  24.129999       0
2022-11-16 11:28:00-05:00  24.150000  24.150000  24.100000  24.100000  24.100000       0
2022-11-16 11:30:00-05:00  24.110001  24.110001  24.100000  24.100000  24.100000       0
2022-11-16 11:32:00-05:00  24.090000  24.090000  24.049999  24.090000  24.090000       0
2022-11-16 11:34:00-05:00  24.100000  24.139999  24.100000  24.139999  24.139999       0
2022-11-16 11:36:00-05:00  24.150000  24.160000  24.120001  24.150000  24.150000       0
2022-11-16 11:38:00-05:00  24.150000  24.200001  24.150000  24.170000  24.170000       0
2022-11-16 11:40:00-05:00  24.160000  24.190001  24.120001  24.139999  24.139999       0
2022-11-16 11:42:00-05:00  24.139999  24.160000  24.129999  24.139999  24.139999       0
2022-11-16 11:44:00-05:00  24.129999  24.160000  24.120001  24.120001  24.120001       0
2022-11-16 11:46:00-05:00  24.110001  24.110001  24.090000  24.100000  24.100000       0
2022-11-16 11:48:00-05:00  24.090000  24.120001  24.080000  24.090000  24.090000       0
2022-11-16 11:50:00-05:00  24.110001  24.129999  24.080000  24.129999  24.129999       0
2022-11-16 11:52:00-05:00  24.129999  24.129999  24.110001  24.129999  24.129999       0
2022-11-16 11:54:00-05:00  24.090000  24.110001  24.059999  24.059999  24.059999       0
2022-11-16 11:56:00-05:00  24.070000  24.070000  24.030001  24.030001  24.030001       0
2022-11-16 11:58:00-05:00  24.080000  24.110001  24.070000  24.110001  24.110001       0
2022-11-16 12:00:00-05:00  24.129999  24.190001  24.129999  24.190001  24.190001       0
2022-11-16 12:02:00-05:00  24.180000  24.190001  24.170000  24.190001  24.190001       0
2022-11-16 12:04:00-05:00  24.190001  24.209999  24.180000  24.180000  24.180000       0
2022-11-16 12:06:00-05:00  24.170000  24.219999  24.170000  24.219999  24.219999       0
2022-11-16 12:08:00-05:00  24.219999  24.219999  24.120001  24.170000  24.170000       0
2022-11-16 12:10:00-05:00  24.160000  24.190001  24.160000  24.190001  24.190001       0
2022-11-16 12:12:00-05:00  24.200001  24.230000  24.180000  24.230000  24.230000       0
2022-11-16 12:14:00-05:00  24.230000  24.250000  24.209999  24.250000  24.250000       0
2022-11-16 12:16:00-05:00  24.260000  24.280001  24.250000  24.280001  24.280001       0
2022-11-16 12:18:00-05:00  24.280001  24.280001  24.260000  24.280001  24.280001       0
2022-11-16 12:20:00-05:00  24.250000  24.350000  24.240000  24.350000  24.350000       0
2022-11-16 12:22:00-05:00  24.360001  24.379999  24.350000  24.350000  24.350000       0
2022-11-16 12:24:00-05:00  24.350000  24.389999  24.309999  24.309999  24.309999       0
2022-11-16 12:26:00-05:00  24.320000  24.340000  24.290001  24.290001  24.290001       0
2022-11-16 12:28:00-05:00  24.299999  24.320000  24.290001  24.299999  24.299999       0
2022-11-16 12:30:00-05:00  24.299999  24.330000  24.280001  24.309999  24.309999       0
2022-11-16 12:32:00-05:00  24.309999  24.309999  24.280001  24.280001  24.280001       0
2022-11-16 12:34:00-05:00  24.290001  24.290001  24.250000  24.250000  24.250000       0
2022-11-16 12:36:00-05:00  24.270000  24.280001  24.250000  24.260000  24.260000       0
2022-11-16 12:38:00-05:00  24.230000  24.270000  24.219999  24.270000  24.270000       0
2022-11-16 12:40:00-05:00  24.270000  24.280001  24.260000  24.280001  24.280001       0
2022-11-16 12:42:00-05:00  24.280001  24.280001  24.250000  24.260000  24.260000       0
2022-11-16 12:44:00-05:00  24.250000  24.250000  24.180000  24.180000  24.180000       0
2022-11-16 12:46:00-05:00  24.209999  24.230000  24.200001  24.209999  24.209999       0
2022-11-16 12:48:00-05:00  24.219999  24.250000  24.219999  24.250000  24.250000       0
2022-11-16 12:50:00-05:00  24.250000  24.330000  24.200001  24.330000  24.330000       0
2022-11-16 12:52:00-05:00  24.350000  24.420000  24.350000  24.410000  24.410000       0
2022-11-16 12:54:00-05:00  24.410000  24.410000  24.379999  24.389999  24.389999       0
2022-11-16 12:56:00-05:00  24.400000  24.410000  24.370001  24.379999  24.379999       0
2022-11-16 12:58:00-05:00  24.370001  24.400000  24.370001  24.389999  24.389999       0
2022-11-16 13:00:00-05:00  24.379999  24.440001  24.379999  24.440001  24.440001       0
2022-11-16 13:02:00-05:00  24.410000  24.420000  24.389999  24.420000  24.420000       0
2022-11-16 13:04:00-05:00  24.410000  24.410000  24.350000  24.360001  24.360001       0
2022-11-16 13:06:00-05:00  24.370001  24.370001  24.340000  24.350000  24.350000       0
2022-11-16 13:08:00-05:00  24.360001  24.360001  24.340000  24.340000  24.340000       0
2022-11-16 13:10:00-05:00  24.330000  24.330000  24.290001  24.299999  24.299999       0
2022-11-16 13:12:00-05:00  24.299999  24.340000  24.299999  24.330000  24.330000       0
2022-11-16 13:14:00-05:00  24.330000  24.330000  24.309999  24.330000  24.330000       0
2022-11-16 13:16:00-05:00  24.309999  24.330000  24.299999  24.299999  24.299999       0
2022-11-16 13:18:00-05:00  24.309999  24.330000  24.309999  24.330000  24.330000       0
2022-11-16 13:20:00-05:00  24.340000  24.350000  24.330000  24.330000  24.330000       0
2022-11-16 13:22:00-05:00  24.320000  24.320000  24.299999  24.299999  24.299999       0
2022-11-16 13:24:00-05:00  24.309999  24.360001  24.309999  24.360001  24.360001       0
2022-11-16 13:26:00-05:00  24.350000  24.350000  24.280001  24.290001  24.290001       0
2022-11-16 13:28:00-05:00  24.290001  24.340000  24.280001  24.330000  24.330000       0
2022-11-16 13:30:00-05:00  24.330000  24.360001  24.309999  24.360001  24.360001       0
2022-11-16 13:32:00-05:00  24.350000  24.490000  24.350000  24.490000  24.490000       0
2022-11-16 13:34:00-05:00  24.490000  24.500000  24.469999  24.500000  24.500000       0
2022-11-16 13:36:00-05:00  24.490000  24.510000  24.490000  24.510000  24.510000       0
2022-11-16 13:38:00-05:00  24.490000  24.490000  24.400000  24.400000  24.400000       0
2022-11-16 13:40:00-05:00  24.410000  24.420000  24.400000  24.410000  24.410000       0
2022-11-16 13:42:00-05:00  24.410000  24.410000  24.389999  24.410000  24.410000       0
2022-11-16 13:44:00-05:00  24.420000  24.420000  24.370001  24.389999  24.389999       0
2022-11-16 13:46:00-05:00  24.420000  24.430000  24.389999  24.430000  24.430000       0
2022-11-16 13:48:00-05:00  24.440001  24.469999  24.440001  24.469999  24.469999       0
2022-11-16 13:50:00-05:00  24.469999  24.469999  24.450001  24.459999  24.459999       0
2022-11-16 13:52:00-05:00  24.450001  24.500000  24.450001  24.500000  24.500000       0
2022-11-16 13:54:00-05:00  24.469999  24.480000  24.459999  24.469999  24.469999       0
2022-11-16 13:56:00-05:00  24.480000  24.490000  24.469999  24.490000  24.490000       0
2022-11-16 13:58:00-05:00  24.530001  24.530001  24.510000  24.510000  24.510000       0
2022-11-16 14:00:00-05:00  24.510000  24.540001  24.510000  24.530001  24.530001       0
2022-11-16 14:02:00-05:00  24.490000  24.490000  24.420000  24.420000  24.420000       0
2022-11-16 14:04:00-05:00  24.420000  24.420000  24.360001  24.400000  24.400000       0
2022-11-16 14:06:00-05:00  24.389999  24.440001  24.389999  24.420000  24.420000       0
2022-11-16 14:08:00-05:00  24.410000  24.410000  24.350000  24.350000  24.350000       0
2022-11-16 14:10:00-05:00  24.340000  24.350000  24.330000  24.350000  24.350000       0
2022-11-16 14:12:00-05:00  24.360001  24.400000  24.350000  24.400000  24.400000       0
2022-11-16 14:14:00-05:00  24.379999  24.379999  24.360001  24.360001  24.360001       0
2022-11-16 14:16:00-05:00  24.379999  24.430000  24.379999  24.430000  24.430000       0
2022-11-16 14:18:00-05:00  24.430000  24.430000  24.400000  24.420000  24.420000       0
2022-11-16 14:20:00-05:00  24.410000  24.420000  24.389999  24.410000  24.410000       0
2022-11-16 14:22:00-05:00  24.410000  24.440001  24.410000  24.420000  24.420000       0
2022-11-16 14:24:00-05:00  24.400000  24.410000  24.379999  24.389999  24.389999       0
2022-11-16 14:26:00-05:00  24.389999  24.420000  24.370001  24.420000  24.420000       0
2022-11-16 14:28:00-05:00  24.420000  24.430000  24.370001  24.370001  24.370001       0
2022-11-16 14:30:00-05:00  24.379999  24.420000  24.379999  24.410000  24.410000       0
2022-11-16 14:32:00-05:00  24.430000  24.520000  24.430000  24.480000  24.480000       0
2022-11-16 14:34:00-05:00  24.480000  24.480000  24.420000  24.459999  24.459999       0
2022-11-16 14:36:00-05:00  24.440001  24.440001  24.260000  24.260000  24.260000       0
2022-11-16 14:38:00-05:00  24.270000  24.340000  24.270000  24.340000  24.340000       0
2022-11-16 14:40:00-05:00  24.350000  24.350000  24.290001  24.299999  24.299999       0
2022-11-16 14:42:00-05:00  24.309999  24.350000  24.309999  24.340000  24.340000       0
2022-11-16 14:44:00-05:00  24.320000  24.340000  24.320000  24.330000  24.330000       0
2022-11-16 14:46:00-05:00  24.320000  24.350000  24.320000  24.330000  24.330000       0
2022-11-16 14:48:00-05:00  24.330000  24.350000  24.270000  24.290001  24.290001       0
2022-11-16 14:50:00-05:00  24.280001  24.299999  24.230000  24.230000  24.230000       0
2022-11-16 14:52:00-05:00  24.240000  24.240000  24.200001  24.219999  24.219999       0
2022-11-16 14:54:00-05:00  24.219999  24.240000  24.209999  24.219999  24.219999       0
2022-11-16 14:56:00-05:00  24.219999  24.240000  24.209999  24.209999  24.209999       0
2022-11-16 14:58:00-05:00  24.200001  24.200001  24.129999  24.129999  24.129999       0
2022-11-16 15:00:00-05:00  24.129999  24.129999  24.100000  24.100000  24.100000       0
2022-11-16 15:02:00-05:00  24.110001  24.139999  24.110001  24.139999  24.139999       0
2022-11-16 15:04:00-05:00  24.150000  24.150000  24.090000  24.100000  24.100000       0
2022-11-16 15:06:00-05:00  24.080000  24.120001  24.080000  24.120001  24.120001       0
2022-11-16 15:08:00-05:00  24.139999  24.260000  24.139999  24.240000  24.240000       0
2022-11-16 15:10:00-05:00  24.260000  24.260000  24.209999  24.209999  24.209999       0
2022-11-16 15:12:00-05:00  24.230000  24.240000  24.200001  24.209999  24.209999       0
2022-11-16 15:14:00-05:00  24.200001  24.200001  24.150000  24.150000  24.150000       0
2022-11-16 15:16:00-05:00  24.139999  24.200001  24.129999  24.200001  24.200001       0
2022-11-16 15:18:00-05:00  24.180000  24.250000  24.160000  24.240000  24.240000       0
2022-11-16 15:20:00-05:00  24.230000  24.230000  24.180000  24.180000  24.180000       0
2022-11-16 15:22:00-05:00  24.170000  24.200001  24.170000  24.180000  24.180000       0
2022-11-16 15:24:00-05:00  24.200001  24.209999  24.180000  24.190001  24.190001       0
2022-11-16 15:26:00-05:00  24.200001  24.209999  24.170000  24.180000  24.180000       0
2022-11-16 15:28:00-05:00  24.180000  24.209999  24.180000  24.200001  24.200001       0
2022-11-16 15:30:00-05:00  24.200001  24.200001  24.160000  24.180000  24.180000       0
2022-11-16 15:32:00-05:00  24.200001  24.260000  24.200001  24.260000  24.260000       0
2022-11-16 15:34:00-05:00  24.250000  24.260000  24.200001  24.200001  24.200001       0
2022-11-16 15:36:00-05:00  24.219999  24.250000  24.209999  24.240000  24.240000       0
2022-11-16 15:38:00-05:00  24.219999  24.250000  24.219999  24.250000  24.250000       0
2022-11-16 15:40:00-05:00  24.260000  24.299999  24.200001  24.209999  24.209999       0
2022-11-16 15:42:00-05:00  24.219999  24.250000  24.209999  24.250000  24.250000       0
2022-11-16 15:44:00-05:00  24.230000  24.240000  24.190001  24.240000  24.240000       0
2022-11-16 15:46:00-05:00  24.240000  24.240000  24.180000  24.190001  24.190001       0
2022-11-16 15:48:00-05:00  24.209999  24.250000  24.200001  24.230000  24.230000       0
2022-11-16 15:50:00-05:00  24.240000  24.240000  24.160000  24.160000  24.160000       0
2022-11-16 15:52:00-05:00  24.160000  24.160000  24.100000  24.120001  24.120001       0
2022-11-16 15:54:00-05:00  24.110001  24.180000  24.110001  24.170000  24.170000       0
2022-11-16 15:56:00-05:00  24.190001  24.270000  24.190001  24.250000  24.250000       0
2022-11-16 15:58:00-05:00  24.270000  24.270000  24.180000  24.240000  24.240000       0
2022-11-17 09:30:00-05:00  24.860001  24.860001  24.740000  24.740000  24.740000       0
2022-11-17 09:32:00-05:00  24.760000  24.780001  24.750000  24.780001  24.780001       0
2022-11-17 09:34:00-05:00  24.770000  24.830000  24.770000  24.799999  24.799999       0
2022-11-17 09:36:00-05:00  24.809999  24.920000  24.799999  24.920000  24.920000       0
2022-11-17 09:38:00-05:00  24.910000  24.910000  24.799999  24.799999  24.799999       0
2022-11-17 09:40:00-05:00  24.799999  24.809999  24.730000  24.770000  24.770000       0
2022-11-17 09:42:00-05:00  24.790001  24.820000  24.780001  24.790001  24.790001       0
2022-11-17 09:44:00-05:00  24.790001  24.809999  24.740000  24.740000  24.740000       0
2022-11-17 09:46:00-05:00  24.700001  24.700001  24.629999  24.639999  24.639999       0
2022-11-17 09:48:00-05:00  24.650000  24.670000  24.639999  24.639999  24.639999       0
2022-11-17 09:50:00-05:00  24.639999  24.660000  24.620001  24.660000  24.660000       0
2022-11-17 09:52:00-05:00  24.670000  24.750000  24.670000  24.740000  24.740000       0
2022-11-17 09:54:00-05:00  24.740000  24.790001  24.740000  24.780001  24.780001       0
2022-11-17 09:56:00-05:00  24.780001  24.870001  24.780001  24.860001  24.860001       0
2022-11-17 09:58:00-05:00  24.860001  24.900000  24.820000  24.900000  24.900000       0
2022-11-17 10:00:00-05:00  24.910000  24.910000  24.879999  24.879999  24.879999       0
2022-11-17 10:02:00-05:00  24.870001  24.879999  24.840000  24.840000  24.840000       0
2022-11-17 10:04:00-05:00  24.840000  24.840000  24.790001  24.790001  24.790001       0
2022-11-17 10:06:00-05:00  24.760000  24.820000  24.760000  24.760000  24.760000       0
2022-11-17 10:08:00-05:00  24.750000  24.770000  24.740000  24.770000  24.770000       0
2022-11-17 10:10:00-05:00  24.770000  24.799999  24.750000  24.799999  24.799999       0
2022-11-17 10:12:00-05:00  24.780001  24.790001  24.730000  24.730000  24.730000       0
2022-11-17 10:14:00-05:00  24.730000  24.740000  24.660000  24.660000  24.660000       0
2022-11-17 10:16:00-05:00  24.670000  24.670000  24.590000  24.610001  24.610001       0
2022-11-17 10:18:00-05:00  24.610001  24.610001  24.540001  24.540001  24.540001       0
2022-11-17 10:20:00-05:00  24.510000  24.530001  24.490000  24.530001  24.530001       0
2022-11-17 10:22:00-05:00  24.540001  24.549999  24.520000  24.549999  24.549999       0
2022-11-17 10:24:00-05:00  24.549999  24.549999  24.520000  24.520000  24.520000       0
2022-11-17 10:26:00-05:00  24.510000  24.520000  24.440001  24.450001  24.450001       0
2022-11-17 10:28:00-05:00  24.450001  24.459999  24.440001  24.459999  24.459999       0
2022-11-17 10:30:00-05:00  24.450001  24.490000  24.450001  24.490000  24.490000       0
2022-11-17 10:32:00-05:00  24.510000  24.540001  24.510000  24.540001  24.540001       0
2022-11-17 10:34:00-05:00  24.520000  24.520000  24.500000  24.510000  24.510000       0
2022-11-17 10:36:00-05:00  24.500000  24.500000  24.450001  24.450001  24.450001       0
2022-11-17 10:38:00-05:00  24.440001  24.490000  24.440001  24.490000  24.490000       0
2022-11-17 10:40:00-05:00  24.500000  24.520000  24.469999  24.520000  24.520000       0
2022-11-17 10:42:00-05:00  24.520000  24.520000  24.500000  24.500000  24.500000       0
2022-11-17 10:44:00-05:00  24.500000  24.520000  24.490000  24.520000  24.520000       0
2022-11-17 10:46:00-05:00  24.570000  24.590000  24.549999  24.590000  24.590000       0
2022-11-17 10:48:00-05:00  24.590000  24.610001  24.590000  24.590000  24.590000       0
2022-11-17 10:50:00-05:00  24.570000  24.580000  24.540001  24.580000  24.580000       0
2022-11-17 10:52:00-05:00  24.570000  24.629999  24.570000  24.620001  24.620001       0
2022-11-17 10:54:00-05:00  24.620001  24.660000  24.620001  24.650000  24.650000       0
2022-11-17 10:56:00-05:00  24.639999  24.690001  24.639999  24.670000  24.670000       0
2022-11-17 10:58:00-05:00  24.660000  24.700001  24.660000  24.690001  24.690001       0
2022-11-17 11:00:00-05:00  24.670000  24.700001  24.670000  24.700001  24.700001       0
2022-11-17 11:02:00-05:00  24.709999  24.750000  24.709999  24.750000  24.750000       0
2022-11-17 11:04:00-05:00  24.760000  24.760000  24.730000  24.730000  24.730000       0
2022-11-17 11:06:00-05:00  24.719999  24.719999  24.559999  24.559999  24.559999       0
2022-11-17 11:08:00-05:00  24.559999  24.670000  24.559999  24.670000  24.670000       0
2022-11-17 11:10:00-05:00  24.690001  24.719999  24.690001  24.709999  24.709999       0
2022-11-17 11:12:00-05:00  24.690001  24.760000  24.690001  24.740000  24.740000       0
2022-11-17 11:14:00-05:00  24.719999  24.719999  24.680000  24.700001  24.700001       0
2022-11-17 11:16:00-05:00  24.700001  24.700001  24.660000  24.660000  24.660000       0
2022-11-17 11:18:00-05:00  24.670000  24.709999  24.670000  24.690001  24.690001       0
2022-11-17 11:20:00-05:00  24.690001  24.750000  24.680000  24.750000  24.750000       0
2022-11-17 11:22:00-05:00  24.750000  24.780001  24.719999  24.719999  24.719999       0
2022-11-17 11:24:00-05:00  24.709999  24.709999  24.639999  24.639999  24.639999       0
2022-11-17 11:26:00-05:00  24.639999  24.639999  24.580000  24.580000  24.580000       0
2022-11-17 11:28:00-05:00  24.590000  24.590000  24.570000  24.590000  24.590000       0
2022-11-17 11:30:00-05:00  24.580000  24.600000  24.570000  24.570000  24.570000       0
2022-11-17 11:32:00-05:00  24.580000  24.580000  24.530001  24.530001  24.530001       0
2022-11-17 11:34:00-05:00  24.530001  24.530001  24.480000  24.480000  24.480000       0
2022-11-17 11:36:00-05:00  24.480000  24.480000  24.459999  24.459999  24.459999       0
2022-11-17 11:38:00-05:00  24.469999  24.469999  24.430000  24.459999  24.459999       0
2022-11-17 11:40:00-05:00  24.459999  24.459999  24.440001  24.450001  24.450001       0
2022-11-17 11:42:00-05:00  24.450001  24.450001  24.420000  24.430000  24.430000       0
2022-11-17 11:44:00-05:00  24.430000  24.440001  24.410000  24.410000  24.410000       0
2022-11-17 11:46:00-05:00  24.410000  24.420000  24.379999  24.400000  24.400000       0
2022-11-17 11:48:00-05:00  24.410000  24.430000  24.400000  24.430000  24.430000       0
2022-11-17 11:50:00-05:00  24.430000  24.430000  24.389999  24.389999  24.389999       0
2022-11-17 11:52:00-05:00  24.400000  24.450001  24.400000  24.440001  24.440001       0
2022-11-17 11:54:00-05:00  24.420000  24.420000  24.250000  24.250000  24.250000       0
2022-11-17 11:56:00-05:00  24.280001  24.330000  24.280001  24.290001  24.290001       0
2022-11-17 11:58:00-05:00  24.290001  24.290001  24.250000  24.250000  24.250000       0
2022-11-17 12:00:00-05:00  24.230000  24.230000  24.180000  24.200001  24.200001       0
2022-11-17 12:02:00-05:00  24.219999  24.240000  24.180000  24.190001  24.190001       0
2022-11-17 12:04:00-05:00  24.180000  24.200001  24.170000  24.200001  24.200001       0
2022-11-17 12:06:00-05:00  24.200001  24.250000  24.200001  24.230000  24.230000       0
2022-11-17 12:08:00-05:00  24.230000  24.230000  24.170000  24.170000  24.170000       0
2022-11-17 12:10:00-05:00  24.170000  24.180000  24.120001  24.129999  24.129999       0
2022-11-17 12:12:00-05:00  24.129999  24.160000  24.129999  24.150000  24.150000       0
2022-11-17 12:14:00-05:00  24.160000  24.180000  24.160000  24.180000  24.180000       0
2022-11-17 12:16:00-05:00  24.160000  24.180000  24.160000  24.180000  24.180000       0
2022-11-17 12:18:00-05:00  24.160000  24.160000  24.150000  24.160000  24.160000       0
2022-11-17 12:20:00-05:00  24.160000  24.200001  24.160000  24.200001  24.200001       0
2022-11-17 12:22:00-05:00  24.200001  24.219999  24.180000  24.219999  24.219999       0
2022-11-17 12:24:00-05:00  24.240000  24.240000  24.200001  24.200001  24.200001       0
2022-11-17 12:26:00-05:00  24.190001  24.190001  24.170000  24.190001  24.190001       0
2022-11-17 12:28:00-05:00  24.180000  24.180000  24.170000  24.170000  24.170000       0
2022-11-17 12:30:00-05:00  24.190001  24.190001  24.150000  24.150000  24.150000       0
2022-11-17 12:32:00-05:00  24.139999  24.190001  24.139999  24.180000  24.180000       0
2022-11-17 12:34:00-05:00  24.160000  24.180000  24.160000  24.180000  24.180000       0
2022-11-17 12:36:00-05:00  24.170000  24.170000  24.129999  24.139999  24.139999       0
2022-11-17 12:38:00-05:00  24.139999  24.160000  24.139999  24.160000  24.160000       0
2022-11-17 12:40:00-05:00  24.139999  24.139999  24.100000  24.129999  24.129999       0
2022-11-17 12:42:00-05:00  24.129999  24.150000  24.129999  24.139999  24.139999       0
2022-11-17 12:44:00-05:00  24.129999  24.129999  24.080000  24.080000  24.080000       0
2022-11-17 12:46:00-05:00  24.080000  24.100000  24.080000  24.100000  24.100000       0
2022-11-17 12:48:00-05:00  24.100000  24.100000  24.070000  24.070000  24.070000       0
2022-11-17 12:50:00-05:00  24.049999  24.049999  24.010000  24.030001  24.030001       0
2022-11-17 12:52:00-05:00  24.020000  24.020000  24.000000  24.010000  24.010000       0
2022-11-17 12:54:00-05:00  24.010000  24.030001  24.010000  24.010000  24.010000       0
2022-11-17 12:56:00-05:00  24.000000  24.030001  23.990000  24.000000  24.000000       0
2022-11-17 12:58:00-05:00  24.020000  24.020000  23.990000  24.000000  24.000000       0
2022-11-17 13:00:00-05:00  24.000000  24.000000  23.980000  23.980000  23.980000       0
2022-11-17 13:02:00-05:00  23.969999  24.010000  23.969999  24.010000  24.010000       0
2022-11-17 13:04:00-05:00  24.010000  24.020000  24.000000  24.020000  24.020000       0
2022-11-17 13:06:00-05:00  24.030001  24.049999  24.000000  24.049999  24.049999       0
2022-11-17 13:08:00-05:00  24.059999  24.059999  24.010000  24.010000  24.010000       0
2022-11-17 13:10:00-05:00  24.010000  24.010000  23.980000  23.980000  23.980000       0
2022-11-17 13:12:00-05:00  23.959999  23.959999  23.920000  23.930000  23.930000       0
2022-11-17 13:14:00-05:00  23.950001  23.959999  23.940001  23.940001  23.940001       0
2022-11-17 13:16:00-05:00  23.920000  23.930000  23.889999  23.910000  23.910000       0
2022-11-17 13:18:00-05:00  23.910000  23.920000  23.879999  23.879999  23.879999       0
2022-11-17 13:20:00-05:00  23.879999  23.900000  23.870001  23.900000  23.900000       0
2022-11-17 13:22:00-05:00  23.900000  23.940001  23.900000  23.920000  23.920000       0
2022-11-17 13:24:00-05:00  23.930000  23.940001  23.920000  23.940001  23.940001       0
2022-11-17 13:26:00-05:00  23.940001  23.940001  23.920000  23.920000  23.920000       0
2022-11-17 13:28:00-05:00  23.920000  23.940001  23.910000  23.940001  23.940001       0
2022-11-17 13:30:00-05:00  23.940001  23.959999  23.910000  23.959999  23.959999       0
2022-11-17 13:32:00-05:00  23.950001  23.950001  23.920000  23.940001  23.940001       0
2022-11-17 13:34:00-05:00  23.940001  23.950001  23.920000  23.920000  23.920000       0
2022-11-17 13:36:00-05:00  23.930000  23.930000  23.910000  23.920000  23.920000       0
2022-11-17 13:38:00-05:00  23.920000  23.920000  23.889999  23.889999  23.889999       0
2022-11-17 13:40:00-05:00  23.889999  23.910000  23.889999  23.900000  23.900000       0
2022-11-17 13:42:00-05:00  23.889999  23.930000  23.889999  23.920000  23.920000       0
2022-11-17 13:44:00-05:00  23.930000  23.969999  23.930000  23.969999  23.969999       0
2022-11-17 13:46:00-05:00  23.969999  23.969999  23.959999  23.959999  23.959999       0
2022-11-17 13:48:00-05:00  23.969999  23.969999  23.959999  23.959999  23.959999       0
2022-11-17 13:50:00-05:00  23.969999  24.000000  23.959999  23.990000  23.990000       0
2022-11-17 13:52:00-05:00  23.990000  24.020000  23.990000  23.990000  23.990000       0
2022-11-17 13:54:00-05:00  23.990000  23.990000  23.969999  23.980000  23.980000       0
2022-11-17 13:56:00-05:00  23.990000  24.000000  23.959999  23.980000  23.980000       0
2022-11-17 13:58:00-05:00  23.959999  23.959999  23.940001  23.959999  23.959999       0
2022-11-17 14:00:00-05:00  23.959999  23.959999  23.940001  23.959999  23.959999       0
2022-11-17 14:02:00-05:00  23.959999  23.959999  23.900000  23.900000  23.900000       0
2022-11-17 14:04:00-05:00  23.910000  23.920000  23.910000  23.910000  23.910000       0
2022-11-17 14:06:00-05:00  23.889999  23.930000  23.879999  23.930000  23.930000       0
2022-11-17 14:08:00-05:00  23.930000  23.959999  23.930000  23.950001  23.950001       0
2022-11-17 14:10:00-05:00  23.969999  24.030001  23.969999  24.030001  24.030001       0
2022-11-17 14:12:00-05:00  24.040001  24.059999  24.030001  24.030001  24.030001       0
2022-11-17 14:14:00-05:00  24.030001  24.070000  24.030001  24.070000  24.070000       0
2022-11-17 14:16:00-05:00  24.090000  24.120001  24.090000  24.120001  24.120001       0
2022-11-17 14:18:00-05:00  24.110001  24.120001  24.100000  24.120001  24.120001       0
2022-11-17 14:20:00-05:00  24.110001  24.129999  24.100000  24.120001  24.120001       0
2022-11-17 14:22:00-05:00  24.110001  24.150000  24.110001  24.150000  24.150000       0
2022-11-17 14:24:00-05:00  24.120001  24.120001  24.080000  24.110001  24.110001       0
2022-11-17 14:26:00-05:00  24.090000  24.090000  24.040001  24.049999  24.049999       0
2022-11-17 14:28:00-05:00  24.049999  24.049999  24.030001  24.049999  24.049999       0
2022-11-17 14:30:00-05:00  24.049999  24.059999  24.020000  24.020000  24.020000       0
2022-11-17 14:32:00-05:00  24.020000  24.030001  24.020000  24.030001  24.030001       0
2022-11-17 14:34:00-05:00  24.030001  24.030001  24.020000  24.020000  24.020000       0
2022-11-17 14:36:00-05:00  24.040001  24.070000  24.040001  24.059999  24.059999       0
2022-11-17 14:38:00-05:00  24.040001  24.049999  24.030001  24.040001  24.040001       0
2022-11-17 14:40:00-05:00  24.030001  24.059999  24.020000  24.030001  24.030001       0
2022-11-17 14:42:00-05:00  24.030001  24.070000  24.030001  24.070000  24.070000       0
2022-11-17 14:44:00-05:00  24.080000  24.110001  24.080000  24.110001  24.110001       0
2022-11-17 14:46:00-05:00  24.129999  24.129999  24.049999  24.059999  24.059999       0
2022-11-17 14:48:00-05:00  24.059999  24.059999  23.969999  23.969999  23.969999       0
2022-11-17 14:50:00-05:00  23.969999  24.000000  23.969999  24.000000  24.000000       0
2022-11-17 14:52:00-05:00  24.010000  24.010000  23.910000  23.910000  23.910000       0
2022-11-17 14:54:00-05:00  23.900000  23.900000  23.879999  23.889999  23.889999       0
2022-11-17 14:56:00-05:00  23.879999  23.889999  23.870001  23.889999  23.889999       0
2022-11-17 14:58:00-05:00  23.900000  23.900000  23.889999  23.889999  23.889999       0
2022-11-17 15:00:00-05:00  23.889999  23.900000  23.870001  23.900000  23.900000       0
2022-11-17 15:02:00-05:00  23.900000  23.910000  23.860001  23.879999  23.879999       0
2022-11-17 15:04:00-05:00  23.870001  23.889999  23.860001  23.870001  23.870001       0
2022-11-17 15:06:00-05:00  23.889999  23.900000  23.870001  23.900000  23.900000       0
2022-11-17 15:08:00-05:00  23.920000  23.959999  23.910000  23.959999  23.959999       0
2022-11-17 15:10:00-05:00  23.959999  23.959999  23.940001  23.959999  23.959999       0
2022-11-17 15:12:00-05:00  24.020000  24.110001  24.020000  24.090000  24.090000       0
2022-11-17 15:14:00-05:00  24.080000  24.080000  24.049999  24.070000  24.070000       0
2022-11-17 15:16:00-05:00  24.080000  24.080000  24.059999  24.059999  24.059999       0
2022-11-17 15:18:00-05:00  24.070000  24.100000  24.059999  24.100000  24.100000       0
2022-11-17 15:20:00-05:00  24.110001  24.150000  24.110001  24.129999  24.129999       0
2022-11-17 15:22:00-05:00  24.129999  24.129999  24.110001  24.110001  24.110001       0
2022-11-17 15:24:00-05:00  24.100000  24.129999  24.100000  24.129999  24.129999       0
2022-11-17 15:26:00-05:00  24.129999  24.150000  24.120001  24.120001  24.120001       0
2022-11-17 15:28:00-05:00  24.120001  24.160000  24.120001  24.139999  24.139999       0
2022-11-17 15:30:00-05:00  24.139999  24.139999  24.090000  24.120001  24.120001       0
2022-11-17 15:32:00-05:00  24.110001  24.120001  24.100000  24.100000  24.100000       0
2022-11-17 15:34:00-05:00  24.090000  24.129999  24.090000  24.120001  24.120001       0
2022-11-17 15:36:00-05:00  24.100000  24.160000  24.100000  24.160000  24.160000       0
2022-11-17 15:38:00-05:00  24.160000  24.160000  24.110001  24.120001  24.120001       0
2022-11-17 15:40:00-05:00  24.129999  24.129999  24.080000  24.100000  24.100000       0
2022-11-17 15:42:00-05:00  24.090000  24.129999  24.090000  24.120001  24.120001       0
2022-11-17 15:44:00-05:00  24.129999  24.129999  24.080000  24.090000  24.090000       0
2022-11-17 15:46:00-05:00  24.090000  24.090000  24.080000  24.080000  24.080000       0
2022-11-17 15:48:00-05:00  24.059999  24.059999  24.000000  24.000000  24.000000       0
2022-11-17 15:50:00-05:00  23.980000  24.010000  23.959999  23.969999  23.969999       0
2022-11-17 15:52:00-05:00  23.969999  23.969999  23.920000  23.940001  23.940001       0
2022-11-17 15:54:00-05:00  23.930000  23.940001  23.889999  23.889999  23.889999       0
2022-11-17 15:56:00-05:00  23.870001  23.900000  23.850000  23.850000  23.850000       0
2022-11-17 15:58:00-05:00  23.850000  23.930000  23.850000  23.889999  23.889999       0
2022-11-18 09:30:00-05:00  23.379999  23.410000  23.330000  23.410000  23.410000       0
2022-11-18 09:32:00-05:00  23.440001  23.510000  23.430000  23.480000  23.480000       0
2022-11-18 09:34:00-05:00  23.469999  23.469999  23.299999  23.299999  23.299999       0
2022-11-18 09:36:00-05:00  23.309999  23.430000  23.280001  23.400000  23.400000       0
2022-11-18 09:38:00-05:00  23.430000  23.490000  23.430000  23.490000  23.490000       0
2022-11-18 09:40:00-05:00  23.500000  23.500000  23.450001  23.490000  23.490000       0
2022-11-18 09:42:00-05:00  23.469999  23.530001  23.469999  23.520000  23.520000       0
2022-11-18 09:44:00-05:00  23.510000  23.540001  23.450001  23.450001  23.450001       0
2022-11-18 09:46:00-05:00  23.440001  23.440001  23.360001  23.389999  23.389999       0
2022-11-18 09:48:00-05:00  23.400000  23.540001  23.400000  23.540001  23.540001       0
2022-11-18 09:50:00-05:00  23.580000  23.620001  23.580000  23.610001  23.610001       0
2022-11-18 09:52:00-05:00  23.620001  23.620001  23.570000  23.570000  23.570000       0
2022-11-18 09:54:00-05:00  23.549999  23.549999  23.480000  23.480000  23.480000       0
2022-11-18 09:56:00-05:00  23.469999  23.520000  23.469999  23.510000  23.510000       0
2022-11-18 09:58:00-05:00  23.530001  23.610001  23.530001  23.600000  23.600000       0
2022-11-18 10:00:00-05:00  23.520000  23.690001  23.520000  23.660000  23.660000       0
2022-11-18 10:02:00-05:00  23.670000  23.740000  23.670000  23.740000  23.740000       0
2022-11-18 10:04:00-05:00  23.740000  23.740000  23.650000  23.650000  23.650000       0
2022-11-18 10:06:00-05:00  23.650000  23.820000  23.650000  23.820000  23.820000       0
2022-11-18 10:08:00-05:00  23.840000  23.840000  23.670000  23.670000  23.670000       0
2022-11-18 10:10:00-05:00  23.650000  23.650000  23.620001  23.620001  23.620001       0
2022-11-18 10:12:00-05:00  23.610001  23.620001  23.570000  23.600000  23.600000       0
2022-11-18 10:14:00-05:00  23.610001  23.660000  23.610001  23.660000  23.660000       0
2022-11-18 10:16:00-05:00  23.650000  23.650000  23.590000  23.620001  23.620001       0
2022-11-18 10:18:00-05:00  23.620001  23.750000  23.620001  23.750000  23.750000       0
2022-11-18 10:20:00-05:00  23.750000  23.750000  23.620001  23.620001  23.620001       0
2022-11-18 10:22:00-05:00  23.620001  23.620001  23.570000  23.570000  23.570000       0
2022-11-18 10:24:00-05:00  23.580000  23.600000  23.580000  23.600000  23.600000       0
2022-11-18 10:26:00-05:00  23.639999  23.780001  23.639999  23.760000  23.760000       0
2022-11-18 10:28:00-05:00  23.750000  23.750000  23.610001  23.610001  23.610001       0
2022-11-18 10:30:00-05:00  23.600000  23.629999  23.570000  23.600000  23.600000       0
2022-11-18 10:32:00-05:00  23.610001  23.629999  23.559999  23.559999  23.559999       0
2022-11-18 10:34:00-05:00  23.559999  23.570000  23.500000  23.500000  23.500000       0
2022-11-18 10:36:00-05:00  23.510000  23.540001  23.490000  23.490000  23.490000       0
2022-11-18 10:38:00-05:00  23.500000  23.500000  23.450001  23.490000  23.490000       0
2022-11-18 10:40:00-05:00  23.500000  23.500000  23.469999  23.469999  23.469999       0
2022-11-18 10:42:00-05:00  23.469999  23.500000  23.450001  23.500000  23.500000       0
2022-11-18 10:44:00-05:00  23.500000  23.530001  23.500000  23.510000  23.510000       0
2022-11-18 10:46:00-05:00  23.549999  23.549999  23.490000  23.520000  23.520000       0
2022-11-18 10:48:00-05:00  23.510000  23.549999  23.510000  23.549999  23.549999       0
2022-11-18 10:50:00-05:00  23.540001  23.570000  23.530001  23.549999  23.549999       0
2022-11-18 10:52:00-05:00  23.540001  23.549999  23.520000  23.549999  23.549999       0
2022-11-18 10:54:00-05:00  23.520000  23.580000  23.520000  23.580000  23.580000       0
2022-11-18 10:56:00-05:00  23.580000  23.750000  23.580000  23.709999  23.709999       0
2022-11-18 10:58:00-05:00  23.719999  23.750000  23.709999  23.719999  23.719999       0
2022-11-18 11:00:00-05:00  23.690001  23.690001  23.660000  23.690001  23.690001       0
2022-11-18 11:02:00-05:00  23.709999  23.750000  23.700001  23.750000  23.750000       0
2022-11-18 11:04:00-05:00  23.770000  23.770000  23.700001  23.700001  23.700001       0
2022-11-18 11:06:00-05:00  23.690001  23.709999  23.670000  23.670000  23.670000       0
2022-11-18 11:08:00-05:00  23.680000  23.690001  23.660000  23.680000  23.680000       0
2022-11-18 11:10:00-05:00  23.680000  23.709999  23.629999  23.629999  23.629999       0
2022-11-18 11:12:00-05:00  23.610001  23.620001  23.580000  23.580000  23.580000       0
2022-11-18 11:14:00-05:00  23.600000  23.600000  23.570000  23.580000  23.580000       0
2022-11-18 11:16:00-05:00  23.570000  23.570000  23.549999  23.549999  23.549999       0
2022-11-18 11:18:00-05:00  23.540001  23.540001  23.420000  23.420000  23.420000       0
2022-11-18 11:20:00-05:00  23.410000  23.420000  23.400000  23.410000  23.410000       0
2022-11-18 11:22:00-05:00  23.420000  23.430000  23.410000  23.410000  23.410000       0
2022-11-18 11:24:00-05:00  23.410000  23.440001  23.400000  23.440001  23.440001       0
2022-11-18 11:26:00-05:00  23.450001  23.450001  23.389999  23.389999  23.389999       0
2022-11-18 11:28:00-05:00  23.400000  23.430000  23.400000  23.430000  23.430000       0
2022-11-18 11:30:00-05:00  23.420000  23.430000  23.389999  23.389999  23.389999       0
2022-11-18 11:32:00-05:00  23.379999  23.389999  23.370001  23.389999  23.389999       0
2022-11-18 11:34:00-05:00  23.410000  23.440001  23.400000  23.440001  23.440001       0
2022-11-18 11:36:00-05:00  23.410000  23.430000  23.379999  23.430000  23.430000       0
2022-11-18 11:38:00-05:00  23.450001  23.480000  23.450001  23.469999  23.469999       0
2022-11-18 11:40:00-05:00  23.469999  23.510000  23.450001  23.510000  23.510000       0
2022-11-18 11:42:00-05:00  23.490000  23.520000  23.480000  23.480000  23.480000       0
2022-11-18 11:44:00-05:00  23.469999  23.490000  23.469999  23.480000  23.480000       0
2022-11-18 11:46:00-05:00  23.510000  23.559999  23.510000  23.549999  23.549999       0
2022-11-18 11:48:00-05:00  23.559999  23.590000  23.540001  23.590000  23.590000       0
2022-11-18 11:50:00-05:00  23.610001  23.610001  23.559999  23.590000  23.590000       0
2022-11-18 11:52:00-05:00  23.580000  23.580000  23.549999  23.549999  23.549999       0
2022-11-18 11:54:00-05:00  23.540001  23.570000  23.540001  23.549999  23.549999       0
2022-11-18 11:56:00-05:00  23.549999  23.549999  23.500000  23.549999  23.549999       0
2022-11-18 11:58:00-05:00  23.540001  23.549999  23.530001  23.549999  23.549999       0
2022-11-18 12:00:00-05:00  23.520000  23.530001  23.450001  23.450001  23.450001       0
2022-11-18 12:02:00-05:00  23.450001  23.459999  23.430000  23.430000  23.430000       0
2022-11-18 12:04:00-05:00  23.430000  23.469999  23.420000  23.469999  23.469999       0
2022-11-18 12:06:00-05:00  23.459999  23.510000  23.459999  23.510000  23.510000       0
2022-11-18 12:08:00-05:00  23.520000  23.580000  23.510000  23.559999  23.559999       0
2022-11-18 12:10:00-05:00  23.540001  23.570000  23.490000  23.490000  23.490000       0
2022-11-18 12:12:00-05:00  23.469999  23.480000  23.450001  23.459999  23.459999       0
2022-11-18 12:14:00-05:00  23.459999  23.559999  23.459999  23.559999  23.559999       0
2022-11-18 12:16:00-05:00  23.610001  23.680000  23.610001  23.629999  23.629999       0
2022-11-18 12:18:00-05:00  23.590000  23.620001  23.580000  23.620001  23.620001       0
2022-11-18 12:20:00-05:00  23.650000  23.660000  23.639999  23.650000  23.650000       0
2022-11-18 12:22:00-05:00  23.639999  23.670000  23.639999  23.670000  23.670000       0
2022-11-18 12:24:00-05:00  23.680000  23.709999  23.650000  23.650000  23.650000       0
2022-11-18 12:26:00-05:00  23.629999  23.629999  23.580000  23.580000  23.580000       0
2022-11-18 12:28:00-05:00  23.580000  23.600000  23.559999  23.559999  23.559999       0
2022-11-18 12:30:00-05:00  23.549999  23.600000  23.549999  23.580000  23.580000       0
2022-11-18 12:32:00-05:00  23.590000  23.620001  23.580000  23.620001  23.620001       0
2022-11-18 12:34:00-05:00  23.620001  23.620001  23.580000  23.580000  23.580000       0
2022-11-18 12:36:00-05:00  23.580000  23.580000  23.520000  23.520000  23.520000       0
2022-11-18 12:38:00-05:00  23.520000  23.549999  23.480000  23.480000  23.480000       0
2022-11-18 12:40:00-05:00  23.480000  23.490000  23.469999  23.480000  23.480000       0
2022-11-18 12:42:00-05:00  23.490000  23.510000  23.490000  23.510000  23.510000       0
2022-11-18 12:44:00-05:00  23.520000  23.559999  23.520000  23.540001  23.540001       0
2022-11-18 12:46:00-05:00  23.549999  23.590000  23.549999  23.580000  23.580000       0
2022-11-18 12:48:00-05:00  23.570000  23.629999  23.549999  23.629999  23.629999       0
2022-11-18 12:50:00-05:00  23.639999  23.639999  23.590000  23.600000  23.600000       0
2022-11-18 12:52:00-05:00  23.610001  23.709999  23.610001  23.690001  23.690001       0
2022-11-18 12:54:00-05:00  23.709999  23.730000  23.690001  23.730000  23.730000       0
2022-11-18 12:56:00-05:00  23.730000  23.730000  23.639999  23.639999  23.639999       0
2022-11-18 12:58:00-05:00  23.629999  23.650000  23.620001  23.620001  23.620001       0
2022-11-18 13:00:00-05:00  23.620001  23.639999  23.590000  23.590000  23.590000       0
2022-11-18 13:02:00-05:00  23.580000  23.600000  23.570000  23.580000  23.580000       0
2022-11-18 13:04:00-05:00  23.570000  23.590000  23.570000  23.570000  23.570000       0
2022-11-18 13:06:00-05:00  23.570000  23.570000  23.520000  23.520000  23.520000       0
2022-11-18 13:08:00-05:00  23.510000  23.520000  23.450001  23.450001  23.450001       0
2022-11-18 13:10:00-05:00  23.450001  23.450001  23.440001  23.450001  23.450001       0
2022-11-18 13:12:00-05:00  23.440001  23.440001  23.420000  23.440001  23.440001       0
2022-11-18 13:14:00-05:00  23.459999  23.510000  23.459999  23.510000  23.510000       0
2022-11-18 13:16:00-05:00  23.530001  23.559999  23.530001  23.559999  23.559999       0
2022-11-18 13:18:00-05:00  23.549999  23.570000  23.549999  23.559999  23.559999       0
2022-11-18 13:20:00-05:00  23.570000  23.610001  23.559999  23.610001  23.610001       0
2022-11-18 13:22:00-05:00  23.610001  23.610001  23.580000  23.580000  23.580000       0
2022-11-18 13:24:00-05:00  23.549999  23.549999  23.530001  23.540001  23.540001       0
2022-11-18 13:26:00-05:00  23.540001  23.549999  23.480000  23.480000  23.480000       0
2022-11-18 13:28:00-05:00  23.490000  23.490000  23.420000  23.420000  23.420000       0
2022-11-18 13:30:00-05:00  23.420000  23.420000  23.379999  23.389999  23.389999       0
2022-11-18 13:32:00-05:00  23.389999  23.389999  23.379999  23.389999  23.389999       0
2022-11-18 13:34:00-05:00  23.410000  23.410000  23.350000  23.370001  23.370001       0
2022-11-18 13:36:00-05:00  23.370001  23.389999  23.360001  23.389999  23.389999       0
2022-11-18 13:38:00-05:00  23.389999  23.430000  23.379999  23.420000  23.420000       0
2022-11-18 13:40:00-05:00  23.420000  23.440001  23.420000  23.440001  23.440001       0
2022-11-18 13:42:00-05:00  23.450001  23.490000  23.440001  23.490000  23.490000       0
2022-11-18 13:44:00-05:00  23.490000  23.549999  23.480000  23.530001  23.530001       0
2022-11-18 13:46:00-05:00  23.520000  23.549999  23.510000  23.520000  23.520000       0
2022-11-18 13:48:00-05:00  23.520000  23.570000  23.520000  23.570000  23.570000       0
2022-11-18 13:50:00-05:00  23.570000  23.570000  23.520000  23.530001  23.530001       0
2022-11-18 13:52:00-05:00  23.530001  23.570000  23.530001  23.570000  23.570000       0
2022-11-18 13:54:00-05:00  23.580000  23.580000  23.549999  23.549999  23.549999       0
2022-11-18 13:56:00-05:00  23.540001  23.540001  23.510000  23.510000  23.510000       0
2022-11-18 13:58:00-05:00  23.490000  23.500000  23.459999  23.459999  23.459999       0
2022-11-18 14:00:00-05:00  23.440001  23.459999  23.400000  23.400000  23.400000       0
2022-11-18 14:02:00-05:00  23.389999  23.389999  23.350000  23.379999  23.379999       0
2022-11-18 14:04:00-05:00  23.370001  23.370001  23.350000  23.360001  23.360001       0
2022-11-18 14:06:00-05:00  23.360001  23.389999  23.350000  23.360001  23.360001       0
2022-11-18 14:08:00-05:00  23.340000  23.379999  23.340000  23.360001  23.360001       0
2022-11-18 14:10:00-05:00  23.360001  23.389999  23.360001  23.379999  23.379999       0
2022-11-18 14:12:00-05:00  23.379999  23.379999  23.350000  23.370001  23.370001       0
2022-11-18 14:14:00-05:00  23.370001  23.400000  23.370001  23.400000  23.400000       0
2022-11-18 14:16:00-05:00  23.410000  23.410000  23.299999  23.299999  23.299999       0
2022-11-18 14:18:00-05:00  23.299999  23.400000  23.299999  23.400000  23.400000       0
2022-11-18 14:20:00-05:00  23.400000  23.400000  23.350000  23.370001  23.370001       0
2022-11-18 14:22:00-05:00  23.360001  23.360001  23.350000  23.360001  23.360001       0
2022-11-18 14:24:00-05:00  23.350000  23.379999  23.350000  23.379999  23.379999       0
2022-11-18 14:26:00-05:00  23.370001  23.370001  23.350000  23.370001  23.370001       0
2022-11-18 14:28:00-05:00  23.360001  23.379999  23.360001  23.379999  23.379999       0
2022-11-18 14:30:00-05:00  23.370001  23.430000  23.330000  23.430000  23.430000       0
2022-11-18 14:32:00-05:00  23.430000  23.450001  23.379999  23.379999  23.379999       0
2022-11-18 14:34:00-05:00  23.379999  23.450001  23.379999  23.440001  23.440001       0
2022-11-18 14:36:00-05:00  23.430000  23.450001  23.430000  23.450001  23.450001       0
2022-11-18 14:38:00-05:00  23.450001  23.450001  23.430000  23.430000  23.430000       0
2022-11-18 14:40:00-05:00  23.410000  23.420000  23.410000  23.410000  23.410000       0
2022-11-18 14:42:00-05:00  23.400000  23.400000  23.370001  23.370001  23.370001       0
2022-11-18 14:44:00-05:00  23.400000  23.430000  23.400000  23.430000  23.430000       0
2022-11-18 14:46:00-05:00  23.430000  23.430000  23.379999  23.379999  23.379999       0
2022-11-18 14:48:00-05:00  23.370001  23.389999  23.370001  23.379999  23.379999       0
2022-11-18 14:50:00-05:00  23.379999  23.379999  23.340000  23.340000  23.340000       0
2022-11-18 14:52:00-05:00  23.340000  23.360001  23.309999  23.309999  23.309999       0
2022-11-18 14:54:00-05:00  23.299999  23.309999  23.280001  23.280001  23.280001       0
2022-11-18 14:56:00-05:00  23.250000  23.260000  23.250000  23.250000  23.250000       0
2022-11-18 14:58:00-05:00  23.250000  23.260000  23.230000  23.230000  23.230000       0
2022-11-18 15:00:00-05:00  23.230000  23.230000  23.180000  23.200001  23.200001       0
2022-11-18 15:02:00-05:00  23.180000  23.190001  23.129999  23.190001  23.190001       0
2022-11-18 15:04:00-05:00  23.209999  23.219999  23.200001  23.219999  23.219999       0
2022-11-18 15:06:00-05:00  23.219999  23.230000  23.200001  23.200001  23.200001       0
2022-11-18 15:08:00-05:00  23.200001  23.200001  23.160000  23.170000  23.170000       0
2022-11-18 15:10:00-05:00  23.160000  23.180000  23.150000  23.180000  23.180000       0
2022-11-18 15:12:00-05:00  23.180000  23.200001  23.160000  23.190001  23.190001       0
2022-11-18 15:14:00-05:00  23.190001  23.219999  23.180000  23.180000  23.180000       0
2022-11-18 15:16:00-05:00  23.190001  23.200001  23.180000  23.190001  23.190001       0
2022-11-18 15:18:00-05:00  23.180000  23.209999  23.180000  23.200001  23.200001       0
2022-11-18 15:20:00-05:00  23.180000  23.209999  23.160000  23.170000  23.170000       0
2022-11-18 15:22:00-05:00  23.170000  23.170000  23.150000  23.150000  23.150000       0
2022-11-18 15:24:00-05:00  23.150000  23.150000  23.110001  23.120001  23.120001       0
2022-11-18 15:26:00-05:00  23.100000  23.129999  23.100000  23.129999  23.129999       0
2022-11-18 15:28:00-05:00  23.120001  23.120001  23.090000  23.090000  23.090000       0
2022-11-18 15:30:00-05:00  23.080000  23.100000  23.059999  23.059999  23.059999       0
2022-11-18 15:32:00-05:00  23.070000  23.090000  23.070000  23.090000  23.090000       0
2022-11-18 15:34:00-05:00  23.100000  23.120001  23.090000  23.090000  23.090000       0
2022-11-18 15:36:00-05:00  23.090000  23.090000  23.030001  23.030001  23.030001       0
2022-11-18 15:38:00-05:00  23.040001  23.040001  22.990000  22.990000  22.990000       0
2022-11-18 15:40:00-05:00  22.980000  23.030001  22.980000  23.010000  23.010000       0
2022-11-18 15:42:00-05:00  23.000000  23.040001  22.980000  23.030001  23.030001       0
2022-11-18 15:44:00-05:00  22.990000  23.049999  22.990000  23.049999  23.049999       0
2022-11-18 15:46:00-05:00  23.030001  23.049999  23.030001  23.040001  23.040001       0
2022-11-18 15:48:00-05:00  23.040001  23.049999  23.040001  23.049999  23.049999       0
2022-11-18 15:50:00-05:00  23.059999  23.070000  23.010000  23.070000  23.070000       0
2022-11-18 15:52:00-05:00  23.070000  23.160000  23.070000  23.160000  23.160000       0
2022-11-18 15:54:00-05:00  23.170000  23.200001  23.170000  23.180000  23.180000       0
2022-11-18 15:56:00-05:00  23.180000  23.180000  23.139999  23.160000  23.160000       0
2022-11-18 15:58:00-05:00  23.180000  23.180000  23.059999  23.059999  23.059999       0
2022-11-21 09:30:00-05:00  23.730000  23.730000  23.639999  23.639999  23.639999       0
2022-11-21 09:32:00-05:00  23.650000  23.660000  23.600000  23.600000  23.600000       0
2022-11-21 09:34:00-05:00  23.610001  23.670000  23.610001  23.620001  23.620001       0
2022-11-21 09:36:00-05:00  23.620001  23.670000  23.620001  23.639999  23.639999       0
2022-11-21 09:38:00-05:00  23.629999  23.629999  23.580000  23.590000  23.590000       0
2022-11-21 09:40:00-05:00  23.590000  23.590000  23.540001  23.559999  23.559999       0
2022-11-21 09:42:00-05:00  23.570000  23.570000  23.530001  23.549999  23.549999       0
2022-11-21 09:44:00-05:00  23.549999  23.549999  23.530001  23.540001  23.540001       0
2022-11-21 09:46:00-05:00  23.540001  23.540001  23.400000  23.400000  23.400000       0
2022-11-21 09:48:00-05:00  23.400000  23.400000  23.370001  23.370001  23.370001       0
2022-11-21 09:50:00-05:00  23.360001  23.379999  23.320000  23.320000  23.320000       0
2022-11-21 09:52:00-05:00  23.290001  23.309999  23.290001  23.309999  23.309999       0
2022-11-21 09:54:00-05:00  23.290001  23.290001  23.260000  23.270000  23.270000       0
2022-11-21 09:56:00-05:00  23.260000  23.270000  23.250000  23.260000  23.260000       0
2022-11-21 09:58:00-05:00  23.250000  23.260000  23.160000  23.160000  23.160000       0
2022-11-21 10:00:00-05:00  23.160000  23.170000  23.150000  23.160000  23.160000       0
2022-11-21 10:02:00-05:00  23.160000  23.170000  23.139999  23.150000  23.150000       0
2022-11-21 10:04:00-05:00  23.160000  23.209999  23.160000  23.190001  23.190001       0
2022-11-21 10:06:00-05:00  23.209999  23.240000  23.209999  23.240000  23.240000       0
2022-11-21 10:08:00-05:00  23.240000  23.240000  23.180000  23.190001  23.190001       0
2022-11-21 10:10:00-05:00  23.219999  23.250000  23.219999  23.240000  23.240000       0
2022-11-21 10:12:00-05:00  23.230000  23.230000  23.180000  23.190001  23.190001       0
2022-11-21 10:14:00-05:00  23.209999  23.219999  23.200001  23.200001  23.200001       0
2022-11-21 10:16:00-05:00  23.209999  23.260000  23.200001  23.230000  23.230000       0
2022-11-21 10:18:00-05:00  23.240000  23.250000  23.200001  23.200001  23.200001       0
2022-11-21 10:20:00-05:00  23.200001  23.290001  23.200001  23.290001  23.290001       0
2022-11-21 10:22:00-05:00  23.280001  23.389999  23.280001  23.340000  23.340000       0
2022-11-21 10:24:00-05:00  23.340000  23.340000  23.290001  23.299999  23.299999       0
2022-11-21 10:26:00-05:00  23.309999  23.309999  23.290001  23.309999  23.309999       0
2022-11-21 10:28:00-05:00  23.309999  23.350000  23.309999  23.309999  23.309999       0
2022-11-21 10:30:00-05:00  23.320000  23.340000  23.299999  23.299999  23.299999       0
2022-11-21 10:32:00-05:00  23.299999  23.299999  23.280001  23.280001  23.280001       0
2022-11-21 10:34:00-05:00  23.280001  23.280001  23.260000  23.260000  23.260000       0
2022-11-21 10:36:00-05:00  23.270000  23.280001  23.230000  23.250000  23.250000       0
2022-11-21 10:38:00-05:00  23.240000  23.260000  23.240000  23.260000  23.260000       0