                                Open       High        Low      Close  Adj Close  Volume
Datetime                                                                                
2022-12-15 10:54:00-05:00  22.129999  22.160000  22.129999  22.150000  22.150000       0
2022-12-15 10:56:00-05:00  22.150000  22.209999  22.150000  22.209999  22.209999       0
2022-12-15 10:58:00-05:00  22.209999  22.250000  22.209999  22.209999  22.209999       0
2022-12-15 11:00:00-05:00  22.200001  22.200001  22.059999  22.059999  22.059999       0
2022-12-15 11:02:00-05:00  22.070000  22.110001  22.049999  22.049999  22.049999       0
2022-12-15 11:04:00-05:00  22.040001  22.160000  22.040001  22.160000  22.160000       0
2022-12-15 11:06:00-05:00  22.129999  22.209999  22.129999  22.200001  22.200001       0
2022-12-15 11:08:00-05:00  22.200001  22.290001  22.200001  22.260000  22.260000       0
2022-12-15 11:10:00-05:00  22.280001  22.320000  22.280001  22.320000  22.320000       0
2022-12-15 11:12:00-05:00  22.299999  22.360001  22.290001  22.360001  22.360001       0
2022-12-15 11:14:00-05:00  22.389999  22.570000  22.389999  22.570000  22.570000       0
2022-12-15 11:16:00-05:00  22.600000  22.610001  22.450001  22.459999  22.459999       0
2022-12-15 11:18:00-05:00  22.469999  22.469999  22.350000  22.389999  22.389999       0
2022-12-15 11:20:00-05:00  22.389999  22.450001  22.389999  22.430000  22.430000       0
2022-12-15 11:22:00-05:00  22.420000  22.440001  22.389999  22.420000  22.420000       0
2022-12-15 11:24:00-05:00  22.440001  22.520000  22.440001  22.500000  22.500000       0
2022-12-15 11:26:00-05:00  22.490000  22.540001  22.480000  22.530001  22.530001       0
2022-12-15 11:28:00-05:00  22.530001  22.559999  22.530001  22.549999  22.549999       0
2022-12-15 11:30:00-05:00  22.549999  22.580000  22.540001  22.570000  22.570000       0
2022-12-15 11:32:00-05:00  22.600000  22.639999  22.580000  22.629999  22.629999       0
2022-12-15 11:34:00-05:00  22.620001  22.620001  22.559999  22.580000  22.580000       0
2022-12-15 11:36:00-05:00  22.580000  22.580000  22.500000  22.549999  22.549999       0
2022-12-15 11:38:00-05:00  22.559999  22.559999  22.520000  22.540001  22.540001       0
2022-12-15 11:40:00-05:00  22.540001  22.620001  22.540001  22.620001  22.620001       0
2022-12-15 11:42:00-05:00  22.620001  22.740000  22.620001  22.730000  22.730000       0
2022-12-15 11:44:00-05:00  22.730000  22.730000  22.629999  22.629999  22.629999       0
2022-12-15 11:46:00-05:00  22.639999  22.719999  22.639999  22.719999  22.719999       0
2022-12-15 11:48:00-05:00  22.730000  22.820000  22.719999  22.820000  22.820000       0
2022-12-15 11:50:00-05:00  22.830000  22.910000  22.830000  22.889999  22.889999       0
2022-12-15 11:52:00-05:00  22.860001  22.860001  22.820000  22.830000  22.830000       0
2022-12-15 11:54:00-05:00  22.840000  22.860001  22.840000  22.860001  22.860001       0
2022-12-15 11:56:00-05:00  22.879999  22.910000  22.879999  22.910000  22.910000       0
2022-12-15 11:58:00-05:00  22.910000  22.910000  22.850000  22.860001  22.860001       0
2022-12-15 12:00:00-05:00  22.870001  22.889999  22.799999  22.809999  22.809999       0
2022-12-15 12:02:00-05:00  22.820000  22.840000  22.809999  22.840000  22.840000       0
2022-12-15 12:04:00-05:00  22.830000  22.830000  22.820000  22.830000  22.830000       0
2022-12-15 12:06:00-05:00  22.830000  22.830000  22.760000  22.760000  22.760000       0
2022-12-15 12:08:00-05:00  22.750000  22.799999  22.750000  22.780001  22.780001       0
2022-12-15 12:10:00-05:00  22.770000  22.870001  22.750000  22.870001  22.870001       0
2022-12-15 12:12:00-05:00  22.879999  22.889999  22.830000  22.889999  22.889999       0
2022-12-15 12:14:00-05:00  22.879999  22.930000  22.879999  22.930000  22.930000       0
2022-12-15 12:16:00-05:00  22.920000  22.920000  22.860001  22.860001  22.860001       0
2022-12-15 12:18:00-05:00  22.860001  22.870001  22.790001  22.790001  22.790001       0
2022-12-15 12:20:00-05:00  22.799999  22.879999  22.799999  22.879999  22.879999       0
2022-12-15 12:22:00-05:00  22.870001  22.940001  22.870001  22.940001  22.940001       0
2022-12-15 12:24:00-05:00  22.930000  22.930000  22.879999  22.879999  22.879999       0
2022-12-15 12:26:00-05:00  22.889999  22.910000  22.889999  22.889999  22.889999       0
2022-12-15 12:28:00-05:00  22.870001  22.879999  22.840000  22.840000  22.840000       0
2022-12-15 12:30:00-05:00  22.840000  22.840000  22.760000  22.799999  22.799999       0
2022-12-15 12:32:00-05:00  22.799999  22.799999  22.750000  22.760000  22.760000       0
2022-12-15 12:34:00-05:00  22.760000  22.760000  22.680000  22.680000  22.680000       0
2022-12-15 12:36:00-05:00  22.680000  22.740000  22.680000  22.740000  22.740000       0
2022-12-15 12:38:00-05:00  22.750000  22.830000  22.750000  22.820000  22.820000       0
2022-12-15 12:40:00-05:00  22.830000  22.840000  22.820000  22.830000  22.830000       0
2022-12-15 12:42:00-05:00  22.830000  22.920000  22.830000  22.920000  22.920000       0
2022-12-15 12:44:00-05:00  22.920000  22.950001  22.920000  22.920000  22.920000       0
2022-12-15 12:46:00-05:00  22.920000  22.980000  22.920000  22.959999  22.959999       0
2022-12-15 12:48:00-05:00  22.959999  22.980000  22.959999  22.980000  22.980000       0
2022-12-15 12:50:00-05:00  22.980000  22.980000  22.959999  22.969999  22.969999       0
2022-12-15 12:52:00-05:00  22.969999  23.030001  22.969999  23.020000  23.020000       0
2022-12-15 12:54:00-05:00  23.030001  23.090000  23.030001  23.090000  23.090000       0
2022-12-15 12:56:00-05:00  23.120001  23.180000  23.100000  23.180000  23.180000       0
2022-12-15 12:58:00-05:00  23.219999  23.219999  23.190001  23.200001  23.200001       0
2022-12-15 13:00:00-05:00  23.209999  23.230000  23.209999  23.219999  23.219999       0
2022-12-15 13:02:00-05:00  23.209999  23.250000  23.209999  23.250000  23.250000       0
2022-12-15 13:04:00-05:00  23.280001  23.299999  23.270000  23.299999  23.299999       0
2022-12-15 13:06:00-05:00  23.299999  23.469999  23.299999  23.469999  23.469999       0
2022-12-15 13:08:00-05:00  23.469999  23.469999  23.440001  23.440001  23.440001       0
2022-12-15 13:10:00-05:00  23.430000  23.440001  23.370001  23.370001  23.370001       0
2022-12-15 13:12:00-05:00  23.360001  23.400000  23.330000  23.400000  23.400000       0
2022-12-15 13:14:00-05:00  23.400000  23.420000  23.400000  23.400000  23.400000       0
2022-12-15 13:16:00-05:00  23.400000  23.420000  23.389999  23.410000  23.410000       0
2022-12-15 13:18:00-05:00  23.410000  23.500000  23.410000  23.500000  23.500000       0
2022-12-15 13:20:00-05:00  23.510000  23.540001  23.500000  23.520000  23.520000       0
2022-12-15 13:22:00-05:00  23.530001  23.559999  23.490000  23.559999  23.559999       0
2022-12-15 13:24:00-05:00  23.559999  23.559999  23.530001  23.530001  23.530001       0
2022-12-15 13:26:00-05:00  23.520000  23.540001  23.520000  23.520000  23.520000       0
2022-12-15 13:28:00-05:00  23.520000  23.520000  23.469999  23.469999  23.469999       0
2022-12-15 13:30:00-05:00  23.469999  23.510000  23.469999  23.510000  23.510000       0
2022-12-15 13:32:00-05:00  23.510000  23.520000  23.490000  23.510000  23.510000       0
2022-12-15 13:34:00-05:00  23.500000  23.549999  23.500000  23.549999  23.549999       0
2022-12-15 13:36:00-05:00  23.549999  23.559999  23.540001  23.540001  23.540001       0
2022-12-15 13:38:00-05:00  23.540001  23.540001  23.459999  23.469999  23.469999       0
2022-12-15 13:40:00-05:00  23.480000  23.490000  23.469999  23.490000  23.490000       0
2022-12-15 13:42:00-05:00  23.490000  23.650000  23.469999  23.650000  23.650000       0
2022-12-15 13:44:00-05:00  23.670000  23.670000  23.590000  23.600000  23.600000       0
2022-12-15 13:46:00-05:00  23.570000  23.580000  23.540001  23.540001  23.540001       0
2022-12-15 13:48:00-05:00  23.559999  23.580000  23.559999  23.580000  23.580000       0
2022-12-15 13:50:00-05:00  23.610001  23.650000  23.590000  23.650000  23.650000       0
2022-12-15 13:52:00-05:00  23.660000  23.670000  23.610001  23.639999  23.639999       0
2022-12-15 13:54:00-05:00  23.639999  23.639999  23.540001  23.549999  23.549999       0
2022-12-15 13:56:00-05:00  23.540001  23.540001  23.510000  23.510000  23.510000       0
2022-12-15 13:58:00-05:00  23.520000  23.540001  23.520000  23.530001  23.530001       0
2022-12-15 14:00:00-05:00  23.510000  23.520000  23.500000  23.500000  23.500000       0
2022-12-15 14:02:00-05:00  23.500000  23.510000  23.459999  23.469999  23.469999       0
2022-12-15 14:04:00-05:00  23.510000  23.590000  23.510000  23.590000  23.590000       0
2022-12-15 14:06:00-05:00  23.610001  23.610001  23.549999  23.559999  23.559999       0
2022-12-15 14:08:00-05:00  23.570000  23.610001  23.570000  23.600000  23.600000       0
2022-12-15 14:10:00-05:00  23.620001  23.639999  23.620001  23.639999  23.639999       0
2022-12-15 14:12:00-05:00  23.639999  23.639999  23.620001  23.629999  23.629999       0
2022-12-15 14:14:00-05:00  23.629999  23.629999  23.600000  23.600000  23.600000       0
2022-12-15 14:16:00-05:00  23.610001  23.610001  23.590000  23.590000  23.590000       0
2022-12-15 14:18:00-05:00  23.590000  23.590000  23.570000  23.570000  23.570000       0
2022-12-15 14:20:00-05:00  23.580000  23.580000  23.559999  23.559999  23.559999       0
2022-12-15 14:22:00-05:00  23.549999  23.559999  23.510000  23.520000  23.520000       0
2022-12-15 14:24:00-05:00  23.510000  23.510000  23.480000  23.480000  23.480000       0
2022-12-15 14:26:00-05:00  23.469999  23.480000  23.450001  23.459999  23.459999       0
2022-12-15 14:28:00-05:00  23.469999  23.469999  23.400000  23.400000  23.400000       0
2022-12-15 14:30:00-05:00  23.410000  23.410000  23.330000  23.330000  23.330000       0
2022-12-15 14:32:00-05:00  23.309999  23.330000  23.309999  23.320000  23.320000       0
2022-12-15 14:34:00-05:00  23.290001  23.299999  23.270000  23.270000  23.270000       0
2022-12-15 14:36:00-05:00  23.280001  23.330000  23.230000  23.230000  23.230000       0
2022-12-15 14:38:00-05:00  23.170000  23.190001  23.139999  23.170000  23.170000       0
2022-12-15 14:40:00-05:00  23.160000  23.160000  23.129999  23.129999  23.129999       0
2022-12-15 14:42:00-05:00  23.129999  23.139999  23.049999  23.059999  23.059999       0
2022-12-15 14:44:00-05:00  23.049999  23.049999  23.010000  23.010000  23.010000       0
2022-12-15 14:46:00-05:00  23.000000  23.100000  23.000000  23.100000  23.100000       0
2022-12-15 14:48:00-05:00  23.120001  23.120001  23.090000  23.090000  23.090000       0
2022-12-15 14:50:00-05:00  23.080000  23.080000  23.040001  23.080000  23.080000       0
2022-12-15 14:52:00-05:00  23.070000  23.070000  22.959999  22.959999  22.959999       0
2022-12-15 14:54:00-05:00  22.959999  22.959999  22.900000  22.900000  22.900000       0
2022-12-15 14:56:00-05:00  22.879999  22.879999  22.830000  22.830000  22.830000       0
2022-12-15 14:58:00-05:00  22.820000  22.840000  22.790001  22.790001  22.790001       0
2022-12-15 15:00:00-05:00  22.770000  22.770000  22.690001  22.690001  22.690001       0
2022-12-15 15:02:00-05:00  22.709999  22.730000  22.700001  22.730000  22.730000       0
2022-12-15 15:04:00-05:00  22.709999  22.709999  22.680000  22.709999  22.709999       0
2022-12-15 15:06:00-05:00  22.690001  22.690001  22.629999  22.629999  22.629999       0
2022-12-15 15:08:00-05:00  22.629999  22.629999  22.580000  22.580000  22.580000       0
2022-12-15 15:10:00-05:00  22.590000  22.670000  22.590000  22.670000  22.670000       0
2022-12-15 15:12:00-05:00  22.660000  22.670000  22.639999  22.670000  22.670000       0
2022-12-15 15:14:00-05:00  22.690001  22.809999  22.690001  22.809999  22.809999       0
2022-12-15 15:16:00-05:00  22.809999  22.820000  22.790001  22.790001  22.790001       0
2022-12-15 15:18:00-05:00  22.760000  22.840000  22.760000  22.840000  22.840000       0
2022-12-15 15:20:00-05:00  22.850000  22.870001  22.770000  22.770000  22.770000       0
2022-12-15 15:22:00-05:00  22.719999  22.770000  22.719999  22.770000  22.770000       0
2022-12-15 15:24:00-05:00  22.750000  22.780001  22.730000  22.750000  22.750000       0
2022-12-15 15:26:00-05:00  22.760000  22.760000  22.670000  22.670000  22.670000       0
2022-12-15 15:28:00-05:00  22.650000  22.650000  22.580000  22.580000  22.580000       0
2022-12-15 15:30:00-05:00  22.580000  22.620001  22.580000  22.620001  22.620001       0
2022-12-15 15:32:00-05:00  22.650000  22.650000  22.570000  22.580000  22.580000       0
2022-12-15 15:34:00-05:00  22.660000  22.660000  22.620001  22.639999  22.639999       0
2022-12-15 15:36:00-05:00  22.629999  22.730000  22.629999  22.730000  22.730000       0
2022-12-15 15:38:00-05:00  22.709999  22.730000  22.650000  22.660000  22.660000       0
2022-12-15 15:40:00-05:00  22.680000  22.760000  22.660000  22.760000  22.760000       0
2022-12-15 15:42:00-05:00  22.780001  22.930000  22.780001  22.930000  22.930000       0
2022-12-15 15:44:00-05:00  22.920000  22.959999  22.920000  22.940001  22.940001       0
2022-12-15 15:46:00-05:00  22.950001  22.969999  22.920000  22.959999  22.959999       0
2022-12-15 15:48:00-05:00  22.969999  22.980000  22.930000  22.959999  22.959999       0
2022-12-15 15:50:00-05:00  22.969999  22.969999  22.820000  22.830000  22.830000       0
2022-12-15 15:52:00-05:00  22.860001  22.879999  22.850000  22.870001  22.870001       0
2022-12-15 15:54:00-05:00  22.879999  22.900000  22.850000  22.900000  22.900000       0
2022-12-15 15:56:00-05:00  22.900000  22.900000  22.799999  22.799999  22.799999       0
2022-12-15 15:58:00-05:00  22.799999  22.809999  22.770000  22.780001  22.780001       0
2022-12-16 09:30:00-05:00  23.280001  23.280001  23.230000  23.250000  23.250000       0
2022-12-16 09:32:00-05:00  23.219999  23.219999  23.080000  23.110001  23.110001       0
2022-12-16 09:34:00-05:00  23.110001  23.129999  22.959999  22.959999  22.959999       0
2022-12-16 09:36:00-05:00  22.959999  23.049999  22.959999  23.049999  23.049999       0
2022-12-16 09:38:00-05:00  23.049999  23.120001  23.049999  23.070000  23.070000       0
2022-12-16 09:40:00-05:00  23.070000  23.139999  23.049999  23.049999  23.049999       0
2022-12-16 09:42:00-05:00  23.059999  23.059999  22.930000  22.940001  22.940001       0
2022-12-16 09:44:00-05:00  22.930000  22.990000  22.900000  22.950001  22.950001       0
2022-12-16 09:46:00-05:00  22.840000  22.850000  22.700001  22.700001  22.700001       0
2022-12-16 09:48:00-05:00  22.690001  22.690001  22.459999  22.459999  22.459999       0
2022-12-16 09:50:00-05:00  22.420000  22.440001  22.389999  22.389999  22.389999       0
2022-12-16 09:52:00-05:00  22.370001  22.410000  22.350000  22.350000  22.350000       0
2022-12-16 09:54:00-05:00  22.330000  22.350000  22.320000  22.340000  22.340000       0
2022-12-16 09:56:00-05:00  22.350000  22.389999  22.330000  22.340000  22.340000       0
2022-12-16 09:58:00-05:00  22.360001  22.410000  22.360001  22.410000  22.410000       0
2022-12-16 10:00:00-05:00  22.469999  22.760000  22.469999  22.740000  22.740000       0
2022-12-16 10:02:00-05:00  22.709999  22.740000  22.680000  22.680000  22.680000       0
2022-12-16 10:04:00-05:00  22.680000  22.760000  22.680000  22.700001  22.700001       0
2022-12-16 10:06:00-05:00  22.740000  23.020000  22.740000  23.020000  23.020000       0
2022-12-16 10:08:00-05:00  23.059999  23.100000  23.059999  23.080000  23.080000       0
2022-12-16 10:10:00-05:00  23.120001  23.129999  23.070000  23.070000  23.070000       0
2022-12-16 10:12:00-05:00  23.090000  23.150000  23.070000  23.129999  23.129999       0
2022-12-16 10:14:00-05:00  23.160000  23.190001  23.129999  23.129999  23.129999       0
2022-12-16 10:16:00-05:00  23.160000  23.200001  23.070000  23.070000  23.070000       0
2022-12-16 10:18:00-05:00  23.049999  23.080000  23.030001  23.030001  23.030001       0
2022-12-16 10:20:00-05:00  23.010000  23.090000  23.000000  23.090000  23.090000       0
2022-12-16 10:22:00-05:00  23.100000  23.100000  23.059999  23.090000  23.090000       0
2022-12-16 10:24:00-05:00  23.100000  23.280001  23.100000  23.260000  23.260000       0
2022-12-16 10:26:00-05:00  23.260000  23.299999  23.240000  23.240000  23.240000       0
2022-12-16 10:28:00-05:00  23.230000  23.280001  23.219999  23.280001  23.280001       0
2022-12-16 10:30:00-05:00  23.330000  23.340000  23.250000  23.340000  23.340000       0
2022-12-16 10:32:00-05:00  23.340000  23.510000  23.340000  23.510000  23.510000       0
2022-12-16 10:34:00-05:00  23.530001  23.570000  23.510000  23.510000  23.510000       0
2022-12-16 10:36:00-05:00  23.510000  23.610001  23.500000  23.559999  23.559999       0
2022-12-16 10:38:00-05:00  23.530001  23.530001  23.459999  23.459999  23.459999       0
2022-12-16 10:40:00-05:00  23.450001  23.490000  23.440001  23.480000  23.480000       0
2022-12-16 10:42:00-05:00  23.469999  23.469999  23.350000  23.350000  23.350000       0
2022-12-16 10:44:00-05:00  23.350000  23.360001  23.330000  23.330000  23.330000       0
2022-12-16 10:46:00-05:00  23.340000  23.420000  23.340000  23.340000  23.340000       0
2022-12-16 10:48:00-05:00  23.290001  23.340000  23.260000  23.340000  23.340000       0
2022-12-16 10:50:00-05:00  23.350000  23.370001  23.330000  23.360001  23.360001       0
2022-12-16 10:52:00-05:00  23.330000  23.330000  23.230000  23.230000  23.230000       0
2022-12-16 10:54:00-05:00  23.209999  23.209999  23.150000  23.160000  23.160000       0
2022-12-16 10:56:00-05:00  23.200001  23.200001  23.139999  23.139999  23.139999       0
2022-12-16 10:58:00-05:00  23.139999  23.190001  23.129999  23.150000  23.150000       0
2022-12-16 11:00:00-05:00  23.150000  23.150000  23.110001  23.129999  23.129999       0
2022-12-16 11:02:00-05:00  23.120001  23.170000  23.120001  23.120001  23.120001       0
2022-12-16 11:04:00-05:00  23.139999  23.150000  23.139999  23.150000  23.150000       0
2022-12-16 11:06:00-05:00  23.160000  23.160000  23.090000  23.110001  23.110001       0
2022-12-16 11:08:00-05:00  23.090000  23.170000  23.090000  23.170000  23.170000       0
2022-12-16 11:10:00-05:00  23.180000  23.280001  23.180000  23.280001  23.280001       0
2022-12-16 11:12:00-05:00  23.290001  23.290001  23.139999  23.139999  23.139999       0
2022-12-16 11:14:00-05:00  23.129999  23.129999  22.980000  23.010000  23.010000       0
2022-12-16 11:16:00-05:00  23.049999  23.070000  23.049999  23.070000  23.070000       0
2022-12-16 11:18:00-05:00  23.059999  23.059999  23.030001  23.030001  23.030001       0
2022-12-16 11:20:00-05:00  23.030001  23.049999  23.010000  23.020000  23.020000       0
2022-12-16 11:22:00-05:00  23.040001  23.049999  23.020000  23.040001  23.040001       0
2022-12-16 11:24:00-05:00  23.059999  23.120001  23.049999  23.049999  23.049999       0
2022-12-16 11:26:00-05:00  23.059999  23.070000  23.040001  23.049999  23.049999       0
2022-12-16 11:28:00-05:00  23.090000  23.129999  23.090000  23.110001  23.110001       0
2022-12-16 11:30:00-05:00  23.120001  23.120001  23.030001  23.040001  23.040001       0
2022-12-16 11:32:00-05:00  23.020000  23.040001  23.000000  23.040001  23.040001       0
2022-12-16 11:34:00-05:00  23.070000  23.070000  23.020000  23.020000  23.020000       0
2022-12-16 11:36:00-05:00  23.030001  23.049999  23.010000  23.010000  23.010000       0
2022-12-16 11:38:00-05:00  23.010000  23.010000  22.980000  22.980000  22.980000       0
2022-12-16 11:40:00-05:00  22.980000  23.000000  22.980000  22.990000  22.990000       0
2022-12-16 11:42:00-05:00  23.000000  23.049999  23.000000  23.049999  23.049999       0
2022-12-16 11:44:00-05:00  23.070000  23.080000  23.020000  23.049999  23.049999       0
2022-12-16 11:46:00-05:00  23.070000  23.120001  23.059999  23.059999  23.059999       0
2022-12-16 11:48:00-05:00  23.059999  23.160000  23.059999  23.160000  23.160000       0
2022-12-16 11:50:00-05:00  23.180000  23.180000  23.129999  23.129999  23.129999       0
2022-12-16 11:52:00-05:00  23.139999  23.139999  23.100000  23.120001  23.120001       0
2022-12-16 11:54:00-05:00  23.180000  23.260000  23.180000  23.260000  23.260000       0
2022-12-16 11:56:00-05:00  23.270000  23.309999  23.260000  23.309999  23.309999       0
2022-12-16 11:58:00-05:00  23.320000  23.400000  23.320000  23.400000  23.400000       0
2022-12-16 12:00:00-05:00  23.389999  23.389999  23.320000  23.350000  23.350000       0
2022-12-16 12:02:00-05:00  23.330000  23.379999  23.330000  23.360001  23.360001       0
2022-12-16 12:04:00-05:00  23.360001  23.360001  23.309999  23.309999  23.309999       0
2022-12-16 12:06:00-05:00  23.309999  23.330000  23.309999  23.309999  23.309999       0
2022-12-16 12:08:00-05:00  23.309999  23.309999  23.299999  23.309999  23.309999       0
2022-12-16 12:10:00-05:00  23.320000  23.330000  23.290001  23.290001  23.290001       0
2022-12-16 12:12:00-05:00  23.260000  23.280001  23.209999  23.280001  23.280001       0
2022-12-16 12:14:00-05:00  23.290001  23.299999  23.270000  23.280001  23.280001       0
2022-12-16 12:16:00-05:00  23.260000  23.260000  23.250000  23.250000  23.250000       0
2022-12-16 12:18:00-05:00  23.230000  23.230000  23.110001  23.110001  23.110001       0
2022-12-16 12:20:00-05:00  23.090000  23.100000  23.080000  23.100000  23.100000       0
2022-12-16 12:22:00-05:00  23.129999  23.200001  23.129999  23.200001  23.200001       0
2022-12-16 12:24:00-05:00  23.200001  23.209999  23.150000  23.150000  23.150000       0
2022-12-16 12:26:00-05:00  23.160000  23.160000  23.150000  23.160000  23.160000       0
2022-12-16 12:28:00-05:00  23.150000  23.150000  23.059999  23.059999  23.059999       0
2022-12-16 12:30:00-05:00  23.059999  23.059999  23.040001  23.049999  23.049999       0
2022-12-16 12:32:00-05:00  23.049999  23.049999  22.990000  23.020000  23.020000       0
2022-12-16 12:34:00-05:00  23.010000  23.010000  22.959999  22.969999  22.969999       0
2022-12-16 12:36:00-05:00  22.959999  22.959999  22.850000  22.850000  22.850000       0
2022-12-16 12:38:00-05:00  22.809999  22.809999  22.760000  22.780001  22.780001       0
2022-12-16 12:40:00-05:00  22.790001  22.959999  22.790001  22.959999  22.959999       0
2022-12-16 12:42:00-05:00  22.950001  23.059999  22.950001  23.059999  23.059999       0
2022-12-16 12:44:00-05:00  23.059999  23.059999  23.030001  23.030001  23.030001       0
2022-12-16 12:46:00-05:00  23.049999  23.120001  23.049999  23.070000  23.070000       0
2022-12-16 12:48:00-05:00  23.030001  23.040001  23.030001  23.030001  23.030001       0
2022-12-16 12:50:00-05:00  23.030001  23.070000  23.030001  23.049999  23.049999       0
2022-12-16 12:52:00-05:00  23.049999  23.070000  23.049999  23.059999  23.059999       0
2022-12-16 12:54:00-05:00  23.049999  23.150000  23.049999  23.129999  23.129999       0
2022-12-16 12:56:00-05:00  23.139999  23.150000  23.129999  23.150000  23.150000       0
2022-12-16 12:58:00-05:00  23.170000  23.200001  23.139999  23.200001  23.200001       0
2022-12-16 13:00:00-05:00  23.200001  23.200001  23.139999  23.139999  23.139999       0
2022-12-16 13:02:00-05:00  23.139999  23.139999  23.110001  23.110001  23.110001       0
2022-12-16 13:04:00-05:00  23.120001  23.180000  23.120001  23.170000  23.170000       0
2022-12-16 13:06:00-05:00  23.160000  23.160000  23.120001  23.160000  23.160000       0
2022-12-16 13:08:00-05:00  23.160000  23.170000  23.120001  23.120001  23.120001       0
2022-12-16 13:10:00-05:00  23.120001  23.120001  23.070000  23.080000  23.080000       0
2022-12-16 13:12:00-05:00  23.080000  23.129999  23.080000  23.120001  23.120001       0
2022-12-16 13:14:00-05:00  23.129999  23.180000  23.129999  23.150000  23.150000       0
2022-12-16 13:16:00-05:00  23.139999  23.139999  23.100000  23.100000  23.100000       0
2022-12-16 13:18:00-05:00  23.100000  23.129999  23.090000  23.129999  23.129999       0
2022-12-16 13:20:00-05:00  23.139999  23.160000  23.129999  23.150000  23.150000       0
2022-12-16 13:22:00-05:00  23.150000  23.160000  23.120001  23.129999  23.129999       0
2022-12-16 13:24:00-05:00  23.110001  23.139999  23.110001  23.139999  23.139999       0
2022-12-16 13:26:00-05:00  23.139999  23.180000  23.129999  23.150000  23.150000       0
2022-12-16 13:28:00-05:00  23.150000  23.150000  23.129999  23.139999  23.139999       0
2022-12-16 13:30:00-05:00  23.139999  23.150000  23.110001  23.129999  23.129999       0
2022-12-16 13:32:00-05:00  23.129999  23.129999  23.059999  23.059999  23.059999       0
2022-12-16 13:34:00-05:00  23.040001  23.070000  23.040001  23.049999  23.049999       0
2022-12-16 13:36:00-05:00  23.059999  23.059999  23.010000  23.040001  23.040001       0
2022-12-16 13:38:00-05:00  23.049999  23.100000  23.049999  23.100000  23.100000       0
2022-12-16 13:40:00-05:00  23.110001  23.139999  23.110001  23.129999  23.129999       0
2022-12-16 13:42:00-05:00  23.110001  23.120001  23.090000  23.110001  23.110001       0
2022-12-16 13:44:00-05:00  23.110001  23.129999  23.090000  23.090000  23.090000       0
2022-12-16 13:46:00-05:00  23.090000  23.100000  23.090000  23.090000  23.090000       0
2022-12-16 13:48:00-05:00  23.080000  23.080000  23.049999  23.049999  23.049999       0
2022-12-16 13:50:00-05:00  23.049999  23.090000  23.049999  23.090000  23.090000       0
2022-12-16 13:52:00-05:00  23.080000  23.100000  23.070000  23.080000  23.080000       0
2022-12-16 13:54:00-05:00  23.090000  23.100000  23.049999  23.049999  23.049999       0
2022-12-16 13:56:00-05:00  23.049999  23.100000  23.049999  23.100000  23.100000       0
2022-12-16 13:58:00-05:00  23.120001  23.120001  23.059999  23.070000  23.070000       0
2022-12-16 14:00:00-05:00  23.070000  23.080000  23.070000  23.070000  23.070000       0
2022-12-16 14:02:00-05:00  23.059999  23.070000  23.049999  23.059999  23.059999       0
2022-12-16 14:04:00-05:00  23.049999  23.100000  23.049999  23.100000  23.100000       0
2022-12-16 14:06:00-05:00  23.080000  23.080000  23.000000  23.000000  23.000000       0
2022-12-16 14:08:00-05:00  23.020000  23.020000  22.969999  22.990000  22.990000       0
2022-12-16 14:10:00-05:00  22.990000  23.010000  22.959999  22.959999  22.959999       0
2022-12-16 14:12:00-05:00  22.930000  22.959999  22.930000  22.930000  22.930000       0
2022-12-16 14:14:00-05:00  22.940001  22.940001  22.850000  22.850000  22.850000       0
2022-12-16 14:16:00-05:00  22.840000  22.840000  22.799999  22.799999  22.799999       0
2022-12-16 14:18:00-05:00  22.790001  22.889999  22.790001  22.889999  22.889999       0
2022-12-16 14:20:00-05:00  22.879999  22.940001  22.879999  22.940001  22.940001       0
2022-12-16 14:22:00-05:00  22.920000  22.930000  22.879999  22.910000  22.910000       0
2022-12-16 14:24:00-05:00  22.910000  22.910000  22.889999  22.889999  22.889999       0
2022-12-16 14:26:00-05:00  22.889999  22.930000  22.889999  22.930000  22.930000       0
2022-12-16 14:28:00-05:00  22.920000  22.930000  22.900000  22.920000  22.920000       0
2022-12-16 14:30:00-05:00  22.940001  22.969999  22.940001  22.969999  22.969999       0
2022-12-16 14:32:00-05:00  22.959999  23.030001  22.959999  23.020000  23.020000       0
2022-12-16 14:34:00-05:00  23.020000  23.049999  22.940001  22.940001  22.940001       0
2022-12-16 14:36:00-05:00  22.950001  22.950001  22.879999  22.879999  22.879999       0
2022-12-16 14:38:00-05:00  22.889999  22.889999  22.850000  22.850000  22.850000       0
2022-12-16 14:40:00-05:00  22.870001  22.889999  22.860001  22.870001  22.870001       0
2022-12-16 14:42:00-05:00  22.879999  22.879999  22.860001  22.870001  22.870001       0
2022-12-16 14:44:00-05:00  22.879999  22.879999  22.809999  22.809999  22.809999       0
2022-12-16 14:46:00-05:00  22.820000  22.850000  22.820000  22.840000  22.840000       0
2022-12-16 14:48:00-05:00  22.830000  22.830000  22.700001  22.700001  22.700001       0
2022-12-16 14:50:00-05:00  22.680000  22.680000  22.559999  22.559999  22.559999       0
2022-12-16 14:52:00-05:00  22.580000  22.580000  22.490000  22.500000  22.500000       0
2022-12-16 14:54:00-05:00  22.500000  22.500000  22.459999  22.469999  22.469999       0
2022-12-16 14:56:00-05:00  22.490000  22.490000  22.340000  22.340000  22.340000       0
2022-12-16 14:58:00-05:00  22.350000  22.360001  22.290001  22.320000  22.320000       0
2022-12-16 15:00:00-05:00  22.320000  22.320000  22.230000  22.230000  22.230000       0
2022-12-16 15:02:00-05:00  22.250000  22.260000  22.219999  22.250000  22.250000       0
2022-12-16 15:04:00-05:00  22.250000  22.389999  22.250000  22.389999  22.389999       0
2022-12-16 15:06:00-05:00  22.389999  22.520000  22.389999  22.520000  22.520000       0
2022-12-16 15:08:00-05:00  22.549999  22.549999  22.490000  22.490000  22.490000       0
2022-12-16 15:10:00-05:00  22.490000  22.510000  22.379999  22.379999  22.379999       0
2022-12-16 15:12:00-05:00  22.379999  22.400000  22.360001  22.370001  22.370001       0
2022-12-16 15:14:00-05:00  22.350000  22.360001  22.120001  22.120001  22.120001       0
2022-12-16 15:16:00-05:00  22.110001  22.139999  22.100000  22.139999  22.139999       0
2022-12-16 15:18:00-05:00  22.139999  22.180000  22.139999  22.180000  22.180000       0
2022-12-16 15:20:00-05:00  22.190001  22.230000  22.139999  22.170000  22.170000       0
2022-12-16 15:22:00-05:00  22.180000  22.230000  22.180000  22.230000  22.230000       0
2022-12-16 15:24:00-05:00  22.250000  22.250000  22.219999  22.230000  22.230000       0
2022-12-16 15:26:00-05:00  22.240000  22.290001  22.219999  22.290001  22.290001       0
2022-12-16 15:28:00-05:00  22.309999  22.320000  22.219999  22.219999  22.219999       0
2022-12-16 15:30:00-05:00  22.230000  22.230000  22.090000  22.129999  22.129999       0
2022-12-16 15:32:00-05:00  22.139999  22.200001  22.120001  22.180000  22.180000       0
2022-12-16 15:34:00-05:00  22.170000  22.250000  22.150000  22.250000  22.250000       0
2022-12-16 15:36:00-05:00  22.270000  22.270000  22.240000  22.260000  22.260000       0
2022-12-16 15:38:00-05:00  22.270000  22.330000  22.270000  22.330000  22.330000       0
2022-12-16 15:40:00-05:00  22.340000  22.360001  22.280001  22.330000  22.330000       0
2022-12-16 15:42:00-05:00  22.320000  22.340000  22.309999  22.320000  22.320000       0
2022-12-16 15:44:00-05:00  22.350000  22.440001  22.340000  22.389999  22.389999       0
2022-12-16 15:46:00-05:00  22.370001  22.370001  22.270000  22.340000  22.340000       0
2022-12-16 15:48:00-05:00  22.330000  22.400000  22.320000  22.400000  22.400000       0
2022-12-16 15:50:00-05:00  22.389999  22.600000  22.379999  22.600000  22.600000       0
2022-12-16 15:52:00-05:00  22.570000  22.580000  22.480000  22.549999  22.549999       0
2022-12-16 15:54:00-05:00  22.500000  22.500000  22.350000  22.350000  22.350000       0
2022-12-16 15:56:00-05:00  22.350000  22.379999  22.330000  22.379999  22.379999       0
2022-12-16 15:58:00-05:00  22.400000  22.459999  22.400000  22.459999  22.459999       0
2022-12-19 09:30:00-05:00  22.790001  22.820000  22.790001  22.799999  22.799999       0
2022-12-19 09:32:00-05:00  22.780001  22.780001  22.629999  22.629999  22.629999       0
2022-12-19 09:34:00-05:00  22.620001  22.620001  22.570000  22.590000  22.590000       0
2022-12-19 09:36:00-05:00  22.580000  22.590000  22.530001  22.540001  22.540001       0
2022-12-19 09:38:00-05:00  22.549999  22.549999  22.360001  22.360001  22.360001       0
2022-12-19 09:40:00-05:00  22.360001  22.400000  22.360001  22.400000  22.400000       0
2022-12-19 09:42:00-05:00  22.440001  22.459999  22.410000  22.420000  22.420000       0
2022-12-19 09:44:00-05:00  22.430000  22.430000  22.389999  22.420000  22.420000       0
2022-12-19 09:46:00-05:00  22.400000  22.490000  22.400000  22.490000  22.490000       0
2022-12-19 09:48:00-05:00  22.510000  22.530001  22.480000  22.480000  22.480000       0
2022-12-19 09:50:00-05:00  22.480000  22.530001  22.440001  22.530001  22.530001       0
2022-12-19 09:52:00-05:00  22.540001  22.559999  22.500000  22.500000  22.500000       0
2022-12-19 09:54:00-05:00  22.490000  22.559999  22.480000  22.559999  22.559999       0
2022-12-19 09:56:00-05:00  22.549999  22.580000  22.549999  22.549999  22.549999       0
2022-12-19 09:58:00-05:00  22.530001  22.540001  22.469999  22.469999  22.469999       0
2022-12-19 10:00:00-05:00  22.410000  22.450001  22.389999  22.450001  22.450001       0
2022-12-19 10:02:00-05:00  22.440001  22.480000  22.440001  22.480000  22.480000       0
2022-12-19 10:04:00-05:00  22.490000  22.490000  22.450001  22.490000  22.490000       0
2022-12-19 10:06:00-05:00  22.480000  22.480000  22.440001  22.440001  22.440001       0
2022-12-19 10:08:00-05:00  22.450001  22.450001  22.379999  22.379999  22.379999       0
2022-12-19 10:10:00-05:00  22.370001  22.370001  22.299999  22.309999  22.309999       0
2022-12-19 10:12:00-05:00  22.320000  22.340000  22.250000  22.250000  22.250000       0
2022-12-19 10:14:00-05:00  22.260000  22.260000  22.219999  22.250000  22.250000       0
2022-12-19 10:16:00-05:00  22.250000  22.250000  22.170000  22.170000  22.170000       0
2022-12-19 10:18:00-05:00  22.170000  22.170000  22.120001  22.120001  22.120001       0
2022-12-19 10:20:00-05:00  22.120001  22.120001  21.950001  21.950001  21.950001       0
2022-12-19 10:22:00-05:00  21.969999  22.030001  21.969999  22.020000  22.020000       0
2022-12-19 10:24:00-05:00  21.990000  21.990000  21.910000  21.920000  21.920000       0
2022-12-19 10:26:00-05:00  21.940001  21.969999  21.910000  21.959999  21.959999       0
2022-12-19 10:28:00-05:00  21.959999  21.959999  21.910000  21.910000  21.910000       0
2022-12-19 10:30:00-05:00  21.920000  21.959999  21.920000  21.959999  21.959999       0
2022-12-19 10:32:00-05:00  21.990000  22.000000  21.990000  22.000000  22.000000       0
2022-12-19 10:34:00-05:00  22.000000  22.000000  21.969999  21.969999  21.969999       0
2022-12-19 10:36:00-05:00  21.940001  21.969999  21.940001  21.969999  21.969999       0
2022-12-19 10:38:00-05:00  21.980000  22.059999  21.980000  22.049999  22.049999       0
2022-12-19 10:40:00-05:00  22.059999  22.059999  21.940001  21.940001  21.940001       0
2022-12-19 10:42:00-05:00  21.930000  21.930000  21.910000  21.920000  21.920000       0
2022-12-19 10:44:00-05:00  21.910000  21.930000  21.910000  21.910000  21.910000       0
2022-12-19 10:46:00-05:00  21.889999  21.889999  21.860001  21.860001  21.860001       0
2022-12-19 10:48:00-05:00  21.860001  21.860001  21.799999  21.799999  21.799999       0
2022-12-19 10:50:00-05:00  21.809999  21.860001  21.809999  21.860001  21.860001       0
2022-12-19 10:52:00-05:00  21.870001  21.879999  21.850000  21.860001  21.860001       0
2022-12-19 10:54:00-05:00  21.860001  21.889999  21.850000  21.889999  21.889999       0
2022-12-19 10:56:00-05:00  21.910000  21.920000  21.900000  21.910000  21.910000       0
2022-12-19 10:58:00-05:00  21.910000  21.950001  21.910000  21.940001  21.940001       0
2022-12-19 11:00:00-05:00  21.969999  22.090000  21.969999  22.090000  22.090000       0
2022-12-19 11:02:00-05:00  22.110001  22.110001  22.030001  22.049999  22.049999       0
2022-12-19 11:04:00-05:00  22.049999  22.070000  22.049999  22.059999  22.059999       0
2022-12-19 11:06:00-05:00  22.040001  22.049999  22.030001  22.040001  22.040001       0
2022-12-19 11:08:00-05:00  22.020000  22.040001  22.020000  22.030001  22.030001       0
2022-12-19 11:10:00-05:00  22.030001  22.040001  21.980000  21.980000  21.980000       0
2022-12-19 11:12:00-05:00  21.990000  22.000000  21.969999  21.980000  21.980000       0
2022-12-19 11:14:00-05:00  21.990000  22.000000  21.980000  21.980000  21.980000       0
2022-12-19 11:16:00-05:00  21.980000  21.980000  21.900000  21.900000  21.900000       0
2022-12-19 11:18:00-05:00  21.910000  21.910000  21.879999  21.900000  21.900000       0
2022-12-19 11:20:00-05:00  21.900000  21.900000  21.860001  21.870001  21.870001       0
2022-12-19 11:22:00-05:00  21.889999  21.940001  21.889999  21.940001  21.940001       0
2022-12-19 11:24:00-05:00  21.900000  21.900000  21.799999  21.799999  21.799999       0
2022-12-19 11:26:00-05:00  21.780001  21.840000  21.780001  21.830000  21.830000       0
2022-12-19 11:28:00-05:00  21.850000  21.850000  21.790001  21.799999  21.799999       0
2022-12-19 11:30:00-05:00  21.809999  21.850000  21.809999  21.850000  21.850000       0
2022-12-19 11:32:00-05:00  21.840000  21.900000  21.840000  21.900000  21.900000       0
2022-12-19 11:34:00-05:00  21.900000  21.959999  21.900000  21.959999  21.959999       0
2022-12-19 11:36:00-05:00  21.980000  21.980000  21.950001  21.980000  21.980000       0
2022-12-19 11:38:00-05:00  21.969999  21.990000  21.950001  21.950001  21.950001       0
2022-12-19 11:40:00-05:00  21.959999  22.059999  21.959999  22.040001  22.040001       0
2022-12-19 11:42:00-05:00  22.030001  22.030001  21.969999  21.990000  21.990000       0
2022-12-19 11:44:00-05:00  21.980000  21.990000  21.920000  21.920000  21.920000       0
2022-12-19 11:46:00-05:00  21.910000  21.910000  21.879999  21.889999  21.889999       0
2022-12-19 11:48:00-05:00  21.889999  21.889999  21.870001  21.889999  21.889999       0
2022-12-19 11:50:00-05:00  21.879999  21.889999  21.870001  21.879999  21.879999       0
2022-12-19 11:52:00-05:00  21.860001  21.860001  21.850000  21.850000  21.850000       0
2022-12-19 11:54:00-05:00  21.840000  21.850000  21.809999  21.820000  21.820000       0
2022-12-19 11:56:00-05:00  21.830000  21.879999  21.830000  21.870001  21.870001       0
2022-12-19 11:58:00-05:00  21.870001  21.900000  21.860001  21.900000  21.900000       0
2022-12-19 12:00:00-05:00  21.900000  21.900000  21.830000  21.840000  21.840000       0
2022-12-19 12:02:00-05:00  21.840000  21.840000  21.770000  21.790001  21.790001       0
2022-12-19 12:04:00-05:00  21.790001  21.830000  21.790001  21.820000  21.820000       0
2022-12-19 12:06:00-05:00  21.820000  21.820000  21.760000  21.760000  21.760000       0
2022-12-19 12:08:00-05:00  21.770000  21.770000  21.740000  21.750000  21.750000       0
2022-12-19 12:10:00-05:00  21.760000  21.790001  21.760000  21.790001  21.790001       0
2022-12-19 12:12:00-05:00  21.770000  21.780001  21.750000  21.750000  21.750000       0
2022-12-19 12:14:00-05:00  21.740000  21.740000  21.690001  21.690001  21.690001       0
2022-12-19 12:16:00-05:00  21.680000  21.680000  21.670000  21.680000  21.680000       0
2022-12-19 12:18:00-05:00  21.690001  21.690001  21.680000  21.680000  21.680000       0
2022-12-19 12:20:00-05:00  21.650000  21.660000  21.639999  21.639999  21.639999       0
2022-12-19 12:22:00-05:00  21.639999  21.639999  21.629999  21.639999  21.639999       0
2022-12-19 12:24:00-05:00  21.639999  21.670000  21.639999  21.660000  21.660000       0
2022-12-19 12:26:00-05:00  21.670000  21.680000  21.660000  21.680000  21.680000       0
2022-12-19 12:28:00-05:00  21.670000  21.690001  21.660000  21.660000  21.660000       0
2022-12-19 12:30:00-05:00  21.660000  21.670000  21.629999  21.629999  21.629999       0
2022-12-19 12:32:00-05:00  21.629999  21.680000  21.629999  21.650000  21.650000       0
2022-12-19 12:34:00-05:00  21.660000  21.690001  21.660000  21.660000  21.660000       0
2022-12-19 12:36:00-05:00  21.650000  21.650000  21.610001  21.620001  21.620001       0
2022-12-19 12:38:00-05:00  21.629999  21.639999  21.620001  21.639999  21.639999       0
2022-12-19 12:40:00-05:00  21.639999  21.680000  21.639999  21.680000  21.680000       0
2022-12-19 12:42:00-05:00  21.680000  21.680000  21.670000  21.670000  21.670000       0
2022-12-19 12:44:00-05:00  21.690001  21.700001  21.690001  21.690001  21.690001       0
2022-12-19 12:46:00-05:00  21.680000  21.700001  21.650000  21.650000  21.650000       0
2022-12-19 12:48:00-05:00  21.650000  21.660000  21.629999  21.660000  21.660000       0
2022-12-19 12:50:00-05:00  21.670000  21.680000  21.670000  21.680000  21.680000       0
2022-12-19 12:52:00-05:00  21.690001  21.709999  21.690001  21.700001  21.700001       0
2022-12-19 12:54:00-05:00  21.719999  21.760000  21.719999  21.760000  21.760000       0
2022-12-19 12:56:00-05:00  21.760000  21.790001  21.760000  21.780001  21.780001       0
2022-12-19 12:58:00-05:00  21.780001  21.809999  21.780001  21.799999  21.799999       0
2022-12-19 13:00:00-05:00  21.799999  21.830000  21.790001  21.830000  21.830000       0
2022-12-19 13:02:00-05:00  21.840000  21.860001  21.799999  21.799999  21.799999       0
2022-12-19 13:04:00-05:00  21.809999  21.809999  21.690001  21.690001  21.690001       0
2022-12-19 13:06:00-05:00  21.690001  21.740000  21.690001  21.740000  21.740000       0
2022-12-19 13:08:00-05:00  21.740000  21.780001  21.740000  21.770000  21.770000       0
2022-12-19 13:10:00-05:00  21.780001  21.780001  21.740000  21.760000  21.760000       0
2022-12-19 13:12:00-05:00  21.740000  21.760000  21.740000  21.750000  21.750000       0
2022-12-19 13:14:00-05:00  21.740000  21.740000  21.719999  21.730000  21.730000       0
2022-12-19 13:16:00-05:00  21.770000  21.780001  21.760000  21.770000  21.770000       0
2022-12-19 13:18:00-05:00  21.770000  21.820000  21.770000  21.820000  21.820000       0
2022-12-19 13:20:00-05:00  21.799999  21.799999  21.770000  21.780001  21.780001       0
2022-12-19 13:22:00-05:00  21.780001  21.780001  21.740000  21.760000  21.760000       0
2022-12-19 13:24:00-05:00  21.760000  21.770000  21.760000  21.760000  21.760000       0
2022-12-19 13:26:00-05:00  21.750000  21.790001  21.740000  21.790001  21.790001       0
2022-12-19 13:28:00-05:00  21.790001  21.840000  21.790001  21.840000  21.840000       0
2022-12-19 13:30:00-05:00  21.830000  21.840000  21.830000  21.840000  21.840000       0
2022-12-19 13:32:00-05:00  21.850000  21.900000  21.850000  21.879999  21.879999       0
2022-12-19 13:34:00-05:00  21.889999  21.940001  21.889999  21.920000  21.920000       0
2022-12-19 13:36:00-05:00  21.920000  21.940001  21.900000  21.920000  21.920000       0
2022-12-19 13:38:00-05:00  21.940001  21.940001  21.900000  21.920000  21.920000       0
2022-12-19 13:40:00-05:00  21.910000  22.000000  21.910000  22.000000  22.000000       0
2022-12-19 13:42:00-05:00  21.990000  22.080000  21.990000  22.080000  22.080000       0
2022-12-19 13:44:00-05:00  22.090000  22.180000  22.090000  22.180000  22.180000       0
2022-12-19 13:46:00-05:00  22.160000  22.290001  22.160000  22.290001  22.290001       0
2022-12-19 13:48:00-05:00  22.299999  22.309999  22.219999  22.219999  22.219999       0
2022-12-19 13:50:00-05:00  22.219999  22.250000  22.219999  22.240000  22.240000       0
2022-12-19 13:52:00-05:00  22.250000  22.250000  22.200001  22.230000  22.230000       0
2022-12-19 13:54:00-05:00  22.230000  22.320000  22.230000  22.320000  22.320000       0
2022-12-19 13:56:00-05:00  22.309999  22.350000  22.309999  22.350000  22.350000       0
2022-12-19 13:58:00-05:00  22.379999  22.379999  22.330000  22.350000  22.350000       0
2022-12-19 14:00:00-05:00  22.360001  22.549999  22.360001  22.549999  22.549999       0
2022-12-19 14:02:00-05:00  22.580000  22.610001  22.580000  22.590000  22.590000       0
2022-12-19 14:04:00-05:00  22.610001  22.680000  22.610001  22.639999  22.639999       0
2022-12-19 14:06:00-05:00  22.559999  22.559999  22.350000  22.379999  22.379999       0
2022-12-19 14:08:00-05:00  22.400000  22.450001  22.400000  22.440001  22.440001       0
2022-12-19 14:10:00-05:00  22.430000  22.440001  22.370001  22.370001  22.370001       0
2022-12-19 14:12:00-05:00  22.379999  22.379999  22.340000  22.370001  22.370001       0
2022-12-19 14:14:00-05:00  22.420000  22.490000  22.420000  22.490000  22.490000       0
2022-12-19 14:16:00-05:00  22.490000  22.500000  22.469999  22.469999  22.469999       0
2022-12-19 14:18:00-05:00  22.480000  22.500000  22.480000  22.490000  22.490000       0
2022-12-19 14:20:00-05:00  22.500000  22.500000  22.420000  22.420000  22.420000       0
2022-12-19 14:22:00-05:00  22.389999  22.450001  22.350000  22.450001  22.450001       0
2022-12-19 14:24:00-05:00  22.450001  22.490000  22.450001  22.480000  22.480000       0
2022-12-19 14:26:00-05:00  22.469999  22.469999  22.400000  22.420000  22.420000       0
2022-12-19 14:28:00-05:00  22.420000  22.480000  22.420000  22.469999  22.469999       0
2022-12-19 14:30:00-05:00  22.500000  22.500000  22.469999  22.480000  22.480000       0
2022-12-19 14:32:00-05:00  22.480000  22.480000  22.400000  22.400000  22.400000       0
2022-12-19 14:34:00-05:00  22.360001  22.360001  22.320000  22.340000  22.340000       0
2022-12-19 14:36:00-05:00  22.340000  22.410000  22.340000  22.340000  22.340000       0
2022-12-19 14:38:00-05:00  22.340000  22.370001  22.340000  22.360001  22.360001       0
2022-12-19 14:40:00-05:00  22.350000  22.450001  22.350000  22.450001  22.450001       0
2022-12-19 14:42:00-05:00  22.450001  22.490000  22.450001  22.480000  22.480000       0
2022-12-19 14:44:00-05:00  22.440001  22.450001  22.299999  22.299999  22.299999       0
2022-12-19 14:46:00-05:00  22.250000  22.250000  22.209999  22.240000  22.240000       0
2022-12-19 14:48:00-05:00  22.250000  22.379999  22.250000  22.379999  22.379999       0
2022-12-19 14:50:00-05:00  22.389999  22.530001  22.389999  22.530001  22.530001       0
2022-12-19 14:52:00-05:00  22.540001  22.559999  22.510000  22.530001  22.530001       0
2022-12-19 14:54:00-05:00  22.530001  22.549999  22.469999  22.469999  22.469999       0
2022-12-19 14:56:00-05:00  22.480000  22.540001  22.480000  22.510000  22.510000       0
2022-12-19 14:58:00-05:00  22.500000  22.500000  22.400000  22.400000  22.400000       0
2022-12-19 15:00:00-05:00  22.400000  22.490000  22.400000  22.490000  22.490000       0
2022-12-19 15:02:00-05:00  22.500000  22.540001  22.500000  22.520000  22.520000       0
2022-12-19 15:04:00-05:00  22.490000  22.549999  22.490000  22.540001  22.540001       0
2022-12-19 15:06:00-05:00  22.540001  22.580000  22.540001  22.570000  22.570000       0
2022-12-19 15:08:00-05:00  22.570000  22.570000  22.500000  22.520000  22.520000       0
2022-12-19 15:10:00-05:00  22.520000  22.530001  22.469999  22.480000  22.480000       0
2022-12-19 15:12:00-05:00  22.510000  22.510000  22.469999  22.500000  22.500000       0
2022-12-19 15:14:00-05:00  22.510000  22.549999  22.510000  22.510000  22.510000       0
2022-12-19 15:16:00-05:00  22.480000  22.490000  22.450001  22.469999  22.469999       0
2022-12-19 15:18:00-05:00  22.459999  22.480000  22.459999  22.469999  22.469999       0
2022-12-19 15:20:00-05:00  22.450001  22.500000  22.450001  22.459999  22.459999       0
2022-12-19 15:22:00-05:00  22.469999  22.530001  22.469999  22.530001  22.530001       0
2022-12-19 15:24:00-05:00  22.549999  22.549999  22.450001  22.450001  22.450001       0
2022-12-19 15:26:00-05:00  22.450001  22.490000  22.450001  22.490000  22.490000       0
2022-12-19 15:28:00-05:00  22.490000  22.520000  22.469999  22.490000  22.490000       0
2022-12-19 15:30:00-05:00  22.500000  22.500000  22.450001  22.450001  22.450001       0
2022-12-19 15:32:00-05:00  22.430000  22.490000  22.430000  22.440001  22.440001       0
2022-12-19 15:34:00-05:00  22.459999  22.469999  22.450001  22.459999  22.459999       0
2022-12-19 15:36:00-05:00  22.450001  22.450001  22.410000  22.410000  22.410000       0
2022-12-19 15:38:00-05:00  22.410000  22.549999  22.410000  22.549999  22.549999       0
2022-12-19 15:40:00-05:00  22.549999  22.620001  22.549999  22.590000  22.590000       0
2022-12-19 15:42:00-05:00  22.570000  22.580000  22.540001  22.570000  22.570000       0
2022-12-19 15:44:00-05:00  22.580000  22.600000  22.540001  22.540001  22.540001       0
2022-12-19 15:46:00-05:00  22.549999  22.549999  22.500000  22.530001  22.530001       0
2022-12-19 15:48:00-05:00  22.530001  22.570000  22.520000  22.570000  22.570000       0
2022-12-19 15:50:00-05:00  22.540001  22.540001  22.440001  22.459999  22.459999       0
2022-12-19 15:52:00-05:00  22.469999  22.469999  22.420000  22.420000  22.420000       0
2022-12-19 15:54:00-05:00  22.410000  22.420000  22.320000  22.330000  22.330000       0
2022-12-19 15:56:00-05:00  22.340000  22.340000  22.230000  22.230000  22.230000       0
2022-12-19 15:58:00-05:00  22.260000  22.280001  22.250000  22.250000  22.250000       0
2022-12-20 09:30:00-05:00  22.549999  22.610001  22.549999  22.559999  22.559999       0
2022-12-20 09:32:00-05:00  22.540001  22.620001  22.500000  22.500000  22.500000       0
2022-12-20 09:34:00-05:00  22.510000  22.549999  22.510000  22.549999  22.549999       0
2022-12-20 09:36:00-05:00  22.530001  22.530001  22.440001  22.440001  22.440001       0
2022-12-20 09:38:00-05:00  22.430000  22.430000  22.389999  22.389999  22.389999       0
2022-12-20 09:40:00-05:00  22.389999  22.530001  22.379999  22.469999  22.469999       0
2022-12-20 09:42:00-05:00  22.459999  22.650000  22.459999  22.600000  22.600000       0
2022-12-20 09:44:00-05:00  22.590000  22.629999  22.590000  22.610001  22.610001       0
2022-12-20 09:46:00-05:00  22.629999  22.740000  22.629999  22.670000  22.670000       0
2022-12-20 09:48:00-05:00  22.680000  22.709999  22.650000  22.650000  22.650000       0
2022-12-20 09:50:00-05:00  22.660000  22.730000  22.559999  22.559999  22.559999       0
2022-12-20 09:52:00-05:00  22.549999  22.650000  22.549999  22.650000  22.650000       0
2022-12-20 09:54:00-05:00  22.650000  22.660000  22.540001  22.540001  22.540001       0
2022-12-20 09:56:00-05:00  22.510000  22.510000  22.330000  22.330000  22.330000       0
2022-12-20 09:58:00-05:00  22.360001  22.400000  22.350000  22.350000  22.350000       0
2022-12-20 10:00:00-05:00  22.330000  22.330000  22.209999  22.250000  22.250000       0
2022-12-20 10:02:00-05:00  22.270000  22.270000  22.240000  22.260000  22.260000       0
2022-12-20 10:04:00-05:00  22.250000  22.250000  22.150000  22.150000  22.150000       0
2022-12-20 10:06:00-05:00  22.139999  22.180000  22.139999  22.180000  22.180000       0
2022-12-20 10:08:00-05:00  22.190001  22.209999  22.170000  22.209999  22.209999       0
2022-12-20 10:10:00-05:00  22.240000  22.290001  22.230000  22.280001  22.280001       0
2022-12-20 10:12:00-05:00  22.280001  22.280001  22.190001  22.200001  22.200001       0
2022-12-20 10:14:00-05:00  22.209999  22.209999  22.180000  22.180000  22.180000       0
2022-12-20 10:16:00-05:00  22.120001  22.120001  22.059999  22.059999  22.059999       0
2022-12-20 10:18:00-05:00  22.059999  22.080000  22.000000  22.080000  22.080000       0
2022-12-20 10:20:00-05:00  22.090000  22.090000  21.940001  21.940001  21.940001       0
2022-12-20 10:22:00-05:00  21.930000  21.959999  21.879999  21.920000  21.920000       0
2022-12-20 10:24:00-05:00  21.940001  21.940001  21.900000  21.900000  21.900000       0
2022-12-20 10:26:00-05:00  21.900000  21.969999  21.900000  21.959999  21.959999       0
2022-12-20 10:28:00-05:00  21.930000  21.930000  21.840000  21.850000  21.850000       0
2022-12-20 10:30:00-05:00  21.850000  21.850000  21.799999  21.799999  21.799999       0
2022-12-20 10:32:00-05:00  21.809999  21.809999  21.750000  21.770000  21.770000       0
2022-12-20 10:34:00-05:00  21.770000  21.820000  21.770000  21.799999  21.799999       0
2022-12-20 10:36:00-05:00  21.820000  21.820000  21.750000  21.750000  21.750000       0
2022-12-20 10:38:00-05:00  21.750000  21.770000  21.750000  21.770000  21.770000       0
2022-12-20 10:40:00-05:00  21.790001  21.860001  21.760000  21.860001  21.860001       0
2022-12-20 10:42:00-05:00  21.860001  21.860001  21.790001  21.820000  21.820000       0
2022-12-20 10:44:00-05:00  21.830000  21.870001  21.820000  21.870001  21.870001       0
2022-12-20 10:46:00-05:00  21.879999  21.889999  21.850000  21.889999  21.889999       0
2022-12-20 10:48:00-05:00  21.870001  21.879999  21.840000  21.860001  21.860001       0
2022-12-20 10:50:00-05:00  21.879999  21.920000  21.870001  21.870001  21.870001       0
2022-12-20 10:52:00-05:00  21.850000  21.870001  21.830000  21.870001  21.870001       0
2022-12-20 10:54:00-05:00  21.850000  21.879999  21.850000  21.870001  21.870001       0
2022-12-20 10:56:00-05:00  21.840000  21.860001  21.840000  21.840000  21.840000       0
2022-12-20 10:58:00-05:00  21.840000  21.950001  21.840000  21.940001  21.940001       0
2022-12-20 11:00:00-05:00  21.940001  21.969999  21.879999  21.900000  21.900000       0
2022-12-20 11:02:00-05:00  21.910000  21.920000  21.879999  21.910000  21.910000       0
2022-12-20 11:04:00-05:00  21.889999  21.930000  21.870001  21.930000  21.930000       0
2022-12-20 11:06:00-05:00  21.920000  21.920000  21.860001  21.889999  21.889999       0
2022-12-20 11:08:00-05:00  21.879999  21.980000  21.879999  21.980000  21.980000       0
2022-12-20 11:10:00-05:00  21.969999  22.080000  21.969999  22.080000  22.080000       0
2022-12-20 11:12:00-05:00  22.090000  22.090000  22.010000  22.010000  22.010000       0
2022-12-20 11:14:00-05:00  22.020000  22.110001  22.020000  22.110001  22.110001       0
2022-12-20 11:16:00-05:00  22.160000  22.260000  22.160000  22.160000  22.160000       0
2022-12-20 11:18:00-05:00  22.139999  22.260000  22.139999  22.200001  22.200001       0
2022-12-20 11:20:00-05:00  22.160000  22.190001  22.150000  22.180000  22.180000       0
2022-12-20 11:22:00-05:00  22.180000  22.200001  22.160000  22.190001  22.190001       0
2022-12-20 11:24:00-05:00  22.180000  22.180000  22.150000  22.160000  22.160000       0
2022-12-20 11:26:00-05:00  22.160000  22.190001  22.150000  22.150000  22.150000       0
2022-12-20 11:28:00-05:00  22.150000  22.290001  22.150000  22.270000  22.270000       0
2022-12-20 11:30:00-05:00  22.270000  22.270000  22.190001  22.219999  22.219999       0
2022-12-20 11:32:00-05:00  22.209999  22.209999  22.139999  22.139999  22.139999       0
2022-12-20 11:34:00-05:00  22.139999  22.170000  22.139999  22.150000  22.150000       0
2022-12-20 11:36:00-05:00  22.139999  22.180000  22.129999  22.170000  22.170000       0
2022-12-20 11:38:00-05:00  22.180000  22.209999  22.170000  22.170000  22.170000       0
2022-12-20 11:40:00-05:00  22.180000  22.219999  22.120001  22.129999  22.129999       0
2022-12-20 11:42:00-05:00  22.129999  22.190001  22.129999  22.170000  22.170000       0
2022-12-20 11:44:00-05:00  22.180000  22.180000  22.120001  22.120001  22.120001       0
2022-12-20 11:46:00-05:00  22.129999  22.180000  22.129999  22.139999  22.139999       0
2022-12-20 11:48:00-05:00  22.170000  22.180000  22.040001  22.040001  22.040001       0
2022-12-20 11:50:00-05:00  22.030001  22.090000  22.030001  22.090000  22.090000       0
2022-12-20 11:52:00-05:00  22.090000  22.100000  22.080000  22.080000  22.080000       0
2022-12-20 11:54:00-05:00  22.070000  22.110001  22.040001  22.110001  22.110001       0
2022-12-20 11:56:00-05:00  22.090000  22.090000  22.040001  22.040001  22.040001       0
2022-12-20 11:58:00-05:00  22.040001  22.040001  21.990000  22.000000  22.000000       0
2022-12-20 12:00:00-05:00  21.990000  22.000000  21.959999  22.000000  22.000000       0
2022-12-20 12:02:00-05:00  22.000000  22.000000  21.959999  21.969999  21.969999       0
2022-12-20 12:04:00-05:00  21.969999  21.969999  21.950001  21.950001  21.950001       0
2022-12-20 12:06:00-05:00  21.959999  21.959999  21.900000  21.930000  21.930000       0
2022-12-20 12:08:00-05:00  21.920000  21.940001  21.910000  21.930000  21.930000       0
2022-12-20 12:10:00-05:00  21.940001  21.940001  21.889999  21.889999  21.889999       0
2022-12-20 12:12:00-05:00  21.879999  21.950001  21.879999  21.950001  21.950001       0
2022-12-20 12:14:00-05:00  21.969999  21.980000  21.950001  21.969999  21.969999       0
2022-12-20 12:16:00-05:00  21.980000  21.990000  21.950001  21.959999  21.959999       0
2022-12-20 12:18:00-05:00  21.959999  21.990000  21.950001  21.990000  21.990000       0
2022-12-20 12:20:00-05:00  22.000000  22.000000  21.969999  21.990000  21.990000       0
2022-12-20 12:22:00-05:00  22.000000  22.000000  21.950001  21.950001  21.950001       0
2022-12-20 12:24:00-05:00  21.940001  21.940001  21.920000  21.930000  21.930000       0
2022-12-20 12:26:00-05:00  21.930000  21.990000  21.920000  21.990000  21.990000       0
2022-12-20 12:28:00-05:00  21.990000  21.990000  21.950001  21.969999  21.969999       0
2022-12-20 12:30:00-05:00  21.980000  22.010000  21.980000  22.000000  22.000000       0
2022-12-20 12:32:00-05:00  21.980000  22.000000  21.950001  22.000000  22.000000       0
2022-12-20 12:34:00-05:00  22.000000  22.059999  22.000000  22.030001  22.030001       0
2022-12-20 12:36:00-05:00  22.030001  22.030001  21.980000  21.980000  21.980000       0
2022-12-20 12:38:00-05:00  21.990000  22.000000  21.959999  21.959999  21.959999       0
2022-12-20 12:40:00-05:00  21.950001  21.950001  21.910000  21.930000  21.930000       0
2022-12-20 12:42:00-05:00  21.930000  21.930000  21.840000  21.840000  21.840000       0
2022-12-20 12:44:00-05:00  21.860001  21.920000  21.860001  21.910000  21.910000       0
2022-12-20 12:46:00-05:00  21.910000  21.920000  21.879999  21.879999  21.879999       0
2022-12-20 12:48:00-05:00  21.870001  21.889999  21.860001  21.879999  21.879999       0
2022-12-20 12:50:00-05:00  21.870001  21.870001  21.860001  21.870001  21.870001       0
2022-12-20 12:52:00-05:00  21.879999  21.879999  21.860001  21.860001  21.860001       0
2022-12-20 12:54:00-05:00  21.860001  21.860001  21.809999  21.809999  21.809999       0
2022-12-20 12:56:00-05:00  21.790001  21.799999  21.780001  21.790001  21.790001       0
2022-12-20 12:58:00-05:00  21.790001  21.799999  21.770000  21.770000  21.770000       0
2022-12-20 13:00:00-05:00  21.770000  21.770000  21.709999  21.719999  21.719999       0
2022-12-20 13:02:00-05:00  21.740000  21.750000  21.709999  21.719999  21.719999       0
2022-12-20 13:04:00-05:00  21.709999  21.719999  21.690001  21.719999  21.719999       0
2022-12-20 13:06:00-05:00  21.740000  21.790001  21.740000  21.770000  21.770000       0
2022-12-20 13:08:00-05:00  21.790001  21.790001  21.750000  21.770000  21.770000       0
2022-12-20 13:10:00-05:00  21.760000  21.809999  21.760000  21.799999  21.799999       0
2022-12-20 13:12:00-05:00  21.799999  21.820000  21.790001  21.790001  21.790001       0
2022-12-20 13:14:00-05:00  21.790001  21.790001  21.740000  21.740000  21.740000       0
2022-12-20 13:16:00-05:00  21.719999  21.719999  21.680000  21.690001  21.690001       0
2022-12-20 13:18:00-05:00  21.680000  21.730000  21.680000  21.730000  21.730000       0
2022-12-20 13:20:00-05:00  21.719999  21.760000  21.680000  21.680000  21.680000       0
2022-12-20 13:22:00-05:00  21.680000  21.690001  21.670000  21.680000  21.680000       0
2022-12-20 13:24:00-05:00  21.680000  21.690001  21.639999  21.639999  21.639999       0
2022-12-20 13:26:00-05:00  21.639999  21.639999  21.600000  21.600000  21.600000       0
2022-12-20 13:28:00-05:00  21.590000  21.629999  21.590000  21.610001  21.610001       0
2022-12-20 13:30:00-05:00  21.620001  21.620001  21.600000  21.620001  21.620001       0
2022-12-20 13:32:00-05:00  21.639999  21.670000  21.639999  21.660000  21.660000       0
2022-12-20 13:34:00-05:00  21.660000  21.670000  21.650000  21.650000  21.650000       0
2022-12-20 13:36:00-05:00  21.650000  21.670000  21.639999  21.670000  21.670000       0
2022-12-20 13:38:00-05:00  21.670000  21.670000  21.620001  21.639999  21.639999       0
2022-12-20 13:40:00-05:00  21.639999  21.700001  21.620001  21.700001  21.700001       0
2022-12-20 13:42:00-05:00  21.690001  21.700001  21.670000  21.700001  21.700001       0
2022-12-20 13:44:00-05:00  21.709999  21.709999  21.700001  21.709999  21.709999       0
2022-12-20 13:46:00-05:00  21.719999  21.719999  21.690001  21.700001  21.700001       0
2022-12-20 13:48:00-05:00  21.700001  21.730000  21.680000  21.709999  21.709999       0
2022-12-20 13:50:00-05:00  21.719999  21.740000  21.719999  21.740000  21.740000       0
2022-12-20 13:52:00-05:00  21.730000  21.730000  21.719999  21.730000  21.730000       0
2022-12-20 13:54:00-05:00  21.719999  21.740000  21.719999  21.719999  21.719999       0
2022-12-20 13:56:00-05:00  21.719999  21.780001  21.719999  21.780001  21.780001       0
2022-12-20 13:58:00-05:00  21.790001  21.790001  21.740000  21.750000  21.750000       0
2022-12-20 14:00:00-05:00  21.760000  21.760000  21.700001  21.700001  21.700001       0
2022-12-20 14:02:00-05:00  21.690001  21.700001  21.680000  21.680000  21.680000       0
2022-12-20 14:04:00-05:00  21.700001  21.700001  21.680000  21.690001  21.690001       0
2022-12-20 14:06:00-05:00  21.690001  21.719999  21.680000  21.680000  21.680000       0
2022-12-20 14:08:00-05:00  21.660000  21.680000  21.660000  21.680000  21.680000       0
2022-12-20 14:10:00-05:00  21.690001  21.690001  21.620001  21.620001  21.620001       0
2022-12-20 14:12:00-05:00  21.610001  21.610001  21.559999  21.559999  21.559999       0
2022-12-20 14:14:00-05:00  21.549999  21.559999  21.510000  21.510000  21.510000       0
2022-12-20 14:16:00-05:00  21.510000  21.559999  21.510000  21.540001  21.540001       0
2022-12-20 14:18:00-05:00  21.549999  21.549999  21.520000  21.520000  21.520000       0
2022-12-20 14:20:00-05:00  21.530001  21.559999  21.520000  21.559999  21.559999       0
2022-12-20 14:22:00-05:00  21.580000  21.580000  21.549999  21.549999  21.549999       0
2022-12-20 14:24:00-05:00  21.549999  21.600000  21.549999  21.600000  21.600000       0
2022-12-20 14:26:00-05:00  21.590000  21.600000  21.559999  21.570000  21.570000       0
2022-12-20 14:28:00-05:00  21.559999  21.559999  21.520000  21.520000  21.520000       0
2022-12-20 14:30:00-05:00  21.540001  21.570000  21.530001  21.559999  21.559999       0
2022-12-20 14:32:00-05:00  21.540001  21.559999  21.540001  21.540001  21.540001       0
2022-12-20 14:34:00-05:00  21.540001  21.549999  21.520000  21.530001  21.530001       0
2022-12-20 14:36:00-05:00  21.559999  21.580000  21.520000  21.520000  21.520000       0
2022-12-20 14:38:00-05:00  21.520000  21.570000  21.520000  21.559999  21.559999       0
2022-12-20 14:40:00-05:00  21.549999  21.650000  21.540001  21.600000  21.600000       0
2022-12-20 14:42:00-05:00  21.600000  21.620001  21.600000  21.610001  21.610001       0
2022-12-20 14:44:00-05:00  21.610001  21.629999  21.590000  21.600000  21.600000       0
2022-12-20 14:46:00-05:00  21.600000  21.610001  21.590000  21.610001  21.610001       0
2022-12-20 14:48:00-05:00  21.610001  21.639999  21.610001  21.620001  21.620001       0
2022-12-20 14:50:00-05:00  21.620001  21.660000  21.620001  21.639999  21.639999       0
2022-12-20 14:52:00-05:00  21.660000  21.660000  21.620001  21.620001  21.620001       0
2022-12-20 14:54:00-05:00  21.580000  21.600000  21.570000  21.600000  21.600000       0
2022-12-20 14:56:00-05:00  21.629999  21.650000  21.620001  21.629999  21.629999       0
2022-12-20 14:58:00-05:00  21.629999  21.650000  21.620001  21.650000  21.650000       0
2022-12-20 15:00:00-05:00  21.629999  21.680000  21.629999  21.680000  21.680000       0
2022-12-20 15:02:00-05:00  21.690001  21.719999  21.690001  21.700001  21.700001       0
2022-12-20 15:04:00-05:00  21.690001  21.719999  21.690001  21.690001  21.690001       0
2022-12-20 15:06:00-05:00  21.690001  21.690001  21.680000  21.690001  21.690001       0
2022-12-20 15:08:00-05:00  21.690001  21.700001  21.680000  21.690001  21.690001       0
2022-12-20 15:10:00-05:00  21.670000  21.680000  21.629999  21.670000  21.670000       0
2022-12-20 15:12:00-05:00  21.680000  21.680000  21.629999  21.629999  21.629999       0
2022-12-20 15:14:00-05:00  21.629999  21.639999  21.600000  21.600000  21.600000       0
2022-12-20 15:16:00-05:00  21.600000  21.639999  21.600000  21.639999  21.639999       0
2022-12-20 15:18:00-05:00  21.639999  21.670000  21.620001  21.670000  21.670000       0
2022-12-20 15:20:00-05:00  21.680000  21.690001  21.610001  21.629999  21.629999       0
2022-12-20 15:22:00-05:00  21.639999  21.639999  21.610001  21.620001  21.620001       0
2022-12-20 15:24:00-05:00  21.610001  21.620001  21.570000  21.570000  21.570000       0
2022-12-20 15:26:00-05:00  21.580000  21.580000  21.540001  21.540001  21.540001       0
2022-12-20 15:28:00-05:00  21.530001  21.540001  21.459999  21.459999  21.459999       0
2022-12-20 15:30:00-05:00  21.459999  21.469999  21.420000  21.420000  21.420000       0
2022-12-20 15:32:00-05:00  21.420000  21.430000  21.420000  21.430000  21.430000       0
2022-12-20 15:34:00-05:00  21.420000  21.440001  21.410000  21.440001  21.440001       0
2022-12-20 15:36:00-05:00  21.430000  21.469999  21.430000  21.469999  21.469999       0
2022-12-20 15:38:00-05:00  21.459999  21.459999  21.420000  21.420000  21.420000       0
2022-12-20 15:40:00-05:00  21.389999  21.430000  21.389999  21.420000  21.420000       0
2022-12-20 15:42:00-05:00  21.420000  21.450001  21.410000  21.450001  21.450001       0
2022-12-20 15:44:00-05:00  21.440001  21.459999  21.410000  21.430000  21.430000       0
2022-12-20 15:46:00-05:00  21.410000  21.430000  21.389999  21.400000  21.400000       0
2022-12-20 15:48:00-05:00  21.410000  21.440001  21.400000  21.400000  21.400000       0
2022-12-20 15:50:00-05:00  21.389999  21.469999  21.389999  21.420000  21.420000       0
2022-12-20 15:52:00-05:00  21.420000  21.420000  21.379999  21.379999  21.379999       0
2022-12-20 15:54:00-05:00  21.379999  21.389999  21.350000  21.389999  21.389999       0
2022-12-20 15:56:00-05:00  21.370001  21.459999  21.370001  21.459999  21.459999       0
2022-12-20 15:58:00-05:00  21.469999  21.469999  21.440001  21.459999  21.459999       0
2022-12-21 09:30:00-05:00  20.430000  20.430000  20.430000  20.430000  20.430000       0
2022-12-21 09:32:00-05:00  20.440001  20.480000  20.440001  20.450001  20.450001       0
2022-12-21 09:34:00-05:00  20.480000  20.600000  20.480000  20.600000  20.600000       0
2022-12-21 09:36:00-05:00  20.610001  20.670000  20.610001  20.650000  20.650000       0
2022-12-21 09:38:00-05:00  20.639999  20.639999  20.600000  20.600000  20.600000       0
2022-12-21 09:40:00-05:00  20.620001  20.660000  20.590000  20.590000  20.590000       0
2022-12-21 09:42:00-05:00  20.530001  20.540001  20.450001  20.450001  20.450001       0
2022-12-21 09:44:00-05:00  20.450001  20.450001  20.410000  20.410000  20.410000       0
2022-12-21 09:46:00-05:00  20.370001  20.370001  20.299999  20.320000  20.320000       0
2022-12-21 09:48:00-05:00  20.309999  20.330000  20.290001  20.330000  20.330000       0
2022-12-21 09:50:00-05:00  20.309999  20.340000  20.290001  20.290001  20.290001       0
2022-12-21 09:52:00-05:00  20.299999  20.330000  20.299999  20.330000  20.330000       0
2022-12-21 09:54:00-05:00  20.320000  20.340000  20.320000  20.330000  20.330000       0
2022-12-21 09:56:00-05:00  20.330000  20.370001  20.330000  20.370001  20.370001       0
2022-12-21 09:58:00-05:00  20.350000  20.370001  20.350000  20.360001  20.360001       0
2022-12-21 10:00:00-05:00  20.350000  20.379999  20.340000  20.340000  20.340000       0
2022-12-21 10:02:00-05:00  20.299999  20.299999  20.200001  20.209999  20.209999       0
2022-12-21 10:04:00-05:00  20.219999  20.250000  20.209999  20.209999  20.209999       0
2022-12-21 10:06:00-05:00  20.209999  20.209999  20.180000  20.180000  20.180000       0
2022-12-21 10:08:00-05:00  20.150000  20.150000  20.090000  20.090000  20.090000       0
2022-12-21 10:10:00-05:00  20.090000  20.129999  20.090000  20.129999  20.129999       0
2022-12-21 10:12:00-05:00  20.150000  20.160000  20.120001  20.120001  20.120001       0
2022-12-21 10:14:00-05:00  20.120001  20.129999  20.070000  20.070000  20.070000       0
2022-12-21 10:16:00-05:00  20.059999  20.120001  20.059999  20.120001  20.120001       0
2022-12-21 10:18:00-05:00  20.129999  20.129999  20.100000  20.100000  20.100000       0
2022-12-21 10:20:00-05:00  20.100000  20.100000  20.070000  20.090000  20.090000       0
2022-12-21 10:22:00-05:00  20.090000  20.090000  20.070000  20.080000  20.080000       0
2022-12-21 10:24:00-05:00  20.080000  20.080000  20.070000  20.070000  20.070000       0
2022-12-21 10:26:00-05:00  20.059999  20.059999  20.030001  20.030001  20.030001       0
2022-12-21 10:28:00-05:00  20.040001  20.040001  20.020000  20.040001  20.040001       0
2022-12-21 10:30:00-05:00  20.049999  20.049999  19.990000  19.990000  19.990000       0
2022-12-21 10:32:00-05:00  19.980000  20.000000  19.950001  20.000000  20.000000       0
2022-12-21 10:34:00-05:00  20.000000  20.000000  19.959999  19.959999  19.959999       0
2022-12-21 10:36:00-05:00  19.980000  20.000000  19.980000  20.000000  20.000000       0
2022-12-21 10:38:00-05:00  20.010000  20.010000  19.959999  19.959999  19.959999       0
2022-12-21 10:40:00-05:00  19.940001  19.990000  19.940001  19.980000  19.980000       0
2022-12-21 10:42:00-05:00  19.980000  20.129999  19.980000  20.129999  20.129999       0
2022-12-21 10:44:00-05:00  20.139999  20.150000  20.120001  20.129999  20.129999       0
2022-12-21 10:46:00-05:00  20.120001  20.150000  20.120001  20.139999  20.139999       0
2022-12-21 10:48:00-05:00  20.150000  20.170000  20.139999  20.139999  20.139999       0
2022-12-21 10:50:00-05:00  20.129999  20.180000  20.120001  20.180000  20.180000       0
2022-12-21 10:52:00-05:00  20.190001  20.209999  20.180000  20.209999  20.209999       0
2022-12-21 10:54:00-05:00  20.209999  20.209999  20.190001  20.190001  20.190001       0
2022-12-21 10:56:00-05:00  20.190001  20.200001  20.180000  20.200001  20.200001       0
2022-12-21 10:58:00-05:00  20.190001  20.190001  20.180000  20.190001  20.190001       0
2022-12-21 11:00:00-05:00  20.190001  20.190001  20.150000  20.150000  20.150000       0
2022-12-21 11:02:00-05:00  20.160000  20.170000  20.160000  20.160000  20.160000       0
2022-12-21 11:04:00-05:00  20.139999  20.139999  20.129999  20.139999  20.139999       0
2022-12-21 11:06:00-05:00  20.150000  20.150000  20.120001  20.129999  20.129999       0
2022-12-21 11:08:00-05:00  20.090000  20.090000  20.070000  20.080000  20.080000       0
2022-12-21 11:10:00-05:00  20.090000  20.090000  20.059999  20.059999  20.059999       0
2022-12-21 11:12:00-05:00  20.070000  20.070000  20.059999  20.059999  20.059999       0
2022-12-21 11:14:00-05:00  20.059999  20.080000  20.059999  20.059999  20.059999       0
2022-12-21 11:16:00-05:00  20.059999  20.070000  20.030001  20.040001  20.040001       0
2022-12-21 11:18:00-05:00  20.049999  20.080000  20.049999  20.080000  20.080000       0
2022-12-21 11:20:00-05:00  20.070000  20.070000  20.049999  20.070000  20.070000       0
2022-12-21 11:22:00-05:00  20.080000  20.090000  20.080000  20.090000  20.090000       0
2022-12-21 11:24:00-05:00  20.090000  20.090000  20.059999  20.070000  20.070000       0
2022-12-21 11:26:00-05:00  20.070000  20.090000  20.070000  20.090000  20.090000       0
2022-12-21 11:28:00-05:00  20.090000  20.120001  20.090000  20.100000  20.100000       0
2022-12-21 11:30:00-05:00  20.100000  20.100000  20.090000  20.100000  20.100000       0
2022-12-21 11:32:00-05:00  20.100000  20.129999  20.100000  20.129999  20.129999       0
2022-12-21 11:34:00-05:00  20.129999  20.150000  20.120001  20.150000  20.150000       0
2022-12-21 11:36:00-05:00  20.150000  20.170000  20.150000  20.160000  20.160000       0
2022-12-21 11:38:00-05:00  20.160000  20.170000  20.150000  20.160000  20.160000       0
2022-12-21 11:40:00-05:00  20.170000  20.190001  20.170000  20.190001  20.190001       0
2022-12-21 11:42:00-05:00  20.200001  20.200001  20.180000  20.180000  20.180000       0
2022-12-21 11:44:00-05:00  20.180000  20.180000  20.160000  20.170000  20.170000       0
2022-12-21 11:46:00-05:00  20.180000  20.209999  20.180000  20.200001  20.200001       0
2022-12-21 11:48:00-05:00  20.200001  20.219999  20.200001  20.209999  20.209999       0
2022-12-21 11:50:00-05:00  20.219999  20.250000  20.219999  20.240000  20.240000       0
2022-12-21 11:52:00-05:00  20.230000  20.270000  20.230000  20.260000  20.260000       0
2022-12-21 11:54:00-05:00  20.260000  20.260000  20.200001  20.260000  20.260000       0
2022-12-21 11:56:00-05:00  20.240000  20.250000  20.209999  20.209999  20.209999       0
2022-12-21 11:58:00-05:00  20.200001  20.240000  20.200001  20.240000  20.240000       0
2022-12-21 12:00:00-05:00  20.240000  20.270000  20.240000  20.270000  20.270000       0
2022-12-21 12:02:00-05:00  20.270000  20.299999  20.260000  20.270000  20.270000       0
2022-12-21 12:04:00-05:00  20.280001  20.280001  20.260000  20.260000  20.260000       0
2022-12-21 12:06:00-05:00  20.250000  20.260000  20.230000  20.240000  20.240000       0
2022-12-21 12:08:00-05:00  20.240000  20.290001  20.240000  20.290001  20.290001       0
2022-12-21 12:10:00-05:00  20.299999  20.330000  20.290001  20.330000  20.330000       0
2022-12-21 12:12:00-05:00  20.309999  20.320000  20.290001  20.320000  20.320000       0
2022-12-21 12:14:00-05:00  20.330000  20.350000  20.320000  20.350000  20.350000       0
2022-12-21 12:16:00-05:00  20.350000  20.350000  20.330000  20.350000  20.350000       0
2022-12-21 12:18:00-05:00  20.360001  20.360001  20.350000  20.350000  20.350000       0
2022-12-21 12:20:00-05:00  20.350000  20.360001  20.330000  20.330000  20.330000       0
2022-12-21 12:22:00-05:00  20.320000  20.320000  20.299999  20.309999  20.309999       0
2022-12-21 12:24:00-05:00  20.309999  20.340000  20.309999  20.340000  20.340000       0
2022-12-21 12:26:00-05:00  20.360001  20.379999  20.360001  20.379999  20.379999       0
2022-12-21 12:28:00-05:00  20.389999  20.389999  20.370001  20.370001  20.370001       0
2022-12-21 12:30:00-05:00  20.379999  20.379999  20.330000  20.330000  20.330000       0
2022-12-21 12:32:00-05:00  20.330000  20.340000  20.320000  20.320000  20.320000       0
2022-12-21 12:34:00-05:00  20.309999  20.330000  20.309999  20.330000  20.330000       0
2022-12-21 12:36:00-05:00  20.330000  20.340000  20.299999  20.299999  20.299999       0
2022-12-21 12:38:00-05:00  20.309999  20.309999  20.299999  20.309999  20.309999       0
2022-12-21 12:40:00-05:00  20.290001  20.290001  20.280001  20.290001  20.290001       0
2022-12-21 12:42:00-05:00  20.260000  20.260000  20.219999  20.230000  20.230000       0
2022-12-21 12:44:00-05:00  20.230000  20.240000  20.230000  20.240000  20.240000       0
2022-12-21 12:46:00-05:00  20.240000  20.270000  20.240000  20.260000  20.260000       0
2022-12-21 12:48:00-05:00  20.250000  20.250000  20.230000  20.240000  20.240000       0
2022-12-21 12:50:00-05:00  20.240000  20.250000  20.230000  20.240000  20.240000       0
2022-12-21 12:52:00-05:00  20.250000  20.260000  20.250000  20.250000  20.250000       0
2022-12-21 12:54:00-05:00  20.250000  20.250000  20.240000  20.240000  20.240000       0
2022-12-21 12:56:00-05:00  20.240000  20.240000  20.230000  20.240000  20.240000       0
2022-12-21 12:58:00-05:00  20.240000  20.240000  20.190001  20.190001  20.190001       0
2022-12-21 13:00:00-05:00  20.190001  20.219999  20.180000  20.219999  20.219999       0
2022-12-21 13:02:00-05:00  20.219999  20.219999  20.170000  20.180000  20.180000       0
2022-12-21 13:04:00-05:00  20.180000  20.180000  20.160000  20.170000  20.170000       0
2022-12-21 13:06:00-05:00  20.170000  20.200001  20.170000  20.180000  20.180000       0
2022-12-21 13:08:00-05:00  20.190001  20.190001  20.170000  20.180000  20.180000       0
2022-12-21 13:10:00-05:00  20.180000  20.190001  20.180000  20.190001  20.190001       0
2022-12-21 13:12:00-05:00  20.180000  20.209999  20.180000  20.200001  20.200001       0
2022-12-21 13:14:00-05:00  20.200001  20.200001  20.190001  20.190001  20.190001       0
2022-12-21 13:16:00-05:00  20.180000  20.200001  20.180000  20.180000  20.180000       0
2022-12-21 13:18:00-05:00  20.190001  20.200001  20.190001  20.200001  20.200001       0
2022-12-21 13:20:00-05:00  20.190001  20.209999  20.190001  20.209999  20.209999       0
2022-12-21 13:22:00-05:00  20.230000  20.260000  20.230000  20.240000  20.240000       0
2022-12-21 13:24:00-05:00  20.240000  20.270000  20.240000  20.270000  20.270000       0
2022-12-21 13:26:00-05:00  20.270000  20.270000  20.219999  20.219999  20.219999       0
2022-12-21 13:28:00-05:00  20.219999  20.270000  20.219999  20.270000  20.270000       0
2022-12-21 13:30:00-05:00  20.270000  20.290001  20.270000  20.270000  20.270000       0
2022-12-21 13:32:00-05:00  20.270000  20.270000  20.250000  20.270000  20.270000       0
2022-12-21 13:34:00-05:00  20.270000  20.280001  20.260000  20.270000  20.270000       0
2022-12-21 13:36:00-05:00  20.260000  20.270000  20.260000  20.260000  20.260000       0
2022-12-21 13:38:00-05:00  20.260000  20.260000  20.240000  20.260000  20.260000       0
2022-12-21 13:40:00-05:00  20.250000  20.270000  20.250000  20.270000  20.270000       0
2022-12-21 13:42:00-05:00  20.250000  20.270000  20.250000  20.270000  20.270000       0
2022-12-21 13:44:00-05:00  20.270000  20.270000  20.209999  20.209999  20.209999       0
2022-12-21 13:46:00-05:00  20.219999  20.219999  20.200001  20.209999  20.209999       0
2022-12-21 13:48:00-05:00  20.209999  20.209999  20.200001  20.209999  20.209999       0
2022-12-21 13:50:00-05:00  20.209999  20.209999  20.190001  20.200001  20.200001       0
2022-12-21 13:52:00-05:00  20.200001  20.209999  20.200001  20.200001  20.200001       0
2022-12-21 13:54:00-05:00  20.190001  20.200001  20.180000  20.200001  20.200001       0
2022-12-21 13:56:00-05:00  20.209999  20.230000  20.209999  20.219999  20.219999       0
2022-12-21 13:58:00-05:00  20.209999  20.219999  20.200001  20.219999  20.219999       0
2022-12-21 14:00:00-05:00  20.219999  20.219999  20.190001  20.190001  20.190001       0
2022-12-21 14:02:00-05:00  20.180000  20.190001  20.139999  20.139999  20.139999       0
2022-12-21 14:04:00-05:00  20.129999  20.129999  20.100000  20.100000  20.100000       0
2022-12-21 14:06:00-05:00  20.120001  20.160000  20.120001  20.160000  20.160000       0
2022-12-21 14:08:00-05:00  20.170000  20.240000  20.150000  20.230000  20.230000       0
2022-12-21 14:10:00-05:00  20.230000  20.240000  20.200001  20.200001  20.200001       0
2022-12-21 14:12:00-05:00  20.200001  20.230000  20.200001  20.230000  20.230000       0
2022-12-21 14:14:00-05:00  20.219999  20.219999  20.219999  20.219999  20.219999       0
2022-12-21 14:16:00-05:00  20.219999  20.240000  20.209999  20.209999  20.209999       0
2022-12-21 14:18:00-05:00  20.219999  20.240000  20.209999  20.240000  20.240000       0
2022-12-21 14:20:00-05:00  20.250000  20.270000  20.240000  20.270000  20.270000       0
2022-12-21 14:22:00-05:00  20.260000  20.270000  20.240000  20.250000  20.250000       0
2022-12-21 14:24:00-05:00  20.250000  20.270000  20.250000  20.270000  20.270000       0
2022-12-21 14:26:00-05:00  20.250000  20.330000  20.240000  20.330000  20.330000       0
2022-12-21 14:28:00-05:00  20.350000  20.350000  20.330000  20.340000  20.340000       0
2022-12-21 14:30:00-05:00  20.340000  20.370001  20.340000  20.350000  20.350000       0
2022-12-21 14:32:00-05:00  20.350000  20.350000  20.330000  20.330000  20.330000       0
2022-12-21 14:34:00-05:00  20.330000  20.410000  20.330000  20.410000  20.410000       0
2022-12-21 14:36:00-05:00  20.430000  20.490000  20.430000  20.480000  20.480000       0
2022-12-21 14:38:00-05:00  20.469999  20.469999  20.389999  20.389999  20.389999       0
2022-12-21 14:40:00-05:00  20.400000  20.400000  20.389999  20.400000  20.400000       0
2022-12-21 14:42:00-05:00  20.389999  20.420000  20.389999  20.400000  20.400000       0
2022-12-21 14:44:00-05:00  20.389999  20.410000  20.389999  20.410000  20.410000       0
2022-12-21 14:46:00-05:00  20.400000  20.400000  20.360001  20.379999  20.379999       0
2022-12-21 14:48:00-05:00  20.389999  20.420000  20.379999  20.410000  20.410000       0
2022-12-21 14:50:00-05:00  20.410000  20.440001  20.410000  20.410000  20.410000       0
2022-12-21 14:52:00-05:00  20.410000  20.480000  20.410000  20.480000  20.480000       0
2022-12-21 14:54:00-05:00  20.440001  20.440001  20.420000  20.440001  20.440001       0
2022-12-21 14:56:00-05:00  20.440001  20.450001  20.389999  20.389999  20.389999       0
2022-12-21 14:58:00-05:00  20.389999  20.400000  20.330000  20.340000  20.340000       0
2022-12-21 15:00:00-05:00  20.340000  20.360001  20.340000  20.360001  20.360001       0
2022-12-21 15:02:00-05:00  20.350000  20.360001  20.330000  20.350000  20.350000       0
2022-12-21 15:04:00-05:00  20.350000  20.360001  20.330000  20.360001  20.360001       0
2022-12-21 15:06:00-05:00  20.350000  20.420000  20.350000  20.420000  20.420000       0
2022-12-21 15:08:00-05:00  20.440001  20.459999  20.420000  20.440001  20.440001       0
2022-12-21 15:10:00-05:00  20.440001  20.440001  20.400000  20.410000  20.410000       0
2022-12-21 15:12:00-05:00  20.379999  20.400000  20.330000  20.330000  20.330000       0
2022-12-21 15:14:00-05:00  20.320000  20.320000  20.250000  20.270000  20.270000       0
2022-12-21 15:16:00-05:00  20.299999  20.299999  20.280001  20.280001  20.280001       0
2022-12-21 15:18:00-05:00  20.270000  20.270000  20.260000  20.260000  20.260000       0
2022-12-21 15:20:00-05:00  20.260000  20.290001  20.260000  20.280001  20.280001       0
2022-12-21 15:22:00-05:00  20.280001  20.280001  20.240000  20.240000  20.240000       0
2022-12-21 15:24:00-05:00  20.240000  20.270000  20.240000  20.270000  20.270000       0
2022-12-21 15:26:00-05:00  20.260000  20.270000  20.250000  20.260000  20.260000       0
2022-12-21 15:28:00-05:00  20.250000  20.299999  20.250000  20.299999  20.299999       0
2022-12-21 15:30:00-05:00  20.299999  20.299999  20.260000  20.280001  20.280001       0
2022-12-21 15:32:00-05:00  20.270000  20.280001  20.260000  20.260000  20.260000       0
2022-12-21 15:34:00-05:00  20.260000  20.260000  20.219999  20.250000  20.250000       0
2022-12-21 15:36:00-05:00  20.230000  20.240000  20.200001  20.200001  20.200001       0
2022-12-21 15:38:00-05:00  20.190001  20.209999  20.180000  20.200001  20.200001       0
2022-12-21 15:40:00-05:00  20.190001  20.190001  20.160000  20.170000  20.170000       0
2022-12-21 15:42:00-05:00  20.170000  20.190001  20.170000  20.180000  20.180000       0
2022-12-21 15:44:00-05:00  20.190001  20.190001  20.150000  20.150000  20.150000       0
2022-12-21 15:46:00-05:00  20.150000  20.150000  20.110001  20.110001  20.110001       0
2022-12-21 15:48:00-05:00  20.110001  20.110001  20.100000  20.110001  20.110001       0
2022-12-21 15:50:00-05:00  20.120001  20.180000  20.120001  20.180000  20.180000       0
2022-12-21 15:52:00-05:00  20.190001  20.230000  20.129999  20.129999  20.129999       0
2022-12-21 15:54:00-05:00  20.139999  20.170000  20.070000  20.070000  20.070000       0
2022-12-21 15:56:00-05:00  20.090000  20.090000  20.049999  20.090000  20.090000       0
2022-12-21 15:58:00-05:00  20.090000  20.129999  20.080000  20.080000  20.080000       0
2022-12-22 09:30:00-05:00  20.559999  20.610001  20.559999  20.610001  20.610001       0
2022-12-22 09:32:00-05:00  20.639999  20.820000  20.639999  20.750000  20.750000       0
2022-12-22 09:34:00-05:00  20.690001  20.750000  20.629999  20.750000  20.750000       0
2022-12-22 09:36:00-05:00  20.750000  20.760000  20.639999  20.639999  20.639999       0
2022-12-22 09:38:00-05:00  20.610001  20.780001  20.600000  20.780001  20.780001       0
2022-12-22 09:40:00-05:00  20.780001  20.830000  20.750000  20.750000  20.750000       0
2022-12-22 09:42:00-05:00  20.740000  20.770000  20.700001  20.770000  20.770000       0
2022-12-22 09:44:00-05:00  20.799999  20.809999  20.740000  20.809999  20.809999       0
2022-12-22 09:46:00-05:00  20.840000  20.850000  20.780001  20.780001  20.780001       0
2022-12-22 09:48:00-05:00  20.780001  20.870001  20.780001  20.870001  20.870001       0
2022-12-22 09:50:00-05:00  20.879999  20.900000  20.850000  20.850000  20.850000       0
2022-12-22 09:52:00-05:00  20.860001  20.920000  20.860001  20.920000  20.920000       0
2022-12-22 09:54:00-05:00  20.920000  20.990000  20.920000  20.959999  20.959999       0
2022-12-22 09:56:00-05:00  20.990000  20.990000  20.950001  20.969999  20.969999       0
2022-12-22 09:58:00-05:00  20.969999  20.969999  20.860001  20.870001  20.870001       0
2022-12-22 10:00:00-05:00  20.840000  21.049999  20.840000  21.049999  21.049999       0
2022-12-22 10:02:00-05:00  21.070000  21.139999  21.040001  21.070000  21.070000       0
2022-12-22 10:04:00-05:00  21.059999  21.120001  21.059999  21.100000  21.100000       0
2022-12-22 10:06:00-05:00  21.120001  21.120001  21.040001  21.070000  21.070000       0
2022-12-22 10:08:00-05:00  21.059999  21.190001  21.059999  21.190001  21.190001       0
2022-12-22 10:10:00-05:00  21.209999  21.290001  21.209999  21.290001  21.290001       0
2022-12-22 10:12:00-05:00  21.299999  21.430000  21.299999  21.430000  21.430000       0
2022-12-22 10:14:00-05:00  21.389999  21.389999  21.260000  21.290001  21.290001       0
2022-12-22 10:16:00-05:00  21.280001  21.280001  21.230000  21.250000  21.250000       0
2022-12-22 10:18:00-05:00  21.260000  21.290001  21.209999  21.209999  21.209999       0
2022-12-22 10:20:00-05:00  21.200001  21.230000  21.200001  21.219999  21.219999       0
2022-12-22 10:22:00-05:00  21.250000  21.270000  21.250000  21.250000  21.250000       0
2022-12-22 10:24:00-05:00  21.260000  21.309999  21.260000  21.270000  21.270000       0
2022-12-22 10:26:00-05:00  21.260000  21.280001  21.250000  21.250000  21.250000       0
2022-12-22 10:28:00-05:00  21.240000  21.280001  21.240000  21.270000  21.270000       0
2022-12-22 10:30:00-05:00  21.290001  21.459999  21.290001  21.410000  21.410000       0
2022-12-22 10:32:00-05:00  21.379999  21.450001  21.350000  21.400000  21.400000       0
2022-12-22 10:34:00-05:00  21.410000  21.500000  21.410000  21.500000  21.500000       0
2022-12-22 10:36:00-05:00  21.500000  21.540001  21.500000  21.500000  21.500000       0
2022-12-22 10:38:00-05:00  21.490000  21.540001  21.490000  21.540001  21.540001       0