                                  Open         High          Low        Close    Adj Close     Volume
Datetime                                                                                             
2022-11-14 09:30:00-05:00  3977.969971  3984.300049  3966.389893  3977.739990  3977.739990  239909232
2022-11-14 10:00:00-05:00  3977.929932  3996.479980  3977.929932  3986.290039  3986.290039  199562555
2022-11-14 10:30:00-05:00  3986.260010  3995.050049  3984.270020  3991.699951  3991.699951  169530275
2022-11-14 11:00:00-05:00  3991.500000  3993.199951  3971.389893  3975.510010  3975.510010  154220402
2022-11-14 11:30:00-05:00  3975.409912  3991.659912  3973.629883  3985.909912  3985.909912  140092343
2022-11-14 12:00:00-05:00  3985.939941  3993.669922  3982.270020  3991.610107  3991.610107  126563176
2022-11-14 12:30:00-05:00  3991.550049  3999.310059  3991.199951  3993.550049  3993.550049  112044450
2022-11-14 13:00:00-05:00  3993.530029  4008.110107  3991.790039  4007.360107  4007.360107  107797430
2022-11-14 13:30:00-05:00  4007.360107  4008.820068  4004.110107  4008.649902  4008.649902  110571019
2022-11-14 14:00:00-05:00  4008.629883  4008.969971  3999.810059  4005.020020  4005.020020  119539948
2022-11-14 14:30:00-05:00  4005.040039  4005.879883  3993.090088  3994.870117  3994.870117  127182524
2022-11-14 15:00:00-05:00  3994.830078  4002.090088  3982.149902  3986.010010  3986.010010  152350975
2022-11-14 15:30:00-05:00  3986.010010  3986.379883  3956.399902  3957.350098  3957.350098  371880554
2022-11-15 09:30:00-05:00  4006.409912  4028.840088  4006.409912  4022.989990  4022.989990  229839273
2022-11-15 10:00:00-05:00  4023.040039  4028.370117  4009.689941  4022.639893  4022.639893  206436341
2022-11-15 10:30:00-05:00  4022.840088  4025.939941  4006.300049  4011.080078  4011.080078  169145696
2022-11-15 11:00:00-05:00  4010.600098  4014.750000  4001.790039  4009.360107  4009.360107  152573154
2022-11-15 11:30:00-05:00  4009.320068  4023.010010  4009.290039  4019.120117  4019.120117  135550730
2022-11-15 12:00:00-05:00  4019.199951  4019.989990  4007.229980  4007.399902  4007.399902  116425284
2022-11-15 12:30:00-05:00  4007.439941  4012.159912  4001.820068  4006.699951  4006.699951  110572266
2022-11-15 13:00:00-05:00  4006.810059  4009.780029  3967.699951  3970.879883  3970.879883  152260407
2022-11-15 13:30:00-05:00  3970.879883  3980.500000  3953.169922  3972.370117  3972.370117  188699032
2022-11-15 14:00:00-05:00  3972.370117  3996.129883  3957.489990  3990.500000  3990.500000  177678654
2022-11-15 14:30:00-05:00  3990.629883  3998.090088  3980.669922  3994.090088  3994.090088  130176872
2022-11-15 15:00:00-05:00  3994.199951  4002.189941  3989.399902  3996.770020  3996.770020  148637764
2022-11-15 15:30:00-05:00  3996.739990  3999.530029  3982.350098  3991.830078  3991.830078  341864661
2022-11-16 09:30:00-05:00  3976.820068  3983.090088  3964.120117  3970.000000  3970.000000  304272927
2022-11-16 10:00:00-05:00  3970.040039  3975.750000  3964.409912  3969.750000  3969.750000  186586302
2022-11-16 10:30:00-05:00  3969.510010  3977.439941  3958.570068  3961.280029  3961.280029  143300110
2022-11-16 11:00:00-05:00  3961.270020  3972.550049  3960.489990  3970.820068  3970.820068  128748352
2022-11-16 11:30:00-05:00  3970.780029  3975.080078  3966.739990  3971.560059  3971.560059  111645149
2022-11-16 12:00:00-05:00  3971.580078  3971.959961  3963.820068  3968.860107  3968.860107  104673293
2022-11-16 12:30:00-05:00  3968.879883  3981.979980  3967.459961  3973.270020  3973.270020  101885855
2022-11-16 13:00:00-05:00  3973.260010  3974.780029  3968.989990  3969.649902  3969.649902   93961134
2022-11-16 13:30:00-05:00  3969.620117  3971.469971  3957.969971  3958.929932  3958.929932  101077293
2022-11-16 14:00:00-05:00  3958.929932  3965.810059  3957.580078  3963.580078  3963.580078   92391619
2022-11-16 14:30:00-05:00  3963.649902  3967.939941  3955.959961  3967.729980  3967.729980  105117822
2022-11-16 15:00:00-05:00  3967.770020  3968.449951  3954.340088  3959.449951  3959.449951  144704183
2022-11-16 15:30:00-05:00  3959.229980  3968.330078  3955.709961  3959.780029  3959.780029  350291449
2022-11-17 09:30:00-05:00  3919.260010  3921.669922  3907.770020  3907.969971  3907.969971  247251286
2022-11-17 10:00:00-05:00  3908.219971  3926.709961  3906.540039  3924.879883  3924.879883  169268150
2022-11-17 10:30:00-05:00  3924.899902  3924.949951  3910.679932  3911.199951  3911.199951  136147705
2022-11-17 11:00:00-05:00  3911.120117  3918.320068  3908.459961  3917.459961  3917.459961  114385692
2022-11-17 11:30:00-05:00  3917.500000  3936.540039  3915.959961  3936.169922  3936.169922  117099601
2022-11-17 12:00:00-05:00  3936.370117  3941.409912  3935.429932  3935.510010  3935.510010  104838709
2022-11-17 12:30:00-05:00  3935.419922  3950.129883  3933.090088  3948.620117  3948.620117  107134463
2022-11-17 13:00:00-05:00  3948.449951  3954.330078  3946.479980  3949.219971  3949.219971   95847639
2022-11-17 13:30:00-05:00  3949.320068  3953.659912  3942.889893  3947.489990  3947.489990   99713757
2022-11-17 14:00:00-05:00  3947.489990  3951.379883  3934.389893  3937.469971  3937.469971  103574241
2022-11-17 14:30:00-05:00  3937.560059  3939.139893  3930.969971  3936.870117  3936.870117  103070521
2022-11-17 15:00:00-05:00  3936.870117  3938.699951  3922.139893  3925.929932  3925.929932  144322940
2022-11-17 15:30:00-05:00  3925.879883  3948.500000  3925.199951  3947.620117  3947.620117  307144553
2022-11-18 09:30:00-05:00  3966.389893  3979.889893  3960.949951  3962.699951  3962.699951  169456105
2022-11-18 10:00:00-05:00  3962.780029  3964.110107  3948.449951  3958.199951  3958.199951  150478955
2022-11-18 10:30:00-05:00  3958.209961  3961.719971  3948.090088  3950.399902  3950.399902  125185747
2022-11-18 11:00:00-05:00  3950.409912  3963.050049  3945.810059  3959.919922  3959.919922  118487401
2022-11-18 11:30:00-05:00  3959.979980  3964.300049  3950.659912  3955.699951  3955.699951  102785822
2022-11-18 12:00:00-05:00  3955.949951  3957.370117  3935.979980  3943.500000  3943.500000  112108548
2022-11-18 12:30:00-05:00  3943.530029  3946.510010  3937.330078  3943.090088  3943.090088   90009346
2022-11-18 13:00:00-05:00  3943.090088  3952.409912  3942.020020  3952.300049  3952.300049   89634785
2022-11-18 13:30:00-05:00  3952.229980  3953.159912  3939.409912  3943.709961  3943.709961   86570006
2022-11-18 14:00:00-05:00  3943.729980  3951.610107  3943.600098  3949.469971  3949.469971   96700681
2022-11-18 14:30:00-05:00  3949.469971  3952.739990  3945.149902  3952.360107  3952.360107   97606483
2022-11-18 15:00:00-05:00  3952.159912  3963.919922  3951.780029  3963.889893  3963.889893  127679609
2022-11-18 15:30:00-05:00  3963.850098  3974.870117  3957.060059  3967.120117  3967.120117  328560737
2022-11-18 16:00:00-05:00  3965.340088  3965.340088  3965.340088  3965.340088  3965.340088          0