                                  Open         High          Low        Close    Adj Close     Volume
Datetime                                                                                             
2023-01-12 10:30:00-05:00  3965.340088  3976.709961  3963.000000  3968.800049  3968.800049   27206899
2023-01-12 11:00:00-05:00  3968.750000  3974.399902  3958.149902  3970.689941  3970.689941  129553577
2023-01-12 11:30:00-05:00  3970.679932  3978.379883  3961.560059  3977.449951  3977.449951  116137989
2023-01-12 12:00:00-05:00  3977.330078  3992.389893  3975.409912  3992.060059  3992.060059  124185601
2023-01-12 12:30:00-05:00  3992.010010  3994.179932  3988.459961  3991.330078  3991.330078  112590565
2023-01-12 13:00:00-05:00  3991.340088  3997.139893  3974.010010  3975.600098  3975.600098  124465078
2023-01-12 13:30:00-05:00  3975.550049  3997.040039  3969.889893  3995.840088  3995.840088  121216984
2023-01-12 14:00:00-05:00  3995.840088  3997.760010  3987.070068  3988.250000  3988.250000  116498563
2023-01-12 14:30:00-05:00  3988.300049  3992.689941  3981.270020  3986.860107  3986.860107  125069369
2023-01-12 15:00:00-05:00  3986.929932  3988.479980  3976.590088  3980.399902  3980.399902  147562067
2023-01-12 15:30:00-05:00  3980.379883  3984.689941  3972.520020  3983.080078  3983.080078  344773851
2023-01-13 09:30:00-05:00  3952.949951  3965.439941  3947.669922  3961.600098  3961.600098  278000748
2023-01-13 10:00:00-05:00  3961.530029  3979.000000  3959.139893  3979.000000  3979.000000  202172774
2023-01-13 10:30:00-05:00  3978.959961  3980.979980  3972.830078  3976.800049  3976.800049  155925036
2023-01-13 11:00:00-05:00  3976.979980  3978.860107  3967.429932  3973.459961  3973.459961  143069261
2023-01-13 11:30:00-05:00  3973.290039  3973.620117  3965.949951  3971.530029  3971.530029  116726872
2023-01-13 12:00:00-05:00  3971.530029  3978.739990  3970.719971  3977.979980  3977.979980   97773144
2023-01-13 12:30:00-05:00  3978.000000  3980.949951  3973.949951  3980.080078  3980.080078   94641312
2023-01-13 13:00:00-05:00  3980.090088  3982.040039  3974.790039  3977.489990  3977.489990  103227705
2023-01-13 13:30:00-05:00  3977.520020  3989.750000  3976.909912  3988.590088  3988.590088  103893971
2023-01-13 14:00:00-05:00  3988.530029  3990.620117  3985.219971  3988.820068  3988.820068   96253172
2023-01-13 14:30:00-05:00  3988.810059  3991.610107  3986.669922  3989.969971  3989.969971   98076397
2023-01-13 15:00:00-05:00  3989.939941  3996.070068  3989.659912  3996.060059  3996.060059  128166369
2023-01-13 15:30:00-05:00  3996.050049  4003.949951  3995.510010  3998.629883  3998.629883  330043064
2023-01-17 09:30:00-05:00  3999.280029  4004.389893  3989.840088  3998.620117  3998.620117  203409785
2023-01-17 10:00:00-05:00  3998.830078  4015.389893  3998.830078  4010.139893  4010.139893  216148674
2023-01-17 10:30:00-05:00  4010.429932  4011.540039  3992.379883  3996.550049  3996.550049  168575555
2023-01-17 11:00:00-05:00  3996.239990  3997.560059  3984.570068  3990.429932  3990.429932  143659181
2023-01-17 11:30:00-05:00  3990.439941  3996.939941  3989.750000  3995.639893  3995.639893  111086521
2023-01-17 12:00:00-05:00  3995.649902  3999.459961  3989.030029  3989.879883  3989.879883  100296713
2023-01-17 12:30:00-05:00  3989.899902  3996.739990  3989.409912  3994.719971  3994.719971   95036223
2023-01-17 13:00:00-05:00  3994.719971  3997.340088  3993.000000  3995.070068  3995.070068  101508858
2023-01-17 13:30:00-05:00  3995.070068  4001.149902  3994.189941  4000.120117  4000.120117   97509385
2023-01-17 14:00:00-05:00  4000.129883  4001.479980  3990.219971  3992.120117  3992.120117  113359160
2023-01-17 14:30:00-05:00  3992.120117  4000.479980  3992.120117  3994.939941  3994.939941  104649386
2023-01-17 15:00:00-05:00  3994.879883  3998.949951  3991.830078  3993.370117  3993.370117  130842929
2023-01-17 15:30:00-05:00  3993.350098  3995.139893  3985.199951  3990.699951  3990.699951  287281747
2023-01-18 09:30:00-05:00  4002.250000  4009.939941  3997.850098  4009.000000  4009.000000  270369200
2023-01-18 10:00:00-05:00  4009.050049  4014.159912  3999.830078  4007.550049  4007.550049  197890541
2023-01-18 10:30:00-05:00  4007.600098  4008.070068  3978.780029  3985.520020  3985.520020  193346848
2023-01-18 11:00:00-05:00  3985.479980  3987.209961  3963.219971  3967.620117  3967.620117  168114990
2023-01-18 11:30:00-05:00  3967.300049  3967.300049  3955.959961  3961.969971  3961.969971  137449623
2023-01-18 12:00:00-05:00  3962.040039  3963.629883  3949.239990  3950.409912  3950.409912  119969531
2023-01-18 12:30:00-05:00  3950.399902  3954.060059  3945.500000  3946.760010  3946.760010  103814324
2023-01-18 13:00:00-05:00  3946.830078  3949.100098  3939.080078  3946.449951  3946.449951  119588760
2023-01-18 13:30:00-05:00  3946.439941  3953.649902  3944.209961  3949.330078  3949.330078  108716585
2023-01-18 14:00:00-05:00  3949.340088  3951.050049  3944.620117  3950.669922  3950.669922  102387343
2023-01-18 14:30:00-05:00  3950.679932  3952.489990  3944.280029  3944.870117  3944.870117  104419528
2023-01-18 15:00:00-05:00  3944.850098  3948.979980  3940.939941  3941.750000  3941.750000  140760097
2023-01-18 15:30:00-05:00  3941.739990  3941.770020  3926.590088  3928.879883  3928.879883  315353909
2023-01-19 09:30:00-05:00  3911.840088  3916.330078  3899.209961  3905.179932  3905.179932  237639564
2023-01-19 10:00:00-05:00  3905.709961  3911.570068  3897.879883  3902.979980  3902.979980  195423396