                                  Open         High          Low        Close    Adj Close      Volume
Datetime                                                                                              
2022-10-19 10:30:00-04:00  3713.189941  3714.550049  3704.389893  3707.270020  3707.270020    26990757
2022-10-19 11:00:00-04:00  3707.280029  3717.350098  3703.260010  3705.959961  3705.959961   137939919
2022-10-19 11:30:00-04:00  3706.060059  3713.550049  3698.070068  3708.100098  3708.100098   121920826
2022-10-19 12:00:00-04:00  3708.159912  3708.639893  3692.080078  3693.000000  3693.000000   108080375
2022-10-19 12:30:00-04:00  3693.000000  3699.479980  3680.000000  3682.860107  3682.860107   108801424
2022-10-19 13:00:00-04:00  3682.830078  3684.719971  3666.510010  3676.850098  3676.850098   133250213
2022-10-19 13:30:00-04:00  3676.820068  3680.139893  3672.300049  3680.050049  3680.050049  1406813210
2022-10-19 14:00:00-04:00  3680.020020  3694.870117  3677.040039  3691.120117  3691.120117   119229922
2022-10-19 14:30:00-04:00  3690.679932  3692.649902  3681.610107  3682.409912  3682.409912   110660950
2022-10-19 15:00:00-04:00  3682.449951  3696.929932  3680.219971  3687.610107  3687.610107   153537931
2022-10-19 15:30:00-04:00  3687.600098  3696.949951  3684.610107  3695.959961  3695.959961   335208209
2022-10-20 09:30:00-04:00  3689.050049  3708.090088  3680.590088  3700.899902  3700.899902   268392913
2022-10-20 10:00:00-04:00  3700.850098  3735.389893  3700.280029  3731.510010  3731.510010   227572198
2022-10-20 10:30:00-04:00  3731.530029  3734.169922  3717.550049  3729.489990  3729.489990   170977496
2022-10-20 11:00:00-04:00  3729.479980  3729.989990  3709.719971  3713.239990  3713.239990   157809607
2022-10-20 11:30:00-04:00  3713.169922  3724.290039  3712.570068  3712.770020  3712.770020   136543126
2022-10-20 12:00:00-04:00  3712.750000  3713.000000  3689.070068  3691.810059  3691.810059   142207759
2022-10-20 12:30:00-04:00  3691.760010  3694.600098  3682.020020  3688.929932  3688.929932  1385860213
2022-10-20 13:00:00-04:00  3688.899902  3689.840088  3674.209961  3681.699951  3681.699951   131433639
2022-10-20 13:30:00-04:00  3681.580078  3681.820068  3664.600098  3670.840088  3670.840088   123656771
2022-10-20 14:00:00-04:00  3670.850098  3671.679932  3656.989990  3658.050049  3658.050049   117525375
2022-10-20 14:30:00-04:00  3657.860107  3671.580078  3656.689941  3666.659912  3666.659912   127710470
2022-10-20 15:00:00-04:00  3666.669922  3675.879883  3659.600098  3663.340088  3663.340088   155946354
2022-10-20 15:30:00-04:00  3663.149902  3675.189941  3656.439941  3665.229980  3665.229980  2335998284
2022-10-21 09:30:00-04:00  3657.100098  3700.909912  3647.419922  3700.909912  3700.909912   702921048
2022-10-21 10:00:00-04:00  3701.020020  3715.280029  3683.169922  3683.219971  3683.219971   230205876
2022-10-21 10:30:00-04:00  3683.189941  3694.080078  3673.820068  3677.320068  3677.320068   195678164
2022-10-21 11:00:00-04:00  3677.510010  3690.129883  3668.870117  3687.530029  3687.530029   160856539
2022-10-21 11:30:00-04:00  3687.610107  3709.399902  3686.699951  3709.399902  3709.399902  1277984399
2022-10-21 12:00:00-04:00  3710.030029  3721.429932  3703.689941  3704.090088  3704.090088   154543443
2022-10-21 12:30:00-04:00  3704.070068  3728.729980  3703.379883  3723.080078  3723.080078   126982738
2022-10-21 13:00:00-04:00  3723.110107  3729.389893  3718.580078  3723.439941  3723.439941  1642010659
2022-10-21 13:30:00-04:00  3723.399902  3736.300049  3722.959961  3736.050049  3736.050049   127689975
2022-10-21 14:00:00-04:00  3736.090088  3743.280029  3731.169922  3735.860107  3735.860107   129599230
2022-10-21 14:30:00-04:00  3735.879883  3740.080078  3732.000000  3738.830078  3738.830078   127778473
2022-10-21 15:00:00-04:00  3738.850098  3756.709961  3738.020020  3756.510010  3756.510010  2201296909
2022-10-21 15:30:00-04:00  3756.489990  3757.889893  3749.479980  3752.750000  3752.750000   418602250
2022-10-24 09:30:00-04:00  3762.010010  3796.659912  3762.010010  3786.649902  3786.649902   387789767
2022-10-24 10:00:00-04:00  3786.750000  3786.889893  3741.649902  3756.030029  3756.030029   221078730
2022-10-24 10:30:00-04:00  3755.979980  3773.649902  3752.110107  3770.010010  3770.010010   184605617
2022-10-24 11:00:00-04:00  3775.870117  3779.360107  3765.699951  3777.729980  3777.729980   164601893
2022-10-24 11:30:00-04:00  3777.639893  3791.989990  3773.100098  3791.290039  3791.290039   145640742
2022-10-24 12:00:00-04:00  3791.320068  3796.600098  3785.399902  3791.370117  3791.370117   121160115
2022-10-24 12:30:00-04:00  3791.399902  3793.979980  3785.540039  3787.600098  3787.600098   107362869
2022-10-24 13:00:00-04:00  3787.610107  3787.989990  3777.679932  3780.790039  3780.790039   111829061
2022-10-24 13:30:00-04:00  3780.750000  3785.560059  3776.909912  3781.810059  3781.810059   108969891
2022-10-24 14:00:00-04:00  3781.850098  3792.360107  3781.370117  3790.800049  3790.800049   114275576
2022-10-24 14:30:00-04:00  3790.739990  3804.909912  3790.379883  3803.919922  3803.919922   121856630
2022-10-24 15:00:00-04:00  3804.030029  3810.739990  3803.250000  3807.030029  3807.030029   156046775
2022-10-24 15:30:00-04:00  3807.050049  3807.709961  3791.709961  3797.790039  3797.790039   322344746
2022-10-25 09:30:00-04:00  3799.439941  3836.229980  3799.439941  3834.479980  3834.479980   314585731
2022-10-25 10:00:00-04:00  3835.280029  3838.060059  3824.189941  3837.969971  3837.969971   656609503
2022-10-25 10:30:00-04:00  3838.060059  3840.040039  3829.100098  3833.000000  3833.000000   175656299
2022-10-25 11:00:00-04:00  3833.100098  3844.340088  3831.729980  3843.389893  3843.389893   153143398
2022-10-25 11:30:00-04:00  3843.409912  3849.239990  3841.780029  3845.870117  3845.870117   138968245
2022-10-25 12:00:00-04:00  3845.879883  3852.419922  3843.500000  3847.419922  3847.419922   124443272
2022-10-25 12:30:00-04:00  3847.439941  3848.989990  3840.250000  3841.090088  3841.090088   121723720
2022-10-25 13:00:00-04:00  3841.090088  3844.909912  3834.189941  3840.100098  3840.100098   120753866
2022-10-25 13:30:00-04:00  3840.100098  3845.659912  3835.979980  3840.110107  3840.110107   124700492
2022-10-25 14:00:00-04:00  3840.100098  3850.620117  3839.689941  3850.520020  3850.520020   112540947
2022-10-25 14:30:00-04:00  3850.540039  3854.689941  3846.010010  3846.620117  3846.620117  1781190974
2022-10-25 15:00:00-04:00  3846.550049  3858.489990  3846.129883  3857.189941  3857.189941   123992063
2022-10-25 15:30:00-04:00  3857.790039  3862.850098  3855.800049  3860.199951  3860.199951  2222999256
2022-10-26 09:30:00-04:00  3825.969971  3841.090088  3824.070068  3826.989990  3826.989990   341615015
2022-10-26 10:00:00-04:00  3827.120117  3859.110107  3827.120117  3857.209961  3857.209961  1315737950