                                  Open         High          Low        Close    Adj Close     Volume
Datetime                                                                                             
2022-12-08 10:30:00-05:00  3968.010010  3970.479980  3966.360107  3967.399902  3967.399902   22269115
2022-12-08 11:00:00-05:00  3967.310059  3969.959961  3951.860107  3959.750000  3959.750000  687211477
2022-12-08 11:30:00-05:00  3959.729980  3965.219971  3956.879883  3962.709961  3962.709961  108629679
2022-12-08 12:00:00-05:00  3962.699951  3964.260010  3955.830078  3957.040039  3957.040039   96075727
2022-12-08 12:30:00-05:00  3957.050049  3959.919922  3952.659912  3959.580078  3959.580078   87301161
2022-12-08 13:00:00-05:00  3959.560059  3965.860107  3957.979980  3965.729980  3965.729980   90071316
2022-12-08 13:30:00-05:00  3965.790039  3973.300049  3965.110107  3965.929932  3965.929932   99165715
2022-12-08 14:00:00-05:00  3965.939941  3965.939941  3947.669922  3952.860107  3952.860107  115164737
2022-12-08 14:30:00-05:00  3952.840088  3960.840088  3949.370117  3956.479980  3956.479980  105561927
2022-12-08 15:00:00-05:00  3956.469971  3964.699951  3950.620117  3963.110107  3963.110107  124006481
2022-12-08 15:30:00-05:00  3963.110107  3966.620117  3951.679932  3962.909912  3962.909912  264053278
2022-12-09 09:30:00-05:00  3954.169922  3969.860107  3943.750000  3957.580078  3957.580078  202079666
2022-12-09 10:00:00-05:00  3957.879883  3966.600098  3949.590088  3958.429932  3958.429932  157867653
2022-12-09 10:30:00-05:00  3958.429932  3972.300049  3956.520020  3972.300049  3972.300049  133777097
2022-12-09 11:00:00-05:00  3972.250000  3975.139893  3963.659912  3970.100098  3970.100098  136694641
2022-12-09 11:30:00-05:00  3970.120117  3977.020020  3964.639893  3974.830078  3974.830078  104233134
2022-12-09 12:00:00-05:00  3974.810059  3975.389893  3966.600098  3967.260010  3967.260010   90740898
2022-12-09 12:30:00-05:00  3967.280029  3973.100098  3964.889893  3966.389893  3966.389893   88482278
2022-12-09 13:00:00-05:00  3966.399902  3966.399902  3954.969971  3959.399902  3959.399902   94208949
2022-12-09 13:30:00-05:00  3959.270020  3963.479980  3958.389893  3960.679932  3960.679932   82738654
2022-12-09 14:00:00-05:00  3960.669922  3961.149902  3952.020020  3960.060059  3960.060059   95968172
2022-12-09 14:30:00-05:00  3960.010010  3961.679932  3956.889893  3959.419922  3959.419922   89684595
2022-12-09 15:00:00-05:00  3959.330078  3963.449951  3955.649902  3955.870117  3955.870117  109886811
2022-12-09 15:30:00-05:00  3955.860107  3956.679932  3933.040039  3934.360107  3934.360107  274182104
2022-12-12 09:30:00-05:00  3939.290039  3948.250000  3935.300049  3946.699951  3946.699951  148844098
2022-12-12 10:00:00-05:00  3946.879883  3949.110107  3939.419922  3945.330078  3945.330078  148020534
2022-12-12 10:30:00-05:00  3945.270020  3947.620117  3941.479980  3946.500000  3946.500000  143561293
2022-12-12 11:00:00-05:00  3946.560059  3957.250000  3944.929932  3954.459961  3954.459961  128564354
2022-12-12 11:30:00-05:00  3954.429932  3955.189941  3949.899902  3955.129883  3955.129883  105644665
2022-12-12 12:00:00-05:00  3955.129883  3958.879883  3952.389893  3954.580078  3954.580078   94383050
2022-12-12 12:30:00-05:00  3954.560059  3959.729980  3953.340088  3958.370117  3958.370117   85500113
2022-12-12 13:00:00-05:00  3958.340088  3963.120117  3952.229980  3955.540039  3955.540039   98992984
2022-12-12 13:30:00-05:00  3955.550049  3962.219971  3955.449951  3959.590088  3959.590088   94562054
2022-12-12 14:00:00-05:00  3959.580078  3960.669922  3955.290039  3958.729980  3958.729980   97622015
2022-12-12 14:30:00-05:00  3958.689941  3969.699951  3956.219971  3968.520020  3968.520020  112223723
2022-12-12 15:00:00-05:00  3968.489990  3983.310059  3968.489990  3981.959961  3981.959961  153382378
2022-12-12 15:30:00-05:00  3981.949951  3990.459961  3979.979980  3990.290039  3990.290039  350828618
2022-12-13 09:30:00-05:00  4069.379883  4100.959961  4069.379883  4094.110107  4094.110107  370199170
2022-12-13 10:00:00-05:00  4094.260010  4096.089844  4050.149902  4054.959961  4054.959961  267537167
2022-12-13 10:30:00-05:00  4055.229980  4061.889893  4038.959961  4045.600098  4045.600098  193051053
2022-12-13 11:00:00-05:00  4047.770020  4055.919922  4040.860107  4047.229980  4047.229980  162350367
2022-12-13 11:30:00-05:00  4047.350098  4059.110107  4019.780029  4027.419922  4027.419922  160510125
2022-12-13 12:00:00-05:00  4027.500000  4032.879883  4000.860107  4003.840088  4003.840088  142790542
2022-12-13 12:30:00-05:00  4003.739990  4008.790039  3993.030029  4001.120117  4001.120117  137539811
2022-12-13 13:00:00-05:00  4001.100098  4021.209961  3999.459961  4019.449951  4019.449951  124090123
2022-12-13 13:30:00-05:00  4019.449951  4024.389893  4008.189941  4017.520020  4017.520020  115927200
2022-12-13 14:00:00-05:00  4017.530029  4021.389893  4010.969971  4018.030029  4018.030029  110220523
2022-12-13 14:30:00-05:00  4018.000000  4032.689941  4013.330078  4017.129883  4017.129883  122439704
2022-12-13 15:00:00-05:00  4017.100098  4018.790039  4000.889893  4018.179932  4018.179932  149503897
2022-12-13 15:30:00-05:00  4018.179932  4031.229980  4014.800049  4019.510010  4019.510010  387579153
2022-12-14 09:30:00-05:00  4015.540039  4039.500000  4015.540039  4038.100098  4038.100098  209309763
2022-12-14 10:00:00-05:00  4039.530029  4043.729980  4035.239990  4041.469971  4041.469971  147725877
2022-12-14 10:30:00-05:00  4041.459961  4044.959961  4036.250000  4042.340088  4042.340088  134774507
2022-12-14 11:00:00-05:00  4042.760010  4049.280029  4041.350098  4048.909912  4048.909912  643167901
2022-12-14 11:30:00-05:00  4048.929932  4050.379883  4041.780029  4042.239990  4042.239990  105952818
2022-12-14 12:00:00-05:00  4042.239990  4042.790039  4036.699951  4038.399902  4038.399902   92913009
2022-12-14 12:30:00-05:00  4038.340088  4041.250000  4036.050049  4036.050049  4036.050049   80198000
2022-12-14 13:00:00-05:00  4036.010010  4043.600098  4035.530029  4041.340088  4041.340088   85977806
2022-12-14 13:30:00-05:00  4041.340088  4053.760010  4041.229980  4048.899902  4048.899902  108311358
2022-12-14 14:00:00-05:00  4048.739990  4048.750000  3989.189941  4002.939941  4002.939941  212214636
2022-12-14 14:30:00-05:00  4002.810059  4004.389893  3965.649902  3989.729980  3989.729980  232244468
2022-12-14 15:00:00-05:00  3989.600098  4034.870117  3985.570068  3988.520020  3988.520020  209431409
2022-12-14 15:30:00-05:00  3988.489990  4009.399902  3978.560059  3995.040039  3995.040039  364710741
2022-12-15 09:30:00-05:00  3958.370117  3958.370117  3912.739990  3915.870117  3915.870117  231348998
2022-12-15 10:00:00-05:00  3915.840088  3917.239990  3903.679932  3911.560059  3911.560059  185272123