                                  Open         High          Low        Close    Adj Close      Volume
Datetime                                                                                              
2022-10-31 09:30:00-04:00  3881.850098  3884.610107  3865.040039  3865.360107  3865.360107   258135334
2022-10-31 10:00:00-04:00  3865.320068  3878.750000  3863.179932  3868.510010  3868.510010   190141831
2022-10-31 10:30:00-04:00  3868.550049  3877.090088  3863.939941  3871.489990  3871.489990   166500265
2022-10-31 11:00:00-04:00  3871.189941  3886.030029  3870.709961  3883.570068  3883.570068   155169238
2022-10-31 11:30:00-04:00  3883.530029  3893.729980  3874.709961  3880.120117  3880.120117   147468912
2022-10-31 12:00:00-04:00  3880.510010  3889.860107  3874.830078  3879.719971  3879.719971  1146993862
2022-10-31 12:30:00-04:00  3879.719971  3879.719971  3868.469971  3872.389893  3872.389893   115129595
2022-10-31 13:00:00-04:00  3872.419922  3883.889893  3868.760010  3883.560059  3883.560059   110891001
2022-10-31 13:30:00-04:00  3883.389893  3885.629883  3875.439941  3880.399902  3880.399902   105954964
2022-10-31 14:00:00-04:00  3880.459961  3883.770020  3876.760010  3879.780029  3879.780029   112958548
2022-10-31 14:30:00-04:00  3879.719971  3886.919922  3876.560059  3878.530029  3878.530029   122420725
2022-10-31 15:00:00-04:00  3878.649902  3878.929932  3866.199951  3876.449951  3876.449951   151464709
2022-10-31 15:30:00-04:00  3876.530029  3884.330078  3870.280029  3872.340088  3872.340088   369646436
2022-11-01 09:30:00-04:00  3901.790039  3911.790039  3887.719971  3890.270020  3890.270020   300569591
2022-11-01 10:00:00-04:00  3890.260010  3892.239990  3860.139893  3872.780029  3872.780029   226198720
2022-11-01 10:30:00-04:00  3873.010010  3875.560059  3846.439941  3848.929932  3848.929932   178418938
2022-11-01 11:00:00-04:00  3849.260010  3857.020020  3846.939941  3854.560059  3854.560059   147088896
2022-11-01 11:30:00-04:00  3854.489990  3857.510010  3843.800049  3854.939941  3854.939941   141720045
2022-11-01 12:00:00-04:00  3854.929932  3869.239990  3853.350098  3855.169922  3855.169922   140948205
2022-11-01 12:30:00-04:00  3855.040039  3858.479980  3850.020020  3857.070068  3857.070068   124786463
2022-11-01 13:00:00-04:00  3857.120117  3863.949951  3853.560059  3858.780029  3858.780029   122136271
2022-11-01 13:30:00-04:00  3858.780029  3860.379883  3853.219971  3860.379883  3860.379883   112478586
2022-11-01 14:00:00-04:00  3860.429932  3861.939941  3856.469971  3860.449951  3860.449951   113326499
2022-11-01 14:30:00-04:00  3860.439941  3864.989990  3853.209961  3864.090088  3864.090088   131756329
2022-11-01 15:00:00-04:00  3864.000000  3867.800049  3857.250000  3857.530029  3857.530029   151964897
2022-11-01 15:30:00-04:00  3857.620117  3864.429932  3855.639893  3855.639893  3855.639893   375157232
2022-11-02 09:30:00-04:00  3852.899902  3852.899902  3833.969971  3833.969971  3833.969971   285342779
2022-11-02 10:00:00-04:00  3834.040039  3839.889893  3830.800049  3832.280029  3832.280029   171359727
2022-11-02 10:30:00-04:00  3832.260010  3840.620117  3831.459961  3836.959961  3836.959961   153397883
2022-11-02 11:00:00-04:00  3837.149902  3840.639893  3832.949951  3835.459961  3835.459961   149425353
2022-11-02 11:30:00-04:00  3835.790039  3840.370117  3834.139893  3836.679932  3836.679932   121697823
2022-11-02 12:00:00-04:00  3836.669922  3838.290039  3827.110107  3827.229980  3827.229980   115336765
2022-11-02 12:30:00-04:00  3827.219971  3836.449951  3823.649902  3834.540039  3834.540039   107764880
2022-11-02 13:00:00-04:00  3834.610107  3834.820068  3829.669922  3831.310059  3831.310059    93870919
2022-11-02 13:30:00-04:00  3831.300049  3848.649902  3830.500000  3843.080078  3843.080078   113890083
2022-11-02 14:00:00-04:00  3843.060059  3889.239990  3834.020020  3888.540039  3888.540039   273269349
2022-11-02 14:30:00-04:00  3888.550049  3894.439941  3801.500000  3818.429932  3818.429932   368241672
2022-11-02 15:00:00-04:00  3816.780029  3839.889893  3773.129883  3780.909912  3780.909912   262719784
2022-11-02 15:30:00-04:00  3780.850098  3784.580078  3758.979980  3759.110107  3759.110107   479096505
2022-11-03 09:30:00-04:00  3733.250000  3733.250000  3700.770020  3701.280029  3701.280029   361803417
2022-11-03 10:00:00-04:00  3701.250000  3737.139893  3698.149902  3735.850098  3735.850098   265644673
2022-11-03 10:30:00-04:00  3735.889893  3744.760010  3721.679932  3744.169922  3744.169922   214912603
2022-11-03 11:00:00-04:00  3744.139893  3745.729980  3726.889893  3726.959961  3726.959961   172394853
2022-11-03 11:30:00-04:00  3726.929932  3736.360107  3720.080078  3726.810059  3726.810059   154409971
2022-11-03 12:00:00-04:00  3726.689941  3744.179932  3723.810059  3740.260010  3740.260010   149993909
2022-11-03 12:30:00-04:00  3740.300049  3750.590088  3733.320068  3748.399902  3748.399902   135773078
2022-11-03 13:00:00-04:00  3748.399902  3749.239990  3736.080078  3738.100098  3738.100098   120996862
2022-11-03 13:30:00-04:00  3738.129883  3740.209961  3732.250000  3732.250000  3732.250000   113273573
2022-11-03 14:00:00-04:00  3732.169922  3743.219971  3728.580078  3742.600098  3742.600098   125094453
2022-11-03 14:30:00-04:00  3742.590088  3745.320068  3735.810059  3744.469971  3744.469971   128702726
2022-11-03 15:00:00-04:00  3744.429932  3744.899902  3737.239990  3741.250000  3741.250000   154013467
2022-11-03 15:30:00-04:00  3741.250000  3744.060059  3718.469971  3719.800049  3719.800049   414905239
2022-11-04 09:30:00-04:00  3766.979980  3780.389893  3731.500000  3759.399902  3759.399902   399129398
2022-11-04 10:00:00-04:00  3759.360107  3788.840088  3755.959961  3787.409912  3787.409912   242623198
2022-11-04 10:30:00-04:00  3784.479980  3796.070068  3772.699951  3776.189941  3776.189941   202080739
2022-11-04 11:00:00-04:00  3776.250000  3782.590088  3750.080078  3750.750000  3750.750000   183090240
2022-11-04 11:30:00-04:00  3750.739990  3756.040039  3717.020020  3717.459961  3717.459961   179774683
2022-11-04 12:00:00-04:00  3717.530029  3737.469971  3709.639893  3735.699951  3735.699951   170841555
2022-11-04 12:30:00-04:00  3735.620117  3737.100098  3716.139893  3721.320068  3721.320068   141695329
2022-11-04 13:00:00-04:00  3721.250000  3727.870117  3710.110107  3719.479980  3719.479980   135743119
2022-11-04 13:30:00-04:00  3719.479980  3723.280029  3714.080078  3715.659912  3715.659912   127448280
2022-11-04 14:00:00-04:00  3715.689941  3732.969971  3708.840088  3730.500000  3730.500000   134400408
2022-11-04 14:30:00-04:00  3730.399902  3749.719971  3727.709961  3747.600098  3747.600098   142249697
2022-11-04 15:00:00-04:00  3747.739990  3760.260010  3744.820068  3753.689941  3753.689941   178516379
2022-11-04 15:30:00-04:00  3753.629883  3772.679932  3749.010010  3770.419922  3770.419922   399878259
2022-11-04 16:00:00-04:00  3770.550049  3770.550049  3770.550049  3770.550049  3770.550049           0