                                  Open         High          Low        Close    Adj Close      Volume
Datetime                                                                                              
2022-10-07 10:30:00-04:00  3679.510010  3680.810059  3672.689941  3675.590088  3675.590088    25874964
2022-10-07 11:00:00-04:00  3675.530029  3681.659912  3662.739990  3669.429932  3669.429932   152268842
2022-10-07 11:30:00-04:00  3669.479980  3671.979980  3660.330078  3664.120117  3664.120117   134551570
2022-10-07 12:00:00-04:00  3664.149902  3669.030029  3653.620117  3654.139893  3654.139893   128189773
2022-10-07 12:30:00-04:00  3654.389893  3654.389893  3646.010010  3649.330078  3649.330078   123524817
2022-10-07 13:00:00-04:00  3649.290039  3652.879883  3642.510010  3649.979980  3649.979980   113534347
2022-10-07 13:30:00-04:00  3648.209961  3654.169922  3644.110107  3644.280029  3644.280029    96231556
2022-10-07 14:00:00-04:00  3644.449951  3648.760010  3637.860107  3638.120117  3638.120117  3131606984
2022-10-07 14:30:00-04:00  3638.110107  3641.560059  3634.760010  3638.830078  3638.830078   124882588
2022-10-07 15:00:00-04:00  3638.810059  3645.800049  3624.679932  3626.810059  3626.810059   173820000
2022-10-07 15:30:00-04:00  3626.969971  3643.239990  3620.729980  3640.379883  3640.379883   428166708
2022-10-10 09:30:00-04:00  3647.510010  3652.169922  3626.620117  3626.810059  3626.810059   202696613
2022-10-10 10:00:00-04:00  3627.129883  3640.040039  3621.229980  3636.449951  3636.449951   186128167
2022-10-10 10:30:00-04:00  3636.179932  3639.669922  3607.629883  3613.050049  3613.050049   178824571
2022-10-10 11:00:00-04:00  3612.909912  3621.070068  3604.780029  3614.659912  3614.659912   145279545
2022-10-10 11:30:00-04:00  3614.669922  3624.750000  3609.199951  3619.360107  3619.360107   130728512
2022-10-10 12:00:00-04:00  3619.360107  3620.560059  3600.330078  3601.469971  3601.469971   108613101
2022-10-10 12:30:00-04:00  3601.449951  3604.040039  3594.729980  3594.739990  3594.739990   109946969
2022-10-10 13:00:00-04:00  3594.750000  3601.850098  3588.100098  3600.929932  3600.929932   114771202
2022-10-10 13:30:00-04:00  3600.909912  3633.909912  3600.399902  3626.300049  3626.300049   140387813
2022-10-10 14:00:00-04:00  3626.280029  3627.139893  3610.860107  3616.790039  3616.790039   112650282
2022-10-10 14:30:00-04:00  3616.969971  3627.860107  3614.000000  3616.810059  3616.810059   112201910
2022-10-10 15:00:00-04:00  3616.820068  3630.350098  3612.310059  3618.760010  3618.760010   147629560
2022-10-10 15:30:00-04:00  3618.830078  3627.750000  3612.050049  3612.050049  3612.050049   277878321
2022-10-11 09:30:00-04:00  3595.860107  3598.149902  3575.939941  3576.399902  3576.399902   208514776
2022-10-11 10:00:00-04:00  3576.370117  3584.459961  3568.449951  3578.530029  3578.530029   204294628
2022-10-11 10:30:00-04:00  3578.530029  3596.520020  3573.679932  3586.149902  3586.149902   187209390
2022-10-11 11:00:00-04:00  3586.120117  3605.830078  3585.790039  3603.709961  3603.709961   160852250
2022-10-11 11:30:00-04:00  3603.979980  3625.399902  3603.399902  3618.270020  3618.270020  1102384383
2022-10-11 12:00:00-04:00  3618.310059  3627.570068  3606.199951  3623.510010  3623.510010   127594123
2022-10-11 12:30:00-04:00  3623.530029  3640.659912  3623.530029  3632.540039  3632.540039  1343252113
2022-10-11 13:00:00-04:00  3632.560059  3634.510010  3622.899902  3624.840088  3624.840088   123301656
2022-10-11 13:30:00-04:00  3624.889893  3631.969971  3620.290039  3629.899902  3629.899902   111218531
2022-10-11 14:00:00-04:00  3629.889893  3631.669922  3616.280029  3622.739990  3622.739990   120025621
2022-10-11 14:30:00-04:00  3623.379883  3628.510010  3583.360107  3584.330078  3584.330078  1823236254
2022-10-11 15:00:00-04:00  3584.330078  3586.300049  3568.659912  3581.649902  3581.649902   200701417
2022-10-11 15:30:00-04:00  3581.659912  3592.840088  3575.719971  3589.159912  3589.159912   333308245
2022-10-12 09:30:00-04:00  3590.830078  3607.689941  3573.860107  3599.209961  3599.209961   266303528
2022-10-12 10:00:00-04:00  3599.239990  3603.909912  3581.649902  3594.709961  3594.709961   175225679
2022-10-12 10:30:00-04:00  3594.729980  3601.620117  3582.219971  3589.719971  3589.719971   145434945
2022-10-12 11:00:00-04:00  3589.399902  3602.429932  3588.600098  3598.090088  3598.090088   139610689
2022-10-12 11:30:00-04:00  3598.000000  3604.870117  3592.659912  3603.030029  3603.030029   134599728
2022-10-12 12:00:00-04:00  3602.949951  3608.340088  3592.290039  3593.139893  3593.139893   120324649
2022-10-12 12:30:00-04:00  3593.060059  3597.790039  3587.419922  3596.919922  3596.919922    97565678
2022-10-12 13:00:00-04:00  3596.949951  3598.909912  3590.620117  3594.199951  3594.199951    83445905
2022-10-12 13:30:00-04:00  3594.179932  3594.250000  3584.699951  3587.469971  3587.469971  1299223776
2022-10-12 14:00:00-04:00  3587.459961  3602.989990  3583.270020  3601.780029  3601.780029   162754959
2022-10-12 14:30:00-04:00  3601.719971  3604.340088  3586.040039  3587.939941  3587.939941   116326895
2022-10-12 15:00:00-04:00  3587.449951  3592.479980  3582.889893  3587.419922  3587.419922   139905297
2022-10-12 15:30:00-04:00  3586.879883  3593.500000  3576.370117  3576.899902  3576.899902   313100887
2022-10-13 09:30:00-04:00  3520.370117  3535.149902  3491.580078  3529.149902  3529.149902   302241231
2022-10-13 10:00:00-04:00  3529.159912  3550.969971  3524.959961  3530.909912  3530.909912   250289299
2022-10-13 10:30:00-04:00  3530.399902  3556.879883  3528.709961  3546.610107  3546.610107   209619525
2022-10-13 11:00:00-04:00  3546.570068  3635.229980  3544.409912  3611.620117  3611.620117   277361792
2022-10-13 11:30:00-04:00  3616.179932  3662.510010  3609.820068  3638.239990  3638.239990   243878173
2022-10-13 12:00:00-04:00  3638.260010  3650.169922  3620.239990  3624.219971  3624.219971   172469131
2022-10-13 12:30:00-04:00  3624.020020  3646.639893  3622.350098  3640.000000  3640.000000   139474882
2022-10-13 13:00:00-04:00  3640.000000  3667.290039  3640.000000  3663.360107  3663.360107   142721750
2022-10-13 13:30:00-04:00  3663.439941  3675.080078  3659.669922  3665.780029  3665.780029   147789161
2022-10-13 14:00:00-04:00  3665.739990  3666.810059  3650.709961  3651.429932  3651.429932   125905939
2022-10-13 14:30:00-04:00  3651.409912  3681.479980  3651.409912  3678.620117  3678.620117   139761494
2022-10-13 15:00:00-04:00  3678.699951  3685.409912  3671.040039  3671.959961  3671.959961   178285308
2022-10-13 15:30:00-04:00  3671.820068  3681.360107  3661.280029  3669.479980  3669.479980   333638100
2022-10-14 09:30:00-04:00  3690.409912  3712.000000  3671.350098  3677.370117  3677.370117   414472439
2022-10-14 10:00:00-04:00  3654.399902  3667.409912  3617.360107  3630.129883  3630.129883   246492388