                                  Open         High          Low        Close    Adj Close     Volume
Datetime                                                                                             
2023-02-17 10:30:00-05:00  4060.770020  4061.060059  4055.219971  4056.320068  4056.320068   21277673
2023-02-17 11:00:00-05:00  4056.250000  4059.979980  4049.889893  4051.419922  4051.419922  125475354
2023-02-17 11:30:00-05:00  4051.409912  4061.580078  4048.399902  4054.679932  4054.679932  133475178
2023-02-17 12:00:00-05:00  4054.669922  4066.080078  4054.610107  4061.989990  4061.989990  108223229
2023-02-17 12:30:00-05:00  4061.750000  4061.790039  4047.949951  4051.610107  4051.610107   96738385
2023-02-17 13:00:00-05:00  4051.580078  4060.899902  4049.899902  4053.570068  4053.570068   94889886
2023-02-17 13:30:00-05:00  4053.620117  4059.679932  4051.360107  4058.360107  4058.360107   91921793
2023-02-17 14:00:00-05:00  4058.389893  4070.280029  4058.219971  4067.639893  4067.639893  106749362
2023-02-17 14:30:00-05:00  4067.659912  4079.129883  4067.659912  4077.899902  4077.899902  113746172
2023-02-17 15:00:00-05:00  4077.889893  4081.510010  4071.100098  4072.409912  4072.409912  137130260
2023-02-17 15:30:00-05:00  4072.290039  4081.159912  4071.120117  4078.979980  4078.979980  278255630
2023-02-21 09:30:00-05:00  4052.350098  4052.350098  4030.370117  4032.429932  4032.429932  188716405
2023-02-21 10:00:00-05:00  4032.350098  4035.399902  4022.149902  4023.889893  4023.889893  172023192
2023-02-21 10:30:00-05:00  4023.860107  4031.949951  4019.659912  4020.310059  4020.310059  144954316
2023-02-21 11:00:00-05:00  4020.370117  4023.760010  4013.600098  4014.479980  4014.479980  125432901
2023-02-21 11:30:00-05:00  4014.459961  4017.199951  4010.060059  4011.889893  4011.889893  117287910
2023-02-21 12:00:00-05:00  4011.780029  4014.409912  4008.320068  4009.620117  4009.620117  115147971
2023-02-21 12:30:00-05:00  4009.610107  4016.060059  4008.260010  4015.909912  4015.909912  101683633
2023-02-21 13:00:00-05:00  4015.830078  4016.260010  4005.679932  4007.020020  4007.020020   97643591
2023-02-21 13:30:00-05:00  4007.050049  4007.290039  4001.939941  4003.149902  4003.149902   94941078
2023-02-21 14:00:00-05:00  4003.209961  4003.260010  3995.189941  3999.669922  3999.669922  106542679
2023-02-21 14:30:00-05:00  3999.600098  4007.120117  3998.620117  4003.699951  4003.699951  110951367
2023-02-21 15:00:00-05:00  4003.709961  4007.560059  3999.399902  4002.219971  4002.219971  125280515
2023-02-21 15:30:00-05:00  4002.239990  4007.860107  3996.159912  3997.239990  3997.239990  341707969
2023-02-22 09:30:00-05:00  4001.830078  4010.729980  4000.070068  4003.899902  4003.899902  232305275
2023-02-22 10:00:00-05:00  4004.250000  4004.719971  3985.969971  3992.040039  3992.040039  176649308
2023-02-22 10:30:00-05:00  3991.709961  4000.159912  3983.310059  3997.780029  3997.780029  147628094
2023-02-22 11:00:00-05:00  3997.750000  4000.610107  3992.820068  3996.800049  3996.800049  112180865
2023-02-22 11:30:00-05:00  3996.830078  4001.959961  3995.510010  4001.000000  4001.000000   99467180
2023-02-22 12:00:00-05:00  4000.979980  4008.159912  3997.879883  4005.489990  4005.489990   92974792
2023-02-22 12:30:00-05:00  4005.489990  4011.959961  4005.489990  4007.830078  4007.830078   98307939
2023-02-22 13:00:00-05:00  4007.879883  4015.179932  4005.239990  4014.739990  4014.739990   84987698
2023-02-22 13:30:00-05:00  4014.709961  4015.139893  4007.169922  4009.830078  4009.830078   88505930
2023-02-22 14:00:00-05:00  4009.840088  4017.370117  3993.489990  3999.570068  3999.570068  153178004
2023-02-22 14:30:00-05:00  3999.139893  3999.159912  3982.280029  3982.479980  3982.479980  134798519
2023-02-22 15:00:00-05:00  3982.469971  3990.070068  3980.040039  3982.669922  3982.669922  140847766
2023-02-22 15:30:00-05:00  3982.560059  3991.610107  3976.899902  3991.520020  3991.520020  322162944
2023-02-23 09:30:00-05:00  4018.600098  4028.300049  4014.629883  4024.520020  4024.520020  267631579
2023-02-23 10:00:00-05:00  4024.959961  4027.729980  4011.699951  4016.739990  4016.739990  178398126
2023-02-23 10:30:00-05:00  4016.719971  4018.510010  3994.969971  3997.449951  3997.449951  159672042
2023-02-23 11:00:00-05:00  3997.459961  4002.199951  3984.300049  3986.090088  3986.090088  139343775
2023-02-23 11:30:00-05:00  3986.080078  3988.159912  3970.449951  3970.649902  3970.649902  128521831
2023-02-23 12:00:00-05:00  3970.770020  3977.550049  3969.189941  3974.780029  3974.780029  111174183
2023-02-23 12:30:00-05:00  3974.800049  3982.290039  3972.739990  3981.790039  3981.790039   97227299
2023-02-23 13:00:00-05:00  3981.850098  3985.860107  3976.840088  3982.500000  3982.500000   98089271
2023-02-23 13:30:00-05:00  3982.570068  3990.090088  3979.409912  3988.350098  3988.350098   97823490
2023-02-23 14:00:00-05:00  3988.330078  4006.139893  3985.750000  4004.979980  4004.979980  121812129
2023-02-23 14:30:00-05:00  4005.030029  4012.159912  4005.030029  4007.449951  4007.449951  112471958
2023-02-23 15:00:00-05:00  4007.520020  4020.500000  4007.520020  4020.260010  4020.260010  137569311
2023-02-23 15:30:00-05:00  4020.229980  4021.969971  4010.300049  4012.139893  4012.139893  324086551
2023-02-24 09:30:00-05:00  3973.239990  3973.239990  3948.290039  3951.239990  3951.239990  207063376
2023-02-24 10:00:00-05:00  3951.010010  3959.520020  3944.949951  3948.909912  3948.909912  170905495