                                  Open         High          Low        Close    Adj Close     Volume
Datetime                                                                                             
2023-02-15 10:30:00-05:00  4114.810059  4119.649902  4113.660156  4115.180176  4115.180176   20532932
2023-02-15 11:00:00-05:00  4115.180176  4129.540039  4114.490234  4129.330078  4129.330078  124238194
2023-02-15 11:30:00-05:00  4129.319824  4135.750000  4123.089844  4129.669922  4129.669922  118495021
2023-02-15 12:00:00-05:00  4129.680176  4131.069824  4117.990234  4118.229980  4118.229980  110406201
2023-02-15 12:30:00-05:00  4118.209961  4126.669922  4117.259766  4123.200195  4123.200195   93170694
2023-02-15 13:00:00-05:00  4123.299805  4131.959961  4120.419922  4131.660156  4131.660156   83418797
2023-02-15 13:30:00-05:00  4131.649902  4137.740234  4129.479980  4137.700195  4137.700195   91769408
2023-02-15 14:00:00-05:00  4137.759766  4143.229980  4136.950195  4140.209961  4140.209961  101683913
2023-02-15 14:30:00-05:00  4140.209961  4143.169922  4131.580078  4132.229980  4132.229980  106587326
2023-02-15 15:00:00-05:00  4132.370117  4138.509766  4132.370117  4136.299805  4136.299805  127079660
2023-02-15 15:30:00-05:00  4136.310059  4147.720215  4135.870117  4147.479980  4147.479980  256565620
2023-02-16 09:30:00-05:00  4114.750000  4114.750000  4091.070068  4096.689941  4096.689941  191542355
2023-02-16 10:00:00-05:00  4096.669922  4114.279785  4092.669922  4112.859863  4112.859863  164018149
2023-02-16 10:30:00-05:00  4112.899902  4124.560059  4112.370117  4121.180176  4121.180176  143572175
2023-02-16 11:00:00-05:00  4121.319824  4126.100098  4116.580078  4121.799805  4121.799805  118264405
2023-02-16 11:30:00-05:00  4121.819824  4127.720215  4118.160156  4122.410156  4122.410156  105047966
2023-02-16 12:00:00-05:00  4122.339844  4128.919922  4116.919922  4127.149902  4127.149902   97689840
2023-02-16 12:30:00-05:00  4127.169922  4136.240234  4126.709961  4129.060059  4129.060059  107360804
2023-02-16 13:00:00-05:00  4129.080078  4133.839844  4122.089844  4122.470215  4122.470215  101598639
2023-02-16 13:30:00-05:00  4122.520020  4131.750000  4121.160156  4129.169922  4129.169922   96227229
2023-02-16 14:00:00-05:00  4129.189941  4134.509766  4126.770020  4133.040039  4133.040039  104194137
2023-02-16 14:30:00-05:00  4133.000000  4136.540039  4129.450195  4129.870117  4129.870117   97689712
2023-02-16 15:00:00-05:00  4129.839844  4130.600098  4101.479980  4101.609863  4101.609863  171863260
2023-02-16 15:30:00-05:00  4101.339844  4102.459961  4089.489990  4090.270020  4090.270020  293814457
2023-02-17 09:30:00-05:00  4077.389893  4077.389893  4049.139893  4054.659912  4054.659912  280995105
2023-02-17 10:00:00-05:00  4054.810059  4076.550049  4054.469971  4066.290039  4066.290039  168162056
2023-02-17 10:30:00-05:00  4066.389893  4078.489990  4055.219971  4056.320068  4056.320068  147810801
2023-02-17 11:00:00-05:00  4056.250000  4059.979980  4049.889893  4051.419922  4051.419922  125475354
2023-02-17 11:30:00-05:00  4051.409912  4061.580078  4048.399902  4054.679932  4054.679932  133475178
2023-02-17 12:00:00-05:00  4054.669922  4066.080078  4054.610107  4061.989990  4061.989990  108223229
2023-02-17 12:30:00-05:00  4061.750000  4061.790039  4047.949951  4051.610107  4051.610107   96738385
2023-02-17 13:00:00-05:00  4051.580078  4060.899902  4049.899902  4053.570068  4053.570068   94889886
2023-02-17 13:30:00-05:00  4053.620117  4059.679932  4051.360107  4058.360107  4058.360107   91921793
2023-02-17 14:00:00-05:00  4058.389893  4070.280029  4058.219971  4067.639893  4067.639893  106749362
2023-02-17 14:30:00-05:00  4067.659912  4079.129883  4067.659912  4077.899902  4077.899902  113746172
2023-02-17 15:00:00-05:00  4077.889893  4081.510010  4071.100098  4072.409912  4072.409912  137130260
2023-02-17 15:30:00-05:00  4072.290039  4081.159912  4071.120117  4078.979980  4078.979980  278255630
2023-02-21 09:30:00-05:00  4052.350098  4052.350098  4030.370117  4032.429932  4032.429932  188716405
2023-02-21 10:00:00-05:00  4032.350098  4035.399902  4022.149902  4023.889893  4023.889893  172023192
2023-02-21 10:30:00-05:00  4023.860107  4031.949951  4019.659912  4020.310059  4020.310059  144954316
2023-02-21 11:00:00-05:00  4020.370117  4023.760010  4013.600098  4014.479980  4014.479980  125432901
2023-02-21 11:30:00-05:00  4014.459961  4017.199951  4010.060059  4011.889893  4011.889893  117287910
2023-02-21 12:00:00-05:00  4011.780029  4014.409912  4008.320068  4009.620117  4009.620117  115147971
2023-02-21 12:30:00-05:00  4009.610107  4016.060059  4008.260010  4015.909912  4015.909912  101683633
2023-02-21 13:00:00-05:00  4015.830078  4016.260010  4005.679932  4007.020020  4007.020020   97643591
2023-02-21 13:30:00-05:00  4007.050049  4007.290039  4001.939941  4003.149902  4003.149902   94941078
2023-02-21 14:00:00-05:00  4003.209961  4003.260010  3995.189941  3999.669922  3999.669922  106542679
2023-02-21 14:30:00-05:00  3999.600098  4007.120117  3998.620117  4003.699951  4003.699951  110951367
2023-02-21 15:00:00-05:00  4003.709961  4007.560059  3999.399902  4002.219971  4002.219971  125280515
2023-02-21 15:30:00-05:00  4002.239990  4007.860107  3996.159912  3997.239990  3997.239990  341707969
2023-02-22 09:30:00-05:00  4001.830078  4010.729980  4000.070068  4003.899902  4003.899902  199080243
2023-02-22 10:00:00-05:00  4004.250000  4004.719971  3985.969971  3992.040039  3992.040039  176649308