                                  Open         High          Low        Close    Adj Close      Volume
Datetime                                                                                              
2023-01-06 10:30:00-05:00  3865.719971  3869.239990  3863.449951  3866.879883  3866.879883    28332964
2023-01-06 11:00:00-05:00  3866.949951  3874.639893  3865.409912  3867.620117  3867.620117   136542896
2023-01-06 11:30:00-05:00  3867.560059  3881.080078  3864.830078  3876.729980  3876.729980   135627546
2023-01-06 12:00:00-05:00  3876.919922  3879.050049  3868.649902  3870.050049  3870.050049   116132799
2023-01-06 12:30:00-05:00  3870.030029  3872.639893  3865.379883  3868.429932  3868.429932    95197991
2023-01-06 13:00:00-05:00  3868.340088  3875.929932  3866.840088  3875.070068  3875.070068    90186133
2023-01-06 13:30:00-05:00  3875.050049  3882.159912  3875.050049  3881.250000  3881.250000   103596959
2023-01-06 14:00:00-05:00  3881.260010  3894.739990  3881.260010  3891.239990  3891.239990   116076207
2023-01-06 14:30:00-05:00  3891.260010  3901.040039  3891.260010  3899.189941  3899.189941   118355520
2023-01-06 15:00:00-05:00  3899.159912  3906.189941  3897.350098  3897.879883  3897.879883   148801601
2023-01-06 15:30:00-05:00  3897.870117  3904.669922  3891.870117  3894.199951  3894.199951   351103989
2023-01-09 09:30:00-05:00  3910.820068  3930.229980  3907.810059  3930.120117  3930.120117   202829293
2023-01-09 10:00:00-05:00  3930.219971  3934.939941  3926.919922  3928.600098  3928.600098   187554753
2023-01-09 10:30:00-05:00  3928.500000  3946.050049  3928.419922  3939.969971  3939.969971   160488140
2023-01-09 11:00:00-05:00  3939.959961  3950.570068  3939.959961  3949.310059  3949.310059   138836570
2023-01-09 11:30:00-05:00  3949.350098  3950.080078  3942.409912  3947.330078  3947.330078   133136141
2023-01-09 12:00:00-05:00  3947.290039  3947.290039  3938.459961  3942.659912  3942.659912   107982111
2023-01-09 12:30:00-05:00  3942.659912  3943.040039  3932.610107  3937.010010  3937.010010   103650275
2023-01-09 13:00:00-05:00  3936.959961  3937.840088  3929.370117  3933.790039  3933.790039   106132535
2023-01-09 13:30:00-05:00  3933.790039  3933.800049  3913.000000  3918.399902  3918.399902   119785963
2023-01-09 14:00:00-05:00  3918.370117  3924.330078  3913.479980  3919.669922  3919.669922   108445954
2023-01-09 14:30:00-05:00  3919.659912  3920.669922  3902.080078  3903.000000  3903.000000   105560212
2023-01-09 15:00:00-05:00  3902.840088  3905.469971  3896.189941  3897.320068  3897.320068  1815137186
2023-01-09 15:30:00-05:00  3897.409912  3898.909912  3890.419922  3892.149902  3892.149902   345461628
2023-01-10 09:30:00-05:00  3888.570068  3905.699951  3885.000000  3898.189941  3898.189941   247303063
2023-01-10 10:00:00-05:00  3898.300049  3913.580078  3893.229980  3896.280029  3896.280029   167018704
2023-01-10 10:30:00-05:00  3896.280029  3898.729980  3877.290039  3897.419922  3897.419922   159196828
2023-01-10 11:00:00-05:00  3897.399902  3901.379883  3892.800049  3893.949951  3893.949951   122254063
2023-01-10 11:30:00-05:00  3893.969971  3897.040039  3887.860107  3894.860107  3894.860107   102396855
2023-01-10 12:00:00-05:00  3894.850098  3899.750000  3886.560059  3893.870117  3893.870117    94345543
2023-01-10 12:30:00-05:00  3893.979980  3904.810059  3893.669922  3901.590088  3901.590088    86248717
2023-01-10 13:00:00-05:00  3901.600098  3907.060059  3899.469971  3903.139893  3903.139893    85842274
2023-01-10 13:30:00-05:00  3903.110107  3909.489990  3902.070068  3909.010010  3909.010010    94630422
2023-01-10 14:00:00-05:00  3909.030029  3914.820068  3908.120117  3912.870117  3912.870117   107119140
2023-01-10 14:30:00-05:00  3912.870117  3915.649902  3906.770020  3908.620117  3908.620117   100126172
2023-01-10 15:00:00-05:00  3908.629883  3911.199951  3901.889893  3908.919922  3908.919922   131217578
2023-01-10 15:30:00-05:00  3908.959961  3919.830078  3907.110107  3919.409912  3919.409912   312629114
2023-01-11 09:30:00-05:00  3932.350098  3945.239990  3932.350098  3937.439941  3937.439941   173966172
2023-01-11 10:00:00-05:00  3937.310059  3944.669922  3934.909912  3944.389893  3944.389893   198055655
2023-01-11 10:30:00-05:00  3944.489990  3944.489990  3928.540039  3929.689941  3929.689941   158332156
2023-01-11 11:00:00-05:00  3929.649902  3940.770020  3929.370117  3939.729980  3939.729980   131369150
2023-01-11 11:30:00-05:00  3939.810059  3943.889893  3937.239990  3941.429932  3941.429932   119779667
2023-01-11 12:00:00-05:00  3941.439941  3949.889893  3941.439941  3948.350098  3948.350098   111300323
2023-01-11 12:30:00-05:00  3948.379883  3949.080078  3943.679932  3945.659912  3945.659912    95888358
2023-01-11 13:00:00-05:00  3945.649902  3955.189941  3944.189941  3952.080078  3952.080078   107957896
2023-01-11 13:30:00-05:00  3952.070068  3954.590088  3948.110107  3949.909912  3949.909912    95735212
2023-01-11 14:00:00-05:00  3949.929932  3953.090088  3945.870117  3951.830078  3951.830078    95957297
2023-01-11 14:30:00-05:00  3951.780029  3959.030029  3951.600098  3956.659912  3956.659912   105580742
2023-01-11 15:00:00-05:00  3956.639893  3962.709961  3956.320068  3959.770020  3959.770020   140111893
2023-01-11 15:30:00-05:00  3959.750000  3970.070068  3954.520020  3969.129883  3969.129883   359100445
2023-01-12 09:30:00-05:00  3977.570068  3981.959961  3937.560059  3949.389893  3949.389893   200930426
2023-01-12 10:00:00-05:00  3950.659912  3981.949951  3950.449951  3973.600098  3973.600098   197960493
2023-01-12 10:30:00-05:00  3973.239990  3982.449951  3960.679932  3968.800049  3968.800049   159919642
2023-01-12 11:00:00-05:00  3968.750000  3974.399902  3958.149902  3970.689941  3970.689941   129553577
2023-01-12 11:30:00-05:00  3970.679932  3978.379883  3961.560059  3977.449951  3977.449951   116137989
2023-01-12 12:00:00-05:00  3977.330078  3992.389893  3975.409912  3992.060059  3992.060059   124185601
2023-01-12 12:30:00-05:00  3992.010010  3994.179932  3988.459961  3991.330078  3991.330078   112590565
2023-01-12 13:00:00-05:00  3991.340088  3997.139893  3974.010010  3975.600098  3975.600098   124465078
2023-01-12 13:30:00-05:00  3975.550049  3997.040039  3969.889893  3995.840088  3995.840088   121216984
2023-01-12 14:00:00-05:00  3995.840088  3997.760010  3987.070068  3988.250000  3988.250000   116498563
2023-01-12 14:30:00-05:00  3988.300049  3992.689941  3981.270020  3986.860107  3986.860107   125069369
2023-01-12 15:00:00-05:00  3986.929932  3988.479980  3976.590088  3980.399902  3980.399902   147562067
2023-01-12 15:30:00-05:00  3980.379883  3984.689941  3972.520020  3983.080078  3983.080078   344773851
2023-01-13 09:30:00-05:00  3952.949951  3965.439941  3947.669922  3961.600098  3961.600098   245766693
2023-01-13 10:00:00-05:00  3961.530029  3979.000000  3959.139893  3979.000000  3979.000000   202172774