                                  Open         High          Low        Close    Adj Close     Volume
Datetime                                                                                             
2022-11-10 10:30:00-05:00  3907.830078  3913.889893  3905.610107  3912.020020  3912.020020   35538366
2022-11-10 11:00:00-05:00  3912.209961  3915.699951  3902.629883  3914.969971  3914.969971  188655522
2022-11-10 11:30:00-05:00  3915.179932  3927.610107  3915.179932  3926.280029  3926.280029  177733814
2022-11-10 12:00:00-05:00  3926.310059  3926.310059  3913.060059  3913.870117  3913.870117  160074206
2022-11-10 12:30:00-05:00  3914.050049  3914.050049  3897.820068  3898.469971  3898.469971  147691614
2022-11-10 13:00:00-05:00  3898.409912  3916.219971  3898.409912  3913.590088  3913.590088  134711470
2022-11-10 13:30:00-05:00  3913.540039  3922.899902  3908.969971  3920.570068  3920.570068  125662901
2022-11-10 14:00:00-05:00  3920.560059  3925.699951  3917.669922  3924.120117  3924.120117  130946608
2022-11-10 14:30:00-05:00  3924.080078  3930.979980  3920.699951  3930.409912  3930.409912  132070599
2022-11-10 15:00:00-05:00  3930.409912  3942.919922  3927.939941  3942.389893  3942.389893  188614475
2022-11-10 15:30:00-05:00  3942.409912  3958.330078  3940.669922  3954.340088  3954.340088  381920165
2022-11-11 09:30:00-05:00  3963.719971  3968.870117  3944.820068  3959.270020  3959.270020  338815432
2022-11-11 10:00:00-05:00  3959.139893  3983.090088  3946.600098  3978.580078  3978.580078  285161833
2022-11-11 10:30:00-05:00  3978.280029  3981.459961  3966.840088  3971.330078  3971.330078  214412028
2022-11-11 11:00:00-05:00  3971.290039  3978.540039  3952.090088  3952.090088  3952.090088  194986416
2022-11-11 11:30:00-05:00  3952.030029  3964.310059  3948.750000  3960.290039  3960.290039  169153859
2022-11-11 12:00:00-05:00  3960.169922  3969.860107  3955.070068  3967.370117  3967.370117  145439901
2022-11-11 12:30:00-05:00  3967.469971  3973.909912  3961.530029  3969.909912  3969.909912  140361356
2022-11-11 13:00:00-05:00  3969.909912  3985.570068  3969.639893  3985.429932  3985.429932  142553088
2022-11-11 13:30:00-05:00  3985.449951  3990.989990  3980.909912  3989.750000  3989.750000  148073383
2022-11-11 14:00:00-05:00  3989.750000  3996.610107  3985.189941  3996.330078  3996.330078  145245128
2022-11-11 14:30:00-05:00  3996.139893  4001.479980  3995.090088  4000.379883  4000.379883  148142538
2022-11-11 15:00:00-05:00  4000.340088  4000.790039  3981.929932  3993.939941  3993.939941  196105937
2022-11-11 15:30:00-05:00  3993.949951  4001.280029  3988.080078  3992.209961  3992.209961  324280250
2022-11-14 09:30:00-05:00  3977.969971  3984.300049  3966.389893  3977.739990  3977.739990  239909232
2022-11-14 10:00:00-05:00  3977.929932  3996.479980  3977.929932  3986.290039  3986.290039  199562555
2022-11-14 10:30:00-05:00  3986.260010  3995.050049  3984.270020  3991.699951  3991.699951  169530275
2022-11-14 11:00:00-05:00  3991.500000  3993.199951  3971.389893  3975.510010  3975.510010  154220402
2022-11-14 11:30:00-05:00  3975.409912  3991.659912  3973.629883  3985.909912  3985.909912  140092343
2022-11-14 12:00:00-05:00  3985.939941  3993.669922  3982.270020  3991.610107  3991.610107  126563176
2022-11-14 12:30:00-05:00  3991.550049  3999.310059  3991.199951  3993.550049  3993.550049  112044450
2022-11-14 13:00:00-05:00  3993.530029  4008.110107  3991.790039  4007.360107  4007.360107  107797430
2022-11-14 13:30:00-05:00  4007.360107  4008.820068  4004.110107  4008.649902  4008.649902  110571019
2022-11-14 14:00:00-05:00  4008.629883  4008.969971  3999.810059  4005.020020  4005.020020  119539948
2022-11-14 14:30:00-05:00  4005.040039  4005.879883  3993.090088  3994.870117  3994.870117  127182524
2022-11-14 15:00:00-05:00  3994.830078  4002.090088  3982.149902  3986.010010  3986.010010  152350975
2022-11-14 15:30:00-05:00  3986.010010  3986.379883  3956.399902  3957.350098  3957.350098  371880554
2022-11-15 09:30:00-05:00  4006.409912  4028.840088  4006.409912  4022.989990  4022.989990  324122649
2022-11-15 10:00:00-05:00  4023.040039  4028.370117  4009.689941  4022.639893  4022.639893  206436341
2022-11-15 10:30:00-05:00  4022.840088  4025.939941  4006.300049  4011.080078  4011.080078  169145696
2022-11-15 11:00:00-05:00  4010.600098  4014.750000  4001.790039  4009.360107  4009.360107  152573154
2022-11-15 11:30:00-05:00  4009.320068  4023.010010  4009.290039  4019.120117  4019.120117  135550730
2022-11-15 12:00:00-05:00  4019.199951  4019.989990  4007.229980  4007.399902  4007.399902  116425284
2022-11-15 12:30:00-05:00  4007.439941  4012.159912  4001.820068  4006.699951  4006.699951  110572266
2022-11-15 13:00:00-05:00  4006.810059  4009.780029  3967.699951  3970.879883  3970.879883  152260407
2022-11-15 13:30:00-05:00  3970.879883  3980.500000  3953.169922  3972.370117  3972.370117  188699032
2022-11-15 14:00:00-05:00  3972.370117  3996.129883  3957.489990  3990.500000  3990.500000  177678654
2022-11-15 14:30:00-05:00  3990.629883  3998.090088  3980.669922  3994.090088  3994.090088  130176872
2022-11-15 15:00:00-05:00  3994.199951  4002.189941  3989.399902  3996.770020  3996.770020  148637764
2022-11-15 15:30:00-05:00  3996.739990  3999.530029  3982.350098  3991.830078  3991.830078  341864661
2022-11-16 09:30:00-05:00  3976.820068  3983.090088  3964.120117  3970.000000  3970.000000  304272927
2022-11-16 10:00:00-05:00  3970.040039  3975.750000  3964.409912  3969.750000  3969.750000  186586302
2022-11-16 10:30:00-05:00  3969.510010  3977.439941  3958.570068  3961.280029  3961.280029  143300110
2022-11-16 11:00:00-05:00  3961.270020  3972.550049  3960.489990  3970.820068  3970.820068  128748352
2022-11-16 11:30:00-05:00  3970.780029  3975.080078  3966.739990  3971.560059  3971.560059  111645149
2022-11-16 12:00:00-05:00  3971.580078  3971.959961  3963.820068  3968.860107  3968.860107  104673293
2022-11-16 12:30:00-05:00  3968.879883  3981.979980  3967.459961  3973.270020  3973.270020  101885855
2022-11-16 13:00:00-05:00  3973.260010  3974.780029  3968.989990  3969.649902  3969.649902   93961134
2022-11-16 13:30:00-05:00  3969.620117  3971.469971  3957.969971  3958.929932  3958.929932  101077293
2022-11-16 14:00:00-05:00  3958.929932  3965.810059  3957.580078  3963.580078  3963.580078   92391619
2022-11-16 14:30:00-05:00  3963.649902  3967.939941  3955.959961  3967.729980  3967.729980  105117822
2022-11-16 15:00:00-05:00  3967.770020  3968.449951  3954.340088  3959.449951  3959.449951  144704183
2022-11-16 15:30:00-05:00  3959.229980  3968.330078  3955.709961  3959.780029  3959.780029  350291449
2022-11-17 09:30:00-05:00  3919.260010  3921.669922  3907.770020  3907.969971  3907.969971  212727752
2022-11-17 10:00:00-05:00  3908.219971  3926.709961  3906.540039  3924.879883  3924.879883  169268150