                                  Open         High          Low        Close    Adj Close     Volume
Datetime                                                                                             
2022-12-02 10:30:00-05:00  4048.530029  4051.879883  4043.250000  4043.669922  4043.669922   22260252
2022-12-02 11:00:00-05:00  4043.659912  4049.870117  4039.300049  4049.870117  4049.870117  129791102
2022-12-02 11:30:00-05:00  4049.919922  4063.810059  4048.040039  4057.169922  4057.169922  106169433
2022-12-02 12:00:00-05:00  4057.199951  4064.949951  4055.739990  4057.760010  4057.760010   94938446
2022-12-02 12:30:00-05:00  4057.780029  4058.979980  4049.780029  4050.399902  4050.399902   88751005
2022-12-02 13:00:00-05:00  4050.409912  4052.780029  4046.439941  4052.070068  4052.070068   89734102
2022-12-02 13:30:00-05:00  4052.070068  4056.689941  4050.540039  4054.570068  4054.570068   80471962
2022-12-02 14:00:00-05:00  4054.580078  4055.689941  4048.010010  4054.689941  4054.689941   82313623
2022-12-02 14:30:00-05:00  4054.669922  4068.500000  4052.570068  4067.790039  4067.790039  102506801
2022-12-02 15:00:00-05:00  4067.790039  4080.479980  4067.000000  4070.719971  4070.719971  143610440
2022-12-02 15:30:00-05:00  4070.729980  4073.110107  4061.010010  4071.550049  4071.550049  299384527
2022-12-05 09:30:00-05:00  4052.020020  4052.449951  4034.100098  4034.459961  4034.459961  181996589
2022-12-05 10:00:00-05:00  4034.520020  4036.489990  4020.699951  4030.379883  4030.379883  174284593
2022-12-05 10:30:00-05:00  4030.310059  4038.860107  4026.600098  4035.879883  4035.879883  135563719
2022-12-05 11:00:00-05:00  4035.899902  4041.800049  4025.229980  4027.239990  4027.239990  133330311
2022-12-05 11:30:00-05:00  4027.250000  4027.560059  4011.909912  4012.300049  4012.300049  115619350
2022-12-05 12:00:00-05:00  4012.239990  4020.110107  4009.860107  4016.360107  4016.360107  107140743
2022-12-05 12:30:00-05:00  4016.250000  4016.959961  4005.139893  4005.949951  4005.949951  101388167
2022-12-05 13:00:00-05:00  4005.979980  4011.310059  4003.199951  4005.739990  4005.739990  101901330
2022-12-05 13:30:00-05:00  4006.149902  4010.840088  3993.909912  3994.229980  3994.229980  100158767
2022-12-05 14:00:00-05:00  3994.229980  3998.770020  3989.699951  3990.840088  3990.840088  103171946
2022-12-05 14:30:00-05:00  3990.820068  3992.320068  3984.489990  3991.469971  3991.469971  104471428
2022-12-05 15:00:00-05:00  3991.469971  3996.739990  3988.649902  3989.120117  3989.120117  131177294
2022-12-05 15:30:00-05:00  3989.030029  4001.399902  3988.979980  3999.149902  3999.149902  277312822
2022-12-06 09:30:00-05:00  3996.629883  4001.510010  3973.780029  3974.179932  3974.179932  188644240
2022-12-06 10:00:00-05:00  3973.919922  3975.969971  3960.689941  3961.000000  3961.000000  173727215
2022-12-06 10:30:00-05:00  3961.040039  3962.969971  3950.879883  3956.110107  3956.110107  151676633
2022-12-06 11:00:00-05:00  3956.139893  3960.020020  3948.330078  3956.350098  3956.350098  783889117
2022-12-06 11:30:00-05:00  3956.360107  3960.120117  3950.090088  3953.060059  3953.060059  112879334
2022-12-06 12:00:00-05:00  3953.000000  3957.489990  3942.649902  3947.969971  3947.969971  108819046
2022-12-06 12:30:00-05:00  3947.959961  3949.020020  3941.169922  3942.620117  3942.620117   95572145
2022-12-06 13:00:00-05:00  3942.580078  3944.770020  3930.550049  3931.290039  3931.290039  107952520
2022-12-06 13:30:00-05:00  3931.270020  3939.409912  3928.419922  3934.800049  3934.800049  111701607
2022-12-06 14:00:00-05:00  3934.790039  3935.679932  3923.659912  3923.659912  3923.659912  123261053
2022-12-06 14:30:00-05:00  3923.649902  3929.620117  3918.389893  3927.060059  3927.060059  120869501
2022-12-06 15:00:00-05:00  3927.060059  3934.199951  3921.909912  3922.979980  3922.979980  151401511
2022-12-06 15:30:00-05:00  3922.969971  3943.860107  3922.840088  3941.500000  3941.500000  307506973
2022-12-07 09:30:00-05:00  3933.280029  3954.310059  3926.159912  3929.770020  3929.770020  230240659
2022-12-07 10:00:00-05:00  3929.919922  3948.629883  3922.679932  3948.489990  3948.489990  202045026
2022-12-07 10:30:00-05:00  3948.510010  3955.629883  3934.949951  3953.010010  3953.010010  141345219
2022-12-07 11:00:00-05:00  3954.520020  3957.570068  3927.449951  3928.610107  3928.610107  143464522
2022-12-07 11:30:00-05:00  3928.469971  3937.469971  3925.979980  3936.120117  3936.120117  111988409
2022-12-07 12:00:00-05:00  3935.969971  3938.439941  3930.149902  3931.080078  3931.080078  100173768
2022-12-07 12:30:00-05:00  3931.090088  3941.899902  3929.250000  3939.020020  3939.020020   92076257
2022-12-07 13:00:00-05:00  3939.020020  3947.120117  3935.270020  3943.659912  3943.659912   94936087
2022-12-07 13:30:00-05:00  3943.639893  3943.639893  3931.209961  3932.439941  3932.439941   90060352
2022-12-07 14:00:00-05:00  3932.399902  3935.290039  3925.679932  3933.080078  3933.080078   92297246
2022-12-07 14:30:00-05:00  3933.100098  3938.800049  3929.090088  3930.790039  3930.790039   93298963
2022-12-07 15:00:00-05:00  3930.840088  3935.330078  3923.000000  3929.370117  3929.370117  120958198
2022-12-07 15:30:00-05:00  3929.360107  3936.270020  3928.850098  3933.449951  3933.449951  252452680
2022-12-08 09:30:00-05:00  3947.790039  3963.300049  3935.830078  3963.060059  3963.060059  230989803
2022-12-08 10:00:00-05:00  3963.270020  3972.699951  3962.250000  3970.580078  3970.580078  170804009
2022-12-08 10:30:00-05:00  3970.790039  3974.189941  3964.979980  3967.399902  3967.399902  142015601
2022-12-08 11:00:00-05:00  3967.310059  3969.959961  3951.860107  3959.750000  3959.750000  687211477
2022-12-08 11:30:00-05:00  3959.729980  3965.219971  3956.879883  3962.709961  3962.709961  108629679
2022-12-08 12:00:00-05:00  3962.699951  3964.260010  3955.830078  3957.040039  3957.040039   96075727
2022-12-08 12:30:00-05:00  3957.050049  3959.919922  3952.659912  3959.580078  3959.580078   87301161
2022-12-08 13:00:00-05:00  3959.560059  3965.860107  3957.979980  3965.729980  3965.729980   90071316
2022-12-08 13:30:00-05:00  3965.790039  3973.300049  3965.110107  3965.929932  3965.929932   99165715
2022-12-08 14:00:00-05:00  3965.939941  3965.939941  3947.669922  3952.860107  3952.860107  115164737
2022-12-08 14:30:00-05:00  3952.840088  3960.840088  3949.370117  3956.479980  3956.479980  105561927
2022-12-08 15:00:00-05:00  3956.469971  3964.699951  3950.620117  3963.110107  3963.110107  124006481
2022-12-08 15:30:00-05:00  3963.110107  3966.620117  3951.679932  3962.909912  3962.909912  264053278
2022-12-09 09:30:00-05:00  3954.169922  3969.860107  3943.750000  3957.580078  3957.580078  175317162
2022-12-09 10:00:00-05:00  3957.879883  3966.600098  3949.590088  3958.429932  3958.429932  157867653