                                  Open         High          Low        Close    Adj Close     Volume
Datetime                                                                                             
2023-02-02 10:30:00-05:00  4178.359863  4183.310059  4177.149902  4179.220215  4179.220215   38276181
2023-02-02 11:00:00-05:00  4179.089844  4182.500000  4172.229980  4178.060059  4178.060059  237082639
2023-02-02 11:30:00-05:00  4177.839844  4182.779785  4170.799805  4170.810059  4170.810059  173857573
2023-02-02 12:00:00-05:00  4171.009766  4179.370117  4168.520020  4177.229980  4177.229980  153348292
2023-02-02 12:30:00-05:00  4177.240234  4181.580078  4172.680176  4179.220215  4179.220215  140027571
2023-02-02 13:00:00-05:00  4179.120117  4185.180176  4176.919922  4179.120117  4179.120117  143554723
2023-02-02 13:30:00-05:00  4179.220215  4193.250000  4179.220215  4193.209961  4193.209961  151135545
2023-02-02 14:00:00-05:00  4193.240234  4195.439941  4167.330078  4168.379883  4168.379883  172807252
2023-02-02 14:30:00-05:00  4168.310059  4169.750000  4149.609863  4150.779785  4150.779785  189394480
2023-02-02 15:00:00-05:00  4150.740234  4167.399902  4145.399902  4164.830078  4164.830078  210527782
2023-02-02 15:30:00-05:00  4164.750000  4180.160156  4159.169922  4178.569824  4178.569824  438088684
2023-02-03 09:30:00-05:00  4136.689941  4157.430176  4128.399902  4149.729980  4149.729980  275500304
2023-02-03 10:00:00-05:00  4149.169922  4172.020020  4137.859863  4163.089844  4163.089844  276206458
2023-02-03 10:30:00-05:00  4162.990234  4179.330078  4161.450195  4169.640137  4169.640137  215905437
2023-02-03 11:00:00-05:00  4169.439941  4178.640137  4169.279785  4176.379883  4176.379883  162783607
2023-02-03 11:30:00-05:00  4176.359863  4182.359863  4159.229980  4160.160156  4160.160156  161779967
2023-02-03 12:00:00-05:00  4160.120117  4176.450195  4158.689941  4174.339844  4174.339844  121100355
2023-02-03 12:30:00-05:00  4174.379883  4177.279785  4152.339844  4153.410156  4153.410156  120937926
2023-02-03 13:00:00-05:00  4153.500000  4154.830078  4139.470215  4142.390137  4142.390137  136309500
2023-02-03 13:30:00-05:00  4142.450195  4146.450195  4129.649902  4142.069824  4142.069824  147907541
2023-02-03 14:00:00-05:00  4141.979980  4144.100098  4131.500000  4137.459961  4137.459961  128556199
2023-02-03 14:30:00-05:00  4137.430176  4144.029785  4128.359863  4130.669922  4130.669922  128691851
2023-02-03 15:00:00-05:00  4130.629883  4141.830078  4123.359863  4136.140137  4136.140137  156930264
2023-02-03 15:30:00-05:00  4136.140137  4140.399902  4128.229980  4136.520020  4136.520020  369582817
2023-02-06 09:30:00-05:00  4119.569824  4121.359863  4106.370117  4114.589844  4114.589844  188342704
2023-02-06 10:00:00-05:00  4114.870117  4118.560059  4098.069824  4099.930176  4099.930176  183801661
2023-02-06 10:30:00-05:00  4099.720215  4115.740234  4093.379883  4114.549805  4114.549805  163804829
2023-02-06 11:00:00-05:00  4114.609863  4123.459961  4112.029785  4122.129883  4122.129883  134429777
2023-02-06 11:30:00-05:00  4122.080078  4124.629883  4108.120117  4109.049805  4109.049805  118202527
2023-02-06 12:00:00-05:00  4109.049805  4112.620117  4105.569824  4108.229980  4108.229980  101652507
2023-02-06 12:30:00-05:00  4108.339844  4116.140137  4108.339844  4111.529785  4111.529785   93549695
2023-02-06 13:00:00-05:00  4111.549805  4114.759766  4104.770020  4109.390137  4109.390137  100181937
2023-02-06 13:30:00-05:00  4109.310059  4112.600098  4106.279785  4111.759766  4111.759766  104282837
2023-02-06 14:00:00-05:00  4111.729980  4121.859863  4111.560059  4115.890137  4115.890137  109348457
2023-02-06 14:30:00-05:00  4115.850098  4116.609863  4109.129883  4114.089844  4114.089844  108897931
2023-02-06 15:00:00-05:00  4114.040039  4114.830078  4102.529785  4103.729980  4103.729980  130302607
2023-02-06 15:30:00-05:00  4103.700195  4113.930176  4099.859863  4111.200195  4111.200195  276346113
2023-02-07 09:30:00-05:00  4105.350098  4107.399902  4097.529785  4101.950195  4101.950195  184973837
2023-02-07 10:00:00-05:00  4101.939941  4104.790039  4095.790039  4097.629883  4097.629883  183148608
2023-02-07 10:30:00-05:00  4097.779785  4105.660156  4097.149902  4099.580078  4099.580078  147425341
2023-02-07 11:00:00-05:00  4099.490234  4111.479980  4099.479980  4110.120117  4110.120117  123321773
2023-02-07 11:30:00-05:00  4110.109863  4118.569824  4110.109863  4114.529785  4114.529785  120704589
2023-02-07 12:00:00-05:00  4114.459961  4117.879883  4109.660156  4110.459961  4110.459961  104489291
2023-02-07 12:30:00-05:00  4110.390137  4162.859863  4109.580078  4155.209961  4155.209961  190178656
2023-02-07 13:00:00-05:00  4155.339844  4160.669922  4110.279785  4110.470215  4110.470215  176184364
2023-02-07 13:30:00-05:00  4110.290039  4110.290039  4088.389893  4101.299805  4101.299805  162925755
2023-02-07 14:00:00-05:00  4101.220215  4137.879883  4100.830078  4133.009766  4133.009766  132864309
2023-02-07 14:30:00-05:00  4132.899902  4148.709961  4131.589844  4147.970215  4147.970215  125216017
2023-02-07 15:00:00-05:00  4147.870117  4159.100098  4139.220215  4158.620117  4158.620117  154981503
2023-02-07 15:30:00-05:00  4158.609863  4176.540039  4153.649902  4164.069824  4164.069824  362361639
2023-02-08 09:30:00-05:00  4153.470215  4156.689941  4141.029785  4153.790039  4153.790039  224540632
2023-02-08 10:00:00-05:00  4153.770020  4156.850098  4142.459961  4145.779785  4145.779785  187843169
2023-02-08 10:30:00-05:00  4145.810059  4145.810059  4132.609863  4136.430176  4136.430176  173328987
2023-02-08 11:00:00-05:00  4136.390137  4136.680176  4116.470215  4119.669922  4119.669922  179146732
2023-02-08 11:30:00-05:00  4119.689941  4126.830078  4113.799805  4126.560059  4126.560059  151837018
2023-02-08 12:00:00-05:00  4126.439941  4129.569824  4118.160156  4128.930176  4128.930176  117123830
2023-02-08 12:30:00-05:00  4128.859863  4131.479980  4119.279785  4130.750000  4130.750000  106624429
2023-02-08 13:00:00-05:00  4130.819824  4137.270020  4129.000000  4129.040039  4129.040039  110987402
2023-02-08 13:30:00-05:00  4128.930176  4129.200195  4121.810059  4126.040039  4126.040039  110367046
2023-02-08 14:00:00-05:00  4126.060059  4132.930176  4121.180176  4123.970215  4123.970215  108463305
2023-02-08 14:30:00-05:00  4123.930176  4126.890137  4117.270020  4125.140137  4125.140137  116842411
2023-02-08 15:00:00-05:00  4125.189941  4125.810059  4111.669922  4117.379883  4117.379883  151203643
2023-02-08 15:30:00-05:00  4117.359863  4123.609863  4115.299805  4118.330078  4118.330078  340266326
2023-02-09 09:30:00-05:00  4144.250000  4156.229980  4141.629883  4144.910156  4144.910156  258992516
2023-02-09 10:00:00-05:00  4144.899902  4151.200195  4133.009766  4134.430176  4134.430176  218830739