                                  Open         High          Low        Close    Adj Close      Volume
Datetime                                                                                              
2023-03-14 10:30:00-04:00  3931.739990  3932.679932  3922.850098  3922.949951  3922.949951    37420213
2023-03-14 11:00:00-04:00  3923.280029  3937.270020  3922.709961  3934.139893  3934.139893   171458076
2023-03-14 11:30:00-04:00  3934.060059  3937.290039  3926.969971  3927.270020  3927.270020   157145509
2023-03-14 12:00:00-04:00  3927.239990  3929.760010  3918.000000  3919.500000  3919.500000   150801731
2023-03-14 12:30:00-04:00  3919.419922  3926.310059  3913.310059  3916.350098  3916.350098   157881547
2023-03-14 13:00:00-04:00  3916.290039  3918.560059  3888.149902  3899.510010  3899.510010   195439918
2023-03-14 13:30:00-04:00  3899.449951  3906.020020  3891.229980  3894.350098  3894.350098   165774192
2023-03-14 14:00:00-04:00  3894.320068  3898.169922  3880.479980  3896.449951  3896.449951   184112087
2023-03-14 14:30:00-04:00  3896.449951  3901.260010  3890.330078  3891.129883  3891.129883   158352617
2023-03-14 15:00:00-04:00  3891.090088  3895.520020  3873.629883  3884.750000  3884.750000   210075264
2023-03-14 15:30:00-04:00  3884.770020  3923.830078  3882.439941  3919.699951  3919.699951   424526625
2023-03-15 09:30:00-04:00  3876.739990  3877.159912  3853.550049  3857.550049  3857.550049   286190989
2023-03-15 10:00:00-04:00  3857.300049  3874.189941  3852.590088  3862.840088  3862.840088   269091976
2023-03-15 10:30:00-04:00  3861.050049  3865.590088  3844.560059  3862.850098  3862.850098   236067649
2023-03-15 11:00:00-04:00  3862.649902  3873.810059  3858.050049  3864.060059  3864.060059   204168153
2023-03-15 11:30:00-04:00  3863.770020  3874.360107  3857.189941  3858.510010  3858.510010  1467703299
2023-03-15 12:00:00-04:00  3858.469971  3862.870117  3843.790039  3849.280029  3849.280029   181733942
2023-03-15 12:30:00-04:00  3849.459961  3855.949951  3838.239990  3843.159912  3843.159912   175482424
2023-03-15 13:00:00-04:00  3842.639893  3865.780029  3839.620117  3864.850098  3864.850098   180040705
2023-03-15 13:30:00-04:00  3864.810059  3869.899902  3852.500000  3865.649902  3865.649902   169523164
2023-03-15 14:00:00-04:00  3865.520020  3894.179932  3855.889893  3885.260010  3885.260010   202719362
2023-03-15 14:30:00-04:00  3885.149902  3892.620117  3875.149902  3887.689941  3887.689941   211472878
2023-03-15 15:00:00-04:00  3887.669922  3894.260010  3874.889893  3888.239990  3888.239990   234355885
2023-03-15 15:30:00-04:00  3888.370117  3893.060059  3869.110107  3893.060059  3893.060059   449349311
2023-03-16 09:30:00-04:00  3870.169922  3886.330078  3864.110107  3886.050049  3886.050049   324085606
2023-03-16 10:00:00-04:00  3886.239990  3889.459961  3866.919922  3878.570068  3878.570068   258252735
2023-03-16 10:30:00-04:00  3878.679932  3920.530029  3877.020020  3916.729980  3916.729980   275342114
2023-03-16 11:00:00-04:00  3916.810059  3933.320068  3909.290039  3930.179932  3930.179932   252134857
2023-03-16 11:30:00-04:00  3930.590088  3944.709961  3926.459961  3939.399902  3939.399902   219073405
2023-03-16 12:00:00-04:00  3939.370117  3940.939941  3925.850098  3938.510010  3938.510010   190996705
2023-03-16 12:30:00-04:00  3938.419922  3954.770020  3930.959961  3953.260010  3953.260010   202267734
2023-03-16 13:00:00-04:00  3953.030029  3961.510010  3946.719971  3952.080078  3952.080078   206291301
2023-03-16 13:30:00-04:00  3951.979980  3953.370117  3945.040039  3950.790039  3950.790039   170741367
2023-03-16 14:00:00-04:00  3950.780029  3950.800049  3941.090088  3947.540039  3947.540039   158927057
2023-03-16 14:30:00-04:00  3947.500000  3952.689941  3937.489990  3952.620117  3952.620117   167340356
2023-03-16 15:00:00-04:00  3952.620117  3961.189941  3951.719971  3960.370117  3960.370117   213636907
2023-03-16 15:30:00-04:00  3960.449951  3964.459961  3953.899902  3959.709961  3959.709961   460774616
2023-03-17 09:30:00-04:00  3958.689941  3958.689941  3938.550049  3942.350098  3942.350098   658911256
2023-03-17 10:00:00-04:00  3942.530029  3958.909912  3921.570068  3927.010010  3927.010010   257910970
2023-03-17 10:30:00-04:00  3927.120117  3929.510010  3909.899902  3918.229980  3918.229980   233478742
2023-03-17 11:00:00-04:00  3918.050049  3924.689941  3905.649902  3910.989990  3910.989990   182446180
2023-03-17 11:30:00-04:00  3910.939941  3917.459961  3901.679932  3910.780029  3910.780029  1648688602
2023-03-17 12:00:00-04:00  3910.820068  3923.229980  3910.709961  3922.389893  3922.389893   151364190
2023-03-17 12:30:00-04:00  3922.399902  3932.469971  3914.709961  3918.719971  3918.719971   148267022
2023-03-17 13:00:00-04:00  3918.790039  3930.800049  3917.639893  3924.379883  3924.379883   133596871
2023-03-17 13:30:00-04:00  3924.389893  3929.449951  3918.149902  3924.889893  3924.889893   154597432
2023-03-17 14:00:00-04:00  3925.120117  3929.409912  3905.090088  3906.479980  3906.479980   165548395
2023-03-17 14:30:00-04:00  3906.260010  3915.209961  3901.270020  3911.750000  3911.750000   181309133
2023-03-17 15:00:00-04:00  3911.840088  3923.739990  3908.239990  3922.639893  3922.639893   217077573
2023-03-17 15:30:00-04:00  3922.780029  3922.860107  3910.360107  3916.469971  3916.469971   521223391
2023-03-20 09:30:00-04:00  3917.469971  3935.810059  3916.889893  3931.830078  3931.830078   363863276
2023-03-20 10:00:00-04:00  3932.090088  3942.199951  3925.159912  3939.010010  3939.010010   220015754
2023-03-20 10:30:00-04:00  3939.070068  3947.110107  3933.860107  3946.459961  3946.459961   193518257
2023-03-20 11:00:00-04:00  3946.360107  3956.530029  3943.280029  3955.770020  3955.770020   161808121
2023-03-20 11:30:00-04:00  3955.870117  3956.620117  3939.760010  3940.020020  3940.020020   148205542
2023-03-20 12:00:00-04:00  3940.050049  3941.590088  3923.379883  3932.889893  3932.889893   160878664
2023-03-20 12:30:00-04:00  3932.959961  3947.179932  3932.750000  3944.790039  3944.790039   136228317
2023-03-20 13:00:00-04:00  3944.739990  3953.580078  3944.350098  3948.689941  3948.689941   126714166
2023-03-20 13:30:00-04:00  3948.659912  3952.199951  3943.709961  3945.790039  3945.790039   124563591
2023-03-20 14:00:00-04:00  3945.780029  3948.229980  3939.350098  3945.129883  3945.129883   132558115
2023-03-20 14:30:00-04:00  3945.209961  3947.719971  3935.639893  3942.620117  3942.620117   140181749
2023-03-20 15:00:00-04:00  3942.570068  3946.449951  3938.570068  3945.270020  3945.270020   163691801
2023-03-20 15:30:00-04:00  3945.209961  3956.270020  3943.850098  3950.830078  3950.830078   379455193
2023-03-21 09:30:00-04:00  3975.889893  3995.610107  3975.889893  3994.449951  3994.449951   279135515
2023-03-21 10:00:00-04:00  3994.590088  3998.510010  3976.010010  3979.610107  3979.610107   240016344