                                  Open         High          Low        Close    Adj Close     Volume
Datetime                                                                                             
2023-01-23 10:30:00-05:00  4012.280029  4015.239990  4010.810059  4012.250000  4012.250000   24824855
2023-01-23 11:00:00-05:00  4012.209961  4033.110107  4012.209961  4021.629883  4021.629883  165140691
2023-01-23 11:30:00-05:00  4021.669922  4028.979980  4020.239990  4028.370117  4028.370117  131215708
2023-01-23 12:00:00-05:00  4028.389893  4028.389893  4017.330078  4023.379883  4023.379883  119907198
2023-01-23 12:30:00-05:00  4023.379883  4028.870117  4021.739990  4028.310059  4028.310059  112756828
2023-01-23 13:00:00-05:00  4028.179932  4033.229980  4027.199951  4031.790039  4031.790039  113538620
2023-01-23 13:30:00-05:00  4031.780029  4039.310059  4031.590088  4033.209961  4033.209961  125162891
2023-01-23 14:00:00-05:00  4033.169922  4033.169922  4018.629883  4019.719971  4019.719971  124256179
2023-01-23 14:30:00-05:00  4019.649902  4023.169922  4000.830078  4008.300049  4008.300049  144699768
2023-01-23 15:00:00-05:00  4008.280029  4015.260010  4003.979980  4011.320068  4011.320068  155070268
2023-01-23 15:30:00-05:00  4011.330078  4022.689941  4008.169922  4019.520020  4019.520020  346183731
2023-01-24 09:30:00-05:00  4001.739990  4014.239990  3990.389893  3997.449951  3997.449951  191996270
2023-01-24 10:00:00-05:00  3997.310059  4012.060059  3989.790039  4005.429932  4005.429932  176289243
2023-01-24 10:30:00-05:00  4005.659912  4019.790039  3998.260010  4017.270020  4017.270020  149551387
2023-01-24 11:00:00-05:00  4017.500000  4019.679932  4011.030029  4019.679932  4019.679932  126060921
2023-01-24 11:30:00-05:00  4019.610107  4019.699951  4012.260010  4013.489990  4013.489990  102482774
2023-01-24 12:00:00-05:00  4013.459961  4017.760010  4006.100098  4016.330078  4016.330078  115576957
2023-01-24 12:30:00-05:00  4016.310059  4016.310059  4011.030029  4013.030029  4013.030029   85254583
2023-01-24 13:00:00-05:00  4013.080078  4018.209961  4008.169922  4017.530029  4017.530029   87996095
2023-01-24 13:30:00-05:00  4017.520020  4023.919922  4016.419922  4020.860107  4020.860107   85954737
2023-01-24 14:00:00-05:00  4020.820068  4020.899902  4012.949951  4016.929932  4016.929932   91954946
2023-01-24 14:30:00-05:00  4016.909912  4022.560059  4016.889893  4021.870117  4021.870117  101576208
2023-01-24 15:00:00-05:00  4021.870117  4023.050049  4016.439941  4018.409912  4018.409912  117881156
2023-01-24 15:30:00-05:00  4018.389893  4019.550049  4005.979980  4016.840088  4016.840088  304109249
2023-01-25 09:30:00-05:00  3970.879883  3982.709961  3956.169922  3956.820068  3956.820068  284970170
2023-01-25 10:00:00-05:00  3956.689941  3970.909912  3955.780029  3961.139893  3961.139893  200162088
2023-01-25 10:30:00-05:00  3961.169922  3966.070068  3949.060059  3961.790039  3961.790039  163107348
2023-01-25 11:00:00-05:00  3961.780029  3976.479980  3960.159912  3973.659912  3973.659912  150172323
2023-01-25 11:30:00-05:00  3973.760010  3989.729980  3972.860107  3984.889893  3984.889893  131120772
2023-01-25 12:00:00-05:00  3984.899902  3987.000000  3978.270020  3979.250000  3979.250000  105559384
2023-01-25 12:30:00-05:00  3979.300049  3987.189941  3979.280029  3984.879883  3984.879883   89518387
2023-01-25 13:00:00-05:00  3984.879883  4001.340088  3984.199951  4000.580078  4000.580078  107937947
2023-01-25 13:30:00-05:00  4000.540039  4005.879883  3997.040039  4002.510010  4002.510010  113036037
2023-01-25 14:00:00-05:00  4002.500000  4014.530029  3999.810059  4005.949951  4005.949951  130412790
2023-01-25 14:30:00-05:00  4006.040039  4013.070068  4000.870117  4010.659912  4010.659912  123727738
2023-01-25 15:00:00-05:00  4010.669922  4019.550049  4008.639893  4012.429932  4012.429932  155537455
2023-01-25 15:30:00-05:00  4012.409912  4016.159912  4005.280029  4015.699951  4015.699951  350349668
2023-01-26 09:30:00-05:00  4036.080078  4052.620117  4021.290039  4027.889893  4027.889893  237054050
2023-01-26 10:00:00-05:00  4027.739990  4044.699951  4022.429932  4039.510010  4039.510010  199370024
2023-01-26 10:30:00-05:00  4039.389893  4043.189941  4013.290039  4016.209961  4016.209961  168507969
2023-01-26 11:00:00-05:00  4016.129883  4027.800049  4014.000000  4022.709961  4022.709961  134078476
2023-01-26 11:30:00-05:00  4022.780029  4030.050049  4021.750000  4029.489990  4029.489990  118278389
2023-01-26 12:00:00-05:00  4029.439941  4040.320068  4029.350098  4035.939941  4035.939941  102542392
2023-01-26 12:30:00-05:00  4035.879883  4039.830078  4029.919922  4034.510010  4034.510010  107025347
2023-01-26 13:00:00-05:00  4034.520020  4037.830078  4029.379883  4035.719971  4035.719971   99264286
2023-01-26 13:30:00-05:00  4035.729980  4047.439941  4035.729980  4041.909912  4041.909912  109175812
2023-01-26 14:00:00-05:00  4041.919922  4047.679932  4038.419922  4043.179932  4043.179932  108092087
2023-01-26 14:30:00-05:00  4043.219971  4049.280029  4043.010010  4047.560059  4047.560059  112678263
2023-01-26 15:00:00-05:00  4047.500000  4054.600098  4044.449951  4051.949951  4051.949951  145981154
2023-01-26 15:30:00-05:00  4051.840088  4061.570068  4047.949951  4060.199951  4060.199951  362838100
2023-01-27 09:30:00-05:00  4053.719971  4067.810059  4049.750000  4061.850098  4061.850098  293156394
2023-01-27 10:00:00-05:00  4062.840088  4078.770020  4058.770020  4069.439941  4069.439941  210447387
2023-01-27 10:30:00-05:00  4069.389893  4070.739990  4048.699951  4054.219971  4054.219971  180350614
2023-01-27 11:00:00-05:00  4054.169922  4063.780029  4050.850098  4062.409912  4062.409912  144572313
2023-01-27 11:30:00-05:00  4062.370117  4073.790039  4062.139893  4071.610107  4071.610107  146357938
2023-01-27 12:00:00-05:00  4071.560059  4077.919922  4068.530029  4072.669922  4072.669922  138600655
2023-01-27 12:30:00-05:00  4072.600098  4080.020020  4071.629883  4077.370117  4077.370117  119466808
2023-01-27 13:00:00-05:00  4077.370117  4078.540039  4069.739990  4073.340088  4073.340088  114847401
2023-01-27 13:30:00-05:00  4073.340088  4078.179932  4073.239990  4077.070068  4077.070068  115998013
2023-01-27 14:00:00-05:00  4077.080078  4084.429932  4075.840088  4083.219971  4083.219971  122713456
2023-01-27 14:30:00-05:00  4083.159912  4088.260010  4082.239990  4087.229980  4087.229980  125450605
2023-01-27 15:00:00-05:00  4087.239990  4094.209961  4083.629883  4088.780029  4088.780029  151738456
2023-01-27 15:30:00-05:00  4088.870117  4091.409912  4068.830078  4070.020020  4070.020020  361960086
2023-01-30 09:30:00-05:00  4049.270020  4058.600098  4042.090088  4056.239990  4056.239990  219756631
2023-01-30 10:00:00-05:00  4056.320068  4063.850098  4044.830078  4050.820068  4050.820068  181082719