                                  Open         High          Low        Close    Adj Close      Volume
Datetime                                                                                              
2022-10-27 10:30:00-04:00  3839.149902  3846.179932  3833.110107  3833.110107  3833.110107    30257414
2022-10-27 11:00:00-04:00  3832.979980  3844.040039  3830.370117  3835.239990  3835.239990   160978744
2022-10-27 11:30:00-04:00  3835.149902  3839.070068  3820.090088  3823.459961  3823.459961   142511650
2022-10-27 12:00:00-04:00  3823.580078  3833.830078  3812.610107  3812.610107  3812.610107   136343913
2022-10-27 12:30:00-04:00  3812.520020  3826.550049  3812.239990  3825.689941  3825.689941   119406968
2022-10-27 13:00:00-04:00  3825.729980  3837.500000  3822.080078  3826.760010  3826.760010   132731644
2022-10-27 13:30:00-04:00  3826.760010  3828.020020  3818.330078  3818.469971  3818.469971   113090894
2022-10-27 14:00:00-04:00  3818.489990  3820.149902  3811.520020  3816.510010  3816.510010   120835546
2022-10-27 14:30:00-04:00  3816.500000  3817.610107  3809.090088  3811.290039  3811.290039   136744195
2022-10-27 15:00:00-04:00  3811.300049  3818.060059  3806.239990  3817.709961  3817.709961   189398578
2022-10-27 15:30:00-04:00  3817.739990  3823.199951  3803.790039  3808.870117  3808.870117   362178907
2022-10-28 09:30:00-04:00  3808.260010  3843.050049  3808.260010  3835.580078  3835.580078   299369745
2022-10-28 10:00:00-04:00  3835.729980  3853.429932  3819.739990  3850.030029  3850.030029   260912379
2022-10-28 10:30:00-04:00  3850.020020  3868.449951  3849.020020  3866.600098  3866.600098   208935399
2022-10-28 11:00:00-04:00  3866.979980  3872.250000  3861.959961  3862.800049  3862.800049   176322674
2022-10-28 11:30:00-04:00  3862.719971  3872.199951  3858.969971  3867.629883  3867.629883   146820828
2022-10-28 12:00:00-04:00  3867.729980  3880.580078  3860.860107  3880.189941  3880.189941   135385077
2022-10-28 12:30:00-04:00  3880.250000  3884.510010  3875.459961  3881.850098  3881.850098   123933301
2022-10-28 13:00:00-04:00  3881.850098  3887.939941  3881.189941  3884.370117  3884.370117   116648701
2022-10-28 13:30:00-04:00  3884.389893  3890.580078  3884.389893  3885.300049  3885.300049   118292046
2022-10-28 14:00:00-04:00  3885.320068  3890.459961  3882.560059  3888.129883  3888.129883   126294437
2022-10-28 14:30:00-04:00  3888.120117  3900.360107  3887.520020  3898.570068  3898.570068   135306315
2022-10-28 15:00:00-04:00  3898.580078  3902.340088  3893.520020  3900.629883  3900.629883   162000286
2022-10-28 15:30:00-04:00  3900.449951  3905.419922  3896.699951  3900.550049  3900.550049   357850720
2022-10-31 09:30:00-04:00  3881.850098  3884.610107  3865.040039  3865.360107  3865.360107   258135334
2022-10-31 10:00:00-04:00  3865.320068  3878.750000  3863.179932  3868.510010  3868.510010   190141831
2022-10-31 10:30:00-04:00  3868.550049  3877.090088  3863.939941  3871.489990  3871.489990   166500265
2022-10-31 11:00:00-04:00  3871.189941  3886.030029  3870.709961  3883.570068  3883.570068   155169238
2022-10-31 11:30:00-04:00  3883.530029  3893.729980  3874.709961  3880.120117  3880.120117   147468912
2022-10-31 12:00:00-04:00  3880.510010  3889.860107  3874.830078  3879.370117  3879.370117   102722755
2022-10-31 12:30:00-04:00  3878.510010  3878.830078  3868.469971  3872.610107  3872.610107  1244022402
2022-10-31 13:00:00-04:00  3872.850098  3883.889893  3868.760010  3883.560059  3883.560059  1373014458
2022-10-31 13:30:00-04:00  3883.389893  3885.629883  3875.439941  3880.399902  3880.399902   105954964
2022-10-31 14:00:00-04:00  3880.459961  3883.679932  3876.760010  3879.780029  3879.780029   112958548
2022-10-31 14:30:00-04:00  3879.719971  3886.919922  3876.560059  3877.600098  3877.600098   120041431
2022-10-31 15:00:00-04:00  3876.120117  3876.860107  3866.199951  3876.449951  3876.449951   153844003
2022-10-31 15:30:00-04:00  3876.530029  3884.330078  3870.280029  3872.340088  3872.340088   369646436
2022-11-01 09:30:00-04:00  3901.790039  3911.790039  3887.719971  3890.270020  3890.270020   300569591
2022-11-01 10:00:00-04:00  3890.260010  3892.239990  3860.139893  3872.780029  3872.780029   226198720
2022-11-01 10:30:00-04:00  3873.010010  3875.560059  3846.439941  3847.179932  3847.179932   148535370
2022-11-01 11:00:00-04:00  3851.030029  3857.020020  3846.939941  3854.560059  3854.560059   870597456
2022-11-01 11:30:00-04:00  3854.489990  3857.510010  3843.800049  3854.939941  3854.939941   141720045
2022-11-01 12:00:00-04:00  3854.929932  3869.239990  3853.350098  3855.169922  3855.169922   140948205
2022-11-01 12:30:00-04:00  3855.040039  3858.479980  3850.020020  3857.070068  3857.070068   124786463
2022-11-01 13:00:00-04:00  3857.120117  3863.949951  3853.560059  3858.780029  3858.780029   122136271
2022-11-01 13:30:00-04:00  3858.780029  3860.379883  3853.219971  3860.379883  3860.379883   112478586
2022-11-01 14:00:00-04:00  3860.429932  3861.939941  3856.469971  3860.449951  3860.449951   113326499
2022-11-01 14:30:00-04:00  3860.439941  3864.989990  3853.209961  3864.090088  3864.090088   131756329
2022-11-01 15:00:00-04:00  3864.000000  3867.800049  3857.250000  3857.530029  3857.530029   151964897
2022-11-01 15:30:00-04:00  3857.620117  3864.429932  3855.639893  3855.639893  3855.639893   375157232
2022-11-02 09:30:00-04:00  3852.899902  3852.899902  3833.969971  3833.969971  3833.969971   285342779
2022-11-02 10:00:00-04:00  3834.040039  3839.889893  3830.800049  3832.280029  3832.280029   542929819
2022-11-02 10:30:00-04:00  3832.260010  3840.620117  3831.459961  3836.959961  3836.959961  1165129742
2022-11-02 11:00:00-04:00  3837.149902  3840.639893  3832.949951  3835.459961  3835.459961   149425353
2022-11-02 11:30:00-04:00  3835.790039  3840.169922  3834.139893  3836.679932  3836.679932   121697823
2022-11-02 12:00:00-04:00  3836.669922  3838.290039  3827.110107  3827.229980  3827.229980   115336765
2022-11-02 12:30:00-04:00  3827.219971  3836.449951  3823.649902  3834.540039  3834.540039   107764880
2022-11-02 13:00:00-04:00  3834.610107  3834.820068  3829.669922  3831.310059  3831.310059    93870919
2022-11-02 13:30:00-04:00  3831.300049  3848.649902  3830.500000  3843.080078  3843.080078   113890083
2022-11-02 14:00:00-04:00  3843.060059  3888.580078  3834.020020  3888.540039  3888.540039  1741929501
2022-11-02 14:30:00-04:00  3888.550049  3894.439941  3801.500000  3818.429932  3818.429932   368241672
2022-11-02 15:00:00-04:00  3816.780029  3839.889893  3773.129883  3780.909912  3780.909912   262719784
2022-11-02 15:30:00-04:00  3780.850098  3784.580078  3758.979980  3759.110107  3759.110107   479096505
2022-11-03 09:30:00-04:00  3733.250000  3733.250000  3700.770020  3701.280029  3701.280029   327092100
2022-11-03 10:00:00-04:00  3701.250000  3737.139893  3698.149902  3735.850098  3735.850098   265644673