                                  Open         High          Low        Close    Adj Close     Volume
Datetime                                                                                             
2022-11-22 10:30:00-05:00  3979.840088  3982.409912  3978.250000  3981.550049  3981.550049   24401012
2022-11-22 11:00:00-05:00  3981.560059  3982.020020  3972.860107  3978.399902  3978.399902  109631693
2022-11-22 11:30:00-05:00  3978.439941  3979.810059  3973.790039  3979.389893  3979.389893   92546034
2022-11-22 12:00:00-05:00  3979.379883  3983.280029  3977.979980  3979.379883  3979.379883   91743572
2022-11-22 12:30:00-05:00  3979.330078  3982.330078  3978.580078  3979.350098  3979.350098   76383863
2022-11-22 13:00:00-05:00  3979.360107  3989.840088  3978.479980  3989.340088  3989.340088   83923871
2022-11-22 13:30:00-05:00  3989.310059  3991.389893  3986.770020  3989.949951  3989.949951   84594004
2022-11-22 14:00:00-05:00  3989.919922  3991.899902  3986.580078  3990.219971  3990.219971   85645683
2022-11-22 14:30:00-05:00  3990.040039  3994.820068  3988.060059  3994.030029  3994.030029   88288355
2022-11-22 15:00:00-05:00  3994.030029  4000.120117  3993.399902  3999.500000  3999.500000  113376309
2022-11-22 15:30:00-05:00  3999.489990  4005.879883  3998.659912  4003.649902  4003.649902  294174112
2022-11-23 09:30:00-05:00  4000.300049  4022.810059  3999.120117  4018.560059  4018.560059  205374353
2022-11-23 10:00:00-05:00  4018.479980  4025.389893  4012.739990  4023.560059  4023.560059  138201079
2022-11-23 10:30:00-05:00  4023.610107  4029.580078  4023.300049  4025.689941  4025.689941  121551731
2022-11-23 11:00:00-05:00  4025.820068  4029.659912  4023.810059  4025.959961  4025.959961  114438684
2022-11-23 11:30:00-05:00  4025.959961  4025.959961  4003.449951  4008.179932  4008.179932  102944558
2022-11-23 12:00:00-05:00  4008.080078  4014.780029  4007.669922  4012.689941  4012.689941   81163729
2022-11-23 12:30:00-05:00  4012.689941  4013.939941  3998.659912  4002.459961  4002.459961   76734324
2022-11-23 13:00:00-05:00  4002.500000  4011.179932  4000.810059  4011.129883  4011.129883   65154292
2022-11-23 13:30:00-05:00  4011.189941  4016.340088  4011.189941  4014.199951  4014.199951   65565200
2022-11-23 14:00:00-05:00  4014.159912  4032.979980  4007.979980  4028.669922  4028.669922  118199899
2022-11-23 14:30:00-05:00  4028.679932  4031.340088  4018.169922  4026.840088  4026.840088   85965253
2022-11-23 15:00:00-05:00  4026.860107  4033.780029  4023.250000  4029.040039  4029.040039   98626507
2022-11-23 15:30:00-05:00  4029.050049  4029.050049  4022.260010  4027.860107  4027.860107  222324619
2022-11-25 09:30:00-05:00  4023.340088  4030.510010  4020.760010  4029.540039  4029.540039  116356216
2022-11-25 10:00:00-05:00  4029.379883  4032.929932  4028.060059  4029.899902  4029.899902  132364895
2022-11-25 10:30:00-05:00  4029.850098  4032.139893  4028.669922  4031.159912  4031.159912   88874529
2022-11-25 11:00:00-05:00  4031.110107  4034.020020  4027.310059  4027.909912  4027.909912   80327366
2022-11-25 11:30:00-05:00  4027.909912  4030.870117  4025.050049  4029.899902  4029.899902   73212151
2022-11-25 12:00:00-05:00  4029.899902  4030.479980  4027.219971  4029.959961  4029.959961   76409780
2022-11-25 12:30:00-05:00  4029.979980  4030.100098  4023.169922  4026.979980  4026.979980  152592441
2022-11-25 13:00:00-05:00  4026.850098  4026.850098  4026.110107  4026.120117  4026.120117  108743011
2022-11-28 09:30:00-05:00  4005.360107  4012.270020  3994.770020  4002.860107  4002.860107  157780289
2022-11-28 10:00:00-05:00  4002.870117  4006.639893  3993.959961  3998.040039  3998.040039  145530917
2022-11-28 10:30:00-05:00  3998.050049  3999.989990  3989.239990  3990.070068  3990.070068  112584794
2022-11-28 11:00:00-05:00  3990.100098  3992.929932  3987.270020  3989.860107  3989.860107  108802131
2022-11-28 11:30:00-05:00  3990.030029  3995.169922  3988.639893  3993.679932  3993.679932  100230979
2022-11-28 12:00:00-05:00  3993.739990  3997.600098  3981.939941  3990.270020  3990.270020  102899057
2022-11-28 12:30:00-05:00  3990.280029  3994.419922  3981.040039  3981.379883  3981.379883   80240185
2022-11-28 13:00:00-05:00  3981.389893  3984.629883  3980.189941  3982.949951  3982.949951   77932807
2022-11-28 13:30:00-05:00  3982.899902  3983.060059  3969.629883  3970.310059  3970.310059   87995828
2022-11-28 14:00:00-05:00  3970.300049  3971.620117  3963.929932  3964.669922  3964.669922   85505135
2022-11-28 14:30:00-05:00  3964.659912  3968.449951  3963.110107  3964.510010  3964.510010   89733154
2022-11-28 15:00:00-05:00  3964.540039  3965.189941  3955.770020  3956.810059  3956.810059  121417423
2022-11-28 15:30:00-05:00  3956.810059  3966.679932  3955.959961  3964.560059  3964.560059  317775022
2022-11-29 09:30:00-05:00  3964.189941  3969.350098  3957.129883  3961.110107  3961.110107  164275167
2022-11-29 10:00:00-05:00  3961.080078  3974.030029  3958.520020  3974.030029  3974.030029  137872673