                                  Open         High          Low        Close    Adj Close     Volume
Datetime                                                                                             
2022-11-08 10:30:00-05:00  3840.320068  3841.399902  3836.070068  3837.800049  3837.800049          0
2022-11-08 11:00:00-05:00  3837.870117  3849.780029  3834.129883  3849.510010  3849.510010  837595221
2022-11-08 11:30:00-05:00  3849.060059  3859.399902  3849.000000  3853.790039  3853.790039  140722525
2022-11-08 12:00:00-05:00  3853.810059  3855.830078  3848.199951  3852.100098  3852.100098  122497313
2022-11-08 12:30:00-05:00  3852.100098  3856.260010  3848.919922  3853.550049  3853.550049  108163282
2022-11-08 13:00:00-05:00  3853.500000  3858.550049  3825.229980  3826.909912  3826.909912  128981105
2022-11-08 13:30:00-05:00  3826.780029  3833.590088  3813.820068  3816.199951  3816.199951  138866052
2022-11-08 14:00:00-05:00  3816.189941  3820.909912  3789.870117  3789.889893  3789.889893  143900622
2022-11-08 14:30:00-05:00  3789.889893  3821.310059  3786.280029  3815.030029  3815.030029  145863224
2022-11-08 15:00:00-05:00  3815.010010  3837.419922  3814.189941  3837.330078  3837.330078  149987984
2022-11-08 15:30:00-05:00  3837.330078  3849.000000  3826.389893  3828.340088  3828.340088  292170512
2022-11-09 09:30:00-05:00  3810.939941  3810.939941  3790.580078  3794.770020  3794.770020  205949168
2022-11-09 10:00:00-05:00  3794.689941  3818.199951  3793.360107  3803.149902  3803.149902  195524781
2022-11-09 10:30:00-05:00  3803.169922  3806.679932  3786.739990  3789.620117  3789.620117  165246679
2022-11-09 11:00:00-05:00  3789.620117  3803.709961  3789.570068  3799.229980  3799.229980  133844015
2022-11-09 11:30:00-05:00  3799.169922  3809.260010  3793.669922  3798.219971  3798.219971  122301095
2022-11-09 12:00:00-05:00  3798.229980  3800.050049  3788.699951  3790.909912  3790.909912  104527152
2022-11-09 12:30:00-05:00  3790.820068  3796.659912  3787.060059  3792.219971  3792.219971  113890191
2022-11-09 13:00:00-05:00  3792.239990  3794.679932  3779.209961  3779.909912  3779.909912  119554539
2022-11-09 13:30:00-05:00  3779.929932  3779.929932  3762.320068  3768.409912  3768.409912  137413189
2022-11-09 14:00:00-05:00  3768.389893  3775.239990  3764.949951  3771.350098  3771.350098  116878992
2022-11-09 14:30:00-05:00  3771.379883  3771.379883  3753.719971  3755.750000  3755.750000  130447002
2022-11-09 15:00:00-05:00  3755.739990  3768.919922  3754.639893  3760.780029  3760.780029  152762853
2022-11-09 15:30:00-05:00  3760.830078  3761.219971  3744.219971  3749.159912  3749.159912  311079801
2022-11-10 09:30:00-05:00  3859.889893  3905.290039  3859.889893  3905.290039  3905.290039  421833737
2022-11-10 10:00:00-05:00  3905.949951  3912.139893  3896.689941  3905.110107  3905.110107  271573048
2022-11-10 10:30:00-05:00  3905.070068  3913.889893  3887.709961  3912.020020  3912.020020  229054628
2022-11-10 11:00:00-05:00  3912.209961  3915.699951  3902.629883  3914.969971  3914.969971  188655522
2022-11-10 11:30:00-05:00  3915.179932  3927.610107  3915.179932  3926.280029  3926.280029  177733814
2022-11-10 12:00:00-05:00  3926.310059  3926.310059  3913.060059  3913.870117  3913.870117  160074206
2022-11-10 12:30:00-05:00  3914.050049  3914.050049  3897.820068  3898.469971  3898.469971  147691614
2022-11-10 13:00:00-05:00  3898.409912  3916.219971  3898.409912  3913.590088  3913.590088  134711470
2022-11-10 13:30:00-05:00  3913.540039  3922.899902  3908.969971  3920.570068  3920.570068  125662901
2022-11-10 14:00:00-05:00  3920.560059  3925.699951  3917.669922  3924.120117  3924.120117  130946608
2022-11-10 14:30:00-05:00  3924.080078  3930.979980  3920.699951  3930.409912  3930.409912  132070599
2022-11-10 15:00:00-05:00  3930.409912  3942.919922  3927.939941  3942.389893  3942.389893  188614475
2022-11-10 15:30:00-05:00  3942.409912  3958.330078  3940.669922  3954.340088  3954.340088  381920165
2022-11-11 09:30:00-05:00  3963.719971  3968.870117  3944.820068  3959.270020  3959.270020  338815432
2022-11-11 10:00:00-05:00  3959.139893  3983.090088  3946.600098  3978.580078  3978.580078  285161833
2022-11-11 10:30:00-05:00  3978.280029  3981.459961  3966.840088  3971.330078  3971.330078  214412028
2022-11-11 11:00:00-05:00  3971.290039  3978.540039  3952.090088  3952.090088  3952.090088  194986416
2022-11-11 11:30:00-05:00  3952.030029  3964.310059  3948.750000  3960.290039  3960.290039  169153859
2022-11-11 12:00:00-05:00  3960.169922  3969.860107  3955.070068  3967.370117  3967.370117  145439901
2022-11-11 12:30:00-05:00  3967.469971  3973.909912  3961.530029  3969.909912  3969.909912  140361356
2022-11-11 13:00:00-05:00  3969.909912  3985.570068  3969.639893  3985.429932  3985.429932  142553088
2022-11-11 13:30:00-05:00  3985.449951  3990.989990  3980.909912  3989.750000  3989.750000  148073383
2022-11-11 14:00:00-05:00  3989.750000  3996.610107  3985.189941  3996.330078  3996.330078  145245128
2022-11-11 14:30:00-05:00  3996.139893  4001.479980  3995.090088  4000.379883  4000.379883  148142538
2022-11-11 15:00:00-05:00  4000.340088  4000.790039  3981.929932  3993.939941  3993.939941  196105937
2022-11-11 15:30:00-05:00  3993.949951  4001.280029  3988.080078  3992.209961  3992.209961  324280250
2022-11-14 09:30:00-05:00  3977.969971  3984.300049  3966.389893  3977.739990  3977.739990  239909232
2022-11-14 10:00:00-05:00  3977.929932  3996.479980  3977.929932  3986.290039  3986.290039  199562555
2022-11-14 10:30:00-05:00  3986.260010  3995.050049  3984.270020  3991.699951  3991.699951  169530275
2022-11-14 11:00:00-05:00  3991.500000  3993.199951  3971.389893  3975.510010  3975.510010  154220402
2022-11-14 11:30:00-05:00  3975.409912  3991.659912  3973.629883  3985.909912  3985.909912  140092343
2022-11-14 12:00:00-05:00  3985.939941  3993.669922  3982.270020  3991.610107  3991.610107  126563176
2022-11-14 12:30:00-05:00  3991.550049  3999.310059  3991.199951  3993.550049  3993.550049  112044450
2022-11-14 13:00:00-05:00  3993.530029  4008.110107  3991.790039  4007.360107  4007.360107  107797430
2022-11-14 13:30:00-05:00  4007.360107  4008.820068  4004.110107  4008.649902  4008.649902  110571019
2022-11-14 14:00:00-05:00  4008.629883  4008.969971  3999.810059  4005.020020  4005.020020  119539948
2022-11-14 14:30:00-05:00  4005.040039  4005.879883  3993.090088  3994.870117  3994.870117  127182524
2022-11-14 15:00:00-05:00  3994.830078  4002.090088  3982.149902  3986.010010  3986.010010  152350975
2022-11-14 15:30:00-05:00  3986.010010  3986.379883  3956.399902  3957.350098  3957.350098  371880554
2022-11-15 09:30:00-05:00  4006.409912  4028.840088  4006.409912  4022.989990  4022.989990  279644007
2022-11-15 10:00:00-05:00  4023.040039  4028.370117  4009.689941  4022.639893  4022.639893  206436341