                                  Open         High          Low        Close    Adj Close      Volume
Datetime                                                                                              
2023-01-09 10:30:00-05:00  3945.639893  3946.050049  3939.959961  3939.969971  3939.969971    26105545
2023-01-09 11:00:00-05:00  3939.959961  3950.570068  3939.959961  3949.310059  3949.310059   138836570
2023-01-09 11:30:00-05:00  3949.350098  3950.080078  3942.409912  3947.330078  3947.330078   133136141
2023-01-09 12:00:00-05:00  3947.290039  3947.290039  3938.459961  3942.659912  3942.659912   107982111
2023-01-09 12:30:00-05:00  3942.659912  3943.040039  3932.610107  3937.010010  3937.010010   103650275
2023-01-09 13:00:00-05:00  3936.959961  3937.840088  3929.370117  3933.790039  3933.790039   106132535
2023-01-09 13:30:00-05:00  3933.790039  3933.800049  3913.000000  3918.399902  3918.399902   119785963
2023-01-09 14:00:00-05:00  3918.370117  3924.330078  3913.479980  3919.669922  3919.669922   108445954
2023-01-09 14:30:00-05:00  3919.659912  3920.669922  3902.080078  3903.000000  3903.000000   105560212
2023-01-09 15:00:00-05:00  3902.840088  3905.469971  3896.189941  3897.320068  3897.320068  1815137186
2023-01-09 15:30:00-05:00  3897.409912  3898.909912  3890.419922  3892.149902  3892.149902   345461628
2023-01-10 09:30:00-05:00  3888.570068  3905.699951  3885.000000  3898.189941  3898.189941   247303063
2023-01-10 10:00:00-05:00  3898.300049  3913.580078  3893.229980  3896.280029  3896.280029   167018704
2023-01-10 10:30:00-05:00  3896.280029  3898.729980  3877.290039  3897.419922  3897.419922   159196828
2023-01-10 11:00:00-05:00  3897.399902  3901.379883  3892.800049  3893.949951  3893.949951   122254063
2023-01-10 11:30:00-05:00  3893.969971  3897.040039  3887.860107  3894.860107  3894.860107   102396855
2023-01-10 12:00:00-05:00  3894.850098  3899.750000  3886.560059  3893.870117  3893.870117    94345543
2023-01-10 12:30:00-05:00  3893.979980  3904.810059  3893.669922  3901.590088  3901.590088    86248717
2023-01-10 13:00:00-05:00  3901.600098  3907.060059  3899.469971  3903.139893  3903.139893    85842274
2023-01-10 13:30:00-05:00  3903.110107  3909.489990  3902.070068  3909.010010  3909.010010    94630422
2023-01-10 14:00:00-05:00  3909.030029  3914.820068  3908.120117  3912.870117  3912.870117   107119140
2023-01-10 14:30:00-05:00  3912.870117  3915.649902  3906.770020  3908.620117  3908.620117   100126172
2023-01-10 15:00:00-05:00  3908.629883  3911.199951  3901.889893  3908.919922  3908.919922   131217578
2023-01-10 15:30:00-05:00  3908.959961  3919.830078  3907.110107  3919.409912  3919.409912   312629114
2023-01-11 09:30:00-05:00  3932.350098  3945.239990  3932.350098  3937.439941  3937.439941   173966172
2023-01-11 10:00:00-05:00  3937.310059  3944.669922  3934.909912  3944.389893  3944.389893   198055655
2023-01-11 10:30:00-05:00  3944.489990  3944.489990  3928.540039  3929.689941  3929.689941   158332156
2023-01-11 11:00:00-05:00  3929.649902  3940.770020  3929.370117  3939.729980  3939.729980   131369150
2023-01-11 11:30:00-05:00  3939.810059  3943.889893  3937.239990  3941.429932  3941.429932   119779667
2023-01-11 12:00:00-05:00  3941.439941  3949.889893  3941.439941  3948.350098  3948.350098   111300323
2023-01-11 12:30:00-05:00  3948.379883  3949.080078  3943.679932  3945.659912  3945.659912    95888358
2023-01-11 13:00:00-05:00  3945.649902  3955.189941  3944.189941  3952.080078  3952.080078   107957896
2023-01-11 13:30:00-05:00  3952.070068  3954.590088  3948.110107  3949.909912  3949.909912    95735212
2023-01-11 14:00:00-05:00  3949.929932  3953.090088  3945.870117  3951.830078  3951.830078    95957297
2023-01-11 14:30:00-05:00  3951.780029  3959.030029  3951.600098  3956.659912  3956.659912   105580742
2023-01-11 15:00:00-05:00  3956.639893  3962.709961  3956.320068  3959.770020  3959.770020   140111893
2023-01-11 15:30:00-05:00  3959.750000  3970.070068  3954.520020  3969.129883  3969.129883   359100445
2023-01-12 09:30:00-05:00  3977.570068  3981.959961  3937.560059  3949.389893  3949.389893   200930426
2023-01-12 10:00:00-05:00  3950.659912  3981.949951  3950.449951  3973.600098  3973.600098   197960493
2023-01-12 10:30:00-05:00  3973.239990  3982.449951  3960.679932  3968.800049  3968.800049   159919642
2023-01-12 11:00:00-05:00  3968.750000  3974.399902  3958.149902  3970.689941  3970.689941   129553577
2023-01-12 11:30:00-05:00  3970.679932  3978.379883  3961.560059  3977.449951  3977.449951   116137989
2023-01-12 12:00:00-05:00  3977.330078  3992.389893  3975.409912  3992.060059  3992.060059   124185601
2023-01-12 12:30:00-05:00  3992.010010  3994.179932  3988.459961  3991.330078  3991.330078   112590565
2023-01-12 13:00:00-05:00  3991.340088  3997.139893  3974.010010  3975.600098  3975.600098   124465078
2023-01-12 13:30:00-05:00  3975.550049  3997.040039  3969.889893  3995.840088  3995.840088   121216984
2023-01-12 14:00:00-05:00  3995.840088  3997.760010  3987.070068  3988.250000  3988.250000   116498563
2023-01-12 14:30:00-05:00  3988.300049  3992.689941  3981.270020  3986.860107  3986.860107   125069369
2023-01-12 15:00:00-05:00  3986.929932  3988.479980  3976.590088  3980.399902  3980.399902   147562067
2023-01-12 15:30:00-05:00  3980.379883  3984.689941  3972.520020  3983.080078  3983.080078   344773851
2023-01-13 09:30:00-05:00  3952.949951  3965.439941  3947.669922  3961.600098  3961.600098   278000748
2023-01-13 10:00:00-05:00  3961.530029  3979.000000  3959.139893  3979.000000  3979.000000   202172774
2023-01-13 10:30:00-05:00  3978.959961  3980.979980  3972.830078  3976.800049  3976.800049   155925036
2023-01-13 11:00:00-05:00  3976.979980  3978.860107  3967.429932  3973.459961  3973.459961   143069261
2023-01-13 11:30:00-05:00  3973.290039  3973.620117  3965.949951  3971.530029  3971.530029   116726872
2023-01-13 12:00:00-05:00  3971.530029  3978.739990  3970.719971  3977.979980  3977.979980    97773144
2023-01-13 12:30:00-05:00  3978.000000  3980.949951  3973.949951  3980.080078  3980.080078    94641312
2023-01-13 13:00:00-05:00  3980.090088  3982.040039  3974.790039  3977.489990  3977.489990   103227705
2023-01-13 13:30:00-05:00  3977.520020  3989.750000  3976.909912  3988.590088  3988.590088   103893971
2023-01-13 14:00:00-05:00  3988.530029  3990.620117  3985.219971  3988.820068  3988.820068    96253172
2023-01-13 14:30:00-05:00  3988.810059  3991.610107  3986.669922  3989.969971  3989.969971    98076397
2023-01-13 15:00:00-05:00  3989.939941  3996.070068  3989.659912  3996.060059  3996.060059   128166369
2023-01-13 15:30:00-05:00  3996.050049  4003.949951  3995.510010  3998.629883  3998.629883   330043064
2023-01-13 16:00:00-05:00  3999.090088  3999.090088  3999.090088  3999.090088  3999.090088           0