                                  Open         High          Low        Close    Adj Close     Volume
Datetime                                                                                             
2022-11-30 10:30:00-05:00  3944.280029  3946.449951  3942.300049  3945.199951  3945.199951   17463455
2022-11-30 11:00:00-05:00  3945.250000  3955.320068  3942.030029  3954.120117  3954.120117  618055825
2022-11-30 11:30:00-05:00  3954.120117  3957.889893  3953.830078  3954.729980  3954.729980   99224142
2022-11-30 12:00:00-05:00  3954.739990  3956.239990  3938.580078  3942.229980  3942.229980   94691781
2022-11-30 12:30:00-05:00  3942.250000  3945.870117  3938.580078  3944.860107  3944.860107   80198816
2022-11-30 13:00:00-05:00  3944.909912  3952.729980  3944.510010  3950.790039  3950.790039   73498403
2022-11-30 13:30:00-05:00  3950.820068  4003.030029  3945.419922  4001.260010  4001.260010  205523163
2022-11-30 14:00:00-05:00  4000.830078  4037.219971  4000.830078  4034.229980  4034.229980  209088276
2022-11-30 14:30:00-05:00  4034.260010  4037.449951  4023.320068  4035.320068  4035.320068  160148790
2022-11-30 15:00:00-05:00  4035.520020  4057.500000  4034.179932  4057.459961  4057.459961  181099964
2022-11-30 15:30:00-05:00  4057.530029  4078.810059  4056.919922  4078.770020  4078.770020  476438152
2022-12-02 09:30:00-05:00  4040.169922  4042.070068  4026.629883  4033.689941  4033.689941  159866543
2022-12-02 10:00:00-05:00  4034.129883  4048.629883  4029.600098  4039.090088  4039.090088  163020428
2022-12-02 10:30:00-05:00  4039.110107  4051.879883  4036.010010  4043.669922  4043.669922  132293346
2022-12-02 11:00:00-05:00  4043.659912  4049.870117  4039.300049  4049.870117  4049.870117  129791102
2022-12-02 11:30:00-05:00  4049.919922  4063.810059  4048.040039  4057.169922  4057.169922  106169433
2022-12-02 12:00:00-05:00  4057.199951  4064.949951  4055.739990  4057.760010  4057.760010   94938446
2022-12-02 12:30:00-05:00  4057.780029  4058.979980  4049.780029  4050.399902  4050.399902   88751005
2022-12-02 13:00:00-05:00  4050.409912  4052.780029  4046.439941  4052.070068  4052.070068   89734102
2022-12-02 13:30:00-05:00  4052.070068  4056.689941  4050.540039  4054.570068  4054.570068   80471962
2022-12-02 14:00:00-05:00  4054.580078  4055.689941  4048.010010  4054.689941  4054.689941   82313623
2022-12-02 14:30:00-05:00  4054.669922  4068.500000  4052.570068  4067.790039  4067.790039  102506801
2022-12-02 15:00:00-05:00  4067.790039  4080.479980  4067.000000  4070.719971  4070.719971  143610440
2022-12-02 15:30:00-05:00  4070.729980  4073.110107  4061.010010  4071.550049  4071.550049  299384527
2022-12-05 09:30:00-05:00  4052.020020  4052.449951  4034.100098  4034.459961  4034.459961  181996589
2022-12-05 10:00:00-05:00  4034.520020  4036.489990  4020.699951  4030.379883  4030.379883  174284593
2022-12-05 10:30:00-05:00  4030.310059  4038.860107  4026.600098  4035.879883  4035.879883  135563719
2022-12-05 11:00:00-05:00  4035.899902  4041.800049  4025.229980  4027.239990  4027.239990  133330311
2022-12-05 11:30:00-05:00  4027.250000  4027.560059  4011.909912  4012.300049  4012.300049  115619350
2022-12-05 12:00:00-05:00  4012.239990  4020.110107  4009.860107  4016.360107  4016.360107  107140743
2022-12-05 12:30:00-05:00  4016.250000  4016.959961  4005.139893  4005.949951  4005.949951  101388167
2022-12-05 13:00:00-05:00  4005.979980  4011.310059  4003.199951  4005.739990  4005.739990  101901330
2022-12-05 13:30:00-05:00  4006.149902  4010.840088  3993.909912  3994.229980  3994.229980  100158767
2022-12-05 14:00:00-05:00  3994.229980  3998.770020  3989.699951  3990.840088  3990.840088  103171946
2022-12-05 14:30:00-05:00  3990.820068  3992.320068  3984.489990  3991.469971  3991.469971  104471428
2022-12-05 15:00:00-05:00  3991.469971  3996.739990  3988.649902  3989.120117  3989.120117  131177294
2022-12-05 15:30:00-05:00  3989.030029  4001.399902  3988.979980  3999.149902  3999.149902  277312822
2022-12-06 09:30:00-05:00  3996.629883  4001.510010  3973.780029  3974.179932  3974.179932  188644240
2022-12-06 10:00:00-05:00  3973.919922  3975.969971  3960.689941  3961.000000  3961.000000  173727215
2022-12-06 10:30:00-05:00  3961.040039  3962.969971  3950.879883  3956.110107  3956.110107  151676633
2022-12-06 11:00:00-05:00  3956.139893  3960.020020  3948.330078  3956.350098  3956.350098  783889117
2022-12-06 11:30:00-05:00  3956.360107  3960.120117  3950.090088  3953.060059  3953.060059  112879334
2022-12-06 12:00:00-05:00  3953.000000  3957.489990  3942.649902  3947.969971  3947.969971  108819046
2022-12-06 12:30:00-05:00  3947.959961  3949.020020  3941.169922  3942.620117  3942.620117   95572145
2022-12-06 13:00:00-05:00  3942.580078  3944.770020  3930.550049  3931.290039  3931.290039  107952520
2022-12-06 13:30:00-05:00  3931.270020  3939.409912  3928.419922  3934.800049  3934.800049  111701607
2022-12-06 14:00:00-05:00  3934.790039  3935.679932  3923.659912  3923.659912  3923.659912  123261053
2022-12-06 14:30:00-05:00  3923.649902  3929.620117  3918.389893  3927.060059  3927.060059  120869501
2022-12-06 15:00:00-05:00  3927.060059  3934.199951  3921.909912  3922.979980  3922.979980  151401511
2022-12-06 15:30:00-05:00  3922.969971  3943.860107  3922.840088  3941.500000  3941.500000  307506973
2022-12-07 09:30:00-05:00  3933.280029  3954.310059  3926.159912  3929.770020  3929.770020  197820963
2022-12-07 10:00:00-05:00  3929.919922  3948.629883  3922.679932  3948.489990  3948.489990  202045026