                                  Open         High          Low        Close    Adj Close      Volume
Datetime                                                                                              
2023-03-16 10:30:00-04:00  3901.399902  3920.530029  3901.399902  3916.729980  3916.729980    53459631
2023-03-16 11:00:00-04:00  3916.810059  3933.320068  3909.290039  3930.179932  3930.179932   252134857
2023-03-16 11:30:00-04:00  3930.590088  3944.709961  3926.459961  3939.399902  3939.399902   219073405
2023-03-16 12:00:00-04:00  3939.370117  3940.939941  3925.850098  3938.510010  3938.510010   190996705
2023-03-16 12:30:00-04:00  3938.419922  3954.770020  3930.959961  3953.260010  3953.260010   202267734
2023-03-16 13:00:00-04:00  3953.030029  3961.510010  3946.719971  3952.080078  3952.080078   206291301
2023-03-16 13:30:00-04:00  3951.979980  3953.370117  3945.040039  3950.790039  3950.790039   170741367
2023-03-16 14:00:00-04:00  3950.780029  3950.800049  3941.090088  3947.540039  3947.540039   158927057
2023-03-16 14:30:00-04:00  3947.500000  3952.689941  3937.489990  3952.620117  3952.620117   167340356
2023-03-16 15:00:00-04:00  3952.620117  3961.189941  3951.719971  3960.370117  3960.370117   213636907
2023-03-16 15:30:00-04:00  3960.449951  3964.459961  3953.899902  3959.709961  3959.709961   460774616
2023-03-17 09:30:00-04:00  3958.689941  3958.689941  3938.550049  3942.350098  3942.350098   658911256
2023-03-17 10:00:00-04:00  3942.530029  3958.909912  3921.570068  3927.010010  3927.010010   257910970
2023-03-17 10:30:00-04:00  3927.120117  3929.510010  3909.899902  3918.229980  3918.229980   233478742
2023-03-17 11:00:00-04:00  3918.050049  3924.689941  3905.649902  3910.989990  3910.989990   182446180
2023-03-17 11:30:00-04:00  3910.939941  3917.459961  3901.679932  3910.780029  3910.780029  1648688602
2023-03-17 12:00:00-04:00  3910.820068  3923.229980  3910.709961  3922.389893  3922.389893   151364190
2023-03-17 12:30:00-04:00  3922.399902  3932.469971  3914.709961  3918.719971  3918.719971   148267022
2023-03-17 13:00:00-04:00  3918.790039  3930.800049  3917.639893  3924.379883  3924.379883   133596871
2023-03-17 13:30:00-04:00  3924.389893  3929.449951  3918.149902  3924.889893  3924.889893   154597432
2023-03-17 14:00:00-04:00  3925.120117  3929.409912  3905.090088  3906.479980  3906.479980   165548395
2023-03-17 14:30:00-04:00  3906.260010  3915.209961  3901.270020  3911.750000  3911.750000   181309133
2023-03-17 15:00:00-04:00  3911.840088  3923.739990  3908.239990  3922.639893  3922.639893   217077573
2023-03-17 15:30:00-04:00  3922.780029  3922.860107  3910.360107  3916.469971  3916.469971   521223391
2023-03-20 09:30:00-04:00  3917.469971  3935.810059  3916.889893  3931.830078  3931.830078   363863276
2023-03-20 10:00:00-04:00  3932.090088  3942.199951  3925.159912  3939.010010  3939.010010   220015754
2023-03-20 10:30:00-04:00  3939.070068  3947.110107  3933.860107  3946.459961  3946.459961   193518257
2023-03-20 11:00:00-04:00  3946.360107  3956.530029  3943.280029  3955.770020  3955.770020   161808121
2023-03-20 11:30:00-04:00  3955.870117  3956.620117  3939.760010  3940.020020  3940.020020   148205542
2023-03-20 12:00:00-04:00  3940.050049  3941.590088  3923.379883  3932.889893  3932.889893   160878664
2023-03-20 12:30:00-04:00  3932.959961  3947.179932  3932.750000  3944.790039  3944.790039   136228317
2023-03-20 13:00:00-04:00  3944.739990  3953.580078  3944.350098  3948.689941  3948.689941   126714166
2023-03-20 13:30:00-04:00  3948.659912  3952.199951  3943.709961  3945.790039  3945.790039   124563591
2023-03-20 14:00:00-04:00  3945.780029  3948.229980  3939.350098  3945.129883  3945.129883   132558115
2023-03-20 14:30:00-04:00  3945.209961  3947.719971  3935.639893  3942.620117  3942.620117   140181749
2023-03-20 15:00:00-04:00  3942.570068  3946.449951  3938.570068  3945.270020  3945.270020   163691801
2023-03-20 15:30:00-04:00  3945.209961  3956.270020  3943.850098  3950.830078  3950.830078   379455193
2023-03-21 09:30:00-04:00  3975.889893  3995.610107  3975.889893  3994.449951  3994.449951   232516883
2023-03-21 10:00:00-04:00  3994.590088  3998.510010  3976.010010  3979.610107  3979.610107   240016344
2023-03-21 10:30:00-04:00  3979.639893  3985.419922  3974.280029  3977.590088  3977.590088   190243871
2023-03-21 11:00:00-04:00  3977.739990  3988.120117  3976.989990  3984.419922  3984.419922   160730095
2023-03-21 11:30:00-04:00  3984.389893  3987.939941  3971.189941  3974.429932  3974.429932   166874786
2023-03-21 12:00:00-04:00  3974.340088  3981.909912  3972.090088  3980.800049  3980.800049   125938085
2023-03-21 12:30:00-04:00  3980.600098  3984.280029  3976.310059  3979.500000  3979.500000   126394194
2023-03-21 13:00:00-04:00  3979.479980  3985.330078  3977.129883  3984.750000  3984.750000   128226466
2023-03-21 13:30:00-04:00  3984.770020  3989.040039  3978.120117  3978.129883  3978.129883   131609292
2023-03-21 14:00:00-04:00  3978.100098  3986.639893  3977.909912  3985.790039  3985.790039   135673562
2023-03-21 14:30:00-04:00  3985.810059  3994.239990  3984.479980  3992.100098  3992.100098   138418607
2023-03-21 15:00:00-04:00  3992.060059  4000.159912  3991.570068  3997.659912  3997.659912   166678954
2023-03-21 15:30:00-04:00  3997.620117  4009.080078  3995.879883  4002.409912  4002.409912   381333244
2023-03-22 09:30:00-04:00  4002.040039  4003.989990  3995.699951  4001.000000  4001.000000   166853701
2023-03-22 10:00:00-04:00  4000.899902  4013.429932  3998.570068  4013.030029  4013.030029   161286425
2023-03-22 10:30:00-04:00  4012.879883  4014.110107  4006.719971  4007.979980  4007.979980   138244589
2023-03-22 11:00:00-04:00  4007.899902  4008.969971  3999.820068  4003.860107  4003.860107   122487203
2023-03-22 11:30:00-04:00  4003.860107  4006.719971  4002.760010  4004.280029  4004.280029   117090108
2023-03-22 12:00:00-04:00  4004.270020  4004.580078  3995.679932  3997.770020  3997.770020   108773224
2023-03-22 12:30:00-04:00  3997.739990  3998.649902  3993.780029  3994.620117  3994.620117    96752242
2023-03-22 13:00:00-04:00  3994.620117  3997.479980  3989.189941  3997.149902  3997.149902    94027364
2023-03-22 13:30:00-04:00  3997.169922  4002.360107  3996.429932  4000.870117  4000.870117   102338769
2023-03-22 14:00:00-04:00  4000.909912  4031.429932  4000.489990  4014.540039  4014.540039   214941491
2023-03-22 14:30:00-04:00  4014.459961  4039.489990  3990.590088  4001.169922  4001.169922   255755041
2023-03-22 15:00:00-04:00  4001.199951  4013.090088  3972.810059  4004.500000  4004.500000   250429038
2023-03-22 15:30:00-04:00  4004.540039  4006.280029  3936.340088  3936.520020  3936.520020   421756053
2023-03-23 09:30:00-04:00  3959.209961  3976.709961  3959.209961  3974.310059  3974.310059   219106077
2023-03-23 10:00:00-04:00  3974.560059  3987.330078  3974.469971  3982.050049  3982.050049   184345382