                                  Open         High          Low        Close    Adj Close     Volume
Datetime                                                                                             
2023-03-06 10:30:00-05:00  4073.820068  4073.939941  4070.520020  4070.560059  4070.560059   24686262
2023-03-06 11:00:00-05:00  4070.479980  4078.489990  4068.250000  4068.989990  4068.989990  122059136
2023-03-06 11:30:00-05:00  4069.020020  4072.959961  4066.840088  4072.050049  4072.050049  106202026
2023-03-06 12:00:00-05:00  4072.020020  4077.840088  4071.060059  4072.270020  4072.270020   96025823
2023-03-06 12:30:00-05:00  4072.300049  4072.300049  4060.360107  4062.790039  4062.790039  101587367
2023-03-06 13:00:00-05:00  4062.739990  4062.979980  4057.550049  4060.199951  4060.199951   95007320
2023-03-06 13:30:00-05:00  4060.189941  4060.560059  4050.580078  4052.570068  4052.570068   96323927
2023-03-06 14:00:00-05:00  4052.570068  4057.110107  4050.750000  4053.550049  4053.550049   99741351
2023-03-06 14:30:00-05:00  4053.550049  4055.860107  4049.929932  4051.239990  4051.239990  106935236
2023-03-06 15:00:00-05:00  4051.280029  4054.020020  4045.189941  4045.199951  4045.199951  137112129
2023-03-06 15:30:00-05:00  4045.159912  4052.010010  4044.610107  4048.459961  4048.459961  253484169
2023-03-07 09:30:00-05:00  4048.260010  4050.000000  4044.120117  4046.929932  4046.929932  140620020
2023-03-07 10:00:00-05:00  4047.000000  4047.000000  4009.530029  4020.989990  4020.989990  205241790
2023-03-07 10:30:00-05:00  4020.850098  4036.090088  4007.790039  4007.810059  4007.810059  167771810
2023-03-07 11:00:00-05:00  4007.850098  4016.419922  4004.590088  4005.280029  4005.280029  121934608
2023-03-07 11:30:00-05:00  4005.090088  4014.010010  4001.909912  4003.000000  4003.000000  117463460
2023-03-07 12:00:00-05:00  4003.020020  4023.080078  4002.060059  4014.860107  4014.860107  119831087
2023-03-07 12:30:00-05:00  4014.899902  4016.899902  4007.129883  4007.610107  4007.610107   98972441
2023-03-07 13:00:00-05:00  4007.669922  4007.899902  3997.070068  3999.139893  3999.139893   97690969
2023-03-07 13:30:00-05:00  3999.179932  4001.959961  3985.750000  3987.870117  3987.870117  109363738
2023-03-07 14:00:00-05:00  3987.830078  3993.179932  3986.179932  3986.770020  3986.770020  102403917
2023-03-07 14:30:00-05:00  3986.780029  3988.439941  3980.310059  3981.290039  3981.290039  104746668
2023-03-07 15:00:00-05:00  3981.300049  3991.350098  3980.919922  3986.290039  3986.290039  130228283
2023-03-07 15:30:00-05:00  3986.280029  3995.659912  3985.169922  3986.709961  3986.709961  264979964
2023-03-08 09:30:00-05:00  3987.550049  3993.729980  3983.370117  3990.709961  3990.709961  209543005
2023-03-08 10:00:00-05:00  3990.840088  3995.360107  3973.280029  3990.520020  3990.520020  176023680
2023-03-08 10:30:00-05:00  3990.189941  3999.899902  3984.780029  3987.260010  3987.260010  586858655
2023-03-08 11:00:00-05:00  3989.050049  3995.179932  3986.739990  3989.199951  3989.199951  110798502
2023-03-08 11:30:00-05:00  3989.260010  4000.409912  3981.350098  3996.729980  3996.729980  111055209
2023-03-08 12:00:00-05:00  3996.739990  3998.219971  3982.889893  3983.379883  3983.379883  100235261
2023-03-08 12:30:00-05:00  3983.419922  3987.010010  3976.439941  3982.860107  3982.860107   94019625
2023-03-08 13:00:00-05:00  3982.889893  3984.649902  3971.330078  3971.590088  3971.590088   93889824
2023-03-08 13:30:00-05:00  3971.689941  3975.790039  3969.760010  3973.110107  3973.110107   94091260
2023-03-08 14:00:00-05:00  3973.169922  3981.889893  3973.020020  3981.399902  3981.399902   93887234
2023-03-08 14:30:00-05:00  3981.429932  3983.129883  3976.300049  3976.840088  3976.840088   96676063
2023-03-08 15:00:00-05:00  3976.889893  3978.659912  3973.179932  3975.489990  3975.489990  119728273
2023-03-08 15:30:00-05:00  3975.479980  3994.969971  3975.260010  3991.909912  3991.909912  267163767
2023-03-09 09:30:00-05:00  3998.659912  4017.810059  3997.260010  4010.560059  4010.560059  170300835
2023-03-09 10:00:00-05:00  4010.659912  4015.590088  3997.260010  4003.360107  4003.360107  182272852
2023-03-09 10:30:00-05:00  4003.469971  4013.439941  4002.239990  4002.370117  4002.370117  143586256
2023-03-09 11:00:00-05:00  4002.389893  4003.020020  3995.370117  3995.510010  3995.510010  133325838
2023-03-09 11:30:00-05:00  3995.510010  3999.770020  3993.510010  3993.639893  3993.639893  118335237
2023-03-09 12:00:00-05:00  3993.620117  3995.020020  3984.870117  3994.689941  3994.689941  121927973
2023-03-09 12:30:00-05:00  3994.699951  3995.570068  3980.449951  3982.310059  3982.310059  121609569
2023-03-09 13:00:00-05:00  3982.239990  3984.699951  3965.040039  3967.540039  3967.540039  121228873
2023-03-09 13:30:00-05:00  3967.510010  3967.550049  3950.719971  3954.360107  3954.360107  135558128
2023-03-09 14:00:00-05:00  3954.250000  3956.550049  3945.889893  3950.169922  3950.169922  143516760
2023-03-09 14:30:00-05:00  3950.149902  3951.350098  3936.810059  3937.050049  3937.050049  136002467
2023-03-09 15:00:00-05:00  3937.080078  3939.300049  3908.699951  3917.760010  3917.760010  207939921
2023-03-09 15:30:00-05:00  3917.449951  3932.159912  3915.080078  3919.379883  3919.379883  328887451
2023-03-10 09:30:00-05:00  3912.770020  3914.340088  3878.010010  3894.800049  3894.800049  294248220
2023-03-10 10:00:00-05:00  3894.510010  3908.360107  3887.330078  3891.530029  3891.530029  262807105
2023-03-10 10:30:00-05:00  3891.300049  3916.080078  3887.770020  3915.649902  3915.649902  223804735
2023-03-10 11:00:00-05:00  3915.409912  3927.790039  3904.989990  3926.229980  3926.229980  203690388
2023-03-10 11:30:00-05:00  3926.270020  3934.050049  3900.120117  3900.989990  3900.989990  196750946
2023-03-10 12:00:00-05:00  3900.949951  3905.060059  3886.219971  3891.500000  3891.500000  151390699
2023-03-10 12:30:00-05:00  3891.649902  3904.270020  3880.330078  3881.139893  3881.139893  139655671
2023-03-10 13:00:00-05:00  3881.129883  3886.270020  3858.439941  3862.060059  3862.060059  151434577
2023-03-10 13:30:00-05:00  3861.870117  3863.010010  3846.320068  3850.739990  3850.739990  159171810
2023-03-10 14:00:00-05:00  3850.879883  3876.379883  3850.719971  3856.679932  3856.679932  175121406
2023-03-10 14:30:00-05:00  3856.600098  3885.760010  3856.379883  3876.790039  3876.790039  176564915
2023-03-10 15:00:00-05:00  3877.030029  3881.070068  3861.850098  3870.820068  3870.820068  188968802
2023-03-10 15:30:00-05:00  3870.040039  3870.399902  3849.709961  3861.679932  3861.679932  318369353
2023-03-13 09:30:00-04:00  3835.120117  3865.860107  3808.860107  3859.010010  3859.010010  429985266
2023-03-13 10:00:00-04:00  3859.120117  3873.929932  3840.899902  3842.750000  3842.750000  338399101