                                  Open         High          Low        Close    Adj Close     Volume
Datetime                                                                                             
2022-12-12 10:30:00-05:00  3943.260010  3946.840088  3941.479980  3946.500000  3946.500000   20947068
2022-12-12 11:00:00-05:00  3946.560059  3957.250000  3944.929932  3954.459961  3954.459961  128564354
2022-12-12 11:30:00-05:00  3954.429932  3955.189941  3949.899902  3955.129883  3955.129883  105644665
2022-12-12 12:00:00-05:00  3955.129883  3958.879883  3952.389893  3954.580078  3954.580078   94383050
2022-12-12 12:30:00-05:00  3954.560059  3959.729980  3953.340088  3958.370117  3958.370117   85500113
2022-12-12 13:00:00-05:00  3958.340088  3963.120117  3952.229980  3955.540039  3955.540039   98992984
2022-12-12 13:30:00-05:00  3955.550049  3962.219971  3955.449951  3959.590088  3959.590088   94562054
2022-12-12 14:00:00-05:00  3959.580078  3960.669922  3955.290039  3958.729980  3958.729980   97622015
2022-12-12 14:30:00-05:00  3958.689941  3969.699951  3956.219971  3968.520020  3968.520020  112223723
2022-12-12 15:00:00-05:00  3968.489990  3983.310059  3968.489990  3981.959961  3981.959961  153382378
2022-12-12 15:30:00-05:00  3981.949951  3990.459961  3979.979980  3990.290039  3990.290039  350828618
2022-12-13 09:30:00-05:00  4069.379883  4100.959961  4069.379883  4094.110107  4094.110107  370199170
2022-12-13 10:00:00-05:00  4094.260010  4096.089844  4050.149902  4054.959961  4054.959961  267537167
2022-12-13 10:30:00-05:00  4055.229980  4061.889893  4038.959961  4045.600098  4045.600098  193051053
2022-12-13 11:00:00-05:00  4047.770020  4055.919922  4040.860107  4047.229980  4047.229980  162350367
2022-12-13 11:30:00-05:00  4047.350098  4059.110107  4019.780029  4027.419922  4027.419922  160510125
2022-12-13 12:00:00-05:00  4027.500000  4032.879883  4000.860107  4003.840088  4003.840088  142790542
2022-12-13 12:30:00-05:00  4003.739990  4008.790039  3993.030029  4001.120117  4001.120117  137539811
2022-12-13 13:00:00-05:00  4001.100098  4021.209961  3999.459961  4019.449951  4019.449951  124090123
2022-12-13 13:30:00-05:00  4019.449951  4024.389893  4008.189941  4017.520020  4017.520020  115927200
2022-12-13 14:00:00-05:00  4017.530029  4021.389893  4010.969971  4018.030029  4018.030029  110220523
2022-12-13 14:30:00-05:00  4018.000000  4032.689941  4013.330078  4017.129883  4017.129883  122439704
2022-12-13 15:00:00-05:00  4017.100098  4018.790039  4000.889893  4018.179932  4018.179932  149503897
2022-12-13 15:30:00-05:00  4018.179932  4031.229980  4014.800049  4019.510010  4019.510010  387579153
2022-12-14 09:30:00-05:00  4015.540039  4039.500000  4015.540039  4038.100098  4038.100098  209309763
2022-12-14 10:00:00-05:00  4039.530029  4043.729980  4035.239990  4041.469971  4041.469971  147725877
2022-12-14 10:30:00-05:00  4041.459961  4044.959961  4036.250000  4042.340088  4042.340088  134774507
2022-12-14 11:00:00-05:00  4042.760010  4049.280029  4041.350098  4048.909912  4048.909912  643167901
2022-12-14 11:30:00-05:00  4048.929932  4050.379883  4041.780029  4042.239990  4042.239990  105952818
2022-12-14 12:00:00-05:00  4042.239990  4042.790039  4036.699951  4038.399902  4038.399902   92913009
2022-12-14 12:30:00-05:00  4038.340088  4041.250000  4036.050049  4036.050049  4036.050049   80198000
2022-12-14 13:00:00-05:00  4036.010010  4043.600098  4035.530029  4041.340088  4041.340088   85977806
2022-12-14 13:30:00-05:00  4041.340088  4053.760010  4041.229980  4048.899902  4048.899902  108311358
2022-12-14 14:00:00-05:00  4048.739990  4048.750000  3989.189941  4002.939941  4002.939941  212214636
2022-12-14 14:30:00-05:00  4002.810059  4004.389893  3965.649902  3989.729980  3989.729980  232244468
2022-12-14 15:00:00-05:00  3989.600098  4034.870117  3985.570068  3988.520020  3988.520020  209431409
2022-12-14 15:30:00-05:00  3988.489990  4009.399902  3978.560059  3995.040039  3995.040039  364710741
2022-12-15 09:30:00-05:00  3958.370117  3958.370117  3912.739990  3915.870117  3915.870117  266488988
2022-12-15 10:00:00-05:00  3915.840088  3917.239990  3903.679932  3911.560059  3911.560059  185272123
2022-12-15 10:30:00-05:00  3911.520020  3919.270020  3903.030029  3906.649902  3906.649902  158503530
2022-12-15 11:00:00-05:00  3906.659912  3910.620117  3892.439941  3897.550049  3897.550049  146742789
2022-12-15 11:30:00-05:00  3897.709961  3900.580078  3887.929932  3892.600098  3892.600098  137592925
2022-12-15 12:00:00-05:00  3892.610107  3900.510010  3892.469971  3897.350098  3897.350098  113908157
2022-12-15 12:30:00-05:00  3897.379883  3903.409912  3886.629883  3888.590088  3888.590088  111414073
2022-12-15 13:00:00-05:00  3888.620117  3889.439941  3879.449951  3883.879883  3883.879883  105156648
2022-12-15 13:30:00-05:00  3883.860107  3888.040039  3880.199951  3887.159912  3887.159912  106287591
2022-12-15 14:00:00-05:00  3887.199951  3889.080078  3881.620117  3884.020020  3884.020020  107053967
2022-12-15 14:30:00-05:00  3883.820068  3901.899902  3883.709961  3901.709961  3901.709961  135768113
2022-12-15 15:00:00-05:00  3901.679932  3907.699951  3894.350098  3905.870117  3905.870117  167133216
2022-12-15 15:30:00-05:00  3905.899902  3908.179932  3889.820068  3897.449951  3897.449951  381661639
2022-12-16 09:30:00-05:00  3890.909912  3890.909912  3863.739990  3876.129883  3876.129883  509306847
2022-12-16 10:00:00-05:00  3876.149902  3876.149902  3844.449951  3844.459961  3844.459961  189145929
2022-12-16 10:30:00-05:00  3844.189941  3848.760010  3836.290039  3847.479980  3847.479980  161691667
2022-12-16 11:00:00-05:00  3847.590088  3851.449951  3837.090088  3841.729980  3841.729980  149753425
2022-12-16 11:30:00-05:00  3841.709961  3847.500000  3831.500000  3832.879883  3832.879883  140390279
2022-12-16 12:00:00-05:00  3832.860107  3838.790039  3832.260010  3838.270020  3838.270020  114673598
2022-12-16 12:30:00-05:00  3838.290039  3845.169922  3827.909912  3828.760010  3828.760010  112225085
2022-12-16 13:00:00-05:00  3828.770020  3834.870117  3828.129883  3829.310059  3829.310059  107293938
2022-12-16 13:30:00-05:00  3829.100098  3837.100098  3828.209961  3834.159912  3834.159912  102271879
2022-12-16 14:00:00-05:00  3834.159912  3844.179932  3833.010010  3834.830078  3834.830078  119989579
2022-12-16 14:30:00-05:00  3834.760010  3849.050049  3829.590088  3846.590088  3846.590088  125597908
2022-12-16 15:00:00-05:00  3846.580078  3858.689941  3841.100098  3857.790039  3857.790039  170889421
2022-12-16 15:30:00-05:00  3857.800049  3866.070068  3851.020020  3851.020020  3851.020020  486811506
2022-12-19 09:30:00-05:00  3853.790039  3854.860107  3836.229980  3840.600098  3840.600098  179626739
2022-12-19 10:00:00-05:00  3840.540039  3852.590088  3834.550049  3852.330078  3852.330078  146085124