                                  Open         High          Low        Close    Adj Close     Volume
Datetime                                                                                             
2023-01-26 10:30:00-05:00  4033.649902  4034.389893  4013.290039  4016.209961  4016.209961   30388982
2023-01-26 11:00:00-05:00  4016.129883  4027.800049  4014.000000  4022.709961  4022.709961  134078476
2023-01-26 11:30:00-05:00  4022.780029  4030.050049  4021.750000  4029.489990  4029.489990  118278389
2023-01-26 12:00:00-05:00  4029.439941  4040.320068  4029.350098  4035.939941  4035.939941  102542392
2023-01-26 12:30:00-05:00  4035.879883  4039.830078  4029.919922  4034.510010  4034.510010  107025347
2023-01-26 13:00:00-05:00  4034.520020  4037.830078  4029.379883  4035.719971  4035.719971   99264286
2023-01-26 13:30:00-05:00  4035.729980  4047.439941  4035.729980  4041.909912  4041.909912  109175812
2023-01-26 14:00:00-05:00  4041.919922  4047.679932  4038.419922  4043.179932  4043.179932  108092087
2023-01-26 14:30:00-05:00  4043.219971  4049.280029  4043.010010  4047.560059  4047.560059  112678263
2023-01-26 15:00:00-05:00  4047.500000  4054.600098  4044.449951  4051.949951  4051.949951  145981154
2023-01-26 15:30:00-05:00  4051.840088  4061.570068  4047.949951  4060.199951  4060.199951  362838100
2023-01-27 09:30:00-05:00  4053.719971  4067.810059  4049.750000  4061.850098  4061.850098  293156394
2023-01-27 10:00:00-05:00  4062.840088  4078.770020  4058.770020  4069.439941  4069.439941  210447387
2023-01-27 10:30:00-05:00  4069.389893  4070.739990  4048.699951  4054.219971  4054.219971  180350614
2023-01-27 11:00:00-05:00  4054.169922  4063.780029  4050.850098  4062.409912  4062.409912  144572313
2023-01-27 11:30:00-05:00  4062.370117  4073.790039  4062.139893  4071.610107  4071.610107  146357938
2023-01-27 12:00:00-05:00  4071.560059  4077.919922  4068.530029  4072.669922  4072.669922  138600655
2023-01-27 12:30:00-05:00  4072.600098  4080.020020  4071.629883  4077.370117  4077.370117  119466808
2023-01-27 13:00:00-05:00  4077.370117  4078.540039  4069.739990  4073.340088  4073.340088  114847401
2023-01-27 13:30:00-05:00  4073.340088  4078.179932  4073.239990  4077.070068  4077.070068  115998013
2023-01-27 14:00:00-05:00  4077.080078  4084.429932  4075.840088  4083.219971  4083.219971  122713456
2023-01-27 14:30:00-05:00  4083.159912  4088.260010  4082.239990  4087.229980  4087.229980  125450605
2023-01-27 15:00:00-05:00  4087.239990  4094.209961  4083.629883  4088.780029  4088.780029  151738456
2023-01-27 15:30:00-05:00  4088.870117  4091.409912  4068.830078  4070.020020  4070.020020  361960086
2023-01-30 09:30:00-05:00  4049.270020  4058.600098  4042.090088  4056.239990  4056.239990  180773686
2023-01-30 10:00:00-05:00  4056.320068  4063.850098  4044.830078  4050.820068  4050.820068  181082719
2023-01-30 10:30:00-05:00  4050.850098  4050.949951  4031.479980  4042.389893  4042.389893  168521035
2023-01-30 11:00:00-05:00  4041.689941  4050.590088  4038.840088  4045.040039  4045.040039  141927890
2023-01-30 11:30:00-05:00  4045.070068  4047.939941  4033.100098  4044.060059  4044.060059  116198076
2023-01-30 12:00:00-05:00  4044.149902  4046.010010  4035.600098  4041.010010  4041.010010  102237349
2023-01-30 12:30:00-05:00  4040.989990  4041.540039  4031.979980  4033.669922  4033.669922   96011280
2023-01-30 13:00:00-05:00  4033.649902  4042.320068  4029.780029  4038.709961  4038.709961   98258784
2023-01-30 13:30:00-05:00  4038.719971  4038.719971  4029.699951  4034.419922  4034.419922   97674081
2023-01-30 14:00:00-05:00  4034.459961  4036.370117  4026.780029  4027.120117  4027.120117   96332500
2023-01-30 14:30:00-05:00  4027.159912  4030.669922  4021.780029  4025.560059  4025.560059  108030782
2023-01-30 15:00:00-05:00  4025.580078  4029.800049  4018.169922  4019.209961  4019.209961  144164564
2023-01-30 15:30:00-05:00  4019.209961  4027.560059  4015.550049  4018.129883  4018.129883  340635081
2023-01-31 09:30:00-05:00  4020.850098  4035.179932  4020.439941  4025.270020  4025.270020  216557744
2023-01-31 10:00:00-05:00  4024.120117  4039.239990  4021.129883  4038.830078  4038.830078  184938088
2023-01-31 10:30:00-05:00  4038.959961  4045.139893  4036.659912  4041.050049  4041.050049  151371950
2023-01-31 11:00:00-05:00  4041.239990  4046.399902  4040.280029  4043.909912  4043.909912  127421274
2023-01-31 11:30:00-05:00  4043.870117  4047.189941  4039.949951  4042.860107  4042.860107  115645008
2023-01-31 12:00:00-05:00  4042.860107  4048.320068  4037.629883  4046.530029  4046.530029  103058602
2023-01-31 12:30:00-05:00  4046.530029  4050.909912  4044.870117  4049.219971  4049.219971   93220781
2023-01-31 13:00:00-05:00  4049.219971  4050.919922  4045.689941  4049.129883  4049.129883   91657499
2023-01-31 13:30:00-05:00  4049.129883  4054.889893  4047.280029  4054.469971  4054.469971   97312251
2023-01-31 14:00:00-05:00  4054.479980  4057.320068  4053.520020  4055.429932  4055.429932  105371734
2023-01-31 14:30:00-05:00  4055.409912  4059.399902  4053.840088  4057.100098  4057.100098  108078487
2023-01-31 15:00:00-05:00  4057.149902  4060.489990  4049.070068  4049.719971  4049.719971  141334479
2023-01-31 15:30:00-05:00  4049.770020  4076.830078  4049.729980  4076.610107  4076.610107  406876101
2023-02-01 09:30:00-05:00  4070.070068  4076.709961  4060.409912  4074.290039  4074.290039  283886683
2023-02-01 10:00:00-05:00  4074.469971  4075.580078  4061.070068  4068.479980  4068.479980  197475018
2023-02-01 10:30:00-05:00  4068.510010  4070.969971  4052.370117  4053.320068  4053.320068  169862701
2023-02-01 11:00:00-05:00  4053.350098  4065.510010  4052.290039  4064.739990  4064.739990  138079959
2023-02-01 11:30:00-05:00  4064.719971  4067.199951  4058.280029  4058.290039  4058.290039  118960386
2023-02-01 12:00:00-05:00  4058.399902  4058.750000  4050.250000  4054.870117  4054.870117  112370655
2023-02-01 12:30:00-05:00  4054.850098  4056.479980  4052.850098  4053.729980  4053.729980  101170327
2023-02-01 13:00:00-05:00  4053.739990  4058.070068  4052.469971  4057.830078  4057.830078  103924360
2023-02-01 13:30:00-05:00  4057.870117  4065.370117  4054.439941  4059.500000  4059.500000  110190995
2023-02-01 14:00:00-05:00  4059.750000  4072.479980  4044.469971  4059.469971  4059.469971  170783394
2023-02-01 14:30:00-05:00  4059.419922  4114.750000  4037.199951  4103.740234  4103.740234  298192260
2023-02-01 15:00:00-05:00  4103.669922  4130.350098  4103.669922  4125.279785  4125.279785  248868828
2023-02-01 15:30:00-05:00  4125.290039  4148.950195  4112.959961  4119.189941  4119.189941  466833878
2023-02-02 09:30:00-05:00  4158.680176  4163.379883  4146.520020  4148.160156  4148.160156  347109267
2023-02-02 10:00:00-05:00  4148.009766  4160.979980  4141.879883  4159.089844  4159.089844  260427850