                                  Open         High          Low        Close    Adj Close     Volume
2022-11-03 10:30:00-04:00  3735.889893  3744.760010  3721.679932  3726.959961  3726.959961          0
2022-11-03 11:30:00-04:00  3726.929932  3744.179932  3720.080078  3740.260010  3740.260010  304403880
2022-11-03 12:30:00-04:00  3740.300049  3750.590088  3733.320068  3738.100098  3738.100098  256769940
2022-11-03 13:30:00-04:00  3738.129883  3742.760010  3728.580078  3742.600098  3742.600098  238368026
2022-11-03 14:30:00-04:00  3742.590088  3745.320068  3735.810059  3741.250000  3741.250000  282716193
2022-11-03 15:30:00-04:00  3741.250000  3744.060059  3718.469971  3719.800049  3719.800049  414905239
2022-11-04 09:30:00-04:00  3779.209961  3788.840088  3731.500000  3787.409912  3787.409912  641752596
2022-11-04 10:30:00-04:00  3784.479980  3796.070068  3750.080078  3750.750000  3750.750000  385170979
2022-11-04 11:30:00-04:00  3750.739990  3756.040039  3709.909912  3735.699951  3735.699951  350616238
2022-11-04 12:30:00-04:00  3735.620117  3737.100098  3710.110107  3719.479980  3719.479980  277438448
2022-11-04 13:30:00-04:00  3719.479980  3732.969971  3708.840088  3730.500000  3730.500000  261848688
2022-11-04 14:30:00-04:00  3730.399902  3760.260010  3727.709961  3753.689941  3753.689941  320766076
2022-11-04 15:30:00-04:00  3753.629883  3772.679932  3749.689941  3770.419922  3770.419922  399878259
2022-11-07 09:30:00-05:00  3780.709961  3791.520020  3764.699951  3776.030029  3776.030029  507113054
2022-11-07 10:30:00-05:00  3776.330078  3788.750000  3771.679932  3786.639893  3786.639893  323403315
2022-11-07 11:30:00-05:00  3786.540039  3789.530029  3767.120117  3779.739990  3779.739990  246709905
2022-11-07 12:30:00-05:00  3779.750000  3787.780029  3774.280029  3784.209961  3784.209961  204848928
2022-11-07 13:30:00-05:00  3784.239990  3804.060059  3780.050049  3803.020020  3803.020020  221920142
2022-11-07 14:30:00-05:00  3803.629883  3811.580078  3801.340088  3810.239990  3810.239990  286212797
2022-11-07 15:30:00-05:00  3810.239990  3813.949951  3802.189941  3807.370117  3807.370117  299501576
2022-11-08 09:30:00-05:00  3817.020020  3831.050049  3803.780029  3827.629883  3827.629883  488241044
2022-11-08 10:30:00-05:00  3827.909912  3849.780029  3827.889893  3849.510010  3849.510010  325708395
2022-11-08 11:30:00-05:00  3849.060059  3859.399902  3848.199951  3852.100098  3852.100098  263219838
2022-11-08 12:30:00-05:00  3852.100098  3858.550049  3825.229980  3826.909912  3826.909912  237144387
2022-11-08 13:30:00-05:00  3826.780029  3833.590088  3789.870117  3789.889893  3789.889893  282766674
2022-11-08 14:30:00-05:00  3789.889893  3837.419922  3786.280029  3837.330078  3837.330078  295851208
2022-11-08 15:30:00-05:00  3837.330078  3849.000000  3826.389893  3828.340088  3828.340088  292170512
2022-11-09 09:30:00-05:00  3810.939941  3818.199951  3790.580078  3803.149902  3803.149902          0
2022-11-09 10:30:00-05:00  3803.169922  3806.679932  3786.739990  3799.229980  3799.229980  299090694
2022-11-09 11:30:00-05:00  3799.169922  3809.260010  3788.699951  3790.909912  3790.909912  226828247
2022-11-09 12:30:00-05:00  3790.820068  3796.659912  3779.209961  3779.909912  3779.909912  233444730
2022-11-09 13:30:00-05:00  3779.929932  3779.929932  3762.320068  3771.350098  3771.350098  254292181
2022-11-09 14:30:00-05:00  3771.379883  3771.379883  3753.719971  3760.780029  3760.780029  283209855
2022-11-09 15:30:00-05:00  3760.830078  3761.219971  3744.219971  3749.159912  3749.159912  311079801
2022-11-10 09:30:00-05:00  3859.889893  3912.139893  3859.889893  3905.110107  3905.110107  654951793
2022-11-10 10:30:00-05:00  3905.070068  3907.120117  3891.790039  3893.830078  3893.830078   72247744