                                  Open         High          Low        Close    Adj Close     Volume
2022-11-23 10:30:00-05:00  4023.610107  4029.659912  4023.300049  4025.959961  4025.959961          0
2022-11-23 11:30:00-05:00  4025.959961  4025.959961  4003.449951  4012.689941  4012.689941  184108287
2022-11-23 12:30:00-05:00  4012.689941  4013.939941  3998.659912  4011.129883  4011.129883  141888616
2022-11-23 13:30:00-05:00  4011.189941  4032.979980  4007.979980  4028.669922  4028.669922  183765099
2022-11-23 14:30:00-05:00  4028.679932  4033.780029  4018.169922  4029.040039  4029.040039  184591760
2022-11-23 15:30:00-05:00  4029.050049  4029.050049  4022.260010  4027.860107  4027.860107  222324619
2022-11-25 09:30:00-05:00  4023.340088  4032.929932  4020.760010  4029.899902  4029.899902          0
2022-11-25 10:30:00-05:00  4029.850098  4034.020020  4027.310059  4027.909912  4027.909912  169201895
2022-11-25 11:30:00-05:00  4027.909912  4030.870117  4025.050049  4029.959961  4029.959961  149621931
2022-11-25 13:00:00-05:00  4029.979980  4030.100098  4023.169922  4026.120117  4026.120117  271172485
2022-11-28 09:30:00-05:00  4005.360107  4012.270020  3993.959961  3998.040039  3998.040039          0
2022-11-28 10:30:00-05:00  3998.050049  3999.989990  3987.270020  3989.860107  3989.860107  221386925
2022-11-28 11:30:00-05:00  3990.030029  3997.600098  3981.939941  3990.270020  3990.270020  203130036
2022-11-28 12:30:00-05:00  3990.280029  3994.419922  3980.189941  3982.949951  3982.949951  158172992
2022-11-28 13:30:00-05:00  3982.899902  3983.060059  3963.929932  3964.669922  3964.669922  173500963
2022-11-28 14:30:00-05:00  3964.659912  3968.449951  3955.770020  3956.810059  3956.810059  211150577
2022-11-28 15:30:00-05:00  3956.810059  3966.679932  3955.959961  3964.560059  3964.560059  317775022
2022-11-29 09:30:00-05:00  3964.189941  3974.030029  3957.129883  3974.030029  3974.030029          0
2022-11-29 10:30:00-05:00  3974.090088  3976.770020  3937.649902  3941.189941  3941.189941  262058056
2022-11-29 11:30:00-05:00  3941.229980  3951.060059  3939.639893  3947.189941  3947.189941  184321204
2022-11-29 12:30:00-05:00  3947.179932  3956.350098  3944.330078  3944.330078  3944.330078  164144612
2022-11-29 13:30:00-05:00  3944.310059  3964.090088  3943.969971  3951.979980  3951.979980  175405938
2022-11-29 14:30:00-05:00  3951.969971  3957.129883  3946.550049  3953.780029  3953.780029  196656565
2022-11-29 15:30:00-05:00  3953.770020  3959.300049  3952.290039  3957.350098  3957.350098  279149329
2022-11-30 09:30:00-05:00  3957.179932  3965.250000  3942.689941  3944.389893  3944.389893  347629997
2022-11-30 10:30:00-05:00  3944.419922  3950.570068  3943.389893  3946.199951  3946.199951   67059239