                                  Open         High          Low        Close    Adj Close     Volume
2022-11-21 10:30:00-05:00  3944.040039  3947.590088  3937.030029  3941.669922  3941.669922          0
2022-11-21 11:30:00-05:00  3942.090088  3945.909912  3933.340088  3941.489990  3941.489990  227794142
2022-11-21 12:30:00-05:00  3941.429932  3956.659912  3941.020020  3954.379883  3954.379883  194992798
2022-11-21 13:30:00-05:00  3954.409912  3960.360107  3950.300049  3951.830078  3951.830078  175008191
2022-11-21 14:30:00-05:00  3951.610107  3954.229980  3945.239990  3947.510010  3947.510010  200319381
2022-11-21 15:30:00-05:00  3947.500000  3955.679932  3946.090088  3950.250000  3950.250000  244590836
2022-11-22 09:30:00-05:00  3965.510010  3978.500000  3956.879883  3975.550049  3975.550049  390670359
2022-11-22 10:30:00-05:00  3975.709961  3982.409912  3970.840088  3978.399902  3978.399902  250942207
2022-11-22 11:30:00-05:00  3978.439941  3983.280029  3973.790039  3979.379883  3979.379883  184289606
2022-11-22 12:30:00-05:00  3979.330078  3989.840088  3978.479980  3989.340088  3989.340088  160307734
2022-11-22 13:30:00-05:00  3989.310059  3991.899902  3986.580078  3990.219971  3990.219971  170239687
2022-11-22 14:30:00-05:00  3990.040039  4000.120117  3988.060059  3999.500000  3999.500000  201664664
2022-11-22 15:30:00-05:00  3999.489990  4005.879883  3998.659912  4003.649902  4003.649902  294174112
2022-11-23 09:30:00-05:00  4000.300049  4025.389893  3999.120117  4023.560059  4023.560059  343575432
2022-11-23 10:30:00-05:00  4023.610107  4029.659912  4023.300049  4025.959961  4025.959961  235990415
2022-11-23 11:30:00-05:00  4025.959961  4025.959961  4003.449951  4012.689941  4012.689941  184108287
2022-11-23 12:30:00-05:00  4012.689941  4013.939941  3998.659912  4011.129883  4011.129883  141888616
2022-11-23 13:30:00-05:00  4011.189941  4032.979980  4007.979980  4028.669922  4028.669922  183765099
2022-11-23 14:30:00-05:00  4028.679932  4033.780029  4018.169922  4029.040039  4029.040039  184591760
2022-11-23 15:30:00-05:00  4029.050049  4029.050049  4022.260010  4027.860107  4027.860107  222324619
2022-11-25 09:30:00-05:00  4023.340088  4032.929932  4020.760010  4029.899902  4029.899902          0
2022-11-25 10:30:00-05:00  4029.850098  4034.020020  4027.310059  4027.909912  4027.909912  169201895
2022-11-25 11:30:00-05:00  4027.909912  4030.870117  4025.050049  4029.959961  4029.959961  149621931
2022-11-25 13:00:00-05:00  4029.979980  4030.100098  4023.169922  4026.120117  4026.120117  271172485
2022-11-28 09:30:00-05:00  4005.360107  4012.270020  3993.959961  3998.040039  3998.040039  336083779
2022-11-28 10:30:00-05:00  3998.050049  3999.969971  3996.139893  3999.300049  3999.300049   35236879