                                  Open         High          Low        Close    Adj Close     Volume
2022-10-18 10:30:00-04:00  3730.449951  3735.149902  3692.189941  3697.489990  3697.489990          0
2022-10-18 11:30:00-04:00  3697.429932  3718.260010  3686.530029  3710.060059  3710.060059  278529004
2022-10-18 12:30:00-04:00  3710.050049  3724.530029  3703.350098  3721.510010  3721.510010  231545359
2022-10-18 13:30:00-04:00  3722.570068  3733.860107  3720.830078  3729.639893  3729.639893  227946131
2022-10-18 14:30:00-04:00  3729.750000  3729.879883  3692.520020  3707.429932  3707.429932  313364903
2022-10-18 15:30:00-04:00  3707.260010  3722.409912  3705.719971  3721.800049  3721.800049  344424302
2022-10-19 09:30:00-04:00  3703.110107  3728.580078  3690.250000  3726.360107  3726.360107  473284930
2022-10-19 10:30:00-04:00  3726.370117  3728.580078  3703.260010  3705.959961  3705.959961  301219365
2022-10-19 11:30:00-04:00  3706.060059  3713.550049  3691.260010  3693.000000  3693.000000  230001201
2022-10-19 12:30:00-04:00  3693.000000  3699.479980  3666.510010  3676.850098  3676.850098  242051637
2022-10-19 13:30:00-04:00  3676.820068  3694.870117  3671.969971  3691.600098  3691.600098  225636907
2022-10-19 14:30:00-04:00  3691.610107  3696.929932  3680.219971  3687.610107  3687.610107  263076988
2022-10-19 15:30:00-04:00  3687.600098  3696.949951  3684.610107  3695.959961  3695.959961  335208209
2022-10-20 09:30:00-04:00  3689.050049  3736.000000  3680.590088  3731.510010  3731.510010          0
2022-10-20 10:30:00-04:00  3731.530029  3734.169922  3709.719971  3713.239990  3713.239990  328787103
2022-10-20 11:30:00-04:00  3713.169922  3724.290039  3689.070068  3691.810059  3691.810059  278750885
2022-10-20 12:30:00-04:00  3691.760010  3694.600098  3674.209961  3681.699951  3681.699951  249950587
2022-10-20 13:30:00-04:00  3681.580078  3681.820068  3656.989990  3658.050049  3658.050049  241182146
2022-10-20 14:30:00-04:00  3657.860107  3675.879883  3656.689941  3663.340088  3663.340088  283656824
2022-10-20 15:30:00-04:00  3663.149902  3675.189941  3656.439941  3665.229980  3665.229980  351059081
2022-10-21 09:30:00-04:00  3657.100098  3715.280029  3647.419922  3683.219971  3683.219971          0
2022-10-21 10:30:00-04:00  3683.189941  3694.080078  3668.870117  3687.530029  3687.530029  356534703
2022-10-21 11:30:00-04:00  3687.610107  3721.429932  3686.699951  3704.090088  3704.090088  318830325
2022-10-21 12:30:00-04:00  3704.070068  3729.389893  3703.379883  3723.439941  3723.439941  250771879
2022-10-21 13:30:00-04:00  3723.399902  3743.280029  3722.959961  3735.860107  3735.860107  257289205
2022-10-21 14:30:00-04:00  3735.879883  3756.709961  3732.000000  3756.510010  3756.510010  293450797
2022-10-21 15:30:00-04:00  3756.489990  3757.889893  3749.479980  3752.750000  3752.750000  418602250
2022-10-24 09:30:00-04:00  3762.010010  3796.659912  3741.649902  3756.030029  3756.030029          0
2022-10-24 10:30:00-04:00  3755.979980  3779.360107  3752.110107  3777.729980  3777.729980  349207510
2022-10-24 11:30:00-04:00  3777.639893  3796.600098  3773.100098  3791.370117  3791.370117  266800857
2022-10-24 12:30:00-04:00  3791.399902  3793.979980  3777.679932  3780.790039  3780.790039  219191930
2022-10-24 13:30:00-04:00  3780.750000  3792.360107  3776.909912  3790.800049  3790.800049  223245467
2022-10-24 14:30:00-04:00  3790.739990  3810.739990  3790.379883  3807.030029  3807.030029  277903405
2022-10-24 15:30:00-04:00  3807.050049  3807.709961  3791.709961  3797.790039  3797.790039  322344746
2022-10-25 09:30:00-04:00  3799.439941  3838.060059  3799.439941  3837.969971  3837.969971  485194544
2022-10-25 10:30:00-04:00  3838.060059  3838.340088  3829.379883  3830.489990  3830.489990   57346451