                                  Open         High          Low        Close    Adj Close     Volume
2023-03-13 10:30:00-04:00  3842.909912  3900.830078  3842.909912  3899.659912  3899.659912          0
2023-03-13 11:30:00-04:00  3899.729980  3905.050049  3874.530029  3882.209961  3882.209961  459917644
2023-03-13 12:30:00-04:00  3881.840088  3889.649902  3857.469971  3866.889893  3866.889893  377714990
2023-03-13 13:30:00-04:00  3866.879883  3893.949951  3858.760010  3887.550049  3887.550049  375451497
2023-03-13 14:30:00-04:00  3887.699951  3897.570068  3858.350098  3862.969971  3862.969971  415478921
2023-03-13 15:30:00-04:00  3862.689941  3879.689941  3854.100098  3855.540039  3855.540039  462479493
2023-03-14 09:30:00-04:00  3908.070068  3925.469971  3894.010010  3925.469971  3925.469971  617159946
2023-03-14 10:30:00-04:00  3925.350098  3937.270020  3922.709961  3934.139893  3934.139893  386400695
2023-03-14 11:30:00-04:00  3934.060059  3937.290039  3918.000000  3919.500000  3919.500000  307947240
2023-03-14 12:30:00-04:00  3919.419922  3926.310059  3888.149902  3899.510010  3899.510010  353321465
2023-03-14 13:30:00-04:00  3899.449951  3906.020020  3880.479980  3896.449951  3896.449951  349886279
2023-03-14 14:30:00-04:00  3896.449951  3901.260010  3873.629883  3884.750000  3884.750000  368427881
2023-03-14 15:30:00-04:00  3884.770020  3923.830078  3882.439941  3919.699951  3919.699951  424526625
2023-03-15 09:30:00-04:00  3876.739990  3877.159912  3852.590088  3862.840088  3862.840088          0
2023-03-15 10:30:00-04:00  3861.050049  3873.810059  3844.560059  3864.060059  3864.060059  440235802
2023-03-15 11:30:00-04:00  3863.770020  3874.360107  3843.790039  3849.280029  3849.280029  369741945
2023-03-15 12:30:00-04:00  3849.459961  3865.780029  3838.239990  3864.850098  3864.850098  355523129
2023-03-15 13:30:00-04:00  3864.810059  3894.179932  3852.500000  3885.260010  3885.260010  372242526
2023-03-15 14:30:00-04:00  3885.149902  3894.260010  3874.889893  3888.239990  3888.239990  445828763
2023-03-15 15:30:00-04:00  3888.370117  3893.060059  3869.110107  3893.060059  3893.060059  449349311
2023-03-16 09:30:00-04:00  3870.169922  3889.459961  3864.110107  3878.570068  3878.570068  582338341
2023-03-16 10:30:00-04:00  3878.679932  3933.320068  3877.020020  3930.179932  3930.179932  527476971
2023-03-16 11:30:00-04:00  3930.590088  3944.709961  3925.850098  3938.510010  3938.510010  410070110
2023-03-16 12:30:00-04:00  3938.419922  3961.510010  3930.959961  3952.080078  3952.080078  408559035
2023-03-16 13:30:00-04:00  3951.979980  3953.370117  3941.090088  3947.540039  3947.540039  329668424
2023-03-16 14:30:00-04:00  3947.500000  3961.189941  3937.489990  3960.370117  3960.370117  380977263
2023-03-16 15:30:00-04:00  3960.449951  3964.459961  3953.899902  3959.709961  3959.709961  460774616
2023-03-17 09:30:00-04:00  3958.689941  3958.909912  3921.570068  3927.010010  3927.010010  916822226
2023-03-17 10:30:00-04:00  3927.120117  3929.510010  3905.649902  3910.989990  3910.989990  415924922
2023-03-17 11:30:00-04:00  3910.939941  3923.229980  3901.679932  3922.389893  3922.389893  319170431
2023-03-17 12:30:00-04:00  3922.399902  3932.469971  3914.709961  3924.379883  3924.379883  281863893
2023-03-17 13:30:00-04:00  3924.389893  3929.449951  3905.090088  3906.479980  3906.479980  320145827
2023-03-17 14:30:00-04:00  3906.260010  3923.739990  3901.270020  3922.639893  3922.639893  398386706
2023-03-17 15:30:00-04:00  3922.780029  3922.860107  3910.360107  3916.469971  3916.469971  521223391
2023-03-20 09:30:00-04:00  3917.469971  3942.199951  3916.889893  3939.010010  3939.010010  503350533
2023-03-20 10:30:00-04:00  3939.070068  3942.310059  3935.179932  3935.290039  3935.290039   63912540