                                  Open         High          Low        Close    Adj Close     Volume
2022-12-01 10:30:00-05:00  4055.659912  4079.090088  4050.870117  4067.909912  4067.909912          0
2022-12-01 11:30:00-05:00  4067.689941  4076.590088  4058.850098  4072.899902  4072.899902  219163178
2022-12-01 12:30:00-05:00  4072.899902  4082.469971  4068.270020  4069.620117  4069.620117  185134128
2022-12-01 13:30:00-05:00  4069.620117  4078.469971  4066.600098  4076.409912  4076.409912  198265976
2022-12-01 14:30:00-05:00  4076.379883  4085.780029  4074.169922  4076.600098  4076.600098  230881937
2022-12-01 15:30:00-05:00  4076.580078  4087.300049  4075.820068  4076.959961  4076.959961  321266838
2022-12-02 09:30:00-05:00  4040.169922  4048.629883  4026.629883  4039.090088  4039.090088          0
2022-12-02 10:30:00-05:00  4039.110107  4051.879883  4036.010010  4049.870117  4049.870117  262084448
2022-12-02 11:30:00-05:00  4049.919922  4064.949951  4048.040039  4057.760010  4057.760010  201107879
2022-12-02 12:30:00-05:00  4057.780029  4058.979980  4046.439941  4052.070068  4052.070068  178485107
2022-12-02 13:30:00-05:00  4052.070068  4056.689941  4048.010010  4054.689941  4054.689941  162785585
2022-12-02 14:30:00-05:00  4054.669922  4080.479980  4052.570068  4070.719971  4070.719971  246117241
2022-12-02 15:30:00-05:00  4070.729980  4073.110107  4061.010010  4071.550049  4071.550049  299384527
2022-12-05 09:30:00-05:00  4052.020020  4052.449951  4020.699951  4030.379883  4030.379883          0
2022-12-05 10:30:00-05:00  4030.310059  4041.800049  4025.229980  4027.239990  4027.239990  268894030
2022-12-05 11:30:00-05:00  4027.250000  4027.560059  4009.860107  4016.360107  4016.360107  222760093
2022-12-05 12:30:00-05:00  4016.250000  4016.959961  4003.199951  4005.739990  4005.739990  203289497
2022-12-05 13:30:00-05:00  4006.149902  4010.840088  3989.699951  3990.840088  3990.840088  203330713
2022-12-05 14:30:00-05:00  3990.820068  3996.739990  3984.489990  3989.120117  3989.120117  235648722
2022-12-05 15:30:00-05:00  3989.030029  4001.399902  3988.979980  3999.149902  3999.149902  277312822
2022-12-06 09:30:00-05:00  3996.629883  4001.510010  3960.689941  3961.000000  3961.000000          0
2022-12-06 10:30:00-05:00  3961.040039  3962.969971  3948.330078  3956.350098  3956.350098  292727615
2022-12-06 11:30:00-05:00  3956.360107  3960.120117  3942.649902  3947.969971  3947.969971  221698380
2022-12-06 12:30:00-05:00  3947.959961  3949.020020  3930.550049  3931.290039  3931.290039  203524665
2022-12-06 13:30:00-05:00  3931.270020  3939.409912  3923.659912  3923.659912  3923.659912  234962660
2022-12-06 14:30:00-05:00  3923.649902  3934.199951  3918.389893  3922.979980  3922.979980  272271012
2022-12-06 15:30:00-05:00  3922.969971  3943.860107  3922.840088  3941.500000  3941.500000  307506973
2022-12-07 09:30:00-05:00  3933.280029  3954.310059  3922.679932  3948.489990  3948.489990  432285685
2022-12-07 10:30:00-05:00  3948.510010  3957.570068  3927.449951  3928.610107  3928.610107  284809741
2022-12-07 11:30:00-05:00  3928.469971  3938.439941  3925.979980  3931.080078  3931.080078  212162177
2022-12-07 12:30:00-05:00  3931.090088  3947.120117  3929.250000  3943.659912  3943.659912  187012344
2022-12-07 13:30:00-05:00  3943.639893  3943.639893  3925.679932  3933.080078  3933.080078  182357598
2022-12-07 14:30:00-05:00  3933.100098  3938.800049  3923.000000  3929.370117  3929.370117  214257161
2022-12-07 15:30:00-05:00  3929.360107  3936.270020  3928.850098  3933.449951  3933.449951  252452680
2022-12-08 09:30:00-05:00  3947.790039  3972.699951  3935.830078  3970.580078  3970.580078  370307584
2022-12-08 10:30:00-05:00  3970.790039  3974.189941  3965.729980  3970.239990  3970.239990   49901308