                                  Open         High          Low        Close    Adj Close     Volume
2023-03-17 10:30:00-04:00  3927.120117  3929.510010  3905.649902  3910.989990  3910.989990          0
2023-03-17 11:30:00-04:00  3910.939941  3923.229980  3901.679932  3922.389893  3922.389893  319170431
2023-03-17 12:30:00-04:00  3922.399902  3932.469971  3914.709961  3924.379883  3924.379883  281863893
2023-03-17 13:30:00-04:00  3924.389893  3929.449951  3905.090088  3906.479980  3906.479980  320145827
2023-03-17 14:30:00-04:00  3906.260010  3923.739990  3901.270020  3922.639893  3922.639893  398386706
2023-03-17 15:30:00-04:00  3922.780029  3922.860107  3910.360107  3916.469971  3916.469971  521223391
2023-03-20 09:30:00-04:00  3917.469971  3942.199951  3916.889893  3939.010010  3939.010010  583879030
2023-03-20 10:30:00-04:00  3939.070068  3956.530029  3933.860107  3955.770020  3955.770020  355326378
2023-03-20 11:30:00-04:00  3955.870117  3956.620117  3923.379883  3932.889893  3932.889893  309084206
2023-03-20 12:30:00-04:00  3932.959961  3953.580078  3932.750000  3948.689941  3948.689941  262942483
2023-03-20 13:30:00-04:00  3948.659912  3952.199951  3939.350098  3945.129883  3945.129883  257121706
2023-03-20 14:30:00-04:00  3945.209961  3947.719971  3935.639893  3945.270020  3945.270020  303873550
2023-03-20 15:30:00-04:00  3945.209961  3956.270020  3943.850098  3950.830078  3950.830078  379455193
2023-03-21 09:30:00-04:00  3975.889893  3998.510010  3975.889893  3979.610107  3979.610107          0
2023-03-21 10:30:00-04:00  3979.639893  3988.120117  3974.280029  3984.419922  3984.419922  350973966
2023-03-21 11:30:00-04:00  3984.389893  3987.939941  3971.189941  3980.800049  3980.800049  292812871
2023-03-21 12:30:00-04:00  3980.600098  3985.330078  3976.310059  3984.750000  3984.750000  254620660
2023-03-21 13:30:00-04:00  3984.770020  3989.040039  3977.909912  3985.790039  3985.790039  267282854
2023-03-21 14:30:00-04:00  3985.810059  4000.159912  3984.479980  3997.659912  3997.659912  305097561
2023-03-21 15:30:00-04:00  3997.620117  4009.080078  3995.879883  4002.409912  4002.409912  381333244
2023-03-22 09:30:00-04:00  4002.040039  4013.429932  3995.699951  4013.030029  4013.030029          0
2023-03-22 10:30:00-04:00  4012.879883  4014.110107  3999.820068  4003.860107  4003.860107  260731792
2023-03-22 11:30:00-04:00  4003.860107  4006.719971  3995.679932  3997.770020  3997.770020  225863332
2023-03-22 12:30:00-04:00  3997.739990  3998.649902  3989.189941  3997.149902  3997.149902  190779606
2023-03-22 13:30:00-04:00  3997.169922  4031.429932  3996.429932  4014.540039  4014.540039  317280260
2023-03-22 14:30:00-04:00  4014.459961  4039.489990  3972.810059  4004.500000  4004.500000  506184079
2023-03-22 15:30:00-04:00  4004.540039  4006.280029  3936.340088  3936.520020  3936.520020  421756053
2023-03-23 09:30:00-04:00  3959.209961  3987.330078  3959.209961  3982.050049  3982.050049  438606555
2023-03-23 10:30:00-04:00  3982.060059  4007.659912  3979.020020  3994.340088  3994.340088  313684258
2023-03-23 11:30:00-04:00  3994.350098  4001.110107  3986.580078  3991.280029  3991.280029  276249847
2023-03-23 12:30:00-04:00  3991.280029  3994.689941  3963.159912  3967.899902  3967.899902  272259027
2023-03-23 13:30:00-04:00  3967.870117  3976.149902  3943.290039  3943.290039  3943.290039  266653352
2023-03-23 14:30:00-04:00  3943.219971  3960.820068  3919.050049  3933.030029  3933.030029  431959904
2023-03-23 15:30:00-04:00  3933.100098  3963.540039  3927.620117  3947.790039  3947.790039  390481287
2023-03-24 09:30:00-04:00  3939.209961  3940.129883  3909.979980  3938.639893  3938.639893  458780190
2023-03-24 10:30:00-04:00  3938.790039  3943.330078  3932.000000  3935.080078  3935.080078   54110656