                                  Open         High          Low        Close    Adj Close      Volume
2022-10-17 09:30:00-04:00  3647.469971  3689.729980  3647.469971  3677.780029  3677.780029           0
2022-10-17 10:30:00-04:00  3677.750000  3681.189941  3657.820068  3674.149902  3674.149902   333355325
2022-10-17 11:30:00-04:00  3674.129883  3686.199951  3671.909912  3679.229980  3679.229980   241936129
2022-10-17 12:30:00-04:00  3679.169922  3684.129883  3670.649902  3680.580078  3680.580078   211392000
2022-10-17 13:30:00-04:00  3680.580078  3689.129883  3673.570068  3677.550049  3677.550049   225449598
2022-10-17 14:30:00-04:00  3677.659912  3683.939941  3673.159912  3680.219971  3680.219971   259758562
2022-10-17 15:30:00-04:00  3680.280029  3686.300049  3674.149902  3678.399902  3678.399902   348211109
2022-10-18 09:30:00-04:00  3746.260010  3762.790039  3730.129883  3730.469971  3730.469971   582814148
2022-10-18 10:30:00-04:00  3730.449951  3735.149902  3692.189941  3697.489990  3697.489990   350788358
2022-10-18 11:30:00-04:00  3697.429932  3718.260010  3686.530029  3710.060059  3710.060059   278529004
2022-10-18 12:30:00-04:00  3710.050049  3724.530029  3703.350098  3721.510010  3721.510010   231545359
2022-10-18 13:30:00-04:00  3722.570068  3733.860107  3720.830078  3729.820068  3729.820068           0
2022-10-18 14:30:00-04:00  3729.600098  3729.709961  3692.520020  3706.260010  3706.260010  2006039590
2022-10-18 15:30:00-04:00  3707.060059  3722.409912  3707.060059  3721.800049  3721.800049   346915861
2022-10-19 09:30:00-04:00  3703.110107  3728.580078  3690.250000  3726.360107  3726.360107   473284930
2022-10-19 10:30:00-04:00  3726.370117  3728.580078  3703.260010  3705.959961  3705.959961   301219365
2022-10-19 11:30:00-04:00  3706.060059  3713.550049  3692.080078  3693.000000  3693.000000   230001201
2022-10-19 12:30:00-04:00  3693.000000  3699.479980  3666.510010  3676.850098  3676.850098   242051637
2022-10-19 13:30:00-04:00  3676.820068  3694.870117  3672.300049  3691.120117  3691.120117   224515014
2022-10-19 14:30:00-04:00  3690.679932  3696.929932  3680.219971  3687.610107  3687.610107   264198881
2022-10-19 15:30:00-04:00  3687.600098  3696.949951  3684.610107  3695.959961  3695.959961   335208209
2022-10-20 09:30:00-04:00  3689.050049  3735.389893  3680.590088  3731.510010  3731.510010           0
2022-10-20 10:30:00-04:00  3731.530029  3734.169922  3709.719971  3713.239990  3713.239990   328787103
2022-10-20 11:30:00-04:00  3713.169922  3724.290039  3689.070068  3691.810059  3691.810059   278750885
2022-10-20 12:30:00-04:00  3691.760010  3694.600098  3674.209961  3681.699951  3681.699951   249950587
2022-10-20 13:30:00-04:00  3681.580078  3681.820068  3656.989990  3658.050049  3658.050049   241182146
2022-10-20 14:30:00-04:00  3657.860107  3675.879883  3656.689941  3663.340088  3663.340088   283656824
2022-10-20 15:30:00-04:00  3663.149902  3675.189941  3656.439941  3665.229980  3665.229980   351059081
2022-10-21 09:30:00-04:00  3657.100098  3715.280029  3647.419922  3683.219971  3683.219971   638807439
2022-10-21 10:30:00-04:00  3683.189941  3694.080078  3668.870117  3687.530029  3687.530029   356534703
2022-10-21 11:30:00-04:00  3687.610107  3721.429932  3686.699951  3704.090088  3704.090088   318830325
2022-10-21 12:30:00-04:00  3704.070068  3729.389893  3703.379883  3723.439941  3723.439941   250771879
2022-10-21 13:30:00-04:00  3723.399902  3743.280029  3722.959961  3735.860107  3735.860107   257289205
2022-10-21 14:30:00-04:00  3735.879883  3756.709961  3732.000000  3756.510010  3756.510010   293450797
2022-10-21 15:30:00-04:00  3756.489990  3757.889893  3749.479980  3752.750000  3752.750000   418602250
2022-10-21 16:00:00-04:00  3752.750000  3752.750000  3752.750000  3752.750000  3752.750000           0