                                  Open         High          Low        Close    Adj Close      Volume
2022-10-05 10:30:00-04:00  3728.429932  3740.590088  3722.659912  3737.659912  3737.659912           0
2022-10-05 11:30:00-04:00  3737.810059  3764.090088  3735.699951  3757.860107  3757.860107   279348605
2022-10-05 12:30:00-04:00  3757.830078  3787.669922  3755.189941  3779.840088  3779.840088   240149103
2022-10-05 13:30:00-04:00  3779.760010  3784.590088  3770.169922  3782.929932  3782.929932   224643588
2022-10-05 14:30:00-04:00  3783.050049  3806.909912  3778.320068  3797.800049  3797.800049   288193823
2022-10-05 15:30:00-04:00  3797.830078  3801.149902  3777.750000  3783.389893  3783.389893   360442611
2022-10-06 09:30:00-04:00  3771.969971  3797.929932  3748.530029  3748.739990  3748.739990   507284661
2022-10-06 10:30:00-04:00  3748.639893  3779.439941  3746.580078  3776.120117  3776.120117   344424337
2022-10-06 11:30:00-04:00  3776.330078  3779.919922  3751.850098  3764.360107  3764.360107   261688842
2022-10-06 12:30:00-04:00  3764.409912  3774.260010  3759.409912  3769.550049  3769.550049   225000076
2022-10-06 13:30:00-04:00  3769.530029  3769.530029  3752.479980  3755.659912  3755.659912   225146820
2022-10-06 14:30:00-04:00  3755.689941  3760.580078  3739.219971  3753.270020  3753.270020           0
2022-10-06 15:30:00-04:00  3757.030029  3757.030029  3741.219971  3744.600098  3744.600098  2212317302
2022-10-07 09:30:00-04:00  3706.739990  3706.739990  3659.409912  3673.290039  3673.290039   494091749
2022-10-07 10:30:00-04:00  3673.250000  3681.899902  3662.739990  3669.429932  3669.429932   321634306
2022-10-07 11:30:00-04:00  3669.479980  3671.979980  3653.620117  3654.139893  3654.139893   262741343
2022-10-07 12:30:00-04:00  3654.389893  3654.389893  3642.510010  3649.979980  3649.979980   237059164
2022-10-07 13:30:00-04:00  3648.209961  3654.169922  3637.860107  3638.120117  3638.120117   240546049
2022-10-07 14:30:00-04:00  3638.110107  3645.800049  3624.679932  3626.810059  3626.810059   298702588
2022-10-07 15:30:00-04:00  3626.969971  3643.239990  3620.729980  3640.379883  3640.379883   428166708
2022-10-10 09:30:00-04:00  3647.510010  3652.169922  3621.229980  3636.449951  3636.449951           0
2022-10-10 10:30:00-04:00  3636.179932  3639.669922  3604.780029  3614.659912  3614.659912   324104116
2022-10-10 11:30:00-04:00  3614.669922  3624.750000  3600.330078  3601.469971  3601.469971   239341613
2022-10-10 12:30:00-04:00  3601.449951  3604.040039  3588.100098  3600.929932  3600.929932   224718171
2022-10-10 13:30:00-04:00  3600.909912  3633.909912  3600.399902  3616.790039  3616.790039   253038095
2022-10-10 14:30:00-04:00  3616.969971  3630.350098  3612.310059  3618.760010  3618.760010   259831470
2022-10-10 15:30:00-04:00  3618.830078  3627.750000  3612.050049  3612.050049  3612.050049   277878321
2022-10-11 09:30:00-04:00  3595.860107  3598.149902  3568.449951  3578.530029  3578.530029           0
2022-10-11 10:30:00-04:00  3578.530029  3605.830078  3573.679932  3603.709961  3603.709961   348061640
2022-10-11 11:30:00-04:00  3603.979980  3627.570068  3603.399902  3623.510010  3623.510010   288009553
2022-10-11 12:30:00-04:00  3623.530029  3640.659912  3622.899902  3624.840088  3624.840088   256208088
2022-10-11 13:30:00-04:00  3624.889893  3631.969971  3616.280029  3622.739990  3622.739990   231244152
2022-10-11 14:30:00-04:00  3623.379883  3628.510010  3568.659912  3581.649902  3581.649902   351322310
2022-10-11 15:30:00-04:00  3581.659912  3592.840088  3575.719971  3589.159912  3589.159912   333308245
2022-10-12 09:30:00-04:00  3590.830078  3607.689941  3573.860107  3594.709961  3594.709961   407801454
2022-10-12 10:30:00-04:00  3594.729980  3601.620117  3590.939941  3592.270020  3592.270020   542779053