                                  Open         High          Low        Close    Adj Close     Volume
2023-01-18 10:30:00-05:00  4007.600098  4008.070068  3963.219971  3967.620117  3967.620117          0
2023-01-18 11:30:00-05:00  3967.300049  3967.300049  3949.239990  3950.409912  3950.409912  257419154
2023-01-18 12:30:00-05:00  3950.399902  3954.060059  3939.080078  3946.449951  3946.449951  223403084
2023-01-18 13:30:00-05:00  3946.439941  3953.649902  3944.209961  3950.669922  3950.669922  211103928
2023-01-18 14:30:00-05:00  3950.679932  3952.489990  3940.939941  3941.750000  3941.750000  245179625
2023-01-18 15:30:00-05:00  3941.739990  3941.770020  3926.590088  3928.879883  3928.879883  315353909
2023-01-19 09:30:00-05:00  3911.840088  3916.330078  3897.879883  3902.979980  3902.979980  465963750
2023-01-19 10:30:00-05:00  3902.979980  3902.979980  3888.389893  3890.600098  3890.600098  307841883
2023-01-19 11:30:00-05:00  3890.580078  3902.879883  3885.540039  3896.229980  3896.229980  245128080
2023-01-19 12:30:00-05:00  3896.159912  3908.879883  3892.179932  3903.580078  3903.580078  218686256
2023-01-19 13:30:00-05:00  3903.580078  3921.179932  3903.580078  3919.189941  3919.189941  234064296
2023-01-19 14:30:00-05:00  3919.219971  3922.939941  3911.989990  3915.060059  3915.060059  249988378
2023-01-19 15:30:00-05:00  3915.120117  3915.449951  3897.699951  3898.159912  3898.159912  296731586
2023-01-20 09:30:00-05:00  3909.040039  3922.989990  3897.860107  3922.510010  3922.510010  544116413
2023-01-20 10:30:00-05:00  3922.439941  3936.320068  3916.989990  3936.090088  3936.090088  270186777
2023-01-20 11:30:00-05:00  3936.139893  3937.199951  3929.219971  3933.510010  3933.510010  216503359
2023-01-20 12:30:00-05:00  3933.500000  3936.330078  3924.500000  3929.199951  3929.199951  195947369
2023-01-20 13:30:00-05:00  3929.199951  3952.169922  3929.199951  3951.870117  3951.870117  212682106
2023-01-20 14:30:00-05:00  3951.709961  3970.149902  3951.219971  3964.439941  3964.439941  263521810
2023-01-20 15:30:00-05:00  3964.449951  3972.959961  3961.280029  3971.780029  3971.780029  341313228
2023-01-23 09:30:00-05:00  3978.139893  4007.300049  3971.639893  4005.379883  4005.379883          0
2023-01-23 10:30:00-05:00  4005.399902  4033.110107  4004.399902  4021.629883  4021.629883  320349624
2023-01-23 11:30:00-05:00  4021.669922  4028.979980  4017.330078  4023.379883  4023.379883  251122906
2023-01-23 12:30:00-05:00  4023.379883  4033.229980  4021.739990  4031.790039  4031.790039  226295448
2023-01-23 13:30:00-05:00  4031.780029  4039.310059  4018.629883  4019.719971  4019.719971  249419070
2023-01-23 14:30:00-05:00  4019.649902  4023.169922  4000.830078  4011.320068  4011.320068  299770036
2023-01-23 15:30:00-05:00  4011.330078  4022.689941  4008.169922  4019.520020  4019.520020  346183731
2023-01-24 09:30:00-05:00  4001.739990  4014.239990  3989.790039  4005.429932  4005.429932          0
2023-01-24 10:30:00-05:00  4005.659912  4019.790039  3998.260010  4019.679932  4019.679932  275612308
2023-01-24 11:30:00-05:00  4019.610107  4019.699951  4006.100098  4016.330078  4016.330078  218059731
2023-01-24 12:30:00-05:00  4016.310059  4018.209961  4008.169922  4017.530029  4017.530029  173250678
2023-01-24 13:30:00-05:00  4017.520020  4023.919922  4012.949951  4016.929932  4016.929932  177909683
2023-01-24 14:30:00-05:00  4016.909912  4023.050049  4016.439941  4018.409912  4018.409912  219457364
2023-01-24 15:30:00-05:00  4018.389893  4019.550049  4005.979980  4016.840088  4016.840088  304109249
2023-01-25 09:30:00-05:00  3970.879883  3982.709961  3955.780029  3961.139893  3961.139893  447554268
2023-01-25 10:30:00-05:00  3961.169922  3966.070068  3949.699951  3950.399902  3950.399902   53565094