                                  Open         High          Low        Close    Adj Close     Volume
2022-12-28 10:30:00-05:00  3821.979980  3825.649902  3801.850098  3806.540039  3806.540039          0
2022-12-28 11:30:00-05:00  3806.699951  3807.929932  3788.909912  3793.790039  3793.790039  177397808
2022-12-28 12:30:00-05:00  3793.790039  3817.479980  3793.790039  3808.580078  3808.580078  170756836
2022-12-28 13:30:00-05:00  3808.590088  3808.739990  3797.820068  3799.879883  3799.879883  154555501
2022-12-28 14:30:00-05:00  3799.699951  3808.850098  3784.489990  3786.790039  3786.790039  197951132
2022-12-28 15:30:00-05:00  3786.800049  3790.419922  3780.780029  3783.149902  3783.149902  256808937
2022-12-29 09:30:00-05:00  3805.449951  3844.149902  3805.449951  3838.260010  3838.260010          0
2022-12-29 10:30:00-05:00  3838.439941  3847.639893  3838.439941  3844.050049  3844.050049  214531173
2022-12-29 11:30:00-05:00  3844.030029  3857.280029  3844.030029  3853.330078  3853.330078  179715609
2022-12-29 12:30:00-05:00  3853.350098  3854.770020  3847.659912  3851.229980  3851.229980  166196679
2022-12-29 13:30:00-05:00  3851.250000  3858.189941  3849.100098  3851.500000  3851.500000  153410405
2022-12-29 14:30:00-05:00  3851.449951  3855.659912  3847.469971  3849.659912  3849.659912  184146260
2022-12-29 15:30:00-05:00  3849.669922  3855.199951  3847.550049  3848.689941  3848.689941  245010440
2022-12-30 09:30:00-05:00  3829.060059  3830.020020  3806.879883  3823.120117  3823.120117          0
2022-12-30 10:30:00-05:00  3823.159912  3829.959961  3812.280029  3813.530029  3813.530029  193474198
2022-12-30 11:30:00-05:00  3813.590088  3823.919922  3812.159912  3822.449951  3822.449951  146796015
2022-12-30 12:30:00-05:00  3822.439941  3825.409912  3800.340088  3807.899902  3807.899902  144512294
2022-12-30 13:30:00-05:00  3807.919922  3814.800049  3801.439941  3806.260010  3806.260010  142890368
2022-12-30 14:30:00-05:00  3806.310059  3824.300049  3802.199951  3818.010010  3818.010010  182685287
2022-12-30 15:30:00-05:00  3817.969971  3839.850098  3817.110107  3839.850098  3839.850098  270655254
2023-01-03 09:30:00-05:00  3853.290039  3878.459961  3817.229980  3823.179932  3823.179932          0
2023-01-03 10:30:00-05:00  3823.649902  3837.610107  3810.219971  3815.540039  3815.540039  282166510
2023-01-03 11:30:00-05:00  3815.469971  3815.469971  3800.209961  3804.169922  3804.169922  224645728
2023-01-03 12:30:00-05:00  3804.239990  3813.949951  3794.330078  3810.050049  3810.050049  189481164
2023-01-03 13:30:00-05:00  3810.100098  3815.969971  3803.340088  3804.979980  3804.979980  190097311
2023-01-03 14:30:00-05:00  3805.010010  3825.419922  3796.540039  3818.550049  3818.550049  260241321
2023-01-03 15:30:00-05:00  3818.540039  3826.850098  3818.429932  3824.070068  3824.070068  311250755
2023-01-04 09:30:00-05:00  3840.360107  3855.750000  3815.770020  3830.439941  3830.439941  446101188
2023-01-04 10:30:00-05:00  3830.500000  3831.149902  3823.610107  3829.409912  3829.409912   49814278