                                  Open         High          Low        Close    Adj Close     Volume
2023-01-17 09:30:00-05:00  3999.280029  4015.389893  3989.840088  4010.139893  4010.139893          0
2023-01-17 10:30:00-05:00  4010.429932  4011.540039  3984.570068  3990.429932  3990.429932  312234736
2023-01-17 11:30:00-05:00  3990.439941  3999.459961  3989.030029  3989.879883  3989.879883  211383234
2023-01-17 12:30:00-05:00  3989.899902  3997.340088  3989.409912  3995.070068  3995.070068  196545081
2023-01-17 13:30:00-05:00  3995.070068  4001.479980  3990.219971  3992.120117  3992.120117  210868545
2023-01-17 14:30:00-05:00  3992.120117  4000.479980  3991.830078  3993.370117  3993.370117  235492315
2023-01-17 15:30:00-05:00  3993.350098  3995.139893  3985.199951  3990.699951  3990.699951  287281747
2023-01-18 09:30:00-05:00  4002.250000  4014.159912  3997.850098  4007.550049  4007.550049  468259741
2023-01-18 10:30:00-05:00  4007.600098  4008.070068  3963.219971  3967.620117  3967.620117  361461838
2023-01-18 11:30:00-05:00  3967.300049  3967.300049  3949.239990  3950.409912  3950.409912  257419154
2023-01-18 12:30:00-05:00  3950.399902  3954.060059  3939.080078  3946.449951  3946.449951  223403084
2023-01-18 13:30:00-05:00  3946.439941  3953.649902  3944.209961  3950.669922  3950.669922  211103928
2023-01-18 14:30:00-05:00  3950.679932  3952.489990  3940.939941  3941.750000  3941.750000  245179625
2023-01-18 15:30:00-05:00  3941.739990  3941.770020  3926.590088  3928.879883  3928.879883  315353909
2023-01-19 09:30:00-05:00  3911.840088  3916.330078  3897.879883  3902.979980  3902.979980  465963750
2023-01-19 10:30:00-05:00  3902.979980  3902.979980  3888.389893  3890.600098  3890.600098  307841883
2023-01-19 11:30:00-05:00  3890.580078  3902.879883  3885.540039  3896.229980  3896.229980  245128080
2023-01-19 12:30:00-05:00  3896.159912  3908.879883  3892.179932  3903.580078  3903.580078  218686256
2023-01-19 13:30:00-05:00  3903.580078  3921.179932  3903.580078  3919.189941  3919.189941  234064296
2023-01-19 14:30:00-05:00  3919.219971  3922.939941  3911.989990  3915.060059  3915.060059  249988378
2023-01-19 15:30:00-05:00  3915.120117  3915.449951  3897.699951  3898.159912  3898.159912  296731586
2023-01-20 09:30:00-05:00  3909.040039  3922.989990  3897.860107  3922.510010  3922.510010  544116413
2023-01-20 10:30:00-05:00  3922.439941  3936.320068  3916.989990  3936.090088  3936.090088  270186777
2023-01-20 11:30:00-05:00  3936.139893  3937.199951  3929.219971  3933.510010  3933.510010  216503359
2023-01-20 12:30:00-05:00  3933.500000  3936.330078  3924.500000  3929.199951  3929.199951  195947369
2023-01-20 13:30:00-05:00  3929.199951  3952.169922  3929.199951  3951.870117  3951.870117  212682106
2023-01-20 14:30:00-05:00  3951.709961  3970.149902  3951.219971  3964.439941  3964.439941  263521810
2023-01-20 15:30:00-05:00  3964.449951  3972.959961  3961.280029  3971.780029  3971.780029  341313228
2023-01-23 09:30:00-05:00  3978.139893  4007.300049  3971.639893  4005.379883  4005.379883  415961885
2023-01-23 10:30:00-05:00  4005.399902  4009.020020  4005.399902  4007.229980  4007.229980   46054514