                                  Open         High          Low        Close    Adj Close     Volume
2022-11-14 10:30:00-05:00  3986.260010  3995.050049  3971.389893  3975.510010  3975.510010          0
2022-11-14 11:30:00-05:00  3975.409912  3993.669922  3973.629883  3991.610107  3991.610107  266655519
2022-11-14 12:30:00-05:00  3991.550049  4008.110107  3991.199951  4007.360107  4007.360107  219841880
2022-11-14 13:30:00-05:00  4007.360107  4008.969971  3999.810059  4005.020020  4005.020020  230110967
2022-11-14 14:30:00-05:00  4005.040039  4005.879883  3982.149902  3986.010010  3986.010010  279533499
2022-11-14 15:30:00-05:00  3986.010010  3986.379883  3956.399902  3957.350098  3957.350098  371880554
2022-11-15 09:30:00-05:00  4006.409912  4028.840088  4006.409912  4022.639893  4022.639893  530558990
2022-11-15 10:30:00-05:00  4022.840088  4025.939941  4001.790039  4009.360107  4009.360107  321718850
2022-11-15 11:30:00-05:00  4009.320068  4023.010010  4007.229980  4007.399902  4007.399902  251976014
2022-11-15 12:30:00-05:00  4007.439941  4012.159912  3967.699951  3970.879883  3970.879883  262832673
2022-11-15 13:30:00-05:00  3970.879883  3996.129883  3953.169922  3990.500000  3990.500000  366377686
2022-11-15 14:30:00-05:00  3990.629883  4002.189941  3980.669922  3996.770020  3996.770020  278814636
2022-11-15 15:30:00-05:00  3996.739990  3999.530029  3982.350098  3991.830078  3991.830078  341864661
2022-11-16 09:30:00-05:00  3976.820068  3983.090088  3964.120117  3969.750000  3969.750000  490859229
2022-11-16 10:30:00-05:00  3969.510010  3977.439941  3958.570068  3970.820068  3970.820068  272048462
2022-11-16 11:30:00-05:00  3970.780029  3975.080078  3963.820068  3968.860107  3968.860107  216318442
2022-11-16 12:30:00-05:00  3968.879883  3981.979980  3967.459961  3969.649902  3969.649902  195846989
2022-11-16 13:30:00-05:00  3969.620117  3971.469971  3957.580078  3963.580078  3963.580078  193468912
2022-11-16 14:30:00-05:00  3963.649902  3968.449951  3954.340088  3959.449951  3959.449951  249822005
2022-11-16 15:30:00-05:00  3959.229980  3968.330078  3955.709961  3959.780029  3959.780029  350291449
2022-11-17 09:30:00-05:00  3919.260010  3926.709961  3906.540039  3924.879883  3924.879883  416519436
2022-11-17 10:30:00-05:00  3924.899902  3924.949951  3908.459961  3917.459961  3917.459961  250533397
2022-11-17 11:30:00-05:00  3917.500000  3941.409912  3915.959961  3935.510010  3935.510010  221938310
2022-11-17 12:30:00-05:00  3935.419922  3954.330078  3933.090088  3949.219971  3949.219971  202982102
2022-11-17 13:30:00-05:00  3949.320068  3953.659912  3934.389893  3937.469971  3937.469971  203287998
2022-11-17 14:30:00-05:00  3937.560059  3939.139893  3922.139893  3925.929932  3925.929932  247393461
2022-11-17 15:30:00-05:00  3925.879883  3948.500000  3925.199951  3947.620117  3947.620117  307144553
2022-11-18 09:30:00-05:00  3966.389893  3979.889893  3948.449951  3958.199951  3958.199951          0
2022-11-18 10:30:00-05:00  3958.209961  3963.050049  3945.810059  3959.919922  3959.919922  243673148
2022-11-18 11:30:00-05:00  3959.979980  3964.300049  3935.979980  3943.500000  3943.500000  214894370
2022-11-18 12:30:00-05:00  3943.530029  3952.409912  3937.330078  3952.300049  3952.300049  179644131
2022-11-18 13:30:00-05:00  3952.229980  3953.159912  3939.409912  3949.469971  3949.469971  183270687
2022-11-18 14:30:00-05:00  3949.469971  3963.919922  3945.149902  3963.889893  3963.889893  225286092
2022-11-18 15:30:00-05:00  3963.850098  3974.870117  3957.060059  3967.120117  3967.120117  328560737
2022-11-21 09:30:00-05:00  3956.229980  3962.000000  3940.989990  3944.129883  3944.129883  364417987
2022-11-21 10:30:00-05:00  3944.040039  3945.790039  3941.219971  3942.989990  3942.989990   48877896