                                  Open         High          Low        Close    Adj Close     Volume
2023-02-06 10:30:00-05:00  4099.720215  4123.459961  4093.379883  4122.129883  4122.129883          0
2023-02-06 11:30:00-05:00  4122.080078  4124.629883  4105.569824  4108.229980  4108.229980  219855034
2023-02-06 12:30:00-05:00  4108.339844  4116.140137  4104.770020  4109.390137  4109.390137  193731632
2023-02-06 13:30:00-05:00  4109.310059  4121.859863  4106.279785  4115.890137  4115.890137  213631294
2023-02-06 14:30:00-05:00  4115.850098  4116.609863  4102.529785  4103.729980  4103.729980  239200538
2023-02-06 15:30:00-05:00  4103.700195  4113.930176  4099.859863  4111.200195  4111.200195  276346113
2023-02-07 09:30:00-05:00  4105.350098  4107.399902  4095.790039  4097.629883  4097.629883          0
2023-02-07 10:30:00-05:00  4097.779785  4111.479980  4097.149902  4110.120117  4110.120117  270747114
2023-02-07 11:30:00-05:00  4110.109863  4118.569824  4109.660156  4110.459961  4110.459961  225193880
2023-02-07 12:30:00-05:00  4110.390137  4162.859863  4109.580078  4110.470215  4110.470215  366363020
2023-02-07 13:30:00-05:00  4110.290039  4137.879883  4088.389893  4133.009766  4133.009766  295790064
2023-02-07 14:30:00-05:00  4132.899902  4159.100098  4131.589844  4158.620117  4158.620117  280197520
2023-02-07 15:30:00-05:00  4158.609863  4176.540039  4153.649902  4164.069824  4164.069824  362361639
2023-02-08 09:30:00-05:00  4153.470215  4156.850098  4141.029785  4145.779785  4145.779785          0
2023-02-08 10:30:00-05:00  4145.810059  4145.810059  4116.470215  4119.669922  4119.669922  352475719
2023-02-08 11:30:00-05:00  4119.689941  4129.569824  4113.799805  4128.930176  4128.930176  268960848
2023-02-08 12:30:00-05:00  4128.859863  4137.270020  4119.279785  4129.040039  4129.040039  217611831
2023-02-08 13:30:00-05:00  4128.930176  4132.930176  4121.180176  4123.970215  4123.970215  218830351
2023-02-08 14:30:00-05:00  4123.930176  4126.890137  4111.669922  4117.379883  4117.379883  268046054
2023-02-08 15:30:00-05:00  4117.359863  4123.609863  4115.299805  4118.330078  4118.330078  340266326
2023-02-09 09:30:00-05:00  4144.250000  4156.229980  4133.009766  4134.430176  4134.430176          0
2023-02-09 10:30:00-05:00  4134.399902  4142.859863  4122.640137  4126.830078  4126.830078  324800348
2023-02-09 11:30:00-05:00  4126.680176  4132.049805  4120.939941  4124.879883  4124.879883  254509709
2023-02-09 12:30:00-05:00  4124.759766  4125.049805  4104.479980  4109.370117  4109.370117  244288523
2023-02-09 13:30:00-05:00  4109.430176  4115.310059  4093.830078  4094.389893  4094.389893  231648842
2023-02-09 14:30:00-05:00  4094.399902  4099.839844  4077.270020  4079.239990  4079.239990  286494568
2023-02-09 15:30:00-05:00  4079.209961  4092.669922  4069.669922  4081.770020  4081.770020  391257473
2023-02-10 09:30:00-05:00  4068.919922  4090.580078  4060.790039  4085.379883  4085.379883  486745339
2023-02-10 10:30:00-05:00  4085.600098  4089.489990  4069.040039  4079.159912  4079.159912  297769744
2023-02-10 11:30:00-05:00  4079.139893  4080.310059  4063.179932  4068.489990  4068.489990  239849870
2023-02-10 12:30:00-05:00  4068.560059  4091.120117  4067.899902  4085.889893  4085.889893  200995244
2023-02-10 13:30:00-05:00  4085.889893  4086.580078  4074.219971  4074.790039  4074.790039  196433182
2023-02-10 14:30:00-05:00  4074.770020  4088.030029  4072.540039  4081.389893  4081.389893  241858381
2023-02-10 15:30:00-05:00  4081.389893  4094.360107  4081.389893  4090.489990  4090.489990  322274267
2023-02-13 09:30:00-05:00  4096.620117  4118.700195  4092.669922  4118.660156  4118.660156  336174708
2023-02-13 10:30:00-05:00  4118.700195  4120.049805  4116.640137  4118.410156  4118.410156   39143746