                                  Open         High          Low        Close    Adj Close     Volume
2023-01-05 10:30:00-05:00  3817.209961  3820.409912  3803.050049  3807.070068  3807.070068          0
2023-01-05 11:30:00-05:00  3807.080078  3815.179932  3805.560059  3811.629883  3811.629883  216384214
2023-01-05 12:30:00-05:00  3811.620117  3827.209961  3804.860107  3821.969971  3821.969971  204057597
2023-01-05 13:30:00-05:00  3821.979980  3828.229980  3815.280029  3815.649902  3815.649902  203455507
2023-01-05 14:30:00-05:00  3815.659912  3830.350098  3808.120117  3810.189941  3810.189941  237027420
2023-01-05 15:30:00-05:00  3810.179932  3813.260010  3803.379883  3808.229980  3808.229980  320735395
2023-01-06 09:30:00-05:00  3823.370117  3852.629883  3809.560059  3842.830078  3842.830078  476071223
2023-01-06 10:30:00-05:00  3842.800049  3874.639893  3842.800049  3867.620117  3867.620117  312320276
2023-01-06 11:30:00-05:00  3867.560059  3881.080078  3864.830078  3870.050049  3870.050049  251760345
2023-01-06 12:30:00-05:00  3870.030029  3875.929932  3865.379883  3875.070068  3875.070068  185384124
2023-01-06 13:30:00-05:00  3875.050049  3894.739990  3875.050049  3891.239990  3891.239990  219673166
2023-01-06 14:30:00-05:00  3891.260010  3906.189941  3891.260010  3897.879883  3897.879883  267157121
2023-01-06 15:30:00-05:00  3897.870117  3904.669922  3891.870117  3894.199951  3894.199951  351103989
2023-01-09 09:30:00-05:00  3910.820068  3934.939941  3907.810059  3928.600098  3928.600098          0
2023-01-09 10:30:00-05:00  3928.500000  3950.570068  3928.419922  3949.310059  3949.310059  299324710
2023-01-09 11:30:00-05:00  3949.350098  3950.080078  3938.459961  3942.659912  3942.659912  241118252
2023-01-09 12:30:00-05:00  3942.659912  3943.040039  3929.370117  3933.790039  3933.790039  209782810
2023-01-09 13:30:00-05:00  3933.790039  3933.800049  3913.000000  3919.669922  3919.669922  228231917
2023-01-09 14:30:00-05:00  3919.659912  3920.669922  3896.189941  3897.320068  3897.320068  248218634
2023-01-09 15:30:00-05:00  3897.409912  3898.909912  3890.419922  3892.149902  3892.149902  345461628
2023-01-10 09:30:00-05:00  3888.570068  3913.580078  3885.000000  3896.280029  3896.280029  414321767
2023-01-10 10:30:00-05:00  3896.280029  3901.379883  3877.290039  3893.949951  3893.949951  281450891
2023-01-10 11:30:00-05:00  3893.969971  3899.750000  3886.560059  3893.870117  3893.870117  196742398
2023-01-10 12:30:00-05:00  3893.979980  3907.060059  3893.669922  3903.139893  3903.139893  172090991
2023-01-10 13:30:00-05:00  3903.110107  3914.820068  3902.070068  3912.870117  3912.870117  201749562
2023-01-10 14:30:00-05:00  3912.870117  3915.649902  3901.889893  3908.919922  3908.919922  231343750
2023-01-10 15:30:00-05:00  3908.959961  3919.830078  3907.110107  3919.409912  3919.409912  312629114
2023-01-11 09:30:00-05:00  3932.350098  3945.239990  3932.350098  3944.389893  3944.389893          0
2023-01-11 10:30:00-05:00  3944.489990  3944.489990  3928.540039  3939.729980  3939.729980  289701306
2023-01-11 11:30:00-05:00  3939.810059  3949.889893  3937.239990  3948.350098  3948.350098  231079990
2023-01-11 12:30:00-05:00  3948.379883  3955.189941  3943.679932  3952.080078  3952.080078  203846254
2023-01-11 13:30:00-05:00  3952.070068  3954.590088  3945.870117  3951.830078  3951.830078  191692509
2023-01-11 14:30:00-05:00  3951.780029  3962.709961  3951.600098  3959.770020  3959.770020  245692635
2023-01-11 15:30:00-05:00  3959.750000  3970.070068  3954.520020  3969.129883  3969.129883  359100445
2023-01-12 09:30:00-05:00  3977.570068  3981.959961  3937.560059  3973.600098  3973.600098  438522227
2023-01-12 10:30:00-05:00  3973.239990  3981.169922  3966.280029  3980.510010  3980.510010   48560009