                                  Open         High          Low        Close    Adj Close      Volume
2022-10-31 10:30:00-04:00  3868.550049  3886.030029  3863.939941  3883.570068  3883.570068           0
2022-10-31 11:30:00-04:00  3883.530029  3893.729980  3874.709961  3879.370117  3879.370117           0
2022-10-31 12:30:00-04:00  3878.510010  3883.889893  3868.469971  3883.560059  3883.560059  1373014458
2022-10-31 13:30:00-04:00  3883.389893  3885.629883  3875.439941  3879.780029  3879.780029   218913512
2022-10-31 14:30:00-04:00  3879.719971  3886.919922  3866.199951  3876.449951  3876.449951   273885434
2022-10-31 15:30:00-04:00  3876.530029  3884.330078  3870.280029  3872.340088  3872.340088   369646436
2022-11-01 09:30:00-04:00  3901.790039  3911.790039  3860.139893  3872.780029  3872.780029   526768311
2022-11-01 10:30:00-04:00  3873.010010  3875.560059  3846.439941  3854.560059  3854.560059   325507834
2022-11-01 11:30:00-04:00  3854.489990  3869.239990  3843.800049  3855.169922  3855.169922   282668250
2022-11-01 12:30:00-04:00  3855.040039  3863.949951  3850.020020  3858.780029  3858.780029   246922734
2022-11-01 13:30:00-04:00  3858.780029  3861.939941  3853.219971  3860.449951  3860.449951   225805085
2022-11-01 14:30:00-04:00  3860.439941  3867.800049  3853.209961  3857.530029  3857.530029   283721226
2022-11-01 15:30:00-04:00  3857.620117  3864.429932  3855.639893  3855.639893  3855.639893   375157232
2022-11-02 09:30:00-04:00  3852.899902  3852.899902  3830.800049  3832.280029  3832.280029   456702506
2022-11-02 10:30:00-04:00  3832.260010  3840.639893  3831.459961  3835.459961  3835.459961   302823236
2022-11-02 11:30:00-04:00  3835.790039  3840.169922  3827.110107  3827.229980  3827.229980   237034588
2022-11-02 12:30:00-04:00  3827.219971  3836.449951  3823.649902  3831.310059  3831.310059   201635799
2022-11-02 13:30:00-04:00  3831.300049  3888.580078  3830.500000  3888.540039  3888.540039   387159432
2022-11-02 14:30:00-04:00  3888.550049  3894.439941  3773.129883  3780.909912  3780.909912   630961456
2022-11-02 15:30:00-04:00  3780.850098  3784.580078  3758.979980  3759.110107  3759.110107   479096505
2022-11-03 09:30:00-04:00  3733.250000  3737.139893  3698.149902  3735.850098  3735.850098   627448090
2022-11-03 10:30:00-04:00  3735.889893  3744.760010  3721.679932  3726.959961  3726.959961   387307456
2022-11-03 11:30:00-04:00  3726.929932  3744.179932  3720.080078  3740.260010  3740.260010   304403880
2022-11-03 12:30:00-04:00  3740.300049  3750.590088  3733.320068  3738.100098  3738.100098   256769940
2022-11-03 13:30:00-04:00  3738.129883  3742.760010  3728.580078  3742.600098  3742.600098   238368026
2022-11-03 14:30:00-04:00  3742.590088  3745.320068  3735.810059  3741.250000  3741.250000   282716193
2022-11-03 15:30:00-04:00  3741.250000  3744.060059  3718.469971  3719.800049  3719.800049   414905239
2022-11-04 09:30:00-04:00  3779.209961  3788.840088  3731.500000  3787.409912  3787.409912   641752596
2022-11-04 10:30:00-04:00  3784.479980  3796.070068  3750.080078  3750.750000  3750.750000   385170979
2022-11-04 11:30:00-04:00  3750.739990  3756.040039  3709.909912  3735.699951  3735.699951   350616238
2022-11-04 12:30:00-04:00  3735.620117  3737.100098  3710.110107  3719.479980  3719.479980   277438448
2022-11-04 13:30:00-04:00  3719.479980  3732.969971  3708.840088  3730.500000  3730.500000   261848688
2022-11-04 14:30:00-04:00  3730.399902  3760.260010  3727.709961  3753.689941  3753.689941   320766076
2022-11-04 15:30:00-04:00  3753.629883  3772.679932  3749.689941  3770.419922  3770.419922   399878259
2022-11-07 09:30:00-05:00  3780.709961  3791.520020  3764.699951  3776.030029  3776.030029  1227450143
2022-11-07 10:30:00-05:00  3776.330078  3779.120117  3772.449951  3776.139893  3776.139893    52531526