                                  Open         High          Low        Close    Adj Close     Volume
2023-01-25 10:30:00-05:00  3961.169922  3976.479980  3949.060059  3973.659912  3973.659912          0
2023-01-25 11:30:00-05:00  3973.760010  3989.729980  3972.860107  3979.250000  3979.250000  236680156
2023-01-25 12:30:00-05:00  3979.300049  4001.340088  3979.280029  4000.580078  4000.580078  197456334
2023-01-25 13:30:00-05:00  4000.540039  4014.530029  3997.040039  4005.949951  4005.949951  243448827
2023-01-25 14:30:00-05:00  4006.040039  4019.550049  4000.870117  4012.429932  4012.429932  279265193
2023-01-25 15:30:00-05:00  4012.409912  4016.159912  4005.280029  4015.699951  4015.699951  350349668
2023-01-26 09:30:00-05:00  4036.080078  4052.620117  4021.290039  4039.510010  4039.510010          0
2023-01-26 10:30:00-05:00  4039.389893  4043.189941  4013.290039  4022.709961  4022.709961  302586445
2023-01-26 11:30:00-05:00  4022.780029  4040.320068  4021.750000  4035.939941  4035.939941  220820781
2023-01-26 12:30:00-05:00  4035.879883  4039.830078  4029.379883  4035.719971  4035.719971  206289633
2023-01-26 13:30:00-05:00  4035.729980  4047.679932  4035.729980  4043.179932  4043.179932  217267899
2023-01-26 14:30:00-05:00  4043.219971  4054.600098  4043.010010  4051.949951  4051.949951  258659417
2023-01-26 15:30:00-05:00  4051.840088  4061.570068  4047.949951  4060.199951  4060.199951  362838100
2023-01-27 09:30:00-05:00  4053.719971  4078.770020  4049.750000  4069.439941  4069.439941  503603781
2023-01-27 10:30:00-05:00  4069.389893  4070.739990  4048.699951  4062.409912  4062.409912  324922927
2023-01-27 11:30:00-05:00  4062.370117  4077.919922  4062.139893  4072.669922  4072.669922  284958593
2023-01-27 12:30:00-05:00  4072.600098  4080.020020  4069.739990  4073.340088  4073.340088  234314209
2023-01-27 13:30:00-05:00  4073.340088  4084.429932  4073.239990  4083.219971  4083.219971  238711469
2023-01-27 14:30:00-05:00  4083.159912  4094.209961  4082.239990  4088.780029  4088.780029  277189061
2023-01-27 15:30:00-05:00  4088.870117  4091.409912  4068.830078  4070.020020  4070.020020  361960086
2023-01-30 09:30:00-05:00  4049.270020  4063.850098  4042.090088  4050.820068  4050.820068          0
2023-01-30 10:30:00-05:00  4050.850098  4050.949951  4031.479980  4045.040039  4045.040039  310448925
2023-01-30 11:30:00-05:00  4045.070068  4047.939941  4033.100098  4041.010010  4041.010010  218435425
2023-01-30 12:30:00-05:00  4040.989990  4042.320068  4029.780029  4038.709961  4038.709961  194270064
2023-01-30 13:30:00-05:00  4038.719971  4038.719971  4026.780029  4027.120117  4027.120117  194006581
2023-01-30 14:30:00-05:00  4027.159912  4030.669922  4018.169922  4019.209961  4019.209961  252195346
2023-01-30 15:30:00-05:00  4019.209961  4027.560059  4015.550049  4018.129883  4018.129883  340635081
2023-01-31 09:30:00-05:00  4020.850098  4039.239990  4020.439941  4038.830078  4038.830078          0
2023-01-31 10:30:00-05:00  4038.959961  4046.399902  4036.659912  4043.909912  4043.909912  278793224
2023-01-31 11:30:00-05:00  4043.870117  4048.320068  4037.629883  4046.530029  4046.530029  218703610
2023-01-31 12:30:00-05:00  4046.530029  4050.919922  4044.870117  4049.129883  4049.129883  184878280
2023-01-31 13:30:00-05:00  4049.129883  4057.320068  4047.280029  4055.429932  4055.429932  202683985
2023-01-31 14:30:00-05:00  4055.409912  4060.489990  4049.070068  4049.719971  4049.719971  249412966
2023-01-31 15:30:00-05:00  4049.770020  4076.830078  4049.729980  4076.610107  4076.610107  406876101
2023-02-01 09:30:00-05:00  4070.070068  4076.709961  4060.409912  4068.479980  4068.479980  439428125
2023-02-01 10:30:00-05:00  4068.510010  4070.969971  4066.540039  4066.949951  4066.949951   50976633