                                  Open         High          Low        Close    Adj Close     Volume
2023-01-11 10:30:00-05:00  3944.489990  3944.489990  3928.540039  3939.729980  3939.729980          0
2023-01-11 11:30:00-05:00  3939.810059  3949.889893  3937.239990  3948.350098  3948.350098  231079990
2023-01-11 12:30:00-05:00  3948.379883  3955.189941  3943.679932  3952.080078  3952.080078  203846254
2023-01-11 13:30:00-05:00  3952.070068  3954.590088  3945.870117  3951.830078  3951.830078  191692509
2023-01-11 14:30:00-05:00  3951.780029  3962.709961  3951.600098  3959.770020  3959.770020  245692635
2023-01-11 15:30:00-05:00  3959.750000  3970.070068  3954.520020  3969.129883  3969.129883  359100445
2023-01-12 09:30:00-05:00  3977.570068  3981.959961  3937.560059  3973.600098  3973.600098          0
2023-01-12 10:30:00-05:00  3973.239990  3982.449951  3958.149902  3970.689941  3970.689941  289473219
2023-01-12 11:30:00-05:00  3970.679932  3992.389893  3961.560059  3992.060059  3992.060059  240323590
2023-01-12 12:30:00-05:00  3992.010010  3997.139893  3974.010010  3975.600098  3975.600098  237055643
2023-01-12 13:30:00-05:00  3975.550049  3997.760010  3969.889893  3988.250000  3988.250000  237715547
2023-01-12 14:30:00-05:00  3988.300049  3992.689941  3976.590088  3980.399902  3980.399902  272631436
2023-01-12 15:30:00-05:00  3980.379883  3984.689941  3972.520020  3983.080078  3983.080078  344773851
2023-01-13 09:30:00-05:00  3952.949951  3979.000000  3947.669922  3979.000000  3979.000000  480173522
2023-01-13 10:30:00-05:00  3978.959961  3980.979980  3967.429932  3973.459961  3973.459961  298994297
2023-01-13 11:30:00-05:00  3973.290039  3978.739990  3965.949951  3977.979980  3977.979980  214500016
2023-01-13 12:30:00-05:00  3978.000000  3982.040039  3973.949951  3977.489990  3977.489990  197869017
2023-01-13 13:30:00-05:00  3977.520020  3990.620117  3976.909912  3988.820068  3988.820068  200147143
2023-01-13 14:30:00-05:00  3988.810059  3996.070068  3986.669922  3996.060059  3996.060059  226242766
2023-01-13 15:30:00-05:00  3996.050049  4003.949951  3995.510010  3998.629883  3998.629883  330043064
2023-01-17 09:30:00-05:00  3999.280029  4015.389893  3989.840088  4010.139893  4010.139893          0
2023-01-17 10:30:00-05:00  4010.429932  4011.540039  3984.570068  3990.429932  3990.429932  312234736
2023-01-17 11:30:00-05:00  3990.439941  3999.459961  3989.030029  3989.879883  3989.879883  211383234
2023-01-17 12:30:00-05:00  3989.899902  3997.340088  3989.409912  3995.070068  3995.070068  196545081
2023-01-17 13:30:00-05:00  3995.070068  4001.479980  3990.219971  3992.120117  3992.120117  210868545
2023-01-17 14:30:00-05:00  3992.120117  4000.479980  3991.830078  3993.370117  3993.370117  235492315
2023-01-17 15:30:00-05:00  3993.350098  3995.139893  3985.199951  3990.699951  3990.699951  287281747
2023-01-18 09:30:00-05:00  4002.250000  4014.159912  3997.850098  4007.550049  4007.550049  432267815
2023-01-18 10:30:00-05:00  4007.600098  4008.070068  3994.530029  3994.530029  3994.530029   57138638