                                  Open         High          Low        Close    Adj Close     Volume
2022-11-10 10:30:00-05:00  3905.070068  3915.699951  3887.709961  3914.969971  3914.969971          0
2022-11-10 11:30:00-05:00  3915.179932  3927.610107  3913.060059  3913.870117  3913.870117  337808020
2022-11-10 12:30:00-05:00  3914.050049  3916.219971  3897.820068  3913.590088  3913.590088  282403084
2022-11-10 13:30:00-05:00  3913.540039  3925.699951  3908.969971  3924.120117  3924.120117  256609509
2022-11-10 14:30:00-05:00  3924.080078  3942.919922  3920.699951  3942.389893  3942.389893  320685074
2022-11-10 15:30:00-05:00  3942.409912  3958.330078  3940.669922  3954.340088  3954.340088  381920165
2022-11-11 09:30:00-05:00  3963.719971  3983.090088  3944.820068  3978.580078  3978.580078  623977265
2022-11-11 10:30:00-05:00  3978.280029  3981.459961  3952.090088  3952.090088  3952.090088  409398444
2022-11-11 11:30:00-05:00  3952.030029  3969.860107  3948.750000  3967.370117  3967.370117  314593760
2022-11-11 12:30:00-05:00  3967.469971  3985.570068  3961.530029  3985.429932  3985.429932  282914444
2022-11-11 13:30:00-05:00  3985.449951  3996.610107  3980.909912  3996.330078  3996.330078  293318511
2022-11-11 14:30:00-05:00  3996.139893  4001.479980  3981.929932  3993.939941  3993.939941  344248475
2022-11-11 15:30:00-05:00  3993.949951  4001.280029  3988.080078  3992.209961  3992.209961  324280250
2022-11-14 09:30:00-05:00  3977.969971  3996.479980  3966.389893  3986.290039  3986.290039          0
2022-11-14 10:30:00-05:00  3986.260010  3995.050049  3971.389893  3975.510010  3975.510010  323750677
2022-11-14 11:30:00-05:00  3975.409912  3993.669922  3973.629883  3991.610107  3991.610107  266655519
2022-11-14 12:30:00-05:00  3991.550049  4008.110107  3991.199951  4007.360107  4007.360107  219841880
2022-11-14 13:30:00-05:00  4007.360107  4008.969971  3999.810059  4005.020020  4005.020020  230110967
2022-11-14 14:30:00-05:00  4005.040039  4005.879883  3982.149902  3986.010010  3986.010010  279533499
2022-11-14 15:30:00-05:00  3986.010010  3986.379883  3956.399902  3957.350098  3957.350098  371880554
2022-11-15 09:30:00-05:00  4006.409912  4028.840088  4006.409912  4022.639893  4022.639893  530558990
2022-11-15 10:30:00-05:00  4022.840088  4025.939941  4001.790039  4009.360107  4009.360107  321718850
2022-11-15 11:30:00-05:00  4009.320068  4023.010010  4007.229980  4007.399902  4007.399902  251976014
2022-11-15 12:30:00-05:00  4007.439941  4012.159912  3967.699951  3970.879883  3970.879883  262832673
2022-11-15 13:30:00-05:00  3970.879883  3996.129883  3953.169922  3990.500000  3990.500000  366377686
2022-11-15 14:30:00-05:00  3990.629883  4002.189941  3980.669922  3996.770020  3996.770020  278814636
2022-11-15 15:30:00-05:00  3996.739990  3999.530029  3982.350098  3991.830078  3991.830078  341864661
2022-11-16 09:30:00-05:00  3976.820068  3983.090088  3964.120117  3969.750000  3969.750000  490859229
2022-11-16 10:30:00-05:00  3969.510010  3977.439941  3958.570068  3970.820068  3970.820068  272048462
2022-11-16 11:30:00-05:00  3970.780029  3975.080078  3963.820068  3968.860107  3968.860107  216318442
2022-11-16 12:30:00-05:00  3968.879883  3981.979980  3967.459961  3969.649902  3969.649902  195846989
2022-11-16 13:30:00-05:00  3969.620117  3971.469971  3957.580078  3963.580078  3963.580078  193468912
2022-11-16 14:30:00-05:00  3963.649902  3968.449951  3954.340088  3959.449951  3959.449951  249822005
2022-11-16 15:30:00-05:00  3959.229980  3968.330078  3955.709961  3959.780029  3959.780029  350291449
2022-11-17 09:30:00-05:00  3919.260010  3926.709961  3906.540039  3924.879883  3924.879883  381995902
2022-11-17 10:30:00-05:00  3924.899902  3924.949951  3919.070068  3921.179932  3921.179932   42508643