                                  Open         High          Low        Close    Adj Close     Volume
2023-01-09 10:30:00-05:00  3928.500000  3950.570068  3928.419922  3949.310059  3949.310059          0
2023-01-09 11:30:00-05:00  3949.350098  3950.080078  3938.459961  3942.659912  3942.659912  241118252
2023-01-09 12:30:00-05:00  3942.659912  3943.040039  3929.370117  3933.790039  3933.790039  209782810
2023-01-09 13:30:00-05:00  3933.790039  3933.800049  3913.000000  3919.669922  3919.669922  228231917
2023-01-09 14:30:00-05:00  3919.659912  3920.669922  3896.189941  3897.320068  3897.320068  248218634
2023-01-09 15:30:00-05:00  3897.409912  3898.909912  3890.419922  3892.149902  3892.149902  345461628
2023-01-10 09:30:00-05:00  3888.570068  3913.580078  3885.000000  3896.280029  3896.280029  414321767
2023-01-10 10:30:00-05:00  3896.280029  3901.379883  3877.290039  3893.949951  3893.949951  281450891
2023-01-10 11:30:00-05:00  3893.969971  3899.750000  3886.560059  3893.870117  3893.870117  196742398
2023-01-10 12:30:00-05:00  3893.979980  3907.060059  3893.669922  3903.139893  3903.139893  172090991
2023-01-10 13:30:00-05:00  3903.110107  3914.820068  3902.070068  3912.870117  3912.870117  201749562
2023-01-10 14:30:00-05:00  3912.870117  3915.649902  3901.889893  3908.919922  3908.919922  231343750
2023-01-10 15:30:00-05:00  3908.959961  3919.830078  3907.110107  3919.409912  3919.409912  312629114
2023-01-11 09:30:00-05:00  3932.350098  3945.239990  3932.350098  3944.389893  3944.389893          0
2023-01-11 10:30:00-05:00  3944.489990  3944.489990  3928.540039  3939.729980  3939.729980  289701306
2023-01-11 11:30:00-05:00  3939.810059  3949.889893  3937.239990  3948.350098  3948.350098  231079990
2023-01-11 12:30:00-05:00  3948.379883  3955.189941  3943.679932  3952.080078  3952.080078  203846254
2023-01-11 13:30:00-05:00  3952.070068  3954.590088  3945.870117  3951.830078  3951.830078  191692509
2023-01-11 14:30:00-05:00  3951.780029  3962.709961  3951.600098  3959.770020  3959.770020  245692635
2023-01-11 15:30:00-05:00  3959.750000  3970.070068  3954.520020  3969.129883  3969.129883  359100445
2023-01-12 09:30:00-05:00  3977.570068  3981.959961  3937.560059  3973.600098  3973.600098          0
2023-01-12 10:30:00-05:00  3973.239990  3982.449951  3958.149902  3970.689941  3970.689941  289473219
2023-01-12 11:30:00-05:00  3970.679932  3992.389893  3961.560059  3992.060059  3992.060059  240323590
2023-01-12 12:30:00-05:00  3992.010010  3997.139893  3974.010010  3975.600098  3975.600098  237055643
2023-01-12 13:30:00-05:00  3975.550049  3997.760010  3969.889893  3988.250000  3988.250000  237715547
2023-01-12 14:30:00-05:00  3988.300049  3992.689941  3976.590088  3980.399902  3980.399902  272631436
2023-01-12 15:30:00-05:00  3980.379883  3984.689941  3972.520020  3983.080078  3983.080078  344773851
2023-01-13 09:30:00-05:00  3960.600098  3979.000000  3947.669922  3979.000000  3979.000000          0
2023-01-13 10:30:00-05:00  3978.959961  3980.979980  3967.429932  3973.459961  3973.459961  298994297
2023-01-13 11:30:00-05:00  3973.290039  3978.739990  3965.949951  3977.979980  3977.979980  214500016
2023-01-13 12:30:00-05:00  3978.000000  3982.040039  3973.949951  3977.489990  3977.489990  197869017
2023-01-13 13:30:00-05:00  3977.520020  3990.620117  3976.909912  3988.820068  3988.820068  200147143
2023-01-13 14:30:00-05:00  3988.810059  3996.070068  3986.669922  3996.060059  3996.060059  226242766
2023-01-13 15:30:00-05:00  3996.050049  4003.949951  3995.510010  3998.629883  3998.629883  330043064
2023-01-13 16:00:00-05:00  3999.090088  3999.090088  3999.090088  3999.090088  3999.090088          0