                                  Open         High          Low        Close    Adj Close     Volume
2023-01-03 09:30:00-05:00  3853.290039  3878.459961  3817.229980  3823.179932  3823.179932          0
2023-01-03 10:30:00-05:00  3823.649902  3837.610107  3810.219971  3815.540039  3815.540039  282166510
2023-01-03 11:30:00-05:00  3815.469971  3815.469971  3800.209961  3804.169922  3804.169922  224645728
2023-01-03 12:30:00-05:00  3804.239990  3813.949951  3794.330078  3810.050049  3810.050049  189481164
2023-01-03 13:30:00-05:00  3810.100098  3815.969971  3803.340088  3804.979980  3804.979980  190097311
2023-01-03 14:30:00-05:00  3805.010010  3825.419922  3796.540039  3818.550049  3818.550049  260241321
2023-01-03 15:30:00-05:00  3818.540039  3826.850098  3818.429932  3824.070068  3824.070068  311250755
2023-01-04 09:30:00-05:00  3840.360107  3855.750000  3815.770020  3830.439941  3830.439941          0
2023-01-04 10:30:00-05:00  3830.500000  3851.060059  3823.610107  3850.489990  3850.489990  297704826
2023-01-04 11:30:00-05:00  3850.510010  3873.159912  3850.510010  3866.800049  3866.800049  260160666
2023-01-04 12:30:00-05:00  3866.790039  3871.750000  3852.080078  3863.229980  3863.229980  194995288
2023-01-04 13:30:00-05:00  3863.250000  3868.709961  3827.939941  3829.399902  3829.399902  277244284
2023-01-04 14:30:00-05:00  3829.439941  3854.580078  3827.159912  3842.870117  3842.870117  262511773
2023-01-04 15:30:00-05:00  3842.850098  3854.300049  3827.320068  3852.929932  3852.929932  331025621
2023-01-05 09:30:00-05:00  3832.600098  3839.739990  3803.350098  3817.229980  3817.229980          0
2023-01-05 10:30:00-05:00  3817.209961  3820.409912  3803.050049  3807.070068  3807.070068  261435557
2023-01-05 11:30:00-05:00  3807.080078  3815.179932  3805.560059  3811.629883  3811.629883  216384214
2023-01-05 12:30:00-05:00  3811.620117  3827.209961  3804.860107  3821.969971  3821.969971  204057597
2023-01-05 13:30:00-05:00  3821.979980  3828.229980  3815.280029  3815.649902  3815.649902  203455507
2023-01-05 14:30:00-05:00  3815.659912  3830.350098  3808.120117  3810.189941  3810.189941  237027420
2023-01-05 15:30:00-05:00  3810.179932  3813.260010  3803.379883  3808.229980  3808.229980  320735395
2023-01-06 09:30:00-05:00  3823.370117  3852.629883  3809.560059  3842.830078  3842.830078  476071223
2023-01-06 10:30:00-05:00  3842.800049  3874.639893  3842.800049  3867.620117  3867.620117  312320276
2023-01-06 11:30:00-05:00  3867.560059  3881.080078  3864.830078  3870.050049  3870.050049  251760345
2023-01-06 12:30:00-05:00  3870.030029  3875.929932  3865.379883  3875.070068  3875.070068  185384124
2023-01-06 13:30:00-05:00  3875.050049  3894.739990  3875.050049  3891.239990  3891.239990  219673166
2023-01-06 14:30:00-05:00  3891.260010  3906.189941  3891.260010  3897.879883  3897.879883  267157121
2023-01-06 15:30:00-05:00  3897.870117  3904.669922  3891.870117  3894.199951  3894.199951  351103989
2023-01-06 16:00:00-05:00  3895.080078  3895.080078  3895.080078  3895.080078  3895.080078          0