                                  Open         High          Low        Close    Adj Close     Volume
2023-02-28 10:30:00-05:00  3976.850098  3988.679932  3971.489990  3984.479980  3984.479980          0
2023-02-28 11:30:00-05:00  3984.399902  3990.139893  3977.149902  3988.530029  3988.530029  190836674
2023-02-28 12:30:00-05:00  3988.530029  3996.879883  3984.850098  3995.500000  3995.500000  189325601
2023-02-28 13:30:00-05:00  3995.429932  3997.500000  3988.120117  3988.409912  3988.409912  194673402
2023-02-28 14:30:00-05:00  3988.419922  3991.050049  3975.449951  3976.229980  3976.229980  232305465
2023-02-28 15:30:00-05:00  3976.209961  3979.060059  3969.280029  3969.280029  3969.280029  368315487
2023-03-01 09:30:00-05:00  3963.340088  3971.729980  3945.729980  3952.020020  3952.020020  441350845
2023-03-01 10:30:00-05:00  3951.679932  3967.060059  3939.050049  3948.679932  3948.679932  292573222
2023-03-01 11:30:00-05:00  3948.699951  3968.699951  3948.080078  3962.610107  3962.610107  216890525
2023-03-01 12:30:00-05:00  3962.590088  3967.159912  3953.750000  3954.270020  3954.270020  170331525
2023-03-01 13:30:00-05:00  3954.300049  3954.300049  3945.520020  3945.659912  3945.659912  185885430
2023-03-01 14:30:00-05:00  3945.659912  3952.399902  3941.510010  3946.669922  3946.669922  235426252
2023-03-01 15:30:00-05:00  3946.689941  3956.489990  3946.199951  3951.629883  3951.629883  330125838
2023-03-02 09:30:00-05:00  3934.050049  3944.770020  3928.159912  3943.870117  3943.870117  418953081
2023-03-02 10:30:00-05:00  3944.080078  3950.090088  3939.780029  3941.889893  3941.889893  259590302
2023-03-02 11:30:00-05:00  3941.379883  3945.260010  3939.120117  3943.600098  3943.600098  209253456
2023-03-02 12:30:00-05:00  3943.540039  3949.540039  3943.139893  3944.919922  3944.919922  178302212
2023-03-02 13:30:00-05:00  3944.949951  3974.469971  3944.909912  3973.790039  3973.790039  245871297
2023-03-02 14:30:00-05:00  3973.750000  3980.100098  3967.790039  3978.629883  3978.629883  245921361
2023-03-02 15:30:00-05:00  3978.659912  3990.840088  3977.280029  3981.290039  3981.290039  332847586
2023-03-03 09:30:00-05:00  3998.020020  4017.389893  3995.169922  4017.169922  4017.169922  396810760
2023-03-03 10:30:00-05:00  4017.370117  4018.719971  4009.909912  4016.300049  4016.300049  251341837
2023-03-03 11:30:00-05:00  4016.239990  4027.060059  4013.879883  4025.949951  4025.949951  215901078
2023-03-03 12:30:00-05:00  4025.919922  4036.169922  4023.500000  4033.689941  4033.689941  193806648
2023-03-03 13:30:00-05:00  4033.699951  4041.389893  4030.280029  4041.330078  4041.330078  191198182
2023-03-03 14:30:00-05:00  4041.239990  4048.290039  4039.149902  4044.040039  4044.040039  240920485
2023-03-03 15:30:00-05:00  4044.080078  4046.360107  4039.070068  4045.320068  4045.320068  327121580
2023-03-06 09:30:00-05:00  4055.149902  4074.120117  4051.820068  4070.850098  4070.850098  413600027
2023-03-06 10:30:00-05:00  4070.919922  4078.489990  4068.250000  4068.989990  4068.989990  274263145
2023-03-06 11:30:00-05:00  4069.020020  4077.840088  4066.840088  4072.270020  4072.270020  202227849
2023-03-06 12:30:00-05:00  4072.300049  4072.300049  4057.550049  4060.199951  4060.199951  196594687
2023-03-06 13:30:00-05:00  4060.189941  4060.560059  4050.580078  4053.550049  4053.550049  196065278
2023-03-06 14:30:00-05:00  4053.550049  4055.860107  4045.189941  4045.199951  4045.199951  244047365
2023-03-06 15:30:00-05:00  4045.159912  4052.010010  4044.610107  4048.459961  4048.459961  253484169
2023-03-07 09:30:00-05:00  4048.260010  4050.000000  4009.530029  4020.989990  4020.989990  385771370
2023-03-07 10:30:00-05:00  4020.850098  4036.090088  4019.260010  4030.399902  4030.399902   55275994