                                Open       High        Low      Close  Adj Close  Volume
Datetime                                                                                
2022-10-17 09:30:00-04:00  31.430000  31.610001  31.430000  31.430000  31.430000       0
2022-10-17 09:35:00-04:00  31.420000  31.440001  31.260000  31.290001  31.290001       0
2022-10-17 09:40:00-04:00  31.290001  31.430000  31.219999  31.430000  31.430000       0
2022-10-17 09:45:00-04:00  31.430000  31.500000  31.309999  31.379999  31.379999       0
2022-10-17 09:50:00-04:00  31.360001  31.450001  31.350000  31.450001  31.450001       0
2022-10-17 09:55:00-04:00  31.420000  31.510000  31.400000  31.490000  31.490000       0
2022-10-17 10:00:00-04:00  31.490000  31.540001  31.320000  31.320000  31.320000       0
2022-10-17 10:05:00-04:00  31.400000  31.430000  31.309999  31.320000  31.320000       0
2022-10-17 10:10:00-04:00  31.340000  31.340000  30.990000  31.049999  31.049999       0
2022-10-17 10:15:00-04:00  31.030001  31.170000  31.000000  31.139999  31.139999       0
2022-10-17 10:20:00-04:00  31.190001  31.190001  31.080000  31.139999  31.139999       0
2022-10-17 10:25:00-04:00  31.139999  31.160000  31.110001  31.150000  31.150000       0
2022-10-17 10:30:00-04:00  31.110001  31.180000  30.969999  31.080000  31.080000       0
2022-10-17 10:35:00-04:00  31.080000  31.080000  30.969999  30.980000  30.980000       0
2022-10-17 10:40:00-04:00  30.930000  31.000000  30.900000  31.000000  31.000000       0
2022-10-17 10:45:00-04:00  31.020000  31.040001  31.000000  31.020000  31.020000       0
2022-10-17 10:50:00-04:00  31.000000  31.350000  31.000000  31.350000  31.350000       0
2022-10-17 10:55:00-04:00  31.330000  31.389999  31.280001  31.309999  31.309999       0
2022-10-17 11:00:00-04:00  31.299999  31.299999  31.139999  31.180000  31.180000       0
2022-10-17 11:05:00-04:00  31.209999  31.379999  31.209999  31.379999  31.379999       0
2022-10-17 11:10:00-04:00  31.370001  31.370001  31.290001  31.330000  31.330000       0
2022-10-17 11:15:00-04:00  31.350000  31.410000  31.290001  31.410000  31.410000       0
2022-10-17 11:20:00-04:00  31.410000  31.410000  31.180000  31.180000  31.180000       0
2022-10-17 11:25:00-04:00  31.110001  31.160000  30.990000  30.990000  30.990000       0
2022-10-17 11:30:00-04:00  30.969999  30.980000  30.910000  30.910000  30.910000       0
2022-10-17 11:35:00-04:00  30.870001  30.889999  30.840000  30.840000  30.840000       0
2022-10-17 11:40:00-04:00  30.830000  30.830000  30.700001  30.799999  30.799999       0
2022-10-17 11:45:00-04:00  30.790001  30.879999  30.790001  30.850000  30.850000       0
2022-10-17 11:50:00-04:00  30.850000  30.870001  30.790001  30.850000  30.850000       0
2022-10-17 11:55:00-04:00  30.840000  30.910000  30.840000  30.900000  30.900000       0
2022-10-17 12:00:00-04:00  30.900000  30.900000  30.820000  30.879999  30.879999       0
2022-10-17 12:05:00-04:00  30.879999  30.889999  30.760000  30.760000  30.760000       0
2022-10-17 12:10:00-04:00  30.770000  30.950001  30.770000  30.900000  30.900000       0
2022-10-17 12:15:00-04:00  30.879999  30.980000  30.879999  30.980000  30.980000       0
2022-10-17 12:20:00-04:00  30.990000  31.000000  30.959999  30.980000  30.980000       0
2022-10-17 12:25:00-04:00  30.980000  30.990000  30.889999  30.889999  30.889999       0
2022-10-17 12:30:00-04:00  30.879999  30.879999  30.790001  30.799999  30.799999       0
2022-10-17 12:35:00-04:00  30.790001  30.889999  30.760000  30.860001  30.860001       0
2022-10-17 12:40:00-04:00  30.860001  31.100000  30.860001  31.030001  31.030001       0
2022-10-17 12:45:00-04:00  31.000000  31.129999  31.000000  31.059999  31.059999       0
2022-10-17 12:50:00-04:00  31.059999  31.080000  30.950001  30.950001  30.950001       0
2022-10-17 12:55:00-04:00  30.940001  31.000000  30.930000  30.930000  30.930000       0
2022-10-17 13:00:00-04:00  30.950001  31.030001  30.930000  31.020000  31.020000       0
2022-10-17 13:05:00-04:00  31.040001  31.040001  30.959999  31.000000  31.000000       0
2022-10-17 13:10:00-04:00  31.030001  31.049999  30.969999  30.980000  30.980000       0
2022-10-17 13:15:00-04:00  30.980000  30.980000  30.889999  30.959999  30.959999       0
2022-10-17 13:20:00-04:00  30.950001  30.950001  30.830000  30.830000  30.830000       0
2022-10-17 13:25:00-04:00  30.830000  30.889999  30.820000  30.879999  30.879999       0
2022-10-17 13:30:00-04:00  30.870001  30.870001  30.840000  30.840000  30.840000       0
2022-10-17 13:35:00-04:00  30.840000  30.840000  30.760000  30.760000  30.760000       0
2022-10-17 13:40:00-04:00  30.790001  30.840000  30.790001  30.809999  30.809999       0
2022-10-17 13:45:00-04:00  30.820000  30.820000  30.719999  30.750000  30.750000       0
2022-10-17 13:50:00-04:00  30.760000  30.840000  30.760000  30.840000  30.840000       0
2022-10-17 13:55:00-04:00  30.850000  30.910000  30.840000  30.910000  30.910000       0
2022-10-17 14:00:00-04:00  30.910000  30.920000  30.840000  30.879999  30.879999       0
2022-10-17 14:05:00-04:00  30.879999  30.930000  30.879999  30.889999  30.889999       0
2022-10-17 14:10:00-04:00  30.889999  30.959999  30.879999  30.959999  30.959999       0
2022-10-17 14:15:00-04:00  30.950001  30.990000  30.940001  30.969999  30.969999       0
2022-10-17 14:20:00-04:00  30.959999  31.070000  30.959999  31.059999  31.059999       0
2022-10-17 14:25:00-04:00  31.080000  31.100000  30.959999  31.010000  31.010000       0
2022-10-17 14:30:00-04:00  31.000000  31.059999  30.990000  31.040001  31.040001       0
2022-10-17 14:35:00-04:00  31.040001  31.040001  30.870001  30.900000  30.900000       0
2022-10-17 14:40:00-04:00  30.900000  30.910000  30.870001  30.900000  30.900000       0
2022-10-17 14:45:00-04:00  30.900000  30.940001  30.870001  30.870001  30.870001       0
2022-10-17 14:50:00-04:00  30.879999  31.020000  30.870001  31.020000  31.020000       0
2022-10-17 14:55:00-04:00  31.049999  31.070000  31.010000  31.070000  31.070000       0
2022-10-17 15:00:00-04:00  31.090000  31.129999  31.020000  31.049999  31.049999       0
2022-10-17 15:05:00-04:00  31.049999  31.150000  31.030001  31.090000  31.090000       0
2022-10-17 15:10:00-04:00  31.100000  31.200001  31.100000  31.150000  31.150000       0
2022-10-17 15:15:00-04:00  31.129999  31.250000  31.129999  31.190001  31.190001       0
2022-10-17 15:20:00-04:00  31.190001  31.240000  31.120001  31.120001  31.120001       0
2022-10-17 15:25:00-04:00  31.090000  31.110001  31.030001  31.090000  31.090000       0
2022-10-17 15:30:00-04:00  31.080000  31.180000  31.080000  31.180000  31.180000       0
2022-10-17 15:35:00-04:00  31.170000  31.240000  31.160000  31.209999  31.209999       0
2022-10-17 15:40:00-04:00  31.230000  31.260000  31.120001  31.120001  31.120001       0
2022-10-17 15:45:00-04:00  31.090000  31.160000  31.090000  31.129999  31.129999       0
2022-10-17 15:50:00-04:00  31.110001  31.139999  31.080000  31.120001  31.120001       0
2022-10-17 15:55:00-04:00  31.080000  31.299999  31.080000  31.230000  31.230000       0
2022-10-18 09:30:00-04:00  30.730000  31.010000  30.629999  30.950001  30.950001       0
2022-10-18 09:35:00-04:00  30.980000  30.980000  30.670000  30.840000  30.840000       0
2022-10-18 09:40:00-04:00  30.860001  30.910000  30.820000  30.840000  30.840000       0
2022-10-18 09:45:00-04:00  30.850000  30.889999  30.780001  30.860001  30.860001       0
2022-10-18 09:50:00-04:00  30.870001  31.190001  30.840000  31.110001  31.110001       0
2022-10-18 09:55:00-04:00  31.070000  31.070000  30.820000  31.030001  31.030001       0
2022-10-18 10:00:00-04:00  30.980000  30.980000  30.730000  30.860001  30.860001       0
2022-10-18 10:05:00-04:00  30.840000  30.840000  30.680000  30.680000  30.680000       0
2022-10-18 10:10:00-04:00  30.680000  30.730000  30.629999  30.629999  30.629999       0
2022-10-18 10:15:00-04:00  30.700001  30.760000  30.620001  30.760000  30.760000       0
2022-10-18 10:20:00-04:00  30.760000  30.889999  30.760000  30.889999  30.889999       0
2022-10-18 10:25:00-04:00  30.910000  31.030001  30.860001  31.030001  31.030001       0
2022-10-18 10:30:00-04:00  31.070000  31.190001  31.070000  31.139999  31.139999       0
2022-10-18 10:35:00-04:00  31.110001  31.299999  31.030001  31.250000  31.250000       0
2022-10-18 10:40:00-04:00  31.280001  31.280001  30.990000  31.150000  31.150000       0
2022-10-18 10:45:00-04:00  31.120001  31.120001  30.870001  30.879999  30.879999       0
2022-10-18 10:50:00-04:00  30.840000  30.870001  30.770000  30.840000  30.840000       0
2022-10-18 10:55:00-04:00  30.830000  30.990000  30.830000  30.990000  30.990000       0
2022-10-18 11:00:00-04:00  30.969999  31.070000  30.940001  30.959999  30.959999       0
2022-10-18 11:05:00-04:00  30.950001  31.250000  30.900000  31.150000  31.150000       0
2022-10-18 11:10:00-04:00  31.139999  31.430000  31.129999  31.370001  31.370001       0
2022-10-18 11:15:00-04:00  31.379999  31.410000  31.250000  31.410000  31.410000       0
2022-10-18 11:20:00-04:00  31.430000  31.709999  31.430000  31.709999  31.709999       0
2022-10-18 11:25:00-04:00  31.700001  31.799999  31.540001  31.670000  31.670000       0
2022-10-18 11:30:00-04:00  31.670000  31.750000  31.610001  31.709999  31.709999       0
2022-10-18 11:35:00-04:00  31.690001  31.930000  31.680000  31.840000  31.840000       0
2022-10-18 11:40:00-04:00  31.740000  31.930000  31.709999  31.760000  31.760000       0
2022-10-18 11:45:00-04:00  31.740000  31.740000  31.580000  31.590000  31.590000       0
2022-10-18 11:50:00-04:00  31.570000  31.600000  31.520000  31.530001  31.530001       0
2022-10-18 11:55:00-04:00  31.540001  31.559999  31.480000  31.520000  31.520000       0
2022-10-18 12:00:00-04:00  31.500000  31.530001  31.459999  31.500000  31.500000       0
2022-10-18 12:05:00-04:00  31.480000  31.549999  31.260000  31.260000  31.260000       0
2022-10-18 12:10:00-04:00  31.260000  31.340000  31.240000  31.340000  31.340000       0
2022-10-18 12:15:00-04:00  31.350000  31.350000  31.219999  31.280001  31.280001       0
2022-10-18 12:20:00-04:00  31.290001  31.389999  31.290001  31.350000  31.350000       0
2022-10-18 12:25:00-04:00  31.350000  31.350000  31.270000  31.290001  31.290001       0
2022-10-18 12:30:00-04:00  31.299999  31.360001  31.200001  31.200001  31.200001       0
2022-10-18 12:35:00-04:00  31.219999  31.219999  31.030001  31.110001  31.110001       0
2022-10-18 12:40:00-04:00  31.110001  31.129999  31.030001  31.059999  31.059999       0
2022-10-18 12:45:00-04:00  31.080000  31.180000  31.080000  31.160000  31.160000       0
2022-10-18 12:50:00-04:00  31.150000  31.150000  31.100000  31.120001  31.120001       0
2022-10-18 12:55:00-04:00  31.110001  31.170000  31.110001  31.139999  31.139999       0
2022-10-18 13:00:00-04:00  31.190001  31.430000  31.170000  31.430000  31.430000       0
2022-10-18 13:05:00-04:00  31.430000  31.430000  30.990000  31.059999  31.059999       0
2022-10-18 13:10:00-04:00  31.059999  31.070000  30.980000  30.980000  30.980000       0
2022-10-18 13:15:00-04:00  30.950001  31.040001  30.910000  31.010000  31.010000       0
2022-10-18 13:20:00-04:00  31.010000  31.030001  30.959999  30.959999  30.959999       0
2022-10-18 13:25:00-04:00  30.940001  30.940001  30.840000  30.850000  30.850000       0
2022-10-18 13:30:00-04:00  30.830000  30.870001  30.750000  30.780001  30.780001       0
2022-10-18 13:35:00-04:00  30.780001  30.860001  30.760000  30.790001  30.790001       0
2022-10-18 13:40:00-04:00  30.770000  30.850000  30.760000  30.770000  30.770000       0
2022-10-18 13:45:00-04:00  30.770000  30.840000  30.700001  30.700001  30.700001       0
2022-10-18 13:50:00-04:00  30.709999  30.780001  30.709999  30.750000  30.750000       0
2022-10-18 13:55:00-04:00  30.719999  30.740000  30.639999  30.740000  30.740000       0
2022-10-18 14:00:00-04:00  30.730000  30.900000  30.730000  30.900000  30.900000       0
2022-10-18 14:05:00-04:00  30.889999  30.920000  30.760000  30.799999  30.799999       0
2022-10-18 14:10:00-04:00  30.799999  30.799999  30.719999  30.750000  30.750000       0
2022-10-18 14:15:00-04:00  30.770000  30.830000  30.760000  30.820000  30.820000       0
2022-10-18 14:20:00-04:00  30.840000  30.870001  30.780001  30.790001  30.790001       0
2022-10-18 14:25:00-04:00  30.799999  30.879999  30.750000  30.750000  30.750000       0
2022-10-18 14:30:00-04:00  30.780001  30.820000  30.760000  30.799999  30.799999       0
2022-10-18 14:35:00-04:00  30.780001  31.090000  30.770000  30.990000  30.990000       0
2022-10-18 14:40:00-04:00  31.000000  31.250000  30.959999  31.250000  31.250000       0
2022-10-18 14:45:00-04:00  31.240000  31.350000  31.170000  31.209999  31.209999       0
2022-10-18 14:50:00-04:00  31.180000  31.219999  31.049999  31.049999  31.049999       0
2022-10-18 14:55:00-04:00  31.040001  31.080000  30.840000  30.910000  30.910000       0
2022-10-18 15:00:00-04:00  30.930000  31.180000  30.930000  31.090000  31.090000       0
2022-10-18 15:05:00-04:00  31.100000  31.120001  30.990000  31.059999  31.059999       0
2022-10-18 15:10:00-04:00  31.080000  31.230000  31.020000  31.230000  31.230000       0
2022-10-18 15:15:00-04:00  31.180000  31.230000  31.020000  31.020000  31.020000       0
2022-10-18 15:20:00-04:00  31.010000  31.020000  30.889999  30.900000  30.900000       0
2022-10-18 15:25:00-04:00  30.940001  31.010000  30.910000  30.940001  30.940001       0
2022-10-18 15:30:00-04:00  30.889999  30.889999  30.700001  30.770000  30.770000       0
2022-10-18 15:35:00-04:00  30.780001  30.889999  30.780001  30.830000  30.830000       0
2022-10-18 15:40:00-04:00  30.830000  30.830000  30.730000  30.780001  30.780001       0
2022-10-18 15:45:00-04:00  30.750000  30.879999  30.750000  30.830000  30.830000       0
2022-10-18 15:50:00-04:00  30.820000  30.860001  30.750000  30.760000  30.760000       0
2022-10-18 15:55:00-04:00  30.760000  30.870001  30.650000  30.650000  30.650000       0
2022-10-19 09:30:00-04:00  31.430000  31.430000  31.270000  31.270000  31.270000       0
2022-10-19 09:35:00-04:00  31.209999  31.350000  31.190001  31.350000  31.350000       0
2022-10-19 09:40:00-04:00  31.340000  31.520000  31.320000  31.440001  31.440001       0
2022-10-19 09:45:00-04:00  31.440001  31.719999  31.440001  31.719999  31.719999       0
2022-10-19 09:50:00-04:00  31.770000  31.770000  31.510000  31.629999  31.629999       0
2022-10-19 09:55:00-04:00  31.590000  31.639999  31.510000  31.610001  31.610001       0
2022-10-19 10:00:00-04:00  31.620001  31.660000  31.480000  31.480000  31.480000       0
2022-10-19 10:05:00-04:00  31.420000  31.420000  31.190001  31.250000  31.250000       0
2022-10-19 10:10:00-04:00  31.240000  31.340000  31.070000  31.070000  31.070000       0
2022-10-19 10:15:00-04:00  31.090000  31.129999  30.950001  31.110001  31.110001       0
2022-10-19 10:20:00-04:00  31.080000  31.080000  30.940001  30.969999  30.969999       0
2022-10-19 10:25:00-04:00  30.959999  30.990000  30.910000  30.990000  30.990000       0
2022-10-19 10:30:00-04:00  30.980000  31.080000  30.940001  31.040001  31.040001       0
2022-10-19 10:35:00-04:00  31.040001  31.049999  30.980000  31.000000  31.000000       0
2022-10-19 10:40:00-04:00  30.980000  31.110001  30.980000  31.090000  31.090000       0
2022-10-19 10:45:00-04:00  31.040001  31.070000  30.969999  31.030001  31.030001       0
2022-10-19 10:50:00-04:00  30.990000  31.049999  30.930000  31.049999  31.049999       0
2022-10-19 10:55:00-04:00  31.049999  31.110001  31.049999  31.070000  31.070000       0
2022-10-19 11:00:00-04:00  31.080000  31.190001  31.049999  31.170000  31.170000       0
2022-10-19 11:05:00-04:00  31.160000  31.160000  31.049999  31.100000  31.100000       0
2022-10-19 11:10:00-04:00  31.090000  31.090000  30.920000  30.980000  30.980000       0
2022-10-19 11:15:00-04:00  31.000000  31.040001  30.959999  30.959999  30.959999       0
2022-10-19 11:20:00-04:00  30.980000  31.049999  30.950001  31.040001  31.040001       0
2022-10-19 11:25:00-04:00  31.100000  31.120001  31.010000  31.010000  31.010000       0
2022-10-19 11:30:00-04:00  31.030001  31.110001  30.879999  30.950001  30.950001       0
2022-10-19 11:35:00-04:00  30.959999  31.080000  30.950001  30.950001  30.950001       0
2022-10-19 11:40:00-04:00  30.950001  31.080000  30.930000  31.080000  31.080000       0
2022-10-19 11:45:00-04:00  31.070000  31.070000  30.959999  30.959999  30.959999       0
2022-10-19 11:50:00-04:00  30.980000  30.990000  30.850000  30.860001  30.860001       0
2022-10-19 11:55:00-04:00  30.860001  30.910000  30.860001  30.910000  30.910000       0
2022-10-19 12:00:00-04:00  30.920000  31.049999  30.910000  30.969999  30.969999       0
2022-10-19 12:05:00-04:00  31.000000  31.180000  31.000000  31.120001  31.120001       0
2022-10-19 12:10:00-04:00  31.120001  31.240000  31.100000  31.170000  31.170000       0
2022-10-19 12:15:00-04:00  31.180000  31.209999  31.129999  31.129999  31.129999       0
2022-10-19 12:20:00-04:00  31.129999  31.219999  31.129999  31.190001  31.190001       0
2022-10-19 12:25:00-04:00  31.190001  31.320000  31.190001  31.320000  31.320000       0
2022-10-19 12:30:00-04:00  31.309999  31.330000  31.100000  31.120001  31.120001       0
2022-10-19 12:35:00-04:00  31.090000  31.200001  31.040001  31.200001  31.200001       0
2022-10-19 12:40:00-04:00  31.180000  31.389999  31.180000  31.340000  31.340000       0
2022-10-19 12:45:00-04:00  31.330000  31.570000  31.330000  31.570000  31.570000       0
2022-10-19 12:50:00-04:00  31.540001  31.540001  31.379999  31.469999  31.469999       0
2022-10-19 12:55:00-04:00  31.480000  31.580000  31.450001  31.540001  31.540001       0
2022-10-19 13:00:00-04:00  31.530001  31.820000  31.459999  31.820000  31.820000       0
2022-10-19 13:05:00-04:00  31.820000  31.900000  31.680000  31.700001  31.700001       0
2022-10-19 13:10:00-04:00  31.700001  31.730000  31.670000  31.709999  31.709999       0
2022-10-19 13:15:00-04:00  31.700001  31.740000  31.650000  31.660000  31.660000       0
2022-10-19 13:20:00-04:00  31.660000  31.660000  31.530001  31.559999  31.559999       0
2022-10-19 13:25:00-04:00  31.559999  31.559999  31.350000  31.540001  31.540001       0
2022-10-19 13:30:00-04:00  31.559999  31.570000  31.469999  31.500000  31.500000       0
2022-10-19 13:35:00-04:00  31.520000  31.610001  31.469999  31.590000  31.590000       0
2022-10-19 13:40:00-04:00  31.629999  31.650000  31.540001  31.549999  31.549999       0
2022-10-19 13:45:00-04:00  31.559999  31.620001  31.510000  31.620001  31.620001       0
2022-10-19 13:50:00-04:00  31.670000  31.670000  31.480000  31.490000  31.490000       0
2022-10-19 13:55:00-04:00  31.469999  31.490000  31.420000  31.420000  31.420000       0
2022-10-19 14:00:00-04:00  31.340000  31.420000  31.139999  31.139999  31.139999       0
2022-10-19 14:05:00-04:00  31.100000  31.190001  31.090000  31.090000  31.090000       0
2022-10-19 14:10:00-04:00  31.110001  31.209999  31.110001  31.180000  31.180000       0
2022-10-19 14:15:00-04:00  31.200001  31.230000  31.139999  31.230000  31.230000       0
2022-10-19 14:20:00-04:00  31.260000  31.320000  31.260000  31.260000  31.260000       0
2022-10-19 14:25:00-04:00  31.230000  31.230000  31.139999  31.160000  31.160000       0
2022-10-19 14:30:00-04:00  31.180000  31.209999  31.170000  31.209999  31.209999       0
2022-10-19 14:35:00-04:00  31.219999  31.240000  31.190001  31.209999  31.209999       0
2022-10-19 14:40:00-04:00  31.219999  31.250000  31.190001  31.240000  31.240000       0
2022-10-19 14:45:00-04:00  31.250000  31.299999  31.250000  31.270000  31.270000       0
2022-10-19 14:50:00-04:00  31.280001  31.280001  31.209999  31.209999  31.209999       0
2022-10-19 14:55:00-04:00  31.200001  31.209999  31.110001  31.129999  31.129999       0
2022-10-19 15:00:00-04:00  31.129999  31.170000  31.030001  31.090000  31.090000       0
2022-10-19 15:05:00-04:00  31.110001  31.200001  31.070000  31.080000  31.080000       0
2022-10-19 15:10:00-04:00  31.059999  31.059999  30.840000  30.840000  30.840000       0
2022-10-19 15:15:00-04:00  30.889999  30.950001  30.860001  30.910000  30.910000       0
2022-10-19 15:20:00-04:00  30.920000  30.920000  30.850000  30.879999  30.879999       0
2022-10-19 15:25:00-04:00  30.930000  31.030001  30.900000  30.990000  30.990000       0
2022-10-19 15:30:00-04:00  30.980000  31.030001  30.980000  31.000000  31.000000       0
2022-10-19 15:35:00-04:00  30.950001  31.129999  30.950001  31.080000  31.080000       0
2022-10-19 15:40:00-04:00  31.090000  31.090000  31.000000  31.040001  31.040001       0
2022-10-19 15:45:00-04:00  31.000000  31.110001  31.000000  31.070000  31.070000       0
2022-10-19 15:50:00-04:00  31.040001  31.070000  30.969999  30.969999  30.969999       0
2022-10-19 15:55:00-04:00  30.950001  31.000000  30.940001  30.940001  30.940001       0
2022-10-20 09:30:00-04:00  30.809999  30.809999  30.620001  30.660000  30.660000       0
2022-10-20 09:35:00-04:00  30.670000  30.840000  30.670000  30.790001  30.790001       0
2022-10-20 09:40:00-04:00  30.809999  30.889999  30.730000  30.750000  30.750000       0
2022-10-20 09:45:00-04:00  30.680000  30.680000  30.549999  30.580000  30.580000       0
2022-10-20 09:50:00-04:00  30.580000  30.600000  30.340000  30.350000  30.350000       0
2022-10-20 09:55:00-04:00  30.350000  30.360001  30.320000  30.340000  30.340000       0
2022-10-20 10:00:00-04:00  30.590000  30.590000  30.209999  30.240000  30.240000       0
2022-10-20 10:05:00-04:00  30.200001  30.200001  30.049999  30.120001  30.120001       0
2022-10-20 10:10:00-04:00  30.129999  30.180000  30.070000  30.070000  30.070000       0
2022-10-20 10:15:00-04:00  30.070000  30.160000  30.049999  30.070000  30.070000       0
2022-10-20 10:20:00-04:00  30.020000  30.020000  29.980000  29.980000  29.980000       0
2022-10-20 10:25:00-04:00  30.000000  30.070000  29.990000  30.040001  30.040001       0
2022-10-20 10:30:00-04:00  30.059999  30.250000  30.059999  30.230000  30.230000       0
2022-10-20 10:35:00-04:00  30.230000  30.260000  30.219999  30.260000  30.260000       0
2022-10-20 10:40:00-04:00  30.240000  30.280001  30.230000  30.230000  30.230000       0
2022-10-20 10:45:00-04:00  30.230000  30.260000  30.209999  30.260000  30.260000       0
2022-10-20 10:50:00-04:00  30.250000  30.250000  30.219999  30.250000  30.250000       0
2022-10-20 10:55:00-04:00  30.250000  30.250000  30.150000  30.150000  30.150000       0
2022-10-20 11:00:00-04:00  30.139999  30.200001  30.129999  30.190001  30.190001       0
2022-10-20 11:05:00-04:00  30.219999  30.219999  30.120001  30.120001  30.120001       0
2022-10-20 11:10:00-04:00  30.110001  30.150000  30.000000  30.000000  30.000000       0
2022-10-20 11:15:00-04:00  30.000000  30.129999  30.000000  30.120001  30.120001       0
2022-10-20 11:20:00-04:00  30.139999  30.139999  29.990000  30.000000  30.000000       0
2022-10-20 11:25:00-04:00  30.000000  30.170000  30.000000  30.090000  30.090000       0
2022-10-20 11:30:00-04:00  30.080000  30.080000  29.910000  29.990000  29.990000       0
2022-10-20 11:35:00-04:00  30.000000  30.000000  29.930000  29.930000  29.930000       0
2022-10-20 11:40:00-04:00  29.940001  29.940001  29.889999  29.900000  29.900000       0
2022-10-20 11:45:00-04:00  29.889999  29.950001  29.820000  29.820000  29.820000       0
2022-10-20 11:50:00-04:00  29.820000  29.820000  29.760000  29.820000  29.820000       0
2022-10-20 11:55:00-04:00  29.830000  30.010000  29.830000  29.920000  29.920000       0
2022-10-20 12:00:00-04:00  29.930000  30.150000  29.930000  29.969999  29.969999       0
2022-10-20 12:05:00-04:00  29.959999  30.209999  29.940001  30.160000  30.160000       0
2022-10-20 12:10:00-04:00  30.170000  30.280001  30.129999  30.240000  30.240000       0
2022-10-20 12:15:00-04:00  30.230000  30.240000  29.990000  30.010000  30.010000       0
2022-10-20 12:20:00-04:00  30.020000  30.320000  30.020000  30.160000  30.160000       0
2022-10-20 12:25:00-04:00  30.170000  30.309999  30.170000  30.200001  30.200001       0
2022-10-20 12:30:00-04:00  30.209999  30.230000  30.120001  30.170000  30.170000       0
2022-10-20 12:35:00-04:00  30.200001  30.320000  30.190001  30.299999  30.299999       0
2022-10-20 12:40:00-04:00  30.299999  30.299999  30.219999  30.290001  30.290001       0
2022-10-20 12:45:00-04:00  30.270000  30.450001  30.270000  30.379999  30.379999       0
2022-10-20 12:50:00-04:00  30.260000  30.360001  30.250000  30.320000  30.320000       0
2022-10-20 12:55:00-04:00  30.330000  30.340000  30.200001  30.219999  30.219999       0
2022-10-20 13:00:00-04:00  30.200001  30.270000  30.200001  30.200001  30.200001       0
2022-10-20 13:05:00-04:00  30.209999  30.590000  30.209999  30.469999  30.469999       0
2022-10-20 13:10:00-04:00  30.480000  30.520000  30.320000  30.520000  30.520000       0
2022-10-20 13:15:00-04:00  30.510000  30.650000  30.500000  30.600000  30.600000       0
2022-10-20 13:20:00-04:00  30.620001  30.650000  30.430000  30.549999  30.549999       0
2022-10-20 13:25:00-04:00  30.559999  30.559999  30.400000  30.400000  30.400000       0
2022-10-20 13:30:00-04:00  30.430000  30.559999  30.430000  30.540001  30.540001       0
2022-10-20 13:35:00-04:00  30.549999  30.570000  30.459999  30.540001  30.540001       0
2022-10-20 13:40:00-04:00  30.520000  30.629999  30.520000  30.600000  30.600000       0
2022-10-20 13:45:00-04:00  30.620001  30.799999  30.590000  30.799999  30.799999       0
2022-10-20 13:50:00-04:00  30.820000  30.860001  30.680000  30.750000  30.750000       0
2022-10-20 13:55:00-04:00  30.740000  30.850000  30.700001  30.719999  30.719999       0
2022-10-20 14:00:00-04:00  30.680000  30.799999  30.660000  30.790001  30.790001       0
2022-10-20 14:05:00-04:00  30.790001  30.959999  30.780001  30.920000  30.920000       0
2022-10-20 14:10:00-04:00  30.910000  30.980000  30.910000  30.980000  30.980000       0
2022-10-20 14:15:00-04:00  30.969999  30.969999  30.820000  30.840000  30.840000       0
2022-10-20 14:20:00-04:00  30.840000  30.930000  30.840000  30.930000  30.930000       0
2022-10-20 14:25:00-04:00  30.950001  30.969999  30.879999  30.889999  30.889999       0
2022-10-20 14:30:00-04:00  30.900000  30.900000  30.650000  30.650000  30.650000       0
2022-10-20 14:35:00-04:00  30.660000  30.780001  30.650000  30.690001  30.690001       0
2022-10-20 14:40:00-04:00  30.680000  30.889999  30.670000  30.860001  30.860001       0
2022-10-20 14:45:00-04:00  30.879999  30.920000  30.700001  30.709999  30.709999       0
2022-10-20 14:50:00-04:00  30.719999  30.809999  30.570000  30.590000  30.590000       0
2022-10-20 14:55:00-04:00  30.590000  30.610001  30.430000  30.500000  30.500000       0
2022-10-20 15:00:00-04:00  30.520000  30.520000  30.389999  30.410000  30.410000       0
2022-10-20 15:05:00-04:00  30.410000  30.410000  30.160000  30.260000  30.260000       0
2022-10-20 15:10:00-04:00  30.270000  30.389999  30.270000  30.320000  30.320000       0
2022-10-20 15:15:00-04:00  30.309999  30.440001  30.309999  30.410000  30.410000       0
2022-10-20 15:20:00-04:00  30.450001  30.510000  30.440001  30.480000  30.480000       0
2022-10-20 15:25:00-04:00  30.400000  30.420000  30.309999  30.309999  30.309999       0
2022-10-20 15:30:00-04:00  30.309999  30.459999  30.299999  30.400000  30.400000       0
2022-10-20 15:35:00-04:00  30.440001  30.459999  30.320000  30.370001  30.370001       0
2022-10-20 15:40:00-04:00  30.360001  30.410000  30.290001  30.290001  30.290001       0
2022-10-20 15:45:00-04:00  30.250000  30.270000  30.190001  30.219999  30.219999       0
2022-10-20 15:50:00-04:00  30.180000  30.200001  30.100000  30.120001  30.120001       0
2022-10-20 15:55:00-04:00  30.160000  30.219999  30.100000  30.209999  30.209999       0
2022-10-21 09:30:00-04:00  30.129999  30.170000  29.850000  30.059999  30.059999       0
2022-10-21 09:35:00-04:00  30.150000  30.160000  29.920000  30.080000  30.080000       0
2022-10-21 09:40:00-04:00  30.080000  30.190001  29.940001  29.940001  29.940001       0
2022-10-21 09:45:00-04:00  29.690001  29.750000  29.490000  29.660000  29.660000       0
2022-10-21 09:50:00-04:00  29.650000  29.709999  29.480000  29.500000  29.500000       0
2022-10-21 09:55:00-04:00  29.469999  29.590000  29.379999  29.379999  29.379999       0
2022-10-21 10:00:00-04:00  29.370001  29.559999  29.330000  29.520000  29.520000       0
2022-10-21 10:05:00-04:00  29.540001  29.590000  29.500000  29.540001  29.540001       0
2022-10-21 10:10:00-04:00  29.570000  29.610001  29.549999  29.600000  29.600000       0
2022-10-21 10:15:00-04:00  29.570000  29.570000  29.389999  29.389999  29.389999       0
2022-10-21 10:20:00-04:00  29.379999  29.510000  29.309999  29.510000  29.510000       0
2022-10-21 10:25:00-04:00  29.520000  29.690001  29.520000  29.690001  29.690001       0
2022-10-21 10:30:00-04:00  29.700001  29.770000  29.620001  29.770000  29.770000       0
2022-10-21 10:35:00-04:00  29.770000  29.879999  29.690001  29.709999  29.709999       0
2022-10-21 10:40:00-04:00  29.700001  29.840000  29.700001  29.780001  29.780001       0
2022-10-21 10:45:00-04:00  29.770000  29.820000  29.620001  29.690001  29.690001       0
2022-10-21 10:50:00-04:00  29.690001  29.760000  29.690001  29.719999  29.719999       0
2022-10-21 10:55:00-04:00  29.760000  30.000000  29.750000  29.900000  29.900000       0
2022-10-21 11:00:00-04:00  29.900000  30.129999  29.870001  30.040001  30.040001       0
2022-10-21 11:05:00-04:00  30.010000  30.010000  29.910000  29.910000  29.910000       0
2022-10-21 11:10:00-04:00  29.930000  29.940001  29.830000  29.889999  29.889999       0
2022-10-21 11:15:00-04:00  29.900000  29.950001  29.870001  29.950001  29.950001       0
2022-10-21 11:20:00-04:00  29.950001  30.010000  29.809999  29.860001  29.860001       0
2022-10-21 11:25:00-04:00  29.850000  29.850000  29.559999  29.590000  29.590000       0
2022-10-21 11:30:00-04:00  29.580000  29.620001  29.510000  29.520000  29.520000       0
2022-10-21 11:35:00-04:00  29.530001  29.660000  29.500000  29.600000  29.600000       0
2022-10-21 11:40:00-04:00  29.610001  29.610001  29.350000  29.350000  29.350000       0
2022-10-21 11:45:00-04:00  29.370001  29.370001  29.240000  29.270000  29.270000       0
2022-10-21 11:50:00-04:00  29.260000  29.430000  29.240000  29.320000  29.320000       0
2022-10-21 11:55:00-04:00  29.309999  29.350000  29.290001  29.320000  29.320000       0
2022-10-21 12:00:00-04:00  29.320000  29.450001  29.299999  29.450001  29.450001       0
2022-10-21 12:05:00-04:00  29.430000  29.430000  29.290001  29.420000  29.420000       0
2022-10-21 12:10:00-04:00  29.420000  29.520000  29.410000  29.500000  29.500000       0
2022-10-21 12:15:00-04:00  29.480000  29.559999  29.480000  29.500000  29.500000       0
2022-10-21 12:20:00-04:00  29.510000  29.610001  29.510000  29.530001  29.530001       0
2022-10-21 12:25:00-04:00  29.520000  29.620001  29.520000  29.590000  29.590000       0
2022-10-21 12:30:00-04:00  29.570000  29.590000  29.520000  29.559999  29.559999       0
2022-10-21 12:35:00-04:00  29.549999  29.610001  29.520000  29.600000  29.600000       0
2022-10-21 12:40:00-04:00  29.620001  29.620001  29.549999  29.570000  29.570000       0
2022-10-21 12:45:00-04:00  29.549999  29.639999  29.549999  29.610001  29.610001       0
2022-10-21 12:50:00-04:00  29.650000  29.650000  29.600000  29.650000  29.650000       0
2022-10-21 12:55:00-04:00  29.639999  29.730000  29.629999  29.730000  29.730000       0
2022-10-21 13:00:00-04:00  29.740000  29.820000  29.730000  29.820000  29.820000       0
2022-10-21 13:05:00-04:00  29.840000  29.959999  29.840000  29.959999  29.959999       0
2022-10-21 13:10:00-04:00  29.920000  29.969999  29.910000  29.930000  29.930000       0
2022-10-21 13:15:00-04:00  29.940001  30.000000  29.920000  29.920000  29.920000       0
2022-10-21 13:20:00-04:00  29.920000  29.950001  29.870001  29.879999  29.879999       0
2022-10-21 13:25:00-04:00  29.879999  29.879999  29.820000  29.830000  29.830000       0
2022-10-21 13:30:00-04:00  29.820000  29.820000  29.770000  29.799999  29.799999       0
2022-10-21 13:35:00-04:00  29.809999  29.830000  29.799999  29.809999  29.809999       0
2022-10-21 13:40:00-04:00  29.809999  29.820000  29.770000  29.780001  29.780001       0
2022-10-21 13:45:00-04:00  29.780001  29.780001  29.750000  29.750000  29.750000       0
2022-10-21 13:50:00-04:00  29.760000  29.799999  29.760000  29.799999  29.799999       0
2022-10-21 13:55:00-04:00  29.809999  29.820000  29.809999  29.809999  29.809999       0
2022-10-21 14:00:00-04:00  29.809999  29.860001  29.809999  29.830000  29.830000       0
2022-10-21 14:05:00-04:00  29.840000  29.840000  29.790001  29.799999  29.799999       0
2022-10-21 14:10:00-04:00  29.809999  29.860001  29.809999  29.840000  29.840000       0
2022-10-21 14:15:00-04:00  29.850000  29.910000  29.840000  29.900000  29.900000       0
2022-10-21 14:20:00-04:00  29.889999  29.920000  29.879999  29.910000  29.910000       0
2022-10-21 14:25:00-04:00  29.950001  29.950001  29.889999  29.889999  29.889999       0
2022-10-21 14:30:00-04:00  29.879999  29.910000  29.840000  29.910000  29.910000       0
2022-10-21 14:35:00-04:00  29.900000  29.959999  29.870001  29.930000  29.930000       0
2022-10-21 14:40:00-04:00  29.959999  29.959999  29.900000  29.920000  29.920000       0
2022-10-21 14:45:00-04:00  29.920000  29.920000  29.860001  29.879999  29.879999       0
2022-10-21 14:50:00-04:00  29.879999  29.889999  29.870001  29.889999  29.889999       0
2022-10-21 14:55:00-04:00  29.920000  29.920000  29.870001  29.889999  29.889999       0
2022-10-21 15:00:00-04:00  29.889999  29.930000  29.889999  29.920000  29.920000       0
2022-10-21 15:05:00-04:00  29.920000  29.940001  29.920000  29.920000  29.920000       0
2022-10-21 15:10:00-04:00  29.920000  29.950001  29.889999  29.910000  29.910000       0
2022-10-21 15:15:00-04:00  29.930000  29.959999  29.920000  29.940001  29.940001       0
2022-10-21 15:20:00-04:00  29.940001  30.030001  29.940001  30.020000  30.020000       0
2022-10-21 15:25:00-04:00  30.030001  30.090000  30.020000  30.090000  30.090000       0
2022-10-21 15:30:00-04:00  30.100000  30.110001  30.070000  30.090000  30.090000       0
2022-10-21 15:35:00-04:00  30.090000  30.100000  30.049999  30.049999  30.049999       0
2022-10-21 15:40:00-04:00  30.040001  30.090000  30.010000  30.030001  30.030001       0
2022-10-21 15:45:00-04:00  30.020000  30.070000  30.020000  30.070000  30.070000       0
2022-10-21 15:50:00-04:00  30.059999  30.070000  29.969999  29.990000  29.990000       0
2022-10-21 15:55:00-04:00  30.010000  30.070000  29.950001  29.950001  29.950001       0
2022-10-21 16:00:00-04:00  29.690001  29.690001  29.690001  29.690001  29.690001       0