                                Open       High        Low      Close  Adj Close  Volume
Datetime                                                                                
2022-11-16 10:50:00-05:00  24.080000  24.320000  24.080000  24.309999  24.309999       0
2022-11-16 10:55:00-05:00  24.280001  24.340000  24.240000  24.320000  24.320000       0
2022-11-16 11:00:00-05:00  24.299999  24.299999  24.260000  24.270000  24.270000       0
2022-11-16 11:05:00-05:00  24.260000  24.290001  24.190001  24.290001  24.290001       0
2022-11-16 11:10:00-05:00  24.290001  24.360001  24.250000  24.270000  24.270000       0
2022-11-16 11:15:00-05:00  24.260000  24.309999  24.200001  24.200001  24.200001       0
2022-11-16 11:20:00-05:00  24.190001  24.190001  24.139999  24.150000  24.150000       0
2022-11-16 11:25:00-05:00  24.160000  24.180000  24.100000  24.100000  24.100000       0
2022-11-16 11:30:00-05:00  24.110001  24.110001  24.049999  24.110001  24.110001       0
2022-11-16 11:35:00-05:00  24.129999  24.200001  24.120001  24.170000  24.170000       0
2022-11-16 11:40:00-05:00  24.160000  24.190001  24.120001  24.139999  24.139999       0
2022-11-16 11:45:00-05:00  24.139999  24.139999  24.080000  24.090000  24.090000       0
2022-11-16 11:50:00-05:00  24.110001  24.129999  24.080000  24.110001  24.110001       0
2022-11-16 11:55:00-05:00  24.100000  24.110001  24.030001  24.110001  24.110001       0
2022-11-16 12:00:00-05:00  24.129999  24.209999  24.129999  24.180000  24.180000       0
2022-11-16 12:05:00-05:00  24.190001  24.219999  24.120001  24.170000  24.170000       0
2022-11-16 12:10:00-05:00  24.160000  24.230000  24.160000  24.230000  24.230000       0
2022-11-16 12:15:00-05:00  24.230000  24.280001  24.219999  24.280001  24.280001       0
2022-11-16 12:20:00-05:00  24.250000  24.389999  24.240000  24.379999  24.379999       0
2022-11-16 12:25:00-05:00  24.340000  24.340000  24.290001  24.299999  24.299999       0
2022-11-16 12:30:00-05:00  24.299999  24.330000  24.280001  24.290001  24.290001       0
2022-11-16 12:35:00-05:00  24.290001  24.290001  24.219999  24.270000  24.270000       0
2022-11-16 12:40:00-05:00  24.270000  24.280001  24.230000  24.230000  24.230000       0
2022-11-16 12:45:00-05:00  24.219999  24.250000  24.180000  24.250000  24.250000       0
2022-11-16 12:50:00-05:00  24.250000  24.420000  24.200001  24.389999  24.389999       0
2022-11-16 12:55:00-05:00  24.389999  24.410000  24.370001  24.389999  24.389999       0
2022-11-16 13:00:00-05:00  24.379999  24.440001  24.370001  24.370001  24.370001       0
2022-11-16 13:05:00-05:00  24.370001  24.370001  24.340000  24.340000  24.340000       0
2022-11-16 13:10:00-05:00  24.330000  24.340000  24.290001  24.309999  24.309999       0
2022-11-16 13:15:00-05:00  24.320000  24.330000  24.299999  24.330000  24.330000       0
2022-11-16 13:20:00-05:00  24.340000  24.350000  24.299999  24.340000  24.340000       0
2022-11-16 13:25:00-05:00  24.340000  24.360001  24.280001  24.330000  24.330000       0
2022-11-16 13:30:00-05:00  24.330000  24.500000  24.309999  24.500000  24.500000       0
2022-11-16 13:35:00-05:00  24.500000  24.510000  24.400000  24.400000  24.400000       0
2022-11-16 13:40:00-05:00  24.410000  24.420000  24.370001  24.370001  24.370001       0
2022-11-16 13:45:00-05:00  24.389999  24.469999  24.389999  24.469999  24.469999       0
2022-11-16 13:50:00-05:00  24.469999  24.500000  24.450001  24.480000  24.480000       0
2022-11-16 13:55:00-05:00  24.480000  24.530001  24.469999  24.510000  24.510000       0
2022-11-16 14:00:00-05:00  24.510000  24.540001  24.370001  24.379999  24.379999       0
2022-11-16 14:05:00-05:00  24.379999  24.440001  24.350000  24.350000  24.350000       0
2022-11-16 14:10:00-05:00  24.340000  24.400000  24.330000  24.370001  24.370001       0
2022-11-16 14:15:00-05:00  24.370001  24.430000  24.360001  24.420000  24.420000       0
2022-11-16 14:20:00-05:00  24.410000  24.440001  24.379999  24.410000  24.410000       0
2022-11-16 14:25:00-05:00  24.400000  24.430000  24.370001  24.370001  24.370001       0
2022-11-16 14:30:00-05:00  24.379999  24.520000  24.379999  24.459999  24.459999       0
2022-11-16 14:35:00-05:00  24.480000  24.480000  24.260000  24.340000  24.340000       0
2022-11-16 14:40:00-05:00  24.350000  24.350000  24.290001  24.330000  24.330000       0
2022-11-16 14:45:00-05:00  24.340000  24.350000  24.270000  24.290001  24.290001       0
2022-11-16 14:50:00-05:00  24.280001  24.299999  24.200001  24.230000  24.230000       0
2022-11-16 14:55:00-05:00  24.230000  24.240000  24.129999  24.129999  24.129999       0
2022-11-16 15:00:00-05:00  24.129999  24.150000  24.100000  24.129999  24.129999       0
2022-11-16 15:05:00-05:00  24.110001  24.260000  24.080000  24.240000  24.240000       0
2022-11-16 15:10:00-05:00  24.260000  24.260000  24.170000  24.180000  24.180000       0
2022-11-16 15:15:00-05:00  24.170000  24.250000  24.129999  24.240000  24.240000       0
2022-11-16 15:20:00-05:00  24.230000  24.230000  24.170000  24.180000  24.180000       0
2022-11-16 15:25:00-05:00  24.200001  24.209999  24.170000  24.200001  24.200001       0
2022-11-16 15:30:00-05:00  24.200001  24.260000  24.160000  24.250000  24.250000       0
2022-11-16 15:35:00-05:00  24.260000  24.260000  24.200001  24.250000  24.250000       0
2022-11-16 15:40:00-05:00  24.260000  24.299999  24.190001  24.190001  24.190001       0
2022-11-16 15:45:00-05:00  24.190001  24.250000  24.180000  24.230000  24.230000       0
2022-11-16 15:50:00-05:00  24.240000  24.240000  24.100000  24.129999  24.129999       0
2022-11-16 15:55:00-05:00  24.120001  24.270000  24.120001  24.240000  24.240000       0
2022-11-17 09:30:00-05:00  24.860001  24.860001  24.740000  24.830000  24.830000       0
2022-11-17 09:35:00-05:00  24.830000  24.920000  24.790001  24.799999  24.799999       0
2022-11-17 09:40:00-05:00  24.799999  24.820000  24.730000  24.770000  24.770000       0
2022-11-17 09:45:00-05:00  24.760000  24.809999  24.629999  24.639999  24.639999       0
2022-11-17 09:50:00-05:00  24.639999  24.770000  24.620001  24.770000  24.770000       0
2022-11-17 09:55:00-05:00  24.770000  24.900000  24.770000  24.900000  24.900000       0
2022-11-17 10:00:00-05:00  24.910000  24.910000  24.799999  24.799999  24.799999       0
2022-11-17 10:05:00-05:00  24.790001  24.820000  24.740000  24.770000  24.770000       0
2022-11-17 10:10:00-05:00  24.770000  24.799999  24.730000  24.740000  24.740000       0
2022-11-17 10:15:00-05:00  24.740000  24.740000  24.540001  24.540001  24.540001       0
2022-11-17 10:20:00-05:00  24.510000  24.549999  24.490000  24.549999  24.549999       0
2022-11-17 10:25:00-05:00  24.549999  24.549999  24.440001  24.459999  24.459999       0
2022-11-17 10:30:00-05:00  24.450001  24.540001  24.450001  24.510000  24.510000       0
2022-11-17 10:35:00-05:00  24.520000  24.520000  24.440001  24.490000  24.490000       0
2022-11-17 10:40:00-05:00  24.500000  24.520000  24.469999  24.510000  24.510000       0
2022-11-17 10:45:00-05:00  24.520000  24.610001  24.520000  24.590000  24.590000       0
2022-11-17 10:50:00-05:00  24.570000  24.660000  24.540001  24.660000  24.660000       0
2022-11-17 10:55:00-05:00  24.629999  24.700001  24.629999  24.690001  24.690001       0
2022-11-17 11:00:00-05:00  24.670000  24.760000  24.670000  24.750000  24.750000       0
2022-11-17 11:05:00-05:00  24.750000  24.750000  24.559999  24.670000  24.670000       0
2022-11-17 11:10:00-05:00  24.690001  24.760000  24.690001  24.700001  24.700001       0
2022-11-17 11:15:00-05:00  24.680000  24.709999  24.660000  24.690001  24.690001       0
2022-11-17 11:20:00-05:00  24.690001  24.780001  24.670000  24.670000  24.670000       0
2022-11-17 11:25:00-05:00  24.660000  24.680000  24.570000  24.590000  24.590000       0
2022-11-17 11:30:00-05:00  24.580000  24.600000  24.500000  24.500000  24.500000       0
2022-11-17 11:35:00-05:00  24.490000  24.490000  24.430000  24.459999  24.459999       0
2022-11-17 11:40:00-05:00  24.459999  24.459999  24.420000  24.440001  24.440001       0
2022-11-17 11:45:00-05:00  24.440001  24.440001  24.379999  24.430000  24.430000       0
2022-11-17 11:50:00-05:00  24.430000  24.450001  24.389999  24.410000  24.410000       0
2022-11-17 11:55:00-05:00  24.410000  24.410000  24.250000  24.250000  24.250000       0
2022-11-17 12:00:00-05:00  24.230000  24.240000  24.180000  24.200001  24.200001       0
2022-11-17 12:05:00-05:00  24.190001  24.250000  24.170000  24.170000  24.170000       0
2022-11-17 12:10:00-05:00  24.170000  24.180000  24.120001  24.170000  24.170000       0
2022-11-17 12:15:00-05:00  24.180000  24.180000  24.150000  24.160000  24.160000       0
2022-11-17 12:20:00-05:00  24.160000  24.240000  24.160000  24.209999  24.209999       0
2022-11-17 12:25:00-05:00  24.209999  24.209999  24.170000  24.170000  24.170000       0
2022-11-17 12:30:00-05:00  24.190001  24.190001  24.139999  24.180000  24.180000       0
2022-11-17 12:35:00-05:00  24.180000  24.180000  24.129999  24.160000  24.160000       0
2022-11-17 12:40:00-05:00  24.139999  24.150000  24.100000  24.100000  24.100000       0
2022-11-17 12:45:00-05:00  24.110001  24.110001  24.070000  24.070000  24.070000       0
2022-11-17 12:50:00-05:00  24.049999  24.049999  24.000000  24.020000  24.020000       0
2022-11-17 12:55:00-05:00  24.020000  24.030001  23.990000  24.000000  24.000000       0
2022-11-17 13:00:00-05:00  24.000000  24.010000  23.969999  24.000000  24.000000       0
2022-11-17 13:05:00-05:00  24.010000  24.059999  24.000000  24.010000  24.010000       0
2022-11-17 13:10:00-05:00  24.010000  24.010000  23.920000  23.959999  23.959999       0
2022-11-17 13:15:00-05:00  23.950001  23.950001  23.879999  23.879999  23.879999       0
2022-11-17 13:20:00-05:00  23.879999  23.940001  23.870001  23.930000  23.930000       0
2022-11-17 13:25:00-05:00  23.930000  23.940001  23.910000  23.940001  23.940001       0
2022-11-17 13:30:00-05:00  23.940001  23.959999  23.910000  23.950001  23.950001       0
2022-11-17 13:35:00-05:00  23.940001  23.950001  23.889999  23.889999  23.889999       0
2022-11-17 13:40:00-05:00  23.889999  23.930000  23.889999  23.930000  23.930000       0
2022-11-17 13:45:00-05:00  23.940001  23.969999  23.940001  23.959999  23.959999       0
2022-11-17 13:50:00-05:00  23.969999  24.020000  23.959999  23.969999  23.969999       0
2022-11-17 13:55:00-05:00  23.969999  24.000000  23.940001  23.959999  23.959999       0
2022-11-17 14:00:00-05:00  23.959999  23.959999  23.900000  23.920000  23.920000       0
2022-11-17 14:05:00-05:00  23.920000  23.959999  23.879999  23.950001  23.950001       0
2022-11-17 14:10:00-05:00  23.969999  24.059999  23.969999  24.049999  24.049999       0
2022-11-17 14:15:00-05:00  24.049999  24.120001  24.049999  24.120001  24.120001       0
2022-11-17 14:20:00-05:00  24.110001  24.150000  24.090000  24.090000  24.090000       0
2022-11-17 14:25:00-05:00  24.080000  24.110001  24.030001  24.049999  24.049999       0
2022-11-17 14:30:00-05:00  24.049999  24.059999  24.020000  24.020000  24.020000       0
2022-11-17 14:35:00-05:00  24.020000  24.070000  24.020000  24.040001  24.040001       0
2022-11-17 14:40:00-05:00  24.030001  24.100000  24.020000  24.090000  24.090000       0
2022-11-17 14:45:00-05:00  24.100000  24.129999  23.969999  23.969999  23.969999       0
2022-11-17 14:50:00-05:00  23.969999  24.010000  23.889999  23.889999  23.889999       0
2022-11-17 14:55:00-05:00  23.879999  23.900000  23.870001  23.889999  23.889999       0
2022-11-17 15:00:00-05:00  23.889999  23.910000  23.860001  23.879999  23.879999       0
2022-11-17 15:05:00-05:00  23.879999  23.959999  23.870001  23.959999  23.959999       0
2022-11-17 15:10:00-05:00  23.959999  24.110001  23.940001  24.049999  24.049999       0
2022-11-17 15:15:00-05:00  24.049999  24.100000  24.049999  24.100000  24.100000       0
2022-11-17 15:20:00-05:00  24.110001  24.150000  24.100000  24.120001  24.120001       0
2022-11-17 15:25:00-05:00  24.129999  24.160000  24.110001  24.139999  24.139999       0
2022-11-17 15:30:00-05:00  24.139999  24.139999  24.090000  24.129999  24.129999       0
2022-11-17 15:35:00-05:00  24.110001  24.160000  24.100000  24.120001  24.120001       0
2022-11-17 15:40:00-05:00  24.129999  24.129999  24.080000  24.120001  24.120001       0
2022-11-17 15:45:00-05:00  24.120001  24.120001  24.000000  24.000000  24.000000       0
2022-11-17 15:50:00-05:00  23.980000  24.010000  23.910000  23.910000  23.910000       0
2022-11-17 15:55:00-05:00  23.940001  23.940001  23.850000  23.889999  23.889999       0
2022-11-18 09:30:00-05:00  23.379999  23.510000  23.330000  23.459999  23.459999       0
2022-11-18 09:35:00-05:00  23.420000  23.490000  23.280001  23.490000  23.490000       0
2022-11-18 09:40:00-05:00  23.500000  23.540001  23.450001  23.540001  23.540001       0
2022-11-18 09:45:00-05:00  23.540001  23.540001  23.360001  23.540001  23.540001       0
2022-11-18 09:50:00-05:00  23.580000  23.620001  23.490000  23.490000  23.490000       0
2022-11-18 09:55:00-05:00  23.500000  23.610001  23.469999  23.600000  23.600000       0
2022-11-18 10:00:00-05:00  23.520000  23.740000  23.520000  23.650000  23.650000       0
2022-11-18 10:05:00-05:00  23.660000  23.840000  23.650000  23.670000  23.670000       0
2022-11-18 10:10:00-05:00  23.650000  23.650000  23.570000  23.639999  23.639999       0
2022-11-18 10:15:00-05:00  23.650000  23.750000  23.590000  23.750000  23.750000       0
2022-11-18 10:20:00-05:00  23.750000  23.750000  23.570000  23.600000  23.600000       0
2022-11-18 10:25:00-05:00  23.580000  23.780001  23.580000  23.610001  23.610001       0
2022-11-18 10:30:00-05:00  23.600000  23.629999  23.549999  23.549999  23.549999       0
2022-11-18 10:35:00-05:00  23.540001  23.540001  23.450001  23.490000  23.490000       0
2022-11-18 10:40:00-05:00  23.500000  23.530001  23.450001  23.530001  23.530001       0
2022-11-18 10:45:00-05:00  23.520000  23.549999  23.490000  23.549999  23.549999       0
2022-11-18 10:50:00-05:00  23.540001  23.570000  23.520000  23.530001  23.530001       0
2022-11-18 10:55:00-05:00  23.540001  23.750000  23.530001  23.719999  23.719999       0
2022-11-18 11:00:00-05:00  23.690001  23.770000  23.660000  23.750000  23.750000       0
2022-11-18 11:05:00-05:00  23.740000  23.740000  23.660000  23.680000  23.680000       0
2022-11-18 11:10:00-05:00  23.680000  23.709999  23.570000  23.570000  23.570000       0
2022-11-18 11:15:00-05:00  23.570000  23.590000  23.420000  23.420000  23.420000       0
2022-11-18 11:20:00-05:00  23.410000  23.430000  23.400000  23.420000  23.420000       0
2022-11-18 11:25:00-05:00  23.420000  23.450001  23.389999  23.430000  23.430000       0
2022-11-18 11:30:00-05:00  23.420000  23.430000  23.370001  23.420000  23.420000       0
2022-11-18 11:35:00-05:00  23.420000  23.480000  23.379999  23.469999  23.469999       0
2022-11-18 11:40:00-05:00  23.469999  23.520000  23.450001  23.480000  23.480000       0
2022-11-18 11:45:00-05:00  23.490000  23.590000  23.480000  23.590000  23.590000       0
2022-11-18 11:50:00-05:00  23.610001  23.610001  23.540001  23.549999  23.549999       0
2022-11-18 11:55:00-05:00  23.549999  23.570000  23.500000  23.549999  23.549999       0
2022-11-18 12:00:00-05:00  23.520000  23.530001  23.420000  23.420000  23.420000       0
2022-11-18 12:05:00-05:00  23.420000  23.580000  23.420000  23.559999  23.559999       0
2022-11-18 12:10:00-05:00  23.540001  23.570000  23.450001  23.500000  23.500000       0
2022-11-18 12:15:00-05:00  23.500000  23.680000  23.500000  23.620001  23.620001       0
2022-11-18 12:20:00-05:00  23.650000  23.700001  23.639999  23.700001  23.700001       0
2022-11-18 12:25:00-05:00  23.709999  23.709999  23.559999  23.559999  23.559999       0
2022-11-18 12:30:00-05:00  23.549999  23.620001  23.549999  23.610001  23.610001       0
2022-11-18 12:35:00-05:00  23.600000  23.600000  23.480000  23.480000  23.480000       0
2022-11-18 12:40:00-05:00  23.480000  23.559999  23.469999  23.559999  23.559999       0
2022-11-18 12:45:00-05:00  23.559999  23.629999  23.540001  23.629999  23.629999       0
2022-11-18 12:50:00-05:00  23.639999  23.709999  23.590000  23.690001  23.690001       0
2022-11-18 12:55:00-05:00  23.690001  23.730000  23.620001  23.620001  23.620001       0
2022-11-18 13:00:00-05:00  23.620001  23.639999  23.570000  23.590000  23.590000       0
2022-11-18 13:05:00-05:00  23.590000  23.590000  23.450001  23.450001  23.450001       0
2022-11-18 13:10:00-05:00  23.450001  23.480000  23.420000  23.480000  23.480000       0
2022-11-18 13:15:00-05:00  23.480000  23.570000  23.480000  23.559999  23.559999       0
2022-11-18 13:20:00-05:00  23.570000  23.610001  23.540001  23.549999  23.549999       0
2022-11-18 13:25:00-05:00  23.530001  23.549999  23.420000  23.420000  23.420000       0
2022-11-18 13:30:00-05:00  23.420000  23.420000  23.360001  23.360001  23.360001       0
2022-11-18 13:35:00-05:00  23.350000  23.430000  23.350000  23.420000  23.420000       0
2022-11-18 13:40:00-05:00  23.420000  23.549999  23.420000  23.549999  23.549999       0
2022-11-18 13:45:00-05:00  23.540001  23.570000  23.510000  23.570000  23.570000       0
2022-11-18 13:50:00-05:00  23.570000  23.580000  23.520000  23.559999  23.559999       0
2022-11-18 13:55:00-05:00  23.570000  23.570000  23.459999  23.459999  23.459999       0
2022-11-18 14:00:00-05:00  23.440001  23.459999  23.350000  23.360001  23.360001       0
2022-11-18 14:05:00-05:00  23.350000  23.389999  23.340000  23.360001  23.360001       0
2022-11-18 14:10:00-05:00  23.360001  23.389999  23.350000  23.389999  23.389999       0
2022-11-18 14:15:00-05:00  23.379999  23.410000  23.299999  23.400000  23.400000       0
2022-11-18 14:20:00-05:00  23.400000  23.400000  23.350000  23.360001  23.360001       0
2022-11-18 14:25:00-05:00  23.370001  23.379999  23.350000  23.379999  23.379999       0
2022-11-18 14:30:00-05:00  23.370001  23.450001  23.330000  23.400000  23.400000       0
2022-11-18 14:35:00-05:00  23.400000  23.450001  23.400000  23.430000  23.430000       0
2022-11-18 14:40:00-05:00  23.410000  23.420000  23.370001  23.410000  23.410000       0
2022-11-18 14:45:00-05:00  23.410000  23.430000  23.370001  23.379999  23.379999       0
2022-11-18 14:50:00-05:00  23.379999  23.379999  23.299999  23.299999  23.299999       0
2022-11-18 14:55:00-05:00  23.299999  23.299999  23.230000  23.230000  23.230000       0
2022-11-18 15:00:00-05:00  23.230000  23.230000  23.129999  23.200001  23.200001       0
2022-11-18 15:05:00-05:00  23.209999  23.230000  23.160000  23.170000  23.170000       0
2022-11-18 15:10:00-05:00  23.160000  23.209999  23.150000  23.209999  23.209999       0
2022-11-18 15:15:00-05:00  23.219999  23.219999  23.180000  23.200001  23.200001       0
2022-11-18 15:20:00-05:00  23.180000  23.209999  23.120001  23.120001  23.120001       0
2022-11-18 15:25:00-05:00  23.120001  23.129999  23.090000  23.090000  23.090000       0
2022-11-18 15:30:00-05:00  23.080000  23.110001  23.059999  23.100000  23.100000       0
2022-11-18 15:35:00-05:00  23.110001  23.120001  22.990000  22.990000  22.990000       0
2022-11-18 15:40:00-05:00  22.980000  23.040001  22.980000  23.000000  23.000000       0
2022-11-18 15:45:00-05:00  23.010000  23.049999  23.010000  23.049999  23.049999       0
2022-11-18 15:50:00-05:00  23.059999  23.200001  23.010000  23.190001  23.190001       0
2022-11-18 15:55:00-05:00  23.200001  23.200001  23.059999  23.059999  23.059999       0
2022-11-21 09:30:00-05:00  23.730000  23.730000  23.600000  23.670000  23.670000       0
2022-11-21 09:35:00-05:00  23.660000  23.670000  23.580000  23.590000  23.590000       0
2022-11-21 09:40:00-05:00  23.590000  23.590000  23.530001  23.540001  23.540001       0
2022-11-21 09:45:00-05:00  23.549999  23.549999  23.370001  23.370001  23.370001       0
2022-11-21 09:50:00-05:00  23.360001  23.379999  23.270000  23.270000  23.270000       0
2022-11-21 09:55:00-05:00  23.260000  23.270000  23.160000  23.160000  23.160000       0
2022-11-21 10:00:00-05:00  23.160000  23.209999  23.139999  23.190001  23.190001       0
2022-11-21 10:05:00-05:00  23.190001  23.240000  23.180000  23.190001  23.190001       0
2022-11-21 10:10:00-05:00  23.219999  23.250000  23.180000  23.209999  23.209999       0
2022-11-21 10:15:00-05:00  23.219999  23.260000  23.200001  23.200001  23.200001       0
2022-11-21 10:20:00-05:00  23.200001  23.389999  23.200001  23.309999  23.309999       0
2022-11-21 10:25:00-05:00  23.320000  23.350000  23.290001  23.309999  23.309999       0
2022-11-21 10:30:00-05:00  23.320000  23.340000  23.270000  23.270000  23.270000       0
2022-11-21 10:35:00-05:00  23.280001  23.280001  23.230000  23.250000  23.250000       0
2022-11-21 10:40:00-05:00  23.250000  23.299999  23.230000  23.270000  23.270000       0
2022-11-21 10:45:00-05:00  23.260000  23.370001  23.260000  23.350000  23.350000       0
2022-11-21 10:50:00-05:00  23.360001  23.370001  23.330000  23.340000  23.340000       0
2022-11-21 10:55:00-05:00  23.320000  23.320000  23.209999  23.230000  23.230000       0
2022-11-21 11:00:00-05:00  23.219999  23.240000  23.160000  23.170000  23.170000       0
2022-11-21 11:05:00-05:00  23.180000  23.180000  23.120001  23.120001  23.120001       0
2022-11-21 11:10:00-05:00  23.129999  23.160000  23.120001  23.129999  23.129999       0
2022-11-21 11:15:00-05:00  23.129999  23.129999  23.040001  23.080000  23.080000       0
2022-11-21 11:20:00-05:00  23.090000  23.110001  23.040001  23.040001  23.040001       0
2022-11-21 11:25:00-05:00  23.040001  23.110001  23.040001  23.110001  23.110001       0
2022-11-21 11:30:00-05:00  23.100000  23.139999  23.080000  23.139999  23.139999       0
2022-11-21 11:35:00-05:00  23.129999  23.129999  23.040001  23.070000  23.070000       0
2022-11-21 11:40:00-05:00  23.059999  23.100000  23.049999  23.070000  23.070000       0
2022-11-21 11:45:00-05:00  23.059999  23.080000  23.040001  23.049999  23.049999       0
2022-11-21 11:50:00-05:00  23.049999  23.049999  23.000000  23.010000  23.010000       0
2022-11-21 11:55:00-05:00  23.040001  23.280001  23.040001  23.129999  23.129999       0
2022-11-21 12:00:00-05:00  23.139999  23.150000  23.049999  23.080000  23.080000       0
2022-11-21 12:05:00-05:00  23.080000  23.090000  23.059999  23.059999  23.059999       0
2022-11-21 12:10:00-05:00  23.059999  23.059999  23.020000  23.059999  23.059999       0
2022-11-21 12:15:00-05:00  23.059999  23.070000  23.030001  23.059999  23.059999       0
2022-11-21 12:20:00-05:00  23.049999  23.080000  23.030001  23.040001  23.040001       0
2022-11-21 12:25:00-05:00  23.030001  23.080000  23.010000  23.070000  23.070000       0
2022-11-21 12:30:00-05:00  23.070000  23.070000  22.980000  22.980000  22.980000       0
2022-11-21 12:35:00-05:00  22.969999  23.000000  22.940001  22.990000  22.990000       0
2022-11-21 12:40:00-05:00  22.969999  22.980000  22.959999  22.969999  22.969999       0
2022-11-21 12:45:00-05:00  22.969999  22.969999  22.930000  22.959999  22.959999       0
2022-11-21 12:50:00-05:00  22.959999  22.990000  22.959999  22.980000  22.980000       0
2022-11-21 12:55:00-05:00  22.990000  23.040001  22.980000  23.010000  23.010000       0
2022-11-21 13:00:00-05:00  23.010000  23.010000  22.959999  22.969999  22.969999       0
2022-11-21 13:05:00-05:00  22.969999  22.980000  22.930000  22.950001  22.950001       0
2022-11-21 13:10:00-05:00  22.950001  22.950001  22.799999  22.820000  22.820000       0
2022-11-21 13:15:00-05:00  22.830000  22.870001  22.820000  22.860001  22.860001       0
2022-11-21 13:20:00-05:00  22.860001  22.879999  22.840000  22.850000  22.850000       0
2022-11-21 13:25:00-05:00  22.850000  22.879999  22.840000  22.870001  22.870001       0
2022-11-21 13:30:00-05:00  22.860001  22.870001  22.809999  22.809999  22.809999       0
2022-11-21 13:35:00-05:00  22.790001  22.799999  22.700001  22.730000  22.730000       0
2022-11-21 13:40:00-05:00  22.719999  22.770000  22.719999  22.750000  22.750000       0
2022-11-21 13:45:00-05:00  22.760000  22.780001  22.740000  22.740000  22.740000       0
2022-11-21 13:50:00-05:00  22.740000  22.740000  22.709999  22.719999  22.719999       0
2022-11-21 13:55:00-05:00  22.719999  22.719999  22.709999  22.709999  22.709999       0
2022-11-21 14:00:00-05:00  22.719999  22.719999  22.650000  22.650000  22.650000       0
2022-11-21 14:05:00-05:00  22.660000  22.660000  22.629999  22.650000  22.650000       0
2022-11-21 14:10:00-05:00  22.650000  22.670000  22.629999  22.629999  22.629999       0
2022-11-21 14:15:00-05:00  22.629999  22.639999  22.590000  22.600000  22.600000       0
2022-11-21 14:20:00-05:00  22.600000  22.700001  22.600000  22.680000  22.680000       0
2022-11-21 14:25:00-05:00  22.690001  22.690001  22.650000  22.670000  22.670000       0
2022-11-21 14:30:00-05:00  22.680000  22.680000  22.629999  22.629999  22.629999       0
2022-11-21 14:35:00-05:00  22.639999  22.670000  22.620001  22.620001  22.620001       0
2022-11-21 14:40:00-05:00  22.620001  22.680000  22.620001  22.660000  22.660000       0
2022-11-21 14:45:00-05:00  22.670000  22.700001  22.660000  22.690001  22.690001       0
2022-11-21 14:50:00-05:00  22.680000  22.690001  22.639999  22.660000  22.660000       0
2022-11-21 14:55:00-05:00  22.660000  22.690001  22.639999  22.680000  22.680000       0
2022-11-21 15:00:00-05:00  22.700001  22.700001  22.559999  22.559999  22.559999       0
2022-11-21 15:05:00-05:00  22.549999  22.580000  22.540001  22.549999  22.549999       0
2022-11-21 15:10:00-05:00  22.559999  22.600000  22.559999  22.570000  22.570000       0
2022-11-21 15:15:00-05:00  22.570000  22.570000  22.510000  22.510000  22.510000       0
2022-11-21 15:20:00-05:00  22.490000  22.510000  22.469999  22.500000  22.500000       0
2022-11-21 15:25:00-05:00  22.500000  22.549999  22.500000  22.530001  22.530001       0
2022-11-21 15:30:00-05:00  22.510000  22.540001  22.469999  22.530001  22.530001       0
2022-11-21 15:35:00-05:00  22.540001  22.540001  22.459999  22.469999  22.469999       0
2022-11-21 15:40:00-05:00  22.469999  22.480000  22.450001  22.450001  22.450001       0
2022-11-21 15:45:00-05:00  22.440001  22.440001  22.370001  22.370001  22.370001       0
2022-11-21 15:50:00-05:00  22.370001  22.379999  22.299999  22.330000  22.330000       0
2022-11-21 15:55:00-05:00  22.320000  22.420000  22.320000  22.420000  22.420000       0
2022-11-22 09:30:00-05:00  22.170000  22.230000  22.150000  22.180000  22.180000       0
2022-11-22 09:35:00-05:00  22.160000  22.280001  22.100000  22.280001  22.280001       0
2022-11-22 09:40:00-05:00  22.250000  22.250000  22.110001  22.150000  22.150000       0
2022-11-22 09:45:00-05:00  22.150000  22.160000  22.070000  22.090000  22.090000       0
2022-11-22 09:50:00-05:00  22.100000  22.120001  22.059999  22.080000  22.080000       0
2022-11-22 09:55:00-05:00  22.080000  22.100000  22.020000  22.020000  22.020000       0
2022-11-22 10:00:00-05:00  22.030001  22.049999  21.879999  21.910000  21.910000       0
2022-11-22 10:05:00-05:00  21.910000  21.910000  21.840000  21.879999  21.879999       0
2022-11-22 10:10:00-05:00  21.879999  21.879999  21.840000  21.860001  21.860001       0
2022-11-22 10:15:00-05:00  21.850000  21.879999  21.809999  21.870001  21.870001       0
2022-11-22 10:20:00-05:00  21.870001  21.910000  21.870001  21.910000  21.910000       0
2022-11-22 10:25:00-05:00  21.920000  21.940001  21.910000  21.940001  21.940001       0
2022-11-22 10:30:00-05:00  21.930000  21.930000  21.850000  21.920000  21.920000       0
2022-11-22 10:35:00-05:00  21.920000  21.980000  21.920000  21.980000  21.980000       0
2022-11-22 10:40:00-05:00  21.990000  21.990000  21.940001  21.940001  21.940001       0
2022-11-22 10:45:00-05:00  21.950001  21.969999  21.930000  21.930000  21.930000       0
2022-11-22 10:50:00-05:00  21.950001  21.990000  21.940001  21.959999  21.959999       0
2022-11-22 10:55:00-05:00  21.969999  21.969999  21.900000  21.910000  21.910000       0
2022-11-22 11:00:00-05:00  21.910000  21.990000  21.910000  21.990000  21.990000       0
2022-11-22 11:05:00-05:00  21.990000  22.000000  21.930000  21.930000  21.930000       0
2022-11-22 11:10:00-05:00  21.920000  21.959999  21.910000  21.959999  21.959999       0
2022-11-22 11:15:00-05:00  21.969999  22.020000  21.940001  21.940001  21.940001       0
2022-11-22 11:20:00-05:00  21.930000  21.950001  21.920000  21.940001  21.940001       0
2022-11-22 11:25:00-05:00  21.930000  21.930000  21.809999  21.820000  21.820000       0
2022-11-22 11:30:00-05:00  21.830000  21.870001  21.830000  21.830000  21.830000       0
2022-11-22 11:35:00-05:00  21.799999  21.870001  21.790001  21.830000  21.830000       0
2022-11-22 11:40:00-05:00  21.830000  21.850000  21.799999  21.830000  21.830000       0
2022-11-22 11:45:00-05:00  21.840000  21.850000  21.820000  21.820000  21.820000       0
2022-11-22 11:50:00-05:00  21.820000  21.860001  21.820000  21.820000  21.820000       0
2022-11-22 11:55:00-05:00  21.809999  21.809999  21.750000  21.770000  21.770000       0
2022-11-22 12:00:00-05:00  21.760000  21.760000  21.719999  21.719999  21.719999       0
2022-11-22 12:05:00-05:00  21.730000  21.780001  21.730000  21.760000  21.760000       0
2022-11-22 12:10:00-05:00  21.770000  21.780001  21.750000  21.780001  21.780001       0
2022-11-22 12:15:00-05:00  21.780001  21.780001  21.750000  21.770000  21.770000       0
2022-11-22 12:20:00-05:00  21.770000  21.809999  21.770000  21.799999  21.799999       0
2022-11-22 12:25:00-05:00  21.790001  21.809999  21.790001  21.790001  21.790001       0
2022-11-22 12:30:00-05:00  21.780001  21.790001  21.770000  21.770000  21.770000       0
2022-11-22 12:35:00-05:00  21.780001  21.780001  21.760000  21.760000  21.760000       0
2022-11-22 12:40:00-05:00  21.760000  21.780001  21.719999  21.719999  21.719999       0
2022-11-22 12:45:00-05:00  21.719999  21.740000  21.709999  21.730000  21.730000       0
2022-11-22 12:50:00-05:00  21.730000  21.760000  21.730000  21.740000  21.740000       0
2022-11-22 12:55:00-05:00  21.730000  21.750000  21.730000  21.740000  21.740000       0
2022-11-22 13:00:00-05:00  21.740000  21.760000  21.700001  21.730000  21.730000       0
2022-11-22 13:05:00-05:00  21.730000  21.750000  21.680000  21.680000  21.680000       0
2022-11-22 13:10:00-05:00  21.670000  21.680000  21.639999  21.670000  21.670000       0
2022-11-22 13:15:00-05:00  21.670000  21.670000  21.610001  21.610001  21.610001       0
2022-11-22 13:20:00-05:00  21.610001  21.610001  21.580000  21.580000  21.580000       0
2022-11-22 13:25:00-05:00  21.580000  21.580000  21.540001  21.540001  21.540001       0
2022-11-22 13:30:00-05:00  21.540001  21.549999  21.530001  21.530001  21.530001       0
2022-11-22 13:35:00-05:00  21.540001  21.559999  21.540001  21.549999  21.549999       0
2022-11-22 13:40:00-05:00  21.549999  21.549999  21.500000  21.510000  21.510000       0
2022-11-22 13:45:00-05:00  21.510000  21.530001  21.500000  21.510000  21.510000       0
2022-11-22 13:50:00-05:00  21.500000  21.500000  21.480000  21.500000  21.500000       0
2022-11-22 13:55:00-05:00  21.500000  21.510000  21.490000  21.510000  21.510000       0
2022-11-22 14:00:00-05:00  21.510000  21.530001  21.490000  21.530001  21.530001       0
2022-11-22 14:05:00-05:00  21.520000  21.570000  21.520000  21.549999  21.549999       0
2022-11-22 14:10:00-05:00  21.559999  21.570000  21.530001  21.559999  21.559999       0
2022-11-22 14:15:00-05:00  21.549999  21.559999  21.520000  21.549999  21.549999       0
2022-11-22 14:20:00-05:00  21.549999  21.549999  21.530001  21.530001  21.530001       0
2022-11-22 14:25:00-05:00  21.530001  21.540001  21.500000  21.500000  21.500000       0
2022-11-22 14:30:00-05:00  21.500000  21.510000  21.480000  21.490000  21.490000       0
2022-11-22 14:35:00-05:00  21.490000  21.490000  21.420000  21.430000  21.430000       0
2022-11-22 14:40:00-05:00  21.440001  21.469999  21.430000  21.469999  21.469999       0
2022-11-22 14:45:00-05:00  21.469999  21.480000  21.450001  21.459999  21.459999       0
2022-11-22 14:50:00-05:00  21.459999  21.480000  21.450001  21.480000  21.480000       0
2022-11-22 14:55:00-05:00  21.480000  21.490000  21.469999  21.490000  21.490000       0
2022-11-22 15:00:00-05:00  21.480000  21.490000  21.469999  21.480000  21.480000       0
2022-11-22 15:05:00-05:00  21.480000  21.520000  21.459999  21.459999  21.459999       0
2022-11-22 15:10:00-05:00  21.450001  21.450001  21.430000  21.450001  21.450001       0
2022-11-22 15:15:00-05:00  21.450001  21.480000  21.440001  21.459999  21.459999       0
2022-11-22 15:20:00-05:00  21.459999  21.459999  21.410000  21.410000  21.410000       0
2022-11-22 15:25:00-05:00  21.420000  21.450001  21.400000  21.430000  21.430000       0
2022-11-22 15:30:00-05:00  21.430000  21.440001  21.389999  21.410000  21.410000       0
2022-11-22 15:35:00-05:00  21.389999  21.410000  21.370001  21.389999  21.389999       0
2022-11-22 15:40:00-05:00  21.379999  21.389999  21.370001  21.370001  21.370001       0
2022-11-22 15:45:00-05:00  21.370001  21.370001  21.340000  21.370001  21.370001       0
2022-11-22 15:50:00-05:00  21.370001  21.410000  21.370001  21.389999  21.389999       0
2022-11-22 15:55:00-05:00  21.400000  21.400000  21.350000  21.350000  21.350000       0
2022-11-23 09:30:00-05:00  21.650000  21.690001  21.549999  21.549999  21.549999       0
2022-11-23 09:35:00-05:00  21.530001  21.549999  21.510000  21.510000  21.510000       0
2022-11-23 09:40:00-05:00  21.500000  21.530001  21.480000  21.480000  21.480000       0
2022-11-23 09:45:00-05:00  21.480000  21.500000  21.340000  21.370001  21.370001       0
2022-11-23 09:50:00-05:00  21.379999  21.379999  21.260000  21.350000  21.350000       0
2022-11-23 09:55:00-05:00  21.340000  21.450001  21.340000  21.450001  21.450001       0
2022-11-23 10:00:00-05:00  21.430000  21.480000  21.299999  21.299999  21.299999       0
2022-11-23 10:05:00-05:00  21.309999  21.340000  21.230000  21.330000  21.330000       0
2022-11-23 10:10:00-05:00  21.330000  21.330000  21.280001  21.299999  21.299999       0
2022-11-23 10:15:00-05:00  21.299999  21.350000  21.270000  21.270000  21.270000       0
2022-11-23 10:20:00-05:00  21.260000  21.270000  21.180000  21.180000  21.180000       0
2022-11-23 10:25:00-05:00  21.170000  21.190001  21.120001  21.120001  21.120001       0
2022-11-23 10:30:00-05:00  21.129999  21.129999  21.040001  21.049999  21.049999       0
2022-11-23 10:35:00-05:00  21.049999  21.049999  21.010000  21.040001  21.040001       0