                                Open       High        Low      Close  Adj Close  Volume
Datetime                                                                                
2022-10-24 10:50:00-04:00  30.570000  30.570000  30.299999  30.379999  30.379999       0
2022-10-24 10:55:00-04:00  30.370001  30.480000  30.370001  30.459999  30.459999       0
2022-10-24 11:00:00-04:00  30.350000  30.400000  30.340000  30.400000  30.400000       0
2022-10-24 11:05:00-04:00  30.410000  30.450001  30.350000  30.440001  30.440001       0
2022-10-24 11:10:00-04:00  30.440001  30.450001  30.280001  30.280001  30.280001       0
2022-10-24 11:15:00-04:00  30.280001  30.490000  30.270000  30.410000  30.410000       0
2022-10-24 11:20:00-04:00  30.370001  30.370001  30.290001  30.290001  30.290001       0
2022-10-24 11:25:00-04:00  30.280001  30.350000  30.270000  30.290001  30.290001       0
2022-10-24 11:30:00-04:00  30.299999  30.320000  30.280001  30.309999  30.309999       0
2022-10-24 11:35:00-04:00  30.299999  30.360001  30.250000  30.340000  30.340000       0
2022-10-24 11:40:00-04:00  30.330000  30.430000  30.330000  30.430000  30.430000       0
2022-10-24 11:45:00-04:00  30.430000  30.490000  30.430000  30.440001  30.440001       0
2022-10-24 11:50:00-04:00  30.420000  30.480000  30.370001  30.469999  30.469999       0
2022-10-24 11:55:00-04:00  30.469999  30.530001  30.469999  30.530001  30.530001       0
2022-10-24 12:00:00-04:00  30.530001  30.570000  30.520000  30.570000  30.570000       0
2022-10-24 12:05:00-04:00  30.570000  30.650000  30.570000  30.650000  30.650000       0
2022-10-24 12:10:00-04:00  30.660000  30.670000  30.629999  30.629999  30.629999       0
2022-10-24 12:15:00-04:00  30.629999  30.639999  30.490000  30.520000  30.520000       0
2022-10-24 12:20:00-04:00  30.520000  30.530001  30.459999  30.469999  30.469999       0
2022-10-24 12:25:00-04:00  30.469999  30.540001  30.469999  30.540001  30.540001       0
2022-10-24 12:30:00-04:00  30.549999  30.570000  30.510000  30.549999  30.549999       0
2022-10-24 12:35:00-04:00  30.549999  30.580000  30.480000  30.480000  30.480000       0
2022-10-24 12:40:00-04:00  30.480000  30.510000  30.360001  30.360001  30.360001       0
2022-10-24 12:45:00-04:00  30.350000  30.400000  30.340000  30.379999  30.379999       0
2022-10-24 12:50:00-04:00  30.389999  30.389999  30.370001  30.370001  30.370001       0
2022-10-24 12:55:00-04:00  30.370001  30.410000  30.350000  30.350000  30.350000       0
2022-10-24 13:00:00-04:00  30.360001  30.420000  30.320000  30.379999  30.379999       0
2022-10-24 13:05:00-04:00  30.350000  30.360001  30.290001  30.290001  30.290001       0
2022-10-24 13:10:00-04:00  30.290001  30.370001  30.290001  30.299999  30.299999       0
2022-10-24 13:15:00-04:00  30.309999  30.360001  30.309999  30.350000  30.350000       0
2022-10-24 13:20:00-04:00  30.350000  30.360001  30.280001  30.280001  30.280001       0
2022-10-24 13:25:00-04:00  30.250000  30.379999  30.230000  30.370001  30.370001       0
2022-10-24 13:30:00-04:00  30.370001  30.459999  30.370001  30.459999  30.459999       0
2022-10-24 13:35:00-04:00  30.459999  30.480000  30.389999  30.400000  30.400000       0
2022-10-24 13:40:00-04:00  30.389999  30.389999  30.320000  30.320000  30.320000       0
2022-10-24 13:45:00-04:00  30.309999  30.309999  30.209999  30.209999  30.209999       0
2022-10-24 13:50:00-04:00  30.209999  30.219999  30.190001  30.200001  30.200001       0
2022-10-24 13:55:00-04:00  30.200001  30.209999  30.160000  30.209999  30.209999       0
2022-10-24 14:00:00-04:00  30.200001  30.200001  30.120001  30.170000  30.170000       0
2022-10-24 14:05:00-04:00  30.170000  30.200001  30.150000  30.200001  30.200001       0
2022-10-24 14:10:00-04:00  30.219999  30.219999  30.150000  30.150000  30.150000       0
2022-10-24 14:15:00-04:00  30.150000  30.150000  30.139999  30.139999  30.139999       0
2022-10-24 14:20:00-04:00  30.150000  30.170000  30.139999  30.150000  30.150000       0
2022-10-24 14:25:00-04:00  30.139999  30.160000  30.120001  30.120001  30.120001       0
2022-10-24 14:30:00-04:00  30.129999  30.129999  30.100000  30.100000  30.100000       0
2022-10-24 14:35:00-04:00  30.090000  30.110001  30.080000  30.080000  30.080000       0
2022-10-24 14:40:00-04:00  30.080000  30.139999  30.070000  30.110001  30.110001       0
2022-10-24 14:45:00-04:00  30.110001  30.129999  30.100000  30.129999  30.129999       0
2022-10-24 14:50:00-04:00  30.129999  30.150000  30.100000  30.139999  30.139999       0
2022-10-24 14:55:00-04:00  30.120001  30.260000  30.120001  30.260000  30.260000       0
2022-10-24 15:00:00-04:00  30.299999  30.400000  30.280001  30.280001  30.280001       0
2022-10-24 15:05:00-04:00  30.240000  30.320000  30.240000  30.320000  30.320000       0
2022-10-24 15:10:00-04:00  30.320000  30.320000  30.280001  30.290001  30.290001       0
2022-10-24 15:15:00-04:00  30.290001  30.290001  30.250000  30.250000  30.250000       0
2022-10-24 15:20:00-04:00  30.250000  30.270000  30.170000  30.170000  30.170000       0
2022-10-24 15:25:00-04:00  30.170000  30.200001  30.160000  30.200001  30.200001       0
2022-10-24 15:30:00-04:00  30.219999  30.219999  30.150000  30.150000  30.150000       0
2022-10-24 15:35:00-04:00  30.139999  30.150000  30.090000  30.090000  30.090000       0
2022-10-24 15:40:00-04:00  30.080000  30.080000  30.020000  30.020000  30.020000       0
2022-10-24 15:45:00-04:00  30.020000  30.020000  29.969999  29.980000  29.980000       0
2022-10-24 15:50:00-04:00  29.969999  29.969999  29.889999  29.889999  29.889999       0
2022-10-24 15:55:00-04:00  29.900000  29.900000  29.780001  29.809999  29.809999       0
2022-10-25 09:30:00-04:00  29.680000  29.709999  29.639999  29.680000  29.680000       0
2022-10-25 09:35:00-04:00  29.680000  29.770000  29.660000  29.709999  29.709999       0
2022-10-25 09:40:00-04:00  29.709999  29.740000  29.680000  29.680000  29.680000       0
2022-10-25 09:45:00-04:00  29.670000  29.719999  29.590000  29.600000  29.600000       0
2022-10-25 09:50:00-04:00  29.580000  29.600000  29.570000  29.590000  29.590000       0
2022-10-25 09:55:00-04:00  29.590000  29.620001  29.360001  29.480000  29.480000       0
2022-10-25 10:00:00-04:00  29.379999  29.520000  29.379999  29.389999  29.389999       0
2022-10-25 10:05:00-04:00  29.360001  29.360001  29.209999  29.340000  29.340000       0
2022-10-25 10:10:00-04:00  29.330000  29.410000  29.270000  29.410000  29.410000       0
2022-10-25 10:15:00-04:00  29.430000  29.660000  29.430000  29.500000  29.500000       0
2022-10-25 10:20:00-04:00  29.510000  29.570000  29.500000  29.500000  29.500000       0
2022-10-25 10:25:00-04:00  29.510000  29.510000  29.450001  29.490000  29.490000       0
2022-10-25 10:30:00-04:00  29.490000  29.490000  29.340000  29.340000  29.340000       0
2022-10-25 10:35:00-04:00  29.350000  29.370001  29.280001  29.299999  29.299999       0
2022-10-25 10:40:00-04:00  29.299999  29.350000  29.299999  29.340000  29.340000       0
2022-10-25 10:45:00-04:00  29.340000  29.340000  29.299999  29.309999  29.309999       0
2022-10-25 10:50:00-04:00  29.309999  29.330000  29.270000  29.270000  29.270000       0
2022-10-25 10:55:00-04:00  29.260000  29.260000  29.180000  29.180000  29.180000       0
2022-10-25 11:00:00-04:00  29.180000  29.200001  29.150000  29.160000  29.160000       0
2022-10-25 11:05:00-04:00  29.170000  29.190001  29.129999  29.190001  29.190001       0
2022-10-25 11:10:00-04:00  29.209999  29.219999  29.200001  29.200001  29.200001       0
2022-10-25 11:15:00-04:00  29.209999  29.250000  29.180000  29.209999  29.209999       0
2022-10-25 11:20:00-04:00  29.209999  29.209999  29.170000  29.170000  29.170000       0
2022-10-25 11:25:00-04:00  29.150000  29.150000  29.070000  29.070000  29.070000       0
2022-10-25 11:30:00-04:00  29.070000  29.070000  28.980000  29.000000  29.000000       0
2022-10-25 11:35:00-04:00  29.000000  29.000000  28.950001  28.959999  28.959999       0
2022-10-25 11:40:00-04:00  28.940001  28.940001  28.870001  28.879999  28.879999       0
2022-10-25 11:45:00-04:00  28.879999  28.910000  28.870001  28.889999  28.889999       0
2022-10-25 11:50:00-04:00  28.889999  28.910000  28.889999  28.889999  28.889999       0
2022-10-25 11:55:00-04:00  28.889999  28.889999  28.799999  28.850000  28.850000       0
2022-10-25 12:00:00-04:00  28.850000  28.850000  28.719999  28.730000  28.730000       0
2022-10-25 12:05:00-04:00  28.740000  28.840000  28.709999  28.840000  28.840000       0
2022-10-25 12:10:00-04:00  28.840000  28.860001  28.840000  28.860001  28.860001       0
2022-10-25 12:15:00-04:00  28.870001  28.870001  28.830000  28.830000  28.830000       0
2022-10-25 12:20:00-04:00  28.820000  28.840000  28.809999  28.809999  28.809999       0
2022-10-25 12:25:00-04:00  28.820000  28.830000  28.780001  28.790001  28.790001       0
2022-10-25 12:30:00-04:00  28.790001  28.820000  28.790001  28.820000  28.820000       0
2022-10-25 12:35:00-04:00  28.820000  28.840000  28.820000  28.830000  28.830000       0
2022-10-25 12:40:00-04:00  28.830000  28.860001  28.809999  28.809999  28.809999       0
2022-10-25 12:45:00-04:00  28.799999  28.809999  28.740000  28.740000  28.740000       0
2022-10-25 12:50:00-04:00  28.750000  28.760000  28.719999  28.760000  28.760000       0
2022-10-25 12:55:00-04:00  28.760000  28.770000  28.750000  28.750000  28.750000       0
2022-10-25 13:00:00-04:00  28.719999  28.719999  28.660000  28.670000  28.670000       0
2022-10-25 13:05:00-04:00  28.680000  28.690001  28.610001  28.639999  28.639999       0
2022-10-25 13:10:00-04:00  28.650000  28.719999  28.650000  28.719999  28.719999       0
2022-10-25 13:15:00-04:00  28.719999  28.780001  28.709999  28.730000  28.730000       0
2022-10-25 13:20:00-04:00  28.709999  28.719999  28.670000  28.680000  28.680000       0
2022-10-25 13:25:00-04:00  28.680000  28.680000  28.580000  28.639999  28.639999       0
2022-10-25 13:30:00-04:00  28.639999  28.650000  28.610001  28.650000  28.650000       0
2022-10-25 13:35:00-04:00  28.639999  28.680000  28.639999  28.680000  28.680000       0
2022-10-25 13:40:00-04:00  28.680000  28.760000  28.680000  28.760000  28.760000       0
2022-10-25 13:45:00-04:00  28.760000  28.790001  28.750000  28.750000  28.750000       0
2022-10-25 13:50:00-04:00  28.740000  28.740000  28.629999  28.629999  28.629999       0
2022-10-25 13:55:00-04:00  28.629999  28.629999  28.549999  28.559999  28.559999       0
2022-10-25 14:00:00-04:00  28.559999  28.559999  28.500000  28.510000  28.510000       0
2022-10-25 14:05:00-04:00  28.510000  28.559999  28.490000  28.559999  28.559999       0
2022-10-25 14:10:00-04:00  28.570000  28.570000  28.530001  28.549999  28.549999       0
2022-10-25 14:15:00-04:00  28.549999  28.570000  28.549999  28.570000  28.570000       0
2022-10-25 14:20:00-04:00  28.559999  28.629999  28.559999  28.610001  28.610001       0
2022-10-25 14:25:00-04:00  28.610001  28.610001  28.590000  28.590000  28.590000       0
2022-10-25 14:30:00-04:00  28.590000  28.600000  28.549999  28.549999  28.549999       0
2022-10-25 14:35:00-04:00  28.549999  28.600000  28.549999  28.590000  28.590000       0
2022-10-25 14:40:00-04:00  28.590000  28.590000  28.520000  28.520000  28.520000       0
2022-10-25 14:45:00-04:00  28.520000  28.530001  28.490000  28.490000  28.490000       0
2022-10-25 14:50:00-04:00  28.500000  28.500000  28.480000  28.480000  28.480000       0
2022-10-25 14:55:00-04:00  28.480000  28.520000  28.459999  28.510000  28.510000       0
2022-10-25 15:00:00-04:00  28.510000  28.510000  28.430000  28.430000  28.430000       0
2022-10-25 15:05:00-04:00  28.420000  28.430000  28.389999  28.389999  28.389999       0
2022-10-25 15:10:00-04:00  28.389999  28.400000  28.389999  28.389999  28.389999       0
2022-10-25 15:15:00-04:00  28.410000  28.520000  28.410000  28.520000  28.520000       0
2022-10-25 15:20:00-04:00  28.520000  28.520000  28.510000  28.520000  28.520000       0
2022-10-25 15:25:00-04:00  28.520000  28.520000  28.490000  28.510000  28.510000       0
2022-10-25 15:30:00-04:00  28.520000  28.570000  28.520000  28.520000  28.520000       0
2022-10-25 15:35:00-04:00  28.520000  28.520000  28.450001  28.490000  28.490000       0
2022-10-25 15:40:00-04:00  28.490000  28.510000  28.430000  28.430000  28.430000       0
2022-10-25 15:45:00-04:00  28.420000  28.420000  28.299999  28.299999  28.299999       0
2022-10-25 15:50:00-04:00  28.290001  28.290001  28.219999  28.290001  28.290001       0
2022-10-25 15:55:00-04:00  28.290001  28.340000  28.290001  28.330000  28.330000       0
2022-10-26 09:30:00-04:00  28.250000  28.260000  28.200001  28.219999  28.219999       0
2022-10-26 09:35:00-04:00  28.230000  28.240000  27.980000  27.980000  27.980000       0
2022-10-26 09:40:00-04:00  27.959999  28.020000  27.860001  28.020000  28.020000       0
2022-10-26 09:45:00-04:00  28.129999  28.150000  27.770000  27.790001  27.790001       0
2022-10-26 09:50:00-04:00  27.780001  27.959999  27.719999  27.959999  27.959999       0
2022-10-26 09:55:00-04:00  27.990000  27.990000  27.870001  27.990000  27.990000       0
2022-10-26 10:00:00-04:00  27.980000  27.990000  27.799999  27.799999  27.799999       0
2022-10-26 10:05:00-04:00  27.799999  27.860001  27.730000  27.780001  27.780001       0
2022-10-26 10:10:00-04:00  27.790001  27.809999  27.719999  27.790001  27.790001       0
2022-10-26 10:15:00-04:00  27.760000  27.770000  27.600000  27.610001  27.610001       0
2022-10-26 10:20:00-04:00  27.580000  27.600000  27.570000  27.570000  27.570000       0
2022-10-26 10:25:00-04:00  27.549999  27.549999  27.490000  27.549999  27.549999       0
2022-10-26 10:30:00-04:00  27.600000  27.709999  27.600000  27.680000  27.680000       0
2022-10-26 10:35:00-04:00  27.690001  27.760000  27.670000  27.670000  27.670000       0
2022-10-26 10:40:00-04:00  27.660000  27.670000  27.620001  27.660000  27.660000       0
2022-10-26 10:45:00-04:00  27.670000  27.730000  27.670000  27.700001  27.700001       0
2022-10-26 10:50:00-04:00  27.700001  27.700001  27.610001  27.629999  27.629999       0
2022-10-26 10:55:00-04:00  27.620001  27.639999  27.580000  27.590000  27.590000       0
2022-10-26 11:00:00-04:00  27.590000  27.650000  27.549999  27.620001  27.620001       0
2022-10-26 11:05:00-04:00  27.590000  27.610001  27.540001  27.600000  27.600000       0
2022-10-26 11:10:00-04:00  27.590000  27.590000  27.430000  27.459999  27.459999       0
2022-10-26 11:15:00-04:00  27.480000  27.490000  27.410000  27.450001  27.450001       0
2022-10-26 11:20:00-04:00  27.450001  27.450001  27.370001  27.379999  27.379999       0
2022-10-26 11:25:00-04:00  27.389999  27.410000  27.379999  27.400000  27.400000       0
2022-10-26 11:30:00-04:00  27.400000  27.440001  27.389999  27.440001  27.440001       0
2022-10-26 11:35:00-04:00  27.440001  27.450001  27.430000  27.450001  27.450001       0
2022-10-26 11:40:00-04:00  27.450001  27.490000  27.450001  27.480000  27.480000       0
2022-10-26 11:45:00-04:00  27.480000  27.500000  27.430000  27.440001  27.440001       0
2022-10-26 11:50:00-04:00  27.440001  27.450001  27.420000  27.430000  27.430000       0
2022-10-26 11:55:00-04:00  27.440001  27.450001  27.430000  27.430000  27.430000       0
2022-10-26 12:00:00-04:00  27.440001  27.510000  27.400000  27.510000  27.510000       0
2022-10-26 12:05:00-04:00  27.520000  27.549999  27.490000  27.510000  27.510000       0
2022-10-26 12:10:00-04:00  27.510000  27.510000  27.490000  27.500000  27.500000       0
2022-10-26 12:15:00-04:00  27.500000  27.500000  27.400000  27.410000  27.410000       0
2022-10-26 12:20:00-04:00  27.410000  27.480000  27.400000  27.469999  27.469999       0
2022-10-26 12:25:00-04:00  27.469999  27.480000  27.430000  27.450001  27.450001       0
2022-10-26 12:30:00-04:00  27.450001  27.450001  27.360001  27.389999  27.389999       0
2022-10-26 12:35:00-04:00  27.379999  27.379999  27.350000  27.360001  27.360001       0
2022-10-26 12:40:00-04:00  27.370001  27.480000  27.370001  27.430000  27.430000       0
2022-10-26 12:45:00-04:00  27.450001  27.520000  27.440001  27.520000  27.520000       0
2022-10-26 12:50:00-04:00  27.520000  27.570000  27.520000  27.549999  27.549999       0
2022-10-26 12:55:00-04:00  27.559999  27.680000  27.559999  27.650000  27.650000       0
2022-10-26 13:00:00-04:00  27.610001  27.639999  27.459999  27.459999  27.459999       0
2022-10-26 13:05:00-04:00  27.459999  27.540001  27.459999  27.540001  27.540001       0
2022-10-26 13:10:00-04:00  27.540001  27.580000  27.469999  27.580000  27.580000       0
2022-10-26 13:15:00-04:00  27.590000  27.650000  27.590000  27.620001  27.620001       0
2022-10-26 13:20:00-04:00  27.600000  27.660000  27.570000  27.660000  27.660000       0
2022-10-26 13:25:00-04:00  27.650000  27.709999  27.650000  27.709999  27.709999       0
2022-10-26 13:30:00-04:00  27.719999  27.879999  27.719999  27.879999  27.879999       0
2022-10-26 13:35:00-04:00  27.900000  27.900000  27.809999  27.809999  27.809999       0
2022-10-26 13:40:00-04:00  27.799999  27.799999  27.650000  27.680000  27.680000       0
2022-10-26 13:45:00-04:00  27.670000  27.750000  27.670000  27.730000  27.730000       0
2022-10-26 13:50:00-04:00  27.730000  27.730000  27.590000  27.590000  27.590000       0
2022-10-26 13:55:00-04:00  27.580000  27.610001  27.540001  27.549999  27.549999       0
2022-10-26 14:00:00-04:00  27.549999  27.580000  27.530001  27.530001  27.530001       0
2022-10-26 14:05:00-04:00  27.520000  27.520000  27.370001  27.400000  27.400000       0
2022-10-26 14:10:00-04:00  27.400000  27.410000  27.360001  27.400000  27.400000       0
2022-10-26 14:15:00-04:00  27.389999  27.530001  27.389999  27.530001  27.530001       0
2022-10-26 14:20:00-04:00  27.549999  27.670000  27.549999  27.660000  27.660000       0
2022-10-26 14:25:00-04:00  27.639999  27.719999  27.590000  27.719999  27.719999       0
2022-10-26 14:30:00-04:00  27.730000  27.750000  27.709999  27.719999  27.719999       0
2022-10-26 14:35:00-04:00  27.719999  27.719999  27.580000  27.590000  27.590000       0
2022-10-26 14:40:00-04:00  27.590000  27.780001  27.590000  27.780001  27.780001       0
2022-10-26 14:45:00-04:00  27.780001  27.780001  27.730000  27.770000  27.770000       0
2022-10-26 14:50:00-04:00  27.770000  27.790001  27.760000  27.770000  27.770000       0
2022-10-26 14:55:00-04:00  27.770000  27.809999  27.740000  27.809999  27.809999       0
2022-10-26 15:00:00-04:00  27.879999  28.020000  27.879999  28.020000  28.020000       0
2022-10-26 15:05:00-04:00  28.020000  28.129999  28.020000  28.080000  28.080000       0
2022-10-26 15:10:00-04:00  28.090000  28.180000  28.090000  28.100000  28.100000       0
2022-10-26 15:15:00-04:00  28.090000  28.090000  27.930000  27.930000  27.930000       0
2022-10-26 15:20:00-04:00  27.920000  27.940001  27.910000  27.930000  27.930000       0
2022-10-26 15:25:00-04:00  27.920000  27.980000  27.900000  27.930000  27.930000       0
2022-10-26 15:30:00-04:00  27.930000  27.930000  27.780001  27.790001  27.790001       0
2022-10-26 15:35:00-04:00  27.780001  27.820000  27.709999  27.719999  27.719999       0
2022-10-26 15:40:00-04:00  27.719999  27.719999  27.580000  27.650000  27.650000       0
2022-10-26 15:45:00-04:00  27.639999  27.660000  27.490000  27.490000  27.490000       0
2022-10-26 15:50:00-04:00  27.469999  27.580000  27.469999  27.549999  27.549999       0
2022-10-26 15:55:00-04:00  27.559999  27.600000  27.440001  27.450001  27.450001       0
2022-10-27 09:30:00-04:00  27.360001  27.360001  27.309999  27.320000  27.320000       0
2022-10-27 09:35:00-04:00  27.309999  27.320000  27.250000  27.280001  27.280001       0
2022-10-27 09:40:00-04:00  27.260000  27.320000  27.250000  27.260000  27.260000       0
2022-10-27 09:45:00-04:00  27.240000  27.510000  27.230000  27.510000  27.510000       0
2022-10-27 09:50:00-04:00  27.520000  27.670000  27.490000  27.580000  27.580000       0
2022-10-27 09:55:00-04:00  27.590000  27.639999  27.430000  27.440001  27.440001       0
2022-10-27 10:00:00-04:00  27.440001  27.500000  27.219999  27.219999  27.219999       0
2022-10-27 10:05:00-04:00  27.170000  27.219999  27.040001  27.110001  27.110001       0
2022-10-27 10:10:00-04:00  27.100000  27.139999  27.040001  27.070000  27.070000       0
2022-10-27 10:15:00-04:00  27.059999  27.059999  26.950001  26.950001  26.950001       0
2022-10-27 10:20:00-04:00  26.969999  27.049999  26.969999  27.040001  27.040001       0
2022-10-27 10:25:00-04:00  27.040001  27.070000  27.010000  27.070000  27.070000       0
2022-10-27 10:30:00-04:00  27.080000  27.150000  27.080000  27.110001  27.110001       0
2022-10-27 10:35:00-04:00  27.100000  27.110001  27.040001  27.059999  27.059999       0
2022-10-27 10:40:00-04:00  27.059999  27.110001  27.059999  27.090000  27.090000       0
2022-10-27 10:45:00-04:00  27.100000  27.129999  27.080000  27.110001  27.110001       0
2022-10-27 10:50:00-04:00  27.129999  27.129999  27.080000  27.090000  27.090000       0
2022-10-27 10:55:00-04:00  27.100000  27.250000  27.100000  27.250000  27.250000       0
2022-10-27 11:00:00-04:00  27.250000  27.290001  27.150000  27.250000  27.250000       0
2022-10-27 11:05:00-04:00  27.240000  27.290001  27.219999  27.219999  27.219999       0
2022-10-27 11:10:00-04:00  27.219999  27.230000  27.150000  27.180000  27.180000       0
2022-10-27 11:15:00-04:00  27.190001  27.250000  27.190001  27.209999  27.209999       0
2022-10-27 11:20:00-04:00  27.209999  27.219999  27.110001  27.110001  27.110001       0
2022-10-27 11:25:00-04:00  27.110001  27.190001  27.100000  27.100000  27.100000       0
2022-10-27 11:30:00-04:00  27.110001  27.180000  27.080000  27.110001  27.110001       0
2022-10-27 11:35:00-04:00  27.120001  27.260000  27.080000  27.180000  27.180000       0
2022-10-27 11:40:00-04:00  27.209999  27.260000  27.160000  27.240000  27.240000       0
2022-10-27 11:45:00-04:00  27.240000  27.270000  27.150000  27.150000  27.150000       0
2022-10-27 11:50:00-04:00  27.150000  27.190001  27.150000  27.170000  27.170000       0
2022-10-27 11:55:00-04:00  27.160000  27.190001  27.150000  27.180000  27.180000       0
2022-10-27 12:00:00-04:00  27.170000  27.190001  27.020000  27.020000  27.020000       0
2022-10-27 12:05:00-04:00  27.030001  27.040001  26.969999  27.030001  27.030001       0
2022-10-27 12:10:00-04:00  27.040001  27.059999  27.010000  27.020000  27.020000       0
2022-10-27 12:15:00-04:00  27.020000  27.030001  26.950001  27.030001  27.030001       0
2022-10-27 12:20:00-04:00  27.070000  27.120001  27.049999  27.059999  27.059999       0
2022-10-27 12:25:00-04:00  27.070000  27.219999  27.070000  27.219999  27.219999       0
2022-10-27 12:30:00-04:00  27.209999  27.209999  27.090000  27.090000  27.090000       0
2022-10-27 12:35:00-04:00  27.090000  27.129999  27.090000  27.129999  27.129999       0
2022-10-27 12:40:00-04:00  27.129999  27.139999  27.070000  27.090000  27.090000       0
2022-10-27 12:45:00-04:00  27.110001  27.120001  27.030001  27.030001  27.030001       0
2022-10-27 12:50:00-04:00  27.040001  27.059999  27.020000  27.020000  27.020000       0
2022-10-27 12:55:00-04:00  27.030001  27.049999  27.000000  27.000000  27.000000       0
2022-10-27 13:00:00-04:00  27.010000  27.070000  26.990000  27.059999  27.059999       0
2022-10-27 13:05:00-04:00  27.059999  27.059999  26.950001  26.950001  26.950001       0
2022-10-27 13:10:00-04:00  26.950001  26.969999  26.950001  26.969999  26.969999       0
2022-10-27 13:15:00-04:00  26.969999  27.040001  26.969999  27.010000  27.010000       0
2022-10-27 13:20:00-04:00  27.010000  27.040001  26.990000  27.020000  27.020000       0
2022-10-27 13:25:00-04:00  27.020000  27.100000  27.020000  27.090000  27.090000       0
2022-10-27 13:30:00-04:00  27.090000  27.100000  27.059999  27.080000  27.080000       0
2022-10-27 13:35:00-04:00  27.070000  27.080000  27.040001  27.070000  27.070000       0
2022-10-27 13:40:00-04:00  27.070000  27.070000  27.040001  27.059999  27.059999       0
2022-10-27 13:45:00-04:00  27.049999  27.049999  27.010000  27.010000  27.010000       0
2022-10-27 13:50:00-04:00  27.010000  27.010000  26.969999  26.969999  26.969999       0
2022-10-27 13:55:00-04:00  26.969999  27.080000  26.940001  27.080000  27.080000       0
2022-10-27 14:00:00-04:00  27.100000  27.110001  27.080000  27.080000  27.080000       0
2022-10-27 14:05:00-04:00  27.090000  27.180000  27.090000  27.180000  27.180000       0
2022-10-27 14:10:00-04:00  27.180000  27.230000  27.129999  27.129999  27.129999       0
2022-10-27 14:15:00-04:00  27.129999  27.150000  27.070000  27.070000  27.070000       0
2022-10-27 14:20:00-04:00  27.059999  27.080000  27.059999  27.059999  27.059999       0
2022-10-27 14:25:00-04:00  27.049999  27.090000  27.049999  27.090000  27.090000       0
2022-10-27 14:30:00-04:00  27.090000  27.150000  27.070000  27.080000  27.080000       0
2022-10-27 14:35:00-04:00  27.080000  27.160000  27.080000  27.160000  27.160000       0
2022-10-27 14:40:00-04:00  27.170000  27.200001  27.160000  27.200001  27.200001       0
2022-10-27 14:45:00-04:00  27.190001  27.209999  27.180000  27.209999  27.209999       0
2022-10-27 14:50:00-04:00  27.219999  27.250000  27.190001  27.230000  27.230000       0
2022-10-27 14:55:00-04:00  27.230000  27.240000  27.170000  27.170000  27.170000       0
2022-10-27 15:00:00-04:00  27.170000  27.170000  27.030001  27.090000  27.090000       0
2022-10-27 15:05:00-04:00  27.090000  27.270000  27.090000  27.270000  27.270000       0
2022-10-27 15:10:00-04:00  27.280001  27.309999  27.139999  27.139999  27.139999       0
2022-10-27 15:15:00-04:00  27.150000  27.160000  27.120001  27.160000  27.160000       0
2022-10-27 15:20:00-04:00  27.160000  27.190001  27.139999  27.150000  27.150000       0
2022-10-27 15:25:00-04:00  27.150000  27.180000  27.139999  27.139999  27.139999       0
2022-10-27 15:30:00-04:00  27.120001  27.129999  26.969999  27.010000  27.010000       0
2022-10-27 15:35:00-04:00  26.990000  27.059999  26.990000  27.030001  27.030001       0
2022-10-27 15:40:00-04:00  27.040001  27.090000  27.020000  27.040001  27.040001       0
2022-10-27 15:45:00-04:00  27.040001  27.040001  26.990000  27.000000  27.000000       0
2022-10-27 15:50:00-04:00  27.010000  27.059999  26.990000  27.059999  27.059999       0
2022-10-27 15:55:00-04:00  27.080000  27.110001  27.000000  27.000000  27.000000       0
2022-10-28 09:30:00-04:00  26.920000  26.920000  26.770000  26.780001  26.780001       0
2022-10-28 09:35:00-04:00  26.709999  26.719999  26.660000  26.719999  26.719999       0
2022-10-28 09:40:00-04:00  26.719999  26.770000  26.670000  26.670000  26.670000       0
2022-10-28 09:45:00-04:00  26.660000  26.740000  26.620001  26.690001  26.690001       0
2022-10-28 09:50:00-04:00  26.680000  26.740000  26.670000  26.730000  26.730000       0
2022-10-28 09:55:00-04:00  26.740000  26.799999  26.730000  26.790001  26.790001       0
2022-10-28 10:00:00-04:00  26.799999  26.920000  26.700001  26.850000  26.850000       0
2022-10-28 10:05:00-04:00  26.860001  26.959999  26.840000  26.959999  26.959999       0
2022-10-28 10:10:00-04:00  26.959999  26.980000  26.870001  26.870001  26.870001       0
2022-10-28 10:15:00-04:00  26.840000  26.900000  26.799999  26.900000  26.900000       0
2022-10-28 10:20:00-04:00  26.889999  26.910000  26.840000  26.840000  26.840000       0
2022-10-28 10:25:00-04:00  26.850000  26.850000  26.620001  26.620001  26.620001       0
2022-10-28 10:30:00-04:00  26.620001  26.620001  26.580000  26.600000  26.600000       0
2022-10-28 10:35:00-04:00  26.600000  26.610001  26.580000  26.600000  26.600000       0
2022-10-28 10:40:00-04:00  26.590000  26.650000  26.590000  26.650000  26.650000       0
2022-10-28 10:45:00-04:00  26.639999  26.639999  26.590000  26.600000  26.600000       0
2022-10-28 10:50:00-04:00  26.600000  26.639999  26.600000  26.600000  26.600000       0
2022-10-28 10:55:00-04:00  26.600000  26.620001  26.590000  26.590000  26.590000       0
2022-10-28 11:00:00-04:00  26.580000  26.610001  26.540001  26.610001  26.610001       0
2022-10-28 11:05:00-04:00  26.610001  26.620001  26.570000  26.570000  26.570000       0
2022-10-28 11:10:00-04:00  26.570000  26.570000  26.490000  26.500000  26.500000       0
2022-10-28 11:15:00-04:00  26.490000  26.520000  26.440001  26.440001  26.440001       0
2022-10-28 11:20:00-04:00  26.430000  26.450001  26.410000  26.440001  26.440001       0
2022-10-28 11:25:00-04:00  26.440001  26.450001  26.389999  26.389999  26.389999       0
2022-10-28 11:30:00-04:00  26.410000  26.410000  26.389999  26.410000  26.410000       0
2022-10-28 11:35:00-04:00  26.410000  26.430000  26.370001  26.370001  26.370001       0
2022-10-28 11:40:00-04:00  26.360001  26.410000  26.340000  26.400000  26.400000       0
2022-10-28 11:45:00-04:00  26.389999  26.389999  26.350000  26.389999  26.389999       0
2022-10-28 11:50:00-04:00  26.389999  26.420000  26.360001  26.360001  26.360001       0
2022-10-28 11:55:00-04:00  26.370001  26.410000  26.370001  26.389999  26.389999       0
2022-10-28 12:00:00-04:00  26.389999  26.389999  26.330000  26.360001  26.360001       0
2022-10-28 12:05:00-04:00  26.370001  26.420000  26.330000  26.350000  26.350000       0
2022-10-28 12:10:00-04:00  26.350000  26.400000  26.340000  26.360001  26.360001       0
2022-10-28 12:15:00-04:00  26.340000  26.360001  26.290001  26.320000  26.320000       0
2022-10-28 12:20:00-04:00  26.320000  26.320000  26.270000  26.299999  26.299999       0
2022-10-28 12:25:00-04:00  26.320000  26.350000  26.320000  26.330000  26.330000       0
2022-10-28 12:30:00-04:00  26.309999  26.330000  26.299999  26.320000  26.320000       0
2022-10-28 12:35:00-04:00  26.299999  26.320000  26.299999  26.320000  26.320000       0
2022-10-28 12:40:00-04:00  26.320000  26.320000  26.260000  26.280001  26.280001       0
2022-10-28 12:45:00-04:00  26.330000  26.410000  26.270000  26.270000  26.270000       0
2022-10-28 12:50:00-04:00  26.270000  26.270000  26.209999  26.209999  26.209999       0
2022-10-28 12:55:00-04:00  26.209999  26.230000  26.200001  26.200001  26.200001       0
2022-10-28 13:00:00-04:00  26.209999  26.209999  26.170000  26.170000  26.170000       0
2022-10-28 13:05:00-04:00  26.170000  26.170000  26.129999  26.150000  26.150000       0
2022-10-28 13:10:00-04:00  26.150000  26.170000  26.139999  26.150000  26.150000       0
2022-10-28 13:15:00-04:00  26.150000  26.160000  26.080000  26.090000  26.090000       0
2022-10-28 13:20:00-04:00  26.100000  26.100000  26.090000  26.090000  26.090000       0
2022-10-28 13:25:00-04:00  26.090000  26.090000  26.040001  26.059999  26.059999       0
2022-10-28 13:30:00-04:00  26.059999  26.059999  25.980000  25.990000  25.990000       0
2022-10-28 13:35:00-04:00  25.980000  26.070000  25.969999  26.070000  26.070000       0
2022-10-28 13:40:00-04:00  26.070000  26.120001  26.070000  26.100000  26.100000       0
2022-10-28 13:45:00-04:00  26.080000  26.090000  26.059999  26.090000  26.090000       0
2022-10-28 13:50:00-04:00  26.100000  26.100000  26.059999  26.080000  26.080000       0
2022-10-28 13:55:00-04:00  26.080000  26.080000  26.020000  26.020000  26.020000       0
2022-10-28 14:00:00-04:00  26.020000  26.030001  25.950001  25.950001  25.950001       0
2022-10-28 14:05:00-04:00  25.950001  26.040001  25.950001  26.030001  26.030001       0
2022-10-28 14:10:00-04:00  26.030001  26.030001  25.990000  25.990000  25.990000       0
2022-10-28 14:15:00-04:00  25.980000  26.040001  25.980000  26.040001  26.040001       0
2022-10-28 14:20:00-04:00  26.040001  26.040001  26.030001  26.040001  26.040001       0
2022-10-28 14:25:00-04:00  26.030001  26.030001  25.959999  25.959999  25.959999       0
2022-10-28 14:30:00-04:00  25.959999  26.000000  25.940001  25.990000  25.990000       0
2022-10-28 14:35:00-04:00  26.000000  26.000000  25.950001  25.950001  25.950001       0
2022-10-28 14:40:00-04:00  25.959999  26.030001  25.950001  26.020000  26.020000       0
2022-10-28 14:45:00-04:00  26.020000  26.049999  26.020000  26.049999  26.049999       0
2022-10-28 14:50:00-04:00  26.040001  26.070000  26.040001  26.049999  26.049999       0
2022-10-28 14:55:00-04:00  26.040001  26.040001  26.020000  26.030001  26.030001       0
2022-10-28 15:00:00-04:00  26.030001  26.080000  26.020000  26.070000  26.070000       0
2022-10-28 15:05:00-04:00  26.070000  26.090000  26.049999  26.049999  26.049999       0
2022-10-28 15:10:00-04:00  26.059999  26.070000  26.020000  26.040001  26.040001       0
2022-10-28 15:15:00-04:00  26.040001  26.070000  26.020000  26.070000  26.070000       0
2022-10-28 15:20:00-04:00  26.070000  26.120001  26.070000  26.080000  26.080000       0
2022-10-28 15:25:00-04:00  26.080000  26.080000  25.980000  25.990000  25.990000       0
2022-10-28 15:30:00-04:00  25.980000  25.990000  25.940001  25.940001  25.940001       0
2022-10-28 15:35:00-04:00  25.930000  25.940001  25.879999  25.920000  25.920000       0
2022-10-28 15:40:00-04:00  25.920000  25.980000  25.920000  25.950001  25.950001       0
2022-10-28 15:45:00-04:00  25.950001  25.950001  25.900000  25.900000  25.900000       0
2022-10-28 15:50:00-04:00  25.900000  25.900000  25.850000  25.889999  25.889999       0
2022-10-28 15:55:00-04:00  25.910000  26.010000  25.889999  26.010000  26.010000       0
2022-10-31 09:30:00-04:00  26.990000  26.990000  26.879999  26.950001  26.950001       0
2022-10-31 09:35:00-04:00  26.930000  26.959999  26.910000  26.959999  26.959999       0
2022-10-31 09:40:00-04:00  26.959999  27.010000  26.889999  26.910000  26.910000       0
2022-10-31 09:45:00-04:00  26.910000  26.950001  26.830000  26.840000  26.840000       0
2022-10-31 09:50:00-04:00  26.870001  26.940001  26.760000  26.760000  26.760000       0
2022-10-31 09:55:00-04:00  26.760000  26.790001  26.740000  26.770000  26.770000       0
2022-10-31 10:00:00-04:00  26.780001  26.780001  26.660000  26.660000  26.660000       0
2022-10-31 10:05:00-04:00  26.639999  26.719999  26.639999  26.680000  26.680000       0
2022-10-31 10:10:00-04:00  26.690001  26.740000  26.660000  26.660000  26.660000       0
2022-10-31 10:15:00-04:00  26.660000  26.660000  26.540001  26.580000  26.580000       0
2022-10-31 10:20:00-04:00  26.590000  26.620001  26.559999  26.570000  26.570000       0
2022-10-31 10:25:00-04:00  26.570000  26.610001  26.559999  26.590000  26.590000       0
2022-10-31 10:30:00-04:00  26.600000  26.629999  26.580000  26.610001  26.610001       0
2022-10-31 10:35:00-04:00  26.629999  26.670000  26.629999  26.639999  26.639999       0