                                Open       High        Low      Close  Adj Close  Volume
Datetime                                                                                
2023-02-02 10:50:00-05:00  17.520000  17.620001  17.520000  17.620001  17.620001       0
2023-02-02 10:55:00-05:00  17.629999  17.629999  17.580000  17.590000  17.590000       0
2023-02-02 11:00:00-05:00  17.590000  17.629999  17.559999  17.620001  17.620001       0
2023-02-02 11:05:00-05:00  17.629999  17.670000  17.629999  17.670000  17.670000       0
2023-02-02 11:10:00-05:00  17.670000  17.750000  17.670000  17.730000  17.730000       0
2023-02-02 11:15:00-05:00  17.730000  17.760000  17.639999  17.639999  17.639999       0
2023-02-02 11:20:00-05:00  17.660000  17.660000  17.570000  17.590000  17.590000       0
2023-02-02 11:25:00-05:00  17.610001  17.650000  17.610001  17.629999  17.629999       0
2023-02-02 11:30:00-05:00  17.639999  17.709999  17.639999  17.709999  17.709999       0
2023-02-02 11:35:00-05:00  17.719999  17.760000  17.719999  17.760000  17.760000       0
2023-02-02 11:40:00-05:00  17.760000  17.790001  17.750000  17.790001  17.790001       0
2023-02-02 11:45:00-05:00  17.799999  17.799999  17.770000  17.790001  17.790001       0
2023-02-02 11:50:00-05:00  17.799999  17.809999  17.790001  17.799999  17.799999       0
2023-02-02 11:55:00-05:00  17.790001  17.809999  17.760000  17.799999  17.799999       0
2023-02-02 12:00:00-05:00  17.780001  17.799999  17.760000  17.780001  17.780001       0
2023-02-02 12:05:00-05:00  17.780001  17.780001  17.680000  17.709999  17.709999       0
2023-02-02 12:10:00-05:00  17.709999  17.709999  17.650000  17.660000  17.660000       0
2023-02-02 12:15:00-05:00  17.650000  17.690001  17.650000  17.680000  17.680000       0
2023-02-02 12:20:00-05:00  17.690001  17.709999  17.680000  17.680000  17.680000       0
2023-02-02 12:25:00-05:00  17.690001  17.750000  17.680000  17.750000  17.750000       0
2023-02-02 12:30:00-05:00  17.760000  17.780001  17.750000  17.760000  17.760000       0
2023-02-02 12:35:00-05:00  17.770000  17.860001  17.770000  17.860001  17.860001       0
2023-02-02 12:40:00-05:00  17.850000  17.870001  17.840000  17.850000  17.850000       0
2023-02-02 12:45:00-05:00  17.850000  17.900000  17.850000  17.889999  17.889999       0
2023-02-02 12:50:00-05:00  17.889999  17.910000  17.889999  17.889999  17.889999       0
2023-02-02 12:55:00-05:00  17.900000  17.930000  17.900000  17.920000  17.920000       0
2023-02-02 13:00:00-05:00  17.930000  18.010000  17.930000  18.010000  18.010000       0
2023-02-02 13:05:00-05:00  18.010000  18.139999  18.010000  18.139999  18.139999       0
2023-02-02 13:10:00-05:00  18.120001  18.170000  18.120001  18.170000  18.170000       0
2023-02-02 13:15:00-05:00  18.170000  18.190001  18.150000  18.160000  18.160000       0
2023-02-02 13:20:00-05:00  18.180000  18.190001  18.160000  18.190001  18.190001       0
2023-02-02 13:25:00-05:00  18.190001  18.240000  18.190001  18.230000  18.230000       0
2023-02-02 13:30:00-05:00  18.240000  18.240000  18.219999  18.240000  18.240000       0
2023-02-02 13:35:00-05:00  18.240000  18.260000  18.230000  18.260000  18.260000       0
2023-02-02 13:40:00-05:00  18.270000  18.330000  18.260000  18.299999  18.299999       0
2023-02-02 13:45:00-05:00  18.309999  18.360001  18.299999  18.360001  18.360001       0
2023-02-02 13:50:00-05:00  18.360001  18.420000  18.360001  18.420000  18.420000       0
2023-02-02 13:55:00-05:00  18.420000  18.629999  18.420000  18.629999  18.629999       0
2023-02-02 14:00:00-05:00  18.639999  18.799999  18.639999  18.799999  18.799999       0
2023-02-02 14:05:00-05:00  18.799999  18.820000  18.799999  18.809999  18.809999       0
2023-02-02 14:10:00-05:00  18.799999  18.830000  18.760000  18.809999  18.809999       0
2023-02-02 14:15:00-05:00  18.799999  18.860001  18.799999  18.850000  18.850000       0
2023-02-02 14:20:00-05:00  18.850000  18.879999  18.830000  18.879999  18.879999       0
2023-02-02 14:25:00-05:00  18.900000  18.959999  18.850000  18.959999  18.959999       0
2023-02-02 14:30:00-05:00  18.959999  19.129999  18.959999  19.129999  19.129999       0
2023-02-02 14:35:00-05:00  19.120001  19.219999  19.040001  19.059999  19.059999       0
2023-02-02 14:40:00-05:00  19.090000  19.139999  19.070000  19.090000  19.090000       0
2023-02-02 14:45:00-05:00  19.020000  19.139999  19.020000  19.090000  19.090000       0
2023-02-02 14:50:00-05:00  19.090000  19.090000  18.980000  19.049999  19.049999       0
2023-02-02 14:55:00-05:00  19.049999  19.240000  19.049999  19.190001  19.190001       0
2023-02-02 15:00:00-05:00  19.209999  19.250000  19.120001  19.170000  19.170000       0
2023-02-02 15:05:00-05:00  19.170000  19.180000  19.010000  19.170000  19.170000       0
2023-02-02 15:10:00-05:00  19.160000  19.160000  18.980000  18.980000  18.980000       0
2023-02-02 15:15:00-05:00  18.950001  19.000000  18.879999  18.900000  18.900000       0
2023-02-02 15:20:00-05:00  18.900000  18.910000  18.809999  18.809999  18.809999       0
2023-02-02 15:25:00-05:00  18.799999  18.809999  18.730000  18.740000  18.740000       0
2023-02-02 15:30:00-05:00  18.730000  18.730000  18.639999  18.639999  18.639999       0
2023-02-02 15:35:00-05:00  18.629999  18.719999  18.620001  18.719999  18.719999       0
2023-02-02 15:40:00-05:00  18.719999  18.799999  18.680000  18.680000  18.680000       0
2023-02-02 15:45:00-05:00  18.670000  18.700001  18.620001  18.680000  18.680000       0
2023-02-02 15:50:00-05:00  18.639999  18.639999  18.500000  18.500000  18.500000       0
2023-02-02 15:55:00-05:00  18.480000  18.480000  18.330000  18.350000  18.350000       0
2023-02-03 09:30:00-05:00  18.520000  18.600000  18.379999  18.410000  18.410000       0
2023-02-03 09:35:00-05:00  18.400000  18.420000  18.219999  18.240000  18.240000       0
2023-02-03 09:40:00-05:00  18.250000  18.340000  18.240000  18.340000  18.340000       0
2023-02-03 09:45:00-05:00  18.309999  18.340000  18.270000  18.280001  18.280001       0
2023-02-03 09:50:00-05:00  18.320000  18.469999  18.280001  18.420000  18.420000       0
2023-02-03 09:55:00-05:00  18.410000  18.469999  18.400000  18.459999  18.459999       0
2023-02-03 10:00:00-05:00  18.450001  18.490000  18.260000  18.320000  18.320000       0
2023-02-03 10:05:00-05:00  18.320000  18.450001  18.320000  18.379999  18.379999       0
2023-02-03 10:10:00-05:00  18.389999  18.450001  18.270000  18.270000  18.270000       0
2023-02-03 10:15:00-05:00  18.219999  18.260000  18.150000  18.230000  18.230000       0
2023-02-03 10:20:00-05:00  18.219999  18.219999  18.150000  18.150000  18.150000       0
2023-02-03 10:25:00-05:00  18.139999  18.219999  18.120001  18.219999  18.219999       0
2023-02-03 10:30:00-05:00  18.250000  18.309999  18.230000  18.260000  18.260000       0
2023-02-03 10:35:00-05:00  18.270000  18.309999  18.270000  18.299999  18.299999       0
2023-02-03 10:40:00-05:00  18.320000  18.450001  18.320000  18.450001  18.450001       0
2023-02-03 10:45:00-05:00  18.450001  18.510000  18.440001  18.510000  18.510000       0
2023-02-03 10:50:00-05:00  18.520000  18.610001  18.520000  18.580000  18.580000       0
2023-02-03 10:55:00-05:00  18.600000  18.620001  18.549999  18.549999  18.549999       0
2023-02-03 11:00:00-05:00  18.570000  18.570000  18.530001  18.540001  18.540001       0
2023-02-03 11:05:00-05:00  18.559999  18.570000  18.510000  18.510000  18.510000       0
2023-02-03 11:10:00-05:00  18.510000  18.510000  18.440001  18.440001  18.440001       0
2023-02-03 11:15:00-05:00  18.440001  18.480000  18.420000  18.469999  18.469999       0
2023-02-03 11:20:00-05:00  18.480000  18.500000  18.459999  18.459999  18.459999       0
2023-02-03 11:25:00-05:00  18.469999  18.490000  18.440001  18.440001  18.440001       0
2023-02-03 11:30:00-05:00  18.440001  18.490000  18.440001  18.480000  18.480000       0
2023-02-03 11:35:00-05:00  18.469999  18.610001  18.469999  18.600000  18.600000       0
2023-02-03 11:40:00-05:00  18.620001  18.639999  18.520000  18.580000  18.580000       0
2023-02-03 11:45:00-05:00  18.570000  18.580000  18.400000  18.500000  18.500000       0
2023-02-03 11:50:00-05:00  18.540001  18.549999  18.440001  18.480000  18.480000       0
2023-02-03 11:55:00-05:00  18.490000  18.620001  18.480000  18.620001  18.620001       0
2023-02-03 12:00:00-05:00  18.629999  18.639999  18.500000  18.510000  18.510000       0
2023-02-03 12:05:00-05:00  18.520000  18.540001  18.500000  18.500000  18.500000       0
2023-02-03 12:10:00-05:00  18.510000  18.510000  18.430000  18.430000  18.430000       0
2023-02-03 12:15:00-05:00  18.440001  18.469999  18.430000  18.450001  18.450001       0
2023-02-03 12:20:00-05:00  18.450001  18.469999  18.420000  18.440001  18.440001       0
2023-02-03 12:25:00-05:00  18.450001  18.459999  18.410000  18.410000  18.410000       0
2023-02-03 12:30:00-05:00  18.420000  18.430000  18.379999  18.379999  18.379999       0
2023-02-03 12:35:00-05:00  18.379999  18.379999  18.309999  18.330000  18.330000       0
2023-02-03 12:40:00-05:00  18.340000  18.350000  18.299999  18.350000  18.350000       0
2023-02-03 12:45:00-05:00  18.350000  18.389999  18.320000  18.370001  18.370001       0
2023-02-03 12:50:00-05:00  18.379999  18.430000  18.350000  18.420000  18.420000       0
2023-02-03 12:55:00-05:00  18.420000  18.700001  18.420000  18.700001  18.700001       0
2023-02-03 13:00:00-05:00  18.670000  18.740000  18.639999  18.740000  18.740000       0
2023-02-03 13:05:00-05:00  18.740000  18.889999  18.680000  18.860001  18.860001       0
2023-02-03 13:10:00-05:00  18.900000  18.969999  18.760000  18.760000  18.760000       0
2023-02-03 13:15:00-05:00  18.719999  18.760000  18.690001  18.730000  18.730000       0
2023-02-03 13:20:00-05:00  18.760000  18.850000  18.690001  18.850000  18.850000       0
2023-02-03 13:25:00-05:00  18.820000  18.860001  18.790001  18.860001  18.860001       0
2023-02-03 13:30:00-05:00  18.879999  19.049999  18.879999  19.010000  19.010000       0
2023-02-03 13:35:00-05:00  19.030001  19.059999  18.940001  18.969999  18.969999       0
2023-02-03 13:40:00-05:00  18.959999  19.150000  18.959999  19.150000  19.150000       0
2023-02-03 13:45:00-05:00  19.150000  19.299999  19.090000  19.090000  19.090000       0
2023-02-03 13:50:00-05:00  19.080000  19.080000  18.820000  18.820000  18.820000       0
2023-02-03 13:55:00-05:00  18.820000  18.930000  18.820000  18.930000  18.930000       0
2023-02-03 14:00:00-05:00  18.930000  18.980000  18.889999  18.889999  18.889999       0
2023-02-03 14:05:00-05:00  18.910000  18.920000  18.770000  18.850000  18.850000       0
2023-02-03 14:10:00-05:00  18.850000  18.930000  18.770000  18.770000  18.770000       0
2023-02-03 14:15:00-05:00  18.750000  18.930000  18.750000  18.900000  18.900000       0
2023-02-03 14:20:00-05:00  18.889999  18.940001  18.809999  18.940001  18.940001       0
2023-02-03 14:25:00-05:00  18.930000  18.930000  18.799999  18.799999  18.799999       0
2023-02-03 14:30:00-05:00  18.799999  18.950001  18.799999  18.900000  18.900000       0
2023-02-03 14:35:00-05:00  18.889999  18.889999  18.660000  18.660000  18.660000       0
2023-02-03 14:40:00-05:00  18.639999  18.670000  18.629999  18.670000  18.670000       0
2023-02-03 14:45:00-05:00  18.680000  18.730000  18.680000  18.700001  18.700001       0
2023-02-03 14:50:00-05:00  18.680000  18.730000  18.620001  18.620001  18.620001       0
2023-02-03 14:55:00-05:00  18.639999  18.799999  18.620001  18.719999  18.719999       0
2023-02-03 15:00:00-05:00  18.719999  18.910000  18.719999  18.870001  18.870001       0
2023-02-03 15:05:00-05:00  18.860001  18.930000  18.770000  18.790001  18.790001       0
2023-02-03 15:10:00-05:00  18.799999  18.840000  18.690001  18.709999  18.709999       0
2023-02-03 15:15:00-05:00  18.700001  18.740000  18.580000  18.590000  18.590000       0
2023-02-03 15:20:00-05:00  18.590000  18.620001  18.520000  18.520000  18.520000       0
2023-02-03 15:25:00-05:00  18.510000  18.510000  18.430000  18.510000  18.510000       0
2023-02-03 15:30:00-05:00  18.510000  18.570000  18.469999  18.570000  18.570000       0
2023-02-03 15:35:00-05:00  18.580000  18.639999  18.530001  18.620001  18.620001       0
2023-02-03 15:40:00-05:00  18.600000  18.639999  18.549999  18.639999  18.639999       0
2023-02-03 15:45:00-05:00  18.650000  18.690001  18.620001  18.639999  18.639999       0
2023-02-03 15:50:00-05:00  18.629999  18.629999  18.480000  18.480000  18.480000       0
2023-02-03 15:55:00-05:00  18.469999  18.480000  18.410000  18.430000  18.430000       0
2023-02-06 09:30:00-05:00  19.440001  19.450001  19.379999  19.450001  19.450001       0
2023-02-06 09:35:00-05:00  19.410000  19.450001  19.389999  19.389999  19.389999       0
2023-02-06 09:40:00-05:00  19.400000  19.540001  19.400000  19.490000  19.490000       0
2023-02-06 09:45:00-05:00  19.490000  19.490000  19.389999  19.389999  19.389999       0
2023-02-06 09:50:00-05:00  19.389999  19.430000  19.299999  19.389999  19.389999       0
2023-02-06 09:55:00-05:00  19.379999  19.379999  19.309999  19.320000  19.320000       0
2023-02-06 10:00:00-05:00  19.309999  19.360001  19.230000  19.230000  19.230000       0
2023-02-06 10:05:00-05:00  19.260000  19.320000  19.250000  19.280001  19.280001       0
2023-02-06 10:10:00-05:00  19.280001  19.410000  19.280001  19.410000  19.410000       0
2023-02-06 10:15:00-05:00  19.410000  19.530001  19.410000  19.530001  19.530001       0
2023-02-06 10:20:00-05:00  19.520000  19.549999  19.469999  19.510000  19.510000       0
2023-02-06 10:25:00-05:00  19.520000  19.610001  19.500000  19.590000  19.590000       0
2023-02-06 10:30:00-05:00  19.600000  19.740000  19.600000  19.680000  19.680000       0
2023-02-06 10:35:00-05:00  19.670000  19.670000  19.549999  19.590000  19.590000       0
2023-02-06 10:40:00-05:00  19.600000  19.610001  19.530001  19.549999  19.549999       0
2023-02-06 10:45:00-05:00  19.549999  19.590000  19.480000  19.490000  19.490000       0
2023-02-06 10:50:00-05:00  19.490000  19.490000  19.330000  19.360001  19.360001       0
2023-02-06 10:55:00-05:00  19.340000  19.360001  19.320000  19.320000  19.320000       0
2023-02-06 11:00:00-05:00  19.330000  19.379999  19.330000  19.370001  19.370001       0
2023-02-06 11:05:00-05:00  19.379999  19.430000  19.340000  19.430000  19.430000       0
2023-02-06 11:10:00-05:00  19.440001  19.469999  19.420000  19.440001  19.440001       0
2023-02-06 11:15:00-05:00  19.450001  19.450001  19.330000  19.330000  19.330000       0
2023-02-06 11:20:00-05:00  19.340000  19.340000  19.290001  19.299999  19.299999       0
2023-02-06 11:25:00-05:00  19.309999  19.320000  19.270000  19.320000  19.320000       0
2023-02-06 11:30:00-05:00  19.320000  19.330000  19.280001  19.330000  19.330000       0
2023-02-06 11:35:00-05:00  19.330000  19.360001  19.320000  19.360001  19.360001       0
2023-02-06 11:40:00-05:00  19.350000  19.389999  19.340000  19.379999  19.379999       0
2023-02-06 11:45:00-05:00  19.370001  19.430000  19.360001  19.430000  19.430000       0
2023-02-06 11:50:00-05:00  19.420000  19.440001  19.370001  19.410000  19.410000       0
2023-02-06 11:55:00-05:00  19.410000  19.520000  19.389999  19.520000  19.520000       0
2023-02-06 12:00:00-05:00  19.520000  19.590000  19.500000  19.540001  19.540001       0
2023-02-06 12:05:00-05:00  19.549999  19.549999  19.459999  19.480000  19.480000       0
2023-02-06 12:10:00-05:00  19.480000  19.490000  19.450001  19.490000  19.490000       0
2023-02-06 12:15:00-05:00  19.490000  19.540001  19.469999  19.540001  19.540001       0
2023-02-06 12:20:00-05:00  19.570000  19.570000  19.500000  19.540001  19.540001       0
2023-02-06 12:25:00-05:00  19.530001  19.549999  19.500000  19.549999  19.549999       0
2023-02-06 12:30:00-05:00  19.540001  19.540001  19.459999  19.490000  19.490000       0
2023-02-06 12:35:00-05:00  19.490000  19.490000  19.400000  19.410000  19.410000       0
2023-02-06 12:40:00-05:00  19.430000  19.480000  19.400000  19.480000  19.480000       0
2023-02-06 12:45:00-05:00  19.480000  19.480000  19.370001  19.410000  19.410000       0
2023-02-06 12:50:00-05:00  19.420000  19.520000  19.420000  19.510000  19.510000       0
2023-02-06 12:55:00-05:00  19.510000  19.530001  19.500000  19.530001  19.530001       0
2023-02-06 13:00:00-05:00  19.520000  19.570000  19.520000  19.570000  19.570000       0
2023-02-06 13:05:00-05:00  19.570000  19.590000  19.500000  19.540001  19.540001       0
2023-02-06 13:10:00-05:00  19.530001  19.670000  19.530001  19.570000  19.570000       0
2023-02-06 13:15:00-05:00  19.570000  19.590000  19.530001  19.530001  19.530001       0
2023-02-06 13:20:00-05:00  19.500000  19.510000  19.469999  19.490000  19.490000       0
2023-02-06 13:25:00-05:00  19.490000  19.559999  19.480000  19.540001  19.540001       0
2023-02-06 13:30:00-05:00  19.549999  19.580000  19.530001  19.559999  19.559999       0
2023-02-06 13:35:00-05:00  19.570000  19.590000  19.540001  19.549999  19.549999       0
2023-02-06 13:40:00-05:00  19.570000  19.629999  19.559999  19.590000  19.590000       0
2023-02-06 13:45:00-05:00  19.600000  19.680000  19.590000  19.680000  19.680000       0
2023-02-06 13:50:00-05:00  19.670000  19.670000  19.600000  19.660000  19.660000       0
2023-02-06 13:55:00-05:00  19.660000  19.660000  19.580000  19.590000  19.590000       0
2023-02-06 14:00:00-05:00  19.590000  19.590000  19.469999  19.480000  19.480000       0
2023-02-06 14:05:00-05:00  19.469999  19.490000  19.459999  19.480000  19.480000       0
2023-02-06 14:10:00-05:00  19.490000  19.490000  19.430000  19.440001  19.440001       0
2023-02-06 14:15:00-05:00  19.450001  19.450001  19.350000  19.360001  19.360001       0
2023-02-06 14:20:00-05:00  19.360001  19.410000  19.350000  19.410000  19.410000       0
2023-02-06 14:25:00-05:00  19.420000  19.450001  19.410000  19.440001  19.440001       0
2023-02-06 14:30:00-05:00  19.440001  19.459999  19.370001  19.379999  19.379999       0
2023-02-06 14:35:00-05:00  19.379999  19.410000  19.370001  19.389999  19.389999       0
2023-02-06 14:40:00-05:00  19.400000  19.480000  19.379999  19.379999  19.379999       0
2023-02-06 14:45:00-05:00  19.389999  19.430000  19.389999  19.410000  19.410000       0
2023-02-06 14:50:00-05:00  19.410000  19.459999  19.410000  19.410000  19.410000       0
2023-02-06 14:55:00-05:00  19.410000  19.440001  19.400000  19.400000  19.400000       0
2023-02-06 15:00:00-05:00  19.400000  19.440001  19.389999  19.430000  19.430000       0
2023-02-06 15:05:00-05:00  19.440001  19.480000  19.430000  19.430000  19.430000       0
2023-02-06 15:10:00-05:00  19.430000  19.530001  19.430000  19.530001  19.530001       0
2023-02-06 15:15:00-05:00  19.540001  19.590000  19.530001  19.540001  19.540001       0
2023-02-06 15:20:00-05:00  19.559999  19.559999  19.520000  19.549999  19.549999       0
2023-02-06 15:25:00-05:00  19.570000  19.610001  19.540001  19.540001  19.540001       0
2023-02-06 15:30:00-05:00  19.540001  19.590000  19.480000  19.480000  19.480000       0
2023-02-06 15:35:00-05:00  19.480000  19.480000  19.410000  19.430000  19.430000       0
2023-02-06 15:40:00-05:00  19.440001  19.480000  19.430000  19.480000  19.480000       0
2023-02-06 15:45:00-05:00  19.469999  19.530001  19.469999  19.530001  19.530001       0
2023-02-06 15:50:00-05:00  19.540001  19.540001  19.420000  19.420000  19.420000       0
2023-02-06 15:55:00-05:00  19.420000  19.490000  19.410000  19.430000  19.430000       0
2023-02-07 09:30:00-05:00  19.920000  19.940001  19.889999  19.920000  19.920000       0
2023-02-07 09:35:00-05:00  19.930000  19.990000  19.870001  19.889999  19.889999       0
2023-02-07 09:40:00-05:00  19.870001  19.879999  19.780001  19.780001  19.780001       0
2023-02-07 09:45:00-05:00  19.790001  19.850000  19.790001  19.830000  19.830000       0
2023-02-07 09:50:00-05:00  19.830000  19.830000  19.740000  19.740000  19.740000       0
2023-02-07 09:55:00-05:00  19.709999  19.730000  19.680000  19.709999  19.709999       0
2023-02-07 10:00:00-05:00  19.719999  19.740000  19.690001  19.709999  19.709999       0
2023-02-07 10:05:00-05:00  19.709999  19.750000  19.660000  19.750000  19.750000       0
2023-02-07 10:10:00-05:00  19.750000  19.780001  19.730000  19.730000  19.730000       0
2023-02-07 10:15:00-05:00  19.730000  19.790001  19.730000  19.730000  19.730000       0
2023-02-07 10:20:00-05:00  19.719999  19.740000  19.709999  19.730000  19.730000       0
2023-02-07 10:25:00-05:00  19.719999  19.809999  19.700001  19.809999  19.809999       0
2023-02-07 10:30:00-05:00  19.790001  19.809999  19.740000  19.780001  19.780001       0
2023-02-07 10:35:00-05:00  19.760000  19.770000  19.709999  19.719999  19.719999       0
2023-02-07 10:40:00-05:00  19.719999  19.750000  19.709999  19.719999  19.719999       0
2023-02-07 10:45:00-05:00  19.709999  19.730000  19.690001  19.700001  19.700001       0
2023-02-07 10:50:00-05:00  19.690001  19.690001  19.639999  19.690001  19.690001       0
2023-02-07 10:55:00-05:00  19.690001  19.770000  19.690001  19.760000  19.760000       0
2023-02-07 11:00:00-05:00  19.760000  19.760000  19.730000  19.750000  19.750000       0
2023-02-07 11:05:00-05:00  19.760000  19.760000  19.590000  19.600000  19.600000       0
2023-02-07 11:10:00-05:00  19.590000  19.629999  19.559999  19.570000  19.570000       0
2023-02-07 11:15:00-05:00  19.559999  19.580000  19.540001  19.570000  19.570000       0
2023-02-07 11:20:00-05:00  19.580000  19.590000  19.559999  19.559999  19.559999       0
2023-02-07 11:25:00-05:00  19.570000  19.610001  19.559999  19.610001  19.610001       0
2023-02-07 11:30:00-05:00  19.610001  19.610001  19.510000  19.540001  19.540001       0
2023-02-07 11:35:00-05:00  19.540001  19.549999  19.510000  19.510000  19.510000       0
2023-02-07 11:40:00-05:00  19.520000  19.530001  19.500000  19.510000  19.510000       0
2023-02-07 11:45:00-05:00  19.500000  19.500000  19.450001  19.469999  19.469999       0
2023-02-07 11:50:00-05:00  19.450001  19.480000  19.420000  19.480000  19.480000       0
2023-02-07 11:55:00-05:00  19.490000  19.530001  19.469999  19.530001  19.530001       0
2023-02-07 12:00:00-05:00  19.530001  19.540001  19.510000  19.520000  19.520000       0
2023-02-07 12:05:00-05:00  19.520000  19.520000  19.490000  19.490000  19.490000       0
2023-02-07 12:10:00-05:00  19.510000  19.530001  19.490000  19.520000  19.520000       0
2023-02-07 12:15:00-05:00  19.510000  19.510000  19.440001  19.450001  19.450001       0
2023-02-07 12:20:00-05:00  19.450001  19.590000  19.450001  19.590000  19.590000       0
2023-02-07 12:25:00-05:00  19.580000  19.590000  19.549999  19.580000  19.580000       0
2023-02-07 12:30:00-05:00  19.580000  19.610001  19.549999  19.600000  19.600000       0
2023-02-07 12:35:00-05:00  19.580000  19.590000  19.559999  19.580000  19.580000       0
2023-02-07 12:40:00-05:00  19.580000  19.590000  19.389999  19.389999  19.389999       0
2023-02-07 12:45:00-05:00  19.400000  19.400000  19.010000  19.010000  19.010000       0
2023-02-07 12:50:00-05:00  18.969999  19.049999  18.730000  18.730000  18.730000       0
2023-02-07 12:55:00-05:00  18.740000  18.750000  18.610001  18.740000  18.740000       0
2023-02-07 13:00:00-05:00  18.750000  18.780001  18.660000  18.780001  18.780001       0
2023-02-07 13:05:00-05:00  18.799999  18.990000  18.799999  18.980000  18.980000       0
2023-02-07 13:10:00-05:00  18.969999  18.990000  18.889999  18.959999  18.959999       0
2023-02-07 13:15:00-05:00  19.010000  19.219999  18.940001  18.940001  18.940001       0
2023-02-07 13:20:00-05:00  18.930000  19.180000  18.930000  19.180000  19.180000       0
2023-02-07 13:25:00-05:00  19.180000  19.320000  19.000000  19.290001  19.290001       0
2023-02-07 13:30:00-05:00  19.270000  19.660000  19.270000  19.620001  19.620001       0
2023-02-07 13:35:00-05:00  19.670000  19.670000  19.400000  19.520000  19.520000       0
2023-02-07 13:40:00-05:00  19.520000  19.639999  19.350000  19.639999  19.639999       0
2023-02-07 13:45:00-05:00  19.660000  19.860001  19.660000  19.830000  19.830000       0
2023-02-07 13:50:00-05:00  19.820000  19.850000  19.620001  19.620001  19.620001       0
2023-02-07 13:55:00-05:00  19.610001  19.610001  19.490000  19.520000  19.520000       0
2023-02-07 14:00:00-05:00  19.490000  19.490000  19.230000  19.230000  19.230000       0
2023-02-07 14:05:00-05:00  19.250000  19.250000  19.020000  19.030001  19.030001       0
2023-02-07 14:10:00-05:00  19.070000  19.070000  18.990000  18.990000  18.990000       0
2023-02-07 14:15:00-05:00  18.990000  18.990000  18.900000  18.930000  18.930000       0
2023-02-07 14:20:00-05:00  18.910000  18.969999  18.860001  18.900000  18.900000       0
2023-02-07 14:25:00-05:00  18.879999  18.950001  18.860001  18.910000  18.910000       0
2023-02-07 14:30:00-05:00  18.920000  18.940001  18.719999  18.799999  18.799999       0
2023-02-07 14:35:00-05:00  18.790001  18.809999  18.760000  18.770000  18.770000       0
2023-02-07 14:40:00-05:00  18.780001  18.840000  18.750000  18.840000  18.840000       0
2023-02-07 14:45:00-05:00  18.850000  18.850000  18.790001  18.790001  18.790001       0
2023-02-07 14:50:00-05:00  18.799999  18.830000  18.719999  18.730000  18.730000       0
2023-02-07 14:55:00-05:00  18.730000  18.770000  18.700001  18.700001  18.700001       0
2023-02-07 15:00:00-05:00  18.719999  18.809999  18.590000  18.799999  18.799999       0
2023-02-07 15:05:00-05:00  18.820000  18.850000  18.780001  18.830000  18.830000       0
2023-02-07 15:10:00-05:00  18.840000  18.840000  18.770000  18.780001  18.780001       0
2023-02-07 15:15:00-05:00  18.770000  18.770000  18.650000  18.650000  18.650000       0
2023-02-07 15:20:00-05:00  18.650000  18.670000  18.620001  18.660000  18.660000       0
2023-02-07 15:25:00-05:00  18.670000  18.690001  18.590000  18.590000  18.590000       0
2023-02-07 15:30:00-05:00  18.629999  18.660000  18.620001  18.629999  18.629999       0
2023-02-07 15:35:00-05:00  18.639999  18.690001  18.600000  18.600000  18.600000       0
2023-02-07 15:40:00-05:00  18.600000  18.600000  18.490000  18.530001  18.530001       0
2023-02-07 15:45:00-05:00  18.520000  18.540001  18.500000  18.510000  18.510000       0
2023-02-07 15:50:00-05:00  18.500000  18.510000  18.430000  18.450001  18.450001       0
2023-02-07 15:55:00-05:00  18.459999  18.590000  18.459999  18.540001  18.540001       0
2023-02-08 09:30:00-05:00  18.889999  18.920000  18.830000  18.830000  18.830000       0
2023-02-08 09:35:00-05:00  18.820000  18.820000  18.680000  18.700001  18.700001       0
2023-02-08 09:40:00-05:00  18.680000  18.709999  18.639999  18.670000  18.670000       0
2023-02-08 09:45:00-05:00  18.690001  18.770000  18.680000  18.770000  18.770000       0
2023-02-08 09:50:00-05:00  18.760000  18.870001  18.760000  18.820000  18.820000       0
2023-02-08 09:55:00-05:00  18.809999  18.840000  18.730000  18.730000  18.730000       0
2023-02-08 10:00:00-05:00  18.750000  18.830000  18.719999  18.730000  18.730000       0
2023-02-08 10:05:00-05:00  18.719999  18.809999  18.709999  18.770000  18.770000       0
2023-02-08 10:10:00-05:00  18.750000  18.760000  18.690001  18.690001  18.690001       0
2023-02-08 10:15:00-05:00  18.670000  18.670000  18.549999  18.549999  18.549999       0
2023-02-08 10:20:00-05:00  18.570000  18.690001  18.570000  18.690001  18.690001       0
2023-02-08 10:25:00-05:00  18.680000  18.719999  18.670000  18.719999  18.719999       0
2023-02-08 10:30:00-05:00  18.709999  18.900000  18.709999  18.879999  18.879999       0
2023-02-08 10:35:00-05:00  18.870001  18.900000  18.780001  18.780001  18.780001       0
2023-02-08 10:40:00-05:00  18.780001  18.889999  18.780001  18.860001  18.860001       0
2023-02-08 10:45:00-05:00  18.870001  18.959999  18.799999  18.799999  18.799999       0
2023-02-08 10:50:00-05:00  18.809999  18.980000  18.809999  18.930000  18.930000       0
2023-02-08 10:55:00-05:00  18.930000  18.950001  18.889999  18.920000  18.920000       0
2023-02-08 11:00:00-05:00  18.930000  19.080000  18.930000  19.020000  19.020000       0
2023-02-08 11:05:00-05:00  19.010000  19.209999  19.000000  19.190001  19.190001       0
2023-02-08 11:10:00-05:00  19.150000  19.150000  19.110001  19.150000  19.150000       0
2023-02-08 11:15:00-05:00  19.160000  19.209999  19.139999  19.190001  19.190001       0
2023-02-08 11:20:00-05:00  19.180000  19.490000  19.100000  19.490000  19.490000       0
2023-02-08 11:25:00-05:00  19.490000  19.690001  19.490000  19.590000  19.590000       0
2023-02-08 11:30:00-05:00  19.600000  19.820000  19.600000  19.820000  19.820000       0
2023-02-08 11:35:00-05:00  19.809999  19.830000  19.730000  19.830000  19.830000       0
2023-02-08 11:40:00-05:00  19.809999  20.070000  19.809999  20.070000  20.070000       0
2023-02-08 11:45:00-05:00  20.070000  20.070000  19.980000  20.059999  20.059999       0
2023-02-08 11:50:00-05:00  20.080000  20.120001  20.040001  20.070000  20.070000       0
2023-02-08 11:55:00-05:00  20.070000  20.080000  19.760000  19.760000  19.760000       0
2023-02-08 12:00:00-05:00  19.770000  19.879999  19.770000  19.879999  19.879999       0
2023-02-08 12:05:00-05:00  19.920000  19.959999  19.870001  19.910000  19.910000       0
2023-02-08 12:10:00-05:00  19.900000  19.920000  19.830000  19.920000  19.920000       0
2023-02-08 12:15:00-05:00  19.940001  19.980000  19.850000  19.850000  19.850000       0
2023-02-08 12:20:00-05:00  19.840000  19.840000  19.600000  19.610001  19.610001       0
2023-02-08 12:25:00-05:00  19.610001  19.740000  19.610001  19.670000  19.670000       0
2023-02-08 12:30:00-05:00  19.639999  19.770000  19.600000  19.770000  19.770000       0
2023-02-08 12:35:00-05:00  19.799999  19.860001  19.770000  19.850000  19.850000       0
2023-02-08 12:40:00-05:00  19.889999  19.930000  19.870001  19.879999  19.879999       0
2023-02-08 12:45:00-05:00  19.870001  19.870001  19.730000  19.730000  19.730000       0
2023-02-08 12:50:00-05:00  19.709999  19.709999  19.650000  19.690001  19.690001       0
2023-02-08 12:55:00-05:00  19.700001  19.719999  19.610001  19.610001  19.610001       0
2023-02-08 13:00:00-05:00  19.610001  19.620001  19.540001  19.549999  19.549999       0
2023-02-08 13:05:00-05:00  19.570000  19.620001  19.490000  19.530001  19.530001       0
2023-02-08 13:10:00-05:00  19.530001  19.549999  19.490000  19.549999  19.549999       0
2023-02-08 13:15:00-05:00  19.540001  19.590000  19.520000  19.549999  19.549999       0
2023-02-08 13:20:00-05:00  19.549999  19.549999  19.480000  19.480000  19.480000       0
2023-02-08 13:25:00-05:00  19.480000  19.730000  19.480000  19.730000  19.730000       0
2023-02-08 13:30:00-05:00  19.740000  19.860001  19.740000  19.830000  19.830000       0
2023-02-08 13:35:00-05:00  19.830000  19.959999  19.780001  19.959999  19.959999       0
2023-02-08 13:40:00-05:00  19.980000  20.010000  19.930000  19.940001  19.940001       0
2023-02-08 13:45:00-05:00  19.950001  20.020000  19.920000  20.010000  20.010000       0
2023-02-08 13:50:00-05:00  20.000000  20.020000  19.959999  19.990000  19.990000       0
2023-02-08 13:55:00-05:00  20.000000  20.000000  19.920000  19.940001  19.940001       0
2023-02-08 14:00:00-05:00  19.950001  20.049999  19.920000  19.940001  19.940001       0
2023-02-08 14:05:00-05:00  19.940001  20.000000  19.920000  19.950001  19.950001       0
2023-02-08 14:10:00-05:00  19.920000  19.930000  19.770000  19.770000  19.770000       0
2023-02-08 14:15:00-05:00  19.780001  19.780001  19.639999  19.650000  19.650000       0
2023-02-08 14:20:00-05:00  19.650000  19.719999  19.650000  19.700001  19.700001       0
2023-02-08 14:25:00-05:00  19.709999  19.820000  19.709999  19.820000  19.820000       0
2023-02-08 14:30:00-05:00  19.820000  19.820000  19.770000  19.799999  19.799999       0
2023-02-08 14:35:00-05:00  19.780001  19.780001  19.740000  19.740000  19.740000       0
2023-02-08 14:40:00-05:00  19.750000  19.959999  19.730000  19.870001  19.870001       0
2023-02-08 14:45:00-05:00  19.870001  19.930000  19.870001  19.920000  19.920000       0
2023-02-08 14:50:00-05:00  19.920000  19.920000  19.830000  19.830000  19.830000       0
2023-02-08 14:55:00-05:00  19.830000  19.860001  19.670000  19.670000  19.670000       0
2023-02-08 15:00:00-05:00  19.680000  19.809999  19.670000  19.809999  19.809999       0
2023-02-08 15:05:00-05:00  19.840000  19.959999  19.840000  19.889999  19.889999       0
2023-02-08 15:10:00-05:00  19.889999  20.000000  19.889999  19.959999  19.959999       0
2023-02-08 15:15:00-05:00  19.950001  19.950001  19.850000  19.900000  19.900000       0
2023-02-08 15:20:00-05:00  19.920000  19.920000  19.719999  19.730000  19.730000       0
2023-02-08 15:25:00-05:00  19.730000  19.730000  19.690001  19.709999  19.709999       0
2023-02-08 15:30:00-05:00  19.700001  19.740000  19.629999  19.740000  19.740000       0
2023-02-08 15:35:00-05:00  19.740000  19.740000  19.549999  19.549999  19.549999       0
2023-02-08 15:40:00-05:00  19.530001  19.549999  19.459999  19.500000  19.500000       0
2023-02-08 15:45:00-05:00  19.480000  19.730000  19.480000  19.730000  19.730000       0
2023-02-08 15:50:00-05:00  19.680000  19.700001  19.629999  19.670000  19.670000       0
2023-02-08 15:55:00-05:00  19.670000  19.700001  19.570000  19.570000  19.570000       0
2023-02-09 09:30:00-05:00  19.250000  19.280001  19.170000  19.190001  19.190001       0
2023-02-09 09:35:00-05:00  19.209999  19.320000  19.190001  19.270000  19.270000       0
2023-02-09 09:40:00-05:00  19.260000  19.320000  19.230000  19.280001  19.280001       0
2023-02-09 09:45:00-05:00  19.290001  19.309999  19.160000  19.180000  19.180000       0
2023-02-09 09:50:00-05:00  19.160000  19.219999  19.070000  19.219999  19.219999       0
2023-02-09 09:55:00-05:00  19.209999  19.290001  19.170000  19.209999  19.209999       0
2023-02-09 10:00:00-05:00  19.230000  19.270000  19.170000  19.209999  19.209999       0
2023-02-09 10:05:00-05:00  19.200001  19.219999  19.100000  19.120001  19.120001       0
2023-02-09 10:10:00-05:00  19.150000  19.190001  19.120001  19.139999  19.139999       0
2023-02-09 10:15:00-05:00  19.150000  19.150000  19.059999  19.070000  19.070000       0
2023-02-09 10:20:00-05:00  19.080000  19.150000  19.020000  19.129999  19.129999       0
2023-02-09 10:25:00-05:00  19.150000  19.350000  19.150000  19.309999  19.309999       0
2023-02-09 10:30:00-05:00  19.330000  19.370001  19.219999  19.250000  19.250000       0
2023-02-09 10:35:00-05:00  19.250000  19.250000  19.209999  19.230000  19.230000       0