                                Open       High        Low      Close  Adj Close  Volume
Datetime                                                                                
2023-01-04 10:50:00-05:00  22.450001  22.500000  22.440001  22.500000  22.500000       0
2023-01-04 10:55:00-05:00  22.490000  22.520000  22.450001  22.450001  22.450001       0
2023-01-04 11:00:00-05:00  22.440001  22.510000  22.440001  22.480000  22.480000       0
2023-01-04 11:05:00-05:00  22.480000  22.530001  22.450001  22.459999  22.459999       0
2023-01-04 11:10:00-05:00  22.480000  22.480000  22.430000  22.459999  22.459999       0
2023-01-04 11:15:00-05:00  22.440001  22.510000  22.440001  22.490000  22.490000       0
2023-01-04 11:20:00-05:00  22.490000  22.510000  22.490000  22.490000  22.490000       0
2023-01-04 11:25:00-05:00  22.490000  22.500000  22.400000  22.410000  22.410000       0
2023-01-04 11:30:00-05:00  22.410000  22.410000  22.280001  22.290001  22.290001       0
2023-01-04 11:35:00-05:00  22.299999  22.299999  22.270000  22.270000  22.270000       0
2023-01-04 11:40:00-05:00  22.290001  22.320000  22.270000  22.320000  22.320000       0
2023-01-04 11:45:00-05:00  22.320000  22.330000  22.290001  22.299999  22.299999       0
2023-01-04 11:50:00-05:00  22.309999  22.350000  22.299999  22.309999  22.309999       0
2023-01-04 11:55:00-05:00  22.309999  22.370001  22.290001  22.350000  22.350000       0
2023-01-04 12:00:00-05:00  22.350000  22.400000  22.330000  22.379999  22.379999       0
2023-01-04 12:05:00-05:00  22.379999  22.410000  22.350000  22.370001  22.370001       0
2023-01-04 12:10:00-05:00  22.379999  22.379999  22.350000  22.360001  22.360001       0
2023-01-04 12:15:00-05:00  22.370001  22.370001  22.360001  22.370001  22.370001       0
2023-01-04 12:20:00-05:00  22.360001  22.370001  22.320000  22.320000  22.320000       0
2023-01-04 12:25:00-05:00  22.320000  22.350000  22.309999  22.350000  22.350000       0
2023-01-04 12:30:00-05:00  22.340000  22.340000  22.260000  22.270000  22.270000       0
2023-01-04 12:35:00-05:00  22.270000  22.290001  22.260000  22.280001  22.280001       0
2023-01-04 12:40:00-05:00  22.270000  22.290001  22.270000  22.290001  22.290001       0
2023-01-04 12:45:00-05:00  22.290001  22.330000  22.290001  22.320000  22.320000       0
2023-01-04 12:50:00-05:00  22.320000  22.379999  22.309999  22.370001  22.370001       0
2023-01-04 12:55:00-05:00  22.370001  22.469999  22.370001  22.459999  22.459999       0
2023-01-04 13:00:00-05:00  22.469999  22.670000  22.469999  22.520000  22.520000       0
2023-01-04 13:05:00-05:00  22.500000  22.530001  22.480000  22.480000  22.480000       0
2023-01-04 13:10:00-05:00  22.469999  22.469999  22.440001  22.440001  22.440001       0
2023-01-04 13:15:00-05:00  22.440001  22.440001  22.350000  22.360001  22.360001       0
2023-01-04 13:20:00-05:00  22.360001  22.389999  22.350000  22.370001  22.370001       0
2023-01-04 13:25:00-05:00  22.370001  22.420000  22.360001  22.420000  22.420000       0
2023-01-04 13:30:00-05:00  22.420000  22.440001  22.410000  22.420000  22.420000       0
2023-01-04 13:35:00-05:00  22.410000  22.420000  22.360001  22.370001  22.370001       0
2023-01-04 13:40:00-05:00  22.370001  22.389999  22.360001  22.370001  22.370001       0
2023-01-04 13:45:00-05:00  22.370001  22.440001  22.370001  22.400000  22.400000       0
2023-01-04 13:50:00-05:00  22.389999  22.400000  22.360001  22.370001  22.370001       0
2023-01-04 13:55:00-05:00  22.370001  22.410000  22.370001  22.370001  22.370001       0
2023-01-04 14:00:00-05:00  22.500000  22.610001  22.200001  22.530001  22.530001       0
2023-01-04 14:05:00-05:00  22.459999  22.490000  22.270000  22.490000  22.490000       0
2023-01-04 14:10:00-05:00  22.500000  22.549999  22.360001  22.360001  22.360001       0
2023-01-04 14:15:00-05:00  22.350000  22.350000  22.059999  22.180000  22.180000       0
2023-01-04 14:20:00-05:00  22.180000  22.450001  22.180000  22.430000  22.430000       0
2023-01-04 14:25:00-05:00  22.420000  22.709999  22.420000  22.709999  22.709999       0
2023-01-04 14:30:00-05:00  22.709999  22.730000  22.490000  22.490000  22.490000       0
2023-01-04 14:35:00-05:00  22.490000  22.540001  22.420000  22.520000  22.520000       0
2023-01-04 14:40:00-05:00  22.520000  22.559999  22.370001  22.450001  22.450001       0
2023-01-04 14:45:00-05:00  22.459999  22.459999  22.360001  22.459999  22.459999       0
2023-01-04 14:50:00-05:00  22.459999  22.570000  22.440001  22.459999  22.459999       0
2023-01-04 14:55:00-05:00  22.459999  22.459999  22.290001  22.330000  22.330000       0
2023-01-04 15:00:00-05:00  22.350000  22.350000  22.250000  22.320000  22.320000       0
2023-01-04 15:05:00-05:00  22.320000  22.430000  22.320000  22.370001  22.370001       0
2023-01-04 15:10:00-05:00  22.340000  22.340000  22.170000  22.180000  22.180000       0
2023-01-04 15:15:00-05:00  22.170000  22.190001  22.129999  22.180000  22.180000       0
2023-01-04 15:20:00-05:00  22.190001  22.370001  22.150000  22.340000  22.340000       0
2023-01-04 15:25:00-05:00  22.330000  22.360001  22.260000  22.330000  22.330000       0
2023-01-04 15:30:00-05:00  22.340000  22.420000  22.340000  22.420000  22.420000       0
2023-01-04 15:35:00-05:00  22.400000  22.570000  22.400000  22.420000  22.420000       0
2023-01-04 15:40:00-05:00  22.410000  22.520000  22.410000  22.459999  22.459999       0
2023-01-04 15:45:00-05:00  22.459999  22.469999  22.340000  22.340000  22.340000       0
2023-01-04 15:50:00-05:00  22.340000  22.340000  22.200001  22.200001  22.200001       0
2023-01-04 15:55:00-05:00  22.200001  22.200001  22.010000  22.010000  22.010000       0
2023-01-05 09:30:00-05:00  22.510000  22.770000  22.510000  22.700001  22.700001       0
2023-01-05 09:35:00-05:00  22.639999  22.730000  22.590000  22.730000  22.730000       0
2023-01-05 09:40:00-05:00  22.750000  22.900000  22.750000  22.770000  22.770000       0
2023-01-05 09:45:00-05:00  22.780001  22.920000  22.780001  22.870001  22.870001       0
2023-01-05 09:50:00-05:00  22.850000  22.870001  22.650000  22.650000  22.650000       0
2023-01-05 09:55:00-05:00  22.590000  22.590000  22.400000  22.469999  22.469999       0
2023-01-05 10:00:00-05:00  22.469999  22.570000  22.430000  22.480000  22.480000       0
2023-01-05 10:05:00-05:00  22.480000  22.559999  22.270000  22.459999  22.459999       0
2023-01-05 10:10:00-05:00  22.450001  22.469999  22.309999  22.350000  22.350000       0
2023-01-05 10:15:00-05:00  22.340000  22.420000  22.309999  22.389999  22.389999       0
2023-01-05 10:20:00-05:00  22.370001  22.520000  22.370001  22.510000  22.510000       0
2023-01-05 10:25:00-05:00  22.459999  22.480000  22.400000  22.410000  22.410000       0
2023-01-05 10:30:00-05:00  22.420000  22.520000  22.400000  22.520000  22.520000       0
2023-01-05 10:35:00-05:00  22.520000  22.600000  22.500000  22.500000  22.500000       0
2023-01-05 10:40:00-05:00  22.520000  22.540001  22.389999  22.389999  22.389999       0
2023-01-05 10:45:00-05:00  22.410000  22.430000  22.379999  22.400000  22.400000       0
2023-01-05 10:50:00-05:00  22.389999  22.520000  22.370001  22.520000  22.520000       0
2023-01-05 10:55:00-05:00  22.520000  22.540001  22.480000  22.540001  22.540001       0
2023-01-05 11:00:00-05:00  22.570000  22.600000  22.530001  22.530001  22.530001       0
2023-01-05 11:05:00-05:00  22.520000  22.520000  22.469999  22.510000  22.510000       0
2023-01-05 11:10:00-05:00  22.500000  22.520000  22.410000  22.520000  22.520000       0
2023-01-05 11:15:00-05:00  22.500000  22.530001  22.469999  22.530001  22.530001       0
2023-01-05 11:20:00-05:00  22.549999  22.670000  22.549999  22.670000  22.670000       0
2023-01-05 11:25:00-05:00  22.660000  22.690001  22.650000  22.650000  22.650000       0
2023-01-05 11:30:00-05:00  22.629999  22.639999  22.600000  22.639999  22.639999       0
2023-01-05 11:35:00-05:00  22.629999  22.629999  22.570000  22.600000  22.600000       0
2023-01-05 11:40:00-05:00  22.610001  22.620001  22.510000  22.520000  22.520000       0
2023-01-05 11:45:00-05:00  22.510000  22.570000  22.480000  22.559999  22.559999       0
2023-01-05 11:50:00-05:00  22.549999  22.660000  22.549999  22.660000  22.660000       0
2023-01-05 11:55:00-05:00  22.660000  22.719999  22.629999  22.690001  22.690001       0
2023-01-05 12:00:00-05:00  22.700001  22.709999  22.620001  22.639999  22.639999       0
2023-01-05 12:05:00-05:00  22.629999  22.650000  22.570000  22.580000  22.580000       0
2023-01-05 12:10:00-05:00  22.600000  22.670000  22.600000  22.670000  22.670000       0
2023-01-05 12:15:00-05:00  22.670000  22.770000  22.650000  22.770000  22.770000       0
2023-01-05 12:20:00-05:00  22.770000  22.790001  22.670000  22.680000  22.680000       0
2023-01-05 12:25:00-05:00  22.680000  22.690001  22.670000  22.680000  22.680000       0
2023-01-05 12:30:00-05:00  22.690001  22.690001  22.600000  22.600000  22.600000       0
2023-01-05 12:35:00-05:00  22.620001  22.680000  22.610001  22.660000  22.660000       0
2023-01-05 12:40:00-05:00  22.660000  22.719999  22.660000  22.700001  22.700001       0
2023-01-05 12:45:00-05:00  22.700001  22.709999  22.670000  22.670000  22.670000       0
2023-01-05 12:50:00-05:00  22.680000  22.709999  22.670000  22.700001  22.700001       0
2023-01-05 12:55:00-05:00  22.700001  22.719999  22.690001  22.709999  22.709999       0
2023-01-05 13:00:00-05:00  22.709999  22.760000  22.709999  22.740000  22.740000       0
2023-01-05 13:05:00-05:00  22.750000  22.750000  22.690001  22.700001  22.700001       0
2023-01-05 13:10:00-05:00  22.700001  22.790001  22.700001  22.790001  22.790001       0
2023-01-05 13:15:00-05:00  22.799999  22.879999  22.790001  22.879999  22.879999       0
2023-01-05 13:20:00-05:00  22.879999  22.879999  22.570000  22.590000  22.590000       0
2023-01-05 13:25:00-05:00  22.570000  22.600000  22.410000  22.530001  22.530001       0
2023-01-05 13:30:00-05:00  22.549999  22.549999  22.389999  22.420000  22.420000       0
2023-01-05 13:35:00-05:00  22.400000  22.450001  22.400000  22.430000  22.430000       0
2023-01-05 13:40:00-05:00  22.450001  22.500000  22.410000  22.500000  22.500000       0
2023-01-05 13:45:00-05:00  22.490000  22.520000  22.480000  22.490000  22.490000       0
2023-01-05 13:50:00-05:00  22.500000  22.510000  22.480000  22.500000  22.500000       0
2023-01-05 13:55:00-05:00  22.500000  22.549999  22.469999  22.530001  22.530001       0
2023-01-05 14:00:00-05:00  22.520000  22.540001  22.450001  22.490000  22.490000       0
2023-01-05 14:05:00-05:00  22.490000  22.540001  22.490000  22.530001  22.530001       0
2023-01-05 14:10:00-05:00  22.540001  22.660000  22.520000  22.660000  22.660000       0
2023-01-05 14:15:00-05:00  22.660000  22.660000  22.580000  22.580000  22.580000       0
2023-01-05 14:20:00-05:00  22.559999  22.590000  22.559999  22.580000  22.580000       0
2023-01-05 14:25:00-05:00  22.580000  22.690001  22.570000  22.690001  22.690001       0
2023-01-05 14:30:00-05:00  22.690001  22.690001  22.639999  22.650000  22.650000       0
2023-01-05 14:35:00-05:00  22.650000  22.650000  22.480000  22.520000  22.520000       0
2023-01-05 14:40:00-05:00  22.510000  22.540001  22.490000  22.540001  22.540001       0
2023-01-05 14:45:00-05:00  22.530001  22.530001  22.379999  22.400000  22.400000       0
2023-01-05 14:50:00-05:00  22.410000  22.410000  22.370001  22.379999  22.379999       0
2023-01-05 14:55:00-05:00  22.379999  22.480000  22.370001  22.480000  22.480000       0
2023-01-05 15:00:00-05:00  22.480000  22.570000  22.480000  22.549999  22.549999       0
2023-01-05 15:05:00-05:00  22.549999  22.580000  22.549999  22.559999  22.559999       0
2023-01-05 15:10:00-05:00  22.570000  22.610001  22.530001  22.530001  22.530001       0
2023-01-05 15:15:00-05:00  22.510000  22.520000  22.469999  22.490000  22.490000       0
2023-01-05 15:20:00-05:00  22.490000  22.520000  22.450001  22.520000  22.520000       0
2023-01-05 15:25:00-05:00  22.480000  22.549999  22.480000  22.520000  22.520000       0
2023-01-05 15:30:00-05:00  22.520000  22.610001  22.520000  22.549999  22.549999       0
2023-01-05 15:35:00-05:00  22.549999  22.600000  22.510000  22.600000  22.600000       0
2023-01-05 15:40:00-05:00  22.600000  22.620001  22.580000  22.590000  22.590000       0
2023-01-05 15:45:00-05:00  22.590000  22.590000  22.510000  22.570000  22.570000       0
2023-01-05 15:50:00-05:00  22.570000  22.620001  22.570000  22.590000  22.590000       0
2023-01-05 15:55:00-05:00  22.620001  22.620001  22.510000  22.520000  22.520000       0
2023-01-06 09:30:00-05:00  22.030001  22.090000  21.799999  21.799999  21.799999       0
2023-01-06 09:35:00-05:00  21.799999  22.129999  21.750000  22.129999  22.129999       0
2023-01-06 09:40:00-05:00  22.110001  22.230000  22.010000  22.230000  22.230000       0
2023-01-06 09:45:00-05:00  22.180000  22.240000  22.120001  22.170000  22.170000       0
2023-01-06 09:50:00-05:00  22.150000  22.150000  21.969999  21.980000  21.980000       0
2023-01-06 09:55:00-05:00  21.990000  21.990000  21.850000  21.850000  21.850000       0
2023-01-06 10:00:00-05:00  21.870001  21.870001  21.610001  21.740000  21.740000       0
2023-01-06 10:05:00-05:00  21.780001  21.780001  21.559999  21.620001  21.620001       0
2023-01-06 10:10:00-05:00  21.620001  21.680000  21.580000  21.629999  21.629999       0
2023-01-06 10:15:00-05:00  21.660000  21.660000  21.540001  21.570000  21.570000       0
2023-01-06 10:20:00-05:00  21.559999  21.620001  21.559999  21.570000  21.570000       0
2023-01-06 10:25:00-05:00  21.580000  21.639999  21.580000  21.600000  21.600000       0
2023-01-06 10:30:00-05:00  21.580000  21.610001  21.510000  21.610001  21.610001       0
2023-01-06 10:35:00-05:00  21.600000  21.610001  21.540001  21.549999  21.549999       0
2023-01-06 10:40:00-05:00  21.549999  21.580000  21.510000  21.580000  21.580000       0
2023-01-06 10:45:00-05:00  21.580000  21.580000  21.520000  21.520000  21.520000       0
2023-01-06 10:50:00-05:00  21.540001  21.559999  21.520000  21.559999  21.559999       0
2023-01-06 10:55:00-05:00  21.559999  21.610001  21.530001  21.590000  21.590000       0
2023-01-06 11:00:00-05:00  21.600000  21.600000  21.559999  21.590000  21.590000       0
2023-01-06 11:05:00-05:00  21.590000  21.620001  21.570000  21.580000  21.580000       0
2023-01-06 11:10:00-05:00  21.570000  21.570000  21.530001  21.530001  21.530001       0
2023-01-06 11:15:00-05:00  21.559999  21.559999  21.520000  21.540001  21.540001       0
2023-01-06 11:20:00-05:00  21.540001  21.540001  21.500000  21.520000  21.520000       0
2023-01-06 11:25:00-05:00  21.510000  21.540001  21.510000  21.530001  21.530001       0
2023-01-06 11:30:00-05:00  21.520000  21.520000  21.490000  21.490000  21.490000       0
2023-01-06 11:35:00-05:00  21.490000  21.520000  21.469999  21.469999  21.469999       0
2023-01-06 11:40:00-05:00  21.459999  21.469999  21.440001  21.440001  21.440001       0
2023-01-06 11:45:00-05:00  21.440001  21.440001  21.389999  21.410000  21.410000       0
2023-01-06 11:50:00-05:00  21.410000  21.469999  21.400000  21.450001  21.450001       0
2023-01-06 11:55:00-05:00  21.450001  21.450001  21.440001  21.450001  21.450001       0
2023-01-06 12:00:00-05:00  21.420000  21.430000  21.400000  21.430000  21.430000       0
2023-01-06 12:05:00-05:00  21.420000  21.430000  21.410000  21.430000  21.430000       0
2023-01-06 12:10:00-05:00  21.430000  21.450001  21.420000  21.440001  21.440001       0
2023-01-06 12:15:00-05:00  21.450001  21.450001  21.360001  21.360001  21.360001       0
2023-01-06 12:20:00-05:00  21.360001  21.370001  21.350000  21.370001  21.370001       0
2023-01-06 12:25:00-05:00  21.379999  21.379999  21.320000  21.330000  21.330000       0
2023-01-06 12:30:00-05:00  21.330000  21.330000  21.299999  21.309999  21.309999       0
2023-01-06 12:35:00-05:00  21.309999  21.309999  21.250000  21.250000  21.250000       0
2023-01-06 12:40:00-05:00  21.250000  21.250000  21.190001  21.190001  21.190001       0
2023-01-06 12:45:00-05:00  21.190001  21.209999  21.170000  21.200001  21.200001       0
2023-01-06 12:50:00-05:00  21.200001  21.230000  21.200001  21.230000  21.230000       0
2023-01-06 12:55:00-05:00  21.230000  21.270000  21.230000  21.260000  21.260000       0
2023-01-06 13:00:00-05:00  21.270000  21.320000  21.260000  21.320000  21.320000       0
2023-01-06 13:05:00-05:00  21.309999  21.309999  21.290001  21.299999  21.299999       0
2023-01-06 13:10:00-05:00  21.309999  21.320000  21.290001  21.309999  21.309999       0
2023-01-06 13:15:00-05:00  21.309999  21.330000  21.299999  21.320000  21.320000       0
2023-01-06 13:20:00-05:00  21.309999  21.320000  21.260000  21.260000  21.260000       0
2023-01-06 13:25:00-05:00  21.260000  21.280001  21.250000  21.270000  21.270000       0
2023-01-06 13:30:00-05:00  21.270000  21.299999  21.260000  21.299999  21.299999       0
2023-01-06 13:35:00-05:00  21.299999  21.309999  21.290001  21.309999  21.309999       0
2023-01-06 13:40:00-05:00  21.309999  21.379999  21.309999  21.330000  21.330000       0
2023-01-06 13:45:00-05:00  21.330000  21.350000  21.309999  21.340000  21.340000       0
2023-01-06 13:50:00-05:00  21.350000  21.360001  21.320000  21.330000  21.330000       0
2023-01-06 13:55:00-05:00  21.320000  21.330000  21.320000  21.320000  21.320000       0
2023-01-06 14:00:00-05:00  21.309999  21.360001  21.309999  21.360001  21.360001       0
2023-01-06 14:05:00-05:00  21.360001  21.360001  21.299999  21.299999  21.299999       0
2023-01-06 14:10:00-05:00  21.299999  21.330000  21.299999  21.320000  21.320000       0
2023-01-06 14:15:00-05:00  21.320000  21.350000  21.320000  21.350000  21.350000       0
2023-01-06 14:20:00-05:00  21.340000  21.400000  21.340000  21.350000  21.350000       0
2023-01-06 14:25:00-05:00  21.360001  21.360001  21.299999  21.299999  21.299999       0
2023-01-06 14:30:00-05:00  21.290001  21.290001  21.260000  21.270000  21.270000       0
2023-01-06 14:35:00-05:00  21.260000  21.299999  21.260000  21.299999  21.299999       0
2023-01-06 14:40:00-05:00  21.299999  21.309999  21.280001  21.290001  21.290001       0
2023-01-06 14:45:00-05:00  21.299999  21.330000  21.280001  21.280001  21.280001       0
2023-01-06 14:50:00-05:00  21.280001  21.280001  21.270000  21.280001  21.280001       0
2023-01-06 14:55:00-05:00  21.270000  21.280001  21.240000  21.240000  21.240000       0
2023-01-06 15:00:00-05:00  21.240000  21.250000  21.200001  21.209999  21.209999       0
2023-01-06 15:05:00-05:00  21.209999  21.209999  21.160000  21.160000  21.160000       0
2023-01-06 15:10:00-05:00  21.170000  21.180000  21.090000  21.090000  21.090000       0
2023-01-06 15:15:00-05:00  21.090000  21.100000  21.080000  21.080000  21.080000       0
2023-01-06 15:20:00-05:00  21.070000  21.100000  21.010000  21.030001  21.030001       0
2023-01-06 15:25:00-05:00  21.030001  21.030001  21.000000  21.020000  21.020000       0
2023-01-06 15:30:00-05:00  21.010000  21.059999  21.000000  21.049999  21.049999       0
2023-01-06 15:35:00-05:00  21.049999  21.049999  21.030001  21.030001  21.030001       0
2023-01-06 15:40:00-05:00  21.030001  21.040001  21.020000  21.040001  21.040001       0
2023-01-06 15:45:00-05:00  21.030001  21.049999  21.010000  21.010000  21.010000       0
2023-01-06 15:50:00-05:00  21.010000  21.040001  21.010000  21.030001  21.030001       0
2023-01-06 15:55:00-05:00  21.030001  21.110001  21.000000  21.110001  21.110001       0
2023-01-09 09:30:00-05:00  21.719999  21.740000  21.620001  21.680000  21.680000       0
2023-01-09 09:35:00-05:00  21.650000  21.750000  21.620001  21.620001  21.620001       0
2023-01-09 09:40:00-05:00  21.600000  21.650000  21.559999  21.559999  21.559999       0
2023-01-09 09:45:00-05:00  21.580000  21.610001  21.520000  21.610001  21.610001       0
2023-01-09 09:50:00-05:00  21.620001  21.670000  21.610001  21.660000  21.660000       0
2023-01-09 09:55:00-05:00  21.660000  21.680000  21.620001  21.620001  21.620001       0
2023-01-09 10:00:00-05:00  21.610001  21.620001  21.570000  21.570000  21.570000       0
2023-01-09 10:05:00-05:00  21.549999  21.610001  21.540001  21.559999  21.559999       0
2023-01-09 10:10:00-05:00  21.559999  21.590000  21.549999  21.559999  21.559999       0
2023-01-09 10:15:00-05:00  21.570000  21.570000  21.530001  21.549999  21.549999       0
2023-01-09 10:20:00-05:00  21.549999  21.570000  21.540001  21.570000  21.570000       0
2023-01-09 10:25:00-05:00  21.570000  21.570000  21.540001  21.559999  21.559999       0
2023-01-09 10:30:00-05:00  21.549999  21.570000  21.540001  21.549999  21.549999       0
2023-01-09 10:35:00-05:00  21.540001  21.570000  21.510000  21.520000  21.520000       0
2023-01-09 10:40:00-05:00  21.520000  21.520000  21.490000  21.500000  21.500000       0
2023-01-09 10:45:00-05:00  21.500000  21.510000  21.480000  21.500000  21.500000       0
2023-01-09 10:50:00-05:00  21.500000  21.530001  21.490000  21.530001  21.530001       0
2023-01-09 10:55:00-05:00  21.520000  21.540001  21.520000  21.520000  21.520000       0
2023-01-09 11:00:00-05:00  21.530001  21.530001  21.440001  21.450001  21.450001       0
2023-01-09 11:05:00-05:00  21.440001  21.450001  21.430000  21.430000  21.430000       0
2023-01-09 11:10:00-05:00  21.430000  21.440001  21.420000  21.440001  21.440001       0
2023-01-09 11:15:00-05:00  21.440001  21.469999  21.440001  21.459999  21.459999       0
2023-01-09 11:20:00-05:00  21.459999  21.469999  21.430000  21.440001  21.440001       0
2023-01-09 11:25:00-05:00  21.430000  21.459999  21.430000  21.459999  21.459999       0
2023-01-09 11:30:00-05:00  21.459999  21.469999  21.450001  21.459999  21.459999       0
2023-01-09 11:35:00-05:00  21.459999  21.469999  21.420000  21.430000  21.430000       0
2023-01-09 11:40:00-05:00  21.410000  21.410000  21.360001  21.360001  21.360001       0
2023-01-09 11:45:00-05:00  21.350000  21.350000  21.299999  21.299999  21.299999       0
2023-01-09 11:50:00-05:00  21.299999  21.299999  21.280001  21.280001  21.280001       0
2023-01-09 11:55:00-05:00  21.290001  21.330000  21.290001  21.299999  21.299999       0
2023-01-09 12:00:00-05:00  21.299999  21.299999  21.270000  21.290001  21.290001       0
2023-01-09 12:05:00-05:00  21.290001  21.299999  21.280001  21.280001  21.280001       0
2023-01-09 12:10:00-05:00  21.270000  21.309999  21.270000  21.299999  21.299999       0
2023-01-09 12:15:00-05:00  21.299999  21.330000  21.290001  21.330000  21.330000       0
2023-01-09 12:20:00-05:00  21.320000  21.320000  21.299999  21.309999  21.309999       0
2023-01-09 12:25:00-05:00  21.309999  21.309999  21.280001  21.290001  21.290001       0
2023-01-09 12:30:00-05:00  21.299999  21.320000  21.290001  21.320000  21.320000       0
2023-01-09 12:35:00-05:00  21.340000  21.440001  21.340000  21.410000  21.410000       0
2023-01-09 12:40:00-05:00  21.410000  21.430000  21.389999  21.420000  21.420000       0
2023-01-09 12:45:00-05:00  21.420000  21.420000  21.330000  21.370001  21.370001       0
2023-01-09 12:50:00-05:00  21.370001  21.379999  21.340000  21.350000  21.350000       0
2023-01-09 12:55:00-05:00  21.340000  21.350000  21.299999  21.299999  21.299999       0
2023-01-09 13:00:00-05:00  21.299999  21.320000  21.280001  21.309999  21.309999       0
2023-01-09 13:05:00-05:00  21.320000  21.400000  21.320000  21.389999  21.389999       0
2023-01-09 13:10:00-05:00  21.379999  21.410000  21.350000  21.370001  21.370001       0
2023-01-09 13:15:00-05:00  21.370001  21.379999  21.350000  21.360001  21.360001       0
2023-01-09 13:20:00-05:00  21.370001  21.370001  21.320000  21.320000  21.320000       0
2023-01-09 13:25:00-05:00  21.320000  21.360001  21.320000  21.340000  21.340000       0
2023-01-09 13:30:00-05:00  21.340000  21.350000  21.309999  21.330000  21.330000       0
2023-01-09 13:35:00-05:00  21.330000  21.490000  21.330000  21.350000  21.350000       0
2023-01-09 13:40:00-05:00  21.340000  21.530001  21.340000  21.530001  21.530001       0
2023-01-09 13:45:00-05:00  21.559999  21.620001  21.530001  21.530001  21.530001       0
2023-01-09 13:50:00-05:00  21.530001  21.600000  21.530001  21.600000  21.600000       0
2023-01-09 13:55:00-05:00  21.600000  21.629999  21.570000  21.580000  21.580000       0
2023-01-09 14:00:00-05:00  21.580000  21.580000  21.480000  21.530001  21.530001       0
2023-01-09 14:05:00-05:00  21.530001  21.690001  21.530001  21.580000  21.580000       0
2023-01-09 14:10:00-05:00  21.580000  21.610001  21.540001  21.559999  21.559999       0
2023-01-09 14:15:00-05:00  21.570000  21.600000  21.520000  21.530001  21.530001       0
2023-01-09 14:20:00-05:00  21.520000  21.530001  21.490000  21.500000  21.500000       0
2023-01-09 14:25:00-05:00  21.510000  21.590000  21.500000  21.510000  21.510000       0
2023-01-09 14:30:00-05:00  21.530001  21.590000  21.520000  21.580000  21.580000       0
2023-01-09 14:35:00-05:00  21.559999  21.650000  21.559999  21.639999  21.639999       0
2023-01-09 14:40:00-05:00  21.629999  21.670000  21.610001  21.660000  21.660000       0
2023-01-09 14:45:00-05:00  21.639999  21.680000  21.629999  21.680000  21.680000       0
2023-01-09 14:50:00-05:00  21.680000  21.719999  21.680000  21.719999  21.719999       0
2023-01-09 14:55:00-05:00  21.709999  21.889999  21.709999  21.889999  21.889999       0
2023-01-09 15:00:00-05:00  21.900000  21.900000  21.750000  21.830000  21.830000       0
2023-01-09 15:05:00-05:00  21.799999  21.840000  21.760000  21.770000  21.770000       0
2023-01-09 15:10:00-05:00  21.770000  21.840000  21.750000  21.840000  21.840000       0
2023-01-09 15:15:00-05:00  21.850000  21.860001  21.760000  21.760000  21.760000       0
2023-01-09 15:20:00-05:00  21.780001  21.790001  21.740000  21.790001  21.790001       0
2023-01-09 15:25:00-05:00  21.820000  21.889999  21.820000  21.860001  21.860001       0
2023-01-09 15:30:00-05:00  21.870001  21.959999  21.840000  21.860001  21.860001       0
2023-01-09 15:35:00-05:00  21.860001  21.920000  21.850000  21.920000  21.920000       0
2023-01-09 15:40:00-05:00  21.940001  21.959999  21.879999  21.879999  21.879999       0
2023-01-09 15:45:00-05:00  21.879999  21.980000  21.830000  21.969999  21.969999       0
2023-01-09 15:50:00-05:00  21.930000  21.930000  21.820000  21.820000  21.820000       0
2023-01-09 15:55:00-05:00  21.840000  21.910000  21.840000  21.860001  21.860001       0
2023-01-10 09:30:00-05:00  22.139999  22.160000  22.020000  22.020000  22.020000       0
2023-01-10 09:35:00-05:00  22.030001  22.030001  21.959999  22.020000  22.020000       0
2023-01-10 09:40:00-05:00  22.030001  22.070000  21.990000  22.010000  22.010000       0
2023-01-10 09:45:00-05:00  22.010000  22.120001  21.950001  22.040001  22.040001       0
2023-01-10 09:50:00-05:00  22.049999  22.120001  21.959999  21.969999  21.969999       0
2023-01-10 09:55:00-05:00  21.969999  21.980000  21.910000  21.930000  21.930000       0
2023-01-10 10:00:00-05:00  21.930000  21.940001  21.879999  21.900000  21.900000       0
2023-01-10 10:05:00-05:00  21.900000  21.910000  21.860001  21.870001  21.870001       0
2023-01-10 10:10:00-05:00  21.870001  21.870001  21.709999  21.709999  21.709999       0
2023-01-10 10:15:00-05:00  21.730000  21.730000  21.670000  21.670000  21.670000       0
2023-01-10 10:20:00-05:00  21.680000  21.719999  21.650000  21.650000  21.650000       0
2023-01-10 10:25:00-05:00  21.650000  21.709999  21.590000  21.709999  21.709999       0
2023-01-10 10:30:00-05:00  21.709999  21.900000  21.709999  21.900000  21.900000       0
2023-01-10 10:35:00-05:00  21.900000  21.900000  21.799999  21.799999  21.799999       0
2023-01-10 10:40:00-05:00  21.809999  21.950001  21.799999  21.950001  21.950001       0
2023-01-10 10:45:00-05:00  21.950001  21.969999  21.799999  21.809999  21.809999       0
2023-01-10 10:50:00-05:00  21.820000  21.820000  21.629999  21.650000  21.650000       0
2023-01-10 10:55:00-05:00  21.650000  21.650000  21.530001  21.549999  21.549999       0
2023-01-10 11:00:00-05:00  21.540001  21.570000  21.459999  21.459999  21.459999       0
2023-01-10 11:05:00-05:00  21.459999  21.500000  21.459999  21.469999  21.469999       0
2023-01-10 11:10:00-05:00  21.480000  21.490000  21.410000  21.459999  21.459999       0
2023-01-10 11:15:00-05:00  21.450001  21.490000  21.420000  21.430000  21.430000       0
2023-01-10 11:20:00-05:00  21.430000  21.430000  21.350000  21.350000  21.350000       0
2023-01-10 11:25:00-05:00  21.350000  21.389999  21.330000  21.360001  21.360001       0
2023-01-10 11:30:00-05:00  21.340000  21.410000  21.299999  21.410000  21.410000       0
2023-01-10 11:35:00-05:00  21.389999  21.389999  21.309999  21.309999  21.309999       0
2023-01-10 11:40:00-05:00  21.309999  21.320000  21.290001  21.290001  21.290001       0
2023-01-10 11:45:00-05:00  21.290001  21.330000  21.260000  21.260000  21.260000       0
2023-01-10 11:50:00-05:00  21.270000  21.270000  21.219999  21.219999  21.219999       0
2023-01-10 11:55:00-05:00  21.209999  21.209999  21.170000  21.209999  21.209999       0
2023-01-10 12:00:00-05:00  21.209999  21.360001  21.209999  21.270000  21.270000       0
2023-01-10 12:05:00-05:00  21.280001  21.290001  21.219999  21.219999  21.219999       0
2023-01-10 12:10:00-05:00  21.219999  21.240000  21.170000  21.170000  21.170000       0
2023-01-10 12:15:00-05:00  21.170000  21.230000  21.170000  21.230000  21.230000       0
2023-01-10 12:20:00-05:00  21.219999  21.260000  21.180000  21.200001  21.200001       0
2023-01-10 12:25:00-05:00  21.190001  21.219999  21.190001  21.219999  21.219999       0
2023-01-10 12:30:00-05:00  21.209999  21.209999  21.170000  21.170000  21.170000       0
2023-01-10 12:35:00-05:00  21.170000  21.170000  21.040001  21.040001  21.040001       0
2023-01-10 12:40:00-05:00  21.030001  21.040001  20.930000  20.980000  20.980000       0
2023-01-10 12:45:00-05:00  21.010000  21.030001  21.000000  21.000000  21.000000       0
2023-01-10 12:50:00-05:00  21.000000  21.040001  21.000000  21.040001  21.040001       0
2023-01-10 12:55:00-05:00  21.030001  21.030001  21.000000  21.010000  21.010000       0
2023-01-10 13:00:00-05:00  21.010000  21.010000  20.959999  20.959999  20.959999       0
2023-01-10 13:05:00-05:00  20.969999  20.969999  20.889999  20.889999  20.889999       0
2023-01-10 13:10:00-05:00  20.889999  20.920000  20.889999  20.910000  20.910000       0
2023-01-10 13:15:00-05:00  20.930000  20.980000  20.930000  20.969999  20.969999       0
2023-01-10 13:20:00-05:00  20.969999  20.980000  20.930000  20.930000  20.930000       0
2023-01-10 13:25:00-05:00  20.930000  20.940001  20.889999  20.889999  20.889999       0
2023-01-10 13:30:00-05:00  20.900000  20.910000  20.870001  20.870001  20.870001       0
2023-01-10 13:35:00-05:00  20.870001  20.870001  20.820000  20.820000  20.820000       0
2023-01-10 13:40:00-05:00  20.850000  20.900000  20.840000  20.900000  20.900000       0
2023-01-10 13:45:00-05:00  20.900000  20.950001  20.889999  20.920000  20.920000       0
2023-01-10 13:50:00-05:00  20.920000  20.959999  20.920000  20.930000  20.930000       0
2023-01-10 13:55:00-05:00  20.930000  20.959999  20.910000  20.910000  20.910000       0
2023-01-10 14:00:00-05:00  20.920000  20.940001  20.910000  20.940001  20.940001       0
2023-01-10 14:05:00-05:00  20.930000  20.959999  20.920000  20.930000  20.930000       0
2023-01-10 14:10:00-05:00  20.930000  20.940001  20.910000  20.910000  20.910000       0
2023-01-10 14:15:00-05:00  20.910000  20.910000  20.879999  20.900000  20.900000       0
2023-01-10 14:20:00-05:00  20.910000  20.930000  20.900000  20.920000  20.920000       0
2023-01-10 14:25:00-05:00  20.920000  20.950001  20.920000  20.920000  20.920000       0
2023-01-10 14:30:00-05:00  20.930000  20.950001  20.920000  20.950001  20.950001       0
2023-01-10 14:35:00-05:00  20.940001  20.990000  20.940001  20.959999  20.959999       0
2023-01-10 14:40:00-05:00  20.959999  20.990000  20.959999  20.990000  20.990000       0
2023-01-10 14:45:00-05:00  20.990000  21.020000  20.980000  20.980000  20.980000       0
2023-01-10 14:50:00-05:00  20.980000  21.000000  20.969999  20.980000  20.980000       0
2023-01-10 14:55:00-05:00  20.980000  21.010000  20.969999  21.000000  21.000000       0
2023-01-10 15:00:00-05:00  21.000000  21.059999  20.990000  21.049999  21.049999       0
2023-01-10 15:05:00-05:00  21.040001  21.090000  21.040001  21.049999  21.049999       0
2023-01-10 15:10:00-05:00  21.040001  21.059999  20.930000  20.940001  20.940001       0
2023-01-10 15:15:00-05:00  20.940001  20.940001  20.840000  20.840000  20.840000       0
2023-01-10 15:20:00-05:00  20.840000  20.870001  20.830000  20.830000  20.830000       0
2023-01-10 15:25:00-05:00  20.830000  20.830000  20.780001  20.780001  20.780001       0
2023-01-10 15:30:00-05:00  20.790001  20.799999  20.770000  20.770000  20.770000       0
2023-01-10 15:35:00-05:00  20.770000  20.780001  20.750000  20.750000  20.750000       0
2023-01-10 15:40:00-05:00  20.760000  20.770000  20.719999  20.740000  20.740000       0
2023-01-10 15:45:00-05:00  20.740000  20.760000  20.730000  20.760000  20.760000       0
2023-01-10 15:50:00-05:00  20.740000  20.740000  20.660000  20.670000  20.670000       0
2023-01-10 15:55:00-05:00  20.670000  20.670000  20.590000  20.670000  20.670000       0
2023-01-11 09:30:00-05:00  20.750000  20.799999  20.750000  20.760000  20.760000       0
2023-01-11 09:35:00-05:00  20.780001  20.799999  20.709999  20.719999  20.719999       0
2023-01-11 09:40:00-05:00  20.709999  20.740000  20.680000  20.730000  20.730000       0
2023-01-11 09:45:00-05:00  20.719999  20.750000  20.700001  20.740000  20.740000       0
2023-01-11 09:50:00-05:00  20.750000  20.850000  20.750000  20.830000  20.830000       0
2023-01-11 09:55:00-05:00  20.830000  20.830000  20.730000  20.740000  20.740000       0
2023-01-11 10:00:00-05:00  20.750000  20.770000  20.730000  20.770000  20.770000       0
2023-01-11 10:05:00-05:00  20.780001  20.830000  20.770000  20.809999  20.809999       0
2023-01-11 10:10:00-05:00  20.799999  20.830000  20.740000  20.830000  20.830000       0
2023-01-11 10:15:00-05:00  20.830000  20.840000  20.809999  20.830000  20.830000       0
2023-01-11 10:20:00-05:00  20.830000  20.860001  20.770000  20.770000  20.770000       0
2023-01-11 10:25:00-05:00  20.770000  20.780001  20.620001  20.660000  20.660000       0
2023-01-11 10:30:00-05:00  20.660000  20.750000  20.660000  20.750000  20.750000       0
2023-01-11 10:35:00-05:00  20.760000  20.850000  20.760000  20.850000  20.850000       0