                                Open       High        Low      Close  Adj Close  Volume
Datetime                                                                                
2023-03-17 10:50:00-04:00  24.750000  25.150000  24.750000  25.090000  25.090000       0
2023-03-17 10:55:00-04:00  25.110001  25.160000  24.719999  24.790001  24.790001       0
2023-03-17 11:00:00-04:00  24.830000  25.250000  24.830000  25.170000  25.170000       0
2023-03-17 11:05:00-04:00  25.120001  25.190001  24.700001  24.700001  24.700001       0
2023-03-17 11:10:00-04:00  24.719999  24.980000  24.719999  24.750000  24.750000       0
2023-03-17 11:15:00-04:00  24.730000  24.780001  24.379999  24.549999  24.549999       0
2023-03-17 11:20:00-04:00  24.520000  25.200001  24.450001  25.200001  25.200001       0
2023-03-17 11:25:00-04:00  25.230000  25.440001  25.129999  25.270000  25.270000       0
2023-03-17 11:30:00-04:00  25.270000  25.350000  24.940001  24.940001  24.940001       0
2023-03-17 11:35:00-04:00  24.889999  25.400000  24.889999  25.400000  25.400000       0
2023-03-17 11:40:00-04:00  25.440001  25.830000  25.379999  25.809999  25.809999       0
2023-03-17 11:45:00-04:00  25.809999  25.809999  25.469999  25.480000  25.480000       0
2023-03-17 11:50:00-04:00  25.370001  25.370001  25.139999  25.240000  25.240000       0
2023-03-17 11:55:00-04:00  25.440001  25.580000  25.389999  25.430000  25.430000       0
2023-03-17 12:00:00-04:00  25.389999  25.389999  24.920000  24.950001  24.950001       0
2023-03-17 12:05:00-04:00  24.980000  25.209999  24.740000  24.740000  24.740000       0
2023-03-17 12:10:00-04:00  24.719999  24.830000  24.700001  24.799999  24.799999       0
2023-03-17 12:15:00-04:00  24.820000  25.020000  24.700001  25.020000  25.020000       0
2023-03-17 12:20:00-04:00  24.969999  25.180000  24.920000  25.070000  25.070000       0
2023-03-17 12:25:00-04:00  25.070000  25.070000  24.730000  24.730000  24.730000       0
2023-03-17 12:30:00-04:00  24.750000  24.750000  24.350000  24.670000  24.670000       0
2023-03-17 12:35:00-04:00  24.690001  24.850000  24.690001  24.850000  24.850000       0
2023-03-17 12:40:00-04:00  24.840000  24.900000  24.790001  24.879999  24.879999       0
2023-03-17 12:45:00-04:00  24.870001  25.070000  24.870001  25.040001  25.040001       0
2023-03-17 12:50:00-04:00  25.049999  25.219999  24.870001  25.200001  25.200001       0
2023-03-17 12:55:00-04:00  25.209999  25.219999  25.010000  25.090000  25.090000       0
2023-03-17 13:00:00-04:00  25.090000  25.160000  25.020000  25.120001  25.120001       0
2023-03-17 13:05:00-04:00  25.100000  25.100000  24.700001  24.830000  24.830000       0
2023-03-17 13:10:00-04:00  24.850000  24.860001  24.730000  24.730000  24.730000       0
2023-03-17 13:15:00-04:00  24.719999  24.910000  24.690001  24.740000  24.740000       0
2023-03-17 13:20:00-04:00  24.660000  24.680000  24.360001  24.580000  24.580000       0
2023-03-17 13:25:00-04:00  24.570000  24.750000  24.570000  24.690001  24.690001       0
2023-03-17 13:30:00-04:00  24.650000  24.780001  24.420000  24.780001  24.780001       0
2023-03-17 13:35:00-04:00  24.790001  24.930000  24.709999  24.709999  24.709999       0
2023-03-17 13:40:00-04:00  24.709999  24.969999  24.709999  24.860001  24.860001       0
2023-03-17 13:45:00-04:00  24.809999  24.840000  24.600000  24.660000  24.660000       0
2023-03-17 13:50:00-04:00  24.680000  24.850000  24.629999  24.820000  24.820000       0
2023-03-17 13:55:00-04:00  24.809999  24.950001  24.780001  24.820000  24.820000       0
2023-03-17 14:00:00-04:00  24.780001  24.790001  24.520000  24.790001  24.790001       0
2023-03-17 14:05:00-04:00  24.809999  25.120001  24.790001  25.030001  25.030001       0
2023-03-17 14:10:00-04:00  25.049999  25.200001  25.040001  25.200001  25.200001       0
2023-03-17 14:15:00-04:00  25.200001  25.309999  25.080000  25.200001  25.200001       0
2023-03-17 14:20:00-04:00  25.190001  25.430000  25.160000  25.430000  25.430000       0
2023-03-17 14:25:00-04:00  25.450001  25.680000  25.450001  25.639999  25.639999       0
2023-03-17 14:30:00-04:00  25.639999  25.639999  25.360001  25.379999  25.379999       0
2023-03-17 14:35:00-04:00  25.389999  25.639999  25.370001  25.610001  25.610001       0
2023-03-17 14:40:00-04:00  25.580000  25.680000  25.510000  25.530001  25.530001       0
2023-03-17 14:45:00-04:00  25.570000  25.790001  25.570000  25.780001  25.780001       0
2023-03-17 14:50:00-04:00  25.760000  26.139999  25.629999  25.629999  25.629999       0
2023-03-17 14:55:00-04:00  25.590000  25.590000  25.459999  25.580000  25.580000       0
2023-03-17 15:00:00-04:00  25.610001  25.820000  25.610001  25.690001  25.690001       0
2023-03-17 15:05:00-04:00  25.700001  25.730000  25.590000  25.600000  25.600000       0
2023-03-17 15:10:00-04:00  25.629999  25.639999  25.330000  25.389999  25.389999       0
2023-03-17 15:15:00-04:00  25.370001  25.559999  25.280001  25.370001  25.370001       0
2023-03-17 15:20:00-04:00  25.400000  25.500000  25.170000  25.170000  25.170000       0
2023-03-17 15:25:00-04:00  25.100000  25.180000  24.910000  24.910000  24.910000       0
2023-03-17 15:30:00-04:00  24.860001  25.600000  24.860001  25.520000  25.520000       0
2023-03-17 15:35:00-04:00  25.490000  25.830000  25.490000  25.830000  25.830000       0
2023-03-17 15:40:00-04:00  25.830000  25.860001  25.680000  25.680000  25.680000       0
2023-03-17 15:45:00-04:00  25.709999  26.129999  25.709999  26.120001  26.120001       0
2023-03-17 15:50:00-04:00  26.139999  26.139999  25.690001  25.690001  25.690001       0
2023-03-17 15:55:00-04:00  25.629999  25.700001  25.520000  25.610001  25.610001       0
2023-03-20 09:30:00-04:00  25.990000  26.209999  25.660000  26.080000  26.080000       0
2023-03-20 09:35:00-04:00  26.190001  26.430000  25.969999  25.969999  25.969999       0
2023-03-20 09:40:00-04:00  26.100000  26.180000  25.850000  26.100000  26.100000       0
2023-03-20 09:45:00-04:00  26.100000  26.290001  25.879999  25.879999  25.879999       0
2023-03-20 09:50:00-04:00  25.820000  25.850000  25.480000  25.580000  25.580000       0
2023-03-20 09:55:00-04:00  25.570000  25.690001  25.459999  25.459999  25.459999       0
2023-03-20 10:00:00-04:00  25.430000  25.430000  24.990000  25.020000  25.020000       0
2023-03-20 10:05:00-04:00  25.030001  25.430000  24.959999  25.389999  25.389999       0
2023-03-20 10:10:00-04:00  25.400000  25.440001  25.150000  25.299999  25.299999       0
2023-03-20 10:15:00-04:00  25.320000  25.600000  25.209999  25.600000  25.600000       0
2023-03-20 10:20:00-04:00  25.580000  25.580000  25.129999  25.139999  25.139999       0
2023-03-20 10:25:00-04:00  25.059999  25.139999  25.010000  25.040001  25.040001       0
2023-03-20 10:30:00-04:00  25.030001  25.190001  24.980000  25.030001  25.030001       0
2023-03-20 10:35:00-04:00  25.040001  25.190001  24.959999  25.100000  25.100000       0
2023-03-20 10:40:00-04:00  25.139999  25.139999  24.910000  24.969999  24.969999       0
2023-03-20 10:45:00-04:00  24.920000  25.000000  24.680000  24.709999  24.709999       0
2023-03-20 10:50:00-04:00  24.629999  24.799999  24.629999  24.719999  24.719999       0
2023-03-20 10:55:00-04:00  24.700001  24.700001  24.540001  24.549999  24.549999       0
2023-03-20 11:00:00-04:00  24.559999  24.629999  24.469999  24.480000  24.480000       0
2023-03-20 11:05:00-04:00  24.500000  24.510000  24.370001  24.480000  24.480000       0
2023-03-20 11:10:00-04:00  24.500000  24.660000  24.500000  24.600000  24.600000       0
2023-03-20 11:15:00-04:00  24.600000  24.730000  24.450001  24.450001  24.450001       0
2023-03-20 11:20:00-04:00  24.440001  24.450001  24.350000  24.420000  24.420000       0
2023-03-20 11:25:00-04:00  24.379999  24.379999  24.110001  24.160000  24.160000       0
2023-03-20 11:30:00-04:00  24.139999  24.379999  24.059999  24.320000  24.320000       0
2023-03-20 11:35:00-04:00  24.320000  24.340000  24.250000  24.280001  24.280001       0
2023-03-20 11:40:00-04:00  24.290001  24.430000  24.270000  24.400000  24.400000       0
2023-03-20 11:45:00-04:00  24.400000  24.450001  24.350000  24.410000  24.410000       0
2023-03-20 11:50:00-04:00  24.430000  24.490000  24.320000  24.469999  24.469999       0
2023-03-20 11:55:00-04:00  24.490000  24.600000  24.410000  24.549999  24.549999       0
2023-03-20 12:00:00-04:00  24.610001  24.670000  24.580000  24.629999  24.629999       0
2023-03-20 12:05:00-04:00  24.620001  24.980000  24.610001  24.980000  24.980000       0
2023-03-20 12:10:00-04:00  25.000000  25.469999  24.959999  25.230000  25.230000       0
2023-03-20 12:15:00-04:00  25.180000  25.490000  25.010000  25.490000  25.490000       0
2023-03-20 12:20:00-04:00  25.440001  25.469999  25.129999  25.209999  25.209999       0
2023-03-20 12:25:00-04:00  25.209999  25.410000  25.080000  25.080000  25.080000       0
2023-03-20 12:30:00-04:00  25.040001  25.040001  24.770000  24.770000  24.770000       0
2023-03-20 12:35:00-04:00  24.790001  24.900000  24.629999  24.629999  24.629999       0
2023-03-20 12:40:00-04:00  24.660000  24.809999  24.629999  24.750000  24.750000       0
2023-03-20 12:45:00-04:00  24.760000  24.809999  24.620001  24.709999  24.709999       0
2023-03-20 12:50:00-04:00  24.719999  24.719999  24.459999  24.469999  24.469999       0
2023-03-20 12:55:00-04:00  24.469999  24.490000  24.250000  24.370001  24.370001       0
2023-03-20 13:00:00-04:00  24.389999  24.410000  24.340000  24.360001  24.360001       0
2023-03-20 13:05:00-04:00  24.360001  24.360001  24.230000  24.290001  24.290001       0
2023-03-20 13:10:00-04:00  24.290001  24.290001  24.180000  24.180000  24.180000       0
2023-03-20 13:15:00-04:00  24.190001  24.280001  24.070000  24.260000  24.260000       0
2023-03-20 13:20:00-04:00  24.230000  24.420000  24.230000  24.410000  24.410000       0
2023-03-20 13:25:00-04:00  24.400000  24.590000  24.389999  24.580000  24.580000       0
2023-03-20 13:30:00-04:00  24.610001  24.610001  24.480000  24.600000  24.600000       0
2023-03-20 13:35:00-04:00  24.639999  24.770000  24.639999  24.680000  24.680000       0
2023-03-20 13:40:00-04:00  24.639999  24.639999  24.469999  24.510000  24.510000       0
2023-03-20 13:45:00-04:00  24.480000  24.600000  24.480000  24.500000  24.500000       0
2023-03-20 13:50:00-04:00  24.490000  24.709999  24.490000  24.709999  24.709999       0
2023-03-20 13:55:00-04:00  24.719999  24.719999  24.580000  24.610001  24.610001       0
2023-03-20 14:00:00-04:00  24.610001  24.709999  24.540001  24.709999  24.709999       0
2023-03-20 14:05:00-04:00  24.719999  24.860001  24.690001  24.860001  24.860001       0
2023-03-20 14:10:00-04:00  24.860001  24.879999  24.700001  24.780001  24.780001       0
2023-03-20 14:15:00-04:00  24.750000  24.799999  24.500000  24.500000  24.500000       0
2023-03-20 14:20:00-04:00  24.520000  24.520000  24.370001  24.389999  24.389999       0
2023-03-20 14:25:00-04:00  24.400000  24.440001  24.320000  24.379999  24.379999       0
2023-03-20 14:30:00-04:00  24.420000  24.660000  24.389999  24.559999  24.559999       0
2023-03-20 14:35:00-04:00  24.559999  24.799999  24.559999  24.799999  24.799999       0
2023-03-20 14:40:00-04:00  24.799999  24.820000  24.620001  24.620001  24.620001       0
2023-03-20 14:45:00-04:00  24.639999  24.639999  24.440001  24.450001  24.450001       0
2023-03-20 14:50:00-04:00  24.459999  24.459999  24.170000  24.360001  24.360001       0
2023-03-20 14:55:00-04:00  24.350000  24.490000  24.309999  24.440001  24.440001       0
2023-03-20 15:00:00-04:00  24.440001  24.500000  24.320000  24.350000  24.350000       0
2023-03-20 15:05:00-04:00  24.340000  24.450001  24.240000  24.450001  24.450001       0
2023-03-20 15:10:00-04:00  24.450001  24.500000  24.400000  24.410000  24.410000       0
2023-03-20 15:15:00-04:00  24.420000  24.559999  24.340000  24.340000  24.340000       0
2023-03-20 15:20:00-04:00  24.340000  24.600000  24.330000  24.450001  24.450001       0
2023-03-20 15:25:00-04:00  24.459999  24.459999  24.230000  24.260000  24.260000       0
2023-03-20 15:30:00-04:00  24.280001  24.340000  24.230000  24.299999  24.299999       0
2023-03-20 15:35:00-04:00  24.290001  24.350000  24.240000  24.299999  24.299999       0
2023-03-20 15:40:00-04:00  24.299999  24.299999  24.100000  24.139999  24.139999       0
2023-03-20 15:45:00-04:00  24.209999  24.309999  24.070000  24.150000  24.150000       0
2023-03-20 15:50:00-04:00  24.120001  24.120001  24.000000  24.090000  24.090000       0
2023-03-20 15:55:00-04:00  24.120001  24.230000  24.120001  24.139999  24.139999       0
2023-03-21 09:30:00-04:00  22.510000  22.620001  22.469999  22.500000  22.500000       0
2023-03-21 09:35:00-04:00  22.480000  22.540001  22.480000  22.530001  22.530001       0
2023-03-21 09:40:00-04:00  22.549999  22.549999  22.420000  22.469999  22.469999       0
2023-03-21 09:45:00-04:00  22.469999  22.510000  22.370001  22.469999  22.469999       0
2023-03-21 09:50:00-04:00  22.469999  22.500000  22.379999  22.420000  22.420000       0
2023-03-21 09:55:00-04:00  22.410000  22.410000  22.260000  22.280001  22.280001       0
2023-03-21 10:00:00-04:00  22.280001  22.320000  22.139999  22.309999  22.309999       0
2023-03-21 10:05:00-04:00  22.330000  22.520000  22.330000  22.379999  22.379999       0
2023-03-21 10:10:00-04:00  22.350000  22.370001  22.170000  22.340000  22.340000       0
2023-03-21 10:15:00-04:00  22.340000  22.459999  22.340000  22.379999  22.379999       0
2023-03-21 10:20:00-04:00  22.389999  22.500000  22.299999  22.480000  22.480000       0
2023-03-21 10:25:00-04:00  22.490000  22.520000  22.280001  22.280001  22.280001       0
2023-03-21 10:30:00-04:00  22.280001  22.309999  22.129999  22.250000  22.250000       0
2023-03-21 10:35:00-04:00  22.240000  22.360001  22.120001  22.120001  22.120001       0
2023-03-21 10:40:00-04:00  22.110001  22.180000  22.059999  22.150000  22.150000       0
2023-03-21 10:45:00-04:00  22.110001  22.110001  21.879999  21.900000  21.900000       0
2023-03-21 10:50:00-04:00  21.889999  22.240000  21.889999  22.160000  22.160000       0
2023-03-21 10:55:00-04:00  22.180000  22.200001  22.080000  22.090000  22.090000       0
2023-03-21 11:00:00-04:00  22.110001  22.110001  21.980000  22.040001  22.040001       0
2023-03-21 11:05:00-04:00  22.020000  22.070000  21.959999  21.980000  21.980000       0
2023-03-21 11:10:00-04:00  22.000000  22.010000  21.830000  21.850000  21.850000       0
2023-03-21 11:15:00-04:00  21.870001  21.910000  21.850000  21.870001  21.870001       0
2023-03-21 11:20:00-04:00  21.850000  21.889999  21.840000  21.850000  21.850000       0
2023-03-21 11:25:00-04:00  21.850000  21.940001  21.840000  21.920000  21.920000       0
2023-03-21 11:30:00-04:00  21.900000  21.900000  21.790001  21.860001  21.860001       0
2023-03-21 11:35:00-04:00  21.879999  22.129999  21.870001  22.129999  22.129999       0
2023-03-21 11:40:00-04:00  22.120001  22.360001  22.080000  22.299999  22.299999       0
2023-03-21 11:45:00-04:00  22.330000  22.540001  22.330000  22.410000  22.410000       0
2023-03-21 11:50:00-04:00  22.400000  22.400000  22.290001  22.320000  22.320000       0
2023-03-21 11:55:00-04:00  22.290001  22.330000  22.270000  22.299999  22.299999       0
2023-03-21 12:00:00-04:00  22.309999  22.389999  22.270000  22.320000  22.320000       0
2023-03-21 12:05:00-04:00  22.350000  22.350000  22.250000  22.280001  22.280001       0
2023-03-21 12:10:00-04:00  22.219999  22.219999  22.059999  22.090000  22.090000       0
2023-03-21 12:15:00-04:00  22.110001  22.110001  21.950001  22.030001  22.030001       0
2023-03-21 12:20:00-04:00  22.020000  22.049999  21.980000  22.000000  22.000000       0
2023-03-21 12:25:00-04:00  22.000000  22.000000  21.860001  21.860001  21.860001       0
2023-03-21 12:30:00-04:00  21.889999  21.889999  21.760000  21.790001  21.790001       0
2023-03-21 12:35:00-04:00  21.799999  21.879999  21.780001  21.879999  21.879999       0
2023-03-21 12:40:00-04:00  21.889999  21.969999  21.889999  21.950001  21.950001       0
2023-03-21 12:45:00-04:00  21.959999  22.020000  21.930000  22.020000  22.020000       0
2023-03-21 12:50:00-04:00  22.000000  22.010000  21.889999  21.910000  21.910000       0
2023-03-21 12:55:00-04:00  21.940001  21.940001  21.830000  21.920000  21.920000       0
2023-03-21 13:00:00-04:00  21.920000  21.980000  21.920000  21.950001  21.950001       0
2023-03-21 13:05:00-04:00  21.930000  21.930000  21.809999  21.820000  21.820000       0
2023-03-21 13:10:00-04:00  21.809999  21.809999  21.690001  21.690001  21.690001       0
2023-03-21 13:15:00-04:00  21.719999  21.730000  21.610001  21.650000  21.650000       0
2023-03-21 13:20:00-04:00  21.650000  21.660000  21.620001  21.639999  21.639999       0
2023-03-21 13:25:00-04:00  21.650000  21.650000  21.510000  21.530001  21.530001       0
2023-03-21 13:30:00-04:00  21.520000  21.520000  21.410000  21.420000  21.420000       0
2023-03-21 13:35:00-04:00  21.410000  21.430000  21.340000  21.420000  21.420000       0
2023-03-21 13:40:00-04:00  21.420000  21.540001  21.420000  21.530001  21.530001       0
2023-03-21 13:45:00-04:00  21.549999  21.600000  21.530001  21.590000  21.590000       0
2023-03-21 13:50:00-04:00  21.590000  21.700001  21.590000  21.700001  21.700001       0
2023-03-21 13:55:00-04:00  21.700001  21.889999  21.700001  21.889999  21.889999       0
2023-03-21 14:00:00-04:00  21.910000  21.910000  21.830000  21.870001  21.870001       0
2023-03-21 14:05:00-04:00  21.860001  21.969999  21.860001  21.860001  21.860001       0
2023-03-21 14:10:00-04:00  21.860001  21.860001  21.740000  21.750000  21.750000       0
2023-03-21 14:15:00-04:00  21.740000  21.750000  21.620001  21.629999  21.629999       0
2023-03-21 14:20:00-04:00  21.650000  21.690001  21.610001  21.639999  21.639999       0
2023-03-21 14:25:00-04:00  21.639999  21.650000  21.570000  21.600000  21.600000       0
2023-03-21 14:30:00-04:00  21.590000  21.610001  21.540001  21.570000  21.570000       0
2023-03-21 14:35:00-04:00  21.549999  21.570000  21.480000  21.559999  21.559999       0
2023-03-21 14:40:00-04:00  21.570000  21.590000  21.500000  21.500000  21.500000       0
2023-03-21 14:45:00-04:00  21.480000  21.480000  21.420000  21.459999  21.459999       0
2023-03-21 14:50:00-04:00  21.469999  21.570000  21.459999  21.540001  21.540001       0
2023-03-21 14:55:00-04:00  21.540001  21.600000  21.469999  21.600000  21.600000       0
2023-03-21 15:00:00-04:00  21.610001  21.620001  21.530001  21.530001  21.530001       0
2023-03-21 15:05:00-04:00  21.520000  21.530001  21.459999  21.469999  21.469999       0
2023-03-21 15:10:00-04:00  21.469999  21.480000  21.389999  21.459999  21.459999       0
2023-03-21 15:15:00-04:00  21.469999  21.480000  21.420000  21.430000  21.430000       0
2023-03-21 15:20:00-04:00  21.430000  21.520000  21.410000  21.510000  21.510000       0
2023-03-21 15:25:00-04:00  21.510000  21.570000  21.450001  21.450001  21.450001       0
2023-03-21 15:30:00-04:00  21.450001  21.500000  21.420000  21.500000  21.500000       0
2023-03-21 15:35:00-04:00  21.500000  21.500000  21.340000  21.340000  21.340000       0
2023-03-21 15:40:00-04:00  21.320000  21.389999  21.290001  21.370001  21.370001       0
2023-03-21 15:45:00-04:00  21.330000  21.629999  21.330000  21.629999  21.629999       0
2023-03-21 15:50:00-04:00  21.639999  21.670000  21.559999  21.570000  21.570000       0
2023-03-21 15:55:00-04:00  21.559999  21.620001  21.549999  21.620001  21.620001       0
2023-03-22 09:30:00-04:00  20.889999  20.940001  20.860001  20.860001  20.860001       0
2023-03-22 09:35:00-04:00  20.860001  20.889999  20.740000  20.860001  20.860001       0
2023-03-22 09:40:00-04:00  20.820000  20.900000  20.790001  20.799999  20.799999       0
2023-03-22 09:45:00-04:00  20.820000  20.850000  20.700001  20.719999  20.719999       0
2023-03-22 09:50:00-04:00  20.709999  20.709999  20.590000  20.600000  20.600000       0
2023-03-22 09:55:00-04:00  20.590000  20.629999  20.570000  20.570000  20.570000       0
2023-03-22 10:00:00-04:00  20.580000  20.580000  20.520000  20.580000  20.580000       0
2023-03-22 10:05:00-04:00  20.580000  20.620001  20.559999  20.620001  20.620001       0
2023-03-22 10:10:00-04:00  20.600000  20.740000  20.590000  20.690001  20.690001       0
2023-03-22 10:15:00-04:00  20.690001  20.690001  20.500000  20.500000  20.500000       0
2023-03-22 10:20:00-04:00  20.490000  20.490000  20.360001  20.410000  20.410000       0
2023-03-22 10:25:00-04:00  20.410000  20.410000  20.250000  20.330000  20.330000       0
2023-03-22 10:30:00-04:00  20.360001  20.469999  20.350000  20.420000  20.420000       0
2023-03-22 10:35:00-04:00  20.400000  20.480000  20.400000  20.420000  20.420000       0
2023-03-22 10:40:00-04:00  20.410000  20.420000  20.330000  20.330000  20.330000       0
2023-03-22 10:45:00-04:00  20.299999  20.389999  20.250000  20.370001  20.370001       0
2023-03-22 10:50:00-04:00  20.360001  20.430000  20.340000  20.360001  20.360001       0
2023-03-22 10:55:00-04:00  20.360001  20.430000  20.360001  20.430000  20.430000       0
2023-03-22 11:00:00-04:00  20.420000  20.520000  20.410000  20.520000  20.520000       0
2023-03-22 11:05:00-04:00  20.530001  20.670000  20.530001  20.670000  20.670000       0
2023-03-22 11:10:00-04:00  20.680000  20.820000  20.620001  20.799999  20.799999       0
2023-03-22 11:15:00-04:00  20.809999  20.830000  20.790001  20.820000  20.820000       0
2023-03-22 11:20:00-04:00  20.820000  20.830000  20.750000  20.750000  20.750000       0
2023-03-22 11:25:00-04:00  20.740000  20.770000  20.709999  20.709999  20.709999       0
2023-03-22 11:30:00-04:00  20.709999  20.719999  20.690001  20.700001  20.700001       0
2023-03-22 11:35:00-04:00  20.700001  20.730000  20.660000  20.670000  20.670000       0
2023-03-22 11:40:00-04:00  20.680000  20.790001  20.680000  20.790001  20.790001       0
2023-03-22 11:45:00-04:00  20.799999  20.820000  20.780001  20.820000  20.820000       0
2023-03-22 11:50:00-04:00  20.820000  20.830000  20.770000  20.770000  20.770000       0
2023-03-22 11:55:00-04:00  20.770000  20.799999  20.750000  20.790001  20.790001       0
2023-03-22 12:00:00-04:00  20.790001  20.850000  20.780001  20.850000  20.850000       0
2023-03-22 12:05:00-04:00  20.870001  20.990000  20.860001  20.980000  20.980000       0
2023-03-22 12:10:00-04:00  20.980000  21.110001  20.980000  21.100000  21.100000       0
2023-03-22 12:15:00-04:00  21.100000  21.170000  21.100000  21.110001  21.110001       0
2023-03-22 12:20:00-04:00  21.110001  21.129999  21.049999  21.049999  21.049999       0
2023-03-22 12:25:00-04:00  21.030001  21.030001  20.959999  21.010000  21.010000       0
2023-03-22 12:30:00-04:00  21.030001  21.090000  21.000000  21.090000  21.090000       0
2023-03-22 12:35:00-04:00  21.090000  21.150000  21.080000  21.150000  21.150000       0
2023-03-22 12:40:00-04:00  21.139999  21.190001  21.120001  21.129999  21.129999       0
2023-03-22 12:45:00-04:00  21.120001  21.190001  21.110001  21.180000  21.180000       0
2023-03-22 12:50:00-04:00  21.180000  21.180000  21.110001  21.139999  21.139999       0
2023-03-22 12:55:00-04:00  21.139999  21.270000  21.139999  21.270000  21.270000       0
2023-03-22 13:00:00-04:00  21.270000  21.520000  21.270000  21.510000  21.510000       0
2023-03-22 13:05:00-04:00  21.500000  21.570000  21.490000  21.540001  21.540001       0
2023-03-22 13:10:00-04:00  21.540001  21.559999  21.440001  21.440001  21.440001       0
2023-03-22 13:15:00-04:00  21.420000  21.420000  21.290001  21.290001  21.290001       0
2023-03-22 13:20:00-04:00  21.290001  21.290001  21.200001  21.209999  21.209999       0
2023-03-22 13:25:00-04:00  21.209999  21.209999  21.080000  21.080000  21.080000       0
2023-03-22 13:30:00-04:00  21.080000  21.100000  21.000000  21.100000  21.100000       0
2023-03-22 13:35:00-04:00  21.110001  21.170000  21.100000  21.170000  21.170000       0
2023-03-22 13:40:00-04:00  21.180000  21.200001  21.110001  21.110001  21.110001       0
2023-03-22 13:45:00-04:00  21.110001  21.110001  21.049999  21.059999  21.059999       0
2023-03-22 13:50:00-04:00  21.049999  21.059999  21.020000  21.030001  21.030001       0
2023-03-22 13:55:00-04:00  21.030001  21.040001  20.969999  21.040001  21.040001       0
2023-03-22 14:00:00-04:00  20.730000  20.879999  20.410000  20.549999  20.549999       0
2023-03-22 14:05:00-04:00  20.570000  20.820000  20.280001  20.799999  20.799999       0
2023-03-22 14:10:00-04:00  20.830000  21.190001  20.770000  21.129999  21.129999       0
2023-03-22 14:15:00-04:00  21.139999  21.139999  20.700001  20.700001  20.700001       0
2023-03-22 14:20:00-04:00  20.709999  20.860001  20.680000  20.820000  20.820000       0
2023-03-22 14:25:00-04:00  20.820000  20.840000  20.690001  20.700001  20.700001       0
2023-03-22 14:30:00-04:00  20.719999  20.870001  20.530001  20.719999  20.719999       0
2023-03-22 14:35:00-04:00  20.740000  21.280001  20.680000  20.760000  20.760000       0
2023-03-22 14:40:00-04:00  20.809999  20.809999  20.219999  20.250000  20.250000       0
2023-03-22 14:45:00-04:00  20.309999  20.410000  19.940001  20.150000  20.150000       0
2023-03-22 14:50:00-04:00  20.150000  20.180000  19.959999  20.180000  20.180000       0
2023-03-22 14:55:00-04:00  20.209999  20.709999  20.209999  20.700001  20.700001       0
2023-03-22 15:00:00-04:00  20.730000  21.200001  20.610001  21.200001  21.200001       0
2023-03-22 15:05:00-04:00  21.350000  21.879999  21.280001  21.780001  21.780001       0
2023-03-22 15:10:00-04:00  21.690001  21.690001  21.100000  21.100000  21.100000       0
2023-03-22 15:15:00-04:00  21.030001  21.030001  20.469999  20.520000  20.520000       0
2023-03-22 15:20:00-04:00  20.540001  20.540001  20.059999  20.330000  20.330000       0
2023-03-22 15:25:00-04:00  20.330000  20.629999  20.330000  20.370001  20.370001       0
2023-03-22 15:30:00-04:00  20.370001  20.889999  20.340000  20.860001  20.860001       0
2023-03-22 15:35:00-04:00  20.850000  21.139999  20.780001  21.040001  21.040001       0
2023-03-22 15:40:00-04:00  21.030001  21.030001  20.770000  20.930000  20.930000       0
2023-03-22 15:45:00-04:00  20.950001  21.370001  20.950001  21.370001  21.370001       0
2023-03-22 15:50:00-04:00  21.309999  21.930000  21.299999  21.930000  21.930000       0
2023-03-22 15:55:00-04:00  21.930000  22.230000  21.930000  22.230000  22.230000       0
2023-03-23 09:30:00-04:00  20.850000  20.889999  20.780001  20.820000  20.820000       0
2023-03-23 09:35:00-04:00  20.830000  20.870001  20.760000  20.799999  20.799999       0
2023-03-23 09:40:00-04:00  20.809999  20.950001  20.639999  20.690001  20.690001       0
2023-03-23 09:45:00-04:00  20.730000  20.850000  20.639999  20.820000  20.820000       0
2023-03-23 09:50:00-04:00  20.780001  20.780001  20.629999  20.629999  20.629999       0
2023-03-23 09:55:00-04:00  20.639999  20.740000  20.610001  20.709999  20.709999       0
2023-03-23 10:00:00-04:00  20.420000  20.680000  20.420000  20.680000  20.680000       0
2023-03-23 10:05:00-04:00  20.680000  20.760000  20.670000  20.760000  20.760000       0
2023-03-23 10:10:00-04:00  20.750000  20.760000  20.580000  20.580000  20.580000       0
2023-03-23 10:15:00-04:00  20.590000  20.629999  20.510000  20.559999  20.559999       0
2023-03-23 10:20:00-04:00  20.570000  20.660000  20.540001  20.580000  20.580000       0
2023-03-23 10:25:00-04:00  20.570000  20.610001  20.510000  20.610001  20.610001       0
2023-03-23 10:30:00-04:00  20.610001  20.700001  20.559999  20.700001  20.700001       0
2023-03-23 10:35:00-04:00  20.690001  20.719999  20.590000  20.590000  20.590000       0
2023-03-23 10:40:00-04:00  20.580000  20.580000  20.490000  20.500000  20.500000       0
2023-03-23 10:45:00-04:00  20.490000  20.500000  20.330000  20.340000  20.340000       0
2023-03-23 10:50:00-04:00  20.360001  20.420000  20.340000  20.410000  20.410000       0
2023-03-23 10:55:00-04:00  20.420000  20.450001  20.299999  20.299999  20.299999       0
2023-03-23 11:00:00-04:00  20.299999  20.379999  20.299999  20.320000  20.320000       0
2023-03-23 11:05:00-04:00  20.290001  20.290001  20.160000  20.240000  20.240000       0
2023-03-23 11:10:00-04:00  20.250000  20.379999  20.250000  20.370001  20.370001       0
2023-03-23 11:15:00-04:00  20.330000  20.410000  20.309999  20.410000  20.410000       0
2023-03-23 11:20:00-04:00  20.459999  20.480000  20.360001  20.360001  20.360001       0
2023-03-23 11:25:00-04:00  20.370001  20.490000  20.370001  20.459999  20.459999       0
2023-03-23 11:30:00-04:00  20.450001  20.480000  20.330000  20.459999  20.459999       0
2023-03-23 11:35:00-04:00  20.450001  20.450001  20.379999  20.400000  20.400000       0
2023-03-23 11:40:00-04:00  20.430000  20.500000  20.389999  20.500000  20.500000       0
2023-03-23 11:45:00-04:00  20.490000  20.510000  20.420000  20.420000  20.420000       0
2023-03-23 11:50:00-04:00  20.420000  20.420000  20.340000  20.370001  20.370001       0
2023-03-23 11:55:00-04:00  20.360001  20.459999  20.320000  20.450001  20.450001       0
2023-03-23 12:00:00-04:00  20.450001  20.490000  20.430000  20.440001  20.440001       0
2023-03-23 12:05:00-04:00  20.430000  20.459999  20.379999  20.389999  20.389999       0
2023-03-23 12:10:00-04:00  20.400000  20.570000  20.400000  20.570000  20.570000       0
2023-03-23 12:15:00-04:00  20.590000  20.709999  20.580000  20.709999  20.709999       0
2023-03-23 12:20:00-04:00  20.700001  20.879999  20.700001  20.799999  20.799999       0
2023-03-23 12:25:00-04:00  20.809999  20.809999  20.719999  20.809999  20.809999       0
2023-03-23 12:30:00-04:00  20.780001  20.820000  20.719999  20.820000  20.820000       0
2023-03-23 12:35:00-04:00  20.799999  21.059999  20.799999  21.059999  21.059999       0
2023-03-23 12:40:00-04:00  21.059999  21.240000  21.059999  21.150000  21.150000       0
2023-03-23 12:45:00-04:00  21.150000  21.420000  21.150000  21.280001  21.280001       0
2023-03-23 12:50:00-04:00  21.270000  21.379999  21.250000  21.290001  21.290001       0
2023-03-23 12:55:00-04:00  21.309999  21.360001  21.219999  21.219999  21.219999       0
2023-03-23 13:00:00-04:00  21.240000  21.350000  21.240000  21.270000  21.270000       0
2023-03-23 13:05:00-04:00  21.270000  21.370001  21.100000  21.370001  21.370001       0
2023-03-23 13:10:00-04:00  21.350000  21.719999  21.350000  21.590000  21.590000       0
2023-03-23 13:15:00-04:00  21.610001  21.840000  21.610001  21.750000  21.750000       0
2023-03-23 13:20:00-04:00  21.760000  21.770000  21.520000  21.570000  21.570000       0
2023-03-23 13:25:00-04:00  21.650000  22.320000  21.650000  22.010000  22.010000       0
2023-03-23 13:30:00-04:00  22.030001  22.030001  21.879999  21.959999  21.959999       0
2023-03-23 13:35:00-04:00  21.969999  22.040001  21.889999  21.900000  21.900000       0
2023-03-23 13:40:00-04:00  21.910000  21.920000  21.600000  21.620001  21.620001       0
2023-03-23 13:45:00-04:00  21.600000  22.040001  21.600000  21.969999  21.969999       0
2023-03-23 13:50:00-04:00  21.959999  22.170000  21.959999  22.100000  22.100000       0
2023-03-23 13:55:00-04:00  22.100000  22.290001  22.100000  22.290001  22.290001       0
2023-03-23 14:00:00-04:00  22.270000  22.290001  22.049999  22.290001  22.290001       0
2023-03-23 14:05:00-04:00  22.250000  22.340000  22.200001  22.340000  22.340000       0
2023-03-23 14:10:00-04:00  22.370001  22.450001  22.299999  22.299999  22.299999       0
2023-03-23 14:15:00-04:00  22.309999  22.440001  22.260000  22.340000  22.340000       0
2023-03-23 14:20:00-04:00  22.360001  22.809999  22.360001  22.809999  22.809999       0
2023-03-23 14:25:00-04:00  22.809999  23.480000  22.809999  23.480000  23.480000       0
2023-03-23 14:30:00-04:00  23.549999  23.610001  23.290001  23.610001  23.610001       0
2023-03-23 14:35:00-04:00  23.570000  23.840000  23.129999  23.809999  23.809999       0
2023-03-23 14:40:00-04:00  23.830000  24.889999  23.770000  24.889999  24.889999       0
2023-03-23 14:45:00-04:00  24.910000  24.910000  24.330000  24.540001  24.540001       0
2023-03-23 14:50:00-04:00  24.420000  24.510000  24.190001  24.400000  24.400000       0
2023-03-23 14:55:00-04:00  24.420000  24.600000  23.469999  23.469999  23.469999       0
2023-03-23 15:00:00-04:00  23.309999  23.309999  22.440001  22.980000  22.980000       0
2023-03-23 15:05:00-04:00  22.950001  23.480000  22.920000  23.100000  23.100000       0
2023-03-23 15:10:00-04:00  22.980000  23.370001  22.830000  23.340000  23.340000       0
2023-03-23 15:15:00-04:00  23.240000  23.610001  23.040001  23.610001  23.610001       0
2023-03-23 15:20:00-04:00  23.670000  24.350000  23.670000  23.709999  23.709999       0
2023-03-23 15:25:00-04:00  23.650000  23.730000  23.570000  23.719999  23.719999       0
2023-03-23 15:30:00-04:00  23.820000  24.059999  23.670000  23.670000  23.670000       0
2023-03-23 15:35:00-04:00  23.639999  23.639999  23.180000  23.430000  23.430000       0
2023-03-23 15:40:00-04:00  23.430000  23.540001  23.150000  23.150000  23.150000       0
2023-03-23 15:45:00-04:00  23.100000  23.100000  22.360001  22.860001  22.860001       0
2023-03-23 15:50:00-04:00  22.860001  22.860001  22.290001  22.440001  22.440001       0
2023-03-23 15:55:00-04:00  22.440001  22.639999  22.410000  22.610001  22.610001       0
2023-03-24 09:30:00-04:00  23.670000  24.139999  23.670000  24.000000  24.000000       0
2023-03-24 09:35:00-04:00  23.969999  24.260000  23.900000  24.260000  24.260000       0
2023-03-24 09:40:00-04:00  24.219999  24.639999  24.129999  24.370001  24.370001       0
2023-03-24 09:45:00-04:00  24.160000  25.030001  24.160000  25.030001  25.030001       0
2023-03-24 09:50:00-04:00  24.830000  24.830000  24.150000  24.200001  24.200001       0
2023-03-24 09:55:00-04:00  24.200001  24.200001  24.049999  24.090000  24.090000       0
2023-03-24 10:00:00-04:00  24.100000  24.129999  23.920000  24.090000  24.090000       0
2023-03-24 10:05:00-04:00  24.090000  24.280001  23.889999  24.260000  24.260000       0
2023-03-24 10:10:00-04:00  24.240000  24.250000  23.770000  23.820000  23.820000       0
2023-03-24 10:15:00-04:00  23.950001  24.290001  23.950001  24.230000  24.230000       0
2023-03-24 10:20:00-04:00  24.180000  24.469999  24.180000  24.260000  24.260000       0
2023-03-24 10:25:00-04:00  24.190001  24.190001  23.480000  23.530001  23.530001       0
2023-03-24 10:30:00-04:00  23.549999  23.549999  23.350000  23.400000  23.400000       0
2023-03-24 10:35:00-04:00  23.420000  23.730000  23.379999  23.540001  23.540001       0