                                Open       High        Low      Close  Adj Close  Volume
Datetime                                                                                
2022-10-07 10:50:00-04:00  30.910000  31.139999  30.910000  31.010000  31.010000       0
2022-10-07 10:55:00-04:00  31.010000  31.030001  30.840000  31.010000  31.010000       0
2022-10-07 11:00:00-04:00  31.010000  31.010000  30.830000  30.870001  30.870001       0
2022-10-07 11:05:00-04:00  30.870001  31.120001  30.870001  31.100000  31.100000       0
2022-10-07 11:10:00-04:00  31.110001  31.240000  31.059999  31.170000  31.170000       0
2022-10-07 11:15:00-04:00  31.180000  31.309999  31.160000  31.309999  31.309999       0
2022-10-07 11:20:00-04:00  31.370001  31.490000  31.299999  31.309999  31.309999       0
2022-10-07 11:25:00-04:00  31.309999  31.350000  31.209999  31.240000  31.240000       0
2022-10-07 11:30:00-04:00  31.230000  31.330000  31.150000  31.280001  31.280001       0
2022-10-07 11:35:00-04:00  31.309999  31.320000  31.090000  31.120001  31.120001       0
2022-10-07 11:40:00-04:00  31.120001  31.270000  31.080000  31.139999  31.139999       0
2022-10-07 11:45:00-04:00  31.139999  31.209999  31.139999  31.209999  31.209999       0
2022-10-07 11:50:00-04:00  31.219999  31.270000  31.150000  31.270000  31.270000       0
2022-10-07 11:55:00-04:00  31.260000  31.299999  31.219999  31.230000  31.230000       0
2022-10-07 12:00:00-04:00  31.260000  31.340000  31.200001  31.209999  31.209999       0
2022-10-07 12:05:00-04:00  31.209999  31.270000  31.160000  31.209999  31.209999       0
2022-10-07 12:10:00-04:00  31.219999  31.219999  31.100000  31.200001  31.200001       0
2022-10-07 12:15:00-04:00  31.209999  31.230000  31.180000  31.200001  31.200001       0
2022-10-07 12:20:00-04:00  31.230000  31.500000  31.209999  31.500000  31.500000       0
2022-10-07 12:25:00-04:00  31.520000  31.530001  31.400000  31.480000  31.480000       0
2022-10-07 12:30:00-04:00  31.480000  31.629999  31.480000  31.629999  31.629999       0
2022-10-07 12:35:00-04:00  31.639999  31.650000  31.600000  31.620001  31.620001       0
2022-10-07 12:40:00-04:00  31.639999  31.820000  31.639999  31.820000  31.820000       0
2022-10-07 12:45:00-04:00  31.809999  31.920000  31.770000  31.770000  31.770000       0
2022-10-07 12:50:00-04:00  31.770000  31.780001  31.600000  31.610001  31.610001       0
2022-10-07 12:55:00-04:00  31.610001  31.610001  31.490000  31.490000  31.490000       0
2022-10-07 13:00:00-04:00  31.480000  31.639999  31.480000  31.639999  31.639999       0
2022-10-07 13:05:00-04:00  31.650000  31.719999  31.610001  31.719999  31.719999       0
2022-10-07 13:10:00-04:00  31.709999  31.719999  31.490000  31.490000  31.490000       0
2022-10-07 13:15:00-04:00  31.469999  31.469999  31.260000  31.260000  31.260000       0
2022-10-07 13:20:00-04:00  31.260000  31.450001  31.260000  31.450001  31.450001       0
2022-10-07 13:25:00-04:00  31.450001  31.480000  31.389999  31.410000  31.410000       0
2022-10-07 13:30:00-04:00  31.480000  31.510000  31.459999  31.480000  31.480000       0
2022-10-07 13:35:00-04:00  31.480000  31.490000  31.430000  31.459999  31.459999       0
2022-10-07 13:40:00-04:00  31.430000  31.430000  31.219999  31.260000  31.260000       0
2022-10-07 13:45:00-04:00  31.260000  31.299999  31.209999  31.299999  31.299999       0
2022-10-07 13:50:00-04:00  31.320000  31.370001  31.250000  31.370001  31.370001       0
2022-10-07 13:55:00-04:00  31.370001  31.480000  31.330000  31.480000  31.480000       0
2022-10-07 14:00:00-04:00  31.480000  31.480000  31.340000  31.340000  31.340000       0
2022-10-07 14:05:00-04:00  31.340000  31.370001  31.280001  31.370001  31.370001       0
2022-10-07 14:10:00-04:00  31.360001  31.500000  31.360001  31.389999  31.389999       0
2022-10-07 14:15:00-04:00  31.370001  31.370001  31.270000  31.280001  31.280001       0
2022-10-07 14:20:00-04:00  31.309999  31.420000  31.309999  31.379999  31.379999       0
2022-10-07 14:25:00-04:00  31.430000  31.559999  31.430000  31.559999  31.559999       0
2022-10-07 14:30:00-04:00  31.559999  31.709999  31.559999  31.600000  31.600000       0
2022-10-07 14:35:00-04:00  31.590000  31.590000  31.459999  31.490000  31.490000       0
2022-10-07 14:40:00-04:00  31.490000  31.570000  31.459999  31.570000  31.570000       0
2022-10-07 14:45:00-04:00  31.590000  31.670000  31.580000  31.620001  31.620001       0
2022-10-07 14:50:00-04:00  31.580000  31.580000  31.420000  31.420000  31.420000       0
2022-10-07 14:55:00-04:00  31.410000  31.430000  31.360001  31.420000  31.420000       0
2022-10-07 15:00:00-04:00  31.469999  31.469999  31.260000  31.260000  31.260000       0
2022-10-07 15:05:00-04:00  31.250000  31.430000  31.250000  31.400000  31.400000       0
2022-10-07 15:10:00-04:00  31.420000  31.440001  31.299999  31.389999  31.389999       0
2022-10-07 15:15:00-04:00  31.420000  31.549999  31.389999  31.549999  31.549999       0
2022-10-07 15:20:00-04:00  31.549999  31.690001  31.540001  31.680000  31.680000       0
2022-10-07 15:25:00-04:00  31.660000  31.940001  31.660000  31.940001  31.940001       0
2022-10-07 15:30:00-04:00  31.860001  32.009998  31.860001  31.990000  31.990000       0
2022-10-07 15:35:00-04:00  31.990000  32.020000  31.639999  31.639999  31.639999       0
2022-10-07 15:40:00-04:00  31.549999  31.580000  31.450001  31.490000  31.490000       0
2022-10-07 15:45:00-04:00  31.549999  31.690001  31.549999  31.620001  31.620001       0
2022-10-07 15:50:00-04:00  31.610001  31.610001  31.240000  31.389999  31.389999       0
2022-10-07 15:55:00-04:00  31.379999  31.500000  31.219999  31.219999  31.219999       0
2022-10-10 09:30:00-04:00  32.470001  32.919998  32.459999  32.880001  32.880001       0
2022-10-10 09:35:00-04:00  32.840000  33.040001  32.770000  32.970001  32.970001       0
2022-10-10 09:40:00-04:00  32.990002  33.060001  32.740002  32.790001  32.790001       0
2022-10-10 09:45:00-04:00  32.849998  32.880001  32.549999  32.700001  32.700001       0
2022-10-10 09:50:00-04:00  32.720001  33.009998  32.639999  33.000000  33.000000       0
2022-10-10 09:55:00-04:00  33.000000  33.000000  32.730000  32.770000  32.770000       0
2022-10-10 10:00:00-04:00  32.759998  32.790001  32.650002  32.770000  32.770000       0
2022-10-10 10:05:00-04:00  32.799999  32.820000  32.570000  32.820000  32.820000       0
2022-10-10 10:10:00-04:00  32.820000  32.849998  32.750000  32.840000  32.840000       0
2022-10-10 10:15:00-04:00  32.840000  32.840000  32.619999  32.630001  32.630001       0
2022-10-10 10:20:00-04:00  32.610001  32.619999  32.500000  32.540001  32.540001       0
2022-10-10 10:25:00-04:00  32.580002  32.680000  32.389999  32.560001  32.560001       0
2022-10-10 10:30:00-04:00  32.520000  32.959999  32.509998  32.939999  32.939999       0
2022-10-10 10:35:00-04:00  32.900002  33.270000  32.820000  33.270000  33.270000       0
2022-10-10 10:40:00-04:00  33.279999  33.290001  33.180000  33.250000  33.250000       0
2022-10-10 10:45:00-04:00  33.150002  33.189999  33.060001  33.139999  33.139999       0
2022-10-10 10:50:00-04:00  33.139999  33.340000  33.139999  33.340000  33.340000       0
2022-10-10 10:55:00-04:00  33.320000  33.389999  33.310001  33.330002  33.330002       0
2022-10-10 11:00:00-04:00  33.320000  33.599998  33.320000  33.599998  33.599998       0
2022-10-10 11:05:00-04:00  33.669998  33.669998  33.520000  33.549999  33.549999       0
2022-10-10 11:10:00-04:00  33.540001  33.540001  33.270000  33.270000  33.270000       0
2022-10-10 11:15:00-04:00  33.259998  33.419998  33.240002  33.419998  33.419998       0
2022-10-10 11:20:00-04:00  33.439999  33.470001  33.060001  33.070000  33.070000       0
2022-10-10 11:25:00-04:00  33.070000  33.240002  33.070000  33.220001  33.220001       0
2022-10-10 11:30:00-04:00  33.240002  33.480000  33.230000  33.430000  33.430000       0
2022-10-10 11:35:00-04:00  33.419998  33.549999  33.410000  33.549999  33.549999       0
2022-10-10 11:40:00-04:00  33.580002  33.689999  33.529999  33.529999  33.529999       0
2022-10-10 11:45:00-04:00  33.529999  33.529999  33.369999  33.380001  33.380001       0
2022-10-10 11:50:00-04:00  33.360001  33.380001  33.070000  33.130001  33.130001       0
2022-10-10 11:55:00-04:00  33.139999  33.250000  33.119999  33.250000  33.250000       0
2022-10-10 12:00:00-04:00  33.250000  33.279999  33.240002  33.250000  33.250000       0
2022-10-10 12:05:00-04:00  33.240002  33.360001  33.189999  33.360001  33.360001       0
2022-10-10 12:10:00-04:00  33.360001  33.380001  33.330002  33.330002  33.330002       0
2022-10-10 12:15:00-04:00  33.320000  33.330002  33.169998  33.209999  33.209999       0
2022-10-10 12:20:00-04:00  33.250000  33.540001  33.250000  33.529999  33.529999       0
2022-10-10 12:25:00-04:00  33.529999  33.540001  33.400002  33.529999  33.529999       0
2022-10-10 12:30:00-04:00  33.520000  33.529999  33.430000  33.500000  33.500000       0
2022-10-10 12:35:00-04:00  33.500000  33.520000  33.430000  33.430000  33.430000       0
2022-10-10 12:40:00-04:00  33.430000  33.430000  33.360001  33.410000  33.410000       0
2022-10-10 12:45:00-04:00  33.389999  33.549999  33.389999  33.549999  33.549999       0
2022-10-10 12:50:00-04:00  33.540001  33.799999  33.540001  33.779999  33.779999       0
2022-10-10 12:55:00-04:00  33.770000  33.770000  33.650002  33.759998  33.759998       0
2022-10-10 13:00:00-04:00  33.770000  33.970001  33.770000  33.930000  33.930000       0
2022-10-10 13:05:00-04:00  33.939999  33.959999  33.880001  33.950001  33.950001       0
2022-10-10 13:10:00-04:00  33.939999  33.990002  33.480000  33.549999  33.549999       0
2022-10-10 13:15:00-04:00  33.540001  33.709999  33.500000  33.650002  33.650002       0
2022-10-10 13:20:00-04:00  33.639999  33.639999  33.389999  33.389999  33.389999       0
2022-10-10 13:25:00-04:00  33.410000  33.450001  33.349998  33.360001  33.360001       0
2022-10-10 13:30:00-04:00  33.369999  33.410000  33.150002  33.240002  33.240002       0
2022-10-10 13:35:00-04:00  33.230000  33.230000  33.139999  33.139999  33.139999       0
2022-10-10 13:40:00-04:00  33.119999  33.180000  33.099998  33.180000  33.180000       0
2022-10-10 13:45:00-04:00  33.180000  33.180000  32.580002  32.650002  32.650002       0
2022-10-10 13:50:00-04:00  32.660000  32.660000  32.490002  32.619999  32.619999       0
2022-10-10 13:55:00-04:00  32.599998  32.660000  32.590000  32.660000  32.660000       0
2022-10-10 14:00:00-04:00  32.650002  32.810001  32.639999  32.790001  32.790001       0
2022-10-10 14:05:00-04:00  32.770000  32.900002  32.770000  32.889999  32.889999       0
2022-10-10 14:10:00-04:00  32.880001  32.970001  32.869999  32.970001  32.970001       0
2022-10-10 14:15:00-04:00  32.970001  33.009998  32.959999  32.980000  32.980000       0
2022-10-10 14:20:00-04:00  32.970001  33.040001  32.880001  32.959999  32.959999       0
2022-10-10 14:25:00-04:00  32.959999  32.959999  32.700001  32.730000  32.730000       0
2022-10-10 14:30:00-04:00  32.709999  32.759998  32.450001  32.450001  32.450001       0
2022-10-10 14:35:00-04:00  32.430000  32.450001  32.380001  32.380001  32.380001       0
2022-10-10 14:40:00-04:00  32.360001  32.480000  32.299999  32.439999  32.439999       0
2022-10-10 14:45:00-04:00  32.459999  32.610001  32.459999  32.599998  32.599998       0
2022-10-10 14:50:00-04:00  32.599998  32.599998  32.500000  32.529999  32.529999       0
2022-10-10 14:55:00-04:00  32.520000  32.680000  32.520000  32.590000  32.590000       0
2022-10-10 15:00:00-04:00  32.599998  32.700001  32.520000  32.639999  32.639999       0
2022-10-10 15:05:00-04:00  32.639999  32.669998  32.509998  32.509998  32.509998       0
2022-10-10 15:10:00-04:00  32.490002  32.529999  32.310001  32.310001  32.310001       0
2022-10-10 15:15:00-04:00  32.290001  32.310001  32.090000  32.130001  32.130001       0
2022-10-10 15:20:00-04:00  32.090000  32.130001  32.049999  32.099998  32.099998       0
2022-10-10 15:25:00-04:00  32.099998  32.410000  32.099998  32.400002  32.400002       0
2022-10-10 15:30:00-04:00  32.410000  32.450001  32.340000  32.369999  32.369999       0
2022-10-10 15:35:00-04:00  32.380001  32.400002  32.189999  32.209999  32.209999       0
2022-10-10 15:40:00-04:00  32.220001  32.369999  32.200001  32.330002  32.330002       0
2022-10-10 15:45:00-04:00  32.340000  32.340000  32.139999  32.259998  32.259998       0
2022-10-10 15:50:00-04:00  32.270000  32.439999  32.259998  32.360001  32.360001       0
2022-10-10 15:55:00-04:00  32.369999  32.580002  32.369999  32.500000  32.500000       0
2022-10-11 09:30:00-04:00  33.459999  33.599998  33.299999  33.560001  33.560001       0
2022-10-11 09:35:00-04:00  33.560001  33.790001  33.500000  33.680000  33.680000       0
2022-10-11 09:40:00-04:00  33.680000  33.680000  33.520000  33.599998  33.599998       0
2022-10-11 09:45:00-04:00  33.590000  33.750000  33.450001  33.669998  33.669998       0
2022-10-11 09:50:00-04:00  33.650002  33.650002  33.490002  33.590000  33.590000       0
2022-10-11 09:55:00-04:00  33.639999  33.759998  33.639999  33.759998  33.759998       0
2022-10-11 10:00:00-04:00  33.759998  33.900002  33.730000  33.880001  33.880001       0
2022-10-11 10:05:00-04:00  33.860001  33.880001  33.750000  33.810001  33.810001       0
2022-10-11 10:10:00-04:00  33.810001  33.830002  33.549999  33.549999  33.549999       0
2022-10-11 10:15:00-04:00  33.549999  33.599998  33.410000  33.459999  33.459999       0
2022-10-11 10:20:00-04:00  33.509998  33.669998  33.509998  33.669998  33.669998       0
2022-10-11 10:25:00-04:00  33.669998  33.680000  33.490002  33.500000  33.500000       0
2022-10-11 10:30:00-04:00  33.540001  33.650002  33.310001  33.330002  33.330002       0
2022-10-11 10:35:00-04:00  33.340000  33.349998  33.240002  33.240002  33.240002       0
2022-10-11 10:40:00-04:00  33.080002  33.150002  33.040001  33.110001  33.110001       0
2022-10-11 10:45:00-04:00  33.060001  33.189999  33.040001  33.180000  33.180000       0
2022-10-11 10:50:00-04:00  33.200001  33.209999  33.110001  33.160000  33.160000       0
2022-10-11 10:55:00-04:00  33.169998  33.250000  33.070000  33.250000  33.250000       0
2022-10-11 11:00:00-04:00  33.250000  33.250000  32.799999  32.810001  32.810001       0
2022-10-11 11:05:00-04:00  32.810001  32.970001  32.810001  32.930000  32.930000       0
2022-10-11 11:10:00-04:00  32.919998  33.009998  32.880001  32.880001  32.880001       0
2022-10-11 11:15:00-04:00  32.860001  32.860001  32.759998  32.790001  32.790001       0
2022-10-11 11:20:00-04:00  32.779999  32.840000  32.779999  32.799999  32.799999       0
2022-10-11 11:25:00-04:00  32.810001  32.880001  32.720001  32.750000  32.750000       0
2022-10-11 11:30:00-04:00  32.750000  32.750000  32.630001  32.660000  32.660000       0
2022-10-11 11:35:00-04:00  32.660000  32.750000  32.660000  32.750000  32.750000       0
2022-10-11 11:40:00-04:00  32.740002  32.759998  32.529999  32.529999  32.529999       0
2022-10-11 11:45:00-04:00  32.520000  32.549999  32.459999  32.490002  32.490002       0
2022-10-11 11:50:00-04:00  32.490002  32.549999  32.470001  32.529999  32.529999       0
2022-10-11 11:55:00-04:00  32.529999  32.599998  32.490002  32.580002  32.580002       0
2022-10-11 12:00:00-04:00  32.580002  32.750000  32.580002  32.750000  32.750000       0
2022-10-11 12:05:00-04:00  32.750000  32.880001  32.750000  32.880001  32.880001       0
2022-10-11 12:10:00-04:00  32.889999  32.900002  32.689999  32.709999  32.709999       0
2022-10-11 12:15:00-04:00  32.730000  32.799999  32.680000  32.680000  32.680000       0
2022-10-11 12:20:00-04:00  32.680000  32.689999  32.590000  32.660000  32.660000       0
2022-10-11 12:25:00-04:00  32.669998  32.730000  32.660000  32.709999  32.709999       0
2022-10-11 12:30:00-04:00  32.709999  32.709999  32.650002  32.680000  32.680000       0
2022-10-11 12:35:00-04:00  32.669998  32.750000  32.669998  32.680000  32.680000       0
2022-10-11 12:40:00-04:00  32.680000  32.689999  32.599998  32.650002  32.650002       0
2022-10-11 12:45:00-04:00  32.660000  32.750000  32.650002  32.680000  32.680000       0
2022-10-11 12:50:00-04:00  32.680000  32.730000  32.669998  32.730000  32.730000       0
2022-10-11 12:55:00-04:00  32.709999  32.730000  32.669998  32.700001  32.700001       0
2022-10-11 13:00:00-04:00  32.689999  32.750000  32.689999  32.750000  32.750000       0
2022-10-11 13:05:00-04:00  32.750000  32.779999  32.720001  32.730000  32.730000       0
2022-10-11 13:10:00-04:00  32.750000  32.810001  32.730000  32.810001  32.810001       0
2022-10-11 13:15:00-04:00  32.799999  32.869999  32.750000  32.759998  32.759998       0
2022-10-11 13:20:00-04:00  32.779999  32.820000  32.779999  32.790001  32.790001       0
2022-10-11 13:25:00-04:00  32.790001  32.990002  32.790001  32.959999  32.959999       0
2022-10-11 13:30:00-04:00  32.939999  33.009998  32.900002  32.930000  32.930000       0
2022-10-11 13:35:00-04:00  32.930000  33.049999  32.930000  33.020000  33.020000       0
2022-10-11 13:40:00-04:00  33.009998  33.020000  32.980000  32.980000  32.980000       0
2022-10-11 13:45:00-04:00  32.990002  33.060001  32.950001  33.060001  33.060001       0
2022-10-11 13:50:00-04:00  33.049999  33.099998  33.029999  33.090000  33.090000       0
2022-10-11 13:55:00-04:00  33.099998  33.130001  33.020000  33.020000  33.020000       0
2022-10-11 14:00:00-04:00  33.009998  33.020000  32.959999  32.959999  32.959999       0
2022-10-11 14:05:00-04:00  32.980000  33.090000  32.959999  33.080002  33.080002       0
2022-10-11 14:10:00-04:00  33.090000  33.230000  33.020000  33.020000  33.020000       0
2022-10-11 14:15:00-04:00  33.029999  33.160000  33.029999  33.150002  33.150002       0
2022-10-11 14:20:00-04:00  33.169998  33.169998  33.080002  33.080002  33.080002       0
2022-10-11 14:25:00-04:00  33.070000  33.180000  33.049999  33.150002  33.150002       0
2022-10-11 14:30:00-04:00  33.119999  33.119999  32.950001  32.950001  32.950001       0
2022-10-11 14:35:00-04:00  32.970001  33.020000  32.970001  32.980000  32.980000       0
2022-10-11 14:40:00-04:00  32.970001  32.990002  32.950001  32.990002  32.990002       0
2022-10-11 14:45:00-04:00  33.169998  33.680000  33.169998  33.669998  33.669998       0
2022-10-11 14:50:00-04:00  33.650002  33.730000  33.560001  33.730000  33.730000       0
2022-10-11 14:55:00-04:00  33.799999  33.950001  33.750000  33.939999  33.939999       0
2022-10-11 15:00:00-04:00  33.959999  34.029999  33.830002  34.000000  34.000000       0
2022-10-11 15:05:00-04:00  33.950001  34.160000  33.740002  34.160000  34.160000       0
2022-10-11 15:10:00-04:00  34.180000  34.380001  34.169998  34.290001  34.290001       0
2022-10-11 15:15:00-04:00  34.240002  34.430000  34.060001  34.080002  34.080002       0
2022-10-11 15:20:00-04:00  34.110001  34.110001  33.869999  33.959999  33.959999       0
2022-10-11 15:25:00-04:00  33.930000  34.110001  33.919998  34.009998  34.009998       0
2022-10-11 15:30:00-04:00  33.980000  34.099998  33.889999  33.930000  33.930000       0
2022-10-11 15:35:00-04:00  33.930000  33.930000  33.619999  33.630001  33.630001       0
2022-10-11 15:40:00-04:00  33.619999  33.830002  33.619999  33.740002  33.740002       0
2022-10-11 15:45:00-04:00  33.669998  33.700001  33.490002  33.509998  33.509998       0
2022-10-11 15:50:00-04:00  33.529999  33.740002  33.529999  33.660000  33.660000       0
2022-10-11 15:55:00-04:00  33.610001  33.700001  33.540001  33.680000  33.680000       0
2022-10-12 09:30:00-04:00  34.310001  34.529999  34.310001  34.389999  34.389999       0
2022-10-12 09:35:00-04:00  34.360001  34.360001  33.880001  33.919998  33.919998       0
2022-10-12 09:40:00-04:00  33.939999  34.090000  33.919998  33.919998  33.919998       0
2022-10-12 09:45:00-04:00  33.889999  34.080002  33.830002  34.070000  34.070000       0
2022-10-12 09:50:00-04:00  34.060001  34.099998  33.970001  34.009998  34.009998       0
2022-10-12 09:55:00-04:00  34.009998  34.009998  33.759998  33.790001  33.790001       0
2022-10-12 10:00:00-04:00  33.810001  33.840000  33.730000  33.840000  33.840000       0
2022-10-12 10:05:00-04:00  33.840000  34.130001  33.840000  34.040001  34.040001       0
2022-10-12 10:10:00-04:00  34.020000  34.189999  34.020000  34.189999  34.189999       0
2022-10-12 10:15:00-04:00  34.200001  34.230000  34.139999  34.150002  34.150002       0
2022-10-12 10:20:00-04:00  34.160000  34.340000  34.139999  34.139999  34.139999       0
2022-10-12 10:25:00-04:00  34.130001  34.150002  33.820000  33.880001  33.880001       0
2022-10-12 10:30:00-04:00  33.869999  33.919998  33.720001  33.770000  33.770000       0
2022-10-12 10:35:00-04:00  33.770000  33.880001  33.770000  33.880001  33.880001       0
2022-10-12 10:40:00-04:00  33.930000  34.000000  33.910000  34.000000  34.000000       0
2022-10-12 10:45:00-04:00  34.009998  34.029999  33.830002  33.830002  33.830002       0
2022-10-12 10:50:00-04:00  33.830002  33.830002  33.709999  33.730000  33.730000       0
2022-10-12 10:55:00-04:00  33.700001  33.820000  33.700001  33.820000  33.820000       0
2022-10-12 11:00:00-04:00  33.820000  33.840000  33.669998  33.689999  33.689999       0
2022-10-12 11:05:00-04:00  33.700001  33.709999  33.599998  33.599998  33.599998       0
2022-10-12 11:10:00-04:00  33.619999  33.619999  33.549999  33.599998  33.599998       0
2022-10-12 11:15:00-04:00  33.590000  33.590000  33.459999  33.459999  33.459999       0
2022-10-12 11:20:00-04:00  33.459999  33.520000  33.419998  33.430000  33.430000       0
2022-10-12 11:25:00-04:00  33.509998  33.619999  33.509998  33.509998  33.509998       0
2022-10-12 11:30:00-04:00  33.509998  33.599998  33.480000  33.590000  33.590000       0
2022-10-12 11:35:00-04:00  33.580002  33.610001  33.509998  33.570000  33.570000       0
2022-10-12 11:40:00-04:00  33.549999  33.590000  33.380001  33.419998  33.419998       0
2022-10-12 11:45:00-04:00  33.419998  33.430000  33.410000  33.430000  33.430000       0
2022-10-12 11:50:00-04:00  33.419998  33.419998  33.270000  33.270000  33.270000       0
2022-10-12 11:55:00-04:00  33.270000  33.299999  33.230000  33.259998  33.259998       0
2022-10-12 12:00:00-04:00  33.259998  33.320000  33.220001  33.299999  33.299999       0
2022-10-12 12:05:00-04:00  33.310001  33.419998  33.240002  33.380001  33.380001       0
2022-10-12 12:10:00-04:00  33.389999  33.549999  33.389999  33.480000  33.480000       0
2022-10-12 12:15:00-04:00  33.470001  33.470001  33.389999  33.389999  33.389999       0
2022-10-12 12:20:00-04:00  33.389999  33.430000  33.380001  33.419998  33.419998       0
2022-10-12 12:25:00-04:00  33.419998  33.570000  33.389999  33.570000  33.570000       0
2022-10-12 12:30:00-04:00  33.560001  33.630001  33.549999  33.570000  33.570000       0
2022-10-12 12:35:00-04:00  33.549999  33.680000  33.549999  33.680000  33.680000       0
2022-10-12 12:40:00-04:00  33.680000  33.750000  33.680000  33.750000  33.750000       0
2022-10-12 12:45:00-04:00  33.750000  33.759998  33.660000  33.700001  33.700001       0
2022-10-12 12:50:00-04:00  33.689999  33.689999  33.660000  33.660000  33.660000       0
2022-10-12 12:55:00-04:00  33.660000  33.669998  33.610001  33.619999  33.619999       0
2022-10-12 13:00:00-04:00  33.619999  33.669998  33.560001  33.669998  33.669998       0
2022-10-12 13:05:00-04:00  33.680000  33.689999  33.610001  33.619999  33.619999       0
2022-10-12 13:10:00-04:00  33.619999  33.660000  33.619999  33.660000  33.660000       0
2022-10-12 13:15:00-04:00  33.650002  33.770000  33.650002  33.770000  33.770000       0
2022-10-12 13:20:00-04:00  33.779999  33.799999  33.770000  33.790001  33.790001       0
2022-10-12 13:25:00-04:00  33.790001  33.810001  33.740002  33.740002  33.740002       0
2022-10-12 13:30:00-04:00  33.689999  33.840000  33.689999  33.840000  33.840000       0
2022-10-12 13:35:00-04:00  33.889999  34.029999  33.889999  33.910000  33.910000       0
2022-10-12 13:40:00-04:00  33.889999  33.980000  33.869999  33.970001  33.970001       0
2022-10-12 13:45:00-04:00  33.970001  34.020000  33.880001  33.889999  33.889999       0
2022-10-12 13:50:00-04:00  33.889999  33.919998  33.869999  33.880001  33.880001       0
2022-10-12 13:55:00-04:00  33.880001  33.939999  33.880001  33.939999  33.939999       0
2022-10-12 14:00:00-04:00  33.959999  34.000000  33.660000  34.000000  34.000000       0
2022-10-12 14:05:00-04:00  34.040001  34.070000  33.630001  33.639999  33.639999       0
2022-10-12 14:10:00-04:00  33.709999  33.740002  33.580002  33.580002  33.580002       0
2022-10-12 14:15:00-04:00  33.580002  33.650002  33.570000  33.590000  33.590000       0
2022-10-12 14:20:00-04:00  33.599998  33.740002  33.590000  33.660000  33.660000       0
2022-10-12 14:25:00-04:00  33.650002  33.680000  33.509998  33.549999  33.549999       0
2022-10-12 14:30:00-04:00  33.540001  33.610001  33.509998  33.520000  33.520000       0
2022-10-12 14:35:00-04:00  33.500000  33.540001  33.459999  33.540001  33.540001       0
2022-10-12 14:40:00-04:00  33.529999  33.580002  33.490002  33.580002  33.580002       0
2022-10-12 14:45:00-04:00  33.590000  33.730000  33.580002  33.689999  33.689999       0
2022-10-12 14:50:00-04:00  33.700001  33.849998  33.680000  33.830002  33.830002       0
2022-10-12 14:55:00-04:00  33.830002  33.840000  33.750000  33.790001  33.790001       0
2022-10-12 15:00:00-04:00  33.790001  33.810001  33.720001  33.799999  33.799999       0
2022-10-12 15:05:00-04:00  33.790001  33.799999  33.700001  33.720001  33.720001       0
2022-10-12 15:10:00-04:00  33.689999  33.689999  33.669998  33.669998  33.669998       0
2022-10-12 15:15:00-04:00  33.669998  33.720001  33.570000  33.570000  33.570000       0
2022-10-12 15:20:00-04:00  33.560001  33.560001  33.509998  33.560001  33.560001       0
2022-10-12 15:25:00-04:00  33.560001  33.560001  33.450001  33.490002  33.490002       0
2022-10-12 15:30:00-04:00  33.500000  33.500000  33.369999  33.369999  33.369999       0
2022-10-12 15:35:00-04:00  33.380001  33.439999  33.360001  33.419998  33.419998       0
2022-10-12 15:40:00-04:00  33.419998  33.439999  33.400002  33.439999  33.439999       0
2022-10-12 15:45:00-04:00  33.439999  33.730000  33.430000  33.730000  33.730000       0
2022-10-12 15:50:00-04:00  33.720001  33.770000  33.660000  33.759998  33.759998       0
2022-10-12 15:55:00-04:00  33.790001  33.820000  33.660000  33.689999  33.689999       0
2022-10-13 09:30:00-04:00  33.509998  33.549999  33.389999  33.450001  33.450001       0
2022-10-13 09:35:00-04:00  33.320000  33.650002  33.320000  33.650002  33.650002       0
2022-10-13 09:40:00-04:00  33.570000  33.830002  33.509998  33.830002  33.830002       0
2022-10-13 09:45:00-04:00  33.840000  33.869999  33.299999  33.299999  33.299999       0
2022-10-13 09:50:00-04:00  33.320000  33.320000  33.040001  33.049999  33.049999       0
2022-10-13 09:55:00-04:00  33.040001  33.110001  32.919998  33.029999  33.029999       0
2022-10-13 10:00:00-04:00  32.980000  33.020000  32.549999  32.549999  32.549999       0
2022-10-13 10:05:00-04:00  32.529999  32.759998  32.439999  32.700001  32.700001       0
2022-10-13 10:10:00-04:00  32.720001  32.750000  32.590000  32.639999  32.639999       0
2022-10-13 10:15:00-04:00  32.630001  32.910000  32.630001  32.910000  32.910000       0
2022-10-13 10:20:00-04:00  32.950001  33.270000  32.910000  33.240002  33.240002       0
2022-10-13 10:25:00-04:00  33.240002  33.349998  33.240002  33.330002  33.330002       0
2022-10-13 10:30:00-04:00  33.330002  33.330002  33.070000  33.259998  33.259998       0
2022-10-13 10:35:00-04:00  33.270000  33.369999  33.160000  33.160000  33.160000       0
2022-10-13 10:40:00-04:00  33.099998  33.139999  32.990002  33.099998  33.099998       0
2022-10-13 10:45:00-04:00  33.080002  33.080002  32.830002  32.840000  32.840000       0
2022-10-13 10:50:00-04:00  32.830002  32.860001  32.720001  32.730000  32.730000       0
2022-10-13 10:55:00-04:00  32.740002  32.750000  32.630001  32.740002  32.740002       0
2022-10-13 11:00:00-04:00  32.740002  32.799999  32.720001  32.750000  32.750000       0
2022-10-13 11:05:00-04:00  32.720001  32.720001  32.160000  32.160000  32.160000       0
2022-10-13 11:10:00-04:00  32.230000  32.310001  32.230000  32.230000  32.230000       0
2022-10-13 11:15:00-04:00  32.209999  32.230000  31.920000  32.049999  32.049999       0
2022-10-13 11:20:00-04:00  32.049999  32.660000  31.980000  32.049999  32.049999       0
2022-10-13 11:25:00-04:00  32.060001  32.189999  32.040001  32.060001  32.060001       0
2022-10-13 11:30:00-04:00  32.009998  32.020000  31.860001  31.860001  31.860001       0
2022-10-13 11:35:00-04:00  31.840000  31.879999  31.750000  31.830000  31.830000       0
2022-10-13 11:40:00-04:00  31.719999  31.889999  31.719999  31.850000  31.850000       0
2022-10-13 11:45:00-04:00  31.840000  32.160000  31.809999  32.160000  32.160000       0
2022-10-13 11:50:00-04:00  32.189999  32.299999  32.130001  32.130001  32.130001       0
2022-10-13 11:55:00-04:00  32.070000  32.110001  32.000000  32.099998  32.099998       0
2022-10-13 12:00:00-04:00  32.099998  32.099998  31.910000  31.910000  31.910000       0
2022-10-13 12:05:00-04:00  31.889999  31.950001  31.860001  31.879999  31.879999       0
2022-10-13 12:10:00-04:00  31.879999  31.980000  31.860001  31.870001  31.870001       0
2022-10-13 12:15:00-04:00  31.870001  31.870001  31.770000  31.820000  31.820000       0
2022-10-13 12:20:00-04:00  31.820000  31.990000  31.820000  31.850000  31.850000       0
2022-10-13 12:25:00-04:00  31.870001  31.910000  31.860001  31.889999  31.889999       0
2022-10-13 12:30:00-04:00  31.900000  32.040001  31.900000  31.990000  31.990000       0
2022-10-13 12:35:00-04:00  32.009998  32.080002  32.009998  32.009998  32.009998       0
2022-10-13 12:40:00-04:00  32.020000  32.020000  31.850000  31.850000  31.850000       0
2022-10-13 12:45:00-04:00  31.830000  31.840000  31.799999  31.830000  31.830000       0
2022-10-13 12:50:00-04:00  31.830000  31.889999  31.790001  31.889999  31.889999       0
2022-10-13 12:55:00-04:00  31.879999  31.910000  31.850000  31.870001  31.870001       0
2022-10-13 13:00:00-04:00  31.879999  31.889999  31.770000  31.790001  31.790001       0
2022-10-13 13:05:00-04:00  31.790001  31.850000  31.760000  31.850000  31.850000       0
2022-10-13 13:10:00-04:00  31.850000  31.850000  31.770000  31.770000  31.770000       0
2022-10-13 13:15:00-04:00  31.760000  31.799999  31.670000  31.670000  31.670000       0
2022-10-13 13:20:00-04:00  31.690001  31.709999  31.629999  31.709999  31.709999       0
2022-10-13 13:25:00-04:00  31.709999  31.820000  31.709999  31.799999  31.799999       0
2022-10-13 13:30:00-04:00  31.799999  31.980000  31.790001  31.980000  31.980000       0
2022-10-13 13:35:00-04:00  31.980000  32.049999  31.930000  32.049999  32.049999       0
2022-10-13 13:40:00-04:00  32.060001  32.169998  32.060001  32.169998  32.169998       0
2022-10-13 13:45:00-04:00  32.110001  32.150002  32.110001  32.150002  32.150002       0
2022-10-13 13:50:00-04:00  32.150002  32.200001  32.139999  32.200001  32.200001       0
2022-10-13 13:55:00-04:00  32.189999  32.209999  32.119999  32.119999  32.119999       0
2022-10-13 14:00:00-04:00  32.119999  32.189999  32.090000  32.169998  32.169998       0
2022-10-13 14:05:00-04:00  32.130001  32.250000  32.020000  32.250000  32.250000       0
2022-10-13 14:10:00-04:00  32.230000  32.480000  32.209999  32.360001  32.360001       0
2022-10-13 14:15:00-04:00  32.330002  32.330002  32.259998  32.299999  32.299999       0
2022-10-13 14:20:00-04:00  32.299999  32.349998  32.290001  32.340000  32.340000       0
2022-10-13 14:25:00-04:00  32.330002  32.360001  32.270000  32.299999  32.299999       0
2022-10-13 14:30:00-04:00  32.290001  32.400002  32.290001  32.400002  32.400002       0
2022-10-13 14:35:00-04:00  32.389999  32.410000  32.330002  32.369999  32.369999       0
2022-10-13 14:40:00-04:00  32.380001  32.410000  32.380001  32.400002  32.400002       0
2022-10-13 14:45:00-04:00  32.389999  32.400002  32.340000  32.400002  32.400002       0
2022-10-13 14:50:00-04:00  32.400002  32.419998  32.290001  32.290001  32.290001       0
2022-10-13 14:55:00-04:00  32.310001  32.330002  32.259998  32.279999  32.279999       0
2022-10-13 15:00:00-04:00  32.299999  32.360001  32.250000  32.360001  32.360001       0
2022-10-13 15:05:00-04:00  32.360001  32.389999  32.340000  32.380001  32.380001       0
2022-10-13 15:10:00-04:00  32.389999  32.410000  32.340000  32.340000  32.340000       0
2022-10-13 15:15:00-04:00  32.340000  32.340000  32.290001  32.340000  32.340000       0
2022-10-13 15:20:00-04:00  32.340000  32.400002  32.330002  32.389999  32.389999       0
2022-10-13 15:25:00-04:00  32.400002  32.430000  32.369999  32.410000  32.410000       0
2022-10-13 15:30:00-04:00  32.419998  32.529999  32.419998  32.500000  32.500000       0
2022-10-13 15:35:00-04:00  32.490002  32.549999  32.430000  32.430000  32.430000       0
2022-10-13 15:40:00-04:00  32.400002  32.430000  32.340000  32.340000  32.340000       0
2022-10-13 15:45:00-04:00  32.310001  32.340000  32.230000  32.250000  32.250000       0
2022-10-13 15:50:00-04:00  32.240002  32.290001  32.230000  32.230000  32.230000       0
2022-10-13 15:55:00-04:00  32.200001  32.240002  32.119999  32.130001  32.130001       0
2022-10-14 09:30:00-04:00  31.469999  31.580000  31.340000  31.520000  31.520000       0
2022-10-14 09:35:00-04:00  31.510000  31.549999  31.139999  31.170000  31.170000       0
2022-10-14 09:40:00-04:00  31.180000  31.530001  31.180000  31.530001  31.530001       0
2022-10-14 09:45:00-04:00  31.540001  31.730000  31.510000  31.660000  31.660000       0
2022-10-14 09:50:00-04:00  31.660000  31.780001  31.590000  31.680000  31.680000       0
2022-10-14 09:55:00-04:00  31.660000  31.690001  31.520000  31.650000  31.650000       0
2022-10-14 10:00:00-04:00  31.830000  32.139999  31.809999  31.870001  31.870001       0
2022-10-14 10:05:00-04:00  31.850000  32.080002  31.780001  32.080002  32.080002       0
2022-10-14 10:10:00-04:00  32.110001  32.459999  32.070000  32.459999  32.459999       0
2022-10-14 10:15:00-04:00  32.470001  32.509998  32.310001  32.380001  32.380001       0
2022-10-14 10:20:00-04:00  32.349998  32.919998  32.349998  32.720001  32.720001       0
2022-10-14 10:25:00-04:00  32.779999  32.810001  32.400002  32.430000  32.430000       0
2022-10-14 10:30:00-04:00  32.490002  32.490002  32.360001  32.439999  32.439999       0
2022-10-14 10:35:00-04:00  32.459999  32.459999  32.400002  32.450001  32.450001       0