                                Open       High        Low      Close  Adj Close  Volume
Datetime                                                                                
2022-12-12 09:30:00-05:00  24.240000  24.320000  24.240000  24.320000  24.320000       0
2022-12-12 09:35:00-05:00  24.320000  24.410000  24.230000  24.410000  24.410000       0
2022-12-12 09:40:00-05:00  24.410000  24.440001  24.360001  24.370001  24.370001       0
2022-12-12 09:45:00-05:00  24.370001  24.440001  24.340000  24.410000  24.410000       0
2022-12-12 09:50:00-05:00  24.440001  24.469999  24.400000  24.430000  24.430000       0
2022-12-12 09:55:00-05:00  24.440001  24.450001  24.400000  24.410000  24.410000       0
2022-12-12 10:00:00-05:00  24.420000  24.490000  24.420000  24.490000  24.490000       0
2022-12-12 10:05:00-05:00  24.490000  24.490000  24.420000  24.459999  24.459999       0
2022-12-12 10:10:00-05:00  24.490000  24.549999  24.490000  24.500000  24.500000       0
2022-12-12 10:15:00-05:00  24.480000  24.629999  24.480000  24.600000  24.600000       0
2022-12-12 10:20:00-05:00  24.590000  24.620001  24.540001  24.540001  24.540001       0
2022-12-12 10:25:00-05:00  24.549999  24.570000  24.500000  24.520000  24.520000       0
2022-12-12 10:30:00-05:00  24.530001  24.580000  24.520000  24.570000  24.570000       0
2022-12-12 10:35:00-05:00  24.570000  24.639999  24.570000  24.629999  24.629999       0
2022-12-12 10:40:00-05:00  24.620001  24.629999  24.559999  24.570000  24.570000       0
2022-12-12 10:45:00-05:00  24.570000  24.580000  24.480000  24.490000  24.490000       0
2022-12-12 10:50:00-05:00  24.480000  24.510000  24.430000  24.440001  24.440001       0
2022-12-12 10:55:00-05:00  24.430000  24.440001  24.400000  24.400000  24.400000       0
2022-12-12 11:00:00-05:00  24.379999  24.379999  24.330000  24.330000  24.330000       0
2022-12-12 11:05:00-05:00  24.340000  24.340000  24.299999  24.330000  24.330000       0
2022-12-12 11:10:00-05:00  24.330000  24.340000  24.320000  24.320000  24.320000       0
2022-12-12 11:15:00-05:00  24.320000  24.330000  24.309999  24.320000  24.320000       0
2022-12-12 11:20:00-05:00  24.309999  24.379999  24.299999  24.379999  24.379999       0
2022-12-12 11:25:00-05:00  24.389999  24.389999  24.340000  24.340000  24.340000       0
2022-12-12 11:30:00-05:00  24.350000  24.379999  24.309999  24.350000  24.350000       0
2022-12-12 11:35:00-05:00  24.360001  24.360001  24.330000  24.330000  24.330000       0
2022-12-12 11:40:00-05:00  24.340000  24.360001  24.330000  24.330000  24.330000       0
2022-12-12 11:45:00-05:00  24.320000  24.360001  24.320000  24.340000  24.340000       0
2022-12-12 11:50:00-05:00  24.340000  24.400000  24.340000  24.400000  24.400000       0
2022-12-12 11:55:00-05:00  24.389999  24.389999  24.370001  24.389999  24.389999       0
2022-12-12 12:00:00-05:00  24.379999  24.410000  24.379999  24.410000  24.410000       0
2022-12-12 12:05:00-05:00  24.410000  24.420000  24.400000  24.420000  24.420000       0
2022-12-12 12:10:00-05:00  24.420000  24.450001  24.420000  24.440001  24.440001       0
2022-12-12 12:15:00-05:00  24.450001  24.469999  24.440001  24.459999  24.459999       0
2022-12-12 12:20:00-05:00  24.450001  24.490000  24.450001  24.480000  24.480000       0
2022-12-12 12:25:00-05:00  24.500000  24.510000  24.480000  24.510000  24.510000       0
2022-12-12 12:30:00-05:00  24.510000  24.520000  24.500000  24.510000  24.510000       0
2022-12-12 12:35:00-05:00  24.500000  24.520000  24.450001  24.450001  24.450001       0
2022-12-12 12:40:00-05:00  24.450001  24.459999  24.440001  24.440001  24.440001       0
2022-12-12 12:45:00-05:00  24.440001  24.490000  24.440001  24.490000  24.490000       0
2022-12-12 12:50:00-05:00  24.490000  24.510000  24.490000  24.510000  24.510000       0
2022-12-12 12:55:00-05:00  24.510000  24.530001  24.510000  24.520000  24.520000       0
2022-12-12 13:00:00-05:00  24.520000  24.559999  24.490000  24.510000  24.510000       0
2022-12-12 13:05:00-05:00  24.520000  24.520000  24.469999  24.469999  24.469999       0
2022-12-12 13:10:00-05:00  24.480000  24.540001  24.480000  24.540001  24.540001       0
2022-12-12 13:15:00-05:00  24.540001  24.559999  24.530001  24.559999  24.559999       0
2022-12-12 13:20:00-05:00  24.559999  24.650000  24.559999  24.650000  24.650000       0
2022-12-12 13:25:00-05:00  24.650000  24.680000  24.650000  24.670000  24.670000       0
2022-12-12 13:30:00-05:00  24.660000  24.680000  24.650000  24.680000  24.680000       0
2022-12-12 13:35:00-05:00  24.680000  24.700001  24.670000  24.690001  24.690001       0
2022-12-12 13:40:00-05:00  24.690001  24.730000  24.690001  24.730000  24.730000       0
2022-12-12 13:45:00-05:00  24.730000  24.830000  24.730000  24.830000  24.830000       0
2022-12-12 13:50:00-05:00  24.830000  24.860001  24.820000  24.860001  24.860001       0
2022-12-12 13:55:00-05:00  24.860001  24.879999  24.850000  24.879999  24.879999       0
2022-12-12 14:00:00-05:00  24.879999  25.049999  24.879999  25.000000  25.000000       0
2022-12-12 14:05:00-05:00  25.000000  25.030001  24.980000  24.980000  24.980000       0
2022-12-12 14:10:00-05:00  24.990000  24.990000  24.920000  24.920000  24.920000       0
2022-12-12 14:15:00-05:00  24.920000  24.950001  24.920000  24.940001  24.940001       0
2022-12-12 14:20:00-05:00  24.940001  24.940001  24.870001  24.870001  24.870001       0
2022-12-12 14:25:00-05:00  24.870001  24.879999  24.760000  24.760000  24.760000       0
2022-12-12 14:30:00-05:00  24.770000  24.790001  24.740000  24.770000  24.770000       0
2022-12-12 14:35:00-05:00  24.760000  24.760000  24.690001  24.690001  24.690001       0
2022-12-12 14:40:00-05:00  24.680000  24.680000  24.590000  24.620001  24.620001       0
2022-12-12 14:45:00-05:00  24.620001  24.629999  24.600000  24.600000  24.600000       0
2022-12-12 14:50:00-05:00  24.600000  24.620001  24.559999  24.580000  24.580000       0
2022-12-12 14:55:00-05:00  24.600000  24.629999  24.600000  24.610001  24.610001       0
2022-12-12 15:00:00-05:00  24.620001  24.650000  24.620001  24.650000  24.650000       0
2022-12-12 15:05:00-05:00  24.639999  24.719999  24.639999  24.719999  24.719999       0
2022-12-12 15:10:00-05:00  24.719999  24.760000  24.660000  24.740000  24.740000       0
2022-12-12 15:15:00-05:00  24.750000  24.830000  24.750000  24.830000  24.830000       0
2022-12-12 15:20:00-05:00  24.820000  24.830000  24.760000  24.830000  24.830000       0
2022-12-12 15:25:00-05:00  24.820000  24.870001  24.820000  24.830000  24.830000       0
2022-12-12 15:30:00-05:00  24.840000  24.879999  24.820000  24.820000  24.820000       0
2022-12-12 15:35:00-05:00  24.820000  24.889999  24.820000  24.870001  24.870001       0
2022-12-12 15:40:00-05:00  24.870001  24.910000  24.840000  24.910000  24.910000       0
2022-12-12 15:45:00-05:00  24.920000  24.969999  24.910000  24.969999  24.969999       0
2022-12-12 15:50:00-05:00  24.959999  25.020000  24.959999  25.020000  25.020000       0
2022-12-12 15:55:00-05:00  25.030001  25.040001  25.000000  25.020000  25.020000       0
2022-12-13 09:30:00-05:00  21.590000  21.670000  21.459999  21.670000  21.670000       0
2022-12-13 09:35:00-05:00  21.700001  21.799999  21.650000  21.770000  21.770000       0
2022-12-13 09:40:00-05:00  21.760000  21.990000  21.730000  21.920000  21.920000       0
2022-12-13 09:45:00-05:00  21.950001  22.020000  21.850000  22.020000  22.020000       0
2022-12-13 09:50:00-05:00  22.070000  22.090000  21.870001  21.870001  21.870001       0
2022-12-13 09:55:00-05:00  21.889999  22.080000  21.879999  22.080000  22.080000       0
2022-12-13 10:00:00-05:00  22.080000  22.180000  22.080000  22.129999  22.129999       0
2022-12-13 10:05:00-05:00  22.120001  22.309999  22.059999  22.059999  22.059999       0
2022-12-13 10:10:00-05:00  22.059999  22.190001  22.059999  22.129999  22.129999       0
2022-12-13 10:15:00-05:00  22.139999  22.270000  22.139999  22.170000  22.170000       0
2022-12-13 10:20:00-05:00  22.160000  22.440001  22.129999  22.420000  22.420000       0
2022-12-13 10:25:00-05:00  22.410000  22.570000  22.400000  22.430000  22.430000       0
2022-12-13 10:30:00-05:00  22.410000  22.540001  22.290001  22.290001  22.290001       0
2022-12-13 10:35:00-05:00  22.270000  22.709999  22.270000  22.709999  22.709999       0
2022-12-13 10:40:00-05:00  22.780001  22.780001  22.520000  22.520000  22.520000       0
2022-12-13 10:45:00-05:00  22.510000  22.639999  22.420000  22.639999  22.639999       0
2022-12-13 10:50:00-05:00  22.680000  22.750000  22.570000  22.650000  22.650000       0
2022-12-13 10:55:00-05:00  22.650000  22.740000  22.590000  22.610001  22.610001       0
2022-12-13 11:00:00-05:00  22.600000  22.660000  22.549999  22.650000  22.650000       0
2022-12-13 11:05:00-05:00  22.629999  22.700001  22.600000  22.639999  22.639999       0
2022-12-13 11:10:00-05:00  22.639999  22.700001  22.590000  22.590000  22.590000       0
2022-12-13 11:15:00-05:00  22.570000  22.600000  22.549999  22.570000  22.570000       0
2022-12-13 11:20:00-05:00  22.590000  22.740000  22.590000  22.740000  22.740000       0
2022-12-13 11:25:00-05:00  22.760000  22.820000  22.740000  22.750000  22.750000       0
2022-12-13 11:30:00-05:00  22.750000  22.750000  22.610001  22.620001  22.620001       0
2022-12-13 11:35:00-05:00  22.639999  22.850000  22.639999  22.830000  22.830000       0
2022-12-13 11:40:00-05:00  22.820000  22.910000  22.820000  22.870001  22.870001       0
2022-12-13 11:45:00-05:00  22.889999  23.350000  22.889999  23.309999  23.309999       0
2022-12-13 11:50:00-05:00  23.270000  23.480000  23.180000  23.389999  23.389999       0
2022-12-13 11:55:00-05:00  23.379999  23.469999  23.230000  23.230000  23.230000       0
2022-12-13 12:00:00-05:00  23.209999  23.219999  23.040001  23.040001  23.040001       0
2022-12-13 12:05:00-05:00  23.040001  23.040001  22.959999  23.020000  23.020000       0
2022-12-13 12:10:00-05:00  23.020000  23.330000  23.020000  23.190001  23.190001       0
2022-12-13 12:15:00-05:00  23.190001  23.600000  23.190001  23.600000  23.600000       0
2022-12-13 12:20:00-05:00  23.639999  23.639999  23.250000  23.450001  23.450001       0
2022-12-13 12:25:00-05:00  23.430000  23.430000  23.219999  23.379999  23.379999       0
2022-12-13 12:30:00-05:00  23.400000  23.600000  23.379999  23.510000  23.510000       0
2022-12-13 12:35:00-05:00  23.500000  23.530001  23.350000  23.360001  23.360001       0
2022-12-13 12:40:00-05:00  23.350000  23.520000  23.340000  23.459999  23.459999       0
2022-12-13 12:45:00-05:00  23.450001  23.820000  23.400000  23.820000  23.820000       0
2022-12-13 12:50:00-05:00  23.889999  23.900000  23.760000  23.850000  23.850000       0
2022-12-13 12:55:00-05:00  23.870001  23.879999  23.719999  23.719999  23.719999       0
2022-12-13 13:00:00-05:00  23.730000  23.730000  23.570000  23.570000  23.570000       0
2022-12-13 13:05:00-05:00  23.580000  23.680000  23.530001  23.670000  23.670000       0
2022-12-13 13:10:00-05:00  23.650000  23.650000  23.540001  23.540001  23.540001       0
2022-12-13 13:15:00-05:00  23.520000  23.520000  23.340000  23.360001  23.360001       0
2022-12-13 13:20:00-05:00  23.370001  23.410000  23.330000  23.330000  23.330000       0
2022-12-13 13:25:00-05:00  23.330000  23.370001  23.320000  23.330000  23.330000       0
2022-12-13 13:30:00-05:00  23.330000  23.330000  23.209999  23.280001  23.280001       0
2022-12-13 13:35:00-05:00  23.309999  23.360001  23.299999  23.340000  23.340000       0
2022-12-13 13:40:00-05:00  23.340000  23.410000  23.340000  23.379999  23.379999       0
2022-12-13 13:45:00-05:00  23.370001  23.469999  23.360001  23.459999  23.459999       0
2022-12-13 13:50:00-05:00  23.450001  23.580000  23.420000  23.559999  23.559999       0
2022-12-13 13:55:00-05:00  23.570000  23.570000  23.420000  23.420000  23.420000       0
2022-12-13 14:00:00-05:00  23.430000  23.450001  23.360001  23.370001  23.370001       0
2022-12-13 14:05:00-05:00  23.350000  23.420000  23.350000  23.350000  23.350000       0
2022-12-13 14:10:00-05:00  23.400000  23.410000  23.340000  23.360001  23.360001       0
2022-12-13 14:15:00-05:00  23.350000  23.370001  23.299999  23.370001  23.370001       0
2022-12-13 14:20:00-05:00  23.340000  23.379999  23.340000  23.340000  23.340000       0
2022-12-13 14:25:00-05:00  23.340000  23.340000  23.230000  23.230000  23.230000       0
2022-12-13 14:30:00-05:00  23.230000  23.250000  23.180000  23.190001  23.190001       0
2022-12-13 14:35:00-05:00  23.200001  23.200001  23.100000  23.100000  23.100000       0
2022-12-13 14:40:00-05:00  23.090000  23.090000  22.959999  22.959999  22.959999       0
2022-12-13 14:45:00-05:00  22.959999  23.010000  22.959999  23.000000  23.000000       0
2022-12-13 14:50:00-05:00  22.990000  23.219999  22.990000  23.219999  23.219999       0
2022-12-13 14:55:00-05:00  23.240000  23.290001  23.160000  23.160000  23.160000       0
2022-12-13 15:00:00-05:00  23.150000  23.379999  23.150000  23.370001  23.370001       0
2022-12-13 15:05:00-05:00  23.370001  23.370001  23.190001  23.190001  23.190001       0
2022-12-13 15:10:00-05:00  23.200001  23.250000  23.170000  23.180000  23.180000       0
2022-12-13 15:15:00-05:00  23.190001  23.190001  22.959999  22.990000  22.990000       0
2022-12-13 15:20:00-05:00  22.990000  23.040001  22.920000  22.920000  22.920000       0
2022-12-13 15:25:00-05:00  22.920000  22.940001  22.860001  22.860001  22.860001       0
2022-12-13 15:30:00-05:00  22.850000  22.850000  22.680000  22.690001  22.690001       0
2022-12-13 15:35:00-05:00  22.700001  22.910000  22.700001  22.860001  22.860001       0
2022-12-13 15:40:00-05:00  22.860001  22.879999  22.719999  22.719999  22.719999       0
2022-12-13 15:45:00-05:00  22.709999  22.709999  22.610001  22.629999  22.629999       0
2022-12-13 15:50:00-05:00  22.650000  22.650000  22.430000  22.459999  22.459999       0
2022-12-13 15:55:00-05:00  22.440001  22.660000  22.440001  22.639999  22.639999       0
2022-12-14 09:30:00-05:00  22.790001  22.850000  22.629999  22.629999  22.629999       0
2022-12-14 09:35:00-05:00  22.639999  22.690001  22.600000  22.600000  22.600000       0
2022-12-14 09:40:00-05:00  22.600000  22.629999  22.570000  22.580000  22.580000       0
2022-12-14 09:45:00-05:00  22.559999  22.559999  22.410000  22.440001  22.440001       0
2022-12-14 09:50:00-05:00  22.430000  22.430000  22.299999  22.379999  22.379999       0
2022-12-14 09:55:00-05:00  22.430000  22.459999  22.389999  22.400000  22.400000       0
2022-12-14 10:00:00-05:00  22.400000  22.430000  22.309999  22.309999  22.309999       0
2022-12-14 10:05:00-05:00  22.330000  22.340000  22.180000  22.200001  22.200001       0
2022-12-14 10:10:00-05:00  22.190001  22.200001  22.170000  22.170000  22.170000       0
2022-12-14 10:15:00-05:00  22.170000  22.180000  22.139999  22.170000  22.170000       0
2022-12-14 10:20:00-05:00  22.160000  22.180000  22.139999  22.139999  22.139999       0
2022-12-14 10:25:00-05:00  22.139999  22.160000  22.100000  22.160000  22.160000       0
2022-12-14 10:30:00-05:00  22.150000  22.190001  22.150000  22.150000  22.150000       0
2022-12-14 10:35:00-05:00  22.129999  22.219999  22.110001  22.219999  22.219999       0
2022-12-14 10:40:00-05:00  22.200001  22.209999  22.190001  22.200001  22.200001       0
2022-12-14 10:45:00-05:00  22.200001  22.219999  22.200001  22.219999  22.219999       0
2022-12-14 10:50:00-05:00  22.219999  22.250000  22.209999  22.230000  22.230000       0
2022-12-14 10:55:00-05:00  22.230000  22.250000  22.209999  22.230000  22.230000       0
2022-12-14 11:00:00-05:00  22.219999  22.219999  22.180000  22.180000  22.180000       0
2022-12-14 11:05:00-05:00  22.209999  22.260000  22.200001  22.260000  22.260000       0
2022-12-14 11:10:00-05:00  22.250000  22.290001  22.250000  22.280001  22.280001       0
2022-12-14 11:15:00-05:00  22.270000  22.330000  22.270000  22.320000  22.320000       0
2022-12-14 11:20:00-05:00  22.299999  22.330000  22.299999  22.320000  22.320000       0
2022-12-14 11:25:00-05:00  22.330000  22.379999  22.320000  22.379999  22.379999       0
2022-12-14 11:30:00-05:00  22.370001  22.379999  22.360001  22.379999  22.379999       0
2022-12-14 11:35:00-05:00  22.379999  22.379999  22.330000  22.340000  22.340000       0
2022-12-14 11:40:00-05:00  22.340000  22.340000  22.280001  22.290001  22.290001       0
2022-12-14 11:45:00-05:00  22.280001  22.290001  22.260000  22.290001  22.290001       0
2022-12-14 11:50:00-05:00  22.290001  22.350000  22.270000  22.340000  22.340000       0
2022-12-14 11:55:00-05:00  22.340000  22.379999  22.330000  22.370001  22.370001       0
2022-12-14 12:00:00-05:00  22.370001  22.389999  22.350000  22.379999  22.379999       0
2022-12-14 12:05:00-05:00  22.379999  22.379999  22.340000  22.360001  22.360001       0
2022-12-14 12:10:00-05:00  22.360001  22.379999  22.350000  22.350000  22.350000       0
2022-12-14 12:15:00-05:00  22.340000  22.360001  22.340000  22.350000  22.350000       0
2022-12-14 12:20:00-05:00  22.340000  22.379999  22.330000  22.360001  22.360001       0
2022-12-14 12:25:00-05:00  22.350000  22.389999  22.340000  22.370001  22.370001       0
2022-12-14 12:30:00-05:00  22.370001  22.379999  22.330000  22.350000  22.350000       0
2022-12-14 12:35:00-05:00  22.340000  22.350000  22.299999  22.299999  22.299999       0
2022-12-14 12:40:00-05:00  22.330000  22.330000  22.280001  22.299999  22.299999       0
2022-12-14 12:45:00-05:00  22.299999  22.330000  22.299999  22.330000  22.330000       0
2022-12-14 12:50:00-05:00  22.320000  22.400000  22.320000  22.400000  22.400000       0
2022-12-14 12:55:00-05:00  22.420000  22.459999  22.420000  22.440001  22.440001       0
2022-12-14 13:00:00-05:00  22.450001  22.450001  22.389999  22.389999  22.389999       0
2022-12-14 13:05:00-05:00  22.389999  22.389999  22.320000  22.320000  22.320000       0
2022-12-14 13:10:00-05:00  22.320000  22.340000  22.320000  22.330000  22.330000       0
2022-12-14 13:15:00-05:00  22.330000  22.330000  22.290001  22.309999  22.309999       0
2022-12-14 13:20:00-05:00  22.290001  22.290001  22.240000  22.260000  22.260000       0
2022-12-14 13:25:00-05:00  22.260000  22.270000  22.219999  22.219999  22.219999       0
2022-12-14 13:30:00-05:00  22.230000  22.240000  22.190001  22.190001  22.190001       0
2022-12-14 13:35:00-05:00  22.180000  22.200001  22.150000  22.150000  22.150000       0
2022-12-14 13:40:00-05:00  22.150000  22.350000  22.150000  22.350000  22.350000       0
2022-12-14 13:45:00-05:00  22.360001  22.370001  22.299999  22.370001  22.370001       0
2022-12-14 13:50:00-05:00  22.440001  22.520000  22.430000  22.430000  22.430000       0
2022-12-14 13:55:00-05:00  22.440001  22.480000  22.309999  22.309999  22.309999       0
2022-12-14 14:00:00-05:00  22.309999  22.650000  22.240000  22.370001  22.370001       0
2022-12-14 14:05:00-05:00  22.450001  22.980000  22.450001  22.920000  22.920000       0
2022-12-14 14:10:00-05:00  22.879999  22.889999  22.530001  22.590000  22.590000       0
2022-12-14 14:15:00-05:00  22.590000  22.629999  22.500000  22.500000  22.500000       0
2022-12-14 14:20:00-05:00  22.549999  22.620001  22.530001  22.580000  22.580000       0
2022-12-14 14:25:00-05:00  22.600000  22.639999  22.530001  22.610001  22.610001       0
2022-12-14 14:30:00-05:00  22.610001  23.070000  22.610001  23.070000  23.070000       0
2022-12-14 14:35:00-05:00  23.250000  23.469999  22.940001  23.049999  23.049999       0
2022-12-14 14:40:00-05:00  23.000000  23.070000  22.480000  22.520000  22.520000       0
2022-12-14 14:45:00-05:00  22.610001  22.850000  22.469999  22.469999  22.469999       0
2022-12-14 14:50:00-05:00  22.389999  22.600000  22.040001  22.040001  22.040001       0
2022-12-14 14:55:00-05:00  22.049999  22.049999  21.930000  21.930000  21.930000       0
2022-12-14 15:00:00-05:00  21.940001  21.959999  21.620001  21.629999  21.629999       0
2022-12-14 15:05:00-05:00  21.600000  21.670000  21.500000  21.570000  21.570000       0
2022-12-14 15:10:00-05:00  21.559999  21.559999  21.070000  21.230000  21.230000       0
2022-12-14 15:15:00-05:00  21.190001  21.570000  21.190001  21.400000  21.400000       0
2022-12-14 15:20:00-05:00  21.370001  21.379999  21.299999  21.340000  21.340000       0
2022-12-14 15:25:00-05:00  21.360001  21.820000  21.350000  21.820000  21.820000       0
2022-12-14 15:30:00-05:00  21.900000  22.090000  21.750000  22.000000  22.000000       0
2022-12-14 15:35:00-05:00  22.059999  22.129999  21.950001  22.010000  22.010000       0
2022-12-14 15:40:00-05:00  21.969999  21.969999  21.690001  21.700001  21.700001       0
2022-12-14 15:45:00-05:00  21.629999  21.660000  21.500000  21.500000  21.500000       0
2022-12-14 15:50:00-05:00  21.510000  21.510000  21.290001  21.309999  21.309999       0
2022-12-14 15:55:00-05:00  21.309999  21.370001  21.309999  21.320000  21.320000       0
2022-12-15 09:30:00-05:00  21.559999  21.690001  21.440001  21.690001  21.690001       0
2022-12-15 09:35:00-05:00  21.639999  21.790001  21.639999  21.670000  21.670000       0
2022-12-15 09:40:00-05:00  21.670000  21.809999  21.670000  21.780001  21.780001       0
2022-12-15 09:45:00-05:00  21.719999  21.980000  21.719999  21.980000  21.980000       0
2022-12-15 09:50:00-05:00  21.990000  22.000000  21.870001  21.940001  21.940001       0
2022-12-15 09:55:00-05:00  21.940001  22.410000  21.930000  22.410000  22.410000       0
2022-12-15 10:00:00-05:00  22.420000  22.520000  22.350000  22.520000  22.520000       0
2022-12-15 10:05:00-05:00  22.500000  22.500000  22.219999  22.230000  22.230000       0
2022-12-15 10:10:00-05:00  22.219999  22.240000  22.129999  22.129999  22.129999       0
2022-12-15 10:15:00-05:00  22.139999  22.209999  22.070000  22.090000  22.090000       0
2022-12-15 10:20:00-05:00  22.090000  22.209999  22.090000  22.180000  22.180000       0
2022-12-15 10:25:00-05:00  22.180000  22.240000  22.160000  22.230000  22.230000       0
2022-12-15 10:30:00-05:00  22.219999  22.360001  22.219999  22.219999  22.219999       0
2022-12-15 10:35:00-05:00  22.240000  22.240000  22.030001  22.030001  22.030001       0
2022-12-15 10:40:00-05:00  22.010000  22.059999  21.990000  21.990000  21.990000       0
2022-12-15 10:45:00-05:00  21.990000  21.990000  21.920000  21.990000  21.990000       0
2022-12-15 10:50:00-05:00  22.000000  22.129999  21.990000  22.129999  22.129999       0
2022-12-15 10:55:00-05:00  22.129999  22.250000  22.129999  22.209999  22.209999       0
2022-12-15 11:00:00-05:00  22.200001  22.200001  22.040001  22.040001  22.040001       0
2022-12-15 11:05:00-05:00  22.059999  22.290001  22.059999  22.260000  22.260000       0
2022-12-15 11:10:00-05:00  22.280001  22.500000  22.280001  22.500000  22.500000       0
2022-12-15 11:15:00-05:00  22.490000  22.610001  22.350000  22.389999  22.389999       0
2022-12-15 11:20:00-05:00  22.389999  22.480000  22.389999  22.480000  22.480000       0
2022-12-15 11:25:00-05:00  22.510000  22.559999  22.480000  22.549999  22.549999       0
2022-12-15 11:30:00-05:00  22.549999  22.639999  22.540001  22.610001  22.610001       0
2022-12-15 11:35:00-05:00  22.570000  22.580000  22.500000  22.540001  22.540001       0
2022-12-15 11:40:00-05:00  22.540001  22.740000  22.540001  22.709999  22.709999       0
2022-12-15 11:45:00-05:00  22.709999  22.820000  22.629999  22.820000  22.820000       0
2022-12-15 11:50:00-05:00  22.830000  22.910000  22.820000  22.850000  22.850000       0
2022-12-15 11:55:00-05:00  22.850000  22.910000  22.850000  22.860001  22.860001       0
2022-12-15 12:00:00-05:00  22.870001  22.889999  22.799999  22.830000  22.830000       0
2022-12-15 12:05:00-05:00  22.830000  22.830000  22.750000  22.780001  22.780001       0
2022-12-15 12:10:00-05:00  22.770000  22.910000  22.750000  22.889999  22.889999       0
2022-12-15 12:15:00-05:00  22.879999  22.930000  22.790001  22.790001  22.790001       0
2022-12-15 12:20:00-05:00  22.799999  22.940001  22.799999  22.920000  22.920000       0
2022-12-15 12:25:00-05:00  22.930000  22.930000  22.840000  22.840000  22.840000       0
2022-12-15 12:30:00-05:00  22.840000  22.840000  22.719999  22.719999  22.719999       0
2022-12-15 12:35:00-05:00  22.709999  22.830000  22.680000  22.820000  22.820000       0
2022-12-15 12:40:00-05:00  22.830000  22.950001  22.820000  22.950001  22.950001       0
2022-12-15 12:45:00-05:00  22.940001  22.980000  22.920000  22.980000  22.980000       0
2022-12-15 12:50:00-05:00  22.980000  23.070000  22.959999  23.070000  23.070000       0
2022-12-15 12:55:00-05:00  23.070000  23.219999  23.070000  23.200001  23.200001       0
2022-12-15 13:00:00-05:00  23.209999  23.290001  23.209999  23.280001  23.280001       0
2022-12-15 13:05:00-05:00  23.280001  23.469999  23.280001  23.440001  23.440001       0
2022-12-15 13:10:00-05:00  23.430000  23.440001  23.330000  23.410000  23.410000       0
2022-12-15 13:15:00-05:00  23.420000  23.500000  23.389999  23.500000  23.500000       0
2022-12-15 13:20:00-05:00  23.510000  23.559999  23.490000  23.549999  23.549999       0
2022-12-15 13:25:00-05:00  23.540001  23.549999  23.469999  23.469999  23.469999       0
2022-12-15 13:30:00-05:00  23.469999  23.530001  23.469999  23.520000  23.520000       0
2022-12-15 13:35:00-05:00  23.530001  23.559999  23.459999  23.469999  23.469999       0
2022-12-15 13:40:00-05:00  23.480000  23.670000  23.469999  23.629999  23.629999       0
2022-12-15 13:45:00-05:00  23.629999  23.629999  23.540001  23.580000  23.580000       0
2022-12-15 13:50:00-05:00  23.610001  23.670000  23.590000  23.629999  23.629999       0
2022-12-15 13:55:00-05:00  23.610001  23.610001  23.510000  23.530001  23.530001       0
2022-12-15 14:00:00-05:00  23.510000  23.559999  23.459999  23.559999  23.559999       0
2022-12-15 14:05:00-05:00  23.570000  23.610001  23.549999  23.600000  23.600000       0
2022-12-15 14:10:00-05:00  23.620001  23.639999  23.620001  23.620001  23.620001       0
2022-12-15 14:15:00-05:00  23.610001  23.610001  23.570000  23.570000  23.570000       0
2022-12-15 14:20:00-05:00  23.580000  23.580000  23.500000  23.510000  23.510000       0
2022-12-15 14:25:00-05:00  23.510000  23.510000  23.400000  23.400000  23.400000       0
2022-12-15 14:30:00-05:00  23.410000  23.410000  23.270000  23.270000  23.270000       0
2022-12-15 14:35:00-05:00  23.270000  23.330000  23.139999  23.170000  23.170000       0
2022-12-15 14:40:00-05:00  23.160000  23.160000  23.040001  23.040001  23.040001       0
2022-12-15 14:45:00-05:00  23.030001  23.120001  23.000000  23.090000  23.090000       0
2022-12-15 14:50:00-05:00  23.080000  23.080000  22.910000  22.910000  22.910000       0
2022-12-15 14:55:00-05:00  22.900000  22.910000  22.790001  22.790001  22.790001       0
2022-12-15 15:00:00-05:00  22.770000  22.770000  22.690001  22.700001  22.700001       0
2022-12-15 15:05:00-05:00  22.700001  22.709999  22.580000  22.580000  22.580000       0
2022-12-15 15:10:00-05:00  22.590000  22.730000  22.590000  22.719999  22.719999       0
2022-12-15 15:15:00-05:00  22.730000  22.840000  22.730000  22.840000  22.840000       0
2022-12-15 15:20:00-05:00  22.850000  22.870001  22.719999  22.740000  22.740000       0
2022-12-15 15:25:00-05:00  22.740000  22.760000  22.580000  22.580000  22.580000       0
2022-12-15 15:30:00-05:00  22.580000  22.660000  22.570000  22.639999  22.639999       0
2022-12-15 15:35:00-05:00  22.639999  22.730000  22.629999  22.660000  22.660000       0
2022-12-15 15:40:00-05:00  22.680000  22.950001  22.660000  22.950001  22.950001       0
2022-12-15 15:45:00-05:00  22.959999  22.980000  22.920000  22.959999  22.959999       0
2022-12-15 15:50:00-05:00  22.969999  22.969999  22.820000  22.850000  22.850000       0
2022-12-15 15:55:00-05:00  22.860001  22.900000  22.770000  22.780001  22.780001       0
2022-12-16 09:30:00-05:00  23.280001  23.280001  23.049999  23.049999  23.049999       0
2022-12-16 09:35:00-05:00  23.030001  23.120001  22.959999  23.070000  23.070000       0
2022-12-16 09:40:00-05:00  23.070000  23.139999  22.930000  22.969999  22.969999       0
2022-12-16 09:45:00-05:00  22.900000  22.990000  22.459999  22.459999  22.459999       0
2022-12-16 09:50:00-05:00  22.420000  22.440001  22.330000  22.340000  22.340000       0
2022-12-16 09:55:00-05:00  22.320000  22.410000  22.320000  22.410000  22.410000       0
2022-12-16 10:00:00-05:00  22.469999  22.760000  22.469999  22.750000  22.750000       0
2022-12-16 10:05:00-05:00  22.760000  23.100000  22.690001  23.080000  23.080000       0
2022-12-16 10:10:00-05:00  23.120001  23.160000  23.070000  23.150000  23.150000       0
2022-12-16 10:15:00-05:00  23.150000  23.200001  23.030001  23.030001  23.030001       0
2022-12-16 10:20:00-05:00  23.010000  23.209999  23.000000  23.209999  23.209999       0
2022-12-16 10:25:00-05:00  23.240000  23.299999  23.219999  23.280001  23.280001       0
2022-12-16 10:30:00-05:00  23.330000  23.570000  23.250000  23.570000  23.570000       0
2022-12-16 10:35:00-05:00  23.540001  23.610001  23.459999  23.459999  23.459999       0
2022-12-16 10:40:00-05:00  23.450001  23.490000  23.340000  23.350000  23.350000       0
2022-12-16 10:45:00-05:00  23.350000  23.420000  23.260000  23.340000  23.340000       0
2022-12-16 10:50:00-05:00  23.350000  23.370001  23.180000  23.190001  23.190001       0
2022-12-16 10:55:00-05:00  23.190001  23.200001  23.129999  23.150000  23.150000       0
2022-12-16 11:00:00-05:00  23.150000  23.170000  23.110001  23.139999  23.139999       0
2022-12-16 11:05:00-05:00  23.139999  23.170000  23.090000  23.170000  23.170000       0
2022-12-16 11:10:00-05:00  23.180000  23.290001  23.020000  23.030001  23.030001       0
2022-12-16 11:15:00-05:00  22.990000  23.070000  22.980000  23.030001  23.030001       0
2022-12-16 11:20:00-05:00  23.030001  23.120001  23.010000  23.120001  23.120001       0
2022-12-16 11:25:00-05:00  23.120001  23.129999  23.040001  23.110001  23.110001       0
2022-12-16 11:30:00-05:00  23.120001  23.120001  23.000000  23.070000  23.070000       0
2022-12-16 11:35:00-05:00  23.030001  23.049999  22.980000  22.980000  22.980000       0
2022-12-16 11:40:00-05:00  22.980000  23.080000  22.980000  23.040001  23.040001       0
2022-12-16 11:45:00-05:00  23.030001  23.160000  23.020000  23.160000  23.160000       0
2022-12-16 11:50:00-05:00  23.180000  23.200001  23.100000  23.200001  23.200001       0
2022-12-16 11:55:00-05:00  23.200001  23.400000  23.200001  23.400000  23.400000       0
2022-12-16 12:00:00-05:00  23.389999  23.389999  23.320000  23.330000  23.330000       0
2022-12-16 12:05:00-05:00  23.320000  23.330000  23.299999  23.309999  23.309999       0
2022-12-16 12:10:00-05:00  23.320000  23.330000  23.209999  23.299999  23.299999       0
2022-12-16 12:15:00-05:00  23.280001  23.290001  23.110001  23.110001  23.110001       0
2022-12-16 12:20:00-05:00  23.090000  23.209999  23.080000  23.200001  23.200001       0
2022-12-16 12:25:00-05:00  23.170000  23.170000  23.059999  23.059999  23.059999       0
2022-12-16 12:30:00-05:00  23.059999  23.059999  22.969999  22.969999  22.969999       0
2022-12-16 12:35:00-05:00  22.959999  22.969999  22.760000  22.780001  22.780001       0
2022-12-16 12:40:00-05:00  22.790001  23.059999  22.790001  23.049999  23.049999       0
2022-12-16 12:45:00-05:00  23.030001  23.120001  23.030001  23.030001  23.030001       0
2022-12-16 12:50:00-05:00  23.030001  23.139999  23.030001  23.139999  23.139999       0
2022-12-16 12:55:00-05:00  23.139999  23.200001  23.129999  23.200001  23.200001       0
2022-12-16 13:00:00-05:00  23.200001  23.200001  23.110001  23.150000  23.150000       0
2022-12-16 13:05:00-05:00  23.150000  23.180000  23.120001  23.120001  23.120001       0
2022-12-16 13:10:00-05:00  23.120001  23.180000  23.070000  23.180000  23.180000       0
2022-12-16 13:15:00-05:00  23.180000  23.180000  23.090000  23.129999  23.129999       0
2022-12-16 13:20:00-05:00  23.139999  23.160000  23.110001  23.129999  23.129999       0
2022-12-16 13:25:00-05:00  23.129999  23.180000  23.129999  23.139999  23.139999       0
2022-12-16 13:30:00-05:00  23.139999  23.150000  23.040001  23.049999  23.049999       0
2022-12-16 13:35:00-05:00  23.049999  23.100000  23.010000  23.100000  23.100000       0
2022-12-16 13:40:00-05:00  23.110001  23.139999  23.090000  23.129999  23.129999       0
2022-12-16 13:45:00-05:00  23.110001  23.110001  23.049999  23.049999  23.049999       0
2022-12-16 13:50:00-05:00  23.049999  23.100000  23.049999  23.100000  23.100000       0
2022-12-16 13:55:00-05:00  23.090000  23.120001  23.049999  23.070000  23.070000       0
2022-12-16 14:00:00-05:00  23.070000  23.080000  23.049999  23.080000  23.080000       0
2022-12-16 14:05:00-05:00  23.080000  23.100000  22.969999  22.990000  22.990000       0
2022-12-16 14:10:00-05:00  22.990000  23.010000  22.920000  22.920000  22.920000       0
2022-12-16 14:15:00-05:00  22.910000  22.910000  22.790001  22.889999  22.889999       0
2022-12-16 14:20:00-05:00  22.879999  22.940001  22.879999  22.889999  22.889999       0
2022-12-16 14:25:00-05:00  22.900000  22.930000  22.889999  22.920000  22.920000       0
2022-12-16 14:30:00-05:00  22.940001  23.049999  22.940001  23.049999  23.049999       0
2022-12-16 14:35:00-05:00  23.040001  23.040001  22.850000  22.850000  22.850000       0
2022-12-16 14:40:00-05:00  22.870001  22.889999  22.850000  22.850000  22.850000       0
2022-12-16 14:45:00-05:00  22.850000  22.850000  22.700001  22.700001  22.700001       0
2022-12-16 14:50:00-05:00  22.680000  22.680000  22.469999  22.469999  22.469999       0
2022-12-16 14:55:00-05:00  22.469999  22.490000  22.290001  22.320000  22.320000       0
2022-12-16 15:00:00-05:00  22.320000  22.320000  22.219999  22.299999  22.299999       0
2022-12-16 15:05:00-05:00  22.320000  22.549999  22.320000  22.490000  22.490000       0
2022-12-16 15:10:00-05:00  22.490000  22.510000  22.250000  22.250000  22.250000       0
2022-12-16 15:15:00-05:00  22.200001  22.200001  22.100000  22.180000  22.180000       0
2022-12-16 15:20:00-05:00  22.190001  22.250000  22.139999  22.240000  22.240000       0
2022-12-16 15:25:00-05:00  22.240000  22.320000  22.219999  22.219999  22.219999       0
2022-12-16 15:30:00-05:00  22.230000  22.230000  22.090000  22.180000  22.180000       0
2022-12-16 15:35:00-05:00  22.170000  22.330000  22.170000  22.330000  22.330000       0
2022-12-16 15:40:00-05:00  22.340000  22.389999  22.280001  22.389999  22.389999       0
2022-12-16 15:45:00-05:00  22.420000  22.440001  22.270000  22.400000  22.400000       0
2022-12-16 15:50:00-05:00  22.389999  22.600000  22.379999  22.480000  22.480000       0
2022-12-16 15:55:00-05:00  22.469999  22.469999  22.330000  22.459999  22.459999       0
2022-12-16 16:00:00-05:00  22.620001  22.620001  22.620001  22.620001  22.620001       0