                               Open      High       Low     Close  Adj Close  Volume
2023-02-14 10:00:00-05:00  12586.00  12673.50  12424.00  12491.00   12491.00       0
2023-02-14 11:00:00-05:00  12490.75  12547.00  12417.50  12467.50   12467.50   89967
2023-02-14 12:00:00-05:00  12467.25  12531.50  12457.00  12522.25   12522.25   52337
2023-02-14 13:00:00-05:00  12522.50  12622.75  12518.50  12583.25   12583.25   55819
2023-02-14 14:00:00-05:00  12583.75  12639.25  12535.50  12619.00   12619.00   46430
2023-02-14 15:00:00-05:00  12619.50  12665.50  12592.50  12630.75   12630.75   56705
2023-02-14 16:00:00-05:00  12630.75  12633.00  12604.50  12618.00   12618.00   15296
2023-02-14 18:00:00-05:00  12620.75  12623.75  12605.00  12608.00   12608.00       0
2023-02-14 19:00:00-05:00  12607.75  12608.25  12587.50  12592.25   12592.25    3803
2023-02-14 20:00:00-05:00  12591.75  12603.75  12575.25  12576.25   12576.25    4033
2023-02-14 21:00:00-05:00  12576.75  12578.50  12546.25  12548.50   12548.50    6226
2023-02-14 22:00:00-05:00  12549.00  12566.00  12539.75  12561.25   12561.25    3759
2023-02-14 23:00:00-05:00  12561.75  12570.75  12558.00  12563.75   12563.75    2367
2023-02-15 00:00:00-05:00  12563.75  12569.50  12552.00  12560.00   12560.00    2816
2023-02-15 01:00:00-05:00  12560.00  12560.75  12531.25  12541.75   12541.75    3479
2023-02-15 02:00:00-05:00  12542.00  12566.00  12533.25  12539.75   12539.75    8075
2023-02-15 03:00:00-05:00  12539.25  12583.50  12533.00  12573.50   12573.50   11141
2023-02-15 04:00:00-05:00  12574.00  12592.75  12570.75  12575.00   12575.00    6165
2023-02-15 05:00:00-05:00  12575.00  12582.25  12561.00  12579.00   12579.00    4896
2023-02-15 06:00:00-05:00  12579.50  12583.50  12561.50  12573.75   12573.75    3923
2023-02-15 07:00:00-05:00  12573.75  12620.25  12573.75  12594.75   12594.75   11430
2023-02-15 08:00:00-05:00  12595.00  12614.50  12534.25  12583.75   12583.75   36839
2023-02-15 09:00:00-05:00  12584.00  12631.50  12541.00  12563.75   12563.75   90163
2023-02-15 10:00:00-05:00  12563.75  12612.25  12524.25  12562.00   12562.00   81369
2023-02-15 11:00:00-05:00  12562.75  12672.25  12558.00  12647.75   12647.75   68237
2023-02-15 12:00:00-05:00  12648.25  12654.75  12607.75  12632.50   12632.50   48839
2023-02-15 13:00:00-05:00  12632.50  12683.25  12615.00  12682.25   12682.25   38379
2023-02-15 14:00:00-05:00  12682.25  12721.50  12670.25  12677.00   12677.00   49140
2023-02-15 15:00:00-05:00  12676.75  12734.50  12666.25  12733.75   12733.75   53987
2023-02-15 16:00:00-05:00  12734.00  12756.50  12724.00  12747.50   12747.50   19102
2023-02-15 18:00:00-05:00  12740.00  12750.75  12731.75  12747.00   12747.00       0
2023-02-15 19:00:00-05:00  12746.50  12769.75  12746.50  12764.00   12764.00    5643
2023-02-15 20:00:00-05:00  12763.75  12782.25  12760.50  12774.00   12774.00    5660
2023-02-15 21:00:00-05:00  12774.00  12790.50  12771.25  12787.75   12787.75    3531
2023-02-15 22:00:00-05:00  12787.75  12792.75  12778.00  12780.00   12780.00    2117
2023-02-15 23:00:00-05:00  12780.50  12783.25  12774.75  12780.25   12780.25    1674
2023-02-16 00:00:00-05:00  12780.00  12781.00  12767.50  12775.50   12775.50    1974
2023-02-16 01:00:00-05:00  12774.75  12777.25  12747.50  12757.00   12757.00    4402
2023-02-16 02:00:00-05:00  12757.00  12775.75  12751.50  12772.50   12772.50    3783
2023-02-16 03:00:00-05:00  12772.25  12784.00  12742.25  12744.50   12744.50   11123
2023-02-16 04:00:00-05:00  12744.00  12759.00  12727.75  12728.25   12728.25    7127
2023-02-16 05:00:00-05:00  12728.50  12739.50  12720.25  12727.00   12727.00    6195
2023-02-16 06:00:00-05:00  12726.25  12735.00  12715.75  12723.25   12723.25    5637
2023-02-16 07:00:00-05:00  12723.50  12729.25  12679.00  12687.25   12687.25   12111
2023-02-16 08:00:00-05:00  12687.50  12690.75  12533.50  12559.25   12559.25   46284
2023-02-16 09:00:00-05:00  12559.00  12592.00  12496.50  12564.25   12564.25  103213
2023-02-16 10:00:00-05:00  12563.75  12670.50  12535.50  12649.50   12649.50   97507
2023-02-16 11:00:00-05:00  12649.50  12673.25  12619.75  12641.00   12641.00   64022
2023-02-16 12:00:00-05:00  12641.25  12694.25  12605.25  12653.25   12653.25   55912
2023-02-16 13:00:00-05:00  12653.25  12673.75  12622.50  12663.00   12663.00   47099
2023-02-16 14:00:00-05:00  12663.75  12677.75  12631.75  12652.25   12652.25   41322
2023-02-16 15:00:00-05:00  12652.25  12657.50  12475.75  12481.25   12481.25  120693
2023-02-16 16:00:00-05:00  12481.50  12486.25  12455.25  12466.25   12466.25   19919
2023-02-16 18:00:00-05:00  12462.50  12466.25  12421.00  12428.25   12428.25       0
2023-02-16 19:00:00-05:00  12428.00  12436.50  12421.25  12431.50   12431.50    4254
2023-02-16 20:00:00-05:00  12432.00  12449.50  12419.00  12428.50   12428.50    5631
2023-02-16 21:00:00-05:00  12428.00  12428.75  12412.75  12415.25   12415.25    4260
2023-02-16 22:00:00-05:00  12415.25  12426.25  12408.25  12416.50   12416.50    3511
2023-02-16 23:00:00-05:00  12416.75  12419.50  12401.50  12412.75   12412.75    3288
2023-02-17 00:00:00-05:00  12413.50  12413.50  12394.25  12400.00   12400.00    3397
2023-02-17 01:00:00-05:00  12400.00  12406.50  12379.75  12389.75   12389.75    4360
2023-02-17 02:00:00-05:00  12390.00  12416.50  12376.50  12401.25   12401.25    8123
2023-02-17 03:00:00-05:00  12401.75  12405.25  12338.00  12373.25   12373.25   18297
2023-02-17 04:00:00-05:00  12373.75  12408.25  12363.50  12379.25   12379.25   12154
2023-02-17 05:00:00-05:00  12379.50  12383.50  12356.50  12357.50   12357.50    8146
2023-02-17 06:00:00-05:00  12357.25  12373.50  12343.50  12369.25   12369.25    9063
2023-02-17 07:00:00-05:00  12369.25  12394.00  12363.25  12381.25   12381.25   11436
2023-02-17 08:00:00-05:00  12380.75  12401.75  12360.25  12390.25   12390.25   17353
2023-02-17 09:00:00-05:00  12389.75  12423.75  12296.25  12329.50   12329.50   95462
2023-02-17 10:00:00-05:00  12328.75  12408.75  12315.25  12318.25   12318.25  102742
2023-02-17 11:00:00-05:00  12318.75  12338.50  12275.00  12302.75   12302.75   67346
2023-02-17 12:00:00-05:00  12302.75  12347.75  12265.75  12282.25   12282.25   54886
2023-02-17 13:00:00-05:00  12283.00  12318.75  12275.25  12307.50   12307.50   41807
2023-02-17 14:00:00-05:00  12308.25  12397.00  12304.75  12390.75   12390.75   56752
2023-02-17 15:00:00-05:00  12391.25  12407.75  12354.75  12392.00   12392.00   70575
2023-02-17 16:00:00-05:00  12392.00  12394.75  12380.25  12384.25   12384.25   10285
2023-02-17 17:00:00-05:00  12384.25  12384.25  12384.00  12384.00   12384.00       2
2023-02-19 18:00:00-05:00  12380.00  12383.25  12346.50  12359.75   12359.75    3832
2023-02-19 19:00:00-05:00  12359.25  12360.50  12346.75  12354.75   12354.75    2432
2023-02-19 20:00:00-05:00  12354.50  12375.75  12352.50  12369.25   12369.25    2754
2023-02-19 21:00:00-05:00  12369.50  12392.00  12366.25  12389.00   12389.00    2856
2023-02-19 22:00:00-05:00  12389.50  12399.00  12383.00  12391.75   12391.75    2181
2023-02-19 23:00:00-05:00  12391.00  12406.50  12390.75  12393.75   12393.75    1869
2023-02-21 00:00:00-05:00  12345.50  12360.50  12340.50  12350.50   12350.50    2993
2023-02-21 01:00:00-05:00  12350.25  12357.75  12345.75  12354.25   12354.25    2085
2023-02-21 02:00:00-05:00  12354.50  12355.00  12319.25  12320.00   12320.00    5582
2023-02-21 03:00:00-05:00  12319.75  12333.75  12228.00  12233.00   12233.00   18209
2023-02-21 04:00:00-05:00  12233.75  12318.00  12229.00  12293.50   12293.50   17854
2023-02-21 05:00:00-05:00  12293.25  12299.75  12264.75  12266.75   12266.75    8551
2023-02-21 06:00:00-05:00  12267.25  12292.00  12258.75  12283.00   12283.00    7536
2023-02-21 07:00:00-05:00  12282.50  12285.75  12249.00  12263.50   12263.50   10706
2023-02-21 08:00:00-05:00  12263.50  12266.50  12239.25  12240.50   12240.50   15767
2023-02-21 09:00:00-05:00  12240.50  12290.00  12216.50  12228.50   12228.50   78598
2023-02-21 10:00:00-05:00  12228.25  12241.50  12181.00  12202.50   12202.50   73166