                               Open      High       Low     Close  Adj Close  Volume
2022-12-26 18:00:00-05:00  11104.00  11163.50  11104.00  11157.00   11157.00    4817
2022-12-26 19:00:00-05:00  11157.00  11162.25  11144.75  11148.75   11148.75    2778
2022-12-26 20:00:00-05:00  11148.00  11183.00  11146.75  11180.00   11180.00    4487
2022-12-26 21:00:00-05:00  11179.75  11183.75  11172.00  11178.25   11178.25    2165
2022-12-26 22:00:00-05:00  11178.50  11179.50  11160.50  11162.00   11162.00    2131
2022-12-26 23:00:00-05:00  11161.25  11165.00  11154.25  11162.25   11162.25    1478
2022-12-27 00:00:00-05:00  11163.00  11167.25  11157.75  11161.50   11161.50    1422
2022-12-27 01:00:00-05:00  11160.75  11164.50  11149.50  11161.50   11161.50    2548
2022-12-27 02:00:00-05:00  11162.50  11162.75  11143.25  11158.75   11158.75    3522
2022-12-27 03:00:00-05:00  11159.75  11177.00  11153.50  11153.50   11153.50    5483
2022-12-27 04:00:00-05:00  11154.00  11155.00  11116.75  11145.50   11145.50    6597
2022-12-27 05:00:00-05:00  11144.25  11153.50  11135.75  11137.75   11137.75    4559
2022-12-27 06:00:00-05:00  11137.50  11146.00  11125.50  11133.25   11133.25    3997
2022-12-27 07:00:00-05:00  11133.75  11134.00  11078.00  11088.00   11088.00    9665
2022-12-27 08:00:00-05:00  11088.50  11104.75  11040.25  11055.25   11055.25   16483
2022-12-27 09:00:00-05:00  11055.25  11076.75  10904.75  10930.25   10930.25   74525
2022-12-27 10:00:00-05:00  10930.00  11017.75  10896.00  10972.50   10972.50   93099
2022-12-27 11:00:00-05:00  10972.75  10997.00  10948.75  10964.75   10964.75   53202
2022-12-27 12:00:00-05:00  10965.50  10996.00  10928.00  10950.75   10950.75   45984
2022-12-27 13:00:00-05:00  10951.00  10968.75  10911.75  10918.50   10918.50   35837
2022-12-27 14:00:00-05:00  10918.75  10937.75  10899.75  10923.25   10923.25   41589
2022-12-27 15:00:00-05:00  10923.50  10958.75  10908.75  10918.75   10918.75   65387
2022-12-27 16:00:00-05:00  10918.75  10933.50  10911.75  10912.00   10912.00   11628
2022-12-27 18:00:00-05:00  10915.75  10925.75  10908.50  10913.00   10913.00       0
2022-12-27 19:00:00-05:00  10913.50  10925.50  10891.50  10896.50   10896.50    4563
2022-12-27 20:00:00-05:00  10895.75  10938.00  10893.25  10936.50   10936.50    4282
2022-12-27 21:00:00-05:00  10936.00  10938.25  10919.25  10919.75   10919.75    3232
2022-12-27 22:00:00-05:00  10920.50  10929.25  10914.50  10920.25   10920.25    2220
2022-12-27 23:00:00-05:00  10920.75  10927.75  10919.00  10922.50   10922.50    1425
2022-12-28 00:00:00-05:00  10924.75  10928.25  10910.75  10914.25   10914.25    2013
2022-12-28 01:00:00-05:00  10915.50  10935.00  10912.25  10935.00   10935.00    2093
2022-12-28 02:00:00-05:00  10935.25  10945.75  10931.00  10944.75   10944.75    3746
2022-12-28 03:00:00-05:00  10945.50  10954.50  10925.25  10927.25   10927.25    6183
2022-12-28 04:00:00-05:00  10927.25  10933.00  10892.00  10910.50   10910.50    7349
2022-12-28 05:00:00-05:00  10910.00  10941.75  10898.50  10930.50   10930.50    6608
2022-12-28 06:00:00-05:00  10931.00  10946.50  10920.50  10938.25   10938.25    6646
2022-12-28 07:00:00-05:00  10938.50  10952.25  10928.00  10942.50   10942.50    7655
2022-12-28 08:00:00-05:00  10942.50  10950.75  10907.50  10916.25   10916.25   10817
2022-12-28 09:00:00-05:00  10916.25  10996.50  10861.75  10950.75   10950.75   93549
2022-12-28 10:00:00-05:00  10950.75  10984.00  10826.50  10828.25   10828.25  103992
2022-12-28 11:00:00-05:00  10828.00  10839.00  10790.50  10793.75   10793.75   73056
2022-12-28 12:00:00-05:00  10794.25  10863.25  10773.00  10856.00   10856.00   67544
2022-12-28 13:00:00-05:00  10856.50  10891.25  10812.75  10823.75   10823.75   65149
2022-12-28 14:00:00-05:00  10824.00  10838.25  10791.50  10802.50   10802.50   52929
2022-12-28 15:00:00-05:00  10802.25  10804.25  10758.75  10770.75   10770.75   83476
2022-12-28 16:00:00-05:00  10770.50  10793.25  10764.00  10783.25   10783.25   13628
2022-12-28 18:00:00-05:00  10785.75  10797.50  10782.75  10793.25   10793.25       0
2022-12-28 19:00:00-05:00  10793.50  10799.00  10777.50  10793.25   10793.25    3117
2022-12-28 20:00:00-05:00  10793.75  10806.00  10783.75  10792.50   10792.50    3688
2022-12-28 21:00:00-05:00  10792.50  10801.00  10782.00  10794.50   10794.50    2738
2022-12-28 22:00:00-05:00  10795.00  10798.50  10786.50  10794.00   10794.00    1774
2022-12-28 23:00:00-05:00  10793.75  10805.75  10790.25  10802.50   10802.50    1480
2022-12-29 00:00:00-05:00  10804.00  10804.75  10793.00  10800.25   10800.25    1717
2022-12-29 01:00:00-05:00  10801.00  10814.75  10798.25  10814.25   10814.25    3267
2022-12-29 02:00:00-05:00  10814.25  10818.50  10803.75  10814.75   10814.75    2799
2022-12-29 03:00:00-05:00  10815.00  10829.25  10807.50  10822.50   10822.50    6390
2022-12-29 04:00:00-05:00  10822.25  10846.50  10821.25  10838.75   10838.75    6906
2022-12-29 05:00:00-05:00  10838.50  10849.75  10831.50  10848.00   10848.00    4739
2022-12-29 06:00:00-05:00  10848.00  10863.50  10835.75  10845.50   10845.50    7641
2022-12-29 07:00:00-05:00  10845.75  10852.75  10830.75  10839.25   10839.25    5175
2022-12-29 08:00:00-05:00  10838.25  10904.25  10837.25  10890.25   10890.25   18608
2022-12-29 09:00:00-05:00  10890.25  10976.75  10856.50  10963.00   10963.00   80355
2022-12-29 10:00:00-05:00  10963.75  11037.00  10943.50  11031.75   11031.75   79984
2022-12-29 11:00:00-05:00  11032.00  11071.50  11003.25  11058.75   11058.75   59039
2022-12-29 12:00:00-05:00  11058.75  11064.50  11019.50  11037.50   11037.50   38401
2022-12-29 13:00:00-05:00  11037.25  11049.75  11009.75  11046.25   11046.25   30717
2022-12-29 14:00:00-05:00  11046.00  11064.00  11026.00  11030.00   11030.00   32232
2022-12-29 15:00:00-05:00  11030.25  11070.00  11028.25  11031.50   11031.50   53882
2022-12-29 16:00:00-05:00  11032.00  11041.50  11027.25  11030.00   11030.00   13356
2022-12-29 18:00:00-05:00  11033.50  11036.25  11020.75  11022.50   11022.50       0
2022-12-29 19:00:00-05:00  11022.75  11026.25  11014.00  11016.75   11016.75    2360
2022-12-29 20:00:00-05:00  11017.00  11022.75  11004.75  11014.00   11014.00    3091
2022-12-29 21:00:00-05:00  11013.50  11023.25  11005.75  11022.00   11022.00    2352
2022-12-29 22:00:00-05:00  11022.25  11030.00  11021.75  11024.75   11024.75    1737
2022-12-29 23:00:00-05:00  11025.50  11025.50  11017.50  11021.50   11021.50    1073
2022-12-30 00:00:00-05:00  11022.00  11022.00  10993.25  11004.75   11004.75    3434
2022-12-30 01:00:00-05:00  11005.00  11006.25  10969.25  10973.75   10973.75    4728
2022-12-30 02:00:00-05:00  10972.75  10985.00  10962.25  10980.50   10980.50    4497
2022-12-30 03:00:00-05:00  10981.25  10982.50  10946.75  10949.75   10949.75    8937
2022-12-30 04:00:00-05:00  10949.75  10992.50  10943.25  10992.25   10992.25    6905
2022-12-30 05:00:00-05:00  10992.50  11011.00  10981.75  11003.25   11003.25    5730
2022-12-30 06:00:00-05:00  11003.75  11008.25  10982.25  10985.00   10985.00    4630
2022-12-30 07:00:00-05:00  10984.75  10989.25  10926.00  10931.50   10931.50   11204
2022-12-30 08:00:00-05:00  10931.50  10931.75  10904.25  10923.75   10923.75   15327
2022-12-30 09:00:00-05:00  10924.00  10947.75  10855.50  10915.25   10915.25   73072
2022-12-30 10:00:00-05:00  10914.75  10971.25  10883.00  10931.00   10931.00   59085
2022-12-30 11:00:00-05:00  10931.50  10951.25  10899.25  10946.25   10946.25   40152
2022-12-30 12:00:00-05:00  10946.50  10956.75  10929.25  10955.25   10955.25   34206
2022-12-30 13:00:00-05:00  10955.25  10956.00  10875.00  10906.75   10906.75   49147
2022-12-30 14:00:00-05:00  10907.00  10913.25  10882.75  10904.75   10904.75   32126
2022-12-30 15:00:00-05:00  10904.75  11025.75  10902.50  11022.75   11022.75   73557
2022-12-30 16:00:00-05:00  11022.75  11051.50  11015.00  11041.75   11041.75   17413