                               Open      High       Low     Close  Adj Close  Volume
2022-12-05 10:00:00-05:00  11931.50  11932.50  11861.75  11922.50   11922.50       0
2022-12-05 11:00:00-05:00  11922.50  11951.00  11842.25  11847.75   11847.75   65056
2022-12-05 12:00:00-05:00  11847.75  11872.75  11815.25  11819.75   11819.75   50005
2022-12-05 13:00:00-05:00  11820.00  11848.25  11781.00  11783.25   11783.25   48313
2022-12-05 14:00:00-05:00  11783.00  11802.00  11745.50  11768.50   11768.50   51925
2022-12-05 15:00:00-05:00  11768.00  11809.25  11753.50  11802.75   11802.75   68887
2022-12-05 16:00:00-05:00  11802.50  11813.75  11791.00  11813.50   11813.50   13358
2022-12-05 18:00:00-05:00  11812.00  11829.75  11796.75  11820.00   11820.00       0
2022-12-05 19:00:00-05:00  11820.00  11835.75  11820.00  11828.75   11828.75    3432
2022-12-05 20:00:00-05:00  11829.50  11844.00  11827.25  11833.00   11833.00    4258
2022-12-05 21:00:00-05:00  11832.00  11841.50  11820.25  11822.50   11822.50    3414
2022-12-05 22:00:00-05:00  11823.00  11828.00  11811.50  11823.00   11823.00    2634
2022-12-05 23:00:00-05:00  11823.00  11824.00  11803.00  11806.25   11806.25    2206
2022-12-06 00:00:00-05:00  11805.50  11812.25  11795.25  11803.00   11803.00    3234
2022-12-06 01:00:00-05:00  11803.50  11803.75  11788.25  11798.50   11798.50    2722
2022-12-06 02:00:00-05:00  11798.00  11808.00  11781.00  11798.25   11798.25    4599
2022-12-06 03:00:00-05:00  11799.00  11839.00  11781.50  11832.75   11832.75   12639
2022-12-06 04:00:00-05:00  11832.50  11838.00  11813.00  11814.75   11814.75    7599
2022-12-06 05:00:00-05:00  11814.25  11826.00  11789.50  11816.50   11816.50    7771
2022-12-06 06:00:00-05:00  11816.75  11832.50  11804.50  11829.75   11829.75    5470
2022-12-06 07:00:00-05:00  11829.50  11846.25  11819.75  11820.75   11820.75    8046
2022-12-06 08:00:00-05:00  11820.50  11833.00  11789.25  11821.25   11821.25   17289
2022-12-06 09:00:00-05:00  11821.50  11829.50  11663.75  11664.75   11664.75   88332
2022-12-06 10:00:00-05:00  11664.50  11674.50  11589.25  11611.75   11611.75  117613
2022-12-06 11:00:00-05:00  11611.50  11645.00  11591.25  11617.25   11617.25   67634
2022-12-06 12:00:00-05:00  11617.25  11634.25  11575.25  11587.00   11587.00   56273
2022-12-06 13:00:00-05:00  11587.00  11601.75  11543.00  11571.75   11571.75   62542
2022-12-06 14:00:00-05:00  11572.00  11574.00  11502.00  11533.75   11533.75   67436
2022-12-06 15:00:00-05:00  11534.00  11579.00  11504.25  11562.00   11562.00   86002
2022-12-06 16:00:00-05:00  11562.50  11569.75  11553.75  11566.25   11566.25   15031
2022-12-06 18:00:00-05:00  11566.00  11582.25  11565.25  11578.75   11578.75       0
2022-12-06 19:00:00-05:00  11578.75  11588.25  11572.25  11572.25   11572.25    3778
2022-12-06 20:00:00-05:00  11572.25  11596.00  11567.25  11591.25   11591.25    4311
2022-12-06 21:00:00-05:00  11590.75  11595.75  11585.75  11589.25   11589.25    2747
2022-12-06 22:00:00-05:00  11590.00  11595.00  11579.00  11593.25   11593.25    2492
2022-12-06 23:00:00-05:00  11593.50  11595.50  11586.50  11590.25   11590.25    1716
2022-12-07 00:00:00-05:00  11589.25  11593.00  11573.25  11576.75   11576.75    3201
2022-12-07 01:00:00-05:00  11577.50  11579.00  11554.25  11562.75   11562.75    3584
2022-12-07 02:00:00-05:00  11563.00  11586.50  11546.75  11556.25   11556.25    8594
2022-12-07 03:00:00-05:00  11555.25  11573.25  11541.00  11567.50   11567.50   10350
2022-12-07 04:00:00-05:00  11567.50  11567.75  11512.50  11526.50   11526.50    8713
2022-12-07 05:00:00-05:00  11525.75  11536.50  11517.50  11532.75   11532.75    6168
2022-12-07 06:00:00-05:00  11533.00  11541.50  11481.25  11495.75   11495.75    9107
2022-12-07 07:00:00-05:00  11496.00  11505.75  11422.50  11446.75   11446.75   18278
2022-12-07 08:00:00-05:00  11446.25  11521.00  11443.50  11511.50   11511.50   26495
2022-12-07 09:00:00-05:00  11507.00  11596.25  11460.00  11471.75   11471.75  109667
2022-12-07 10:00:00-05:00  11472.00  11570.50  11440.75  11553.00   11553.00  123605
2022-12-07 11:00:00-05:00  11552.75  11581.00  11458.00  11505.50   11505.50   74864
2022-12-07 12:00:00-05:00  11505.75  11531.25  11473.50  11522.75   11522.75   44370
2022-12-07 13:00:00-05:00  11522.75  11558.00  11502.00  11507.00   11507.00   42455
2022-12-07 14:00:00-05:00  11507.25  11529.50  11482.25  11500.00   11500.00   49245
2022-12-07 15:00:00-05:00  11500.50  11522.25  11474.50  11507.75   11507.75   63643
2022-12-07 16:00:00-05:00  11507.75  11515.25  11495.50  11498.75   11498.75   10227
2022-12-07 18:00:00-05:00  11500.00  11517.25  11500.00  11510.50   11510.50       0
2022-12-07 19:00:00-05:00  11511.00  11512.75  11479.25  11479.25   11479.25    5485
2022-12-07 20:00:00-05:00  11479.75  11480.25  11433.00  11457.50   11457.50    8959
2022-12-07 21:00:00-05:00  11457.25  11478.00  11454.50  11472.75   11472.75    3050
2022-12-07 22:00:00-05:00  11472.75  11497.75  11470.75  11491.50   11491.50    3232
2022-12-07 23:00:00-05:00  11491.00  11498.00  11486.75  11489.50   11489.50    1591
2022-12-08 00:00:00-05:00  11490.00  11495.75  11478.75  11494.00   11494.00    2580
2022-12-08 01:00:00-05:00  11493.75  11509.00  11487.25  11506.25   11506.25    2705
2022-12-08 02:00:00-05:00  11505.50  11541.25  11502.00  11530.00   11530.00    5315
2022-12-08 03:00:00-05:00  11530.75  11541.25  11511.00  11536.75   11536.75    8630
2022-12-08 04:00:00-05:00  11536.00  11548.75  11521.75  11531.00   11531.00    6816
2022-12-08 05:00:00-05:00  11532.75  11543.00  11523.25  11534.00   11534.00    4738
2022-12-08 06:00:00-05:00  11534.00  11549.75  11518.00  11539.25   11539.25    6544
2022-12-08 07:00:00-05:00  11538.00  11560.50  11527.00  11556.00   11556.00    7878
2022-12-08 08:00:00-05:00  11556.25  11598.00  11548.50  11575.50   11575.50   20457
2022-12-08 09:00:00-05:00  11575.00  11604.50  11477.25  11601.00   11601.00   90631
2022-12-08 10:00:00-05:00  11600.75  11671.25  11595.75  11644.50   11644.50  103403
2022-12-08 11:00:00-05:00  11644.75  11657.50  11582.00  11634.75   11634.75   70986
2022-12-08 12:00:00-05:00  11634.75  11644.75  11597.50  11627.75   11627.75   50351
2022-12-08 13:00:00-05:00  11628.50  11685.75  11619.50  11649.25   11649.25   51650
2022-12-08 14:00:00-05:00  11649.25  11649.25  11577.50  11626.25   11626.25   62692
2022-12-08 15:00:00-05:00  11626.50  11672.00  11604.50  11645.25   11645.25   64473
2022-12-08 16:00:00-05:00  11644.75  11658.25  11636.25  11637.25   11637.25   12290
2022-12-08 18:00:00-05:00  11641.50  11657.00  11637.50  11637.50   11637.50       0
2022-12-08 19:00:00-05:00  11637.25  11639.25  11624.50  11630.75   11630.75    2826
2022-12-08 20:00:00-05:00  11630.25  11661.50  11628.25  11660.00   11660.00    4451
2022-12-08 21:00:00-05:00  11660.25  11674.50  11660.25  11667.75   11667.75    3765
2022-12-08 22:00:00-05:00  11668.00  11685.50  11668.00  11679.00   11679.00    3152
2022-12-08 23:00:00-05:00  11680.00  11686.75  11677.00  11678.75   11678.75    1707
2022-12-09 00:00:00-05:00  11679.00  11687.00  11676.25  11681.50   11681.50    1750
2022-12-09 01:00:00-05:00  11682.00  11698.75  11680.75  11698.00   11698.00    2383
2022-12-09 02:00:00-05:00  11698.00  11716.75  11680.00  11702.00   11702.00    5812
2022-12-09 03:00:00-05:00  11702.00  11706.50  11679.00  11690.75   11690.75    7197
2022-12-09 04:00:00-05:00  11690.25  11699.75  11665.50  11672.00   11672.00    6175
2022-12-09 05:00:00-05:00  11672.50  11704.50  11672.00  11698.25   11698.25    4670
2022-12-09 06:00:00-05:00  11698.00  11709.25  11686.25  11701.00   11701.00    6358
2022-12-09 07:00:00-05:00  11701.50  11735.75  11690.00  11729.75   11729.75    8596
2022-12-09 08:00:00-05:00  11730.00  11748.00  11517.00  11618.50   11618.50   45786
2022-12-09 09:00:00-05:00  11618.25  11660.75  11550.00  11612.75   11612.75   82282
2022-12-09 10:00:00-05:00  11614.75  11705.75  11574.25  11704.50   11704.50   97962
2022-12-09 11:00:00-05:00  11705.25  11717.50  11665.50  11706.50   11706.50   56029
2022-12-09 12:00:00-05:00  11706.75  11718.25  11679.50  11684.50   11684.50   32864
2022-12-09 13:00:00-05:00  11684.25  11684.25  11631.75  11662.75   11662.75   34246
2022-12-09 14:00:00-05:00  11661.25  11670.00  11628.75  11658.50   11658.50   28165
2022-12-09 15:00:00-05:00  11658.00  11673.00  11565.25  11569.75   11569.75   43684
2022-12-09 16:00:00-05:00  11570.75  11574.50  11550.25  11553.00   11553.00    9752
2022-12-11 18:00:00-05:00  11553.00  11572.50  11527.75  11536.00   11536.00    3317
2022-12-11 19:00:00-05:00  11536.75  11555.25  11530.50  11538.25   11538.25    3303
2022-12-11 20:00:00-05:00  11538.75  11552.25  11523.25  11535.75   11535.75    3783
2022-12-11 21:00:00-05:00  11535.00  11547.00  11525.75  11543.50   11543.50    1873
2022-12-11 22:00:00-05:00  11544.25  11558.75  11539.50  11548.75   11548.75    2548
2022-12-11 23:00:00-05:00  11549.25  11563.75  11549.00  11559.00   11559.00    1207
2022-12-12 00:00:00-05:00  11557.00  11560.00  11548.25  11557.75   11557.75    1126
2022-12-12 01:00:00-05:00  11557.00  11561.25  11547.25  11559.75   11559.75    1382
2022-12-12 02:00:00-05:00  11560.00  11578.50  11553.25  11563.75   11563.75    3899
2022-12-12 03:00:00-05:00  11563.50  11579.00  11550.75  11568.25   11568.25    4662
2022-12-12 04:00:00-05:00  11568.25  11598.25  11564.25  11593.75   11593.75    5190
2022-12-12 05:00:00-05:00  11594.75  11613.50  11590.00  11609.50   11609.50    3618
2022-12-12 06:00:00-05:00  11609.25  11617.25  11600.25  11606.25   11606.25    3690
2022-12-12 07:00:00-05:00  11606.00  11608.75  11593.75  11596.75   11596.75    3829
2022-12-12 08:00:00-05:00  11597.25  11614.75  11587.50  11593.25   11593.25   14688
2022-12-12 09:00:00-05:00  11593.25  11608.75  11543.25  11595.25   11595.25   54477
2022-12-12 10:00:00-05:00  11595.50  11598.00  11545.50  11563.00   11563.00   44498