                               Open      High       Low     Close  Adj Close  Volume
2023-01-18 10:00:00-05:00  11719.50  11759.50  11585.50  11616.75   11616.75       0
2023-01-18 11:00:00-05:00  11616.75  11625.00  11518.50  11550.50   11550.50   87784
2023-01-18 12:00:00-05:00  11550.75  11560.00  11505.50  11513.50   11513.50   48340
2023-01-18 13:00:00-05:00  11513.50  11537.50  11482.75  11524.75   11524.75   48643
2023-01-18 14:00:00-05:00  11525.00  11545.25  11503.50  11524.25   11524.25   34441
2023-01-18 15:00:00-05:00  11524.25  11540.75  11470.50  11479.50   11479.50   65715
2023-01-18 16:00:00-05:00  11479.00  11485.50  11468.00  11482.00   11482.00   13182
2023-01-18 18:00:00-05:00  11470.50  11487.00  11466.50  11479.50   11479.50       0
2023-01-18 19:00:00-05:00  11479.75  11480.25  11449.75  11452.50   11452.50    5167
2023-01-18 20:00:00-05:00  11453.00  11466.50  11448.00  11455.50   11455.50    3377
2023-01-18 21:00:00-05:00  11455.00  11463.25  11446.50  11460.75   11460.75    2575
2023-01-18 22:00:00-05:00  11460.50  11475.50  11459.25  11461.50   11461.50    4241
2023-01-18 23:00:00-05:00  11461.50  11476.25  11461.00  11468.25   11468.25    2632
2023-01-19 00:00:00-05:00  11468.50  11474.75  11457.25  11461.25   11461.25    2217
2023-01-19 01:00:00-05:00  11461.50  11470.75  11448.75  11449.75   11449.75    2605
2023-01-19 02:00:00-05:00  11450.00  11453.25  11427.75  11443.50   11443.50    6024
2023-01-19 03:00:00-05:00  11445.25  11486.75  11439.50  11439.50   11439.50   11228
2023-01-19 04:00:00-05:00  11439.75  11463.50  11422.00  11425.25   11425.25    9017
2023-01-19 05:00:00-05:00  11426.00  11435.50  11400.25  11412.25   11412.25    9241
2023-01-19 06:00:00-05:00  11413.00  11414.75  11373.50  11384.00   11384.00   11546
2023-01-19 07:00:00-05:00  11383.50  11388.50  11356.25  11364.50   11364.50   14182
2023-01-19 08:00:00-05:00  11364.75  11394.75  11344.75  11387.75   11387.75   29124
2023-01-19 09:00:00-05:00  11387.25  11446.50  11348.75  11396.25   11396.25   93673
2023-01-19 10:00:00-05:00  11396.25  11417.75  11321.00  11335.50   11335.50   89784
2023-01-19 11:00:00-05:00  11335.50  11382.50  11308.50  11328.75   11328.75   60956
2023-01-19 12:00:00-05:00  11329.00  11371.25  11327.75  11355.00   11355.00   43429
2023-01-19 13:00:00-05:00  11355.50  11426.00  11351.25  11396.50   11396.50   54350
2023-01-19 14:00:00-05:00  11396.75  11454.25  11379.00  11425.75   11425.75   49102
2023-01-19 15:00:00-05:00  11426.50  11442.00  11351.75  11360.50   11360.50   59147
2023-01-19 16:00:00-05:00  11360.25  11416.75  11355.25  11393.50   11393.50   22861
2023-01-19 18:00:00-05:00  11401.00  11406.50  11381.50  11383.75   11383.75       0
2023-01-19 19:00:00-05:00  11384.00  11404.25  11382.25  11400.50   11400.50    4081
2023-01-19 20:00:00-05:00  11400.75  11407.75  11390.50  11403.50   11403.50    3106
2023-01-19 21:00:00-05:00  11404.00  11404.75  11388.75  11391.50   11391.50    1707
2023-01-19 22:00:00-05:00  11391.50  11401.00  11389.25  11394.25   11394.25    1449
2023-01-19 23:00:00-05:00  11394.75  11401.75  11392.25  11399.75   11399.75    1171
2023-01-20 00:00:00-05:00  11399.25  11407.00  11394.25  11405.00   11405.00    1659
2023-01-20 01:00:00-05:00  11404.75  11409.50  11398.25  11404.25   11404.25    1766
2023-01-20 02:00:00-05:00  11404.00  11433.00  11399.00  11425.50   11425.50    4587
2023-01-20 03:00:00-05:00  11425.50  11427.00  11380.00  11396.25   11396.25    9402
2023-01-20 04:00:00-05:00  11396.25  11401.75  11368.00  11382.50   11382.50    7528
2023-01-20 05:00:00-05:00  11382.25  11411.50  11365.25  11407.25   11407.25    8897
2023-01-20 06:00:00-05:00  11407.50  11414.50  11387.50  11408.75   11408.75    5579
2023-01-20 07:00:00-05:00  11409.00  11445.00  11402.25  11437.00   11437.00   10084
2023-01-20 08:00:00-05:00  11436.75  11448.50  11408.25  11409.25   11409.25   14889
2023-01-20 09:00:00-05:00  11409.00  11473.00  11383.50  11449.25   11449.25   84647
2023-01-20 10:00:00-05:00  11449.25  11498.50  11424.00  11464.25   11464.25   77497
2023-01-20 11:00:00-05:00  11464.50  11542.25  11461.75  11524.25   11524.25   70727
2023-01-20 12:00:00-05:00  11524.50  11552.75  11523.00  11533.00   11533.00   39384
2023-01-20 13:00:00-05:00  11533.25  11604.50  11506.25  11599.75   11599.75   62391
2023-01-20 14:00:00-05:00  11600.25  11631.75  11594.50  11626.25   11626.25   42731
2023-01-20 15:00:00-05:00  11626.50  11686.75  11626.00  11675.75   11675.75   94482
2023-01-20 16:00:00-05:00  11675.75  11678.00  11658.50  11676.75   11676.75   17363
2023-01-20 17:00:00-05:00  11677.75  11677.75  11677.75  11677.75   11677.75       1
2023-01-22 18:00:00-05:00  11676.75  11685.25  11650.50  11658.00   11658.00    4647
2023-01-22 19:00:00-05:00  11658.00  11668.00  11650.75  11658.25   11658.25    3319
2023-01-22 20:00:00-05:00  11658.00  11667.75  11656.00  11662.75   11662.75    1602
2023-01-22 21:00:00-05:00  11663.25  11673.00  11661.00  11664.50   11664.50    1403
2023-01-22 22:00:00-05:00  11664.50  11670.50  11662.50  11666.25   11666.25    1041
2023-01-22 23:00:00-05:00  11666.25  11669.50  11658.75  11665.25   11665.25    1801
2023-01-23 00:00:00-05:00  11667.00  11678.75  11661.00  11668.50   11668.50    2220
2023-01-23 01:00:00-05:00  11667.75  11682.75  11663.75  11679.25   11679.25    2334
2023-01-23 02:00:00-05:00  11679.50  11694.25  11667.50  11680.75   11680.75    5046
2023-01-23 03:00:00-05:00  11680.25  11706.25  11655.25  11663.25   11663.25   10746
2023-01-23 04:00:00-05:00  11663.25  11683.00  11653.25  11678.75   11678.75    5575
2023-01-23 05:00:00-05:00  11678.75  11686.50  11653.75  11668.25   11668.25    5280
2023-01-23 06:00:00-05:00  11668.75  11673.50  11652.00  11659.50   11659.50    4465
2023-01-23 07:00:00-05:00  11659.75  11703.00  11659.75  11684.75   11684.75    8182
2023-01-23 08:00:00-05:00  11685.00  11723.25  11684.50  11696.75   11696.75   16561
2023-01-23 09:00:00-05:00  11697.25  11821.50  11671.75  11801.00   11801.00   85616
2023-01-23 10:00:00-05:00  11801.00  11883.50  11791.75  11869.50   11869.50   95023
2023-01-23 11:00:00-05:00  11869.50  11957.00  11869.50  11945.75   11945.75   81580
2023-01-23 12:00:00-05:00  11946.00  11947.25  11907.75  11942.25   11942.25   41029
2023-01-23 13:00:00-05:00  11942.25  11983.00  11938.50  11958.25   11958.25   51408
2023-01-23 14:00:00-05:00  11958.50  11960.00  11861.25  11891.25   11891.25   67390
2023-01-23 15:00:00-05:00  11891.50  11941.25  11867.75  11931.25   11931.25   76694
2023-01-23 16:00:00-05:00  11931.00  11936.75  11914.00  11935.50   11935.50   13256
2023-01-23 18:00:00-05:00  11933.00  11936.00  11916.00  11918.25   11918.25       0
2023-01-23 19:00:00-05:00  11918.50  11925.00  11914.75  11920.75   11920.75    2145
2023-01-23 20:00:00-05:00  11922.00  11931.00  11912.25  11925.75   11925.75    2995
2023-01-23 21:00:00-05:00  11926.50  11937.50  11925.25  11929.25   11929.25    2175
2023-01-23 22:00:00-05:00  11928.75  11931.25  11924.25  11926.00   11926.00    1131
2023-01-23 23:00:00-05:00  11925.50  11930.00  11921.00  11928.50   11928.50    1377
2023-01-24 00:00:00-05:00  11930.00  11944.75  11926.50  11931.00   11931.00    2791
2023-01-24 01:00:00-05:00  11930.75  11935.25  11920.00  11930.75   11930.75    2387
2023-01-24 02:00:00-05:00  11930.25  11936.50  11910.25  11921.00   11921.00    4012
2023-01-24 03:00:00-05:00  11920.25  11932.75  11907.25  11922.75   11922.75    6795
2023-01-24 04:00:00-05:00  11923.00  11924.50  11900.25  11904.00   11904.00    7365
2023-01-24 05:00:00-05:00  11904.25  11908.25  11884.25  11900.25   11900.25    6886
2023-01-24 06:00:00-05:00  11900.25  11900.75  11876.50  11882.25   11882.25    6275
2023-01-24 07:00:00-05:00  11881.75  11892.00  11873.25  11880.75   11880.75    5743
2023-01-24 08:00:00-05:00  11881.00  11887.75  11835.75  11848.50   11848.50   20491
2023-01-24 09:00:00-05:00  11848.25  11951.50  11840.25  11884.00   11884.00   90931
2023-01-24 10:00:00-05:00  11884.00  11942.75  11838.25  11931.50   11931.50   94331
2023-01-24 11:00:00-05:00  11931.75  11939.00  11899.00  11917.75   11917.75   46107
2023-01-24 12:00:00-05:00  11917.50  11936.75  11887.50  11900.00   11900.00   39436
2023-01-24 13:00:00-05:00  11900.50  11938.00  11872.25  11922.25   11922.25   35385
2023-01-24 14:00:00-05:00  11922.25  11923.50  11892.00  11918.00   11918.00   30669
2023-01-24 15:00:00-05:00  11918.25  11923.75  11859.50  11905.75   11905.75   54824
2023-01-24 16:00:00-05:00  11905.25  12010.25  11876.00  11970.25   11970.25   37625
2023-01-24 18:00:00-05:00  11970.50  11976.50  11821.25  11839.75   11839.75       0
2023-01-24 19:00:00-05:00  11840.50  11848.25  11810.75  11822.75   11822.75    7541
2023-01-24 20:00:00-05:00  11823.00  11826.50  11798.25  11805.50   11805.50    5186
2023-01-24 21:00:00-05:00  11805.00  11827.50  11803.75  11818.25   11818.25    3830
2023-01-24 22:00:00-05:00  11818.50  11829.00  11810.75  11826.00   11826.00    2824
2023-01-24 23:00:00-05:00  11826.50  11833.75  11816.00  11818.00   11818.00    2131
2023-01-25 00:00:00-05:00  11819.25  11822.50  11812.25  11821.00   11821.00    2397
2023-01-25 01:00:00-05:00  11821.25  11838.75  11820.75  11833.00   11833.00    3292
2023-01-25 02:00:00-05:00  11833.50  11852.00  11826.50  11849.50   11849.50    3593
2023-01-25 03:00:00-05:00  11850.00  11858.00  11824.75  11830.75   11830.75    6911
2023-01-25 04:00:00-05:00  11830.75  11835.00  11782.25  11784.00   11784.00    9648
2023-01-25 05:00:00-05:00  11784.00  11789.00  11752.75  11767.25   11767.25   12207
2023-01-25 06:00:00-05:00  11767.25  11778.75  11732.75  11744.75   11744.75   10985
2023-01-25 07:00:00-05:00  11745.25  11768.75  11741.50  11762.25   11762.25   10396
2023-01-25 08:00:00-05:00  11762.25  11764.00  11703.00  11710.25   11710.25   17345
2023-01-25 09:00:00-05:00  11709.50  11724.25  11622.00  11624.50   11624.50   89310
2023-01-25 10:00:00-05:00  11624.50  11671.25  11604.50  11633.75   11633.75   80495