                               Open      High       Low     Close  Adj Close  Volume
2023-01-10 10:00:00-05:00  11211.25  11283.25  11120.75  11207.50   11207.50       0
2023-01-10 11:00:00-05:00  11208.25  11223.50  11168.00  11191.00   11191.00   59354
2023-01-10 12:00:00-05:00  11191.50  11233.50  11157.00  11218.75   11218.75   40306
2023-01-10 13:00:00-05:00  11219.25  11248.75  11207.75  11245.25   11245.25   33075
2023-01-10 14:00:00-05:00  11245.00  11271.75  11235.00  11249.75   11249.75   31852
2023-01-10 15:00:00-05:00  11249.25  11286.25  11217.25  11285.75   11285.75   46571
2023-01-10 16:00:00-05:00  11285.50  11288.75  11277.25  11281.25   11281.25   11085
2023-01-10 18:00:00-05:00  11282.50  11287.00  11269.50  11285.00   11285.00       0
2023-01-10 19:00:00-05:00  11285.00  11301.50  11284.25  11296.50   11296.50    3572
2023-01-10 20:00:00-05:00  11296.50  11297.00  11272.50  11284.00   11284.00    3039
2023-01-10 21:00:00-05:00  11283.75  11290.75  11275.50  11276.00   11276.00    1959
2023-01-10 22:00:00-05:00  11276.50  11282.75  11270.50  11280.25   11280.25    1934
2023-01-10 23:00:00-05:00  11280.25  11287.50  11273.50  11276.25   11276.25    1888
2023-01-11 00:00:00-05:00  11276.75  11291.50  11275.25  11278.25   11278.25    1747
2023-01-11 01:00:00-05:00  11278.75  11284.25  11266.25  11267.00   11267.00    2240
2023-01-11 02:00:00-05:00  11266.50  11267.00  11239.75  11250.25   11250.25    7477
2023-01-11 03:00:00-05:00  11250.25  11269.75  11244.00  11266.25   11266.25    8015
2023-01-11 04:00:00-05:00  11267.00  11316.25  11261.00  11304.00   11304.00    9913
2023-01-11 05:00:00-05:00  11304.75  11324.25  11288.00  11292.50   11292.50    6545
2023-01-11 06:00:00-05:00  11292.50  11318.75  11284.50  11299.50   11299.50    6723
2023-01-11 07:00:00-05:00  11299.25  11306.75  11275.50  11297.75   11297.75    8613
2023-01-11 08:00:00-05:00  11298.25  11328.75  11296.25  11323.75   11323.75   15286
2023-01-11 09:00:00-05:00  11324.00  11363.25  11291.00  11336.75   11336.75   80672
2023-01-11 10:00:00-05:00  11337.50  11388.75  11313.25  11321.50   11321.50   76408
2023-01-11 11:00:00-05:00  11321.75  11384.50  11318.25  11376.75   11376.75   47761
2023-01-11 12:00:00-05:00  11377.00  11418.75  11375.75  11401.50   11401.50   50170
2023-01-11 13:00:00-05:00  11401.75  11442.00  11386.50  11409.50   11409.50   45057
2023-01-11 14:00:00-05:00  11409.50  11433.00  11394.75  11421.25   11421.25   29525
2023-01-11 15:00:00-05:00  11421.50  11479.50  11419.50  11475.50   11475.50   68183
2023-01-11 16:00:00-05:00  11475.75  11477.75  11463.25  11475.00   11475.00   14346
2023-01-11 18:00:00-05:00  11474.50  11479.00  11466.00  11474.50   11474.50       0
2023-01-11 19:00:00-05:00  11475.00  11477.50  11463.00  11470.50   11470.50    3850
2023-01-11 20:00:00-05:00  11470.75  11476.50  11461.75  11470.25   11470.25    2983
2023-01-11 21:00:00-05:00  11470.00  11474.00  11462.00  11464.75   11464.75    2223
2023-01-11 22:00:00-05:00  11464.75  11472.25  11463.75  11469.50   11469.50    1993
2023-01-11 23:00:00-05:00  11470.25  11492.75  11469.25  11488.25   11488.25    2931
2023-01-12 00:00:00-05:00  11487.25  11488.75  11481.25  11482.25   11482.25    2246
2023-01-12 01:00:00-05:00  11482.25  11486.25  11468.75  11468.75   11468.75    2459
2023-01-12 02:00:00-05:00  11469.00  11472.00  11450.75  11464.75   11464.75    5740
2023-01-12 03:00:00-05:00  11464.75  11473.25  11451.00  11471.00   11471.00    6803
2023-01-12 04:00:00-05:00  11471.50  11489.50  11465.75  11483.25   11483.25    7908
2023-01-12 05:00:00-05:00  11483.00  11483.00  11449.25  11463.50   11463.50    8006
2023-01-12 06:00:00-05:00  11463.25  11473.00  11459.00  11464.25   11464.25    4667
2023-01-12 07:00:00-05:00  11464.25  11496.50  11462.00  11496.50   11496.50   11784
2023-01-12 08:00:00-05:00  11496.00  11562.00  11291.00  11545.50   11545.50  102737
2023-01-12 09:00:00-05:00  11546.00  11579.50  11311.25  11358.00   11358.00  129501
2023-01-12 10:00:00-05:00  11357.50  11511.50  11355.00  11429.50   11429.50  114784
2023-01-12 11:00:00-05:00  11429.75  11496.75  11388.25  11489.50   11489.50   67873
2023-01-12 12:00:00-05:00  11490.25  11551.75  11473.75  11537.00   11537.00   62149
2023-01-12 13:00:00-05:00  11537.00  11571.50  11451.75  11565.00   11565.00   78969
2023-01-12 14:00:00-05:00  11565.50  11574.75  11516.50  11536.25   11536.25   47922
2023-01-12 15:00:00-05:00  11536.50  11538.25  11484.00  11530.50   11530.50   63500
2023-01-12 16:00:00-05:00  11531.00  11538.50  11520.00  11521.50   11521.50   10358
2023-01-12 18:00:00-05:00  11528.50  11528.50  11514.25  11524.75   11524.75       0
2023-01-12 19:00:00-05:00  11524.00  11536.25  11518.00  11519.75   11519.75    3652
2023-01-12 20:00:00-05:00  11520.00  11527.25  11487.00  11494.75   11494.75    5242
2023-01-12 21:00:00-05:00  11494.50  11494.50  11471.50  11488.00   11488.00    4902
2023-01-12 22:00:00-05:00  11488.50  11497.00  11478.00  11485.75   11485.75    2435
2023-01-12 23:00:00-05:00  11485.25  11492.00  11481.75  11489.00   11489.00    1756
2023-01-13 00:00:00-05:00  11491.50  11493.75  11482.25  11491.25   11491.25    2444
2023-01-13 01:00:00-05:00  11491.75  11510.25  11489.00  11506.75   11506.75    3613
2023-01-13 02:00:00-05:00  11507.50  11526.25  11500.50  11524.50   11524.50    4433
2023-01-13 03:00:00-05:00  11525.75  11528.00  11500.25  11524.75   11524.75    8264
2023-01-13 04:00:00-05:00  11524.75  11528.00  11493.75  11519.25   11519.25    7904
2023-01-13 05:00:00-05:00  11519.50  11534.50  11508.00  11513.50   11513.50    5257
2023-01-13 06:00:00-05:00  11513.00  11514.00  11459.50  11474.25   11474.25   11939
2023-01-13 07:00:00-05:00  11474.25  11483.00  11405.00  11412.75   11412.75   17059
2023-01-13 08:00:00-05:00  11413.25  11424.25  11394.25  11405.25   11405.25   21011
2023-01-13 09:00:00-05:00  11405.50  11477.25  11389.00  11458.00   11458.00   77855
2023-01-13 10:00:00-05:00  11457.50  11538.25  11440.75  11517.25   11517.25   73924
2023-01-13 11:00:00-05:00  11517.25  11525.75  11454.00  11484.25   11484.25   56089
2023-01-13 12:00:00-05:00  11484.75  11528.50  11480.25  11525.50   11525.50   32249
2023-01-13 13:00:00-05:00  11525.50  11568.25  11504.75  11561.00   11561.00   34496
2023-01-13 14:00:00-05:00  11560.75  11578.75  11548.50  11566.00   11566.00   29303
2023-01-13 15:00:00-05:00  11566.25  11619.50  11563.00  11607.50   11607.50   58683
2023-01-13 16:00:00-05:00  11607.25  11611.00  11586.75  11601.50   11601.50   11551
2023-01-15 18:00:00-05:00  11613.50  11619.75  11582.50  11586.75   11586.75    3788
2023-01-15 19:00:00-05:00  11587.25  11608.75  11583.50  11605.75   11605.75    3188
2023-01-15 20:00:00-05:00  11605.00  11638.75  11601.75  11633.00   11633.00    4040
2023-01-15 21:00:00-05:00  11633.75  11633.75  11621.75  11627.50   11627.50    2217
2023-01-15 22:00:00-05:00  11627.75  11629.00  11617.00  11626.50   11626.50    1423
2023-01-15 23:00:00-05:00  11627.50  11628.25  11617.25  11619.00   11619.00    1204
2023-01-16 00:00:00-05:00  11617.75  11619.25  11603.00  11605.00   11605.00    1650
2023-01-16 01:00:00-05:00  11605.75  11607.00  11583.75  11591.25   11591.25    2604
2023-01-16 02:00:00-05:00  11591.00  11591.50  11581.25  11590.75   11590.75    2042
2023-01-16 03:00:00-05:00  11591.00  11591.25  11532.25  11538.00   11538.00    8098
2023-01-16 04:00:00-05:00  11538.25  11542.00  11510.50  11515.00   11515.00    8316
2023-01-16 05:00:00-05:00  11515.50  11555.00  11514.75  11553.00   11553.00    5211
2023-01-16 06:00:00-05:00  11553.25  11582.00  11551.00  11563.00   11563.00    6221
2023-01-16 07:00:00-05:00  11563.00  11572.50  11555.50  11568.75   11568.75    4159
2023-01-16 08:00:00-05:00  11569.00  11596.75  11567.00  11588.00   11588.00    6301
2023-01-16 09:00:00-05:00  11587.50  11611.25  11584.75  11599.50   11599.50    8566
2023-01-16 10:00:00-05:00  11599.75  11608.25  11582.00  11595.25   11595.25    6812
2023-01-16 11:00:00-05:00  11595.50  11598.75  11566.50  11571.25   11571.25    5353
2023-01-16 12:00:00-05:00  11570.50  11584.75  11560.50  11564.00   11564.00    4746
2023-01-16 18:00:00-05:00  11570.00  11598.25  11569.00  11585.25   11585.25    3404
2023-01-16 19:00:00-05:00  11585.00  11602.00  11569.00  11587.75   11587.75    4098
2023-01-16 20:00:00-05:00  11587.00  11591.50  11551.00  11558.25   11558.25    4906
2023-01-16 21:00:00-05:00  11557.50  11570.75  11542.00  11552.50   11552.50    3778
2023-01-16 22:00:00-05:00  11552.00  11557.50  11543.00  11552.50   11552.50    2893
2023-01-16 23:00:00-05:00  11552.25  11556.00  11545.00  11547.00   11547.00    1909
2023-01-17 00:00:00-05:00  11545.25  11548.25  11534.25  11543.75   11543.75    2302
2023-01-17 01:00:00-05:00  11544.00  11552.00  11536.00  11538.00   11538.00    2754
2023-01-17 02:00:00-05:00  11537.75  11557.00  11531.00  11549.25   11549.25    4738
2023-01-17 03:00:00-05:00  11549.75  11569.25  11546.00  11561.25   11561.25    6727
2023-01-17 04:00:00-05:00  11561.25  11577.50  11539.00  11556.00   11556.00    7892
2023-01-17 05:00:00-05:00  11555.50  11579.00  11546.50  11570.00   11570.00    4562
2023-01-17 06:00:00-05:00  11571.00  11572.50  11556.50  11570.00   11570.00    4109
2023-01-17 07:00:00-05:00  11570.75  11589.00  11551.50  11561.00   11561.00   10697
2023-01-17 08:00:00-05:00  11561.25  11585.75  11542.25  11564.25   11564.25   17561
2023-01-17 09:00:00-05:00  11564.25  11627.25  11549.50  11614.75   11614.75   86355
2023-01-17 10:00:00-05:00  11614.25  11685.00  11585.75  11604.25   11604.25   77769