                               Open      High       Low     Close  Adj Close  Volume
2022-10-18 10:00:00-04:00  11307.25  11345.25  11214.00  11244.25   11244.25       0
2022-10-18 11:00:00-04:00  11244.00  11257.00  11083.50  11157.00   11157.00  114637
2022-10-18 12:00:00-04:00  11157.25  11247.25  11129.50  11193.75   11193.75   68030
2022-10-18 13:00:00-04:00  11194.25  11254.75  11147.25  11241.75   11241.75   56923
2022-10-18 14:00:00-04:00  11242.00  11248.75  11081.50  11139.25   11139.25   70598
2022-10-18 15:00:00-04:00  11136.75  11217.50  11098.25  11203.00   11203.00   79659
2022-10-18 16:00:00-04:00  11203.25  11338.50  11156.75  11322.75   11322.75   43628
2022-10-18 18:00:00-04:00  11320.25  11339.00  11306.75  11331.00   11331.00       0
2022-10-18 19:00:00-04:00  11331.75  11382.75  11329.75  11344.50   11344.50    8202
2022-10-18 20:00:00-04:00  11343.00  11360.00  11316.25  11349.00   11349.00    8030
2022-10-18 21:00:00-04:00  11350.00  11377.50  11339.00  11362.75   11362.75    5931
2022-10-18 22:00:00-04:00  11362.75  11364.50  11325.50  11338.75   11338.75    5084
2022-10-18 23:00:00-04:00  11338.75  11343.25  11320.25  11331.50   11331.50    3578
2022-10-19 00:00:00-04:00  11332.00  11334.00  11310.75  11314.75   11314.75    4165
2022-10-19 01:00:00-04:00  11315.75  11323.75  11277.75  11289.00   11289.00    6845
2022-10-19 02:00:00-04:00  11288.75  11298.50  11236.25  11244.75   11244.75   12371
2022-10-19 03:00:00-04:00  11245.50  11260.75  11219.00  11253.50   11253.50   18510
2022-10-19 04:00:00-04:00  11253.00  11253.75  11174.00  11212.25   11212.25   15906
2022-10-19 05:00:00-04:00  11211.25  11290.25  11207.00  11290.00   11290.00   14032
2022-10-19 06:00:00-04:00  11289.75  11292.25  11192.75  11216.25   11216.25   15909
2022-10-19 07:00:00-04:00  11216.50  11237.00  11127.50  11169.50   11169.50   24580
2022-10-19 08:00:00-04:00  11169.00  11174.00  11104.75  11130.50   11130.50   33681
2022-10-19 09:00:00-04:00  11130.75  11213.25  11106.50  11137.25   11137.25   96929
2022-10-19 10:00:00-04:00  11137.00  11284.50  11120.75  11187.50   11187.50  113394
2022-10-19 11:00:00-04:00  11188.00  11233.75  11157.50  11202.50   11202.50   67662
2022-10-19 12:00:00-04:00  11202.75  11208.25  11109.25  11120.50   11120.50   56731
2022-10-19 13:00:00-04:00  11121.00  11128.25  11049.00  11098.75   11098.75   65274
2022-10-19 14:00:00-04:00  11098.75  11153.75  11084.25  11103.00   11103.00   47632
2022-10-19 15:00:00-04:00  11103.25  11157.00  11086.00  11155.00   11155.00   63277
2022-10-19 16:00:00-04:00  11154.50  11212.75  11109.25  11151.00   11151.00   38108
2022-10-19 18:00:00-04:00  11134.00  11145.75  11090.25  11098.25   11098.25       0
2022-10-19 19:00:00-04:00  11099.00  11103.50  11073.50  11088.50   11088.50    5410
2022-10-19 20:00:00-04:00  11087.75  11114.75  11037.00  11058.25   11058.25    9584
2022-10-19 21:00:00-04:00  11057.75  11058.00  11008.00  11030.50   11030.50    9713
2022-10-19 22:00:00-04:00  11031.50  11056.50  11022.00  11052.75   11052.75    5267
2022-10-19 23:00:00-04:00  11052.00  11059.75  11016.00  11034.75   11034.75    5571
2022-10-20 00:00:00-04:00  11029.75  11102.75  11017.50  11081.25   11081.25   10437
2022-10-20 01:00:00-04:00  11080.75  11155.25  11061.50  11099.25   11099.25   12805
2022-10-20 02:00:00-04:00  11099.75  11108.25  11055.00  11088.75   11088.75    8535
2022-10-20 03:00:00-04:00  11089.50  11099.75  11029.00  11041.25   11041.25   18381
2022-10-20 04:00:00-04:00  11041.50  11074.75  11030.25  11054.75   11054.75   11089
2022-10-20 05:00:00-04:00  11054.25  11104.75  11050.25  11085.25   11085.25    9721
2022-10-20 06:00:00-04:00  11085.00  11178.75  11071.50  11159.00   11159.00   14219
2022-10-20 07:00:00-04:00  11159.50  11188.25  11124.00  11159.25   11159.25   18209
2022-10-20 08:00:00-04:00  11159.00  11219.00  11082.75  11083.25   11083.25   44623
2022-10-20 09:00:00-04:00  11083.75  11229.50  11082.75  11202.00   11202.00   89390
2022-10-20 10:00:00-04:00  11202.25  11328.50  11193.25  11318.00   11318.00  100088
2022-10-20 11:00:00-04:00  11318.75  11325.75  11246.25  11270.75   11270.75   60843
2022-10-20 12:00:00-04:00  11271.50  11275.25  11144.75  11175.50   11175.50   69009
2022-10-20 13:00:00-04:00  11175.50  11183.00  11074.00  11096.25   11096.25   68428
2022-10-20 14:00:00-04:00  11095.75  11103.00  11041.25  11083.75   11083.75   58908
2022-10-20 15:00:00-04:00  11084.25  11118.50  11056.50  11087.50   11087.50   66177
2022-10-20 16:00:00-04:00  11087.50  11126.75  11050.00  11059.50   11059.50   31042
2022-10-20 17:00:00-04:00  11059.75  11059.75  11059.75  11059.75   11059.75       1
2022-10-20 18:00:00-04:00  11061.25  11063.50  11011.00  11018.00   11018.00       0
2022-10-20 19:00:00-04:00  11017.75  11023.50  10995.75  11020.00   11020.00    6066
2022-10-20 20:00:00-04:00  11021.00  11038.00  10982.50  11027.50   11027.50    7351
2022-10-20 21:00:00-04:00  11027.75  11038.00  11011.00  11018.50   11018.50    5049
2022-10-20 22:00:00-04:00  11019.25  11053.75  11015.50  11048.50   11048.50    5337
2022-10-20 23:00:00-04:00  11047.50  11062.25  11018.75  11024.50   11024.50    5487
2022-10-21 00:00:00-04:00  11025.25  11030.00  11006.00  11020.25   11020.25    4376
2022-10-21 01:00:00-04:00  11020.00  11025.50  11003.25  11017.25   11017.25    5356
2022-10-21 02:00:00-04:00  11016.25  11052.25  11006.00  11038.75   11038.75    7437
2022-10-21 03:00:00-04:00  11039.25  11086.25  11005.25  11017.75   11017.75   15563
2022-10-21 04:00:00-04:00  11016.25  11022.25  10976.00  10987.75   10987.75   17471
2022-10-21 05:00:00-04:00  10987.75  11007.75  10966.75  11001.25   11001.25   12826
2022-10-21 06:00:00-04:00  11000.00  11008.75  10977.75  11002.75   11002.75    9117
2022-10-21 07:00:00-04:00  11001.75  11028.00  10981.25  10982.75   10982.75   12746
2022-10-21 08:00:00-04:00  10982.00  10993.50  10935.50  10982.00   10982.00   31895
2022-10-21 09:00:00-04:00  10981.00  11155.50  10980.50  11155.25   11155.25  159562
2022-10-21 10:00:00-04:00  11155.50  11225.25  11078.75  11089.50   11089.50  129581
2022-10-21 11:00:00-04:00  11090.00  11213.75  11051.00  11212.25   11212.25   97914
2022-10-21 12:00:00-04:00  11212.50  11258.25  11179.75  11232.50   11232.50   83042
2022-10-21 13:00:00-04:00  11232.75  11292.00  11222.75  11291.50   11291.50   55058
2022-10-21 14:00:00-04:00  11291.75  11320.25  11273.50  11300.00   11300.00   52962
2022-10-21 15:00:00-04:00  11307.25  11374.25  11294.50  11353.75   11353.75   79760
2022-10-21 16:00:00-04:00  11353.75  11386.25  11348.50  11378.00   11378.00   18078
2022-10-23 18:00:00-04:00  11393.75  11530.25  11388.00  11477.75   11477.75   15259
2022-10-23 19:00:00-04:00  11477.00  11498.50  11451.50  11451.75   11451.75    9620
2022-10-23 20:00:00-04:00  11451.75  11475.00  11433.00  11445.25   11445.25    9512
2022-10-23 21:00:00-04:00  11445.50  11449.50  11406.25  11417.50   11417.50    9818
2022-10-23 22:00:00-04:00  11418.50  11419.75  11393.25  11407.25   11407.25    7443
2022-10-23 23:00:00-04:00  11408.00  11415.00  11363.00  11373.00   11373.00    6724
2022-10-24 00:00:00-04:00  11376.75  11435.75  11365.00  11418.50   11418.50    7769
2022-10-24 01:00:00-04:00  11417.50  11423.50  11358.50  11372.50   11372.50    7870
2022-10-24 02:00:00-04:00  11371.75  11412.50  11360.50  11375.25   11375.25   10537
2022-10-24 03:00:00-04:00  11375.50  11418.00  11299.25  11328.25   11328.25   25265
2022-10-24 04:00:00-04:00  11328.75  11337.00  11260.75  11298.50   11298.50   21585
2022-10-24 05:00:00-04:00  11297.75  11357.00  11274.50  11350.50   11350.50   12861
2022-10-24 06:00:00-04:00  11350.75  11389.75  11324.50  11384.50   11384.50   16764
2022-10-24 07:00:00-04:00  11384.75  11450.25  11360.75  11413.25   11413.25   21268
2022-10-24 08:00:00-04:00  11412.75  11426.50  11354.50  11404.75   11404.75   27492
2022-10-24 09:00:00-04:00  11404.25  11426.00  11300.50  11362.25   11362.25  104299
2022-10-24 10:00:00-04:00  11363.00  11364.00  11208.00  11355.00   11355.00  113984
2022-10-24 11:00:00-04:00  11354.25  11420.50  11320.50  11417.75   11417.75   68304
2022-10-24 12:00:00-04:00  11418.50  11454.75  11393.00  11428.75   11428.75   52088
2022-10-24 13:00:00-04:00  11428.25  11431.00  11373.50  11395.25   11395.25   42229
2022-10-24 14:00:00-04:00  11395.50  11481.25  11391.00  11479.00   11479.00   38479
2022-10-24 15:00:00-04:00  11478.75  11515.75  11454.75  11480.50   11480.50   63218
2022-10-24 16:00:00-04:00  11480.25  11487.00  11453.75  11459.25   11459.25   13219
2022-10-24 18:00:00-04:00  11453.75  11485.00  11453.50  11484.25   11484.25       0
2022-10-24 19:00:00-04:00  11484.00  11492.50  11468.25  11475.50   11475.50    3995
2022-10-24 20:00:00-04:00  11475.50  11503.75  11451.50  11490.50   11490.50    6125
2022-10-24 21:00:00-04:00  11490.00  11494.75  11430.25  11454.75   11454.75    9835
2022-10-24 22:00:00-04:00  11452.25  11461.25  11437.75  11460.50   11460.50    4400
2022-10-24 23:00:00-04:00  11460.75  11496.50  11455.50  11479.75   11479.75    5326
2022-10-25 00:00:00-04:00  11482.25  11495.25  11479.50  11485.75   11485.75    2373
2022-10-25 01:00:00-04:00  11485.75  11491.00  11463.00  11478.50   11478.50    4083
2022-10-25 02:00:00-04:00  11477.25  11513.75  11476.75  11493.25   11493.25    8135
2022-10-25 03:00:00-04:00  11494.50  11512.50  11471.00  11493.50   11493.50   14651
2022-10-25 04:00:00-04:00  11493.00  11508.75  11468.25  11472.75   11472.75   10906
2022-10-25 05:00:00-04:00  11472.75  11473.00  11440.25  11452.75   11452.75    8356
2022-10-25 06:00:00-04:00  11453.75  11482.00  11440.00  11480.25   11480.25    8752
2022-10-25 07:00:00-04:00  11480.50  11493.75  11462.50  11466.00   11466.00    9459
2022-10-25 08:00:00-04:00  11466.25  11480.75  11446.75  11477.75   11477.75   18244
2022-10-25 09:00:00-04:00  11477.50  11664.75  11477.25  11650.00   11650.00  109273
2022-10-25 10:00:00-04:00  11649.75  11662.75  11606.00  11615.75   11615.75   73831