                               Open      High       Low     Close  Adj Close  Volume
2022-12-02 00:00:00-05:00  12025.25  12027.50  12013.50  12022.50   12022.50       0
2022-12-02 01:00:00-05:00  12022.50  12026.75  12019.00  12022.00   12022.00    1643
2022-12-02 02:00:00-05:00  12022.50  12034.25  12020.75  12024.00   12024.00    3745
2022-12-02 03:00:00-05:00  12023.25  12048.75  12016.25  12047.75   12047.75    7796
2022-12-02 04:00:00-05:00  12047.00  12058.50  12030.25  12058.00   12058.00    5955
2022-12-02 05:00:00-05:00  12057.00  12061.50  12047.25  12055.25   12055.25    4852
2022-12-02 06:00:00-05:00  12055.00  12055.00  12033.75  12040.75   12040.75    3867
2022-12-02 07:00:00-05:00  12041.00  12056.50  12023.25  12056.00   12056.00    7274
2022-12-02 08:00:00-05:00  12055.50  12067.75  11740.50  11824.25   11824.25   70873
2022-12-02 09:00:00-05:00  11824.25  11915.50  11789.75  11874.25   11874.25  103331
2022-12-02 10:00:00-05:00  11874.25  11952.75  11851.50  11903.75   11903.75   87065
2022-12-02 11:00:00-05:00  11904.00  11978.50  11878.75  11943.00   11943.00   60332
2022-12-02 12:00:00-05:00  11943.50  11980.00  11915.25  11922.25   11922.25   41214
2022-12-02 13:00:00-05:00  11922.50  11946.25  11896.75  11936.25   11936.25   32700
2022-12-02 14:00:00-05:00  11936.50  11990.50  11913.00  11988.25   11988.25   39661
2022-12-02 15:00:00-05:00  11988.50  12047.50  11970.75  12013.50   12013.50   78978
2022-12-02 16:00:00-05:00  12013.75  12014.50  11977.00  11979.00   11979.00   12545
2022-12-04 18:00:00-05:00  12000.50  12015.75  11981.25  12001.50   12001.50    4820
2022-12-04 19:00:00-05:00  12001.75  12009.50  11989.50  11991.25   11991.25    3696
2022-12-04 20:00:00-05:00  11991.75  11999.00  11981.25  11984.25   11984.25    3777
2022-12-04 21:00:00-05:00  11983.75  11996.50  11983.25  11991.25   11991.25    1555
2022-12-04 22:00:00-05:00  11991.75  11998.50  11986.50  11996.75   11996.75    1278
2022-12-04 23:00:00-05:00  11997.50  11997.75  11985.25  11992.00   11992.00    1264
2022-12-05 00:00:00-05:00  11991.50  11996.00  11985.75  11995.50   11995.50    1424
2022-12-05 01:00:00-05:00  11995.50  11996.75  11977.50  11996.25   11996.25    2935
2022-12-05 02:00:00-05:00  11996.00  11996.00  11958.00  11966.75   11966.75    5865
2022-12-05 03:00:00-05:00  11967.25  11992.50  11942.50  11992.50   11992.50   12017
2022-12-05 04:00:00-05:00  11992.25  11993.00  11953.00  11980.00   11980.00    7115
2022-12-05 05:00:00-05:00  11979.25  11986.50  11967.00  11970.75   11970.75    5229
2022-12-05 06:00:00-05:00  11971.00  11995.75  11969.00  11994.25   11994.25    4727
2022-12-05 07:00:00-05:00  11993.50  11998.50  11951.25  11963.00   11963.00    8425
2022-12-05 08:00:00-05:00  11962.75  11969.25  11920.50  11927.50   11927.50   17228
2022-12-05 09:00:00-05:00  11927.75  11972.25  11911.75  11933.00   11933.00   61851
2022-12-05 10:00:00-05:00  11931.50  11932.50  11861.75  11922.50   11922.50   90493
2022-12-05 11:00:00-05:00  11922.50  11951.00  11842.25  11847.75   11847.75   65056
2022-12-05 12:00:00-05:00  11847.75  11872.75  11815.25  11819.75   11819.75   50005
2022-12-05 13:00:00-05:00  11820.00  11848.25  11781.00  11783.25   11783.25   48313
2022-12-05 14:00:00-05:00  11783.00  11802.00  11745.50  11768.50   11768.50   51925
2022-12-05 15:00:00-05:00  11768.00  11809.25  11753.50  11802.75   11802.75   68887
2022-12-05 16:00:00-05:00  11802.50  11813.75  11791.00  11813.50   11813.50   13358
2022-12-05 18:00:00-05:00  11812.00  11829.75  11796.75  11820.00   11820.00       0
2022-12-05 19:00:00-05:00  11820.00  11835.75  11820.00  11828.75   11828.75    3432
2022-12-05 20:00:00-05:00  11829.50  11844.00  11827.25  11833.00   11833.00    4258
2022-12-05 21:00:00-05:00  11832.00  11841.50  11820.25  11822.50   11822.50    3414
2022-12-05 22:00:00-05:00  11823.00  11828.00  11811.50  11823.00   11823.00    2634
2022-12-05 23:00:00-05:00  11823.00  11824.00  11803.00  11806.25   11806.25    2206
2022-12-06 00:00:00-05:00  11805.50  11812.25  11795.25  11803.00   11803.00    3234
2022-12-06 01:00:00-05:00  11803.50  11803.75  11788.25  11798.50   11798.50    2722
2022-12-06 02:00:00-05:00  11798.00  11808.00  11781.00  11798.25   11798.25    4599
2022-12-06 03:00:00-05:00  11799.00  11839.00  11781.50  11832.75   11832.75   12639
2022-12-06 04:00:00-05:00  11832.50  11838.00  11813.00  11814.75   11814.75    7599
2022-12-06 05:00:00-05:00  11814.25  11826.00  11789.50  11816.50   11816.50    7771
2022-12-06 06:00:00-05:00  11816.75  11832.50  11804.50  11829.75   11829.75    5470
2022-12-06 07:00:00-05:00  11829.50  11846.25  11819.75  11820.75   11820.75    8046
2022-12-06 08:00:00-05:00  11820.50  11833.00  11789.25  11821.25   11821.25   17289
2022-12-06 09:00:00-05:00  11821.50  11829.50  11663.75  11664.75   11664.75   88332
2022-12-06 10:00:00-05:00  11664.50  11674.50  11589.25  11611.75   11611.75  117613
2022-12-06 11:00:00-05:00  11611.50  11645.00  11591.25  11617.25   11617.25   67634
2022-12-06 12:00:00-05:00  11617.25  11634.25  11575.25  11587.00   11587.00   56273
2022-12-06 13:00:00-05:00  11587.00  11601.75  11543.00  11571.75   11571.75   62542
2022-12-06 14:00:00-05:00  11572.00  11574.00  11502.00  11533.75   11533.75   67436
2022-12-06 15:00:00-05:00  11534.00  11579.00  11504.25  11562.00   11562.00   86002
2022-12-06 16:00:00-05:00  11562.50  11569.75  11553.75  11566.25   11566.25   15031
2022-12-06 18:00:00-05:00  11566.00  11582.25  11565.25  11578.75   11578.75       0
2022-12-06 19:00:00-05:00  11578.75  11588.25  11572.25  11572.25   11572.25    3778
2022-12-06 20:00:00-05:00  11572.25  11596.00  11567.25  11591.25   11591.25    4311
2022-12-06 21:00:00-05:00  11590.75  11595.75  11585.75  11589.25   11589.25    2747
2022-12-06 22:00:00-05:00  11590.00  11595.00  11579.00  11593.25   11593.25    2492
2022-12-06 23:00:00-05:00  11593.50  11595.50  11586.50  11590.25   11590.25    1716
2022-12-07 00:00:00-05:00  11589.25  11593.00  11573.25  11576.75   11576.75    3201
2022-12-07 01:00:00-05:00  11577.50  11579.00  11554.25  11562.75   11562.75    3584
2022-12-07 02:00:00-05:00  11563.00  11586.50  11546.75  11556.25   11556.25    8594
2022-12-07 03:00:00-05:00  11555.25  11573.25  11541.00  11567.50   11567.50   10350
2022-12-07 04:00:00-05:00  11567.50  11567.75  11512.50  11526.50   11526.50    8713
2022-12-07 05:00:00-05:00  11525.75  11536.50  11517.50  11532.75   11532.75    6168
2022-12-07 06:00:00-05:00  11533.00  11541.50  11481.25  11495.75   11495.75    9107
2022-12-07 07:00:00-05:00  11496.00  11505.75  11422.50  11446.75   11446.75   18278
2022-12-07 08:00:00-05:00  11446.25  11521.00  11443.50  11511.50   11511.50   26495
2022-12-07 09:00:00-05:00  11507.00  11596.25  11460.00  11471.75   11471.75  109667
2022-12-07 10:00:00-05:00  11472.00  11570.50  11440.75  11553.00   11553.00  123605
2022-12-07 11:00:00-05:00  11552.75  11581.00  11458.00  11505.50   11505.50   74864
2022-12-07 12:00:00-05:00  11505.75  11531.25  11473.50  11522.75   11522.75   44370
2022-12-07 13:00:00-05:00  11522.75  11558.00  11502.00  11507.00   11507.00   42455
2022-12-07 14:00:00-05:00  11507.25  11529.50  11482.25  11500.00   11500.00   49245
2022-12-07 15:00:00-05:00  11500.50  11522.25  11474.50  11507.75   11507.75   63643
2022-12-07 16:00:00-05:00  11507.75  11515.25  11495.50  11498.75   11498.75   10227
2022-12-07 18:00:00-05:00  11500.00  11517.25  11500.00  11510.50   11510.50       0
2022-12-07 19:00:00-05:00  11511.00  11512.75  11479.25  11479.25   11479.25    5485
2022-12-07 20:00:00-05:00  11479.75  11480.25  11433.00  11457.50   11457.50    8959
2022-12-07 21:00:00-05:00  11457.25  11478.00  11454.50  11472.75   11472.75    3050
2022-12-07 22:00:00-05:00  11472.75  11497.75  11470.75  11491.50   11491.50    3232
2022-12-07 23:00:00-05:00  11491.00  11498.00  11486.75  11489.50   11489.50    1591
2022-12-08 00:00:00-05:00  11490.00  11495.75  11478.75  11494.00   11494.00    2521
2022-12-08 01:00:00-05:00  11493.75  11509.00  11487.25  11506.25   11506.25    2705
2022-12-08 02:00:00-05:00  11505.50  11541.25  11502.00  11530.00   11530.00    5315
2022-12-08 03:00:00-05:00  11530.75  11541.25  11511.00  11536.75   11536.75    8630
2022-12-08 04:00:00-05:00  11536.00  11548.75  11521.75  11531.00   11531.00    6816
2022-12-08 05:00:00-05:00  11532.75  11543.00  11523.25  11534.00   11534.00    4738
2022-12-08 06:00:00-05:00  11534.00  11549.75  11518.00  11539.25   11539.25    6544
2022-12-08 07:00:00-05:00  11538.00  11560.50  11527.00  11556.00   11556.00    7878
2022-12-08 08:00:00-05:00  11556.25  11598.00  11548.50  11575.50   11575.50   20457
2022-12-08 09:00:00-05:00  11575.00  11604.50  11477.25  11601.00   11601.00   90631
2022-12-08 10:00:00-05:00  11600.75  11671.25  11595.75  11640.25   11640.25   87319