                               Open      High       Low     Close  Adj Close  Volume
2023-03-13 10:00:00-04:00  11887.75  11959.00  11844.00  11947.25   11947.25       0
2023-03-13 11:00:00-04:00  11948.75  12061.75  11933.25  12035.50   12035.50   85027
2023-03-13 12:00:00-04:00  12035.75  12077.00  11959.50  11975.75   11975.75   76672
2023-03-13 13:00:00-04:00  11976.25  12018.50  11929.50  12007.50   12007.50   44895
2023-03-13 14:00:00-04:00  12007.25  12086.00  12005.75  12047.75   12047.75   46179
2023-03-13 15:00:00-04:00  12046.75  12066.25  11927.25  11930.50   11930.50   54376
2023-03-13 16:00:00-04:00  11930.00  11958.25  11922.50  11950.75   11950.75    9032
2023-03-13 18:00:00-04:00  11960.00  11972.00  11930.25  11968.00   11968.00       0
2023-03-13 19:00:00-04:00  11968.75  11974.00  11941.25  11946.75   11946.75    1817
2023-03-13 20:00:00-04:00  11948.75  11991.25  11935.75  11968.00   11968.00    3992
2023-03-13 21:00:00-04:00  11967.25  11993.00  11954.00  11976.00   11976.00    3655
2023-03-13 22:00:00-04:00  11975.25  12013.00  11974.75  11999.25   11999.25    3251
2023-03-13 23:00:00-04:00  11999.00  12004.75  11983.50  11988.75   11988.75    1539
2023-03-14 00:00:00-04:00  11990.50  12003.25  11983.00  11989.00   11989.00     871
2023-03-14 01:00:00-04:00  11990.00  12001.75  11957.00  11969.00   11969.00    2069
2023-03-14 02:00:00-04:00  11969.25  11980.25  11932.00  11974.75   11974.75    4128
2023-03-14 03:00:00-04:00  11979.00  12001.50  11945.75  11962.50   11962.50    4978
2023-03-14 04:00:00-04:00  11963.25  12006.25  11957.00  11999.25   11999.25   10052
2023-03-14 05:00:00-04:00  11996.50  12000.25  11957.00  11963.25   11963.25    6594
2023-03-14 06:00:00-04:00  11961.75  11986.50  11944.75  11980.50   11980.50    6494
2023-03-14 07:00:00-04:00  11980.50  12023.75  11975.25  12001.25   12001.25   10268
2023-03-14 08:00:00-04:00  12001.75  12073.00  11921.75  12054.75   12054.75   31085
2023-03-14 09:00:00-04:00  12055.00  12159.00  12046.00  12128.50   12128.50   56286
2023-03-14 10:00:00-04:00  12129.50  12193.75  12114.50  12159.00   12159.00   47138
2023-03-14 11:00:00-04:00  12159.50  12223.00  12158.50  12201.00   12201.00   33773
2023-03-14 12:00:00-04:00  12201.25  12213.75  12169.00  12186.75   12186.75   24488
2023-03-14 13:00:00-04:00  12188.00  12196.25  12095.50  12112.50   12112.50   32764
2023-03-14 14:00:00-04:00  12111.50  12140.25  12060.75  12104.50   12104.50   24427
2023-03-14 15:00:00-04:00  12105.00  12215.00  12039.25  12198.50   12198.50   37763
2023-03-14 16:00:00-04:00  12199.75  12206.75  12180.25  12205.00   12205.00    5924
2023-03-14 18:00:00-04:00  12200.75  12204.75  12184.50  12186.25   12186.25       0
2023-03-14 19:00:00-04:00  12188.25  12205.75  12187.75  12196.75   12196.75    1053
2023-03-14 20:00:00-04:00  12196.50  12200.25  12180.25  12193.75   12193.75    1300
2023-03-14 21:00:00-04:00  12193.25  12213.75  12191.25  12207.00   12207.00    1326
2023-03-14 22:00:00-04:00  12207.25  12245.25  12205.00  12239.25   12239.25    1985
2023-03-14 23:00:00-04:00  12238.00  12241.00  12216.25  12219.50   12219.50    1179
2023-03-15 00:00:00-04:00  12220.50  12223.25  12203.50  12217.00   12217.00    1118
2023-03-15 01:00:00-04:00  12217.25  12218.25  12192.00  12202.25   12202.25    1097
2023-03-15 02:00:00-04:00  12202.50  12239.50  12201.50  12227.50   12227.50    1696
2023-03-15 03:00:00-04:00  12229.25  12236.75  12197.50  12211.50   12211.50    2435
2023-03-15 04:00:00-04:00  12211.75  12236.75  12197.00  12199.50   12199.50    4707
2023-03-15 05:00:00-04:00  12200.00  12202.00  12114.00  12121.00   12121.00    6779
2023-03-15 06:00:00-04:00  12120.75  12135.00  11972.00  12012.00   12012.00   12263
2023-03-15 07:00:00-04:00  12013.75  12062.00  12010.00  12036.75   12036.75   11681
2023-03-15 08:00:00-04:00  12036.25  12096.25  11983.25  12028.50   12028.50   15704
2023-03-15 09:00:00-04:00  12029.00  12149.00  12007.00  12084.50   12084.50   31151
2023-03-15 10:00:00-04:00  12084.50  12146.00  12029.00  12108.00   12108.00   37327
2023-03-15 11:00:00-04:00  12109.00  12186.25  12088.25  12138.25   12138.25   18008
2023-03-15 12:00:00-04:00  12145.00  12150.75  12060.00  12075.00   12075.00   13376
2023-03-15 13:00:00-04:00  12074.50  12180.50  12063.75  12163.25   12163.25   19048
2023-03-15 14:00:00-04:00  12163.75  12263.50  12130.00  12250.00   12250.00   26703
2023-03-15 15:00:00-04:00  12250.25  12280.00  12173.00  12260.50   12260.50   33631
2023-03-15 16:00:00-04:00  12261.50  12276.00  12244.25  12268.75   12268.75    6736
2023-03-15 18:00:00-04:00  12264.50  12297.50  12254.50  12289.00   12289.00       0
2023-03-15 19:00:00-04:00  12290.25  12302.50  12264.50  12276.25   12276.25     544
2023-03-15 20:00:00-04:00  12278.00  12329.00  12277.25  12322.25   12322.25    1129
2023-03-15 21:00:00-04:00  12319.50  12332.25  12296.75  12303.50   12303.50    1225
2023-03-15 22:00:00-04:00  12305.25  12320.75  12291.25  12308.00   12308.00     525
2023-03-15 23:00:00-04:00  12310.00  12313.00  12286.00  12297.50   12297.50     394
2023-03-16 00:00:00-04:00  12300.25  12321.25  12300.25  12319.00   12319.00     549
2023-03-16 01:00:00-04:00  12319.25  12320.50  12298.50  12303.00   12303.00     643
2023-03-16 02:00:00-04:00  12304.50  12306.75  12268.25  12275.50   12275.50    1165
2023-03-16 03:00:00-04:00  12273.75  12322.25  12259.25  12316.50   12316.50    2153
2023-03-16 04:00:00-04:00  12314.50  12326.00  12280.25  12286.75   12286.75    6099
2023-03-16 05:00:00-04:00  12286.75  12294.50  12249.25  12274.75   12274.75    5065
2023-03-16 06:00:00-04:00  12274.25  12292.25  12258.75  12287.75   12287.75    2609
2023-03-16 07:00:00-04:00  12288.50  12299.50  12252.25  12282.00   12282.00    4080
2023-03-16 08:00:00-04:00  12284.00  12298.50  12223.25  12245.25   12245.25    9085
2023-03-16 09:00:00-04:00  12244.75  12290.75  12189.25  12290.75   12290.75   22950
2023-03-16 10:00:00-04:00  12289.25  12405.00  12237.75  12389.50   12389.50   32606
2023-03-16 11:00:00-04:00  12388.75  12525.75  12371.00  12510.25   12510.25   23273
2023-03-16 12:00:00-04:00  12511.25  12551.00  12456.75  12539.50   12539.50   16753
2023-03-16 13:00:00-04:00  12539.75  12553.50  12499.25  12528.00   12528.00   11571
2023-03-16 14:00:00-04:00  12528.50  12557.50  12501.00  12554.25   12554.25   10898
2023-03-16 15:00:00-04:00  12554.50  12600.50  12547.50  12583.00   12583.00   16895
2023-03-16 16:00:00-04:00  12584.00  12595.00  12563.00  12580.50   12580.50    2563
2023-03-16 18:00:00-04:00  12575.75  12588.25  12560.75  12585.25   12585.25       0
2023-03-16 19:00:00-04:00  12583.00  12598.00  12583.00  12592.50   12592.50     150
2023-03-16 20:00:00-04:00  12588.75  12589.75  12572.00  12574.75   12574.75     445
2023-03-16 21:00:00-04:00  12574.75  12584.25  12571.50  12577.00   12577.00     262
2023-03-16 22:00:00-04:00  12577.00  12586.50  12575.50  12577.75   12577.75     104
2023-03-16 23:00:00-04:00  12577.25  12595.50  12575.50  12589.25   12589.25     332
2023-03-17 00:00:00-04:00  12590.50  12611.25  12590.50  12608.00   12608.00     190
2023-03-17 01:00:00-04:00  12605.50  12615.50  12604.50  12609.75   12609.75     139
2023-03-17 02:00:00-04:00  12608.50  12631.75  12600.25  12631.75   12631.75     182
2023-03-17 03:00:00-04:00  12630.00  12636.50  12603.25  12613.00   12613.00     681
2023-03-17 04:00:00-04:00  12610.25  12630.50  12590.00  12592.50   12592.50     831
2023-03-17 05:00:00-04:00  12600.00  12610.75  12576.25  12600.50   12600.50     473
2023-03-17 06:00:00-04:00  12598.50  12602.75  12580.50  12590.00   12590.00     580
2023-03-17 07:00:00-04:00  12585.25  12607.00  12567.00  12602.00   12602.00     962
2023-03-17 08:00:00-04:00  12608.50  12608.50  12531.75  12546.00   12546.00    1645
2023-03-17 09:00:00-04:00  12547.50  12611.75  12546.25  12600.75   12600.75     804
2023-03-17 16:00:00-04:00  12648.50  12648.50  12648.50  12648.50   12648.50  711179
2023-03-19 18:00:00-04:00  12690.00  12750.00  12662.75  12702.25   12702.25   12332
2023-03-19 19:00:00-04:00  12702.00  12721.50  12685.00  12706.25   12706.25    5752
2023-03-19 20:00:00-04:00  12706.25  12727.50  12705.00  12711.00   12711.00    6340
2023-03-19 21:00:00-04:00  12710.75  12710.75  12656.25  12675.25   12675.25    8585
2023-03-19 22:00:00-04:00  12674.00  12691.75  12669.25  12691.25   12691.25    5049
2023-03-19 23:00:00-04:00  12691.25  12693.00  12661.25  12669.50   12669.50    5735
2023-03-20 00:00:00-04:00  12666.50  12678.75  12635.75  12656.00   12656.00    5488
2023-03-20 01:00:00-04:00  12657.00  12667.75  12645.50  12653.25   12653.25    4154
2023-03-20 02:00:00-04:00  12652.25  12658.00  12532.50  12571.25   12571.25   16737
2023-03-20 03:00:00-04:00  12571.50  12605.50  12552.00  12591.50   12591.50   15739
2023-03-20 04:00:00-04:00  12591.25  12619.00  12525.25  12616.50   12616.50   29065
2023-03-20 05:00:00-04:00  12617.75  12663.00  12602.75  12654.00   12654.00   16238
2023-03-20 06:00:00-04:00  12653.00  12683.00  12637.50  12655.75   12655.75   12436
2023-03-20 07:00:00-04:00  12655.50  12664.75  12613.50  12637.50   12637.50   12514
2023-03-20 08:00:00-04:00  12642.00  12688.50  12615.75  12671.75   12671.75   20874
2023-03-20 09:00:00-04:00  12672.00  12674.00  12529.50  12565.00   12565.00   93661
2023-03-20 10:00:00-04:00  12564.50  12628.00  12554.75  12601.00   12601.00   71692