                                   Open          High           Low         Close     Adj Close  Volume
2022-11-06 18:00:00-05:00  10788.000000  10817.500000  10751.000000  10796.250000  10796.250000    7648
2022-11-06 19:00:00-05:00  10796.500000  10835.000000  10790.500000  10821.500000  10821.500000    5687
2022-11-06 20:00:00-05:00  10821.500000  10852.750000  10785.000000  10844.000000  10844.000000    9109
2022-11-06 21:00:00-05:00  10843.500000  10869.250000  10832.500000  10865.500000  10865.500000    5404
2022-11-06 22:00:00-05:00  10866.000000  10882.000000  10851.000000  10864.500000  10864.500000    5019
2022-11-06 23:00:00-05:00  10863.750000  10874.750000  10854.750000  10863.500000  10863.500000    3654
2022-11-07 00:00:00-05:00  10864.000000  10892.000000  10854.000000  10858.750000  10858.750000    4124
2022-11-07 01:00:00-05:00  10857.750000  10877.750000  10856.750000  10871.500000  10871.500000    2875
2022-11-07 02:00:00-05:00  10871.250000  10875.250000  10815.000000  10820.500000  10820.500000    7189
2022-11-07 03:00:00-05:00  10821.500000  10931.250000  10813.000000  10926.000000  10926.000000   15257
2022-11-07 04:00:00-05:00  10925.750000  10944.250000  10899.250000  10901.000000  10901.000000   11915
2022-11-07 05:00:00-05:00  10901.500000  10954.250000  10901.500000  10949.250000  10949.250000    7770
2022-11-07 06:00:00-05:00  10949.500000  10972.000000  10943.000000  10945.250000  10945.250000    8480
2022-11-07 07:00:00-05:00  10944.750000  10962.500000  10919.250000  10932.000000  10932.000000   11427
2022-11-07 08:00:00-05:00  10932.500000  10953.000000  10906.250000  10926.250000  10926.250000   24069
2022-11-07 09:00:00-05:00  10926.250000  10968.750000  10847.250000  10883.500000  10883.500000   79981
2022-11-07 10:00:00-05:00  10884.000000  10962.000000  10865.000000  10926.500000  10926.500000   83891
2022-11-07 11:00:00-05:00  10927.500000  10950.250000  10866.750000  10867.250000  10867.250000   57540
2022-11-07 12:00:00-05:00  10867.500000  10910.000000  10850.250000  10898.500000  10898.500000   38179
2022-11-07 13:00:00-05:00  10898.500000  10940.750000  10897.250000  10932.500000  10932.500000   31438
2022-11-07 14:00:00-05:00  10932.500000  11024.750000  10932.500000  10997.750000  10997.750000   54388
2022-11-07 15:00:00-05:00  10997.750000  11038.500000  10996.000000  11015.500000  11015.500000   55308
2022-11-07 16:00:00-05:00  11015.000000  11029.250000  11003.500000  11014.000000  11014.000000   14240
2022-11-07 18:00:00-05:00  11016.000000  11026.750000  11004.250000  11024.750000  11024.750000       0
2022-11-07 19:00:00-05:00  11025.000000  11063.500000  11022.250000  11055.000000  11055.000000    6708
2022-11-07 20:00:00-05:00  11055.250000  11055.250000  11031.000000  11042.000000  11042.000000    4433
2022-11-07 21:00:00-05:00  11040.750000  11041.750000  11014.750000  11015.500000  11015.500000    3486
2022-11-07 22:00:00-05:00  11015.750000  11032.250000  11013.250000  11023.500000  11023.500000    2659
2022-11-07 23:00:00-05:00  11024.000000  11030.000000  10996.250000  11005.000000  11005.000000    3800
2022-11-08 00:00:00-05:00  11005.500000  11005.500000  10983.250000  10992.250000  10992.250000    4440
2022-11-08 01:00:00-05:00  10992.500000  11012.000000  10991.250000  11006.000000  11006.000000    5002
2022-11-08 02:00:00-05:00  11006.000000  11008.000000  10977.750000  10983.000000  10983.000000    5641
2022-11-08 03:00:00-05:00  10984.000000  11012.500000  10954.750000  11006.750000  11006.750000   11472
2022-11-08 04:00:00-05:00  11006.500000  11058.500000  10993.000000  11058.500000  11058.500000   11733
2022-11-08 05:00:00-05:00  11057.750000  11075.750000  11033.250000  11035.500000  11035.500000    8692
2022-11-08 06:00:00-05:00  11035.000000  11094.000000  11035.000000  11086.250000  11086.250000    9743
2022-11-08 07:00:00-05:00  11085.750000  11087.500000  11052.750000  11073.500000  11073.500000   10983
2022-11-08 08:00:00-05:00  11074.000000  11093.000000  11048.250000  11080.750000  11080.750000   16642
2022-11-08 09:00:00-05:00  11080.750000  11104.500000  11006.750000  11064.500000  11064.500000   89608
2022-11-08 10:00:00-05:00  11064.000000  11137.750000  11041.000000  11128.500000  11128.500000   93766
2022-11-08 11:00:00-05:00  11128.750000  11231.250000  11110.500000  11197.750000  11197.750000   75217
2022-11-08 12:00:00-05:00  11198.500000  11216.500000  11177.250000  11200.250000  11200.250000   46503
2022-11-08 13:00:00-05:00  11200.500000  11219.000000  11029.750000  11043.000000  11043.000000   85864
2022-11-08 14:00:00-05:00  11042.750000  11064.750000  10929.000000  11022.250000  11022.250000  104994
2022-11-08 15:00:00-05:00  11022.500000  11158.750000  11017.250000  11093.500000  11093.500000   95244
2022-11-08 16:00:00-05:00  11093.500000  11099.250000  11063.750000  11088.750000  11088.750000   18826
2022-11-08 18:00:00-05:00  11089.250000  11130.250000  11084.250000  11125.250000  11125.250000       0
2022-11-08 19:00:00-05:00  11125.750000  11125.750000  11090.750000  11101.750000  11101.750000    5034
2022-11-08 20:00:00-05:00  11101.750000  11164.250000  11092.750000  11124.000000  11124.000000    8080
2022-11-08 21:00:00-05:00  11123.500000  11148.000000  11105.250000  11122.250000  11122.250000    6273
2022-11-08 22:00:00-05:00  11122.750000  11131.000000  11076.000000  11093.500000  11093.500000    6761
2022-11-08 23:00:00-05:00  11093.500000  11139.750000  11075.500000  11127.000000  11127.000000    6641
2022-11-09 00:00:00-05:00  11129.500000  11129.500000  11088.500000  11099.500000  11099.500000    5083
2022-11-09 01:00:00-05:00  11100.250000  11103.000000  11078.750000  11083.000000  11083.000000    5106
2022-11-09 02:00:00-05:00  11083.750000  11128.250000  11079.750000  11118.250000  11118.250000    7127
2022-11-09 03:00:00-05:00  11118.500000  11154.500000  11102.500000  11110.750000  11110.750000   10980
2022-11-09 04:00:00-05:00  11111.000000  11112.750000  11033.500000  11047.250000  11047.250000   13050
2022-11-09 05:00:00-05:00  11047.000000  11080.000000  11019.750000  11072.250000  11072.250000   12436
2022-11-09 06:00:00-05:00  11072.250000  11108.250000  11065.000000  11088.000000  11088.000000   10404
2022-11-09 07:00:00-05:00  11088.000000  11098.250000  11045.500000  11091.500000  11091.500000   12700
2022-11-09 08:00:00-05:00  11090.750000  11101.000000  11010.250000  11022.750000  11022.750000   29380
2022-11-09 09:00:00-05:00  11022.500000  11052.250000  10961.750000  10977.000000  10977.000000   90187
2022-11-09 10:00:00-05:00  10977.000000  11049.000000  10925.500000  10952.750000  10952.750000  114338
2022-11-09 11:00:00-05:00  10952.500000  11029.250000  10950.000000  10981.500000  10981.500000   57876
2022-11-09 12:00:00-05:00  10982.000000  10991.500000  10940.500000  10958.750000  10958.750000   41425
2022-11-09 13:00:00-05:00  10959.250000  10975.000000  10855.750000  10878.000000  10878.000000   67096
2022-11-09 14:00:00-05:00  10878.500000  10907.000000  10835.750000  10845.500000  10845.500000   50444
2022-11-09 15:00:00-05:00  10845.500000  10896.250000  10822.250000  10831.750000  10831.750000   72992
2022-11-09 16:00:00-05:00  10831.500000  10852.750000  10827.250000  10842.750000  10842.750000   16541
2022-11-09 18:00:00-05:00  10841.000000  10855.750000  10834.750000  10845.000000  10845.000000       0
2022-11-09 19:00:00-05:00  10844.000000  10876.750000  10839.000000  10865.500000  10865.500000    5343
2022-11-09 20:00:00-05:00  10869.500000  10883.000000  10861.000000  10867.250000  10867.250000    5055
2022-11-09 21:00:00-05:00  10866.500000  10871.750000  10847.500000  10861.750000  10861.750000    3499
2022-11-09 22:00:00-05:00  10861.750000  10873.750000  10855.000000  10862.000000  10862.000000    2424
2022-11-09 23:00:00-05:00  10862.500000  10879.750000  10858.500000  10879.250000  10879.250000    2699
2022-11-10 00:00:00-05:00  10877.750000  10891.250000  10876.000000  10878.250000  10878.250000    3345
2022-11-10 01:00:00-05:00  10879.250000  10884.000000  10860.750000  10875.750000  10875.750000    3030
2022-11-10 02:00:00-05:00  10875.250000  10886.750000  10839.750000  10856.500000  10856.500000    5674
2022-11-10 03:00:00-05:00  10857.750000  10887.500000  10850.750000  10862.500000  10862.500000    8630
2022-11-10 04:00:00-05:00  10862.500000  10877.000000  10849.250000  10864.500000  10864.500000    6331
2022-11-10 05:00:00-05:00  10863.750000  10885.750000  10843.000000  10885.500000  10885.500000    7414
2022-11-10 06:00:00-05:00  10885.500000  10904.750000  10854.250000  10884.500000  10884.500000   12201
2022-11-10 07:00:00-05:00  10884.500000  10890.750000  10863.500000  10878.500000  10878.500000    8543
2022-11-10 08:00:00-05:00  10878.500000  11316.250000  10808.000000  11304.750000  11304.750000  103903
2022-11-10 09:00:00-05:00  11304.500000  11454.750000  11269.250000  11451.000000  11451.000000  167790
2022-11-10 10:00:00-05:00  11451.000000  11468.750000  11358.250000  11448.000000  11448.000000  117850
2022-11-10 11:00:00-05:00  11448.250000  11498.750000  11408.000000  11494.000000  11494.000000   70639
2022-11-10 12:00:00-05:00  11494.250000  11495.750000  11422.250000  11426.000000  11426.000000   55631
2022-11-10 13:00:00-05:00  11426.000000  11508.250000  11424.750000  11501.250000  11501.250000   60141
2022-11-10 14:00:00-05:00  11500.750000  11529.500000  11486.250000  11525.000000  11525.000000   42223
2022-11-10 15:00:00-05:00  11525.250000  11644.750000  11513.000000  11628.250000  11628.250000  113402
2022-11-10 16:00:00-05:00  11628.750000  11677.000000  11617.250000  11675.250000  11675.250000   30009
2022-11-10 18:00:00-05:00  11669.750000  11685.000000  11646.000000  11675.500000  11675.500000       0
2022-11-10 19:00:00-05:00  11675.250000  11682.500000  11642.500000  11664.250000  11664.250000    6071
2022-11-10 20:00:00-05:00  11664.000000  11676.750000  11625.250000  11630.000000  11630.000000    8502
2022-11-10 21:00:00-05:00  11629.500000  11661.500000  11629.500000  11643.250000  11643.250000    4396
2022-11-10 22:00:00-05:00  11643.000000  11643.250000  11620.250000  11635.500000  11635.500000    4427
2022-11-10 23:00:00-05:00  11634.750000  11657.250000  11626.750000  11653.750000  11653.750000    3156
2022-11-11 00:00:00-05:00  11655.250000  11722.750000  11646.500000  11718.000000  11718.000000    9510
2022-11-11 01:00:00-05:00  11717.750000  11745.250000  11711.250000  11735.750000  11735.750000    9872
2022-11-11 02:00:00-05:00  11734.750000  11759.000000  11704.500000  11753.000000  11753.000000    9885
2022-11-11 03:00:00-05:00  11752.750000  11777.250000  11709.250000  11770.000000  11770.000000   14873
2022-11-11 04:00:00-05:00  11771.000000  11771.250000  11711.500000  11727.750000  11727.750000   13136
2022-11-11 05:00:00-05:00  11728.250000  11743.000000  11688.500000  11698.500000  11698.500000   12561
2022-11-11 06:00:00-05:00  11699.250000  11719.250000  11685.250000  11702.000000  11702.000000    7924
2022-11-11 07:00:00-05:00  11702.250000  11706.750000  11671.500000  11704.500000  11704.500000   11108
2022-11-11 08:00:00-05:00  11705.500000  11722.000000  11682.750000  11701.750000  11701.750000   19756
2022-11-11 09:00:00-05:00  11702.000000  11702.000000  11569.250000  11644.750000  11644.750000  105964
2022-11-11 10:00:00-05:00  11641.750000  11780.500000  11592.750000  11748.000000  11748.000000  106586
2022-11-11 11:00:00-05:00  11748.250000  11778.500000  11638.500000  11707.250000  11707.250000   70997
2022-11-11 12:00:00-05:00  11707.500000  11779.000000  11684.000000  11763.000000  11763.000000   45176
2022-11-11 13:00:00-05:00  11762.500000  11850.000000  11760.250000  11843.250000  11843.250000   53853
2022-11-11 14:00:00-05:00  11844.000000  11876.750000  11823.500000  11874.250000  11874.250000   49826
2022-11-11 15:00:00-05:00  11874.250000  11875.750000  11787.750000  11848.750000  11848.750000   85781
2022-11-11 16:00:00-05:00  11848.500000  11853.750000  11828.750000  11836.250000  11836.250000   15754
2022-11-11 16:59:59-05:00  11836.200195  11836.200195  11836.200195  11836.200195  11836.200195       0