                               Open      High       Low     Close  Adj Close  Volume
2023-02-06 10:00:00-05:00  12550.00  12592.25  12455.75  12557.00   12557.00       0
2023-02-06 11:00:00-05:00  12557.50  12608.50  12530.25  12538.50   12538.50   59627
2023-02-06 12:00:00-05:00  12538.25  12567.75  12518.00  12544.25   12544.25   35254
2023-02-06 13:00:00-05:00  12544.00  12547.25  12502.25  12529.50   12529.50   32438
2023-02-06 14:00:00-05:00  12528.75  12573.50  12511.50  12531.00   12531.00   37005
2023-02-06 15:00:00-05:00  12530.50  12535.50  12467.75  12513.75   12513.75   56145
2023-02-06 16:00:00-05:00  12513.75  12519.75  12504.00  12513.00   12513.00    9948
2023-02-06 18:00:00-05:00  12513.00  12537.50  12510.00  12536.00   12536.00       0
2023-02-06 19:00:00-05:00  12535.50  12555.00  12532.25  12552.50   12552.50    3732
2023-02-06 20:00:00-05:00  12552.50  12566.50  12550.25  12563.00   12563.00    3988
2023-02-06 21:00:00-05:00  12563.25  12564.50  12548.75  12557.75   12557.75    2296
2023-02-06 22:00:00-05:00  12557.75  12558.50  12540.00  12544.00   12544.00    2984
2023-02-06 23:00:00-05:00  12544.25  12551.25  12529.00  12530.50   12530.50    3036
2023-02-07 00:00:00-05:00  12531.00  12546.00  12531.00  12537.75   12537.75    2630
2023-02-07 01:00:00-05:00  12537.50  12544.00  12531.50  12536.00   12536.00    1852
2023-02-07 02:00:00-05:00  12536.00  12551.25  12524.00  12528.25   12528.25    7161
2023-02-07 03:00:00-05:00  12528.50  12531.50  12475.50  12515.50   12515.50   14774
2023-02-07 04:00:00-05:00  12515.25  12573.50  12515.00  12560.75   12560.75   10607
2023-02-07 05:00:00-05:00  12560.25  12567.25  12530.00  12531.50   12531.50    5840
2023-02-07 06:00:00-05:00  12531.75  12545.75  12523.75  12542.25   12542.25    7260
2023-02-07 07:00:00-05:00  12542.00  12566.00  12542.00  12560.75   12560.75    7989
2023-02-07 08:00:00-05:00  12560.75  12562.25  12503.50  12519.25   12519.25   19184
2023-02-07 09:00:00-05:00  12519.75  12554.00  12488.75  12497.75   12497.75   73920
2023-02-07 10:00:00-05:00  12497.25  12537.75  12477.00  12515.25   12515.25   64038
2023-02-07 11:00:00-05:00  12515.25  12594.75  12515.25  12571.50   12571.50   48849
2023-02-07 12:00:00-05:00  12572.00  12778.50  12536.00  12742.00   12742.00  100183
2023-02-07 13:00:00-05:00  12742.00  12764.50  12459.50  12514.00   12514.00  154639
2023-02-07 14:00:00-05:00  12513.50  12712.00  12510.25  12697.50   12697.50   86806
2023-02-07 15:00:00-05:00  12698.25  12818.50  12660.25  12772.25   12772.25   86790
2023-02-07 16:00:00-05:00  12772.25  12772.75  12721.50  12740.00   12740.00   17883
2023-02-07 18:00:00-05:00  12747.00  12776.00  12745.00  12749.75   12749.75       0
2023-02-07 19:00:00-05:00  12750.50  12764.75  12739.25  12763.25   12763.25    4139
2023-02-07 20:00:00-05:00  12763.75  12776.00  12751.50  12760.75   12760.75    3676
2023-02-07 21:00:00-05:00  12761.00  12768.75  12757.00  12767.00   12767.00    2298
2023-02-07 22:00:00-05:00  12767.25  12797.25  12764.25  12783.75   12783.75    4215
2023-02-07 23:00:00-05:00  12784.00  12792.50  12780.25  12786.00   12786.00    1926
2023-02-08 00:00:00-05:00  12787.50  12808.50  12776.25  12803.25   12803.25    3765
2023-02-08 01:00:00-05:00  12803.50  12806.50  12773.00  12776.50   12776.50    3918
2023-02-08 02:00:00-05:00  12776.50  12794.00  12754.50  12779.25   12779.25    7341
2023-02-08 03:00:00-05:00  12779.75  12788.75  12717.00  12749.50   12749.50   13935
2023-02-08 04:00:00-05:00  12749.50  12770.75  12732.25  12755.00   12755.00    8112
2023-02-08 05:00:00-05:00  12754.25  12757.50  12724.50  12757.50   12757.50    6909
2023-02-08 06:00:00-05:00  12757.00  12763.50  12738.75  12750.50   12750.50    7275
2023-02-08 07:00:00-05:00  12751.25  12782.75  12725.50  12740.00   12740.00   14148
2023-02-08 08:00:00-05:00  12739.50  12744.00  12710.75  12720.75   12720.75   17630
2023-02-08 09:00:00-05:00  12720.25  12752.00  12662.50  12698.75   12698.75   76991
2023-02-08 10:00:00-05:00  12698.50  12734.00  12598.75  12610.25   12610.25  103970
2023-02-08 11:00:00-05:00  12610.00  12619.00  12517.25  12581.00   12581.00   79523
2023-02-08 12:00:00-05:00  12581.25  12603.00  12543.25  12591.75   12591.75   46056
2023-02-08 13:00:00-05:00  12592.50  12623.00  12539.00  12568.00   12568.00   45786
2023-02-08 14:00:00-05:00  12567.75  12601.75  12536.25  12566.75   12566.75   40524
2023-02-08 15:00:00-05:00  12566.75  12570.50  12512.75  12543.00   12543.00   63334
2023-02-08 16:00:00-05:00  12543.25  12559.25  12530.25  12559.00   12559.00   11528
2023-02-08 18:00:00-05:00  12555.00  12568.25  12541.25  12561.25   12561.25       0
2023-02-08 19:00:00-05:00  12561.75  12576.50  12561.25  12573.00   12573.00    3265
2023-02-08 20:00:00-05:00  12573.25  12585.50  12567.50  12581.50   12581.50    2903
2023-02-08 21:00:00-05:00  12581.25  12593.50  12579.25  12586.50   12586.50    2375
2023-02-08 22:00:00-05:00  12586.75  12592.25  12574.75  12581.25   12581.25    4310
2023-02-08 23:00:00-05:00  12580.75  12582.50  12571.75  12576.25   12576.25    2270
2023-02-09 00:00:00-05:00  12576.75  12612.50  12555.00  12591.75   12591.75    7282
2023-02-09 01:00:00-05:00  12590.75  12609.25  12586.25  12604.00   12604.00    3475
2023-02-09 02:00:00-05:00  12604.50  12616.00  12594.25  12606.25   12606.25    5094
2023-02-09 03:00:00-05:00  12607.00  12673.25  12605.50  12656.00   12656.00   14854
2023-02-09 04:00:00-05:00  12657.00  12703.50  12651.00  12703.25   12703.25   10912
2023-02-09 05:00:00-05:00  12703.00  12720.50  12682.75  12718.75   12718.75    9833
2023-02-09 06:00:00-05:00  12719.25  12721.25  12671.75  12690.00   12690.00    9908
2023-02-09 07:00:00-05:00  12689.25  12691.00  12660.50  12661.75   12661.75   10458
2023-02-09 08:00:00-05:00  12662.00  12717.25  12662.00  12714.00   12714.00   18283
2023-02-09 09:00:00-05:00  12714.25  12728.50  12634.25  12673.50   12673.50   80798
2023-02-09 10:00:00-05:00  12673.75  12707.75  12612.25  12644.75   12644.75   80422
2023-02-09 11:00:00-05:00  12652.75  12652.75  12557.00  12582.00   12582.00   70594
2023-02-09 12:00:00-05:00  12582.00  12615.25  12499.50  12542.25   12542.25   58857
2023-02-09 13:00:00-05:00  12542.00  12561.75  12490.75  12503.50   12503.50   50304
2023-02-09 14:00:00-05:00  12504.00  12516.75  12453.25  12467.75   12467.75   50470
2023-02-09 15:00:00-05:00  12468.25  12469.00  12366.50  12427.00   12427.00   93963
2023-02-09 16:00:00-05:00  12427.25  12450.25  12416.75  12449.75   12449.75   13907
2023-02-09 18:00:00-05:00  12448.75  12451.50  12429.25  12434.75   12434.75       0
2023-02-09 19:00:00-05:00  12435.25  12437.50  12403.50  12415.25   12415.25    5595
2023-02-09 20:00:00-05:00  12415.75  12427.25  12412.00  12423.00   12423.00    4032
2023-02-09 21:00:00-05:00  12422.75  12425.75  12402.50  12403.50   12403.50    2583
2023-02-09 22:00:00-05:00  12403.75  12403.75  12382.00  12394.00   12394.00    4859
2023-02-09 23:00:00-05:00  12393.25  12398.50  12378.25  12390.75   12390.75    2958
2023-02-10 00:00:00-05:00  12388.75  12407.50  12388.75  12406.25   12406.25    3451
2023-02-10 01:00:00-05:00  12405.25  12415.25  12401.00  12411.00   12411.00    3523
2023-02-10 02:00:00-05:00  12411.00  12418.25  12399.00  12406.50   12406.50    6646
2023-02-10 03:00:00-05:00  12406.75  12446.25  12400.25  12419.50   12419.50   13788
2023-02-10 04:00:00-05:00  12419.50  12429.25  12329.50  12333.25   12333.25   16384
2023-02-10 05:00:00-05:00  12334.25  12347.00  12300.00  12323.75   12323.75   15408
2023-02-10 06:00:00-05:00  12323.50  12323.50  12272.50  12288.00   12288.00   15746
2023-02-10 07:00:00-05:00  12288.25  12307.50  12270.50  12286.75   12286.75   13438
2023-02-10 08:00:00-05:00  12286.50  12350.75  12282.25  12331.75   12331.75   22158
2023-02-10 09:00:00-05:00  12331.50  12394.00  12311.50  12347.00   12347.00   77046
2023-02-10 10:00:00-05:00  12347.75  12422.00  12284.50  12333.25   12333.25  104528
2023-02-10 11:00:00-05:00  12333.00  12360.75  12277.50  12282.50   12282.50   56753
2023-02-10 12:00:00-05:00  12282.50  12306.50  12243.25  12303.25   12303.25   55249
2023-02-10 13:00:00-05:00  12303.50  12369.00  12297.25  12305.50   12305.50   53473
2023-02-10 14:00:00-05:00  12306.00  12328.75  12280.25  12324.75   12324.75   43246
2023-02-10 15:00:00-05:00  12325.00  12363.50  12297.25  12345.50   12345.50   58604
2023-02-10 16:00:00-05:00  12345.75  12349.50  12331.50  12342.00   12342.00   10040
2023-02-12 18:00:00-05:00  12357.50  12367.00  12294.25  12306.75   12306.75    5265
2023-02-12 19:00:00-05:00  12306.75  12317.00  12290.75  12311.50   12311.50    3362
2023-02-12 20:00:00-05:00  12311.25  12313.75  12265.25  12285.50   12285.50    6488
2023-02-12 21:00:00-05:00  12285.50  12293.25  12276.50  12291.25   12291.25    2793
2023-02-12 22:00:00-05:00  12291.00  12315.50  12281.50  12283.50   12283.50    4157
2023-02-12 23:00:00-05:00  12283.50  12293.00  12282.00  12285.75   12285.75    1747
2023-02-13 00:00:00-05:00  12284.75  12306.75  12283.50  12303.25   12303.25    2598
2023-02-13 01:00:00-05:00  12303.50  12310.25  12299.75  12308.50   12308.50    2248
2023-02-13 02:00:00-05:00  12308.25  12335.25  12301.75  12327.00   12327.00    5204
2023-02-13 03:00:00-05:00  12326.75  12356.25  12314.50  12352.00   12352.00    9357
2023-02-13 04:00:00-05:00  12352.50  12384.75  12352.50  12367.75   12367.75   11275
2023-02-13 05:00:00-05:00  12367.25  12396.00  12361.75  12392.75   12392.75    5883
2023-02-13 06:00:00-05:00  12393.00  12407.00  12386.00  12394.00   12394.00    6361
2023-02-13 07:00:00-05:00  12393.50  12433.50  12390.50  12413.25   12413.25   10523
2023-02-13 08:00:00-05:00  12414.00  12423.25  12381.00  12383.75   12383.75   12475
2023-02-13 09:00:00-05:00  12384.00  12465.75  12352.00  12461.00   12461.00   65644
2023-02-13 10:00:00-05:00  12461.25  12473.00  12416.00  12461.00   12461.00   49430