                               Open      High       Low     Close  Adj Close  Volume
2022-10-27 10:00:00-04:00  11292.00  11453.00  11275.50  11320.25   11320.25       0
2022-10-27 11:00:00-04:00  11320.50  11380.25  11284.25  11290.50   11290.50   73125
2022-10-27 12:00:00-04:00  11291.75  11329.75  11247.50  11288.75   11288.75   57665
2022-10-27 13:00:00-04:00  11289.00  11337.25  11261.25  11263.50   11263.50   48484
2022-10-27 14:00:00-04:00  11263.75  11273.75  11229.75  11243.25   11243.25   41103
2022-10-27 15:00:00-04:00  11243.50  11283.75  11220.25  11239.50   11239.50   64873
2022-10-27 16:00:00-04:00  11240.00  11251.00  10921.50  11095.50   11095.50   85464
2022-10-27 18:00:00-04:00  11122.75  11189.75  11122.75  11154.25   11154.25       0
2022-10-27 19:00:00-04:00  11154.50  11161.50  11127.25  11135.00   11135.00    5399
2022-10-27 20:00:00-04:00  11136.25  11157.25  11123.25  11144.50   11144.50    6185
2022-10-27 21:00:00-04:00  11145.00  11189.00  11145.00  11180.75   11180.75    8158
2022-10-27 22:00:00-04:00  11180.25  11186.00  11148.50  11166.00   11166.00    4838
2022-10-27 23:00:00-04:00  11166.25  11172.75  11146.50  11158.75   11158.75    4537
2022-10-28 00:00:00-04:00  11160.00  11163.25  11134.75  11146.50   11146.50    3327
2022-10-28 01:00:00-04:00  11146.00  11147.00  11102.75  11112.75   11112.75    8792
2022-10-28 02:00:00-04:00  11113.25  11124.50  11082.75  11091.50   11091.50    9996
2022-10-28 03:00:00-04:00  11092.75  11124.00  11062.00  11077.25   11077.25   16990
2022-10-28 04:00:00-04:00  11077.00  11119.75  11067.50  11109.75   11109.75    9915
2022-10-28 05:00:00-04:00  11110.00  11119.00  11075.75  11116.25   11116.25   10462
2022-10-28 06:00:00-04:00  11117.25  11129.50  11102.00  11119.25   11119.25    7434
2022-10-28 07:00:00-04:00  11119.25  11153.75  11100.75  11129.50   11129.50   12330
2022-10-28 08:00:00-04:00  11130.25  11219.75  11069.00  11151.00   11151.00   47881
2022-10-28 09:00:00-04:00  11150.25  11364.25  11137.00  11319.75   11319.75  112615
2022-10-28 10:00:00-04:00  11320.50  11471.75  11257.25  11461.50   11461.50  121970
2022-10-28 11:00:00-04:00  11461.50  11497.25  11440.50  11460.25   11460.25   68515
2022-10-28 12:00:00-04:00  11459.50  11531.50  11435.00  11518.50   11518.50   63484
2022-10-28 13:00:00-04:00  11518.75  11554.50  11512.75  11528.50   11528.50   39630
2022-10-28 14:00:00-04:00  11528.50  11585.00  11514.50  11575.75   11575.75   46402
2022-10-28 15:00:00-04:00  11576.25  11605.50  11548.00  11585.25   11585.25   73618
2022-10-28 16:00:00-04:00  11584.50  11626.00  11582.00  11625.50   11625.50   21007
2022-10-30 18:00:00-04:00  11592.50  11595.00  11545.50  11569.75   11569.75    6249
2022-10-30 19:00:00-04:00  11570.75  11587.50  11554.00  11557.50   11557.50    4035
2022-10-30 20:00:00-04:00  11557.50  11561.75  11519.00  11532.00   11532.00    5858
2022-10-30 21:00:00-04:00  11532.00  11554.75  11517.25  11549.75   11549.75    6685
2022-10-30 22:00:00-04:00  11549.25  11565.50  11541.00  11556.00   11556.00    3527
2022-10-30 23:00:00-04:00  11556.25  11581.75  11553.00  11572.50   11572.50    3125
2022-10-31 00:00:00-04:00  11569.00  11573.50  11554.50  11557.25   11557.25    2127
2022-10-31 01:00:00-04:00  11557.25  11572.50  11543.00  11551.00   11551.00    2966
2022-10-31 02:00:00-04:00  11551.75  11557.25  11534.00  11542.00   11542.00    3961
2022-10-31 03:00:00-04:00  11542.00  11562.50  11525.25  11561.75   11561.75    5289
2022-10-31 04:00:00-04:00  11563.00  11563.50  11483.75  11499.25   11499.25   12810
2022-10-31 05:00:00-04:00  11498.50  11522.00  11488.75  11506.25   11506.25    6961
2022-10-31 06:00:00-04:00  11506.75  11517.50  11494.25  11515.00   11515.00    6110
2022-10-31 07:00:00-04:00  11514.25  11545.50  11514.00  11522.75   11522.75   10643
2022-10-31 08:00:00-04:00  11523.00  11525.00  11489.75  11504.25   11504.25   14712
2022-10-31 09:00:00-04:00  11504.50  11522.50  11413.00  11423.00   11423.00   94366
2022-10-31 10:00:00-04:00  11422.75  11453.25  11367.50  11412.00   11412.00   86801
2022-10-31 11:00:00-04:00  11412.50  11500.00  11406.50  11459.50   11459.50   70244
2022-10-31 12:00:00-04:00  11459.50  11513.25  11424.50  11445.75   11445.75   59139
2022-10-31 13:00:00-04:00  11446.50  11497.25  11430.75  11473.25   11473.25   43244
2022-10-31 14:00:00-04:00  11472.50  11498.75  11451.50  11468.00   11468.00   48924
2022-10-31 15:00:00-04:00  11468.25  11482.50  11416.50  11449.75   11449.75   84447
2022-10-31 16:00:00-04:00  11450.00  11469.75  11437.00  11452.75   11452.75   15319
2022-10-31 18:00:00-04:00  11455.00  11467.75  11446.75  11461.75   11461.75       0
2022-10-31 19:00:00-04:00  11462.25  11479.75  11461.75  11468.75   11468.75    2803
2022-10-31 20:00:00-04:00  11469.25  11494.25  11463.25  11483.00   11483.00    4747
2022-10-31 21:00:00-04:00  11483.00  11495.00  11480.25  11494.00   11494.00    4193
2022-10-31 22:00:00-04:00  11494.00  11500.00  11485.00  11499.00   11499.00    4565
2022-10-31 23:00:00-04:00  11499.25  11500.00  11480.75  11487.50   11487.50    3339
2022-11-01 00:00:00-04:00  11490.00  11493.25  11478.25  11485.00   11485.00    2000
2022-11-01 01:00:00-04:00  11485.00  11525.00  11483.00  11518.25   11518.25    4841
2022-11-01 02:00:00-04:00  11517.75  11541.50  11517.25  11539.00   11539.00    4132
2022-11-01 03:00:00-04:00  11538.00  11549.25  11503.25  11525.25   11525.25    8171
2022-11-01 04:00:00-04:00  11525.75  11574.25  11522.50  11554.75   11554.75   12668
2022-11-01 05:00:00-04:00  11555.25  11573.00  11535.75  11569.75   11569.75    8882
2022-11-01 06:00:00-04:00  11569.75  11593.25  11558.50  11582.75   11582.75    8504
2022-11-01 07:00:00-04:00  11583.25  11594.75  11568.50  11585.25   11585.25    7548
2022-11-01 08:00:00-04:00  11585.50  11614.50  11577.50  11602.75   11602.75   16446
2022-11-01 09:00:00-04:00  11602.25  11619.00  11499.75  11513.00   11513.00   80098
2022-11-01 10:00:00-04:00  11512.25  11527.75  11342.25  11357.75   11357.75  132861
2022-11-01 11:00:00-04:00  11358.25  11396.50  11325.75  11364.25   11364.25   70538
2022-11-01 12:00:00-04:00  11364.75  11411.25  11315.75  11355.50   11355.50   64563
2022-11-01 13:00:00-04:00  11355.25  11374.75  11323.50  11351.25   11351.25   40924
2022-11-01 14:00:00-04:00  11351.75  11375.75  11328.25  11369.50   11369.50   38121
2022-11-01 15:00:00-04:00  11369.50  11380.00  11328.50  11330.50   11330.50   54967
2022-11-01 16:00:00-04:00  11330.75  11340.25  11288.75  11320.50   11320.50   22163
2022-11-01 18:00:00-04:00  11320.25  11343.75  11320.25  11340.50   11340.50       0
2022-11-01 19:00:00-04:00  11341.50  11348.75  11327.25  11332.25   11332.25    2568
2022-11-01 20:00:00-04:00  11333.00  11370.25  11318.75  11365.50   11365.50    6457
2022-11-01 21:00:00-04:00  11365.75  11378.25  11359.25  11368.25   11368.25    3328
2022-11-01 22:00:00-04:00  11369.25  11379.50  11352.00  11373.25   11373.25    3325
2022-11-01 23:00:00-04:00  11373.75  11384.25  11361.00  11373.25   11373.25    3568
2022-11-02 00:00:00-04:00  11372.00  11378.25  11362.50  11370.25   11370.25    2429
2022-11-02 01:00:00-04:00  11371.00  11382.75  11366.75  11375.50   11375.50    3675
2022-11-02 02:00:00-04:00  11376.50  11377.00  11351.00  11359.75   11359.75    3671
2022-11-02 03:00:00-04:00  11359.75  11366.25  11335.75  11351.75   11351.75    6525
2022-11-02 04:00:00-04:00  11351.00  11390.00  11348.75  11372.25   11372.25    9719
2022-11-02 05:00:00-04:00  11371.75  11380.50  11336.00  11355.25   11355.25    7750
2022-11-02 06:00:00-04:00  11354.25  11361.25  11330.25  11347.50   11347.50    6335
2022-11-02 07:00:00-04:00  11347.25  11359.50  11335.50  11354.50   11354.50    6921
2022-11-02 08:00:00-04:00  11354.25  11360.00  11295.50  11332.25   11332.25   25791
2022-11-02 09:00:00-04:00  11332.25  11341.00  11271.25  11279.75   11279.75   67064
2022-11-02 10:00:00-04:00  11280.50  11309.50  11254.00  11269.25   11269.25   65663
2022-11-02 11:00:00-04:00  11269.50  11276.00  11224.50  11234.75   11234.75   51274
2022-11-02 12:00:00-04:00  11235.25  11242.25  11191.00  11235.25   11235.25   40774
2022-11-02 13:00:00-04:00  11235.50  11266.75  11209.75  11250.50   11250.50   33188
2022-11-02 14:00:00-04:00  11251.50  11460.00  11118.00  11158.75   11158.75  233000
2022-11-02 15:00:00-04:00  11159.00  11243.75  10936.75  10939.75   10939.75  145440
2022-11-02 16:00:00-04:00  10938.75  10956.50  10909.00  10941.75   10941.75   33023
2022-11-02 18:00:00-04:00  10938.00  10946.00  10901.25  10923.75   10923.75       0
2022-11-02 19:00:00-04:00  10923.00  10924.75  10905.50  10919.75   10919.75    4107
2022-11-02 20:00:00-04:00  10919.25  10944.25  10910.00  10944.00   10944.00    5260
2022-11-02 21:00:00-04:00  10943.75  10985.50  10938.75  10965.25   10965.25    7449
2022-11-02 22:00:00-04:00  10965.50  10982.00  10958.00  10964.00   10964.00    4113
2022-11-02 23:00:00-04:00  10964.00  10987.00  10964.00  10980.75   10980.75    3749
2022-11-03 00:00:00-04:00  10979.00  10987.00  10969.00  10976.00   10976.00    3242
2022-11-03 01:00:00-04:00  10976.75  10996.00  10973.50  10976.00   10976.00    4230
2022-11-03 02:00:00-04:00  10975.00  10978.25  10944.50  10959.75   10959.75    6505
2022-11-03 03:00:00-04:00  10959.75  10974.75  10921.25  10942.25   10942.25   10471
2022-11-03 04:00:00-04:00  10943.00  10964.50  10896.50  10918.25   10918.25   17094
2022-11-03 05:00:00-04:00  10917.50  10934.00  10891.25  10914.75   10914.75   11648
2022-11-03 06:00:00-04:00  10915.00  10922.00  10852.75  10866.00   10866.00   14390
2022-11-03 07:00:00-04:00  10865.00  10870.50  10816.00  10828.25   10828.25   15688
2022-11-03 08:00:00-04:00  10828.00  10859.00  10802.25  10805.00   10805.00   29712
2022-11-03 09:00:00-04:00  10804.50  10848.50  10723.00  10725.75   10725.75  110717
2022-11-03 10:00:00-04:00  10726.50  10847.00  10708.25  10828.00   10828.00   91167