                               Open      High       Low     Close  Adj Close  Volume
2022-12-14 10:00:00-05:00  11891.25  11925.00  11880.00  11909.75   11909.75       0
2022-12-14 11:00:00-05:00  11910.00  11942.00  11896.50  11912.75   11912.75   14202
2022-12-14 12:00:00-05:00  11912.50  11914.25  11872.00  11872.00   11872.00    8815
2022-12-14 13:00:00-05:00  11873.50  11948.25  11868.00  11925.00   11925.00   10419
2022-12-14 14:00:00-05:00  11935.00  11938.00  11613.75  11719.75   11719.75   39944
2022-12-14 15:00:00-05:00  11719.25  11891.25  11685.50  11744.75   11744.75   30217
2022-12-14 16:00:00-05:00  11745.00  11779.50  11733.50  11767.75   11767.75    3342
2022-12-14 18:00:00-05:00  11758.75  11779.50  11754.50  11763.50   11763.50       0
2022-12-14 19:00:00-05:00  11764.50  11778.25  11754.50  11777.25   11777.25    1502
2022-12-14 20:00:00-05:00  11777.00  11779.00  11739.00  11744.50   11744.50    2083
2022-12-14 21:00:00-05:00  11743.75  11749.50  11721.75  11733.00   11733.00    1041
2022-12-14 22:00:00-05:00  11732.75  11744.00  11717.50  11736.75   11736.75     830
2022-12-14 23:00:00-05:00  11737.50  11740.25  11727.75  11736.75   11736.75     510
2022-12-15 00:00:00-05:00  11738.00  11749.50  11736.25  11746.50   11746.50     756
2022-12-15 01:00:00-05:00  11747.25  11749.25  11721.00  11723.75   11723.75    1043
2022-12-15 02:00:00-05:00  11722.25  11722.25  11638.25  11644.25   11644.25    3947
2022-12-15 03:00:00-05:00  11645.50  11662.50  11603.25  11617.50   11617.50    6485
2022-12-15 04:00:00-05:00  11617.25  11618.75  11577.75  11606.50   11606.50    5605
2022-12-15 05:00:00-05:00  11606.00  11606.75  11581.75  11583.25   11583.25    4157
2022-12-15 06:00:00-05:00  11583.50  11616.25  11580.00  11615.75   11615.75    3946
2022-12-15 07:00:00-05:00  11615.50  11625.75  11599.75  11620.50   11620.50    5933
2022-12-15 08:00:00-05:00  11620.75  11624.50  11531.25  11568.50   11568.50   10799
2022-12-15 09:00:00-05:00  11569.00  11602.50  11448.00  11464.50   11464.50   27733
2022-12-15 10:00:00-05:00  11464.25  11467.50  11396.50  11409.25   11409.25   24003
2022-12-15 11:00:00-05:00  11408.50  11425.50  11351.50  11361.75   11361.75   17899
2022-12-15 12:00:00-05:00  11364.00  11392.25  11330.50  11340.50   11340.50   11075
2022-12-15 13:00:00-05:00  11341.25  11347.75  11298.25  11327.50   11327.50   11666
2022-12-15 14:00:00-05:00  11327.00  11374.00  11306.25  11372.25   11372.25   11693
2022-12-15 15:00:00-05:00  11371.75  11388.50  11321.00  11353.00   11353.00   16896
2022-12-15 16:00:00-05:00  11348.00  11365.25  11326.75  11340.25   11340.25    3011
2022-12-15 18:00:00-05:00  11340.25  11355.50  11340.25  11348.25   11348.25       0
2022-12-15 19:00:00-05:00  11353.50  11361.50  11347.00  11350.00   11350.00     322
2022-12-15 20:00:00-05:00  11350.50  11357.50  11341.50  11351.50   11351.50     486
2022-12-15 21:00:00-05:00  11351.00  11381.25  11350.50  11378.25   11378.25     535
2022-12-15 22:00:00-05:00  11378.50  11379.00  11359.75  11359.75   11359.75     350
2022-12-15 23:00:00-05:00  11360.75  11361.75  11343.25  11344.50   11344.50     388
2022-12-16 00:00:00-05:00  11340.50  11353.75  11326.75  11353.75   11353.75     296
2022-12-16 01:00:00-05:00  11353.75  11367.75  11346.25  11363.25   11363.25     385
2022-12-16 02:00:00-05:00  11361.50  11364.00  11301.75  11304.50   11304.50     373
2022-12-16 03:00:00-05:00  11307.25  11326.00  11221.50  11224.75   11224.75     767
2022-12-16 04:00:00-05:00  11226.75  11244.25  11206.50  11244.25   11244.25     945
2022-12-16 05:00:00-05:00  11244.25  11252.00  11215.00  11235.75   11235.75     953
2022-12-16 06:00:00-05:00  11237.00  11275.00  11226.00  11258.50   11258.50    1148
2022-12-16 07:00:00-05:00  11260.00  11311.75  11256.25  11311.75   11311.75     800
2022-12-16 08:00:00-05:00  11310.00  11310.00  11269.50  11292.75   11292.75     894
2022-12-16 09:00:00-05:00  11292.00  11329.00  11256.50  11329.00   11329.00     802
2022-12-16 16:00:00-05:00  11320.00  11320.00  11320.00  11320.00   11320.00  647784
2022-12-18 18:00:00-05:00  11328.75  11366.25  11320.50  11352.50   11352.50    4855
2022-12-18 19:00:00-05:00  11352.75  11371.00  11352.50  11361.25   11361.25    3600
2022-12-18 20:00:00-05:00  11361.50  11383.50  11358.75  11372.75   11372.75    4092
2022-12-18 21:00:00-05:00  11372.25  11379.25  11363.50  11371.00   11371.00    2781
2022-12-18 22:00:00-05:00  11370.25  11379.25  11365.50  11369.00   11369.00    1628
2022-12-18 23:00:00-05:00  11369.75  11375.75  11363.25  11364.00   11364.00    1828
2022-12-19 00:00:00-05:00  11364.50  11366.00  11332.25  11346.75   11346.75    3740
2022-12-19 01:00:00-05:00  11346.50  11368.75  11345.00  11368.25   11368.25    2599
2022-12-19 02:00:00-05:00  11369.00  11374.00  11350.75  11353.75   11353.75    3832
2022-12-19 03:00:00-05:00  11354.25  11405.75  11350.25  11393.50   11393.50    9899
2022-12-19 04:00:00-05:00  11393.25  11404.00  11374.50  11377.00   11377.00    6782
2022-12-19 05:00:00-05:00  11377.50  11411.00  11377.25  11400.25   11400.25    5338
2022-12-19 06:00:00-05:00  11400.50  11402.50  11375.00  11390.25   11390.25    5145
2022-12-19 07:00:00-05:00  11389.25  11399.50  11377.00  11390.25   11390.25    5240
2022-12-19 08:00:00-05:00  11390.50  11396.25  11348.75  11356.00   11356.00   10429
2022-12-19 09:00:00-05:00  11356.25  11373.50  11254.25  11268.75   11268.75   71184
2022-12-19 10:00:00-05:00  11269.25  11309.75  11230.25  11235.75   11235.75   94731
2022-12-19 11:00:00-05:00  11235.50  11239.25  11180.50  11208.00   11208.00   69742
2022-12-19 12:00:00-05:00  11207.75  11248.25  11206.75  11231.50   11231.50   45874
2022-12-19 13:00:00-05:00  11232.00  11255.50  11190.00  11192.25   11192.25   48898
2022-12-19 14:00:00-05:00  11192.00  11193.75  11151.00  11163.00   11163.00   62005
2022-12-19 15:00:00-05:00  11163.75  11204.25  11131.75  11188.00   11188.00   75215
2022-12-19 16:00:00-05:00  11188.00  11197.25  11178.00  11185.00   11185.00   15855
2022-12-19 18:00:00-05:00  11182.50  11220.75  11182.50  11213.75   11213.75       0
2022-12-19 19:00:00-05:00  11213.25  11222.00  11206.50  11219.25   11219.25    3057
2022-12-19 20:00:00-05:00  11219.00  11228.50  11212.50  11224.25   11224.25    3005
2022-12-19 21:00:00-05:00  11224.00  11227.25  11208.00  11215.50   11215.50    2647
2022-12-19 22:00:00-05:00  11215.50  11218.75  11076.00  11089.25   11089.25   24575
2022-12-19 23:00:00-05:00  11088.50  11094.75  11053.00  11074.50   11074.50   10216
2022-12-20 00:00:00-05:00  11078.50  11085.25  11043.50  11073.50   11073.50    8421
2022-12-20 01:00:00-05:00  11073.00  11101.00  11066.25  11093.00   11093.00    5502
2022-12-20 02:00:00-05:00  11092.75  11115.50  11081.25  11095.25   11095.25    8272
2022-12-20 03:00:00-05:00  11094.25  11170.75  11076.00  11163.75   11163.75   16513
2022-12-20 04:00:00-05:00  11163.00  11179.75  11143.50  11165.50   11165.50   12158
2022-12-20 05:00:00-05:00  11166.00  11175.25  11145.00  11161.50   11161.50    7504
2022-12-20 06:00:00-05:00  11161.25  11187.75  11157.25  11166.25   11166.25    7509
2022-12-20 07:00:00-05:00  11167.00  11179.25  11121.50  11122.75   11122.75   11134
2022-12-20 08:00:00-05:00  11123.25  11160.75  11123.00  11137.75   11137.75   16308
2022-12-20 09:00:00-05:00  11137.75  11177.75  11066.75  11169.25   11169.25   93652
2022-12-20 10:00:00-05:00  11168.50  11247.00  11158.25  11192.50   11192.50  101065
2022-12-20 11:00:00-05:00  11192.75  11212.75  11101.75  11176.00   11176.00   79459
2022-12-20 12:00:00-05:00  11176.25  11211.25  11153.75  11193.50   11193.50   51818
2022-12-20 13:00:00-05:00  11194.25  11228.00  11163.75  11189.00   11189.00   44588
2022-12-20 14:00:00-05:00  11189.50  11217.00  11165.50  11176.75   11176.75   38759
2022-12-20 15:00:00-05:00  11177.00  11206.75  11158.50  11176.00   11176.00   54661
2022-12-20 16:00:00-05:00  11175.50  11195.50  11171.50  11193.00   11193.00   11325
2022-12-20 18:00:00-05:00  11206.50  11234.25  11204.50  11223.25   11223.25       0
2022-12-20 19:00:00-05:00  11223.25  11233.00  11203.75  11226.00   11226.00    5029
2022-12-20 20:00:00-05:00  11225.50  11263.50  11221.25  11251.00   11251.00    6603
2022-12-20 21:00:00-05:00  11251.25  11257.25  11240.75  11244.50   11244.50    3021
2022-12-20 22:00:00-05:00  11244.25  11246.00  11231.75  11239.00   11239.00    3067
2022-12-20 23:00:00-05:00  11239.25  11240.75  11206.25  11214.00   11214.00    3730
2022-12-21 00:00:00-05:00  11210.75  11233.25  11206.75  11224.75   11224.75    2737
2022-12-21 01:00:00-05:00  11225.25  11238.25  11218.50  11236.25   11236.25    2698
2022-12-21 02:00:00-05:00  11235.75  11244.00  11223.25  11238.75   11238.75    3978
2022-12-21 03:00:00-05:00  11238.75  11242.25  11199.00  11237.75   11237.75    8974
2022-12-21 04:00:00-05:00  11237.25  11258.00  11237.25  11250.00   11250.00    6907
2022-12-21 05:00:00-05:00  11249.75  11252.00  11215.50  11219.75   11219.75    6146
2022-12-21 06:00:00-05:00  11220.25  11227.25  11203.00  11218.75   11218.75    6368
2022-12-21 07:00:00-05:00  11218.50  11231.50  11187.00  11228.50   11228.50   11133
2022-12-21 08:00:00-05:00  11228.50  11248.50  11222.25  11236.75   11236.75   17148
2022-12-21 09:00:00-05:00  11236.50  11273.75  11181.00  11226.00   11226.00   87168
2022-12-21 10:00:00-05:00  11226.75  11349.75  11219.25  11338.75   11338.75   84214