                               Open      High       Low     Close  Adj Close  Volume
2022-12-13 10:00:00-05:00  12134.00  12138.50  11924.50  11974.00   11974.00       0
2022-12-13 11:00:00-05:00  11975.25  12017.50  11853.00  11882.00   11882.00   40909
2022-12-13 12:00:00-05:00  11883.00  11896.50  11727.75  11779.50   11779.50   41240
2022-12-13 13:00:00-05:00  11781.25  11855.00  11756.50  11819.00   11819.00   29885
2022-12-13 14:00:00-05:00  11819.00  11891.50  11794.25  11826.75   11826.75   21648
2022-12-13 15:00:00-05:00  11825.25  11877.75  11761.75  11839.00   11839.00   34563
2022-12-13 16:00:00-05:00  11840.00  11853.75  11822.75  11831.75   11831.75    4129
2022-12-13 18:00:00-05:00  11839.00  11853.25  11833.25  11838.75   11838.75       0
2022-12-13 19:00:00-05:00  11838.50  11865.75  11833.00  11863.25   11863.25    2000
2022-12-13 20:00:00-05:00  11863.25  11876.75  11858.00  11872.50   11872.50    2255
2022-12-13 21:00:00-05:00  11872.75  11879.50  11859.25  11864.25   11864.25    1688
2022-12-13 22:00:00-05:00  11864.75  11895.75  11864.00  11885.50   11885.50    1445
2022-12-13 23:00:00-05:00  11886.00  11886.75  11875.75  11880.00   11880.00     711
2022-12-14 00:00:00-05:00  11879.75  11889.25  11876.00  11878.50   11878.50     997
2022-12-14 01:00:00-05:00  11878.25  11887.00  11866.75  11876.00   11876.00    1528
2022-12-14 02:00:00-05:00  11876.25  11877.25  11843.50  11844.25   11844.25    2649
2022-12-14 03:00:00-05:00  11844.75  11860.00  11835.75  11856.25   11856.25    3787
2022-12-14 04:00:00-05:00  11856.25  11862.00  11815.75  11834.50   11834.50    4332
2022-12-14 05:00:00-05:00  11835.25  11851.75  11823.50  11831.75   11831.75    3064
2022-12-14 06:00:00-05:00  11831.00  11837.50  11801.25  11835.00   11835.00    3903
2022-12-14 07:00:00-05:00  11835.50  11857.75  11815.50  11825.50   11825.50    3487
2022-12-14 08:00:00-05:00  11825.25  11831.25  11804.00  11825.75   11825.75    8356
2022-12-14 09:00:00-05:00  11825.75  11896.25  11802.75  11890.25   11890.25   22340
2022-12-14 10:00:00-05:00  11891.25  11925.00  11880.00  11909.75   11909.75   20334
2022-12-14 11:00:00-05:00  11910.00  11942.00  11896.50  11912.75   11912.75   14202
2022-12-14 12:00:00-05:00  11912.50  11914.25  11872.00  11872.00   11872.00    8815
2022-12-14 13:00:00-05:00  11873.50  11948.25  11868.00  11925.00   11925.00   10419
2022-12-14 14:00:00-05:00  11935.00  11938.00  11613.75  11719.75   11719.75   39944
2022-12-14 15:00:00-05:00  11719.25  11891.25  11685.50  11744.75   11744.75   30217
2022-12-14 16:00:00-05:00  11745.00  11779.50  11733.50  11767.75   11767.75    3342
2022-12-14 18:00:00-05:00  11758.75  11779.50  11754.50  11763.50   11763.50       0
2022-12-14 19:00:00-05:00  11764.50  11778.25  11754.50  11777.25   11777.25    1502
2022-12-14 20:00:00-05:00  11777.00  11779.00  11739.00  11744.50   11744.50    2083
2022-12-14 21:00:00-05:00  11743.75  11749.50  11721.75  11733.00   11733.00    1041
2022-12-14 22:00:00-05:00  11732.75  11744.00  11717.50  11736.75   11736.75     830
2022-12-14 23:00:00-05:00  11737.50  11740.25  11727.75  11736.75   11736.75     510
2022-12-15 00:00:00-05:00  11738.00  11749.50  11736.25  11746.50   11746.50     756
2022-12-15 01:00:00-05:00  11747.25  11749.25  11721.00  11723.75   11723.75    1043
2022-12-15 02:00:00-05:00  11722.25  11722.25  11638.25  11644.25   11644.25    3947
2022-12-15 03:00:00-05:00  11645.50  11662.50  11603.25  11617.50   11617.50    6485
2022-12-15 04:00:00-05:00  11617.25  11618.75  11577.75  11606.50   11606.50    5605
2022-12-15 05:00:00-05:00  11606.00  11606.75  11581.75  11583.25   11583.25    4157
2022-12-15 06:00:00-05:00  11583.50  11616.25  11580.00  11615.75   11615.75    3946
2022-12-15 07:00:00-05:00  11615.50  11625.75  11599.75  11620.50   11620.50    5933
2022-12-15 08:00:00-05:00  11620.75  11624.50  11531.25  11568.50   11568.50   10799
2022-12-15 09:00:00-05:00  11569.00  11602.50  11448.00  11464.50   11464.50   27733
2022-12-15 10:00:00-05:00  11464.25  11467.50  11396.50  11409.25   11409.25   24003
2022-12-15 11:00:00-05:00  11408.50  11425.50  11351.50  11361.75   11361.75   17899
2022-12-15 12:00:00-05:00  11364.00  11392.25  11330.50  11340.50   11340.50   11075
2022-12-15 13:00:00-05:00  11341.25  11347.75  11298.25  11327.50   11327.50   11666
2022-12-15 14:00:00-05:00  11327.00  11374.00  11306.25  11372.25   11372.25   11693
2022-12-15 15:00:00-05:00  11371.75  11388.50  11321.00  11353.00   11353.00   16896
2022-12-15 16:00:00-05:00  11348.00  11365.25  11326.75  11340.25   11340.25    3011
2022-12-15 18:00:00-05:00  11340.25  11355.50  11340.25  11348.25   11348.25       0
2022-12-15 19:00:00-05:00  11353.50  11361.50  11347.00  11350.00   11350.00     322
2022-12-15 20:00:00-05:00  11350.50  11357.50  11341.50  11351.50   11351.50     486
2022-12-15 21:00:00-05:00  11351.00  11381.25  11350.50  11378.25   11378.25     535
2022-12-15 22:00:00-05:00  11378.50  11379.00  11359.75  11359.75   11359.75     350
2022-12-15 23:00:00-05:00  11360.75  11361.75  11343.25  11344.50   11344.50     388
2022-12-16 00:00:00-05:00  11340.50  11353.75  11326.75  11353.75   11353.75     296
2022-12-16 01:00:00-05:00  11353.75  11367.75  11346.25  11363.25   11363.25     385
2022-12-16 02:00:00-05:00  11361.50  11364.00  11301.75  11304.50   11304.50     373
2022-12-16 03:00:00-05:00  11307.25  11326.00  11221.50  11224.75   11224.75     767
2022-12-16 04:00:00-05:00  11226.75  11244.25  11206.50  11244.25   11244.25     945
2022-12-16 05:00:00-05:00  11244.25  11252.00  11215.00  11235.75   11235.75     953
2022-12-16 06:00:00-05:00  11237.00  11275.00  11226.00  11258.50   11258.50    1148
2022-12-16 07:00:00-05:00  11260.00  11311.75  11256.25  11311.75   11311.75     800
2022-12-16 08:00:00-05:00  11310.00  11310.00  11269.50  11292.75   11292.75     894
2022-12-16 09:00:00-05:00  11292.00  11329.00  11256.50  11329.00   11329.00     802
2022-12-16 16:00:00-05:00  11320.00  11320.00  11320.00  11320.00   11320.00  647784
2022-12-18 18:00:00-05:00  11328.75  11366.25  11320.50  11352.50   11352.50    4855
2022-12-18 19:00:00-05:00  11352.75  11371.00  11352.50  11361.25   11361.25    3600
2022-12-18 20:00:00-05:00  11361.50  11383.50  11358.75  11372.75   11372.75    4092
2022-12-18 21:00:00-05:00  11372.25  11379.25  11363.50  11371.00   11371.00    2781
2022-12-18 22:00:00-05:00  11370.25  11379.25  11365.50  11369.00   11369.00    1628
2022-12-18 23:00:00-05:00  11369.75  11375.75  11363.25  11364.00   11364.00    1828
2022-12-19 00:00:00-05:00  11364.50  11366.00  11332.25  11346.75   11346.75    3740
2022-12-19 01:00:00-05:00  11346.50  11368.75  11345.00  11368.25   11368.25    2599
2022-12-19 02:00:00-05:00  11369.00  11374.00  11350.75  11353.75   11353.75    3832
2022-12-19 03:00:00-05:00  11354.25  11405.75  11350.25  11393.50   11393.50    9899
2022-12-19 04:00:00-05:00  11393.25  11404.00  11374.50  11377.00   11377.00    6782
2022-12-19 05:00:00-05:00  11377.50  11411.00  11377.25  11400.25   11400.25    5338
2022-12-19 06:00:00-05:00  11400.50  11402.50  11375.00  11390.25   11390.25    5145
2022-12-19 07:00:00-05:00  11389.25  11399.50  11377.00  11390.25   11390.25    5240
2022-12-19 08:00:00-05:00  11390.50  11396.25  11348.75  11356.00   11356.00   10429
2022-12-19 09:00:00-05:00  11356.25  11373.50  11254.25  11268.75   11268.75   71184
2022-12-19 10:00:00-05:00  11269.25  11309.75  11230.25  11235.75   11235.75   94731
2022-12-19 11:00:00-05:00  11235.50  11239.25  11180.50  11208.00   11208.00   69742
2022-12-19 12:00:00-05:00  11207.75  11248.25  11206.75  11231.50   11231.50   45874
2022-12-19 13:00:00-05:00  11232.00  11255.50  11190.00  11192.25   11192.25   48898
2022-12-19 14:00:00-05:00  11192.00  11193.75  11151.00  11163.00   11163.00   62005
2022-12-19 15:00:00-05:00  11163.75  11204.25  11131.75  11188.00   11188.00   75215
2022-12-19 16:00:00-05:00  11188.00  11197.25  11178.00  11185.00   11185.00   15855
2022-12-19 18:00:00-05:00  11182.50  11220.75  11182.50  11213.75   11213.75       0
2022-12-19 19:00:00-05:00  11213.25  11222.00  11206.50  11219.25   11219.25    3057
2022-12-19 20:00:00-05:00  11219.00  11228.50  11212.50  11224.25   11224.25    3005
2022-12-19 21:00:00-05:00  11224.00  11227.25  11208.00  11215.50   11215.50    2647
2022-12-19 22:00:00-05:00  11215.50  11218.75  11076.00  11089.25   11089.25   24575
2022-12-19 23:00:00-05:00  11088.50  11094.75  11053.00  11074.50   11074.50   10216
2022-12-20 00:00:00-05:00  11078.50  11085.25  11043.50  11073.50   11073.50    8306
2022-12-20 01:00:00-05:00  11073.00  11101.00  11066.25  11093.00   11093.00    5502
2022-12-20 02:00:00-05:00  11092.75  11115.50  11081.25  11095.25   11095.25    8272
2022-12-20 03:00:00-05:00  11094.25  11170.75  11076.00  11163.75   11163.75   16513
2022-12-20 04:00:00-05:00  11163.00  11179.75  11143.50  11165.50   11165.50   12158
2022-12-20 05:00:00-05:00  11166.00  11175.25  11145.00  11161.50   11161.50    7504
2022-12-20 06:00:00-05:00  11161.25  11187.75  11157.25  11166.25   11166.25    7509
2022-12-20 07:00:00-05:00  11167.00  11179.25  11121.50  11122.75   11122.75   11134
2022-12-20 08:00:00-05:00  11123.25  11160.75  11123.00  11137.75   11137.75   16308
2022-12-20 09:00:00-05:00  11137.75  11177.75  11066.75  11169.25   11169.25   93652
2022-12-20 10:00:00-05:00  11168.50  11247.00  11158.25  11222.75   11222.75   81294