                               Open      High       Low     Close  Adj Close  Volume
2022-10-31 10:00:00-04:00  11422.75  11453.25  11367.50  11412.00   11412.00       0
2022-10-31 11:00:00-04:00  11412.50  11500.00  11406.50  11459.50   11459.50   70244
2022-10-31 12:00:00-04:00  11459.50  11513.25  11424.50  11445.75   11445.75   59139
2022-10-31 13:00:00-04:00  11446.50  11497.25  11430.75  11473.25   11473.25   43244
2022-10-31 14:00:00-04:00  11472.50  11498.75  11451.50  11468.00   11468.00   48924
2022-10-31 15:00:00-04:00  11468.25  11482.50  11416.50  11449.75   11449.75   84447
2022-10-31 16:00:00-04:00  11450.00  11469.75  11437.00  11452.75   11452.75   15319
2022-10-31 18:00:00-04:00  11455.00  11467.75  11446.75  11461.75   11461.75       0
2022-10-31 19:00:00-04:00  11462.25  11479.75  11461.75  11468.75   11468.75    2803
2022-10-31 20:00:00-04:00  11469.25  11494.25  11463.25  11483.00   11483.00    4747
2022-10-31 21:00:00-04:00  11483.00  11495.00  11480.25  11494.00   11494.00    4193
2022-10-31 22:00:00-04:00  11494.00  11500.00  11485.00  11499.00   11499.00    4565
2022-10-31 23:00:00-04:00  11499.25  11500.00  11480.75  11487.50   11487.50    3339
2022-11-01 00:00:00-04:00  11490.00  11493.25  11478.25  11485.00   11485.00    2000
2022-11-01 01:00:00-04:00  11485.00  11525.00  11483.00  11518.25   11518.25    4841
2022-11-01 02:00:00-04:00  11517.75  11541.50  11517.25  11539.00   11539.00    4132
2022-11-01 03:00:00-04:00  11538.00  11549.25  11503.25  11525.25   11525.25    8171
2022-11-01 04:00:00-04:00  11525.75  11574.25  11522.50  11554.75   11554.75   12668
2022-11-01 05:00:00-04:00  11555.25  11573.00  11535.75  11569.75   11569.75    8882
2022-11-01 06:00:00-04:00  11569.75  11593.25  11558.50  11582.75   11582.75    8504
2022-11-01 07:00:00-04:00  11583.25  11594.75  11568.50  11585.25   11585.25    7548
2022-11-01 08:00:00-04:00  11585.50  11614.50  11577.50  11602.75   11602.75   16446
2022-11-01 09:00:00-04:00  11602.25  11619.00  11499.75  11513.00   11513.00   80098
2022-11-01 10:00:00-04:00  11512.25  11527.75  11342.25  11357.75   11357.75  132861
2022-11-01 11:00:00-04:00  11358.25  11396.50  11325.75  11364.25   11364.25   70538
2022-11-01 12:00:00-04:00  11364.75  11411.25  11315.75  11355.50   11355.50   64563
2022-11-01 13:00:00-04:00  11355.25  11374.75  11323.50  11351.25   11351.25   40924
2022-11-01 14:00:00-04:00  11351.75  11375.75  11328.25  11369.50   11369.50   38121
2022-11-01 15:00:00-04:00  11369.50  11380.00  11328.50  11330.50   11330.50   54967
2022-11-01 16:00:00-04:00  11330.75  11340.25  11288.75  11320.50   11320.50   22163
2022-11-01 18:00:00-04:00  11320.25  11343.75  11320.25  11340.50   11340.50       0
2022-11-01 19:00:00-04:00  11341.50  11348.75  11327.25  11332.25   11332.25    2568
2022-11-01 20:00:00-04:00  11333.00  11370.25  11318.75  11365.50   11365.50    6457
2022-11-01 21:00:00-04:00  11365.75  11378.25  11359.25  11368.25   11368.25    3328
2022-11-01 22:00:00-04:00  11369.25  11379.50  11352.00  11373.25   11373.25    3325
2022-11-01 23:00:00-04:00  11373.75  11384.25  11361.00  11373.25   11373.25    3568
2022-11-02 00:00:00-04:00  11372.00  11378.25  11362.50  11370.25   11370.25    2429
2022-11-02 01:00:00-04:00  11371.00  11382.75  11366.75  11375.50   11375.50    3675
2022-11-02 02:00:00-04:00  11376.50  11377.00  11351.00  11359.75   11359.75    3671
2022-11-02 03:00:00-04:00  11359.75  11366.25  11335.75  11351.75   11351.75    6525
2022-11-02 04:00:00-04:00  11351.00  11390.00  11348.75  11372.25   11372.25    9719
2022-11-02 05:00:00-04:00  11371.75  11380.50  11336.00  11355.25   11355.25    7750
2022-11-02 06:00:00-04:00  11354.25  11361.25  11330.25  11347.50   11347.50    6335
2022-11-02 07:00:00-04:00  11347.25  11359.50  11335.50  11354.50   11354.50    6921
2022-11-02 08:00:00-04:00  11354.25  11360.00  11295.50  11332.25   11332.25   25791
2022-11-02 09:00:00-04:00  11332.25  11341.00  11271.25  11279.75   11279.75   67064
2022-11-02 10:00:00-04:00  11280.50  11309.50  11254.00  11269.25   11269.25   65663
2022-11-02 11:00:00-04:00  11269.50  11276.00  11224.50  11234.75   11234.75   51274
2022-11-02 12:00:00-04:00  11235.25  11242.25  11191.00  11235.25   11235.25   40774
2022-11-02 13:00:00-04:00  11235.50  11266.75  11209.75  11250.50   11250.50   33188
2022-11-02 14:00:00-04:00  11251.50  11460.00  11118.00  11158.75   11158.75  233000
2022-11-02 15:00:00-04:00  11159.00  11243.75  10936.75  10939.75   10939.75  145440
2022-11-02 16:00:00-04:00  10938.75  10956.50  10909.00  10941.75   10941.75   33023
2022-11-02 18:00:00-04:00  10938.00  10946.00  10901.25  10923.75   10923.75       0
2022-11-02 19:00:00-04:00  10923.00  10924.75  10905.50  10919.75   10919.75    4107
2022-11-02 20:00:00-04:00  10919.25  10944.25  10910.00  10944.00   10944.00    5260
2022-11-02 21:00:00-04:00  10943.75  10985.50  10938.75  10965.25   10965.25    7449
2022-11-02 22:00:00-04:00  10965.50  10982.00  10958.00  10964.00   10964.00    4113
2022-11-02 23:00:00-04:00  10964.00  10987.00  10964.00  10980.75   10980.75    3749
2022-11-03 00:00:00-04:00  10979.00  10987.00  10969.00  10976.00   10976.00    3319
2022-11-03 01:00:00-04:00  10976.75  10996.00  10973.50  10976.00   10976.00    4230
2022-11-03 02:00:00-04:00  10975.00  10978.25  10944.50  10959.75   10959.75    6505
2022-11-03 03:00:00-04:00  10959.75  10974.75  10921.25  10942.25   10942.25   10471
2022-11-03 04:00:00-04:00  10943.00  10964.50  10896.50  10918.25   10918.25   17094
2022-11-03 05:00:00-04:00  10917.50  10934.00  10891.25  10914.75   10914.75   11648
2022-11-03 06:00:00-04:00  10915.00  10922.00  10852.75  10866.00   10866.00   14390
2022-11-03 07:00:00-04:00  10865.00  10870.50  10816.00  10828.25   10828.25   15688
2022-11-03 08:00:00-04:00  10828.00  10859.00  10802.25  10805.00   10805.00   29712
2022-11-03 09:00:00-04:00  10804.50  10848.50  10723.00  10725.75   10725.75  110717
2022-11-03 10:00:00-04:00  10726.50  10882.50  10708.25  10867.00   10867.00  120664
2022-11-03 11:00:00-04:00  10867.50  10888.50  10754.00  10768.75   10768.75   79909
2022-11-03 12:00:00-04:00  10764.50  10861.75  10752.00  10851.50   10851.50   63299
2022-11-03 13:00:00-04:00  10852.00  10857.75  10778.00  10782.00   10782.00   40817
2022-11-03 14:00:00-04:00  10781.75  10817.50  10764.00  10809.25   10809.25   44434
2022-11-03 15:00:00-04:00  10809.25  10812.50  10717.00  10724.75   10724.75   71274
2022-11-03 16:00:00-04:00  10724.75  10741.50  10716.75  10728.50   10728.50   17284
2022-11-03 18:00:00-04:00  10712.00  10721.75  10692.75  10711.50   10711.50       0
2022-11-03 19:00:00-04:00  10712.25  10719.75  10705.25  10710.50   10710.50    3361
2022-11-03 20:00:00-04:00  10710.75  10734.75  10710.50  10733.00   10733.00    4509
2022-11-03 21:00:00-04:00  10733.00  10742.00  10716.25  10740.75   10740.75    4981
2022-11-03 22:00:00-04:00  10741.75  10749.00  10734.00  10743.50   10743.50    3287
2022-11-03 23:00:00-04:00  10744.00  10747.50  10736.50  10744.75   10744.75    2304
2022-11-04 00:00:00-04:00  10745.00  10781.75  10744.75  10775.75   10775.75    5223
2022-11-04 01:00:00-04:00  10775.50  10793.25  10768.75  10770.75   10770.75    5483
2022-11-04 02:00:00-04:00  10772.00  10828.75  10767.50  10814.25   10814.25    7693
2022-11-04 03:00:00-04:00  10814.00  10823.75  10750.00  10757.25   10757.25   12624
2022-11-04 04:00:00-04:00  10757.25  10789.50  10749.50  10788.00   10788.00   11490
2022-11-04 05:00:00-04:00  10788.50  10831.50  10783.75  10805.00   10805.00   14172
2022-11-04 06:00:00-04:00  10805.00  10828.50  10792.75  10818.50   10818.50    8474
2022-11-04 07:00:00-04:00  10818.75  10844.25  10798.00  10817.00   10817.00   13958
2022-11-04 08:00:00-04:00  10817.50  10877.75  10636.00  10873.00   10873.00   76324
2022-11-04 09:00:00-04:00  10872.75  10963.50  10724.75  10844.00   10844.00  137522
2022-11-04 10:00:00-04:00  10844.25  10974.25  10806.50  10889.50   10889.50  131157
2022-11-04 11:00:00-04:00  10890.00  10906.50  10700.75  10705.75   10705.75   98393
2022-11-04 12:00:00-04:00  10705.50  10795.75  10678.75  10717.00   10717.00   87682
2022-11-04 13:00:00-04:00  10707.25  10738.50  10667.75  10687.75   10687.75   64000
2022-11-04 14:00:00-04:00  10688.00  10816.75  10662.75  10808.25   10808.25   64682
2022-11-04 15:00:00-04:00  10808.00  10896.50  10793.00  10893.50   10893.50   87333
2022-11-04 16:00:00-04:00  10893.50  10916.50  10866.25  10871.25   10871.25   22069
2022-11-06 18:00:00-05:00  10788.00  10817.50  10751.00  10796.25   10796.25    7648
2022-11-06 19:00:00-05:00  10796.50  10835.00  10790.50  10822.00   10822.00    5688
2022-11-06 20:00:00-05:00  10822.00  10852.50  10785.00  10844.00   10844.00    9109
2022-11-06 21:00:00-05:00  10843.50  10869.25  10832.50  10865.50   10865.50    5403
2022-11-06 22:00:00-05:00  10866.00  10882.00  10851.00  10864.50   10864.50    5019
2022-11-06 23:00:00-05:00  10863.75  10874.75  10854.75  10863.50   10863.50    3654
2022-11-07 00:00:00-05:00  10864.00  10892.00  10854.00  10858.75   10858.75    4016
2022-11-07 01:00:00-05:00  10857.75  10877.75  10856.50  10871.50   10871.50    2877
2022-11-07 02:00:00-05:00  10871.25  10875.25  10815.00  10820.50   10820.50    7189
2022-11-07 03:00:00-05:00  10821.50  10931.25  10813.00  10926.00   10926.00   15257
2022-11-07 04:00:00-05:00  10925.75  10944.25  10899.25  10901.00   10901.00   11915
2022-11-07 05:00:00-05:00  10901.50  10954.25  10901.50  10949.25   10949.25    7770
2022-11-07 06:00:00-05:00  10949.50  10972.00  10943.00  10945.25   10945.25    8480
2022-11-07 07:00:00-05:00  10944.75  10962.50  10919.25  10932.00   10932.00   11427
2022-11-07 08:00:00-05:00  10932.50  10953.00  10906.25  10926.25   10926.25   24069
2022-11-07 09:00:00-05:00  10926.25  10968.75  10856.25  10883.75   10883.75   79980
2022-11-07 10:00:00-05:00  10884.00  10962.00  10865.00  10891.50   10891.50   67140