                               Open      High       Low     Close  Adj Close  Volume
2022-11-08 10:00:00-05:00  11064.00  11137.75  11041.00  11128.50   11128.50       0
2022-11-08 11:00:00-05:00  11128.75  11231.25  11110.50  11197.75   11197.75   75217
2022-11-08 12:00:00-05:00  11198.50  11216.50  11177.25  11200.25   11200.25   46503
2022-11-08 13:00:00-05:00  11200.50  11219.00  11029.75  11043.00   11043.00   85864
2022-11-08 14:00:00-05:00  11042.75  11064.75  10929.00  11022.25   11022.25  104994
2022-11-08 15:00:00-05:00  11022.50  11158.75  11017.25  11093.50   11093.50   95244
2022-11-08 16:00:00-05:00  11093.50  11099.25  11063.75  11088.75   11088.75   18826
2022-11-08 18:00:00-05:00  11089.25  11130.25  11084.25  11125.25   11125.25       0
2022-11-08 19:00:00-05:00  11125.75  11125.75  11090.75  11101.75   11101.75    5034
2022-11-08 20:00:00-05:00  11101.75  11164.25  11092.75  11124.00   11124.00    8080
2022-11-08 21:00:00-05:00  11123.50  11148.00  11105.25  11122.25   11122.25    6273
2022-11-08 22:00:00-05:00  11122.75  11131.00  11076.00  11093.50   11093.50    6761
2022-11-08 23:00:00-05:00  11093.50  11139.75  11075.50  11127.00   11127.00    6641
2022-11-09 00:00:00-05:00  11129.50  11129.50  11088.50  11099.25   11099.25    5084
2022-11-09 01:00:00-05:00  11100.50  11103.00  11078.75  11083.00   11083.00    5105
2022-11-09 02:00:00-05:00  11083.75  11128.25  11079.75  11118.25   11118.25    7127
2022-11-09 03:00:00-05:00  11118.50  11154.50  11102.50  11110.75   11110.75   10980
2022-11-09 04:00:00-05:00  11111.00  11112.75  11033.50  11047.25   11047.25   13050
2022-11-09 05:00:00-05:00  11047.00  11080.00  11019.75  11072.25   11072.25   12436
2022-11-09 06:00:00-05:00  11072.25  11108.25  11065.00  11088.00   11088.00   10404
2022-11-09 07:00:00-05:00  11088.00  11098.25  11045.50  11091.50   11091.50   12700
2022-11-09 08:00:00-05:00  11090.75  11101.00  11010.25  11022.75   11022.75   29380
2022-11-09 09:00:00-05:00  11022.50  11052.25  10961.50  10976.75   10976.75   90189
2022-11-09 10:00:00-05:00  10977.00  11049.00  10925.75  10952.75   10952.75  114336
2022-11-09 11:00:00-05:00  10952.50  11029.25  10950.00  10981.50   10981.50   57876
2022-11-09 12:00:00-05:00  10982.00  10991.50  10940.50  10958.75   10958.75   41425
2022-11-09 13:00:00-05:00  10959.25  10975.00  10855.75  10878.00   10878.00   67096
2022-11-09 14:00:00-05:00  10878.50  10907.00  10835.75  10845.50   10845.50   50444
2022-11-09 15:00:00-05:00  10845.50  10896.25  10822.25  10831.00   10831.00   72988
2022-11-09 16:00:00-05:00  10831.75  10852.75  10827.50  10842.75   10842.75   16545
2022-11-09 18:00:00-05:00  10841.00  10855.75  10834.75  10845.00   10845.00       0
2022-11-09 19:00:00-05:00  10844.00  10876.75  10839.00  10865.50   10865.50    5343
2022-11-09 20:00:00-05:00  10869.50  10883.00  10861.00  10867.25   10867.25    5055
2022-11-09 21:00:00-05:00  10866.50  10871.75  10847.50  10861.75   10861.75    3499
2022-11-09 22:00:00-05:00  10861.75  10873.75  10855.00  10862.00   10862.00    2424
2022-11-09 23:00:00-05:00  10862.50  10879.75  10858.50  10877.75   10877.75    2752
2022-11-10 00:00:00-05:00  10877.75  10891.25  10876.00  10878.50   10878.50    3291
2022-11-10 01:00:00-05:00  10879.25  10884.00  10860.75  10875.75   10875.75    3031
2022-11-10 02:00:00-05:00  10875.25  10886.75  10839.75  10856.50   10856.50    5674
2022-11-10 03:00:00-05:00  10857.75  10887.50  10850.75  10862.50   10862.50    8630
2022-11-10 04:00:00-05:00  10862.50  10877.00  10849.25  10864.50   10864.50    6331
2022-11-10 05:00:00-05:00  10863.75  10885.75  10843.00  10885.50   10885.50    7414
2022-11-10 06:00:00-05:00  10885.50  10904.75  10854.25  10884.50   10884.50   12201
2022-11-10 07:00:00-05:00  10884.50  10890.75  10863.50  10878.50   10878.50    8543
2022-11-10 08:00:00-05:00  10878.50  11316.25  10808.00  11305.00   11305.00  103902
2022-11-10 09:00:00-05:00  11305.00  11454.50  11269.25  11451.00   11451.00  167790
2022-11-10 10:00:00-05:00  11451.25  11469.00  11358.50  11448.00   11448.00  117850
2022-11-10 11:00:00-05:00  11448.25  11498.75  11408.00  11494.00   11494.00   70640
2022-11-10 12:00:00-05:00  11494.25  11495.75  11422.25  11426.00   11426.00   55631
2022-11-10 13:00:00-05:00  11426.00  11508.25  11424.75  11501.25   11501.25   60141
2022-11-10 14:00:00-05:00  11500.75  11529.50  11486.25  11525.00   11525.00   42223
2022-11-10 15:00:00-05:00  11525.25  11644.75  11513.00  11628.25   11628.25  113402
2022-11-10 16:00:00-05:00  11628.75  11677.00  11617.25  11675.25   11675.25   30009
2022-11-10 18:00:00-05:00  11669.75  11685.00  11646.00  11675.50   11675.50       0
2022-11-10 19:00:00-05:00  11675.25  11682.50  11642.50  11664.25   11664.25    6071
2022-11-10 20:00:00-05:00  11664.00  11676.75  11625.25  11630.00   11630.00    8502
2022-11-10 21:00:00-05:00  11629.50  11661.50  11629.50  11643.25   11643.25    4396
2022-11-10 22:00:00-05:00  11643.00  11643.50  11620.25  11635.50   11635.50    4427
2022-11-10 23:00:00-05:00  11634.75  11657.25  11627.00  11653.75   11653.75    3156
2022-11-11 00:00:00-05:00  11655.25  11722.75  11646.50  11718.00   11718.00    9510
2022-11-11 01:00:00-05:00  11717.75  11745.25  11711.25  11735.75   11735.75    9872
2022-11-11 02:00:00-05:00  11734.75  11759.00  11704.50  11753.00   11753.00    9885
2022-11-11 03:00:00-05:00  11752.75  11777.25  11709.25  11770.00   11770.00   14873
2022-11-11 04:00:00-05:00  11771.00  11771.25  11711.25  11727.75   11727.75   13136
2022-11-11 05:00:00-05:00  11728.25  11743.00  11688.50  11698.50   11698.50   12561
2022-11-11 06:00:00-05:00  11699.25  11719.25  11685.25  11702.00   11702.00    7924
2022-11-11 07:00:00-05:00  11702.25  11706.75  11671.50  11704.50   11704.50   11108
2022-11-11 08:00:00-05:00  11705.50  11722.00  11682.75  11701.75   11701.75   19756
2022-11-11 09:00:00-05:00  11702.00  11702.00  11575.50  11644.25   11644.25  105957
2022-11-11 10:00:00-05:00  11642.00  11780.50  11592.75  11748.00   11748.00  106592
2022-11-11 11:00:00-05:00  11748.25  11778.50  11638.50  11707.25   11707.25   70998
2022-11-11 12:00:00-05:00  11707.50  11779.00  11684.00  11762.75   11762.75   45177
2022-11-11 13:00:00-05:00  11762.50  11850.00  11760.25  11843.25   11843.25   53852
2022-11-11 14:00:00-05:00  11844.00  11876.75  11823.50  11874.25   11874.25   49826
2022-11-11 15:00:00-05:00  11874.25  11875.75  11787.75  11848.75   11848.75   85781
2022-11-11 16:00:00-05:00  11848.00  11853.75  11828.75  11836.25   11836.25   15754
2022-11-13 18:00:00-05:00  11790.00  11818.50  11766.25  11810.50   11810.50    7389
2022-11-13 19:00:00-05:00  11810.50  11822.00  11784.75  11795.00   11795.00    5234
2022-11-13 20:00:00-05:00  11795.00  11826.50  11787.50  11794.00   11794.00    7046
2022-11-13 21:00:00-05:00  11798.50  11801.50  11778.00  11798.50   11798.50    3771
2022-11-13 22:00:00-05:00  11798.75  11810.00  11793.00  11805.25   11805.25    2565
2022-11-13 23:00:00-05:00  11805.00  11806.00  11784.50  11789.50   11789.50    2444
2022-11-14 00:00:00-05:00  11788.00  11795.75  11759.00  11759.50   11759.50    5281
2022-11-14 01:00:00-05:00  11759.50  11787.25  11758.25  11785.75   11785.75    4128
2022-11-14 02:00:00-05:00  11786.25  11806.50  11779.75  11787.50   11787.50    5418
2022-11-14 03:00:00-05:00  11787.25  11811.75  11773.75  11800.00   11800.00   16928
2022-11-14 04:00:00-05:00  11800.25  11802.00  11752.50  11756.50   11756.50    9573
2022-11-14 05:00:00-05:00  11755.75  11777.75  11745.75  11770.25   11770.25    6294
2022-11-14 06:00:00-05:00  11770.00  11781.00  11756.25  11770.25   11770.25    5709
2022-11-14 07:00:00-05:00  11770.00  11802.75  11765.00  11799.50   11799.50    8130
2022-11-14 08:00:00-05:00  11798.50  11804.75  11767.25  11774.00   11774.00   13533
2022-11-14 09:00:00-05:00  11773.25  11789.25  11702.00  11745.00   11745.00   84453
2022-11-14 10:00:00-05:00  11745.50  11817.00  11744.75  11795.00   11795.00   85722
2022-11-14 11:00:00-05:00  11795.25  11826.50  11728.50  11802.75   11802.75   71138
2022-11-14 12:00:00-05:00  11803.00  11853.50  11783.25  11827.00   11827.00   49797
2022-11-14 13:00:00-05:00  11827.50  11894.50  11817.75  11892.00   11892.00   42847
2022-11-14 14:00:00-05:00  11891.75  11898.50  11836.50  11854.00   11854.00   38782
2022-11-14 15:00:00-05:00  11854.25  11883.50  11729.00  11742.00   11742.00   75172
2022-11-14 16:00:00-05:00  11742.25  11772.50  11740.25  11768.50   11768.50   16184
2022-11-14 18:00:00-05:00  11768.50  11784.00  11766.75  11766.75   11766.75       0
2022-11-14 19:00:00-05:00  11767.00  11777.75  11761.75  11765.00   11765.00    3166
2022-11-14 20:00:00-05:00  11766.00  11794.50  11762.25  11788.00   11788.00    4582
2022-11-14 21:00:00-05:00  11788.25  11805.75  11781.25  11804.50   11804.50    4101
2022-11-14 22:00:00-05:00  11804.00  11812.50  11798.50  11808.00   11808.00    3380
2022-11-14 23:00:00-05:00  11807.50  11811.75  11802.00  11804.25   11804.25    2556
2022-11-15 00:00:00-05:00  11804.75  11827.50  11804.75  11817.25   11817.25    3793
2022-11-15 01:00:00-05:00  11816.75  11832.50  11815.50  11832.25   11832.25    3213
2022-11-15 02:00:00-05:00  11832.00  11862.00  11829.25  11842.50   11842.50    7905
2022-11-15 03:00:00-05:00  11843.25  11856.50  11824.00  11848.50   11848.50   10193
2022-11-15 04:00:00-05:00  11849.00  11861.25  11838.25  11856.00   11856.00    8299
2022-11-15 05:00:00-05:00  11855.25  11879.75  11853.25  11873.00   11873.00    7667
2022-11-15 06:00:00-05:00  11871.75  11883.50  11857.75  11878.50   11878.50    7437
2022-11-15 07:00:00-05:00  11878.75  11920.50  11858.00  11915.25   11915.25   14645
2022-11-15 08:00:00-05:00  11914.50  12118.75  11911.75  12074.25   12074.25   71125
2022-11-15 09:00:00-05:00  12074.50  12078.75  11963.00  12031.00   12031.00  100134
2022-11-15 10:00:00-05:00  12031.25  12054.75  11994.25  12018.00   12018.00   64955