                               Open      High       Low     Close  Adj Close  Volume
2022-10-24 10:00:00-04:00  11363.00  11364.00  11208.00  11355.00   11355.00       0
2022-10-24 11:00:00-04:00  11354.25  11420.50  11320.50  11417.75   11417.75   68304
2022-10-24 12:00:00-04:00  11418.50  11454.75  11393.00  11428.75   11428.75   52088
2022-10-24 13:00:00-04:00  11428.25  11431.00  11373.50  11395.25   11395.25   42229
2022-10-24 14:00:00-04:00  11395.50  11481.25  11391.00  11479.00   11479.00   38479
2022-10-24 15:00:00-04:00  11478.75  11515.75  11454.75  11480.50   11480.50   63218
2022-10-24 16:00:00-04:00  11480.25  11487.00  11453.75  11459.25   11459.25   13219
2022-10-24 18:00:00-04:00  11453.75  11485.00  11453.50  11484.25   11484.25       0
2022-10-24 19:00:00-04:00  11484.00  11492.50  11468.25  11475.50   11475.50    3995
2022-10-24 20:00:00-04:00  11475.50  11503.75  11451.50  11490.50   11490.50    6125
2022-10-24 21:00:00-04:00  11490.00  11494.75  11430.25  11454.75   11454.75    9835
2022-10-24 22:00:00-04:00  11452.25  11461.25  11437.75  11460.50   11460.50    4400
2022-10-24 23:00:00-04:00  11460.75  11496.50  11455.50  11479.75   11479.75    5326
2022-10-25 00:00:00-04:00  11482.25  11495.25  11479.50  11485.75   11485.75    2421
2022-10-25 01:00:00-04:00  11485.75  11491.00  11463.00  11478.50   11478.50    4083
2022-10-25 02:00:00-04:00  11477.25  11513.75  11476.75  11493.25   11493.25    8135
2022-10-25 03:00:00-04:00  11494.50  11512.50  11471.00  11493.50   11493.50   14651
2022-10-25 04:00:00-04:00  11493.00  11508.75  11468.25  11472.75   11472.75   10906
2022-10-25 05:00:00-04:00  11472.75  11473.00  11440.25  11452.75   11452.75    8356
2022-10-25 06:00:00-04:00  11453.75  11482.00  11440.00  11480.25   11480.25    8752
2022-10-25 07:00:00-04:00  11480.50  11493.75  11462.50  11466.00   11466.00    9459
2022-10-25 08:00:00-04:00  11466.25  11480.75  11446.75  11477.75   11477.75   18244
2022-10-25 09:00:00-04:00  11477.50  11664.75  11477.25  11650.00   11650.00  109273
2022-10-25 10:00:00-04:00  11649.75  11662.75  11606.00  11629.25   11629.25   92723
2022-10-25 11:00:00-04:00  11629.75  11697.00  11621.75  11684.00   11684.00   66443
2022-10-25 12:00:00-04:00  11684.25  11706.00  11648.00  11654.00   11654.00   47897
2022-10-25 13:00:00-04:00  11654.50  11669.00  11615.25  11647.75   11647.75   53011
2022-10-25 14:00:00-04:00  11647.75  11700.75  11644.00  11671.00   11671.00   42949
2022-10-25 15:00:00-04:00  11671.25  11725.75  11670.75  11713.25   11713.25   68904
2022-10-25 16:00:00-04:00  11713.00  11734.00  11539.75  11585.75   11585.75   52050
2022-10-25 17:00:00-04:00  11585.75  11585.75  11585.75  11585.75   11585.75       1
2022-10-25 18:00:00-04:00  11510.00  11525.25  11471.00  11474.00   11474.00       0
2022-10-25 19:00:00-04:00  11473.75  11478.75  11451.25  11468.75   11468.75    8764
2022-10-25 20:00:00-04:00  11469.50  11476.50  11442.00  11449.25   11449.25    7550
2022-10-25 21:00:00-04:00  11449.25  11489.75  11436.25  11482.75   11482.75    7284
2022-10-25 22:00:00-04:00  11483.50  11507.00  11482.25  11496.00   11496.00    6452
2022-10-25 23:00:00-04:00  11497.00  11498.75  11483.75  11493.50   11493.50    3466
2022-10-26 00:00:00-04:00  11494.25  11503.25  11488.25  11492.50   11492.50    2087
2022-10-26 01:00:00-04:00  11491.00  11502.00  11476.00  11481.00   11481.00    4205
2022-10-26 02:00:00-04:00  11480.50  11508.75  11476.75  11494.00   11494.00    6935
2022-10-26 03:00:00-04:00  11494.25  11540.75  11490.25  11531.25   11531.25   16423
2022-10-26 04:00:00-04:00  11532.00  11568.50  11530.50  11559.00   11559.00   15273
2022-10-26 05:00:00-04:00  11558.50  11558.50  11509.00  11518.25   11518.25   10877
2022-10-26 06:00:00-04:00  11518.00  11540.50  11504.75  11533.75   11533.75   10522
2022-10-26 07:00:00-04:00  11533.50  11555.75  11502.25  11515.75   11515.75   15285
2022-10-26 08:00:00-04:00  11515.00  11528.25  11479.00  11506.75   11506.75   20828
2022-10-26 09:00:00-04:00  11506.75  11530.00  11433.00  11482.75   11482.75  101980
2022-10-26 10:00:00-04:00  11483.25  11654.75  11483.25  11605.00   11605.00  121544
2022-10-26 11:00:00-04:00  11605.00  11703.50  11604.75  11666.50   11666.50   79129
2022-10-26 12:00:00-04:00  11666.25  11679.75  11550.75  11554.00   11554.00   61615
2022-10-26 13:00:00-04:00  11536.50  11556.00  11472.25  11524.75   11524.75   74473
2022-10-26 14:00:00-04:00  11524.50  11543.25  11458.75  11479.75   11479.75   54066
2022-10-26 15:00:00-04:00  11479.25  11484.75  11437.50  11454.50   11454.50   75566
2022-10-26 16:00:00-04:00  11454.75  11537.25  11415.00  11474.25   11474.25   47919
2022-10-26 18:00:00-04:00  11417.75  11464.00  11416.00  11464.00   11464.00       0
2022-10-26 19:00:00-04:00  11463.50  11506.00  11462.25  11498.25   11498.25    6870
2022-10-26 20:00:00-04:00  11498.00  11537.50  11477.50  11491.50   11491.50    9954
2022-10-26 21:00:00-04:00  11491.00  11517.75  11488.00  11505.25   11505.25    7628
2022-10-26 22:00:00-04:00  11505.00  11506.25  11461.50  11477.50   11477.50    5128
2022-10-26 23:00:00-04:00  11477.75  11500.00  11477.75  11498.25   11498.25    3136
2022-10-27 00:00:00-04:00  11498.50  11505.50  11489.00  11502.00   11502.00    3431
2022-10-27 01:00:00-04:00  11502.00  11517.25  11481.50  11510.50   11510.50    4496
2022-10-27 02:00:00-04:00  11510.00  11515.00  11455.50  11459.50   11459.50    8533
2022-10-27 03:00:00-04:00  11459.25  11477.25  11433.75  11444.25   11444.25   15692
2022-10-27 04:00:00-04:00  11443.75  11468.25  11428.25  11439.00   11439.00   11130
2022-10-27 05:00:00-04:00  11439.50  11442.00  11391.75  11392.00   11392.00   11105
2022-10-27 06:00:00-04:00  11393.00  11409.00  11365.75  11372.25   11372.25   10595
2022-10-27 07:00:00-04:00  11371.75  11407.50  11367.50  11376.25   11376.25   13215
2022-10-27 08:00:00-04:00  11376.75  11459.50  11355.75  11437.00   11437.00   53292
2022-10-27 09:00:00-04:00  11437.00  11464.00  11264.00  11291.50   11291.50  107689
2022-10-27 10:00:00-04:00  11292.00  11453.00  11275.50  11320.25   11320.25  112206
2022-10-27 11:00:00-04:00  11320.50  11380.25  11284.25  11290.50   11290.50   73125
2022-10-27 12:00:00-04:00  11291.75  11329.75  11247.50  11288.75   11288.75   57665
2022-10-27 13:00:00-04:00  11289.00  11337.25  11261.25  11263.50   11263.50   48484
2022-10-27 14:00:00-04:00  11263.75  11273.75  11229.75  11243.25   11243.25   41103
2022-10-27 15:00:00-04:00  11243.50  11283.75  11220.25  11239.50   11239.50   64873
2022-10-27 16:00:00-04:00  11240.00  11251.00  10921.50  11095.50   11095.50   85464
2022-10-27 18:00:00-04:00  11122.75  11189.75  11122.75  11154.25   11154.25       0
2022-10-27 19:00:00-04:00  11154.50  11161.50  11127.25  11135.00   11135.00    5399
2022-10-27 20:00:00-04:00  11136.25  11157.25  11123.25  11144.50   11144.50    6185
2022-10-27 21:00:00-04:00  11145.00  11189.00  11145.00  11180.75   11180.75    8158
2022-10-27 22:00:00-04:00  11180.25  11186.00  11148.50  11166.00   11166.00    4838
2022-10-27 23:00:00-04:00  11166.25  11172.75  11146.50  11158.75   11158.75    4537
2022-10-28 00:00:00-04:00  11160.00  11163.25  11134.75  11146.50   11146.50    3327
2022-10-28 01:00:00-04:00  11146.00  11147.00  11102.75  11112.75   11112.75    8792
2022-10-28 02:00:00-04:00  11113.25  11124.50  11082.75  11091.50   11091.50    9996
2022-10-28 03:00:00-04:00  11092.75  11124.00  11062.00  11077.25   11077.25   16990
2022-10-28 04:00:00-04:00  11077.00  11119.75  11067.50  11109.75   11109.75    9915
2022-10-28 05:00:00-04:00  11110.00  11119.00  11075.75  11116.25   11116.25   10462
2022-10-28 06:00:00-04:00  11117.25  11129.50  11102.00  11119.25   11119.25    7434
2022-10-28 07:00:00-04:00  11119.25  11153.75  11100.75  11129.50   11129.50   12330
2022-10-28 08:00:00-04:00  11130.25  11219.75  11069.00  11151.00   11151.00   47881
2022-10-28 09:00:00-04:00  11150.25  11364.25  11137.00  11319.75   11319.75  112615
2022-10-28 10:00:00-04:00  11320.50  11471.75  11257.25  11461.50   11461.50  121970
2022-10-28 11:00:00-04:00  11461.50  11497.25  11440.50  11460.25   11460.25   68515
2022-10-28 12:00:00-04:00  11459.50  11531.50  11435.00  11518.50   11518.50   63484
2022-10-28 13:00:00-04:00  11518.75  11554.50  11512.75  11528.50   11528.50   39630
2022-10-28 14:00:00-04:00  11528.50  11585.00  11514.50  11575.75   11575.75   46402
2022-10-28 15:00:00-04:00  11576.25  11605.50  11548.00  11585.25   11585.25   73618
2022-10-28 16:00:00-04:00  11584.50  11626.00  11582.00  11625.50   11625.50   21007
2022-10-30 18:00:00-04:00  11592.50  11595.00  11545.50  11569.75   11569.75    6249
2022-10-30 19:00:00-04:00  11570.75  11587.50  11554.00  11557.50   11557.50    4035
2022-10-30 20:00:00-04:00  11557.50  11561.75  11519.00  11532.00   11532.00    5858
2022-10-30 21:00:00-04:00  11532.00  11554.75  11517.25  11549.75   11549.75    6685
2022-10-30 22:00:00-04:00  11549.25  11565.50  11541.00  11556.00   11556.00    3527
2022-10-30 23:00:00-04:00  11556.25  11581.75  11553.00  11572.50   11572.50    3125
2022-10-31 00:00:00-04:00  11569.00  11573.50  11554.50  11557.25   11557.25    2041
2022-10-31 01:00:00-04:00  11557.25  11572.50  11543.00  11551.00   11551.00    2966
2022-10-31 02:00:00-04:00  11551.75  11557.25  11534.00  11542.00   11542.00    3961
2022-10-31 03:00:00-04:00  11542.00  11562.50  11525.25  11561.75   11561.75    5289
2022-10-31 04:00:00-04:00  11563.00  11563.50  11483.75  11499.25   11499.25   12810
2022-10-31 05:00:00-04:00  11498.50  11522.00  11488.75  11506.25   11506.25    6961
2022-10-31 06:00:00-04:00  11506.75  11517.50  11494.25  11515.00   11515.00    6110
2022-10-31 07:00:00-04:00  11514.25  11545.50  11514.00  11522.75   11522.75   10643
2022-10-31 08:00:00-04:00  11523.00  11525.00  11489.75  11504.25   11504.25   14712
2022-10-31 09:00:00-04:00  11504.50  11522.50  11413.00  11423.00   11423.00   94366
2022-10-31 10:00:00-04:00  11422.75  11453.25  11367.50  11411.75   11411.75   67057