                               Open      High       Low     Close  Adj Close  Volume
2022-11-17 10:00:00-05:00  11588.50  11672.75  11571.00  11606.00   11606.00       0
2022-11-17 11:00:00-05:00  11606.00  11710.75  11598.00  11708.50   11708.50   79110
2022-11-17 12:00:00-05:00  11708.75  11765.75  11680.75  11748.50   11748.50   59913
2022-11-17 13:00:00-05:00  11748.50  11775.00  11727.25  11746.25   11746.25   47745
2022-11-17 14:00:00-05:00  11746.25  11756.75  11664.25  11683.25   11683.25   59565
2022-11-17 15:00:00-05:00  11683.75  11716.00  11625.50  11711.75   11711.75   73893
2022-11-17 16:00:00-05:00  11712.25  11748.00  11705.50  11746.50   11746.50   17260
2022-11-17 18:00:00-05:00  11747.75  11760.50  11718.00  11719.50   11719.50       0
2022-11-17 19:00:00-05:00  11720.25  11740.25  11715.25  11738.50   11738.50    3774
2022-11-17 20:00:00-05:00  11739.75  11749.75  11717.50  11731.00   11731.00    4479
2022-11-17 21:00:00-05:00  11730.50  11747.00  11726.00  11728.00   11728.00    3796
2022-11-17 22:00:00-05:00  11728.25  11749.00  11722.75  11740.00   11740.00    2345
2022-11-17 23:00:00-05:00  11740.00  11740.25  11720.50  11725.25   11725.25    2813
2022-11-18 00:00:00-05:00  11725.25  11733.50  11706.50  11715.25   11715.25    3094
2022-11-18 01:00:00-05:00  11716.00  11723.25  11685.00  11707.00   11707.00    4907
2022-11-18 02:00:00-05:00  11706.75  11728.25  11701.00  11708.50   11708.50    5900
2022-11-18 03:00:00-05:00  11708.50  11724.00  11672.25  11723.75   11723.75   10430
2022-11-18 04:00:00-05:00  11723.00  11778.50  11715.50  11751.25   11751.25   12714
2022-11-18 05:00:00-05:00  11751.25  11814.50  11741.50  11808.00   11808.00    9926
2022-11-18 06:00:00-05:00  11808.75  11820.00  11790.25  11799.75   11799.75    7964
2022-11-18 07:00:00-05:00  11799.25  11836.00  11796.50  11812.00   11812.00   10334
2022-11-18 08:00:00-05:00  11812.00  11843.00  11805.00  11833.25   11833.25   17321
2022-11-18 09:00:00-05:00  11833.00  11843.00  11735.50  11753.00   11753.00   83102
2022-11-18 10:00:00-05:00  11753.50  11757.75  11655.75  11672.75   11672.75   86191
2022-11-18 11:00:00-05:00  11672.50  11716.75  11645.00  11681.25   11681.25   63598
2022-11-18 12:00:00-05:00  11680.75  11690.75  11607.00  11632.50   11632.50   58541
2022-11-18 13:00:00-05:00  11633.25  11676.00  11626.25  11643.50   11643.50   48087
2022-11-18 14:00:00-05:00  11643.50  11673.25  11636.50  11667.50   11667.50   39356
2022-11-18 15:00:00-05:00  11668.00  11741.25  11665.50  11708.00   11708.00   79813
2022-11-18 16:00:00-05:00  11707.50  11721.75  11699.50  11711.00   11711.00   16099
2022-11-20 18:00:00-05:00  11723.00  11756.00  11701.75  11708.00   11708.00    4728
2022-11-20 19:00:00-05:00  11709.25  11714.50  11680.50  11685.50   11685.50    4075
2022-11-20 20:00:00-05:00  11684.50  11688.00  11663.50  11669.00   11669.00    5184
2022-11-20 21:00:00-05:00  11667.75  11677.75  11658.25  11675.75   11675.75    3401
2022-11-20 22:00:00-05:00  11675.50  11683.25  11671.25  11681.75   11681.75    2818
2022-11-20 23:00:00-05:00  11681.00  11688.00  11672.25  11680.25   11680.25    2389
2022-11-21 00:00:00-05:00  11680.00  11682.50  11666.25  11681.50   11681.50    2728
2022-11-21 01:00:00-05:00  11681.50  11684.50  11661.00  11665.50   11665.50    2324
2022-11-21 02:00:00-05:00  11665.00  11675.50  11644.75  11648.00   11648.00    4018
2022-11-21 03:00:00-05:00  11649.00  11682.50  11635.00  11650.50   11650.50    9130
2022-11-21 04:00:00-05:00  11649.25  11656.00  11618.00  11631.00   11631.00    9000
2022-11-21 05:00:00-05:00  11631.75  11643.50  11611.50  11618.75   11618.75    5517
2022-11-21 06:00:00-05:00  11618.50  11629.75  11602.25  11610.75   11610.75    5124
2022-11-21 07:00:00-05:00  11610.25  11624.50  11595.25  11622.50   11622.50    6608
2022-11-21 08:00:00-05:00  11623.00  11656.75  11614.25  11653.75   11653.75   14404
2022-11-21 09:00:00-05:00  11653.75  11699.75  11628.25  11662.50   11662.50   69703
2022-11-21 10:00:00-05:00  11663.00  11674.50  11575.00  11598.00   11598.00   75152
2022-11-21 11:00:00-05:00  11598.25  11629.25  11564.50  11578.25   11578.25   50556
2022-11-21 12:00:00-05:00  11578.25  11601.00  11553.00  11560.00   11560.00   43645
2022-11-21 13:00:00-05:00  11559.75  11634.50  11557.50  11600.00   11600.00   46922
2022-11-21 14:00:00-05:00  11600.25  11621.00  11579.50  11589.00   11589.00   41033
2022-11-21 15:00:00-05:00  11588.75  11612.50  11577.00  11587.00   11587.00   54453
2022-11-21 16:00:00-05:00  11587.00  11598.25  11585.00  11589.00   11589.00   11356
2022-11-21 18:00:00-05:00  11588.00  11596.50  11578.00  11593.75   11593.75       0
2022-11-21 19:00:00-05:00  11594.25  11623.50  11592.75  11610.50   11610.50    4439
2022-11-21 20:00:00-05:00  11611.25  11626.00  11604.25  11605.50   11605.50    3784
2022-11-21 21:00:00-05:00  11605.50  11614.00  11595.00  11606.50   11606.50    3228
2022-11-21 22:00:00-05:00  11607.00  11618.50  11603.00  11609.25   11609.25    2115
2022-11-21 23:00:00-05:00  11609.50  11611.50  11603.50  11604.00   11604.00    1255
2022-11-22 00:00:00-05:00  11603.75  11603.75  11581.50  11583.50   11583.50    3408
2022-11-22 01:00:00-05:00  11582.75  11592.75  11572.00  11577.75   11577.75    3241
2022-11-22 02:00:00-05:00  11578.00  11593.00  11561.50  11585.75   11585.75    4525
2022-11-22 03:00:00-05:00  11585.25  11588.25  11526.75  11553.50   11553.50   12589
2022-11-22 04:00:00-05:00  11552.75  11624.00  11551.50  11615.00   11615.00   13726
2022-11-22 05:00:00-05:00  11614.75  11619.00  11595.25  11608.00   11608.00    5950
2022-11-22 06:00:00-05:00  11607.25  11614.00  11565.50  11585.00   11585.00    9601
2022-11-22 07:00:00-05:00  11585.75  11614.00  11579.00  11608.25   11608.25    7667
2022-11-22 08:00:00-05:00  11607.75  11641.50  11607.25  11637.00   11637.00   14398
2022-11-22 09:00:00-05:00  11637.25  11642.00  11527.25  11546.00   11546.00   68548
2022-11-22 10:00:00-05:00  11546.50  11654.50  11540.00  11651.00   11651.00   92843
2022-11-22 11:00:00-05:00  11651.25  11656.25  11616.00  11643.25   11643.25   56691
2022-11-22 12:00:00-05:00  11643.75  11668.50  11641.75  11653.75   11653.75   42981
2022-11-22 13:00:00-05:00  11654.00  11700.00  11644.25  11698.25   11698.25   56272
2022-11-22 14:00:00-05:00  11698.50  11707.25  11674.25  11699.50   11699.50   47720
2022-11-22 15:00:00-05:00  11699.25  11759.00  11696.75  11750.75   11750.75   55398
2022-11-22 16:00:00-05:00  11751.25  11754.50  11733.50  11739.25   11739.25   12117
2022-11-22 18:00:00-05:00  11741.50  11751.75  11738.25  11744.75   11744.75       0
2022-11-22 19:00:00-05:00  11745.25  11756.00  11736.50  11738.50   11738.50    2486
2022-11-22 20:00:00-05:00  11738.25  11738.75  11721.75  11729.75   11729.75    3102
2022-11-22 21:00:00-05:00  11729.50  11736.75  11723.00  11736.75   11736.75    1746
2022-11-22 22:00:00-05:00  11737.00  11737.00  11726.00  11728.00   11728.00    1389
2022-11-22 23:00:00-05:00  11728.00  11730.75  11720.00  11727.75   11727.75    1569
2022-11-23 00:00:00-05:00  11727.50  11742.75  11725.25  11741.25   11741.25    2163
2022-11-23 01:00:00-05:00  11742.00  11748.50  11728.25  11742.00   11742.00    2649
2022-11-23 02:00:00-05:00  11741.50  11770.00  11728.50  11761.75   11761.75    5365
2022-11-23 03:00:00-05:00  11761.75  11766.25  11739.25  11746.25   11746.25    7422
2022-11-23 04:00:00-05:00  11746.75  11781.25  11740.50  11772.50   11772.50    6027
2022-11-23 05:00:00-05:00  11772.50  11772.75  11748.75  11758.00   11758.00    4771
2022-11-23 06:00:00-05:00  11758.50  11777.50  11745.75  11777.00   11777.00    5167
2022-11-23 07:00:00-05:00  11777.00  11793.50  11760.75  11783.50   11783.50    6647
2022-11-23 08:00:00-05:00  11782.25  11783.25  11738.00  11758.75   11758.75   18639
2022-11-23 09:00:00-05:00  11758.75  11852.00  11745.25  11832.50   11832.50   64959
2022-11-23 10:00:00-05:00  11832.75  11890.50  11802.25  11876.75   11876.75   64477
2022-11-23 11:00:00-05:00  11876.75  11885.75  11766.25  11785.75   11785.75   51800
2022-11-23 12:00:00-05:00  11785.50  11817.00  11741.75  11760.75   11760.75   41175
2022-11-23 13:00:00-05:00  11760.50  11824.00  11752.25  11812.50   11812.50   33681
2022-11-23 14:00:00-05:00  11812.75  11884.75  11781.25  11865.50   11865.50   74155
2022-11-23 15:00:00-05:00  11865.00  11892.75  11838.75  11869.00   11869.00   54001
2022-11-23 16:00:00-05:00  11868.75  11880.50  11864.50  11877.75   11877.75   11073
2022-11-23 18:00:00-05:00  11878.00  11889.75  11873.25  11888.50   11888.50       0
2022-11-23 19:00:00-05:00  11888.75  11899.50  11888.00  11895.50   11895.50    2755
2022-11-23 20:00:00-05:00  11895.50  11904.75  11893.00  11897.50   11897.50    2479
2022-11-23 21:00:00-05:00  11897.75  11901.00  11889.25  11898.75   11898.75    1385
2022-11-23 22:00:00-05:00  11899.50  11901.75  11892.25  11894.25   11894.25     987
2022-11-23 23:00:00-05:00  11893.75  11895.75  11888.00  11895.25   11895.25     945
2022-11-24 00:00:00-05:00  11895.25  11895.25  11886.00  11886.50   11886.50    1294
2022-11-24 01:00:00-05:00  11886.75  11890.00  11878.50  11886.25   11886.25    1502
2022-11-24 02:00:00-05:00  11886.50  11908.50  11884.50  11886.75   11886.75    3247
2022-11-24 03:00:00-05:00  11886.50  11909.50  11874.00  11904.75   11904.75    5465
2022-11-24 04:00:00-05:00  11905.25  11924.25  11903.75  11915.00   11915.00    6404
2022-11-24 05:00:00-05:00  11915.00  11928.50  11912.75  11928.00   11928.00    3554
2022-11-24 06:00:00-05:00  11927.75  11929.50  11917.25  11925.75   11925.75    2947
2022-11-24 07:00:00-05:00  11925.50  11933.00  11906.00  11912.00   11912.00    3725
2022-11-24 08:00:00-05:00  11911.75  11921.50  11901.00  11920.00   11920.00    3367
2022-11-24 09:00:00-05:00  11920.00  11922.50  11898.75  11909.50   11909.50    5832
2022-11-24 10:00:00-05:00  11909.50  11917.25  11905.00  11914.75   11914.75    2728