                               Open      High       Low     Close  Adj Close  Volume
2022-10-16 18:00:00-04:00  10720.00  10803.00  10713.00  10791.50   10791.50    6558
2022-10-16 19:00:00-04:00  10792.00  10798.00  10773.25  10792.25   10792.25    5246
2022-10-16 20:00:00-04:00  10792.50  10799.00  10762.00  10787.00   10787.00    6893
2022-10-16 21:00:00-04:00  10787.75  10804.00  10772.00  10783.25   10783.25    7489
2022-10-16 22:00:00-04:00  10783.50  10794.50  10771.50  10779.75   10779.75    4716
2022-10-16 23:00:00-04:00  10780.00  10792.00  10772.50  10783.50   10783.50    2629
2022-10-17 00:00:00-04:00  10784.50  10792.00  10776.00  10789.25   10789.25    7867
2022-10-17 01:00:00-04:00  10788.00  10850.25  10786.75  10840.00   10840.00   12850
2022-10-17 02:00:00-04:00  10839.00  10853.75  10823.25  10837.25   10837.25   12064
2022-10-17 03:00:00-04:00  10836.75  10901.50  10810.50  10880.25   10880.25   18834
2022-10-17 04:00:00-04:00  10881.25  10883.75  10838.75  10863.50   10863.50    9796
2022-10-17 05:00:00-04:00  10862.75  10887.75  10856.00  10882.75   10882.75    6635
2022-10-17 06:00:00-04:00  10881.75  10915.75  10873.00  10903.75   10903.75   10351
2022-10-17 07:00:00-04:00  10904.50  10910.50  10878.00  10901.50   10901.50    8934
2022-10-17 08:00:00-04:00  10900.50  10950.25  10875.50  10944.25   10944.25   23639
2022-10-17 09:00:00-04:00  10944.50  11116.75  10944.25  11073.50   11073.50  113675
2022-10-17 10:00:00-04:00  11074.25  11133.25  11027.25  11047.00   11047.00  100577
2022-10-17 11:00:00-04:00  11047.00  11138.00  11022.50  11114.75   11114.75   64672
2022-10-17 12:00:00-04:00  11114.75  11132.25  11077.25  11095.00   11095.00   45899
2022-10-17 13:00:00-04:00  11095.50  11137.25  11077.25  11128.00   11128.00   32964
2022-10-17 14:00:00-04:00  11128.50  11146.25  11097.25  11113.00   11113.00   37272
2022-10-17 15:00:00-04:00  11103.25  11136.75  11088.25  11111.25   11111.25   70177
2022-10-17 16:00:00-04:00  11111.00  11146.25  11103.50  11134.00   11134.00   18259
2022-10-17 18:00:00-04:00  11161.25  11196.50  11160.00  11185.75   11185.75       0
2022-10-17 19:00:00-04:00  11185.75  11218.75  11183.00  11211.25   11211.25    5849
2022-10-17 20:00:00-04:00  11211.00  11218.00  11192.50  11205.25   11205.25    4835
2022-10-17 21:00:00-04:00  11205.00  11214.50  11187.75  11194.50   11194.50    5222
2022-10-17 22:00:00-04:00  11195.00  11195.00  11179.75  11188.00   11188.00    3536
2022-10-17 23:00:00-04:00  11188.25  11316.00  11187.50  11297.50   11297.50   13411
2022-10-18 00:00:00-04:00  11297.50  11363.00  11297.50  11332.00   11332.00   14510
2022-10-18 01:00:00-04:00  11331.50  11339.50  11298.00  11306.50   11306.50    6853
2022-10-18 02:00:00-04:00  11305.50  11352.50  11287.25  11311.25   11311.25   12561
2022-10-18 03:00:00-04:00  11310.75  11337.50  11263.75  11330.00   11330.00   17709
2022-10-18 04:00:00-04:00  11330.75  11335.00  11257.00  11259.50   11259.50   15810
2022-10-18 05:00:00-04:00  11259.25  11293.25  11237.75  11291.25   11291.25   17574
2022-10-18 06:00:00-04:00  11290.75  11330.25  11280.00  11288.25   11288.25   14766
2022-10-18 07:00:00-04:00  11288.25  11356.25  11284.00  11340.25   11340.25   17850
2022-10-18 08:00:00-04:00  11340.75  11398.50  11336.00  11390.75   11390.75   27412
2022-10-18 09:00:00-04:00  11391.75  11431.75  11292.50  11307.25   11307.25  102967
2022-10-18 10:00:00-04:00  11307.25  11345.25  11214.00  11244.25   11244.25  103924
2022-10-18 11:00:00-04:00  11244.00  11257.00  11083.50  11157.00   11157.00  114637
2022-10-18 12:00:00-04:00  11157.25  11247.25  11129.50  11193.75   11193.75   68030
2022-10-18 13:00:00-04:00  11194.25  11254.75  11147.25  11241.75   11241.75   56923
2022-10-18 14:00:00-04:00  11242.00  11248.75  11081.50  11139.25   11139.25   70598
2022-10-18 15:00:00-04:00  11136.75  11217.50  11098.25  11203.00   11203.00   79659
2022-10-18 16:00:00-04:00  11203.25  11338.50  11156.75  11322.75   11322.75   43628
2022-10-18 18:00:00-04:00  11320.25  11339.00  11306.75  11331.00   11331.00       0
2022-10-18 19:00:00-04:00  11331.75  11382.75  11329.75  11344.50   11344.50    8202
2022-10-18 20:00:00-04:00  11343.00  11360.00  11316.25  11349.00   11349.00    8030
2022-10-18 21:00:00-04:00  11350.00  11377.50  11339.00  11362.75   11362.75    5931
2022-10-18 22:00:00-04:00  11362.75  11364.50  11325.50  11338.75   11338.75    5084
2022-10-18 23:00:00-04:00  11338.75  11343.25  11320.25  11331.50   11331.50    3578
2022-10-19 00:00:00-04:00  11332.00  11334.00  11310.75  11314.75   11314.75    4165
2022-10-19 01:00:00-04:00  11315.75  11323.75  11277.75  11289.00   11289.00    6845
2022-10-19 02:00:00-04:00  11288.75  11298.50  11236.25  11244.75   11244.75   12371
2022-10-19 03:00:00-04:00  11245.50  11260.75  11219.00  11253.50   11253.50   18510
2022-10-19 04:00:00-04:00  11253.00  11253.75  11174.00  11212.25   11212.25   15906
2022-10-19 05:00:00-04:00  11211.25  11290.25  11207.00  11290.00   11290.00   14032
2022-10-19 06:00:00-04:00  11289.75  11292.25  11192.75  11216.25   11216.25   15909
2022-10-19 07:00:00-04:00  11216.50  11237.00  11127.50  11169.50   11169.50   24580
2022-10-19 08:00:00-04:00  11169.00  11174.00  11104.75  11130.50   11130.50   33681
2022-10-19 09:00:00-04:00  11130.75  11213.25  11106.50  11137.25   11137.25   96929
2022-10-19 10:00:00-04:00  11137.00  11284.50  11120.75  11187.50   11187.50  113394
2022-10-19 11:00:00-04:00  11188.00  11233.75  11157.50  11202.50   11202.50   67662
2022-10-19 12:00:00-04:00  11202.75  11208.25  11109.25  11120.50   11120.50   56731
2022-10-19 13:00:00-04:00  11121.00  11128.25  11049.00  11098.75   11098.75   65274
2022-10-19 14:00:00-04:00  11098.75  11153.75  11084.25  11103.00   11103.00   47632
2022-10-19 15:00:00-04:00  11103.25  11157.00  11086.00  11155.00   11155.00   63277
2022-10-19 16:00:00-04:00  11154.50  11212.75  11109.25  11151.00   11151.00   38108
2022-10-19 18:00:00-04:00  11134.00  11145.75  11090.25  11098.25   11098.25       0
2022-10-19 19:00:00-04:00  11099.00  11103.50  11073.50  11088.50   11088.50    5410
2022-10-19 20:00:00-04:00  11087.75  11114.75  11037.00  11058.25   11058.25    9584
2022-10-19 21:00:00-04:00  11057.75  11058.00  11008.00  11030.50   11030.50    9713
2022-10-19 22:00:00-04:00  11031.50  11056.50  11022.00  11052.75   11052.75    5267
2022-10-19 23:00:00-04:00  11052.00  11059.75  11016.00  11034.75   11034.75    5571
2022-10-20 00:00:00-04:00  11029.75  11102.75  11017.50  11081.25   11081.25   10437
2022-10-20 01:00:00-04:00  11080.75  11155.25  11061.50  11099.25   11099.25   12805
2022-10-20 02:00:00-04:00  11099.75  11108.25  11055.00  11088.75   11088.75    8535
2022-10-20 03:00:00-04:00  11089.50  11099.75  11029.00  11041.25   11041.25   18381
2022-10-20 04:00:00-04:00  11041.50  11074.75  11030.25  11054.75   11054.75   11089
2022-10-20 05:00:00-04:00  11054.25  11104.75  11050.25  11085.25   11085.25    9721
2022-10-20 06:00:00-04:00  11085.00  11178.75  11071.50  11159.00   11159.00   14219
2022-10-20 07:00:00-04:00  11159.50  11188.25  11124.00  11159.25   11159.25   18209
2022-10-20 08:00:00-04:00  11159.00  11219.00  11082.75  11083.25   11083.25   44623
2022-10-20 09:00:00-04:00  11083.75  11229.50  11082.75  11202.00   11202.00   89390
2022-10-20 10:00:00-04:00  11202.25  11328.50  11193.25  11318.00   11318.00  100088
2022-10-20 11:00:00-04:00  11318.75  11325.75  11246.25  11270.75   11270.75   60843
2022-10-20 12:00:00-04:00  11271.50  11275.25  11144.75  11175.50   11175.50   69009
2022-10-20 13:00:00-04:00  11175.50  11183.00  11074.00  11096.25   11096.25   68428
2022-10-20 14:00:00-04:00  11095.75  11103.00  11041.25  11083.75   11083.75   58908
2022-10-20 15:00:00-04:00  11084.25  11118.50  11056.50  11087.50   11087.50   66177
2022-10-20 16:00:00-04:00  11087.50  11126.75  11050.00  11059.50   11059.50   31042
2022-10-20 17:00:00-04:00  11059.75  11059.75  11059.75  11059.75   11059.75       1
2022-10-20 18:00:00-04:00  11061.25  11063.50  11011.00  11018.00   11018.00       0
2022-10-20 19:00:00-04:00  11017.75  11023.50  10995.75  11020.00   11020.00    6066
2022-10-20 20:00:00-04:00  11021.00  11038.00  10982.50  11027.50   11027.50    7351
2022-10-20 21:00:00-04:00  11027.75  11038.00  11011.00  11018.50   11018.50    5049
2022-10-20 22:00:00-04:00  11019.25  11053.75  11015.50  11048.50   11048.50    5337
2022-10-20 23:00:00-04:00  11047.50  11062.25  11018.75  11024.50   11024.50    5487
2022-10-21 00:00:00-04:00  11025.25  11030.00  11006.00  11020.25   11020.25    4376
2022-10-21 01:00:00-04:00  11020.00  11025.50  11003.25  11017.25   11017.25    5356
2022-10-21 02:00:00-04:00  11016.25  11052.25  11006.00  11038.75   11038.75    7437
2022-10-21 03:00:00-04:00  11039.25  11086.25  11005.25  11017.75   11017.75   15563
2022-10-21 04:00:00-04:00  11016.25  11022.25  10976.00  10987.75   10987.75   17471
2022-10-21 05:00:00-04:00  10987.75  11007.75  10966.75  11001.25   11001.25   12826
2022-10-21 06:00:00-04:00  11000.00  11008.75  10977.75  11002.75   11002.75    9117
2022-10-21 07:00:00-04:00  11001.75  11028.00  10981.25  10982.75   10982.75   12746
2022-10-21 08:00:00-04:00  10982.00  10993.50  10935.50  10982.00   10982.00   31895
2022-10-21 09:00:00-04:00  10981.00  11155.50  10980.50  11155.25   11155.25  159562
2022-10-21 10:00:00-04:00  11155.50  11225.25  11078.75  11089.50   11089.50  129581
2022-10-21 11:00:00-04:00  11090.00  11213.75  11051.00  11212.25   11212.25   97914
2022-10-21 12:00:00-04:00  11212.50  11258.25  11179.75  11232.50   11232.50   83042
2022-10-21 13:00:00-04:00  11232.75  11292.00  11222.75  11291.50   11291.50   55058
2022-10-21 14:00:00-04:00  11291.75  11320.25  11273.50  11300.00   11300.00   52962
2022-10-21 15:00:00-04:00  11307.25  11374.25  11294.50  11353.75   11353.75   79760
2022-10-21 16:00:00-04:00  11353.75  11386.25  11348.50  11378.00   11378.00   18078
2022-10-21 16:59:59-04:00  11378.00  11378.00  11378.00  11378.00   11378.00       0