                               Open      High       Low     Close  Adj Close  Volume
2023-02-26 18:00:00-05:00  12003.00  12025.50  11990.00  12017.25   12017.25    5622
2023-02-26 19:00:00-05:00  12017.50  12020.00  12004.00  12016.25   12016.25    3730
2023-02-26 20:00:00-05:00  12016.50  12046.75  12016.00  12040.50   12040.50    4968
2023-02-26 21:00:00-05:00  12040.75  12045.50  12031.50  12039.25   12039.25    2935
2023-02-26 22:00:00-05:00  12039.75  12042.00  12020.25  12025.75   12025.75    3326
2023-02-26 23:00:00-05:00  12026.00  12031.25  12022.50  12029.25   12029.25    2295
2023-02-27 00:00:00-05:00  12031.00  12033.00  12007.00  12011.75   12011.75    3232
2023-02-27 01:00:00-05:00  12011.50  12018.50  12006.50  12012.00   12012.00    2403
2023-02-27 02:00:00-05:00  12011.75  12041.00  12008.00  12037.50   12037.50    4383
2023-02-27 03:00:00-05:00  12037.75  12073.00  12037.75  12056.50   12056.50   11818
2023-02-27 04:00:00-05:00  12057.25  12078.00  12048.50  12058.25   12058.25    7781
2023-02-27 05:00:00-05:00  12058.50  12078.00  12052.50  12053.00   12053.00    6256
2023-02-27 06:00:00-05:00  12053.00  12070.75  12049.00  12063.75   12063.75    4789
2023-02-27 07:00:00-05:00  12063.75  12076.75  12053.50  12058.50   12058.50    6986
2023-02-27 08:00:00-05:00  12059.00  12153.00  12053.75  12137.50   12137.50   27339
2023-02-27 09:00:00-05:00  12138.25  12151.50  12106.25  12147.00   12147.00   75625
2023-02-27 10:00:00-05:00  12147.25  12189.50  12076.50  12103.75   12103.75  106906
2023-02-27 11:00:00-05:00  12104.25  12118.50  12065.50  12100.75   12100.75   66474
2023-02-27 12:00:00-05:00  12101.00  12121.75  12071.50  12118.50   12118.50   44477
2023-02-27 13:00:00-05:00  12118.50  12133.75  12094.75  12128.25   12128.25   42769
2023-02-27 14:00:00-05:00  12128.25  12144.75  12081.00  12089.00   12089.00   54006
2023-02-27 15:00:00-05:00  12089.25  12098.75  12058.50  12084.00   12084.00   75755
2023-02-27 16:00:00-05:00  12084.00  12101.75  12082.25  12095.50   12095.50   11037
2023-02-27 18:00:00-05:00  12093.50  12107.75  12087.50  12093.75   12093.75       0
2023-02-27 19:00:00-05:00  12093.50  12111.75  12093.00  12104.00   12104.00    2421
2023-02-27 20:00:00-05:00  12104.25  12128.75  12096.75  12120.00   12120.00    4421
2023-02-27 21:00:00-05:00  12120.25  12126.00  12107.25  12121.75   12121.75    3201
2023-02-27 22:00:00-05:00  12122.00  12122.75  12112.50  12114.50   12114.50    1299
2023-02-27 23:00:00-05:00  12114.25  12118.75  12102.50  12105.75   12105.75    2222
2023-02-28 00:00:00-05:00  12106.50  12106.50  12082.75  12086.50   12086.50    3817
2023-02-28 01:00:00-05:00  12087.00  12101.75  12084.75  12098.50   12098.50    2840
2023-02-28 02:00:00-05:00  12098.50  12098.75  12040.25  12042.75   12042.75    7670
2023-02-28 03:00:00-05:00  12042.25  12068.75  12029.75  12058.00   12058.00   12041
2023-02-28 04:00:00-05:00  12058.50  12074.75  12045.75  12060.75   12060.75    6774
2023-02-28 05:00:00-05:00  12060.75  12096.25  12059.25  12092.50   12092.50    6176
2023-02-28 06:00:00-05:00  12092.75  12126.00  12091.25  12114.75   12114.75    9416
2023-02-28 07:00:00-05:00  12114.25  12146.25  12111.50  12137.50   12137.50    9474
2023-02-28 08:00:00-05:00  12136.75  12139.25  12074.75  12096.25   12096.25   20528
2023-02-28 09:00:00-05:00  12096.25  12113.25  12041.50  12092.50   12092.50   73894
2023-02-28 10:00:00-05:00  12092.50  12124.00  12046.00  12075.25   12075.25  105151
2023-02-28 11:00:00-05:00  12075.25  12116.25  12068.00  12087.50   12087.50   75750
2023-02-28 12:00:00-05:00  12087.75  12151.75  12087.75  12143.25   12143.25   68375
2023-02-28 13:00:00-05:00  12143.50  12171.75  12140.25  12162.25   12162.25   49402
2023-02-28 14:00:00-05:00  12162.75  12172.75  12120.25  12124.25   12124.25   56342
2023-02-28 15:00:00-05:00  12124.50  12124.75  12064.00  12066.75   12066.75   94253
2023-02-28 16:00:00-05:00  12067.00  12068.75  12026.00  12041.25   12041.25   23704
2023-02-28 18:00:00-05:00  12041.25  12041.75  12013.25  12022.50   12022.50       0
2023-02-28 19:00:00-05:00  12022.25  12024.00  11998.00  12000.75   12000.75    6611
2023-02-28 20:00:00-05:00  12000.75  12043.75  11989.25  12041.75   12041.75    9278
2023-02-28 21:00:00-05:00  12041.75  12056.50  12036.75  12055.00   12055.00    6091
2023-02-28 22:00:00-05:00  12054.75  12076.50  12051.75  12068.00   12068.00    5914
2023-02-28 23:00:00-05:00  12068.00  12078.25  12062.00  12069.25   12069.25    3238
2023-03-01 00:00:00-05:00  12071.25  12078.75  12063.75  12071.75   12071.75    2768
2023-03-01 01:00:00-05:00  12072.25  12104.00  12071.00  12092.75   12092.75    6642
2023-03-01 02:00:00-05:00  12092.25  12117.25  12084.00  12108.50   12108.50    7593
2023-03-01 03:00:00-05:00  12108.75  12119.00  12080.75  12106.75   12106.75   11174
2023-03-01 04:00:00-05:00  12106.00  12128.00  12100.75  12118.00   12118.00    9068
2023-03-01 05:00:00-05:00  12117.75  12138.00  12104.00  12133.25   12133.25    6619
2023-03-01 06:00:00-05:00  12133.50  12141.75  12123.00  12128.25   12128.25    7084
2023-03-01 07:00:00-05:00  12128.50  12128.50  12106.50  12116.00   12116.00    7811
2023-03-01 08:00:00-05:00  12115.50  12117.25  12037.75  12039.50   12039.50   26839
2023-03-01 09:00:00-05:00  12039.25  12079.50  12004.00  12051.75   12051.75   87062
2023-03-01 10:00:00-05:00  12052.00  12069.75  11953.00  12008.00   12008.00  157720
2023-03-01 11:00:00-05:00  12007.75  12021.25  11924.75  12008.50   12008.50  107066
2023-03-01 12:00:00-05:00  12008.50  12036.50  11993.25  12005.75   12005.75   65513
2023-03-01 13:00:00-05:00  12006.50  12007.00  11958.50  11977.00   11977.00   59553
2023-03-01 14:00:00-05:00  11977.00  11982.75  11935.75  11950.75   11950.75   65952
2023-03-01 15:00:00-05:00  11951.00  11976.25  11941.25  11965.00   11965.00   69452
2023-03-01 16:00:00-05:00  11965.25  11993.75  11955.50  11985.25   11985.25   16824
2023-03-01 18:00:00-05:00  11967.00  11977.50  11964.50  11971.25   11971.25       0
2023-03-01 19:00:00-05:00  11971.50  11991.75  11945.50  11947.00   11947.00    6038
2023-03-01 20:00:00-05:00  11947.25  11950.25  11854.50  11886.75   11886.75   18793
2023-03-01 21:00:00-05:00  11887.50  11911.25  11883.00  11908.75   11908.75    7723
2023-03-01 22:00:00-05:00  11909.50  11919.00  11894.75  11904.25   11904.25    4934
2023-03-01 23:00:00-05:00  11904.50  11913.50  11896.25  11903.50   11903.50    2503
2023-03-02 00:00:00-05:00  11903.75  11904.00  11879.25  11887.50   11887.50    3913
2023-03-02 01:00:00-05:00  11887.00  11904.75  11880.50  11884.00   11884.00    4092
2023-03-02 02:00:00-05:00  11884.00  11889.75  11852.00  11866.50   11866.50    9774
2023-03-02 03:00:00-05:00  11866.75  11892.50  11832.50  11883.00   11883.00   16050
2023-03-02 04:00:00-05:00  11881.75  11892.50  11858.75  11865.00   11865.00    8281
2023-03-02 05:00:00-05:00  11864.00  11883.75  11839.50  11882.00   11882.00    9596
2023-03-02 06:00:00-05:00  11882.00  11908.50  11877.75  11903.25   11903.25    9100
2023-03-02 07:00:00-05:00  11904.50  11918.50  11872.75  11879.25   11879.25   11778
2023-03-02 08:00:00-05:00  11879.75  11893.75  11838.00  11842.75   11842.75   25534
2023-03-02 09:00:00-05:00  11842.50  11911.50  11840.50  11896.75   11896.75   86687
2023-03-02 10:00:00-05:00  11897.00  11933.00  11872.50  11923.50   11923.50  114394
2023-03-02 11:00:00-05:00  11923.50  11938.25  11883.25  11906.50   11906.50   79642
2023-03-02 12:00:00-05:00  11906.50  11935.00  11894.75  11925.50   11925.50   55183
2023-03-02 13:00:00-05:00  11925.75  12001.25  11912.50  11999.00   11999.00   69492
2023-03-02 14:00:00-05:00  11999.00  12052.50  11999.00  12032.75   12032.75   78729
2023-03-02 15:00:00-05:00  12033.25  12096.25  12016.75  12066.00   12066.00  103459
2023-03-02 16:00:00-05:00  12065.75  12073.25  12047.00  12052.25   12052.25   16759
2023-03-02 18:00:00-05:00  12049.00  12049.00  12031.00  12037.50   12037.50       0
2023-03-02 19:00:00-05:00  12036.75  12050.25  12022.25  12038.50   12038.50    5384
2023-03-02 20:00:00-05:00  12038.00  12057.50  12016.75  12018.75   12018.75    6571
2023-03-02 21:00:00-05:00  12018.50  12028.00  12012.00  12017.50   12017.50    3615
2023-03-02 22:00:00-05:00  12017.50  12033.75  12014.25  12027.00   12027.00    2832
2023-03-02 23:00:00-05:00  12027.50  12035.75  12023.25  12032.25   12032.25    1720
2023-03-03 00:00:00-05:00  12033.00  12043.75  12033.00  12037.50   12037.50    2260
2023-03-03 01:00:00-05:00  12037.00  12050.75  12033.00  12047.25   12047.25    3453
2023-03-03 02:00:00-05:00  12047.00  12047.25  12019.00  12023.25   12023.25    4932
2023-03-03 03:00:00-05:00  12023.75  12076.25  12023.50  12066.50   12066.50   10668
2023-03-03 04:00:00-05:00  12066.25  12090.00  12063.25  12079.00   12079.00    7921
2023-03-03 05:00:00-05:00  12078.75  12102.75  12078.50  12093.75   12093.75    8202
2023-03-03 06:00:00-05:00  12093.25  12117.00  12092.00  12111.50   12111.50    7325
2023-03-03 07:00:00-05:00  12111.25  12124.00  12078.75  12085.25   12085.25   11147
2023-03-03 08:00:00-05:00  12085.50  12142.25  12079.25  12139.50   12139.50   18826
2023-03-03 09:00:00-05:00  12139.50  12199.50  12111.50  12189.75   12189.75   92979
2023-03-03 10:00:00-05:00  12190.50  12233.25  12131.25  12186.00   12186.00  138657
2023-03-03 11:00:00-05:00  12186.00  12231.75  12170.50  12222.75   12222.75   76923
2023-03-03 12:00:00-05:00  12223.00  12267.75  12215.75  12265.00   12265.00   54556
2023-03-03 13:00:00-05:00  12265.25  12277.50  12253.25  12269.00   12269.00   49132
2023-03-03 14:00:00-05:00  12269.50  12308.25  12258.50  12304.25   12304.25   52988
2023-03-03 15:00:00-05:00  12304.75  12321.25  12282.75  12312.50   12312.50   84432
2023-03-03 16:00:00-05:00  12311.50  12329.00  12307.00  12324.50   12324.50   18307
2023-03-03 16:59:59-05:00  12324.50  12324.50  12324.50  12324.50   12324.50       0