                               Open      High       Low     Close  Adj Close  Volume
2023-03-07 10:00:00-05:00  12333.75  12333.75  12180.25  12214.00   12214.00       0
2023-03-07 11:00:00-05:00  12221.50  12263.75  12210.50  12223.50   12223.50   79528
2023-03-07 12:00:00-05:00  12223.75  12310.25  12218.25  12259.75   12259.75   77605
2023-03-07 13:00:00-05:00  12259.75  12263.00  12169.25  12183.50   12183.50   68279
2023-03-07 14:00:00-05:00  12184.25  12203.75  12142.25  12146.25   12146.25   50502
2023-03-07 15:00:00-05:00  12146.50  12186.75  12143.50  12169.25   12169.25   72589
2023-03-07 16:00:00-05:00  12169.00  12186.25  12166.00  12175.50   12175.50   12436
2023-03-07 18:00:00-05:00  12170.00  12184.50  12170.00  12176.25   12176.25       0
2023-03-07 19:00:00-05:00  12176.75  12181.00  12151.50  12166.00   12166.00    5862
2023-03-07 20:00:00-05:00  12166.50  12184.00  12160.50  12170.00   12170.00    5092
2023-03-07 21:00:00-05:00  12169.75  12176.50  12138.75  12146.50   12146.50    6707
2023-03-07 22:00:00-05:00  12146.50  12157.50  12143.50  12145.50   12145.50    4124
2023-03-07 23:00:00-05:00  12145.75  12169.00  12145.75  12163.00   12163.00    3810
2023-03-08 00:00:00-05:00  12162.25  12173.25  12156.75  12157.25   12157.25    3540
2023-03-08 01:00:00-05:00  12157.50  12168.75  12148.75  12167.50   12167.50    3882
2023-03-08 02:00:00-05:00  12167.50  12171.00  12153.25  12155.25   12155.25    4176
2023-03-08 03:00:00-05:00  12154.50  12191.50  12153.50  12183.50   12183.50   11201
2023-03-08 04:00:00-05:00  12183.25  12194.50  12159.75  12183.25   12183.25    7262
2023-03-08 05:00:00-05:00  12183.75  12200.00  12172.50  12196.50   12196.50    5604
2023-03-08 06:00:00-05:00  12196.75  12217.25  12189.50  12190.25   12190.25    9394
2023-03-08 07:00:00-05:00  12190.25  12197.00  12151.75  12169.25   12169.25   12086
2023-03-08 08:00:00-05:00  12168.75  12195.75  12145.25  12177.75   12177.75   24637
2023-03-08 09:00:00-05:00  12177.50  12216.00  12155.00  12178.50   12178.50   62559
2023-03-08 10:00:00-05:00  12178.00  12224.00  12108.25  12190.75   12190.75  130408
2023-03-08 11:00:00-05:00  12191.25  12254.50  12163.75  12245.25   12245.25   77803
2023-03-08 12:00:00-05:00  12245.50  12252.50  12161.00  12192.75   12192.75   60521
2023-03-08 13:00:00-05:00  12192.75  12200.50  12142.00  12155.50   12155.50   59154
2023-03-08 14:00:00-05:00  12156.25  12207.75  12151.25  12179.50   12179.50   47899
2023-03-08 15:00:00-05:00  12179.75  12245.50  12158.00  12230.75   12230.75   68076
2023-03-08 16:00:00-05:00  12231.00  12238.50  12222.75  12238.25   12238.25   13681
2023-03-08 18:00:00-05:00  12231.00  12236.75  12223.25  12224.75   12224.75       0
2023-03-08 19:00:00-05:00  12225.25  12226.75  12185.50  12212.75   12212.75    7881
2023-03-08 20:00:00-05:00  12212.50  12219.25  12183.00  12185.00   12185.00    5324
2023-03-08 21:00:00-05:00  12184.75  12200.50  12182.25  12196.25   12196.25    3137
2023-03-08 22:00:00-05:00  12195.75  12205.75  12188.50  12201.75   12201.75    2890
2023-03-08 23:00:00-05:00  12202.00  12205.00  12195.75  12204.50   12204.50    2239
2023-03-09 00:00:00-05:00  12204.00  12218.50  12204.00  12212.00   12212.00    2725
2023-03-09 01:00:00-05:00  12212.25  12218.00  12207.50  12209.25   12209.25    2320
2023-03-09 02:00:00-05:00  12209.50  12209.50  12186.50  12194.00   12194.00    4722
2023-03-09 03:00:00-05:00  12194.25  12197.00  12163.25  12178.25   12178.25   11672
2023-03-09 04:00:00-05:00  12178.00  12178.25  12141.25  12147.75   12147.75   11640
2023-03-09 05:00:00-05:00  12147.25  12160.75  12136.25  12157.50   12157.50    7972
2023-03-09 06:00:00-05:00  12157.50  12177.00  12154.75  12175.25   12175.25    6582
2023-03-09 07:00:00-05:00  12175.75  12178.50  12154.75  12166.50   12166.50    9377
2023-03-09 08:00:00-05:00  12165.75  12258.25  12151.75  12254.50   12254.50   34931
2023-03-09 09:00:00-05:00  12254.75  12339.25  12230.00  12326.75   12326.75   99450
2023-03-09 10:00:00-05:00  12326.75  12353.50  12282.50  12301.50   12301.50  108724
2023-03-09 11:00:00-05:00  12301.75  12315.75  12280.75  12285.25   12285.25   63102
2023-03-09 12:00:00-05:00  12285.50  12291.25  12217.00  12232.75   12232.75   74718
2023-03-09 13:00:00-05:00  12233.25  12244.00  12101.00  12115.00   12115.00   94529
2023-03-09 14:00:00-05:00  12115.50  12123.75  12067.75  12073.50   12073.50   87080
2023-03-09 15:00:00-05:00  12073.75  12082.50  11977.50  12006.25   12006.25  145829
2023-03-09 16:00:00-05:00  12006.50  12022.50  11990.50  12009.25   12009.25   20105
2023-03-09 18:00:00-05:00  12005.00  12005.50  11955.75  11986.25   11986.25       0
2023-03-09 19:00:00-05:00  11985.75  11992.50  11960.00  11964.50   11964.50    6338
2023-03-09 20:00:00-05:00  11964.25  11984.75  11943.00  11966.50   11966.50    7771
2023-03-09 21:00:00-05:00  11966.50  11972.50  11926.00  11959.50   11959.50    9357
2023-03-09 22:00:00-05:00  11959.25  11967.50  11938.25  11942.00   11942.00    4054
2023-03-09 23:00:00-05:00  11942.25  11946.50  11927.75  11937.00   11937.00    4203
2023-03-10 00:00:00-05:00  11937.25  11959.00  11937.25  11951.00   11951.00    5097
2023-03-10 01:00:00-05:00  11950.75  11956.00  11921.50  11941.75   11941.75    4764
2023-03-10 02:00:00-05:00  11942.00  12002.50  11937.25  11972.75   11972.75   11613
2023-03-10 03:00:00-05:00  11973.00  11990.25  11943.75  11973.25   11973.25   12783
2023-03-10 04:00:00-05:00  11972.00  12023.00  11967.25  11999.75   11999.75   13472
2023-03-10 05:00:00-05:00  11998.75  12024.75  11990.25  11994.50   11994.50   10151
2023-03-10 06:00:00-05:00  11994.00  12054.50  11980.25  12024.50   12024.50   13695
2023-03-10 07:00:00-05:00  12024.50  12031.25  11990.25  12009.25   12009.25   13913
2023-03-10 08:00:00-05:00  12009.50  12109.00  11933.00  12069.50   12069.50   64360
2023-03-10 09:00:00-05:00  12069.50  12087.75  11865.00  11909.25   11909.25  122050
2023-03-10 10:00:00-05:00  11909.75  12019.00  11899.50  12012.75   12012.75  120673
2023-03-10 11:00:00-05:00  12013.50  12079.50  11963.50  11972.75   11972.75   91859
2023-03-10 12:00:00-05:00  11972.75  11989.25  11894.00  11899.75   11899.75   61892
2023-03-10 13:00:00-05:00  11899.75  11919.75  11795.00  11809.25   11809.25   75349
2023-03-10 14:00:00-05:00  11809.25  11910.00  11806.25  11880.25   11880.25   96050
2023-03-10 15:00:00-05:00  11880.00  11902.75  11797.25  11840.75   11840.75   89484
2023-03-10 16:00:00-05:00  11840.75  11898.75  11828.75  11892.50   11892.50   15111
2023-03-12 18:00:00-04:00  11894.75  12045.00  11850.00  11952.50   11952.50   20982
2023-03-12 19:00:00-04:00  11952.50  12025.25  11935.50  11990.50   11990.50   10928
2023-03-12 20:00:00-04:00  11990.00  12022.00  11978.75  11985.25   11985.25    8884
2023-03-12 21:00:00-04:00  11986.50  11998.75  11950.00  11977.00   11977.00    7296
2023-03-12 22:00:00-04:00  11977.25  12052.25  11970.00  12050.50   12050.50    8947
2023-03-12 23:00:00-04:00  12050.75  12075.50  12042.25  12053.75   12053.75    4684
2023-03-13 00:00:00-04:00  12050.50  12065.25  12038.00  12047.50   12047.50    3339
2023-03-13 01:00:00-04:00  12048.50  12073.50  12041.50  12067.00   12067.00    4131
2023-03-13 02:00:00-04:00  12065.50  12095.75  12058.75  12076.25   12076.25    4773
2023-03-13 03:00:00-04:00  12077.00  12084.25  12021.00  12035.25   12035.25    7595
2023-03-13 04:00:00-04:00  12035.25  12047.25  11922.25  11928.50   11928.50   18282
2023-03-13 05:00:00-04:00  11928.00  11955.00  11866.25  11900.00   11900.00   26373
2023-03-13 06:00:00-04:00  11897.25  11990.50  11870.00  11966.75   11966.75   15014
2023-03-13 07:00:00-04:00  11966.50  12004.25  11919.25  11935.75   11935.75   16200
2023-03-13 08:00:00-04:00  11935.75  11957.50  11674.25  11782.75   11782.75   41826
2023-03-13 09:00:00-04:00  11782.75  11921.50  11705.00  11886.25   11886.25   78404
2023-03-13 10:00:00-04:00  11887.75  11959.00  11844.00  11947.25   11947.25   86209
2023-03-13 11:00:00-04:00  11948.75  12061.75  11933.25  12035.50   12035.50   85027
2023-03-13 12:00:00-04:00  12035.75  12077.00  11959.50  11975.75   11975.75   76672
2023-03-13 13:00:00-04:00  11976.25  12018.50  11929.50  12007.50   12007.50   44895
2023-03-13 14:00:00-04:00  12007.25  12086.00  12005.75  12047.75   12047.75   46179
2023-03-13 15:00:00-04:00  12046.75  12066.25  11927.25  11930.50   11930.50   54376
2023-03-13 16:00:00-04:00  11930.00  11958.25  11922.50  11950.75   11950.75    9032
2023-03-13 18:00:00-04:00  11960.00  11972.00  11930.25  11968.00   11968.00       0
2023-03-13 19:00:00-04:00  11968.75  11974.00  11941.25  11946.75   11946.75    1817
2023-03-13 20:00:00-04:00  11948.75  11991.25  11935.75  11968.00   11968.00    3992
2023-03-13 21:00:00-04:00  11967.25  11993.00  11954.00  11976.00   11976.00    3655
2023-03-13 22:00:00-04:00  11975.25  12013.00  11974.75  11999.25   11999.25    3251
2023-03-13 23:00:00-04:00  11999.00  12004.75  11983.50  11988.75   11988.75    1539
2023-03-14 00:00:00-04:00  11990.50  12003.25  11983.00  11989.00   11989.00     801
2023-03-14 01:00:00-04:00  11990.00  12001.75  11957.00  11969.00   11969.00    2069
2023-03-14 02:00:00-04:00  11969.25  11980.25  11932.00  11974.75   11974.75    4128
2023-03-14 03:00:00-04:00  11979.00  12001.50  11945.75  11962.50   11962.50    4978
2023-03-14 04:00:00-04:00  11963.25  12006.25  11957.00  11999.25   11999.25   10052
2023-03-14 05:00:00-04:00  11996.50  12000.25  11957.00  11963.25   11963.25    6594
2023-03-14 06:00:00-04:00  11961.75  11986.50  11944.75  11980.50   11980.50    6494
2023-03-14 07:00:00-04:00  11980.50  12023.75  11975.25  12001.25   12001.25   10268
2023-03-14 08:00:00-04:00  12001.75  12073.00  11921.75  12054.75   12054.75   31085
2023-03-14 09:00:00-04:00  12055.00  12159.00  12046.00  12128.50   12128.50   56286
2023-03-14 10:00:00-04:00  12129.50  12192.25  12114.50  12175.75   12175.75   36721