                               Open      High       Low     Close  Adj Close  Volume
2022-11-27 18:00:00-05:00  11731.50  11747.00  11717.25  11727.00   11727.00    5013
2022-11-27 19:00:00-05:00  11727.00  11732.00  11699.25  11704.50   11704.50    5659
2022-11-27 20:00:00-05:00  11705.00  11705.00  11666.25  11681.25   11681.25    8164
2022-11-27 21:00:00-05:00  11681.25  11697.00  11666.00  11694.00   11694.00    5016
2022-11-27 22:00:00-05:00  11694.50  11695.75  11685.25  11687.00   11687.00    2147
2022-11-27 23:00:00-05:00  11686.50  11691.25  11683.75  11685.75   11685.75    1454
2022-11-28 00:00:00-05:00  11685.75  11685.75  11657.00  11670.25   11670.25    4142
2022-11-28 01:00:00-05:00  11670.25  11689.75  11666.25  11689.50   11689.50    3083
2022-11-28 02:00:00-05:00  11690.00  11706.25  11683.00  11685.50   11685.50    6332
2022-11-28 03:00:00-05:00  11685.25  11729.25  11683.25  11703.00   11703.00   11925
2022-11-28 04:00:00-05:00  11702.50  11710.50  11645.75  11651.75   11651.75   11016
2022-11-28 05:00:00-05:00  11651.50  11682.00  11642.25  11676.00   11676.00    7450
2022-11-28 06:00:00-05:00  11676.50  11696.50  11665.50  11696.50   11696.50    6896
2022-11-28 07:00:00-05:00  11696.00  11710.00  11691.00  11702.00   11702.00    6865
2022-11-28 08:00:00-05:00  11701.75  11715.00  11680.50  11714.25   11714.25   11198
2022-11-28 09:00:00-05:00  11714.50  11788.25  11690.25  11757.50   11757.50   66137
2022-11-28 10:00:00-05:00  11757.75  11769.00  11678.75  11685.00   11685.00   76030
2022-11-28 11:00:00-05:00  11685.00  11716.50  11670.25  11710.50   11710.50   42094
2022-11-28 12:00:00-05:00  11711.25  11733.50  11662.25  11667.25   11667.25   56756
2022-11-28 13:00:00-05:00  11667.25  11686.75  11626.75  11629.50   11629.50   40666
2022-11-28 14:00:00-05:00  11629.75  11635.75  11594.75  11613.75   11613.75   46203
2022-11-28 15:00:00-05:00  11614.00  11622.00  11575.25  11611.00   11611.00   66118
2022-11-28 16:00:00-05:00  11611.00  11629.25  11610.50  11623.25   11623.25   10950
2022-11-28 18:00:00-05:00  11625.00  11625.50  11615.25  11618.25   11618.25       0
2022-11-28 19:00:00-05:00  11618.75  11632.75  11611.25  11628.00   11628.00    3229
2022-11-28 20:00:00-05:00  11627.75  11637.50  11618.75  11635.75   11635.75    3342
2022-11-28 21:00:00-05:00  11635.50  11643.50  11633.50  11635.50   11635.50    3113
2022-11-28 22:00:00-05:00  11635.00  11666.50  11631.50  11664.25   11664.25    4545
2022-11-28 23:00:00-05:00  11664.75  11670.50  11658.75  11669.50   11669.50    2404
2022-11-29 00:00:00-05:00  11667.75  11676.25  11664.50  11675.00   11675.00    3613
2022-11-29 01:00:00-05:00  11674.75  11685.75  11661.75  11671.25   11671.25    4257
2022-11-29 02:00:00-05:00  11671.50  11689.00  11668.50  11677.00   11677.00    5354
2022-11-29 03:00:00-05:00  11677.00  11704.50  11667.50  11693.00   11693.00   10911
2022-11-29 04:00:00-05:00  11693.00  11699.00  11647.75  11657.75   11657.75    8808
2022-11-29 05:00:00-05:00  11657.50  11682.75  11651.00  11666.75   11666.75    5510
2022-11-29 06:00:00-05:00  11667.50  11678.50  11653.25  11678.00   11678.00    5330
2022-11-29 07:00:00-05:00  11678.50  11678.50  11651.50  11673.50   11673.50    5714
2022-11-29 08:00:00-05:00  11674.25  11674.75  11616.00  11635.00   11635.00   17171
2022-11-29 09:00:00-05:00  11634.75  11648.75  11565.25  11578.25   11578.25   65668
2022-11-29 10:00:00-05:00  11578.75  11638.50  11561.25  11595.25   11595.25   79872
2022-11-29 11:00:00-05:00  11595.75  11600.50  11465.00  11523.50   11523.50   91702
2022-11-29 12:00:00-05:00  11523.50  11553.25  11507.50  11537.25   11537.25   43525
2022-11-29 13:00:00-05:00  11537.00  11539.00  11476.75  11520.25   11520.25   46212
2022-11-29 14:00:00-05:00  11520.25  11554.50  11490.00  11510.50   11510.50   65880
2022-11-29 15:00:00-05:00  11510.50  11531.75  11499.50  11523.25   11523.25   64032
2022-11-29 16:00:00-05:00  11523.25  11529.25  11507.00  11519.25   11519.25   10071
2022-11-29 18:00:00-05:00  11520.00  11521.25  11497.75  11503.50   11503.50       0
2022-11-29 19:00:00-05:00  11504.00  11528.25  11500.75  11523.75   11523.75    3477
2022-11-29 20:00:00-05:00  11523.75  11543.75  11520.25  11534.00   11534.00    4095
2022-11-29 21:00:00-05:00  11533.50  11535.25  11526.50  11531.75   11531.75    1658
2022-11-29 22:00:00-05:00  11532.25  11538.75  11528.00  11538.00   11538.00    1517
2022-11-29 23:00:00-05:00  11538.25  11546.75  11535.75  11539.25   11539.25    2068
2022-11-30 00:00:00-05:00  11540.00  11547.25  11532.75  11533.50   11533.50    2533
2022-11-30 01:00:00-05:00  11533.50  11539.25  11528.25  11532.50   11532.50    2357
2022-11-30 02:00:00-05:00  11532.50  11549.75  11530.75  11541.75   11541.75    4672
2022-11-30 03:00:00-05:00  11541.00  11573.00  11537.00  11566.00   11566.00    9435
2022-11-30 04:00:00-05:00  11566.00  11586.50  11550.25  11562.25   11562.25    8967
2022-11-30 05:00:00-05:00  11561.50  11576.25  11555.00  11561.50   11561.50    5861
2022-11-30 06:00:00-05:00  11561.00  11577.25  11551.25  11573.25   11573.25    4245
2022-11-30 07:00:00-05:00  11573.75  11575.75  11557.25  11560.75   11560.75    5413
2022-11-30 08:00:00-05:00  11560.00  11597.75  11517.00  11519.75   11519.75   28339
2022-11-30 09:00:00-05:00  11520.00  11581.50  11516.25  11564.75   11564.75   63812
2022-11-30 10:00:00-05:00  11565.50  11578.25  11519.25  11528.75   11528.75   70776
2022-11-30 11:00:00-05:00  11529.75  11575.75  11508.25  11559.25   11559.25   52637
2022-11-30 12:00:00-05:00  11559.50  11566.75  11498.00  11530.75   11530.75   53903
2022-11-30 13:00:00-05:00  11530.75  11767.25  11528.50  11753.75   11753.75  119308
2022-11-30 14:00:00-05:00  11754.00  11932.00  11751.50  11898.25   11898.25  135501
2022-11-30 15:00:00-05:00  11898.50  12053.50  11886.75  12052.50   12052.50  127162
2022-11-30 16:00:00-05:00  12053.00  12078.50  12028.00  12077.00   12077.00   37226
2022-11-30 18:00:00-05:00  12079.25  12086.00  12059.25  12073.50   12073.50       0
2022-11-30 19:00:00-05:00  12072.75  12081.00  12059.00  12063.75   12063.75    5412
2022-11-30 20:00:00-05:00  12063.50  12069.25  12047.50  12049.25   12049.25    5631
2022-11-30 21:00:00-05:00  12048.75  12052.75  12030.75  12037.75   12037.75    4943
2022-11-30 22:00:00-05:00  12037.75  12051.50  12027.00  12048.75   12048.75    3768
2022-11-30 23:00:00-05:00  12048.75  12066.75  12045.25  12058.50   12058.50    2828
2022-12-02 00:00:00-05:00  12025.25  12027.50  12013.50  12022.50   12022.50       0
2022-12-02 01:00:00-05:00  12022.50  12026.75  12019.00  12022.00   12022.00    1643
2022-12-02 02:00:00-05:00  12022.50  12034.25  12020.75  12024.00   12024.00    3745
2022-12-02 03:00:00-05:00  12023.25  12048.75  12016.25  12047.75   12047.75    7796
2022-12-02 04:00:00-05:00  12047.00  12058.50  12030.25  12058.00   12058.00    5955
2022-12-02 05:00:00-05:00  12057.00  12061.50  12047.25  12055.25   12055.25    4852
2022-12-02 06:00:00-05:00  12055.00  12055.00  12033.75  12040.75   12040.75    3867
2022-12-02 07:00:00-05:00  12041.00  12056.50  12023.25  12056.00   12056.00    7274
2022-12-02 08:00:00-05:00  12055.50  12067.75  11740.50  11824.25   11824.25   70873
2022-12-02 09:00:00-05:00  11824.25  11915.50  11789.75  11874.25   11874.25  103331
2022-12-02 10:00:00-05:00  11874.25  11952.75  11851.50  11903.75   11903.75   87065
2022-12-02 11:00:00-05:00  11904.00  11978.50  11878.75  11943.00   11943.00   60332
2022-12-02 12:00:00-05:00  11943.50  11980.00  11915.25  11922.25   11922.25   41214
2022-12-02 13:00:00-05:00  11922.50  11946.25  11896.75  11936.25   11936.25   32700
2022-12-02 14:00:00-05:00  11936.50  11990.50  11913.00  11988.25   11988.25   39661
2022-12-02 15:00:00-05:00  11988.50  12047.50  11970.75  12013.50   12013.50   78978
2022-12-02 16:00:00-05:00  12013.75  12014.50  11977.00  11979.00   11979.00   12545