                                  Open         High          Low        Close    Adj Close      Volume
Datetime                                                                                              
2022-10-06 10:54:00-04:00  3770.070068  3770.139893  3767.139893  3769.000000  3769.000000           0
2022-10-06 10:56:00-04:00  3768.870117  3770.060059  3767.449951  3768.899902  3768.899902    13269173
2022-10-06 10:58:00-04:00  3768.929932  3776.080078  3768.719971  3775.840088  3775.840088    12911551
2022-10-06 11:00:00-04:00  3775.810059  3776.439941  3772.790039  3773.000000  3773.000000    13974228
2022-10-06 11:02:00-04:00  3772.959961  3772.959961  3766.719971  3767.399902  3767.399902    11642780
2022-10-06 11:04:00-04:00  3767.409912  3767.590088  3763.409912  3765.389893  3765.389893    10238981
2022-10-06 11:06:00-04:00  3765.320068  3771.360107  3765.120117  3771.350098  3771.350098    10346107
2022-10-06 11:08:00-04:00  3771.370117  3771.419922  3766.090088  3766.699951  3766.699951     8742759
2022-10-06 11:10:00-04:00  3766.840088  3767.459961  3763.260010  3765.939941  3765.939941    10834066
2022-10-06 11:12:00-04:00  3766.129883  3767.510010  3764.429932  3764.679932  3764.679932     7695908
2022-10-06 11:14:00-04:00  3764.850098  3765.040039  3761.939941  3765.040039  3765.040039    12281367
2022-10-06 11:16:00-04:00  3765.000000  3769.090088  3761.489990  3768.199951  3768.199951    11091957
2022-10-06 11:18:00-04:00  3768.290039  3775.189941  3768.020020  3774.540039  3774.540039    10586693
2022-10-06 11:20:00-04:00  3774.590088  3779.360107  3772.850098  3779.360107  3779.360107    11246049
2022-10-06 11:22:00-04:00  3779.399902  3779.439941  3775.389893  3776.000000  3776.000000    12762966
2022-10-06 11:24:00-04:00  3776.030029  3777.229980  3774.129883  3774.229980  3774.229980    11165683
2022-10-06 11:26:00-04:00  3774.379883  3774.469971  3772.679932  3773.649902  3773.649902     8201022
2022-10-06 11:28:00-04:00  3773.699951  3777.260010  3773.629883  3776.120117  3776.120117     8666958
2022-10-06 11:30:00-04:00  3776.330078  3776.500000  3771.719971  3772.219971  3772.219971    10939670
2022-10-06 11:32:00-04:00  3772.260010  3773.149902  3771.209961  3771.209961  3771.209961     7905040
2022-10-06 11:34:00-04:00  3771.229980  3774.219971  3770.909912  3773.949951  3773.949951     9128841
2022-10-06 11:36:00-04:00  3774.040039  3775.860107  3768.870117  3770.479980  3770.479980    10657251
2022-10-06 11:38:00-04:00  3770.560059  3770.899902  3768.189941  3768.459961  3768.459961     6840657
2022-10-06 11:40:00-04:00  3768.439941  3771.919922  3766.290039  3771.919922  3771.919922    10500591
2022-10-06 11:42:00-04:00  3771.850098  3771.850098  3767.540039  3767.800049  3767.800049     9257468
2022-10-06 11:44:00-04:00  3767.840088  3770.780029  3767.840088  3770.550049  3770.550049     7704183
2022-10-06 11:46:00-04:00  3770.709961  3773.489990  3768.879883  3773.149902  3773.149902     9043316
2022-10-06 11:48:00-04:00  3773.159912  3775.459961  3771.939941  3774.050049  3774.050049     8891661
2022-10-06 11:50:00-04:00  3773.929932  3776.489990  3772.709961  3774.850098  3774.850098     8524047
2022-10-06 11:52:00-04:00  3774.840088  3779.919922  3774.489990  3777.580078  3777.580078    12481816
2022-10-06 11:54:00-04:00  3777.600098  3777.659912  3774.429932  3776.280029  3776.280029     8080423
2022-10-06 11:56:00-04:00  3776.040039  3776.040039  3762.320068  3762.330078  3762.330078    16257461
2022-10-06 11:58:00-04:00  3762.330078  3762.709961  3758.260010  3759.270020  3759.270020    10634011
2022-10-06 12:00:00-04:00  3759.189941  3760.360107  3757.010010  3759.600098  3759.600098     9271140
2022-10-06 12:02:00-04:00  3760.060059  3760.290039  3756.020020  3757.290039  3757.290039     7714178
2022-10-06 12:04:00-04:00  3757.129883  3757.129883  3754.870117  3755.310059  3755.310059     8715954
2022-10-06 12:06:00-04:00  3755.290039  3756.959961  3754.939941  3756.280029  3756.280029     9150995
2022-10-06 12:08:00-04:00  3756.080078  3756.810059  3754.969971  3755.439941  3755.439941     6981753
2022-10-06 12:10:00-04:00  3755.510010  3757.409912  3753.679932  3755.540039  3755.540039     9681597
2022-10-06 12:12:00-04:00  3755.580078  3755.679932  3753.399902  3754.000000  3754.000000     6459456
2022-10-06 12:14:00-04:00  3754.050049  3755.370117  3753.179932  3754.729980  3754.729980     6662261
2022-10-06 12:16:00-04:00  3754.649902  3756.120117  3751.850098  3756.060059  3756.060059     8493407
2022-10-06 12:18:00-04:00  3756.179932  3756.270020  3755.030029  3755.439941  3755.439941     6114709
2022-10-06 12:20:00-04:00  3755.449951  3757.790039  3755.449951  3757.169922  3757.169922     6774662
2022-10-06 12:22:00-04:00  3757.270020  3761.719971  3757.270020  3761.239990  3761.239990     7388970
2022-10-06 12:24:00-04:00  3761.300049  3762.679932  3759.719971  3761.939941  3761.939941     7573156
2022-10-06 12:26:00-04:00  3761.959961  3763.290039  3761.290039  3762.820068  3762.820068     6336509
2022-10-06 12:28:00-04:00  3762.810059  3764.850098  3761.620117  3764.360107  3764.360107     7523659
2022-10-06 12:30:00-04:00  3764.409912  3764.669922  3762.020020  3762.149902  3762.149902     6603745
2022-10-06 12:32:00-04:00  3762.179932  3763.610107  3759.770020  3763.550049  3763.550049     8449457
2022-10-06 12:34:00-04:00  3763.580078  3764.830078  3762.639893  3764.120117  3764.120117     7041716
2022-10-06 12:36:00-04:00  3764.399902  3765.629883  3763.689941  3765.379883  3765.379883     5881603
2022-10-06 12:38:00-04:00  3765.379883  3766.570068  3764.350098  3766.429932  3766.429932     8193271
2022-10-06 12:40:00-04:00  3766.439941  3766.439941  3764.739990  3766.060059  3766.060059     6962835
2022-10-06 12:42:00-04:00  3766.060059  3770.719971  3765.469971  3770.090088  3770.090088     8558694
2022-10-06 12:44:00-04:00  3770.000000  3770.610107  3769.439941  3770.129883  3770.129883     6800568
2022-10-06 12:46:00-04:00  3770.129883  3771.350098  3768.679932  3771.350098  3771.350098     8482887
2022-10-06 12:48:00-04:00  3771.169922  3774.260010  3770.679932  3770.989990  3770.989990    11414050
2022-10-06 12:50:00-04:00  3771.229980  3771.649902  3767.879883  3768.919922  3768.919922     9260705
2022-10-06 12:52:00-04:00  3768.919922  3770.300049  3768.060059  3770.050049  3770.050049     5602328
2022-10-06 12:54:00-04:00  3770.030029  3770.659912  3768.409912  3769.360107  3769.360107     8781622
2022-10-06 12:56:00-04:00  3769.409912  3769.520020  3766.500000  3767.010010  3767.010010     6366079
2022-10-06 12:58:00-04:00  3767.010010  3767.010010  3766.229980  3766.530029  3766.530029     5335312
2022-10-06 13:00:00-04:00  3766.510010  3768.719971  3764.530029  3764.530029  3764.530029     7600064
2022-10-06 13:02:00-04:00  3764.790039  3764.879883  3762.250000  3763.439941  3763.439941     8644112
2022-10-06 13:04:00-04:00  3763.270020  3764.929932  3763.020020  3764.879883  3764.879883     3807889
2022-10-06 13:06:00-04:00  3764.280029  3764.669922  3763.469971  3763.469971  3763.469971     7590254
2022-10-06 13:08:00-04:00  3763.449951  3763.449951  3759.479980  3759.850098  3759.850098     7187827
2022-10-06 13:10:00-04:00  3759.840088  3761.100098  3759.409912  3760.879883  3760.879883     6251912
2022-10-06 13:12:00-04:00  3760.929932  3766.810059  3760.929932  3766.350098  3766.350098     9229848
2022-10-06 13:14:00-04:00  3766.370117  3769.790039  3765.800049  3768.239990  3768.239990     8005062
2022-10-06 13:16:00-04:00  3768.280029  3768.889893  3767.149902  3768.330078  3768.330078     6789630
2022-10-06 13:18:00-04:00  3768.310059  3768.610107  3765.879883  3766.979980  3766.979980     6590736
2022-10-06 13:20:00-04:00  3766.919922  3770.949951  3766.870117  3770.810059  3770.810059     9264355
2022-10-06 13:22:00-04:00  3770.830078  3770.830078  3767.590088  3769.300049  3769.300049     7584121
2022-10-06 13:24:00-04:00  3769.290039  3769.290039  3766.929932  3767.429932  3767.429932     5709906
2022-10-06 13:26:00-04:00  3765.270020  3766.909912  3764.929932  3766.500000  3766.500000  1344924301
2022-10-06 13:28:00-04:00  3767.689941  3769.669922  3767.419922  3769.550049  3769.550049     8231460
2022-10-06 13:30:00-04:00  3769.530029  3769.530029  3763.550049  3763.709961  3763.709961     7181474
2022-10-06 13:32:00-04:00  3763.620117  3763.969971  3761.020020  3762.139893  3762.139893     6988562
2022-10-06 13:34:00-04:00  3762.149902  3764.280029  3761.129883  3761.320068  3761.320068     7110236
2022-10-06 13:36:00-04:00  3761.360107  3761.399902  3759.600098  3759.709961  3759.709961     6699132
2022-10-06 13:38:00-04:00  3759.709961  3760.860107  3759.679932  3760.330078  3760.330078     5968916
2022-10-06 13:40:00-04:00  3760.280029  3763.800049  3760.120117  3763.780029  3763.780029     7558887
2022-10-06 13:42:00-04:00  3763.729980  3765.070068  3762.790039  3764.520020  3764.520020     7304637
2022-10-06 13:44:00-04:00  3764.629883  3765.969971  3764.629883  3765.600098  3765.600098     7784592
2022-10-06 13:46:00-04:00  3765.419922  3765.879883  3764.820068  3765.550049  3765.550049     7195011
2022-10-06 13:48:00-04:00  3765.649902  3766.629883  3764.520020  3766.610107  3766.610107     8170615
2022-10-06 13:50:00-04:00  3766.580078  3767.270020  3766.149902  3766.399902  3766.399902     7936172
2022-10-06 13:52:00-04:00  3766.350098  3766.510010  3763.360107  3763.899902  3763.899902     8571404
2022-10-06 13:54:00-04:00  3763.879883  3768.010010  3763.870117  3767.989990  3767.989990     9188409
2022-10-06 13:56:00-04:00  3767.989990  3768.280029  3766.620117  3766.770020  3766.770020     7508417
2022-10-06 13:58:00-04:00  3766.780029  3766.889893  3765.560059  3765.969971  3765.969971     6373411
2022-10-06 14:00:00-04:00  3765.969971  3766.110107  3761.889893  3761.979980  3761.979980     9208375
2022-10-06 14:02:00-04:00  3761.989990  3762.000000  3758.899902  3758.969971  3758.969971     9700917
2022-10-06 14:04:00-04:00  3758.959961  3759.629883  3757.010010  3757.219971  3757.219971     7660410
2022-10-06 14:06:00-04:00  3757.159912  3757.370117  3755.590088  3757.189941  3757.189941     8465114
2022-10-06 14:08:00-04:00  3757.169922  3757.360107  3756.229980  3756.949951  3756.949951     6238201
2022-10-06 14:10:00-04:00  3756.949951  3757.290039  3755.260010  3756.330078  3756.330078     6922646
2022-10-06 14:12:00-04:00  3756.340088  3758.860107  3756.209961  3758.090088  3758.090088     7381627
2022-10-06 14:14:00-04:00  3757.879883  3758.570068  3756.209961  3756.689941  3756.689941     6933538
2022-10-06 14:16:00-04:00  3756.709961  3757.159912  3753.540039  3753.830078  3753.830078     7611088
2022-10-06 14:18:00-04:00  3753.879883  3754.149902  3752.479980  3753.360107  3753.360107     7808046
2022-10-06 14:20:00-04:00  3753.330078  3755.739990  3753.169922  3755.709961  3755.709961     7223475
2022-10-06 14:22:00-04:00  3755.580078  3757.439941  3755.580078  3757.169922  3757.169922     7726155
2022-10-06 14:24:00-04:00  3757.199951  3757.870117  3756.000000  3757.830078  3757.830078     6342989
2022-10-06 14:26:00-04:00  3757.939941  3758.469971  3756.429932  3756.429932  3756.429932     7058843
2022-10-06 14:28:00-04:00  3756.409912  3756.530029  3755.189941  3755.659912  3755.659912     7325521
2022-10-06 14:30:00-04:00  3755.689941  3760.010010  3755.510010  3759.810059  3759.810059    10557259
2022-10-06 14:32:00-04:00  3759.810059  3760.580078  3756.409912  3756.409912  3756.409912     7726793
2022-10-06 14:34:00-04:00  3756.419922  3756.419922  3752.389893  3756.000000  3756.000000    10099412
2022-10-06 14:36:00-04:00  3756.040039  3758.370117  3755.560059  3757.429932  3757.429932     6549630
2022-10-06 14:38:00-04:00  3757.449951  3757.449951  3754.540039  3755.070068  3755.070068     6157826
2022-10-06 14:40:00-04:00  3754.939941  3756.070068  3754.510010  3755.439941  3755.439941  1626402025
2022-10-06 14:42:00-04:00  3755.479980  3756.620117  3755.300049  3755.429932  3755.429932     3606133
2022-10-06 14:44:00-04:00  3753.360107  3753.360107  3747.540039  3747.810059  3747.810059  1643801444
2022-10-06 14:46:00-04:00  3747.750000  3749.439941  3747.330078  3747.330078  3747.330078     7809382
2022-10-06 14:48:00-04:00  3747.219971  3747.370117  3744.149902  3744.310059  3744.310059     9052232
2022-10-06 14:50:00-04:00  3744.229980  3744.419922  3740.120117  3741.929932  3741.929932    14393386
2022-10-06 14:52:00-04:00  3741.919922  3741.919922  3740.129883  3740.580078  3740.580078     7255523
2022-10-06 14:54:00-04:00  3744.560059  3749.219971  3744.419922  3748.010010  3748.010010    13913337
2022-10-06 14:56:00-04:00  3748.030029  3748.520020  3747.280029  3747.469971  3747.469971     7458150
2022-10-06 14:58:00-04:00  3747.340088  3747.340088  3745.560059  3746.189941  3746.189941     9064504
2022-10-06 15:00:00-04:00  3746.260010  3746.469971  3744.500000  3744.909912  3744.909912     9318946
2022-10-06 15:02:00-04:00  3743.189941  3746.570068  3743.139893  3745.389893  3745.389893    13007798
2022-10-06 15:04:00-04:00  3745.419922  3746.469971  3742.850098  3743.229980  3743.229980     9908516
2022-10-06 15:06:00-04:00  3743.209961  3743.570068  3742.060059  3743.129883  3743.129883     7499782
2022-10-06 15:08:00-04:00  3743.260010  3744.659912  3741.909912  3744.399902  3744.399902     8447854
2022-10-06 15:10:00-04:00  3744.379883  3745.389893  3739.219971  3739.699951  3739.699951    10000212
2022-10-06 15:12:00-04:00  3739.530029  3743.300049  3739.320068  3742.899902  3742.899902     9813578
2022-10-06 15:14:00-04:00  3742.979980  3748.580078  3742.979980  3747.169922  3747.169922    12260329
2022-10-06 15:16:00-04:00  3747.189941  3748.100098  3744.649902  3744.699951  3744.699951    12471978
2022-10-06 15:18:00-04:00  3744.270020  3746.250000  3743.330078  3746.169922  3746.169922     5065014
2022-10-06 15:20:00-04:00  3745.860107  3748.439941  3744.840088  3748.070068  3748.070068  1823348916
2022-10-06 15:22:00-04:00  3748.070068  3754.239990  3747.479980  3753.330078  3753.330078    11652837
2022-10-06 15:24:00-04:00  3753.300049  3753.300049  3748.149902  3749.899902  3749.899902    14303372
2022-10-06 15:26:00-04:00  3749.979980  3754.320068  3749.810059  3753.739990  3753.739990     9967146
2022-10-06 15:28:00-04:00  3753.719971  3753.810059  3751.800049  3753.270020  3753.270020     4855353
2022-10-06 15:30:00-04:00  3757.030029  3757.030029  3753.469971  3753.479980  3753.479980  1881316398
2022-10-06 15:32:00-04:00  3753.570068  3755.800049  3752.189941  3755.800049  3755.800049     6458888
2022-10-06 15:34:00-04:00  3752.719971  3753.120117  3750.649902  3751.669922  3751.669922  1905491210
2022-10-06 15:36:00-04:00  3751.659912  3752.570068  3749.669922  3752.209961  3752.209961     5658267
2022-10-06 15:38:00-04:00  3752.919922  3753.479980  3750.850098  3750.889893  3750.889893  1928769141
2022-10-06 15:40:00-04:00  3750.969971  3750.969971  3749.290039  3750.129883  3750.129883    11840520
2022-10-06 15:42:00-04:00  3750.219971  3750.360107  3748.379883  3749.820068  3749.820068    13279210
2022-10-06 15:44:00-04:00  3749.830078  3752.510010  3747.750000  3748.080078  3748.080078    17219874
2022-10-06 15:46:00-04:00  3748.060059  3753.959961  3748.030029  3752.100098  3752.100098    17736861
2022-10-06 15:48:00-04:00  3752.250000  3752.300049  3746.750000  3747.909912  3747.909912    18252418
2022-10-06 15:50:00-04:00  3747.760010  3750.260010  3746.070068  3746.540039  3746.540039    29614918
2022-10-06 15:52:00-04:00  3746.429932  3746.929932  3744.520020  3744.760010  3744.760010    23403015
2022-10-06 15:54:00-04:00  3744.729980  3752.139893  3744.729980  3752.139893  3752.139893    36980633
2022-10-06 15:56:00-04:00  3752.290039  3752.500000  3744.590088  3746.060059  3746.060059    47836014
2022-10-06 15:58:00-04:00  3746.229980  3746.229980  3741.219971  3744.600098  3744.600098    67384698
2022-10-07 09:30:00-04:00  3706.739990  3706.739990  3694.580078  3694.580078  3694.580078    36313595
2022-10-07 09:32:00-04:00  3694.250000  3698.780029  3694.250000  3697.070068  3697.070068   103235734
2022-10-07 09:34:00-04:00  3697.090088  3698.830078  3692.429932  3696.189941  3696.189941    19346659
2022-10-07 09:36:00-04:00  3695.939941  3699.590088  3691.649902  3692.979980  3692.979980    18771387
2022-10-07 09:38:00-04:00  3693.100098  3696.399902  3691.050049  3695.629883  3695.629883    15799329
2022-10-07 09:40:00-04:00  3695.449951  3701.159912  3695.399902  3696.129883  3696.129883    16668721
2022-10-07 09:42:00-04:00  3696.169922  3696.500000  3690.270020  3691.270020  3691.270020    18620703
2022-10-07 09:44:00-04:00  3690.899902  3690.899902  3677.989990  3680.290039  3680.290039    21960560
2022-10-07 09:46:00-04:00  3680.320068  3682.919922  3678.419922  3678.540039  3678.540039    14269499
2022-10-07 09:48:00-04:00  3676.639893  3678.219971  3674.939941  3674.939941  3674.939941    21549688
2022-10-07 09:50:00-04:00  3675.110107  3675.459961  3671.590088  3672.330078  3672.330078    17969359
2022-10-07 09:52:00-04:00  3672.360107  3677.610107  3671.739990  3674.899902  3674.899902    15544364
2022-10-07 09:54:00-04:00  3674.919922  3674.959961  3670.989990  3671.219971  3671.219971    14609618
2022-10-07 09:56:00-04:00  3671.149902  3671.320068  3668.699951  3668.840088  3668.840088    14630362
2022-10-07 09:58:00-04:00  3668.800049  3668.800049  3665.300049  3667.110107  3667.110107    18699258
2022-10-07 10:00:00-04:00  3667.179932  3669.300049  3662.540039  3662.729980  3662.729980    19060873
2022-10-07 10:02:00-04:00  3662.810059  3664.649902  3660.959961  3661.060059  3661.060059    14438686
2022-10-07 10:04:00-04:00  3660.939941  3664.959961  3659.409912  3664.830078  3664.830078    14458244
2022-10-07 10:06:00-04:00  3664.830078  3667.040039  3663.719971  3666.520020  3666.520020    14103616
2022-10-07 10:08:00-04:00  3666.639893  3669.489990  3664.669922  3667.169922  3667.169922    13524501
2022-10-07 10:10:00-04:00  3666.889893  3670.139893  3666.010010  3669.159912  3669.159912    11882767
2022-10-07 10:12:00-04:00  3669.159912  3671.139893  3667.889893  3669.300049  3669.300049    12130910
2022-10-07 10:14:00-04:00  3669.120117  3669.889893  3666.810059  3669.360107  3669.360107    11251128
2022-10-07 10:16:00-04:00  3669.379883  3673.719971  3669.379883  3672.479980  3672.479980    13720526
2022-10-07 10:18:00-04:00  3672.540039  3674.270020  3670.659912  3673.840088  3673.840088    11276118
2022-10-07 10:20:00-04:00  3673.899902  3675.889893  3672.810059  3675.800049  3675.800049    11999526
2022-10-07 10:22:00-04:00  3675.669922  3679.870117  3674.419922  3679.870117  3679.870117    11317545
2022-10-07 10:24:00-04:00  3679.840088  3679.840088  3675.659912  3676.179932  3676.179932    11247501
2022-10-07 10:26:00-04:00  3676.070068  3677.899902  3674.850098  3677.280029  3677.280029    10416571
2022-10-07 10:28:00-04:00  3677.260010  3677.659912  3672.939941  3673.290039  3673.290039    12281174
2022-10-07 10:30:00-04:00  3673.250000  3674.949951  3671.419922  3672.989990  3672.989990    12801690
2022-10-07 10:32:00-04:00  3672.790039  3672.790039  3670.000000  3672.219971  3672.219971    10080124
2022-10-07 10:34:00-04:00  3672.280029  3673.360107  3669.100098  3669.719971  3669.719971    11799535
2022-10-07 10:36:00-04:00  3669.679932  3670.929932  3667.459961  3668.379883  3668.379883    11037547
2022-10-07 10:38:00-04:00  3668.350098  3670.270020  3667.149902  3668.159912  3668.159912    11490298
2022-10-07 10:40:00-04:00  3668.060059  3674.469971  3668.000000  3674.320068  3674.320068   593717112
2022-10-07 10:42:00-04:00  3674.310059  3674.530029  3672.100098  3672.729980  3672.729980   603813505
2022-10-07 10:44:00-04:00  3672.620117  3679.209961  3672.620117  3678.620117  3678.620117    13459410
2022-10-07 10:46:00-04:00  3678.699951  3679.870117  3675.889893  3679.649902  3679.649902    10982121
2022-10-07 10:48:00-04:00  3679.600098  3681.899902  3679.090088  3679.489990  3679.489990    10632892
2022-10-07 10:50:00-04:00  3679.510010  3679.530029  3672.689941  3673.689941  3673.689941    13542945
2022-10-07 10:52:00-04:00  3673.800049  3676.159912  3672.949951  3676.159912  3676.159912     9814637
2022-10-07 10:54:00-04:00  3676.110107  3679.770020  3676.110107  3678.949951  3678.949951    11465734
2022-10-07 10:56:00-04:00  3679.020020  3680.810059  3676.929932  3676.989990  3676.989990    10185214
2022-10-07 10:58:00-04:00  3677.000000  3677.330078  3674.600098  3675.590088  3675.590088    10253933
2022-10-07 11:00:00-04:00  3675.530029  3678.360107  3675.399902  3677.020020  3677.020020    10133966
2022-10-07 11:02:00-04:00  3677.429932  3681.659912  3677.370117  3680.760010  3680.760010    11076737
2022-10-07 11:04:00-04:00  3680.639893  3680.639893  3677.879883  3677.979980  3677.979980     9622915
2022-10-07 11:06:00-04:00  3678.050049  3678.050049  3672.770020  3673.929932  3673.929932    10206199
2022-10-07 11:08:00-04:00  3673.850098  3675.270020  3673.179932  3673.479980  3673.479980     9956510
2022-10-07 11:10:00-04:00  3673.090088  3675.939941  3672.669922  3674.580078  3674.580078     9261323
2022-10-07 11:12:00-04:00  3674.530029  3674.530029  3671.080078  3671.209961  3671.209961    10349025
2022-10-07 11:14:00-04:00  3671.219971  3674.090088  3670.689941  3671.500000  3671.500000    10459276
2022-10-07 11:16:00-04:00  3671.489990  3671.909912  3668.840088  3670.659912  3670.659912     9625422
2022-10-07 11:18:00-04:00  3670.639893  3670.959961  3665.330078  3665.330078  3665.330078    10419752
2022-10-07 11:20:00-04:00  3665.300049  3666.550049  3663.479980  3663.489990  3663.489990    10345022
2022-10-07 11:22:00-04:00  3663.290039  3666.580078  3662.739990  3666.580078  3666.580078    10061755
2022-10-07 11:24:00-04:00  3666.510010  3667.689941  3665.330078  3665.580078  3665.580078     9877870
2022-10-07 11:26:00-04:00  3665.439941  3669.290039  3665.439941  3669.149902  3669.149902    11791063
2022-10-07 11:28:00-04:00  3669.080078  3669.879883  3668.550049  3669.429932  3669.429932     9082007
2022-10-07 11:30:00-04:00  3669.479980  3671.979980  3667.479980  3667.479980  3667.479980    10809353
2022-10-07 11:32:00-04:00  3667.280029  3667.280029  3665.260010  3666.030029  3666.030029     9641048
2022-10-07 11:34:00-04:00  3665.959961  3667.510010  3665.719971  3666.469971  3666.469971     8309070
2022-10-07 11:36:00-04:00  3666.469971  3670.070068  3666.469971  3669.659912  3669.659912     9211639
2022-10-07 11:38:00-04:00  3669.639893  3670.290039  3666.679932  3667.760010  3667.760010     8155897
2022-10-07 11:40:00-04:00  3667.530029  3669.229980  3666.449951  3667.260010  3667.260010     8736305
2022-10-07 11:42:00-04:00  3667.270020  3667.469971  3661.879883  3662.520020  3662.520020    10727546
2022-10-07 11:44:00-04:00  3662.449951  3665.310059  3662.030029  3664.370117  3664.370117    10231362
2022-10-07 11:46:00-04:00  3664.350098  3665.639893  3662.060059  3662.939941  3662.939941     9158602
2022-10-07 11:48:00-04:00  3662.840088  3662.840088  3661.060059  3661.060059  3661.060059     7550010
2022-10-07 11:50:00-04:00  3661.050049  3663.520020  3660.330078  3663.520020  3663.520020     8216330
2022-10-07 11:52:00-04:00  3663.629883  3665.610107  3662.120117  3662.169922  3662.169922    10160714
2022-10-07 11:54:00-04:00  3662.179932  3662.810059  3661.030029  3661.850098  3661.850098     8045984
2022-10-07 11:56:00-04:00  3661.770020  3662.899902  3661.419922  3662.570068  3662.570068     7525877
2022-10-07 11:58:00-04:00  3662.570068  3665.500000  3662.540039  3664.120117  3664.120117     8071833
2022-10-07 12:00:00-04:00  3664.149902  3664.449951  3661.250000  3662.729980  3662.729980     8173167
2022-10-07 12:02:00-04:00  3662.699951  3665.260010  3662.179932  3663.520020  3663.520020     8513078
2022-10-07 12:04:00-04:00  3663.500000  3665.790039  3663.489990  3665.790039  3665.790039     8656534
2022-10-07 12:06:00-04:00  3665.929932  3667.139893  3664.350098  3664.370117  3664.370117     8204164
2022-10-07 12:08:00-04:00  3664.320068  3666.320068  3663.449951  3666.020020  3666.020020     9047479
2022-10-07 12:10:00-04:00  3666.090088  3668.149902  3665.879883  3667.439941  3667.439941     7560139
2022-10-07 12:12:00-04:00  3667.459961  3669.030029  3666.729980  3666.729980  3666.729980     7506447
2022-10-07 12:14:00-04:00  3666.580078  3666.580078  3663.050049  3663.459961  3663.459961     8960205
2022-10-07 12:16:00-04:00  3663.489990  3664.979980  3662.679932  3664.820068  3664.820068     7527037
2022-10-07 12:18:00-04:00  3664.840088  3665.010010  3662.729980  3662.739990  3662.739990     8187185
2022-10-07 12:20:00-04:00  3662.790039  3663.179932  3656.909912  3656.909912  3656.909912    10714263
2022-10-07 12:22:00-04:00  3656.909912  3657.780029  3656.050049  3657.110107  3657.110107     8946179
2022-10-07 12:24:00-04:00  3657.060059  3657.110107  3653.719971  3653.969971  3653.969971    10122819
2022-10-07 12:26:00-04:00  3654.000000  3656.600098  3653.620117  3656.510010  3656.510010     8362601
2022-10-07 12:28:00-04:00  3656.550049  3656.570068  3654.070068  3654.139893  3654.139893     7708476
2022-10-07 12:30:00-04:00  3654.389893  3654.389893  3651.419922  3652.500000  3652.500000    11328182
2022-10-07 12:32:00-04:00  3652.510010  3652.860107  3650.989990  3652.209961  3652.209961     9705728
2022-10-07 12:34:00-04:00  3652.159912  3652.500000  3651.280029  3651.280029  3651.280029     8242955
2022-10-07 12:36:00-04:00  3651.280029  3653.409912  3651.060059  3652.090088  3652.090088     8098322
2022-10-07 12:38:00-04:00  3652.080078  3653.169922  3651.800049  3653.139893  3653.139893     7550892
2022-10-07 12:40:00-04:00  3653.139893  3653.449951  3651.340088  3651.610107  3651.610107     7879045
2022-10-07 12:42:00-04:00  3651.580078  3651.780029  3649.280029  3649.649902  3649.649902     5543790
2022-10-07 12:44:00-04:00  3649.340088  3649.679932  3648.919922  3649.219971  3649.219971     9299500
2022-10-07 12:46:00-04:00  3649.139893  3649.310059  3646.610107  3646.820068  3646.820068     8732424
2022-10-07 12:48:00-04:00  3646.860107  3648.310059  3646.600098  3647.260010  3647.260010     7139448
2022-10-07 12:50:00-04:00  3647.270020  3648.679932  3646.010010  3648.679932  3648.679932     9679427
2022-10-07 12:52:00-04:00  3648.719971  3649.219971  3647.350098  3648.280029  3648.280029     8124390
2022-10-07 12:54:00-04:00  3648.310059  3648.979980  3647.020020  3648.459961  3648.459961     8081645
2022-10-07 12:56:00-04:00  3648.439941  3649.800049  3647.969971  3649.169922  3649.169922     6907171
2022-10-07 12:58:00-04:00  3649.139893  3649.419922  3648.510010  3649.330078  3649.330078     7211898
2022-10-07 13:00:00-04:00  3649.290039  3649.290039  3646.350098  3646.350098  3646.350098     7808787
2022-10-07 13:02:00-04:00  3646.320068  3646.320068  3643.540039  3643.550049  3643.550049     9315226
2022-10-07 13:04:00-04:00  3643.610107  3646.760010  3643.610107  3646.459961  3646.459961     7183942
2022-10-07 13:06:00-04:00  3646.469971  3646.469971  3643.570068  3643.629883  3643.629883     7393696
2022-10-07 13:08:00-04:00  3643.620117  3643.719971  3642.510010  3642.810059  3642.810059     7997659
2022-10-07 13:10:00-04:00  3642.760010  3645.820068  3642.760010  3645.550049  3645.550049     9976186
2022-10-07 13:12:00-04:00  3645.580078  3647.570068  3645.580078  3647.520020  3647.520020     6968275
2022-10-07 13:14:00-04:00  3647.530029  3648.840088  3647.530029  3648.330078  3648.330078     6798460
2022-10-07 13:16:00-04:00  3648.290039  3651.870117  3648.250000  3651.600098  3651.600098     7861741
2022-10-07 13:18:00-04:00  3651.620117  3652.879883  3651.229980  3652.370117  3652.370117     7733740
2022-10-07 13:20:00-04:00  3652.310059  3652.360107  3651.030029  3651.560059  3651.560059     6450343
2022-10-07 13:22:00-04:00  3651.620117  3651.899902  3648.800049  3648.929932  3648.929932     8637251
2022-10-07 13:24:00-04:00  3648.979980  3649.500000  3648.800049  3649.370117  3649.370117     5494079
2022-10-07 13:26:00-04:00  3649.360107  3650.250000  3648.760010  3650.250000  3650.250000     5185714
2022-10-07 13:28:00-04:00  3651.600098  3652.510010  3649.939941  3649.979980  3649.979980     8729248
2022-10-07 13:30:00-04:00  3648.209961  3648.280029  3646.649902  3646.649902  3646.649902     7516326
2022-10-07 13:32:00-04:00  3648.260010  3649.439941  3647.429932  3649.340088  3649.340088  1364660912
2022-10-07 13:34:00-04:00  3649.310059  3649.340088  3647.760010  3648.129883  3648.129883     7486224
2022-10-07 13:36:00-04:00  3648.129883  3649.050049  3647.669922  3648.760010  3648.760010     7080387
2022-10-07 13:38:00-04:00  3648.610107  3648.729980  3647.969971  3648.370117  3648.370117     7736439
2022-10-07 13:40:00-04:00  3648.419922  3650.020020  3648.399902  3649.610107  3649.610107     4163907
2022-10-07 13:42:00-04:00  3651.699951  3654.169922  3651.439941  3654.060059  3654.060059  1403339993
2022-10-07 13:44:00-04:00  3654.070068  3654.070068  3651.760010  3652.469971  3652.469971     5606847
2022-10-07 13:46:00-04:00  3653.010010  3653.120117  3650.550049  3651.169922  3651.169922     9620374
2022-10-07 13:48:00-04:00  3651.199951  3651.570068  3648.679932  3648.959961  3648.959961     7162920
2022-10-07 13:50:00-04:00  3648.919922  3650.969971  3648.729980  3650.540039  3650.540039     6310114
2022-10-07 13:52:00-04:00  3650.540039  3650.540039  3646.679932  3648.149902  3648.149902     7933871
2022-10-07 13:54:00-04:00  3648.139893  3649.280029  3646.989990  3648.120117  3648.120117     6742217
2022-10-07 13:56:00-04:00  3648.110107  3648.159912  3645.030029  3645.030029  3645.030029     6010131
2022-10-07 13:58:00-04:00  3644.729980  3644.929932  3644.110107  3644.280029  3644.280029     5767976
2022-10-07 14:00:00-04:00  3644.449951  3645.489990  3643.929932  3645.350098  3645.350098  1466807186
2022-10-07 14:02:00-04:00  3646.620117  3647.580078  3645.879883  3647.110107  3647.110107  1478367176
2022-10-07 14:04:00-04:00  3647.139893  3647.429932  3646.260010  3646.830078  3646.830078     6519209
2022-10-07 14:06:00-04:00  3646.840088  3648.489990  3646.840088  3647.840088  3647.840088     7048217
2022-10-07 14:08:00-04:00  3647.979980  3647.979980  3645.320068  3646.399902  3646.399902     9106073
2022-10-07 14:10:00-04:00  3646.310059  3646.310059  3642.000000  3643.840088  3643.840088    10666757
2022-10-07 14:12:00-04:00  3643.840088  3647.030029  3643.679932  3646.090088  3646.090088     4838581
2022-10-07 14:14:00-04:00  3647.000000  3648.760010  3646.340088  3646.959961  3646.959961  1529175169
2022-10-07 14:16:00-04:00  3646.949951  3648.679932  3646.340088  3647.379883  3647.379883     7697962
2022-10-07 14:18:00-04:00  3647.399902  3647.409912  3644.379883  3644.379883  3644.379883     7968064
2022-10-07 14:20:00-04:00  3644.330078  3644.840088  3641.800049  3641.939941  3641.939941     5128841
2022-10-07 14:22:00-04:00  3641.659912  3642.770020  3641.129883  3641.739990  3641.739990  1563193807
2022-10-07 14:24:00-04:00  3641.770020  3641.770020  3639.159912  3639.169922  3639.169922  1570138429
2022-10-07 14:26:00-04:00  3640.209961  3641.370117  3639.459961  3640.010010  3640.010010     9112054
2022-10-07 14:28:00-04:00  3640.080078  3640.080078  3637.860107  3638.120117  3638.120117     7515306
2022-10-07 14:30:00-04:00  3638.110107  3638.110107  3636.510010  3636.550049  3636.550049     7114640
2022-10-07 14:32:00-04:00  3636.669922  3637.159912  3634.979980  3635.659912  3635.659912     9157210
2022-10-07 14:34:00-04:00  3635.649902  3639.790039  3635.399902  3639.139893  3639.139893     9116761
2022-10-07 14:36:00-04:00  3639.120117  3641.560059  3638.270020  3640.899902  3640.899902     7817539
2022-10-07 14:38:00-04:00  3640.889893  3640.889893  3639.090088  3639.389893  3639.389893     7106286
2022-10-07 14:40:00-04:00  3639.409912  3640.929932  3639.219971  3640.909912  3640.909912     5862927
2022-10-07 14:42:00-04:00  3640.429932  3640.429932  3637.600098  3637.629883  3637.629883     8683670
2022-10-07 14:44:00-04:00  3637.610107  3637.610107  3636.060059  3636.290039  3636.290039    10414018
2022-10-07 14:46:00-04:00  3636.270020  3637.429932  3635.189941  3636.030029  3636.030029     7732556
2022-10-07 14:48:00-04:00  3636.090088  3637.219971  3634.760010  3637.219971  3637.219971     9194064
2022-10-07 14:50:00-04:00  3637.389893  3638.360107  3636.729980  3637.629883  3637.629883     9924880
2022-10-07 14:52:00-04:00  3637.550049  3638.860107  3636.679932  3636.780029  3636.780029     8094230
2022-10-07 14:54:00-04:00  3636.770020  3639.189941  3636.739990  3637.699951  3637.699951     8113029
2022-10-07 14:56:00-04:00  3637.800049  3639.610107  3637.709961  3637.729980  3637.729980     7711127
2022-10-07 14:58:00-04:00  3637.669922  3639.379883  3636.739990  3638.830078  3638.830078     8839651
2022-10-07 15:00:00-04:00  3638.810059  3642.790039  3638.810059  3642.689941  3642.689941    11363912
2022-10-07 15:02:00-04:00  3642.689941  3644.800049  3641.449951  3644.800049  3644.800049    12317508
2022-10-07 15:04:00-04:00  3644.790039  3645.800049  3643.919922  3644.320068  3644.320068     9728896
2022-10-07 15:06:00-04:00  3644.320068  3644.820068  3641.459961  3641.540039  3641.540039    10386866
2022-10-07 15:08:00-04:00  3641.469971  3641.590088  3639.500000  3639.969971  3639.969971    10574191
2022-10-07 15:10:00-04:00  3639.949951  3642.010010  3639.899902  3640.550049  3640.550049    10662740
2022-10-07 15:12:00-04:00  3640.550049  3641.350098  3636.580078  3636.580078  3636.580078    10822646
2022-10-07 15:14:00-04:00  3636.590088  3636.919922  3635.010010  3635.709961  3635.709961    12028843
2022-10-07 15:16:00-04:00  3635.679932  3636.169922  3634.290039  3634.850098  3634.850098     9767511
2022-10-07 15:18:00-04:00  3634.840088  3634.840088  3632.040039  3632.760010  3632.760010    11613640
2022-10-07 15:20:00-04:00  3632.889893  3634.260010  3631.590088  3631.620117  3631.620117    11910844
2022-10-07 15:22:00-04:00  3631.629883  3631.689941  3630.530029  3630.530029  3630.530029    11086137
2022-10-07 15:24:00-04:00  3630.540039  3631.340088  3629.250000  3630.020020  3630.020020    13794838
2022-10-07 15:26:00-04:00  3630.050049  3630.080078  3624.989990  3625.000000  3625.000000    13225326
2022-10-07 15:28:00-04:00  3624.870117  3626.810059  3624.679932  3626.810059  3626.810059    14536102
2022-10-07 15:30:00-04:00  3626.969971  3626.969971  3622.719971  3623.570068  3623.570068    16160051
2022-10-07 15:32:00-04:00  3623.659912  3623.919922  3621.409912  3621.419922  3621.419922    16760047
2022-10-07 15:34:00-04:00  3621.399902  3622.669922  3620.729980  3621.139893  3621.139893    17389411
2022-10-07 15:36:00-04:00  3621.139893  3628.479980  3621.100098  3628.370117  3628.370117    18502076
2022-10-07 15:38:00-04:00  3628.379883  3632.590088  3626.550049  3632.590088  3632.590088    17560711
2022-10-07 15:40:00-04:00  3632.949951  3637.000000  3631.370117  3636.889893  3636.889893    18621698
2022-10-07 15:42:00-04:00  3636.870117  3638.080078  3635.030029  3636.429932  3636.429932    18736874
2022-10-07 15:44:00-04:00  3636.689941  3639.469971  3633.750000  3634.179932  3634.179932    25580024
2022-10-07 15:46:00-04:00  3634.149902  3636.939941  3632.030029  3633.600098  3633.600098    22302215
2022-10-07 15:48:00-04:00  3633.540039  3634.409912  3631.620117  3632.889893  3632.889893    20618763
2022-10-07 15:50:00-04:00  3632.810059  3643.100098  3632.810059  3642.239990  3642.239990    37411314
2022-10-07 15:52:00-04:00  3642.510010  3643.239990  3636.590088  3637.860107  3637.860107    31471422
2022-10-07 15:54:00-04:00  3637.909912  3638.919922  3634.330078  3638.540039  3638.540039    49439232
2022-10-07 15:56:00-04:00  3638.629883  3643.209961  3637.820068  3641.840088  3641.840088    50212593
2022-10-07 15:58:00-04:00  3641.929932  3642.719971  3639.469971  3640.379883  3640.379883    67400277
2022-10-10 09:30:00-04:00  3647.510010  3652.169922  3647.510010  3650.739990  3650.739990    13627109
2022-10-10 09:32:00-04:00  3650.939941  3650.939941  3641.070068  3641.219971  3641.219971    19680827
2022-10-10 09:34:00-04:00  3641.139893  3648.110107  3639.850098  3644.399902  3644.399902    20160062
2022-10-10 09:36:00-04:00  3644.229980  3644.229980  3636.330078  3639.469971  3639.469971    18847861
2022-10-10 09:38:00-04:00  3639.350098  3640.629883  3638.000000  3638.040039  3638.040039    15466023
2022-10-10 09:40:00-04:00  3638.010010  3645.540039  3636.290039  3645.020020  3645.020020    20118718
2022-10-10 09:42:00-04:00  3644.909912  3644.909912  3634.939941  3640.290039  3640.290039    18422846
2022-10-10 09:44:00-04:00  3640.500000  3643.610107  3639.379883  3640.770020  3640.770020    16736135
2022-10-10 09:46:00-04:00  3640.719971  3647.250000  3639.989990  3644.879883  3644.879883    18025739
2022-10-10 09:48:00-04:00  3644.800049  3644.800049  3639.699951  3640.179932  3640.179932    14340111
2022-10-10 09:50:00-04:00  3640.229980  3643.149902  3635.669922  3637.739990  3637.739990    17264285
2022-10-10 09:52:00-04:00  3637.679932  3637.770020  3629.399902  3629.629883  3629.629883    13642064
2022-10-10 09:54:00-04:00  3629.360107  3630.590088  3627.820068  3629.739990  3629.739990    12972494
2022-10-10 09:56:00-04:00  3629.840088  3632.080078  3629.810059  3630.979980  3630.979980    12957106
2022-10-10 09:58:00-04:00  3630.729980  3631.870117  3626.620117  3626.810059  3626.810059    13552023
2022-10-10 10:00:00-04:00  3627.129883  3628.550049  3623.929932  3627.949951  3627.949951    15640665
2022-10-10 10:02:00-04:00  3627.949951  3628.860107  3625.179932  3625.179932  3625.179932    12513190
2022-10-10 10:04:00-04:00  3625.239990  3628.060059  3622.879883  3626.909912  3626.909912    15072734
2022-10-10 10:06:00-04:00  3626.870117  3631.250000  3625.820068  3626.909912  3626.909912    14334679
2022-10-10 10:08:00-04:00  3626.850098  3627.120117  3621.229980  3621.620117  3621.620117    12031163
2022-10-10 10:10:00-04:00  3621.550049  3625.810059  3621.409912  3625.800049  3625.800049    10754657
2022-10-10 10:12:00-04:00  3625.810059  3626.169922  3623.389893  3624.000000  3624.000000    10703625
2022-10-10 10:14:00-04:00  3624.010010  3626.899902  3622.939941  3626.459961  3626.459961    11178953
2022-10-10 10:16:00-04:00  3626.429932  3628.600098  3626.129883  3627.120117  3627.120117    10844583
2022-10-10 10:18:00-04:00  3627.189941  3628.860107  3626.070068  3627.199951  3627.199951     7518112
2022-10-10 10:20:00-04:00  3628.320068  3629.919922  3627.860107  3629.280029  3629.280029    14068370
2022-10-10 10:22:00-04:00  3629.300049  3630.600098  3629.050049  3630.600098  3630.600098    10433258
2022-10-10 10:24:00-04:00  3630.689941  3630.689941  3626.919922  3628.419922  3628.419922    10367759
2022-10-10 10:26:00-04:00  3629.070068  3640.040039  3627.719971  3637.800049  3637.800049    16505894
2022-10-10 10:28:00-04:00  3637.679932  3637.679932  3633.159912  3636.449951  3636.449951    14160525
2022-10-10 10:30:00-04:00  3636.179932  3639.669922  3632.110107  3637.810059  3637.810059    16089297
2022-10-10 10:32:00-04:00  3636.330078  3636.580078  3625.919922  3626.689941  3626.689941    14947726
2022-10-10 10:34:00-04:00  3626.620117  3627.919922  3625.050049  3626.979980  3626.979980    11691322
2022-10-10 10:36:00-04:00  3627.040039  3627.520020  3618.739990  3618.739990  3618.739990    14831508
2022-10-10 10:38:00-04:00  3618.810059  3618.810059  3613.239990  3613.239990  3613.239990    13677608
2022-10-10 10:40:00-04:00  3613.229980  3615.610107  3612.909912  3615.610107  3615.610107    13367225
2022-10-10 10:42:00-04:00  3615.739990  3615.739990  3612.659912  3613.830078  3613.830078    10737749
2022-10-10 10:44:00-04:00  3613.929932  3617.939941  3613.919922  3617.129883  3617.129883    11290714
2022-10-10 10:46:00-04:00  3617.310059  3617.620117  3613.179932  3615.909912  3615.909912    10340947
2022-10-10 10:48:00-04:00  3615.909912  3617.020020  3614.300049  3615.010010  3615.010010     9510486
2022-10-10 10:50:00-04:00  3614.800049  3615.850098  3613.429932  3614.090088  3614.090088    10480827
2022-10-10 10:52:00-04:00  3614.060059  3616.179932  3609.429932  3610.550049  3610.550049    11258786
2022-10-10 10:54:00-04:00  3610.429932  3610.520020  3607.629883  3609.189941  3609.189941    10875811
2022-10-10 10:56:00-04:00  3609.030029  3611.800049  3608.969971  3611.510010  3611.510010    10227616
2022-10-10 10:58:00-04:00  3611.429932  3613.310059  3610.610107  3613.050049  3613.050049     9496949
2022-10-10 11:00:00-04:00  3612.909912  3612.909912  3606.489990  3606.489990  3606.489990     8978046
2022-10-10 11:02:00-04:00  3608.129883  3608.129883  3608.129883  3608.129883  3608.129883           0
2022-10-10 11:04:00-04:00  3605.270020  3607.310059  3604.780029  3607.310059  3607.310059   699739185
2022-10-10 11:06:00-04:00  3607.330078  3609.760010  3606.860107  3609.750000  3609.750000     9836514
2022-10-10 11:08:00-04:00  3609.750000  3609.780029  3606.750000  3608.050049  3608.050049     9098228
2022-10-10 11:10:00-04:00  3608.010010  3611.870117  3607.389893  3610.610107  3610.610107    10288740
2022-10-10 11:12:00-04:00  3610.540039  3612.790039  3610.040039  3612.689941  3612.689941     7911168
2022-10-10 11:14:00-04:00  3612.699951  3614.020020  3611.320068  3611.350098  3611.350098     9244077
2022-10-10 11:16:00-04:00  3611.429932  3614.510010  3610.590088  3613.570068  3613.570068     9395385
2022-10-10 11:18:00-04:00  3613.510010  3613.510010  3609.020020  3610.149902  3610.149902    10309622
2022-10-10 11:20:00-04:00  3610.199951  3616.620117  3609.149902  3616.620117  3616.620117    10413970
2022-10-10 11:22:00-04:00  3616.540039  3620.929932  3616.489990  3620.929932  3620.929932    10647560
2022-10-10 11:24:00-04:00  3621.070068  3621.070068  3617.389893  3617.389893  3617.389893     7796099
2022-10-10 11:26:00-04:00  3617.310059  3617.889893  3614.739990  3615.830078  3615.830078     8329706
2022-10-10 11:28:00-04:00  3615.879883  3615.879883  3613.530029  3614.659912  3614.659912     8271634
2022-10-10 11:30:00-04:00  3614.669922  3615.260010  3613.000000  3614.229980  3614.229980     8503109
2022-10-10 11:32:00-04:00  3614.169922  3615.350098  3612.600098  3614.300049  3614.300049     8931661
2022-10-10 11:34:00-04:00  3614.320068  3616.409912  3612.629883  3614.500000  3614.500000     9504841
2022-10-10 11:36:00-04:00  3614.520020  3614.649902  3613.080078  3613.550049  3613.550049     6869648
2022-10-10 11:38:00-04:00  3613.560059  3615.199951  3611.939941  3612.000000  3612.000000     8480564
2022-10-10 11:40:00-04:00  3612.149902  3612.149902  3609.520020  3610.120117  3610.120117     9630885
2022-10-10 11:42:00-04:00  3610.010010  3613.879883  3609.199951  3613.879883  3613.879883     7605064
2022-10-10 11:44:00-04:00  3613.919922  3615.379883  3613.550049  3614.070068  3614.070068     7908188
2022-10-10 11:46:00-04:00  3614.010010  3617.479980  3613.790039  3614.929932  3614.929932     9039981
2022-10-10 11:48:00-04:00  3614.929932  3618.719971  3614.929932  3618.669922  3618.669922     7517875
2022-10-10 11:50:00-04:00  3618.659912  3624.750000  3617.989990  3623.310059  3623.310059    14115293
2022-10-10 11:52:00-04:00  3623.489990  3624.110107  3621.909912  3622.530029  3622.530029     7475658
2022-10-10 11:54:00-04:00  3622.520020  3624.030029  3622.520020  3622.659912  3622.659912     8403230
2022-10-10 11:56:00-04:00  3622.719971  3624.399902  3621.989990  3623.070068  3623.070068     9502569
2022-10-10 11:58:00-04:00  3623.030029  3623.030029  3619.229980  3619.360107  3619.360107     7239946
2022-10-10 12:00:00-04:00  3619.360107  3619.459961  3618.129883  3619.120117  3619.120117     6949765
2022-10-10 12:02:00-04:00  3619.149902  3619.149902  3617.709961  3618.320068  3618.320068     6157620
2022-10-10 12:04:00-04:00  3618.209961  3620.560059  3618.100098  3619.969971  3619.969971     6450075
2022-10-10 12:06:00-04:00  3619.939941  3619.939941  3617.389893  3617.729980  3617.729980     6938422
2022-10-10 12:08:00-04:00  3617.699951  3617.699951  3613.250000  3613.899902  3613.899902     9240191
2022-10-10 12:10:00-04:00  3613.889893  3614.239990  3613.149902  3613.399902  3613.399902     6487113
2022-10-10 12:12:00-04:00  3613.459961  3613.489990  3611.729980  3612.149902  3612.149902     6052003
2022-10-10 12:14:00-04:00  3612.219971  3614.709961  3612.100098  3614.330078  3614.330078     6792004
2022-10-10 12:16:00-04:00  3614.330078  3615.540039  3613.459961  3613.459961  3613.459961     6839059
2022-10-10 12:18:00-04:00  3612.939941  3613.290039  3611.250000  3611.250000  3611.250000     6499645
2022-10-10 12:20:00-04:00  3611.080078  3611.080078  3604.860107  3604.870117  3604.870117     8781041
2022-10-10 12:22:00-04:00  3604.800049  3605.979980  3603.010010  3603.010010  3603.010010     8759516
2022-10-10 12:24:00-04:00  3603.030029  3604.929932  3602.939941  3604.429932  3604.429932     7137797
2022-10-10 12:26:00-04:00  3604.449951  3605.290039  3601.209961  3602.030029  3602.030029     7567258
2022-10-10 12:28:00-04:00  3601.939941  3601.939941  3600.330078  3601.469971  3601.469971     7961592
2022-10-10 12:30:00-04:00  3601.449951  3603.909912  3601.250000  3603.239990  3603.239990     9641343
2022-10-10 12:32:00-04:00  3603.179932  3603.179932  3600.139893  3600.689941  3600.689941     6620167
2022-10-10 12:34:00-04:00  3600.820068  3601.080078  3599.550049  3599.860107  3599.860107     6686990
2022-10-10 12:36:00-04:00  3599.840088  3600.370117  3599.110107  3600.169922  3600.169922     7427816
2022-10-10 12:38:00-04:00  3600.389893  3602.389893  3600.389893  3602.389893  3602.389893     6829844
2022-10-10 12:40:00-04:00  3602.439941  3604.040039  3601.739990  3601.949951  3601.949951     7093948
2022-10-10 12:42:00-04:00  3602.050049  3602.840088  3601.439941  3602.459961  3602.459961     6207521
2022-10-10 12:44:00-04:00  3602.350098  3602.350098  3600.959961  3601.469971  3601.469971     6850523
2022-10-10 12:46:00-04:00  3601.439941  3602.610107  3600.159912  3600.620117  3600.620117     6325023
2022-10-10 12:48:00-04:00  3600.600098  3601.030029  3599.659912  3600.439941  3600.439941     6187873
2022-10-10 12:50:00-04:00  3600.459961  3600.479980  3597.489990  3598.629883  3598.629883     7666167
2022-10-10 12:52:00-04:00  3598.489990  3598.530029  3596.139893  3596.199951  3596.199951     6986879
2022-10-10 12:54:00-04:00  3596.189941  3598.820068  3596.189941  3598.760010  3598.760010     8900483
2022-10-10 12:56:00-04:00  3598.800049  3600.080078  3595.300049  3595.439941  3595.439941     9076650
2022-10-10 12:58:00-04:00  3595.459961  3596.239990  3594.729980  3594.739990  3594.739990     7445742
2022-10-10 13:00:00-04:00  3594.750000  3594.750000  3592.429932  3592.429932  3592.429932     8486566
2022-10-10 13:02:00-04:00  3592.300049  3592.300049  3590.550049  3590.550049  3590.550049     7587799
2022-10-10 13:04:00-04:00  3590.469971  3591.989990  3590.379883  3591.739990  3591.739990     8337136
2022-10-10 13:06:00-04:00  3591.719971  3592.080078  3589.790039  3590.429932  3590.429932     6312388
2022-10-10 13:08:00-04:00  3590.389893  3590.969971  3589.580078  3590.959961  3590.959961     6373916
2022-10-10 13:10:00-04:00  3590.939941  3596.060059  3588.100098  3596.060059  3596.060059    14498114
2022-10-10 13:12:00-04:00  3595.949951  3599.469971  3595.429932  3597.699951  3597.699951     8564818
2022-10-10 13:14:00-04:00  3597.699951  3599.879883  3596.989990  3599.850098  3599.850098     6809289
2022-10-10 13:16:00-04:00  3599.810059  3600.649902  3596.780029  3597.129883  3597.129883     7307544
2022-10-10 13:18:00-04:00  3597.100098  3597.469971  3594.540039  3597.429932  3597.429932     6785836
2022-10-10 13:20:00-04:00  3597.449951  3600.389893  3597.310059  3598.540039  3598.540039     7237316
2022-10-10 13:22:00-04:00  3598.520020  3601.850098  3598.310059  3599.959961  3599.959961     7022553
2022-10-10 13:24:00-04:00  3600.030029  3600.350098  3598.320068  3599.010010  3599.010010     5860807
2022-10-10 13:26:00-04:00  3599.270020  3600.750000  3599.270020  3599.389893  3599.389893     7094336
2022-10-10 13:28:00-04:00  3599.270020  3601.500000  3598.739990  3600.929932  3600.929932     6492784
2022-10-10 13:30:00-04:00  3600.909912  3602.679932  3600.399902  3602.469971  3602.469971     6967137
2022-10-10 13:32:00-04:00  3602.560059  3608.629883  3602.560059  3606.840088  3606.840088    10380854
2022-10-10 13:34:00-04:00  3606.679932  3609.750000  3605.030029  3608.149902  3608.149902     8905392
2022-10-10 13:36:00-04:00  3608.620117  3608.820068  3606.060059  3606.350098  3606.350098     6575464
2022-10-10 13:38:00-04:00  3606.350098  3609.500000  3606.290039  3609.500000  3609.500000     6940916
2022-10-10 13:40:00-04:00  3609.530029  3610.389893  3608.949951  3609.290039  3609.290039     6508256
2022-10-10 13:42:00-04:00  3609.300049  3609.929932  3608.719971  3608.719971  3608.719971     5807759
2022-10-10 13:44:00-04:00  3608.639893  3613.000000  3606.550049  3613.000000  3613.000000     8739443
2022-10-10 13:46:00-04:00  3613.250000  3621.239990  3613.250000  3620.540039  3620.540039    13076518
2022-10-10 13:48:00-04:00  3620.659912  3630.330078  3620.469971  3627.800049  3627.800049    14732637
2022-10-10 13:50:00-04:00  3627.709961  3629.790039  3626.330078  3628.389893  3628.389893     9927648
2022-10-10 13:52:00-04:00  3628.590088  3633.909912  3628.399902  3630.020020  3630.020020    13538022
2022-10-10 13:54:00-04:00  3630.439941  3633.770020  3630.439941  3632.179932  3632.179932    10130858
2022-10-10 13:56:00-04:00  3632.110107  3632.110107  3628.800049  3628.959961  3628.959961     8566096
2022-10-10 13:58:00-04:00  3628.959961  3629.860107  3626.080078  3626.300049  3626.300049     9590813
2022-10-10 14:00:00-04:00  3626.280029  3627.139893  3623.760010  3624.669922  3624.669922     8059370
2022-10-10 14:02:00-04:00  3624.560059  3625.800049  3624.040039  3625.449951  3625.449951     7579253
2022-10-10 14:04:00-04:00  3625.389893  3625.389893  3622.540039  3622.570068  3622.570068     7799628
2022-10-10 14:06:00-04:00  3622.530029  3622.530029  3619.459961  3621.919922  3621.919922    10310918
2022-10-10 14:08:00-04:00  3622.389893  3623.080078  3620.060059  3620.389893  3620.389893     7264613
2022-10-10 14:10:00-04:00  3620.290039  3621.689941  3620.100098  3620.250000  3620.250000     6952093
2022-10-10 14:12:00-04:00  3620.320068  3620.939941  3617.310059  3617.679932  3617.679932     8286149
2022-10-10 14:14:00-04:00  3617.790039  3619.020020  3614.939941  3615.199951  3615.199951     8076114
2022-10-10 14:16:00-04:00  3615.149902  3616.669922  3614.439941  3614.860107  3614.860107     6452665
2022-10-10 14:18:00-04:00  3614.909912  3615.830078  3613.760010  3615.379883  3615.379883     6120609
2022-10-10 14:20:00-04:00  3615.370117  3618.129883  3615.120117  3617.149902  3617.149902     6426543
2022-10-10 14:22:00-04:00  3617.120117  3617.179932  3610.860107  3612.219971  3612.219971     8791614
2022-10-10 14:24:00-04:00  3612.179932  3614.129883  3611.590088  3613.929932  3613.929932     6400452
2022-10-10 14:26:00-04:00  3613.909912  3617.080078  3613.760010  3615.639893  3615.639893     7035976
2022-10-10 14:28:00-04:00  3615.709961  3618.409912  3615.709961  3616.790039  3616.790039     7094285
2022-10-10 14:30:00-04:00  3616.969971  3619.770020  3614.969971  3619.699951  3619.699951     7615683
2022-10-10 14:32:00-04:00  3619.649902  3624.780029  3619.649902  3624.780029  3624.780029     9630342
2022-10-10 14:34:00-04:00  3624.679932  3625.000000  3622.790039  3623.870117  3623.870117     8552669
2022-10-10 14:36:00-04:00  3623.820068  3624.919922  3623.100098  3624.489990  3624.489990     6538773
2022-10-10 14:38:00-04:00  3624.449951  3626.409912  3622.550049  3626.300049  3626.300049     6441472
2022-10-10 14:40:00-04:00  3626.379883  3627.860107  3625.399902  3625.570068  3625.570068     7746335
2022-10-10 14:42:00-04:00  3625.540039  3625.929932  3620.780029  3621.100098  3621.100098     8419694
2022-10-10 14:44:00-04:00  3620.500000  3621.979980  3619.239990  3620.120117  3620.120117     6744004
2022-10-10 14:46:00-04:00  3620.229980  3621.389893  3617.219971  3617.979980  3617.979980     7601660
2022-10-10 14:48:00-04:00  3617.840088  3617.889893  3616.100098  3617.270020  3617.270020     6269164
2022-10-10 14:50:00-04:00  3617.320068  3619.530029  3616.649902  3619.510010  3619.510010     6976074
2022-10-10 14:52:00-04:00  3619.530029  3621.280029  3617.320068  3618.780029  3618.780029     7764271
2022-10-10 14:54:00-04:00  3618.800049  3620.219971  3618.489990  3618.790039  3618.790039     5607074
2022-10-10 14:56:00-04:00  3618.810059  3618.810059  3614.389893  3614.469971  3614.469971     8065766
2022-10-10 14:58:00-04:00  3614.000000  3618.739990  3614.000000  3616.810059  3616.810059     8228929
2022-10-10 15:00:00-04:00  3616.820068  3620.800049  3616.479980  3616.479980  3616.479980     8917162
2022-10-10 15:02:00-04:00  3616.469971  3616.469971  3612.310059  3613.100098  3613.100098     8595680
2022-10-10 15:04:00-04:00  3612.939941  3614.850098  3612.780029  3613.969971  3613.969971     7294869
2022-10-10 15:06:00-04:00  3614.129883  3617.699951  3613.889893  3613.969971  3613.969971     8674824
2022-10-10 15:08:00-04:00  3613.959961  3617.479980  3613.860107  3617.439941  3617.439941     6673004
2022-10-10 15:10:00-04:00  3617.669922  3618.070068  3615.620117  3617.350098  3617.350098     6935942
2022-10-10 15:12:00-04:00  3617.439941  3622.080078  3616.909912  3619.919922  3619.919922    10367235
2022-10-10 15:14:00-04:00  3620.199951  3625.060059  3620.199951  3625.060059  3625.060059    12483702
2022-10-10 15:16:00-04:00  3625.110107  3628.459961  3624.689941  3628.459961  3628.459961    11531164
2022-10-10 15:18:00-04:00  3628.469971  3628.830078  3623.889893  3627.110107  3627.110107    11377539
2022-10-10 15:20:00-04:00  3627.739990  3628.689941  3626.129883  3626.979980  3626.979980     8917866
2022-10-10 15:22:00-04:00  3627.020020  3629.030029  3624.379883  3628.370117  3628.370117    11714253
2022-10-10 15:24:00-04:00  3628.360107  3630.350098  3624.300049  3624.300049  3624.300049    11059612
2022-10-10 15:26:00-04:00  3624.350098  3624.350098  3619.409912  3620.270020  3620.270020    12140622
2022-10-10 15:28:00-04:00  3620.219971  3620.219971  3617.489990  3618.760010  3618.760010    10946086
2022-10-10 15:30:00-04:00  3618.830078  3620.959961  3617.469971  3618.419922  3618.419922    12176734
2022-10-10 15:32:00-04:00  3618.389893  3623.229980  3617.209961  3622.909912  3622.909912    12447841
2022-10-10 15:34:00-04:00  3623.110107  3623.179932  3620.679932  3622.520020  3622.520020    10353272
2022-10-10 15:36:00-04:00  3623.199951  3623.429932  3620.689941  3622.790039  3622.790039    12561522
2022-10-10 15:38:00-04:00  3622.810059  3627.750000  3622.629883  3624.350098  3624.350098    13116216
2022-10-10 15:40:00-04:00  3624.530029  3625.260010  3620.229980  3620.550049  3620.550049    12737072
2022-10-10 15:42:00-04:00  3620.540039  3621.959961  3618.979980  3619.110107  3619.110107    12890884
2022-10-10 15:44:00-04:00  3619.540039  3623.070068  3618.449951  3622.810059  3622.810059    16705547
2022-10-10 15:46:00-04:00  3622.449951  3626.310059  3620.780029  3620.959961  3620.959961    19016319
2022-10-10 15:48:00-04:00  3620.820068  3624.580078  3620.139893  3623.739990  3623.739990    15323497
2022-10-10 15:50:00-04:00  3623.709961  3626.110107  3617.250000  3618.949951  3618.949951    28429335
2022-10-10 15:52:00-04:00  3618.449951  3624.060059  3617.909912  3623.719971  3623.719971    23114482
2022-10-10 15:54:00-04:00  3623.699951  3624.370117  3618.209961  3618.489990  3618.489990    27663884
2022-10-10 15:56:00-04:00  3618.550049  3619.469971  3613.520020  3613.520020  3613.520020    30619051
2022-10-10 15:58:00-04:00  3613.459961  3615.679932  3612.050049  3612.050049  3612.050049    30722665
2022-10-11 09:30:00-04:00  3595.860107  3595.860107  3588.620117  3594.959961  3594.959961    12838049
2022-10-11 09:32:00-04:00  3594.729980  3598.149902  3591.610107  3591.610107  3591.610107    19493378
2022-10-11 09:34:00-04:00  3591.419922  3592.810059  3583.889893  3583.889893  3583.889893    18387572
2022-10-11 09:36:00-04:00  3583.620117  3588.879883  3583.070068  3586.810059  3586.810059    18457293
2022-10-11 09:38:00-04:00  3586.540039  3588.530029  3584.000000  3584.500000  3584.500000    15780331
2022-10-11 09:40:00-04:00  3584.639893  3588.330078  3582.510010  3586.620117  3586.620117    19845074
2022-10-11 09:42:00-04:00  3586.860107  3586.860107  3583.860107  3584.750000  3584.750000    17239278
2022-10-11 09:44:00-04:00  3584.870117  3590.929932  3583.560059  3588.090088  3588.090088    18281460
2022-10-11 09:46:00-04:00  3587.899902  3590.149902  3586.280029  3586.280029  3586.280029    12401713
2022-10-11 09:48:00-04:00  3578.909912  3583.250000  3578.909912  3582.909912  3582.909912    26303952
2022-10-11 09:50:00-04:00  3582.840088  3585.219971  3582.270020  3584.580078  3584.580078    15931825
2022-10-11 09:52:00-04:00  3584.479980  3586.280029  3583.000000  3584.300049  3584.300049    12688705
2022-10-11 09:54:00-04:00  3584.149902  3584.520020  3578.939941  3580.120117  3580.120117    13662105
2022-10-11 09:56:00-04:00  3580.100098  3581.669922  3577.030029  3578.860107  3578.860107    15305756
2022-10-11 09:58:00-04:00  3578.739990  3578.800049  3575.939941  3576.399902  3576.399902    13261332
2022-10-11 10:00:00-04:00  3576.370117  3576.370117  3570.580078  3572.889893  3572.889893    18786802
2022-10-11 10:02:00-04:00  3572.790039  3572.889893  3568.889893  3569.010010  3569.010010    13867861
2022-10-11 10:04:00-04:00  3569.080078  3571.419922  3568.449951  3570.760010  3570.760010    16851950
2022-10-11 10:06:00-04:00  3570.780029  3575.560059  3570.610107  3572.659912  3572.659912   371154361
2022-10-11 10:08:00-04:00  3572.360107  3574.479980  3571.330078  3572.959961  3572.959961    13597254
2022-10-11 10:10:00-04:00  3572.780029  3573.510010  3571.270020  3571.270020  3571.270020    12729242
2022-10-11 10:12:00-04:00  3571.260010  3575.590088  3570.709961  3575.439941  3575.439941    12988058
2022-10-11 10:14:00-04:00  3575.550049  3579.280029  3575.550049  3577.639893  3577.639893    15474706
2022-10-11 10:16:00-04:00  3577.659912  3584.459961  3577.000000  3584.209961  3584.209961    14125519
2022-10-11 10:18:00-04:00  3584.159912  3584.229980  3579.919922  3579.919922  3579.919922    14033753
2022-10-11 10:20:00-04:00  3579.949951  3579.949951  3577.459961  3577.459961  3577.459961     9441089
2022-10-11 10:22:00-04:00  3578.810059  3578.929932  3576.149902  3576.800049  3576.800049    13402849
2022-10-11 10:24:00-04:00  3576.649902  3580.300049  3575.719971  3580.219971  3580.219971    10140965
2022-10-11 10:26:00-04:00  3579.979980  3582.110107  3579.879883  3580.239990  3580.239990    11549805
2022-10-11 10:28:00-04:00  3580.199951  3580.959961  3578.530029  3578.530029  3578.530029    11545443
2022-10-11 10:30:00-04:00  3578.530029  3578.530029  3573.679932  3574.959961  3574.959961    15310352
2022-10-11 10:32:00-04:00  3574.889893  3585.459961  3574.889893  3583.320068  3583.320068    15780232
2022-10-11 10:34:00-04:00  3583.120117  3585.899902  3582.719971  3583.590088  3583.590088    12350326
2022-10-11 10:36:00-04:00  3583.409912  3586.699951  3582.629883  3585.239990  3585.239990    11340704
2022-10-11 10:38:00-04:00  3585.229980  3588.929932  3583.560059  3588.139893  3588.139893     9205664
2022-10-11 10:40:00-04:00  3592.250000  3595.679932  3592.250000  3594.530029  3594.530029    20469708
2022-10-11 10:42:00-04:00  3594.600098  3595.620117  3591.310059  3591.310059  3591.310059    12974729
2022-10-11 10:44:00-04:00  3591.280029  3594.600098  3590.260010  3591.429932  3591.429932    12585130
2022-10-11 10:46:00-04:00  3591.090088  3591.260010  3589.699951  3591.149902  3591.149902    10990685
2022-10-11 10:48:00-04:00  3590.979980  3591.729980  3589.090088  3589.600098  3589.600098    10517270
2022-10-11 10:50:00-04:00  3589.639893  3592.350098  3589.530029  3590.530029  3590.530029    10878113
2022-10-11 10:52:00-04:00  3590.649902  3593.760010  3590.629883  3592.939941  3592.939941    10317186
2022-10-11 10:54:00-04:00  3592.949951  3596.489990  3591.739990  3596.310059  3596.310059    11424067
2022-10-11 10:56:00-04:00  3596.229980  3596.520020  3589.139893  3589.139893  3589.139893    11545886
2022-10-11 10:58:00-04:00  3589.110107  3589.149902  3585.989990  3586.149902  3586.149902    11519338
2022-10-11 11:00:00-04:00  3586.120117  3587.939941  3585.790039  3587.939941  3587.939941   707246359
2022-10-11 11:02:00-04:00  3587.969971  3603.780029  3587.600098  3603.780029  3603.780029    15897560
2022-10-11 11:04:00-04:00  3603.810059  3605.159912  3601.899902  3602.620117  3602.620117    12984666
2022-10-11 11:06:00-04:00  3602.580078  3602.729980  3595.419922  3595.919922  3595.919922    10879882
2022-10-11 11:08:00-04:00  3595.889893  3597.179932  3594.870117  3597.060059  3597.060059     8198570
2022-10-11 11:10:00-04:00  3597.120117  3598.379883  3594.760010  3597.840088  3597.840088    10543464
2022-10-11 11:12:00-04:00  3597.929932  3598.850098  3597.030029  3597.860107  3597.860107     4284779
2022-10-11 11:14:00-04:00  3599.270020  3604.100098  3598.939941  3602.709961  3602.709961   787068711
2022-10-11 11:16:00-04:00  3602.469971  3605.830078  3601.649902  3605.820068  3605.820068    11405793
2022-10-11 11:18:00-04:00  3605.810059  3605.820068  3602.979980  3602.979980  3602.979980     7080328
2022-10-11 11:20:00-04:00  3604.639893  3605.090088  3602.520020  3603.010010  3603.010010     7569956
2022-10-11 11:22:00-04:00  3600.280029  3603.310059  3600.040039  3603.239990  3603.239990   827803747
2022-10-11 11:24:00-04:00  3603.320068  3603.320068  3601.620117  3602.929932  3602.929932     8761527
2022-10-11 11:26:00-04:00  3602.929932  3603.020020  3598.199951  3599.439941  3599.439941    10735921
2022-10-11 11:28:00-04:00  3599.469971  3605.719971  3598.870117  3603.709961  3603.709961    10943489
2022-10-11 11:30:00-04:00  3603.979980  3608.510010  3603.399902  3604.199951  3604.199951    12228381
2022-10-11 11:32:00-04:00  3604.080078  3608.939941  3603.939941  3608.879883  3608.879883     9870444
2022-10-11 11:34:00-04:00  3608.850098  3610.260010  3607.699951  3610.100098  3610.100098    11506284
2022-10-11 11:36:00-04:00  3609.889893  3613.629883  3609.520020  3612.379883  3612.379883    13521215
2022-10-11 11:38:00-04:00  3612.379883  3612.629883  3608.020020  3608.899902  3608.899902    10050931
2022-10-11 11:40:00-04:00  3608.939941  3610.330078  3607.919922  3608.540039  3608.540039     9346606
2022-10-11 11:42:00-04:00  3608.479980  3614.719971  3607.909912  3614.719971  3614.719971     7965122
2022-10-11 11:44:00-04:00  3615.780029  3619.050049  3615.719971  3617.330078  3617.330078    14575362
2022-10-11 11:46:00-04:00  3617.260010  3622.620117  3617.090088  3622.260010  3622.260010     8599989
2022-10-11 11:48:00-04:00  3623.459961  3625.399902  3623.179932  3625.020020  3625.020020   965582992
2022-10-11 11:50:00-04:00  3623.459961  3624.969971  3623.459961  3624.409912  3624.409912   980169291
2022-10-11 11:52:00-04:00  3623.360107  3623.540039  3619.729980  3619.729980  3619.729980    13519657
2022-10-11 11:54:00-04:00  3619.689941  3620.540039  3617.830078  3620.540039  3620.540039     9353503
2022-10-11 11:56:00-04:00  3620.659912  3620.790039  3618.699951  3618.750000  3618.750000     7842637
2022-10-11 11:58:00-04:00  3618.550049  3618.659912  3616.500000  3618.270020  3618.270020     7775026
2022-10-11 12:00:00-04:00  3618.310059  3618.679932  3613.780029  3613.919922  3613.919922     9474806
2022-10-11 12:02:00-04:00  3614.060059  3614.070068  3611.280029  3611.290039  3611.290039     9735473
2022-10-11 12:04:00-04:00  3611.290039  3612.129883  3610.290039  3610.310059  3610.310059     9043824
2022-10-11 12:06:00-04:00  3610.199951  3610.820068  3609.189941  3609.330078  3609.330078     7806167
2022-10-11 12:08:00-04:00  3609.250000  3609.840088  3606.199951  3608.409912  3608.409912    10271633
2022-10-11 12:10:00-04:00  3608.419922  3610.439941  3608.209961  3610.419922  3610.419922     6933080
2022-10-11 12:12:00-04:00  3610.419922  3613.330078  3610.300049  3612.979980  3612.979980     6809027
2022-10-11 12:14:00-04:00  3613.110107  3615.729980  3613.110107  3615.310059  3615.310059     7387839
2022-10-11 12:16:00-04:00  3615.389893  3618.050049  3614.010010  3617.489990  3617.489990     8256414
2022-10-11 12:18:00-04:00  3617.530029  3623.090088  3617.530029  3622.959961  3622.959961     9600233
2022-10-11 12:20:00-04:00  3623.070068  3627.570068  3621.830078  3626.419922  3626.419922    11993308
2022-10-11 12:22:00-04:00  3626.300049  3626.530029  3623.520020  3625.159912  3625.159912     8049570
2022-10-11 12:24:00-04:00  3625.229980  3627.290039  3625.000000  3625.649902  3625.649902     7514180
2022-10-11 12:26:00-04:00  3625.659912  3626.010010  3622.080078  3622.379883  3622.379883     8008891
2022-10-11 12:28:00-04:00  3622.580078  3625.110107  3622.580078  3623.510010  3623.510010     6709678
2022-10-11 12:30:00-04:00  3623.530029  3628.479980  3623.530029  3627.989990  3627.989990  1152451420
2022-10-11 12:32:00-04:00  3628.709961  3628.840088  3626.239990  3626.600098  3626.600098     9676374
2022-10-11 12:34:00-04:00  3626.620117  3627.520020  3625.600098  3625.850098  3625.850098     6868146
2022-10-11 12:36:00-04:00  3625.850098  3627.010010  3624.639893  3626.610107  3626.610107     7160206
2022-10-11 12:38:00-04:00  3626.739990  3628.780029  3625.520020  3628.689941  3628.689941     7387269
2022-10-11 12:40:00-04:00  3629.149902  3634.840088  3628.649902  3634.840088  3634.840088    12844286
2022-10-11 12:42:00-04:00  3634.969971  3635.100098  3632.709961  3634.570068  3634.570068     9214559
2022-10-11 12:44:00-04:00  3634.590088  3637.320068  3634.179932  3637.159912  3637.159912     9607183
2022-10-11 12:46:00-04:00  3637.189941  3640.659912  3636.820068  3638.090088  3638.090088    11808230
2022-10-11 12:48:00-04:00  3638.050049  3639.310059  3637.729980  3639.020020  3639.020020     3332021
2022-10-11 12:50:00-04:00  3638.729980  3638.969971  3633.429932  3633.429932  3633.429932  1247172903
2022-10-11 12:52:00-04:00  3633.439941  3635.389893  3633.409912  3634.679932  3634.679932     6393945
2022-10-11 12:54:00-04:00  3632.689941  3632.770020  3630.959961  3631.919922  3631.919922    10267670
2022-10-11 12:56:00-04:00  3631.909912  3634.530029  3631.500000  3633.679932  3633.679932     8222001
2022-10-11 12:58:00-04:00  3633.659912  3633.719971  3631.429932  3632.540039  3632.540039     7104150
2022-10-11 13:00:00-04:00  3632.560059  3634.219971  3632.100098  3633.500000  3633.500000     8941333
2022-10-11 13:02:00-04:00  3633.469971  3633.800049  3632.169922  3633.649902  3633.649902     6728419
2022-10-11 13:04:00-04:00  3633.790039  3634.189941  3631.629883  3631.629883  3631.629883     7744688
2022-10-11 13:06:00-04:00  3631.929932  3632.389893  3628.530029  3632.100098  3632.100098     9863693
2022-10-11 13:08:00-04:00  3632.189941  3634.100098  3631.979980  3633.360107  3633.360107     7711194
2022-10-11 13:10:00-04:00  3633.449951  3634.510010  3630.379883  3630.919922  3630.919922     7310641
2022-10-11 13:12:00-04:00  3631.370117  3633.000000  3630.550049  3631.050049  3631.050049     7080702
2022-10-11 13:14:00-04:00  3631.179932  3631.489990  3629.739990  3630.110107  3630.110107     6531800
2022-10-11 13:16:00-04:00  3630.129883  3630.129883  3625.639893  3628.939941  3628.939941    10999838
2022-10-11 13:18:00-04:00  3628.969971  3632.489990  3628.360107  3629.639893  3629.639893     8552339
2022-10-11 13:20:00-04:00  3629.649902  3631.290039  3628.860107  3630.790039  3630.790039     6784475
2022-10-11 13:22:00-04:00  3630.870117  3632.030029  3630.330078  3631.290039  3631.290039     7233424
2022-10-11 13:24:00-04:00  3631.340088  3633.080078  3629.030029  3629.060059  3629.060059    10019348
2022-10-11 13:26:00-04:00  3629.020020  3629.020020  3626.659912  3627.800049  3627.800049     7884896
2022-10-11 13:28:00-04:00  3627.790039  3627.790039  3622.899902  3624.840088  3624.840088     9914866
2022-10-11 13:30:00-04:00  3624.889893  3626.820068  3623.270020  3623.300049  3623.300049     7884707
2022-10-11 13:32:00-04:00  3623.320068  3624.379883  3620.290039  3624.290039  3624.290039     9057590
2022-10-11 13:34:00-04:00  3624.290039  3626.560059  3624.290039  3626.320068  3626.320068     7265623
2022-10-11 13:36:00-04:00  3626.290039  3627.419922  3626.199951  3627.139893  3627.139893     3208439
2022-10-11 13:38:00-04:00  3624.590088  3626.760010  3623.669922  3626.300049  3626.300049  1439708830
2022-10-11 13:40:00-04:00  3626.320068  3627.620117  3625.699951  3625.830078  3625.830078     7081581
2022-10-11 13:42:00-04:00  3625.679932  3628.500000  3624.939941  3628.500000  3628.500000     5945780
2022-10-11 13:44:00-04:00  3628.280029  3630.010010  3627.510010  3629.879883  3629.879883     8717592
2022-10-11 13:46:00-04:00  3629.860107  3631.969971  3629.250000  3629.540039  3629.540039  1469438099
2022-10-11 13:48:00-04:00  3629.560059  3631.229980  3627.030029  3627.429932  3627.429932     7190112
2022-10-11 13:50:00-04:00  3627.360107  3629.530029  3625.189941  3629.310059  3629.310059     8216118
2022-10-11 13:52:00-04:00  3629.479980  3631.919922  3628.310059  3628.409912  3628.409912     8265279
2022-10-11 13:54:00-04:00  3628.489990  3628.750000  3626.530029  3627.439941  3627.439941     6881255
2022-10-11 13:56:00-04:00  3627.429932  3629.590088  3626.610107  3627.679932  3627.679932     7531668
2022-10-11 13:58:00-04:00  3627.810059  3630.050049  3627.760010  3629.899902  3629.899902     6158325
2022-10-11 14:00:00-04:00  3629.889893  3630.899902  3626.989990  3627.100098  3627.100098     7792958
2022-10-11 14:02:00-04:00  3627.080078  3631.129883  3626.939941  3630.350098  3630.350098     7140114
2022-10-11 14:04:00-04:00  3630.149902  3631.449951  3629.159912  3631.169922  3631.169922     7472666
2022-10-11 14:06:00-04:00  3631.149902  3631.669922  3626.820068  3627.850098  3627.850098     7998796
2022-10-11 14:08:00-04:00  3627.800049  3628.149902  3623.050049  3625.969971  3625.969971     8675979
2022-10-11 14:10:00-04:00  3622.969971  3622.969971  3618.310059  3618.620117  3618.620117    11907205
2022-10-11 14:12:00-04:00  3618.620117  3621.260010  3618.540039  3621.260010  3621.260010     8665463
2022-10-11 14:14:00-04:00  3621.270020  3622.510010  3620.030029  3620.050049  3620.050049     7471382
2022-10-11 14:16:00-04:00  3620.120117  3620.590088  3618.030029  3619.250000  3619.250000     8243992
2022-10-11 14:18:00-04:00  3618.909912  3619.179932  3617.110107  3617.110107  3617.110107     7039760
2022-10-11 14:20:00-04:00  3616.739990  3619.370117  3616.280029  3619.169922  3619.169922     7923043
2022-10-11 14:22:00-04:00  3619.260010  3621.370117  3618.739990  3621.120117  3621.120117     6761729
2022-10-11 14:24:00-04:00  3621.120117  3623.429932  3620.500000  3623.350098  3623.350098     6438666
2022-10-11 14:26:00-04:00  3623.330078  3624.350098  3622.379883  3623.110107  3623.110107     8210128
2022-10-11 14:28:00-04:00  3623.129883  3625.159912  3620.919922  3622.739990  3622.739990     8283740
2022-10-11 14:30:00-04:00  3623.379883  3626.669922  3623.379883  3626.060059  3626.060059    10580219
2022-10-11 14:32:00-04:00  3626.129883  3627.949951  3626.129883  3626.510010  3626.510010     5481311
2022-10-11 14:34:00-04:00  3628.149902  3628.510010  3622.330078  3623.810059  3623.810059    10867766
2022-10-11 14:36:00-04:00  3623.750000  3626.629883  3623.500000  3625.739990  3625.739990     3940586
2022-10-11 14:38:00-04:00  3625.159912  3625.580078  3623.860107  3624.989990  3624.989990  1672615361
2022-10-11 14:40:00-04:00  3624.979980  3627.590088  3624.909912  3626.770020  3626.770020     7505443
2022-10-11 14:42:00-04:00  3626.820068  3626.870117  3623.459961  3623.639893  3623.639893     5705984
2022-10-11 14:44:00-04:00  3623.659912  3623.810059  3611.040039  3611.780029  3611.780029  1697914257
2022-10-11 14:46:00-04:00  3609.899902  3609.949951  3605.699951  3606.879883  3606.879883    15786921
2022-10-11 14:48:00-04:00  3606.899902  3606.899902  3600.699951  3602.840088  3602.840088    13069164
2022-10-11 14:50:00-04:00  3603.169922  3604.610107  3599.679932  3601.729980  3601.729980     8315205
2022-10-11 14:52:00-04:00  3601.169922  3601.270020  3595.780029  3597.350098  3597.350098    12578233
2022-10-11 14:54:00-04:00  3597.330078  3597.330078  3589.610107  3589.610107  3589.610107    12721991
2022-10-11 14:56:00-04:00  3589.719971  3589.719971  3586.389893  3586.389893  3586.389893    13139724
2022-10-11 14:58:00-04:00  3586.500000  3587.989990  3583.360107  3584.330078  3584.330078    10801875
2022-10-11 15:00:00-04:00  3584.330078  3586.300049  3580.629883  3584.010010  3584.010010    14430043
2022-10-11 15:02:00-04:00  3584.040039  3584.040039  3578.280029  3579.020020  3579.020020    11651783
2022-10-11 15:04:00-04:00  3578.979980  3584.260010  3578.379883  3583.560059  3583.560059    12757142
2022-10-11 15:06:00-04:00  3583.570068  3583.570068  3579.620117  3581.189941  3581.189941    11062480
2022-10-11 15:08:00-04:00  3581.550049  3582.550049  3576.939941  3578.149902  3578.149902    11650206
2022-10-11 15:10:00-04:00  3578.209961  3579.330078  3571.040039  3571.540039  3571.540039    14487286
2022-10-11 15:12:00-04:00  3571.639893  3574.489990  3571.449951  3572.459961  3572.459961    14269863
2022-10-11 15:14:00-04:00  3572.419922  3576.080078  3568.659912  3568.659912  3568.659912    13915345
2022-10-11 15:16:00-04:00  3568.659912  3580.110107  3568.659912  3580.110107  3580.110107    16869500
2022-10-11 15:18:00-04:00  3580.320068  3580.409912  3576.439941  3578.340088  3578.340088    12440957
2022-10-11 15:20:00-04:00  3578.199951  3583.449951  3578.199951  3581.800049  3581.800049    13457954
2022-10-11 15:22:00-04:00  3581.570068  3585.399902  3580.979980  3583.169922  3583.169922    13097292
2022-10-11 15:24:00-04:00  3583.209961  3584.879883  3579.729980  3581.330078  3581.330078    13608494
2022-10-11 15:26:00-04:00  3581.179932  3582.399902  3579.520020  3580.800049  3580.800049    11545378
2022-10-11 15:28:00-04:00  3580.659912  3583.260010  3575.929932  3581.649902  3581.649902    15457694
2022-10-11 15:30:00-04:00  3581.659912  3583.360107  3578.250000  3578.250000  3578.250000    13883814
2022-10-11 15:32:00-04:00  3578.260010  3582.669922  3575.719971  3582.669922  3582.669922    15045851
2022-10-11 15:34:00-04:00  3582.780029  3584.379883  3580.959961  3583.780029  3583.780029    14875936
2022-10-11 15:36:00-04:00  3583.169922  3589.449951  3582.540039  3587.370117  3587.370117    16867030
2022-10-11 15:38:00-04:00  3587.360107  3590.580078  3586.199951  3590.229980  3590.229980    14043744
2022-10-11 15:40:00-04:00  3590.280029  3590.280029  3582.810059  3584.770020  3584.770020    18184508
2022-10-11 15:42:00-04:00  3585.229980  3586.209961  3583.530029  3585.870117  3585.870117    14721096
2022-10-11 15:44:00-04:00  3585.830078  3589.060059  3585.739990  3587.310059  3587.310059    20981956
2022-10-11 15:46:00-04:00  3587.429932  3588.969971  3585.610107  3588.040039  3588.040039    20671979
2022-10-11 15:48:00-04:00  3587.810059  3592.250000  3587.159912  3591.389893  3591.389893    22473694
2022-10-11 15:50:00-04:00  3591.429932  3591.429932  3580.510010  3583.540039  3583.540039    31485126
2022-10-11 15:52:00-04:00  3583.739990  3587.229980  3583.739990  3586.500000  3586.500000    28770107
2022-10-11 15:54:00-04:00  3586.489990  3592.370117  3585.260010  3592.370117  3592.370117    26710589
2022-10-11 15:56:00-04:00  3592.340088  3592.840088  3588.489990  3589.790039  3589.790039    39789132
2022-10-11 15:58:00-04:00  3589.649902  3589.649902  3586.360107  3589.159912  3589.159912    34803683
2022-10-12 09:30:00-04:00  3590.830078  3590.830078  3579.870117  3579.870117  3579.870117    43660616
2022-10-12 09:32:00-04:00  3579.739990  3579.800049  3573.860107  3575.260010  3575.260010    17451760
2022-10-12 09:34:00-04:00  3575.820068  3592.129883  3575.580078  3590.000000  3590.000000    22628166
2022-10-12 09:36:00-04:00  3589.989990  3598.899902  3589.989990  3598.899902  3598.899902    17537855
2022-10-12 09:38:00-04:00  3598.949951  3600.870117  3598.370117  3598.399902  3598.399902    15986312
2022-10-12 09:40:00-04:00  3598.360107  3598.590088  3592.090088  3592.790039  3592.790039    17487955
2022-10-12 09:42:00-04:00  3592.830078  3600.300049  3592.560059  3598.429932  3598.429932    17404210
2022-10-12 09:44:00-04:00  3598.330078  3607.689941  3596.370117  3601.169922  3601.169922    20778853
2022-10-12 09:46:00-04:00  3601.250000  3601.250000  3596.399902  3596.399902  3596.399902    14183447
2022-10-12 09:48:00-04:00  3596.300049  3599.280029  3595.729980  3596.139893  3596.139893    13198894
2022-10-12 09:50:00-04:00  3596.189941  3599.100098  3593.600098  3596.399902  3596.399902    15221171
2022-10-12 09:52:00-04:00  3596.449951  3599.100098  3596.189941  3597.479980  3597.479980    10988066
2022-10-12 09:54:00-04:00  3597.560059  3597.560059  3592.929932  3594.389893  3594.389893    13189150
2022-10-12 09:56:00-04:00  3594.320068  3598.719971  3594.270020  3596.570068  3596.570068    12715585
2022-10-12 09:58:00-04:00  3596.590088  3602.429932  3594.870117  3599.209961  3599.209961    13871488
2022-10-12 10:00:00-04:00  3599.239990  3603.159912  3597.679932  3600.100098  3600.100098    20612933
2022-10-12 10:02:00-04:00  3600.179932  3603.909912  3600.179932  3602.080078  3602.080078    11524936
2022-10-12 10:04:00-04:00  3602.030029  3602.489990  3596.909912  3597.459961  3597.459961    12136824
2022-10-12 10:06:00-04:00  3597.370117  3597.530029  3590.350098  3591.320068  3591.320068    13526473
2022-10-12 10:08:00-04:00  3591.699951  3594.850098  3591.699951  3593.360107  3593.360107    10852701
2022-10-12 10:10:00-04:00  3593.600098  3594.350098  3590.100098  3590.260010  3590.260010     7203536
2022-10-12 10:12:00-04:00  3592.320068  3594.060059  3591.989990  3593.260010  3593.260010    12669266
2022-10-12 10:14:00-04:00  3593.199951  3593.270020  3587.889893  3589.889893  3589.889893    11608265
2022-10-12 10:16:00-04:00  3590.139893  3590.489990  3587.580078  3589.820068  3589.820068     8986562
2022-10-12 10:18:00-04:00  3589.790039  3594.399902  3589.760010  3593.479980  3593.479980    10986249
2022-10-12 10:20:00-04:00  3593.139893  3593.139893  3583.260010  3584.020020  3584.020020    11453978
2022-10-12 10:22:00-04:00  3584.000000  3584.510010  3581.649902  3584.389893  3584.389893    11098217
2022-10-12 10:24:00-04:00  3584.389893  3590.439941  3584.179932  3590.100098  3590.100098    11588742
2022-10-12 10:26:00-04:00  3590.149902  3596.350098  3589.750000  3596.209961  3596.209961    11258224
2022-10-12 10:28:00-04:00  3596.280029  3598.040039  3594.159912  3594.709961  3594.709961     9718773
2022-10-12 10:30:00-04:00  3594.729980  3595.780029  3592.820068  3595.709961  3595.709961    10580272
2022-10-12 10:32:00-04:00  3595.699951  3601.620117  3594.899902  3601.030029  3601.030029    11823422
2022-10-12 10:34:00-04:00  3600.800049  3601.129883  3594.719971  3595.300049  3595.300049    10549629
2022-10-12 10:36:00-04:00  3595.189941  3595.280029  3591.570068  3591.570068  3591.570068     5238519
2022-10-12 10:38:00-04:00  3591.439941  3593.209961  3589.510010  3589.510010  3589.510010   509419298
2022-10-12 10:40:00-04:00  3589.679932  3589.679932  3587.489990  3587.600098  3587.600098     9939503
2022-10-12 10:42:00-04:00  3587.780029  3589.330078  3586.229980  3587.070068  3587.070068     9399345
2022-10-12 10:44:00-04:00  3587.040039  3587.469971  3582.219971  3582.419922  3582.419922     9544577
2022-10-12 10:46:00-04:00  3582.429932  3587.169922  3582.379883  3586.909912  3586.909912    10114001
2022-10-12 10:48:00-04:00  3586.959961  3589.570068  3586.959961  3588.530029  3588.530029     8451431
2022-10-12 10:50:00-04:00  3588.479980  3591.360107  3588.389893  3590.840088  3590.840088     8516648
2022-10-12 10:52:00-04:00  3590.770020  3591.510010  3587.780029  3590.479980  3590.479980     8394661
2022-10-12 10:54:00-04:00  3590.520020  3593.560059  3589.750000  3591.729980  3591.729980     9443567
2022-10-12 10:56:00-04:00  3591.770020  3594.120117  3590.820068  3590.860107  3590.860107     8850507
2022-10-12 10:58:00-04:00  3589.419922  3590.120117  3589.199951  3589.719971  3589.719971    10443155
2022-10-12 11:00:00-04:00  3589.399902  3593.820068  3588.600098  3593.570068  3593.570068    10266080
2022-10-12 11:02:00-04:00  3593.709961  3597.520020  3593.709961  3597.189941  3597.189941    10176450
2022-10-12 11:04:00-04:00  3597.129883  3597.290039  3593.770020  3595.409912  3595.409912     8545271
2022-10-12 11:06:00-04:00  3595.439941  3597.810059  3593.919922  3594.139893  3594.139893     9277040
2022-10-12 11:08:00-04:00  3594.139893  3597.270020  3593.469971  3596.090088  3596.090088     8523683
2022-10-12 11:10:00-04:00  3596.159912  3599.729980  3595.870117  3598.389893  3598.389893    10247755
2022-10-12 11:12:00-04:00  3598.409912  3598.760010  3596.840088  3597.290039  3597.290039     8267388
2022-10-12 11:14:00-04:00  3597.260010  3599.790039  3596.419922  3599.610107  3599.610107     8520626
2022-10-12 11:16:00-04:00  3599.439941  3600.050049  3597.050049  3597.110107  3597.110107     8167944
2022-10-12 11:18:00-04:00  3597.199951  3602.189941  3596.959961  3601.000000  3601.000000    11518473
2022-10-12 11:20:00-04:00  3600.919922  3600.919922  3597.100098  3599.820068  3599.820068    10456333
2022-10-12 11:22:00-04:00  3599.939941  3602.429932  3599.750000  3599.750000  3599.750000     5245538
2022-10-12 11:24:00-04:00  3597.800049  3598.260010  3597.040039  3597.770020  3597.770020   725322627
2022-10-12 11:26:00-04:00  3597.840088  3597.840088  3595.439941  3595.520020  3595.520020     8516477
2022-10-12 11:28:00-04:00  3595.449951  3598.090088  3594.520020  3598.090088  3598.090088     8288278
2022-10-12 11:30:00-04:00  3598.000000  3598.850098  3594.850098  3594.979980  3594.979980    10653391
2022-10-12 11:32:00-04:00  3594.939941  3595.399902  3592.659912  3593.040039  3593.040039     8278397
2022-10-12 11:34:00-04:00  3593.060059  3595.760010  3593.050049  3594.350098  3594.350098     9838786
2022-10-12 11:36:00-04:00  3594.590088  3599.610107  3593.780029  3598.709961  3598.709961    10351960
2022-10-12 11:38:00-04:00  3598.610107  3599.790039  3594.340088  3595.010010  3595.010010     9635774
2022-10-12 11:40:00-04:00  3594.979980  3598.159912  3594.080078  3598.129883  3598.129883     8165150
2022-10-12 11:42:00-04:00  3598.370117  3604.060059  3597.989990  3602.689941  3602.689941    11476505
2022-10-12 11:44:00-04:00  3602.570068  3603.080078  3599.979980  3600.129883  3600.129883     8731018
2022-10-12 11:46:00-04:00  3600.110107  3600.189941  3597.469971  3597.739990  3597.739990     8551924
2022-10-12 11:48:00-04:00  3597.830078  3599.500000  3597.649902  3599.300049  3599.300049     7455250
2022-10-12 11:50:00-04:00  3599.120117  3600.840088  3598.479980  3600.590088  3600.590088     7283514
2022-10-12 11:52:00-04:00  3600.580078  3602.830078  3600.139893  3602.439941  3602.439941     9292669
2022-10-12 11:54:00-04:00  3602.429932  3603.439941  3601.840088  3603.179932  3603.179932     7777457
2022-10-12 11:56:00-04:00  3603.199951  3604.870117  3601.129883  3601.189941  3601.189941     9086243
2022-10-12 11:58:00-04:00  3601.260010  3603.979980  3601.199951  3603.030029  3603.030029     8021690
2022-10-12 12:00:00-04:00  3602.949951  3604.909912  3601.379883  3601.709961  3601.709961     7252437
2022-10-12 12:02:00-04:00  3602.820068  3603.959961  3602.639893  3603.659912  3603.659912     6020790
2022-10-12 12:04:00-04:00  3601.739990  3603.550049  3601.560059  3602.719971  3602.719971   902275297
2022-10-12 12:06:00-04:00  3602.760010  3608.020020  3602.729980  3608.010010  3608.010010    10795741
2022-10-12 12:08:00-04:00  3607.979980  3608.340088  3598.810059  3599.739990  3599.739990    12366505
2022-10-12 12:10:00-04:00  3599.750000  3600.070068  3593.780029  3594.120117  3594.120117     9296883
2022-10-12 12:12:00-04:00  3593.969971  3595.300049  3593.969971  3594.439941  3594.439941     6656370
2022-10-12 12:14:00-04:00  3594.260010  3597.030029  3593.959961  3597.030029  3597.030029     6539028
2022-10-12 12:16:00-04:00  3597.209961  3598.040039  3596.199951  3597.500000  3597.500000     6783123
2022-10-12 12:18:00-04:00  3597.489990  3598.840088  3597.110107  3598.659912  3598.659912     7632796
2022-10-12 12:20:00-04:00  3598.699951  3599.620117  3597.419922  3598.129883  3598.129883     7406347
2022-10-12 12:22:00-04:00  3598.169922  3599.770020  3597.540039  3598.189941  3598.189941     6048077
2022-10-12 12:24:00-04:00  3598.179932  3598.909912  3596.530029  3597.139893  3597.139893     7245624
2022-10-12 12:26:00-04:00  3597.189941  3597.270020  3593.669922  3594.129883  3594.129883     7094535
2022-10-12 12:28:00-04:00  3594.070068  3594.070068  3592.290039  3593.139893  3593.139893     6911433
2022-10-12 12:30:00-04:00  3593.060059  3593.870117  3591.370117  3592.000000  3592.000000     7212184
2022-10-12 12:32:00-04:00  3592.060059  3593.350098  3590.570068  3593.030029  3593.030029     6579324
2022-10-12 12:34:00-04:00  3593.020020  3594.270020  3592.879883  3592.879883  3592.879883     7182955
2022-10-12 12:36:00-04:00  3592.610107  3592.610107  3587.929932  3587.929932  3587.929932     7305150
2022-10-12 12:38:00-04:00  3587.939941  3588.639893  3587.909912  3588.629883  3588.629883     4573595
2022-10-12 12:40:00-04:00  3588.649902  3588.760010  3587.419922  3588.489990  3588.489990     5954663
2022-10-12 12:42:00-04:00  3588.520020  3588.659912  3587.719971  3587.800049  3587.800049     5342074
2022-10-12 12:44:00-04:00  3587.810059  3591.199951  3587.810059  3591.199951  3591.199951     7970693
2022-10-12 12:46:00-04:00  3591.239990  3592.919922  3591.149902  3592.459961  3592.459961     7023690
2022-10-12 12:48:00-04:00  3592.510010  3593.229980  3592.020020  3592.310059  3592.310059     5813286
2022-10-12 12:50:00-04:00  3592.500000  3594.550049  3592.500000  3594.330078  3594.330078     6753401
2022-10-12 12:52:00-04:00  3594.290039  3595.219971  3594.189941  3594.939941  3594.939941     6121608
2022-10-12 12:54:00-04:00  3595.129883  3595.399902  3594.379883  3595.239990  3595.239990     6053044
2022-10-12 12:56:00-04:00  3595.419922  3597.030029  3595.320068  3596.959961  3596.959961     6857922
2022-10-12 12:58:00-04:00  3596.949951  3597.790039  3596.560059  3596.919922  3596.919922     6822089
2022-10-12 13:00:00-04:00  3596.949951  3598.909912  3596.889893  3598.310059  3598.310059     6827137
2022-10-12 13:02:00-04:00  3598.270020  3598.669922  3595.479980  3596.379883  3596.379883     9107680
2022-10-12 13:04:00-04:00  3596.340088  3596.370117  3593.760010  3595.510010  3595.510010     7599814
2022-10-12 13:06:00-04:00  3595.500000  3597.889893  3594.840088  3595.399902  3595.399902     8565628
2022-10-12 13:08:00-04:00  3595.260010  3597.860107  3594.909912  3597.169922  3597.169922     5768907
2022-10-12 13:10:00-04:00  3597.229980  3597.570068  3596.149902  3597.280029  3597.280029     4952969
2022-10-12 13:12:00-04:00  3597.739990  3597.800049  3596.620117  3596.620117  3596.620117     4040412
2022-10-12 13:14:00-04:00  3596.459961  3597.330078  3594.570068  3594.699951  3594.699951  1151409565
2022-10-12 13:16:00-04:00  3594.820068  3594.889893  3593.510010  3594.510010  3594.510010     5890935
2022-10-12 13:18:00-04:00  3594.409912  3594.780029  3592.250000  3592.250000  3592.250000     6265078
2022-10-12 13:20:00-04:00  3592.270020  3592.770020  3591.510010  3591.510010  3591.510010     6182876
2022-10-12 13:22:00-04:00  3591.530029  3592.610107  3591.389893  3591.709961  3591.709961     5410648
2022-10-12 13:24:00-04:00  3591.699951  3591.800049  3590.620117  3591.439941  3591.439941     5825753
2022-10-12 13:26:00-04:00  3591.350098  3593.669922  3591.080078  3593.010010  3593.010010     7096215
2022-10-12 13:28:00-04:00  3593.030029  3594.199951  3593.030029  3594.199951  3594.199951     3818273
2022-10-12 13:30:00-04:00  3594.179932  3594.250000  3588.290039  3588.290039  3588.290039  1204440699
2022-10-12 13:32:00-04:00  3588.239990  3589.600098  3587.409912  3589.379883  3589.379883     6011733
2022-10-12 13:34:00-04:00  3588.699951  3588.699951  3586.729980  3586.860107  3586.860107     8805671
2022-10-12 13:36:00-04:00  3586.780029  3587.149902  3584.699951  3586.379883  3586.379883     8188022
2022-10-12 13:38:00-04:00  3586.530029  3587.489990  3586.149902  3587.469971  3587.469971     5623032
2022-10-12 13:40:00-04:00  3587.489990  3588.239990  3586.030029  3586.120117  3586.120117  1240772424
2022-10-12 13:42:00-04:00  3586.120117  3586.399902  3585.439941  3586.179932  3586.179932     5609560
2022-10-12 13:44:00-04:00  3586.209961  3587.360107  3585.489990  3585.760010  3585.760010     6882491
2022-10-12 13:46:00-04:00  3585.760010  3588.600098  3585.659912  3588.600098  3588.600098     7019794
2022-10-12 13:48:00-04:00  3588.600098  3589.909912  3588.500000  3589.110107  3589.110107  1267070647
2022-10-12 13:50:00-04:00  3589.100098  3589.489990  3587.399902  3587.540039  3587.540039     6793975
2022-10-12 13:52:00-04:00  3587.590088  3587.590088  3585.870117  3586.219971  3586.219971     6217380
2022-10-12 13:54:00-04:00  3586.219971  3588.489990  3585.540039  3585.679932  3585.679932     6941849
2022-10-12 13:56:00-04:00  3585.639893  3586.209961  3584.850098  3584.949951  3584.949951     5953064
2022-10-12 13:58:00-04:00  3584.989990  3587.750000  3584.909912  3587.469971  3587.469971     6246861
2022-10-12 14:00:00-04:00  3587.459961  3593.709961  3583.790039  3588.449951  3588.449951    20661921
2022-10-12 14:02:00-04:00  3588.530029  3596.169922  3583.270020  3585.830078  3585.830078    18516144
2022-10-12 14:04:00-04:00  3585.850098  3588.709961  3584.469971  3588.709961  3588.709961     8551095
2022-10-12 14:06:00-04:00  3588.600098  3591.290039  3586.899902  3589.459961  3589.459961     9339332
2022-10-12 14:08:00-04:00  3589.399902  3598.169922  3588.239990  3593.889893  3593.889893    11549589
2022-10-12 14:10:00-04:00  3593.770020  3600.860107  3590.040039  3596.189941  3596.189941    13856077
2022-10-12 14:12:00-04:00  3596.199951  3599.219971  3595.060059  3595.530029  3595.530029     9646765
2022-10-12 14:14:00-04:00  3595.770020  3601.379883  3595.770020  3598.260010  3598.260010     6382313
2022-10-12 14:16:00-04:00  3596.080078  3597.189941  3595.199951  3595.570068  3595.570068  1411794492
2022-10-12 14:18:00-04:00  3595.600098  3597.520020  3594.409912  3597.189941  3597.189941     7085912
2022-10-12 14:20:00-04:00  3597.060059  3597.540039  3590.280029  3591.360107  3591.360107     9230599
2022-10-12 14:22:00-04:00  3591.280029  3596.449951  3590.209961  3596.189941  3596.189941     8068621
2022-10-12 14:24:00-04:00  3596.290039  3596.360107  3592.649902  3594.689941  3594.689941     6714829
2022-10-12 14:26:00-04:00  3594.550049  3602.219971  3594.439941  3600.540039  3600.540039    10758320
2022-10-12 14:28:00-04:00  3600.500000  3602.989990  3599.909912  3601.780029  3601.780029     8325962
2022-10-12 14:30:00-04:00  3601.719971  3604.340088  3598.020020  3598.169922  3598.169922     9870958
2022-10-12 14:32:00-04:00  3598.159912  3600.439941  3596.439941  3599.080078  3599.080078     8085857
2022-10-12 14:34:00-04:00  3599.080078  3602.580078  3599.080078  3601.899902  3601.899902     6849850
2022-10-12 14:36:00-04:00  3601.919922  3602.750000  3599.600098  3601.969971  3601.969971     7646210
2022-10-12 14:38:00-04:00  3602.000000  3602.639893  3598.689941  3599.469971  3599.469971     8055079
2022-10-12 14:40:00-04:00  3599.770020  3601.250000  3598.100098  3598.429932  3598.429932     7716530
2022-10-12 14:42:00-04:00  3598.360107  3599.780029  3596.729980  3597.050049  3597.050049     7788566
2022-10-12 14:44:00-04:00  3597.070068  3598.250000  3595.760010  3597.659912  3597.659912     5842585
2022-10-12 14:46:00-04:00  3597.010010  3597.010010  3595.729980  3596.459961  3596.459961     4424595
2022-10-12 14:48:00-04:00  3595.810059  3595.810059  3591.709961  3592.739990  3592.739990  1540127872
2022-10-12 14:50:00-04:00  3592.570068  3593.199951  3590.179932  3591.149902  3591.149902     8607354
2022-10-12 14:52:00-04:00  3591.070068  3591.149902  3588.550049  3589.270020  3589.270020     7145767
2022-10-12 14:54:00-04:00  3589.250000  3589.760010  3587.750000  3589.709961  3589.709961     7498107
2022-10-12 14:56:00-04:00  3589.610107  3590.889893  3586.040039  3586.929932  3586.929932     9015815
2022-10-12 14:58:00-04:00  3587.070068  3588.669922  3586.610107  3587.939941  3587.939941     5910715
2022-10-12 15:00:00-04:00  3587.449951  3587.500000  3585.209961  3585.629883  3585.629883     4778581
2022-10-12 15:02:00-04:00  3588.699951  3588.699951  3583.189941  3583.280029  3583.280029  1597716606
2022-10-12 15:04:00-04:00  3583.419922  3586.270020  3582.889893  3586.270020  3586.270020     9456450
2022-10-12 15:06:00-04:00  3586.199951  3587.449951  3585.489990  3586.860107  3586.860107     7009761
2022-10-12 15:08:00-04:00  3586.909912  3588.760010  3585.870117  3586.330078  3586.330078     6679538
2022-10-12 15:10:00-04:00  3587.860107  3589.020020  3587.419922  3588.290039  3588.290039     6790166
2022-10-12 15:12:00-04:00  3588.810059  3588.810059  3587.280029  3587.820068  3587.820068  1635812390
2022-10-12 15:14:00-04:00  3586.939941  3588.959961  3586.699951  3586.750000  3586.750000  1648695169
2022-10-12 15:16:00-04:00  3586.810059  3588.500000  3583.850098  3588.500000  3588.500000    10917676
2022-10-12 15:18:00-04:00  3588.439941  3591.030029  3588.360107  3591.030029  3591.030029     9873197
2022-10-12 15:20:00-04:00  3591.040039  3591.659912  3590.010010  3590.760010  3590.760010  1678614066
2022-10-12 15:22:00-04:00  3590.739990  3592.479980  3588.580078  3589.209961  3589.209961    12575879
2022-10-12 15:24:00-04:00  3589.250000  3589.300049  3587.810059  3589.300049  3589.300049     9158909
2022-10-12 15:26:00-04:00  3589.300049  3590.679932  3587.090088  3590.239990  3590.239990     9986095
2022-10-12 15:28:00-04:00  3590.250000  3590.330078  3587.419922  3587.419922  3587.419922     7875978
2022-10-12 15:30:00-04:00  3586.879883  3588.639893  3586.689941  3588.209961  3588.209961    14751994
2022-10-12 15:32:00-04:00  3588.570068  3589.800049  3586.909912  3589.800049  3589.800049    10788587
2022-10-12 15:34:00-04:00  3589.830078  3592.340088  3589.830078  3591.699951  3591.699951    12037714
2022-10-12 15:36:00-04:00  3591.879883  3593.500000  3591.780029  3593.300049  3593.300049    14183338
2022-10-12 15:38:00-04:00  3593.350098  3593.350098  3590.350098  3590.590088  3590.590088    12297262
2022-10-12 15:40:00-04:00  3590.899902  3591.699951  3589.139893  3591.199951  3591.199951    14050736
2022-10-12 15:42:00-04:00  3591.270020  3591.659912  3589.879883  3591.179932  3591.179932    12633696
2022-10-12 15:44:00-04:00  3591.280029  3591.760010  3589.250000  3589.270020  3589.270020    16281221
2022-10-12 15:46:00-04:00  3589.330078  3591.189941  3588.729980  3589.510010  3589.510010    17604591
2022-10-12 15:48:00-04:00  3589.459961  3589.459961  3585.989990  3586.209961  3586.209961    17456246
2022-10-12 15:50:00-04:00  3586.199951  3587.030029  3582.959961  3584.659912  3584.659912    33510902
2022-10-12 15:52:00-04:00  3584.989990  3586.540039  3584.100098  3584.659912  3584.659912    26129450
2022-10-12 15:54:00-04:00  3584.620117  3584.719971  3580.689941  3581.729980  3581.729980    38152934
2022-10-12 15:56:00-04:00  3581.889893  3583.179932  3579.139893  3580.610107  3580.610107    37157978
2022-10-12 15:58:00-04:00  3580.649902  3581.040039  3576.370117  3576.899902  3576.899902    36064238
2022-10-13 09:30:00-04:00  3520.370117  3520.370117  3496.719971  3499.800049  3499.800049    17021723
2022-10-13 09:32:00-04:00  3499.840088  3500.340088  3491.580078  3499.989990  3499.989990    30273960
2022-10-13 09:34:00-04:00  3500.639893  3508.389893  3499.959961  3502.169922  3502.169922    26274377
2022-10-13 09:36:00-04:00  3502.360107  3502.360107  3496.159912  3499.879883  3499.879883    20586927
2022-10-13 09:38:00-04:00  3499.949951  3501.750000  3495.520020  3499.229980  3499.229980    21477282
2022-10-13 09:40:00-04:00  3499.449951  3508.540039  3496.600098  3508.379883  3508.379883    26154043
2022-10-13 09:42:00-04:00  3508.110107  3510.510010  3503.969971  3506.000000  3506.000000    22734149
2022-10-13 09:44:00-04:00  3505.860107  3505.860107  3499.370117  3502.870117  3502.870117    18056062
2022-10-13 09:46:00-04:00  3502.969971  3513.919922  3502.969971  3513.729980  3513.729980    63229879
2022-10-13 09:48:00-04:00  3513.629883  3518.810059  3511.429932  3518.810059  3518.810059    19029557
2022-10-13 09:50:00-04:00  3518.850098  3522.689941  3517.899902  3520.389893  3520.389893    21686426
2022-10-13 09:52:00-04:00  3520.500000  3535.149902  3520.449951  3534.959961  3534.959961    23192235
2022-10-13 09:54:00-04:00  3534.959961  3535.050049  3527.590088  3527.959961  3527.959961    20645498
2022-10-13 09:56:00-04:00  3527.429932  3528.860107  3522.489990  3522.860107  3522.860107    16640556
2022-10-13 09:58:00-04:00  3522.860107  3529.179932  3522.050049  3529.149902  3529.149902    16139676
2022-10-13 10:00:00-04:00  3529.159912  3530.830078  3524.959961  3530.199951  3530.199951    20374863
2022-10-13 10:02:00-04:00  3530.000000  3530.199951  3527.439941  3528.229980  3528.229980    15099011
2022-10-13 10:04:00-04:00  3528.199951  3540.979980  3528.199951  3540.840088  3540.840088    19332809
2022-10-13 10:06:00-04:00  3540.889893  3544.639893  3532.919922  3533.070068  3533.070068    17481311
2022-10-13 10:08:00-04:00  3533.239990  3543.540039  3533.129883  3541.879883  3541.879883    17461242
2022-10-13 10:10:00-04:00  3541.719971  3541.719971  3535.000000  3538.409912  3538.409912    17032933
2022-10-13 10:12:00-04:00  3538.360107  3547.699951  3538.360107  3542.659912  3542.659912    17421755
2022-10-13 10:14:00-04:00  3542.830078  3548.080078  3542.830078  3546.139893  3546.139893    15980221
2022-10-13 10:16:00-04:00  3546.659912  3550.969971  3545.110107  3549.879883  3549.879883    15906292
2022-10-13 10:18:00-04:00  3549.340088  3549.860107  3540.350098  3540.610107  3540.610107    19915972
2022-10-13 10:20:00-04:00  3540.550049  3542.790039  3536.540039  3539.870117  3539.870117    16404502
2022-10-13 10:22:00-04:00  3539.919922  3542.739990  3537.100098  3540.199951  3540.199951    14505949
2022-10-13 10:24:00-04:00  3539.580078  3539.780029  3536.739990  3538.469971  3538.469971     5797556
2022-10-13 10:26:00-04:00  3534.659912  3534.659912  3528.330078  3531.510010  3531.510010   675259935
2022-10-13 10:28:00-04:00  3530.149902  3532.040039  3529.600098  3530.909912  3530.909912    13257006
2022-10-13 10:30:00-04:00  3530.399902  3538.659912  3528.709961  3537.229980  3537.229980    16538373
2022-10-13 10:32:00-04:00  3536.209961  3542.379883  3536.070068  3536.419922  3536.419922    13679531
2022-10-13 10:34:00-04:00  3536.379883  3536.379883  3532.270020  3533.189941  3533.189941    10374574
2022-10-13 10:36:00-04:00  3530.649902  3539.479980  3529.899902  3539.340088  3539.340088    16954516
2022-10-13 10:38:00-04:00  3539.379883  3539.669922  3536.169922  3536.739990  3536.739990     5534921