                                  Open         High          Low        Close    Adj Close      Volume
Datetime                                                                                              
2022-10-18 10:54:00-04:00  3730.709961  3730.709961  3728.899902  3729.330078  3729.330078           0
2022-10-18 10:56:00-04:00  3729.280029  3729.739990  3727.040039  3729.669922  3729.669922     8178851
2022-10-18 10:58:00-04:00  3726.750000  3727.350098  3725.750000  3726.439941  3726.439941    11651867
2022-10-18 11:00:00-04:00  3726.239990  3726.239990  3721.600098  3722.540039  3722.540039     7133172
2022-10-18 11:02:00-04:00  3723.610107  3726.550049  3722.080078  3726.330078  3726.330078   809794938
2022-10-18 11:04:00-04:00  3726.399902  3729.550049  3725.939941  3727.679932  3727.679932     9685361
2022-10-18 11:06:00-04:00  3727.639893  3727.639893  3717.610107  3717.610107  3717.610107    11673933
2022-10-18 11:08:00-04:00  3717.550049  3718.149902  3716.129883  3716.989990  3716.989990     9450200
2022-10-18 11:10:00-04:00  3716.959961  3718.290039  3716.550049  3716.550049  3716.550049    10091229
2022-10-18 11:12:00-04:00  3716.459961  3716.770020  3704.310059  3706.000000  3706.000000    15129051
2022-10-18 11:14:00-04:00  3706.000000  3707.209961  3704.310059  3704.350098  3704.350098    12903431
2022-10-18 11:16:00-04:00  3704.320068  3705.540039  3703.149902  3704.790039  3704.790039    11643822
2022-10-18 11:18:00-04:00  3704.870117  3708.229980  3703.260010  3703.260010  3703.260010    11394445
2022-10-18 11:20:00-04:00  3703.330078  3704.389893  3698.879883  3698.899902  3698.899902     9322783
2022-10-18 11:22:00-04:00  3698.889893  3699.939941  3696.439941  3699.739990  3699.739990    10203802
2022-10-18 11:24:00-04:00  3699.600098  3699.600098  3692.719971  3693.159912  3693.159912    12721460
2022-10-18 11:26:00-04:00  3693.129883  3699.199951  3692.189941  3696.929932  3696.929932    13230932
2022-10-18 11:28:00-04:00  3696.959961  3697.540039  3695.000000  3697.489990  3697.489990     9900365
2022-10-18 11:30:00-04:00  3697.429932  3698.290039  3694.620117  3696.780029  3696.780029     9726970
2022-10-18 11:32:00-04:00  3696.810059  3698.260010  3692.689941  3692.780029  3692.780029    10192988
2022-10-18 11:34:00-04:00  3693.000000  3697.570068  3692.939941  3695.939941  3695.939941     8703515
2022-10-18 11:36:00-04:00  3696.020020  3696.020020  3689.580078  3690.459961  3690.459961    11171061
2022-10-18 11:38:00-04:00  3690.270020  3691.590088  3686.530029  3691.570068  3691.570068    11077072
2022-10-18 11:40:00-04:00  3691.620117  3692.729980  3687.800049  3688.360107  3688.360107    11563956
2022-10-18 11:42:00-04:00  3688.449951  3689.610107  3687.340088  3689.590088  3689.590088    11268873
2022-10-18 11:44:00-04:00  3689.679932  3695.399902  3689.570068  3695.399902  3695.399902    10950903
2022-10-18 11:46:00-04:00  3695.449951  3697.889893  3694.919922  3697.469971  3697.469971     9737356
2022-10-18 11:48:00-04:00  3697.750000  3700.689941  3697.459961  3700.169922  3700.169922     8457600
2022-10-18 11:50:00-04:00  3700.229980  3702.000000  3699.209961  3702.000000  3702.000000     9738163
2022-10-18 11:52:00-04:00  3702.320068  3703.449951  3702.189941  3703.379883  3703.379883     7630983
2022-10-18 11:54:00-04:00  3703.340088  3703.689941  3698.510010  3698.510010  3698.510010    10480591
2022-10-18 11:56:00-04:00  3698.540039  3702.469971  3698.459961  3702.469971  3702.469971     8192815
2022-10-18 11:58:00-04:00  3702.629883  3703.560059  3702.610107  3703.139893  3703.139893     6849666
2022-10-18 12:00:00-04:00  3703.050049  3703.419922  3700.949951  3700.949951  3700.949951     9161645
2022-10-18 12:02:00-04:00  3700.989990  3703.139893  3700.989990  3702.989990  3702.989990     6865235
2022-10-18 12:04:00-04:00  3702.969971  3703.429932  3702.550049  3702.550049  3702.550049     7087947
2022-10-18 12:06:00-04:00  3702.409912  3704.250000  3696.989990  3699.110107  3699.110107    11422259
2022-10-18 12:08:00-04:00  3699.219971  3711.360107  3699.219971  3711.179932  3711.179932  1149416320
2022-10-18 12:10:00-04:00  3711.209961  3713.409912  3710.949951  3713.409912  3713.409912  1157825806
2022-10-18 12:12:00-04:00  3713.370117  3716.590088  3712.929932  3715.330078  3715.330078    10932806
2022-10-18 12:14:00-04:00  3715.580078  3715.679932  3712.399902  3712.399902  3712.399902     8642151
2022-10-18 12:16:00-04:00  3711.949951  3715.780029  3710.719971  3715.409912  3715.409912     8894787
2022-10-18 12:18:00-04:00  3715.389893  3718.260010  3715.110107  3715.989990  3715.989990    11258671
2022-10-18 12:20:00-04:00  3716.030029  3716.030029  3713.090088  3713.090088  3713.090088     7990892
2022-10-18 12:22:00-04:00  3713.179932  3713.370117  3710.489990  3710.659912  3710.659912     7053967
2022-10-18 12:24:00-04:00  3710.739990  3711.860107  3707.010010  3708.639893  3708.639893     9181861
2022-10-18 12:26:00-04:00  3708.469971  3708.500000  3705.879883  3707.689941  3707.689941     6456645
2022-10-18 12:28:00-04:00  3707.929932  3710.479980  3707.919922  3710.060059  3710.060059     7437170
2022-10-18 12:30:00-04:00  3710.050049  3710.129883  3707.250000  3708.580078  3708.580078     6383431
2022-10-18 12:32:00-04:00  3708.560059  3710.770020  3708.280029  3710.770020  3710.770020     4881404
2022-10-18 12:34:00-04:00  3710.840088  3714.760010  3710.159912  3714.689941  3714.689941     8026018
2022-10-18 12:36:00-04:00  3714.629883  3722.070068  3714.370117  3721.590088  3721.590088    11195620
2022-10-18 12:38:00-04:00  3722.239990  3722.239990  3720.879883  3721.459961  3721.459961     4079726
2022-10-18 12:40:00-04:00  3720.669922  3723.000000  3720.510010  3722.699951  3722.699951  1282365567
2022-10-18 12:42:00-04:00  3722.689941  3724.530029  3722.689941  3723.229980  3723.229980     8709783
2022-10-18 12:44:00-04:00  3723.189941  3723.979980  3716.129883  3716.129883  3716.129883    10021180
2022-10-18 12:46:00-04:00  3716.129883  3717.909912  3716.129883  3716.459961  3716.459961     6270874
2022-10-18 12:48:00-04:00  3716.500000  3718.239990  3715.699951  3718.169922  3718.169922     6041404
2022-10-18 12:50:00-04:00  3718.199951  3721.419922  3717.629883  3721.300049  3721.300049     7039577
2022-10-18 12:52:00-04:00  3721.370117  3722.340088  3719.669922  3721.709961  3721.709961     7574356
2022-10-18 12:54:00-04:00  3721.889893  3724.459961  3721.889893  3724.179932  3724.179932     6812445
2022-10-18 12:56:00-04:00  3724.139893  3724.139893  3718.850098  3718.899902  3718.899902     7672137
2022-10-18 12:58:00-04:00  3718.850098  3718.919922  3715.560059  3715.600098  3715.600098     6993021
2022-10-18 13:00:00-04:00  3715.479980  3716.719971  3710.360107  3710.639893  3710.639893    11557128
2022-10-18 13:02:00-04:00  3710.649902  3713.270020  3705.570068  3705.570068  3705.570068     9081251
2022-10-18 13:04:00-04:00  3705.189941  3709.270020  3703.350098  3709.139893  3709.139893    10017225
2022-10-18 13:06:00-04:00  3709.120117  3709.439941  3706.399902  3709.229980  3709.229980     4605545
2022-10-18 13:08:00-04:00  3711.360107  3712.899902  3709.250000  3709.580078  3709.580078     9432616
2022-10-18 13:10:00-04:00  3709.689941  3714.300049  3708.949951  3713.419922  3713.419922     7904676
2022-10-18 13:12:00-04:00  3713.590088  3715.280029  3713.590088  3715.280029  3715.280029     6543527
2022-10-18 13:14:00-04:00  3715.330078  3717.889893  3715.330078  3716.330078  3716.330078     5882430
2022-10-18 13:16:00-04:00  3717.090088  3718.429932  3716.949951  3718.300049  3718.300049     8478815
2022-10-18 13:18:00-04:00  3718.300049  3718.300049  3715.590088  3717.070068  3717.070068     6848968
2022-10-18 13:20:00-04:00  3717.060059  3719.969971  3716.229980  3716.750000  3716.750000     7724914
2022-10-18 13:22:00-04:00  3716.439941  3716.540039  3712.949951  3713.310059  3713.310059     7540429
2022-10-18 13:24:00-04:00  3713.179932  3719.500000  3713.149902  3717.949951  3717.949951     7553632
2022-10-18 13:26:00-04:00  3717.969971  3722.689941  3717.820068  3721.929932  3721.929932     8036876
2022-10-18 13:28:00-04:00  3721.909912  3721.909912  3719.330078  3721.510010  3721.510010     6511739
2022-10-18 13:30:00-04:00  3722.570068  3723.360107  3720.830078  3721.090088  3721.090088     7364932
2022-10-18 13:32:00-04:00  3721.090088  3728.040039  3721.090088  3728.040039  3728.040039    11270148
2022-10-18 13:34:00-04:00  3728.219971  3731.709961  3728.219971  3730.709961  3730.709961     8983597
2022-10-18 13:36:00-04:00  3730.750000  3731.399902  3729.189941  3729.189941  3729.189941     7630207
2022-10-18 13:38:00-04:00  3728.989990  3729.750000  3727.969971  3728.290039  3728.290039     6923670
2022-10-18 13:40:00-04:00  3728.879883  3730.330078  3727.219971  3727.219971  3727.219971     7904042
2022-10-18 13:42:00-04:00  3727.189941  3728.709961  3726.520020  3726.899902  3726.899902     7270235
2022-10-18 13:44:00-04:00  3726.979980  3728.489990  3726.610107  3727.260010  3727.260010     5663675
2022-10-18 13:46:00-04:00  3724.969971  3726.530029  3722.840088  3726.530029  3726.530029    10881037
2022-10-18 13:48:00-04:00  3726.649902  3728.979980  3726.649902  3728.870117  3728.870117     7818178
2022-10-18 13:50:00-04:00  3728.959961  3730.629883  3727.489990  3727.689941  3727.689941     8022566
2022-10-18 13:52:00-04:00  3727.659912  3730.129883  3727.090088  3729.679932  3729.679932     6595599
2022-10-18 13:54:00-04:00  3729.669922  3733.860107  3729.500000  3733.429932  3733.429932     9175990
2022-10-18 13:56:00-04:00  3733.409912  3733.409912  3728.439941  3729.360107  3729.360107     7866606
2022-10-18 13:58:00-04:00  3729.449951  3731.120117  3729.350098  3731.120117  3731.120117     5610368
2022-10-18 14:00:00-04:00  3730.969971  3732.649902  3729.689941  3731.000000  3731.000000     8396277
2022-10-18 14:02:00-04:00  3731.010010  3732.320068  3726.419922  3726.419922  3726.419922     8827577
2022-10-18 14:04:00-04:00  3726.459961  3726.850098  3723.719971  3724.110107  3724.110107     7932079
2022-10-18 14:06:00-04:00  3724.300049  3728.360107  3723.679932  3728.360107  3728.360107     7006463
2022-10-18 14:08:00-04:00  3728.320068  3729.439941  3724.810059  3724.909912  3724.909912     7527328
2022-10-18 14:10:00-04:00  3724.949951  3728.000000  3724.949951  3727.340088  3727.340088     6324271
2022-10-18 14:12:00-04:00  3727.270020  3727.570068  3725.580078  3727.500000  3727.500000     6631978
2022-10-18 14:14:00-04:00  3727.560059  3727.560059  3724.389893  3724.389893  3724.389893     4935083
2022-10-18 14:16:00-04:00  3725.250000  3726.100098  3724.760010  3725.550049  3725.550049     9004055
2022-10-18 14:18:00-04:00  3725.550049  3726.560059  3722.679932  3723.120117  3723.120117     6581806
2022-10-18 14:20:00-04:00  3723.159912  3724.300049  3721.629883  3723.610107  3723.610107     7156083
2022-10-18 14:22:00-04:00  3723.570068  3726.540039  3723.000000  3726.149902  3726.149902     6451077
2022-10-18 14:24:00-04:00  3726.139893  3727.489990  3725.260010  3725.469971  3725.469971     7464574
2022-10-18 14:26:00-04:00  3725.489990  3727.899902  3724.449951  3727.899902  3727.899902     6630973
2022-10-18 14:28:00-04:00  3727.879883  3729.879883  3727.500000  3729.820068  3729.820068     3698425
2022-10-18 14:30:00-04:00  3729.600098  3729.709961  3728.679932  3728.800049  3728.800049  1700492218
2022-10-18 14:32:00-04:00  3727.719971  3727.739990  3725.159912  3726.489990  3726.489990     8624928
2022-10-18 14:34:00-04:00  3726.459961  3728.120117  3726.320068  3727.939941  3727.939941     6151100
2022-10-18 14:36:00-04:00  3727.979980  3728.439941  3712.560059  3713.750000  3713.750000    17116806
2022-10-18 14:38:00-04:00  3713.360107  3715.209961  3713.239990  3713.520020  3713.520020  1743569409
2022-10-18 14:40:00-04:00  3713.750000  3714.360107  3708.929932  3709.820068  3709.820068    11189872
2022-10-18 14:42:00-04:00  3709.870117  3712.699951  3707.020020  3707.080078  3707.080078    10361377
2022-10-18 14:44:00-04:00  3706.909912  3706.909912  3698.629883  3699.870117  3699.870117    14881806
2022-10-18 14:46:00-04:00  3699.719971  3701.000000  3697.870117  3698.110107  3698.110107     4955852
2022-10-18 14:48:00-04:00  3693.429932  3700.050049  3692.520020  3699.070068  3699.070068  1805618346
2022-10-18 14:50:00-04:00  3698.979980  3699.449951  3695.489990  3698.209961  3698.209961    10664167
2022-10-18 14:52:00-04:00  3698.179932  3702.899902  3696.370117  3702.449951  3702.449951    11436897
2022-10-18 14:54:00-04:00  3702.629883  3703.129883  3700.810059  3701.010010  3701.010010     9417442
2022-10-18 14:56:00-04:00  3701.010010  3703.810059  3701.010010  3703.560059  3703.560059    10470936
2022-10-18 14:58:00-04:00  3703.570068  3706.550049  3703.090088  3704.929932  3704.929932     9274753
2022-10-18 15:00:00-04:00  3704.939941  3705.439941  3696.330078  3698.050049  3698.050049    12759761
2022-10-18 15:02:00-04:00  3698.030029  3703.290039  3697.750000  3700.979980  3700.979980     9563864
2022-10-18 15:04:00-04:00  3700.840088  3701.899902  3698.110107  3701.899902  3701.899902     8739402
2022-10-18 15:06:00-04:00  3701.669922  3704.000000  3701.120117  3703.600098  3703.600098     7072031
2022-10-18 15:08:00-04:00  3703.290039  3704.120117  3700.030029  3700.030029  3700.030029    10901939
2022-10-18 15:10:00-04:00  3699.939941  3702.600098  3698.370117  3700.260010  3700.260010    10044996
2022-10-18 15:12:00-04:00  3699.959961  3700.810059  3697.790039  3698.300049  3698.300049     8703566
2022-10-18 15:14:00-04:00  3698.239990  3698.580078  3695.889893  3696.379883  3696.379883    10762291
2022-10-18 15:16:00-04:00  3696.120117  3699.879883  3694.889893  3699.879883  3699.879883    10831961
2022-10-18 15:18:00-04:00  3699.790039  3701.989990  3699.790039  3700.959961  3700.959961     4551402
2022-10-18 15:20:00-04:00  3700.669922  3701.179932  3699.010010  3700.649902  3700.649902  1962531021
2022-10-18 15:22:00-04:00  3701.600098  3705.739990  3700.360107  3705.739990  3705.739990    11401662
2022-10-18 15:24:00-04:00  3705.479980  3706.340088  3703.520020  3704.739990  3704.739990    11813696
2022-10-18 15:26:00-04:00  3704.820068  3705.669922  3702.780029  3703.149902  3703.149902    10737151
2022-10-18 15:28:00-04:00  3703.100098  3708.139893  3703.100098  3706.260010  3706.260010  2006039590
2022-10-18 15:30:00-04:00  3707.060059  3715.379883  3707.060059  3715.379883  3715.379883    14855758
2022-10-18 15:32:00-04:00  3717.889893  3719.850098  3716.750000  3718.250000  3718.250000    19553986
2022-10-18 15:34:00-04:00  3718.679932  3719.459961  3714.139893  3714.760010  3714.760010    12911725
2022-10-18 15:36:00-04:00  3714.719971  3714.870117  3712.530029  3713.570068  3713.570068    11526998
2022-10-18 15:38:00-04:00  3713.540039  3716.139893  3712.030029  3715.709961  3715.709961    12401462
2022-10-18 15:40:00-04:00  3715.679932  3717.300049  3715.060059  3716.629883  3716.629883    13386752
2022-10-18 15:42:00-04:00  3716.649902  3720.250000  3714.899902  3719.149902  3719.149902    17080799
2022-10-18 15:44:00-04:00  3719.159912  3719.679932  3717.360107  3717.360107  3717.360107     5723395
2022-10-18 15:46:00-04:00  3717.320068  3718.179932  3715.800049  3716.120117  3716.120117  2138846329
2022-10-18 15:48:00-04:00  3715.959961  3718.429932  3714.570068  3717.610107  3717.610107    17179156
2022-10-18 15:50:00-04:00  3717.429932  3722.409912  3715.510010  3716.340088  3716.340088    33141987
2022-10-18 15:52:00-04:00  3716.300049  3717.620117  3714.699951  3716.879883  3716.879883    24854531
2022-10-18 15:54:00-04:00  3716.889893  3716.889893  3711.540039  3712.169922  3712.169922    35062428
2022-10-18 15:56:00-04:00  3712.169922  3715.830078  3711.699951  3714.620117  3714.620117    41136238
2022-10-18 15:58:00-04:00  3714.199951  3722.139893  3712.800049  3721.800049  3721.800049    62734782
2022-10-19 09:30:00-04:00  3703.110107  3704.709961  3699.169922  3704.399902  3704.399902    44740065
2022-10-19 09:32:00-04:00  3704.850098  3711.979980  3703.370117  3711.979980  3711.979980    15489563
2022-10-19 09:34:00-04:00  3714.639893  3717.629883  3713.439941  3716.850098  3716.850098    23748300
2022-10-19 09:36:00-04:00  3716.590088  3718.939941  3714.870117  3715.689941  3715.689941    17390225
2022-10-19 09:38:00-04:00  3715.810059  3715.810059  3710.750000  3711.709961  3711.709961    16116680
2022-10-19 09:40:00-04:00  3711.790039  3713.780029  3701.979980  3705.500000  3705.500000    18397494
2022-10-19 09:42:00-04:00  3705.449951  3705.449951  3697.080078  3700.469971  3700.469971    16793225
2022-10-19 09:44:00-04:00  3700.260010  3703.419922  3696.870117  3697.600098  3697.600098    15020727
2022-10-19 09:46:00-04:00  3697.530029  3702.770020  3696.580078  3697.399902  3697.399902    15721699
2022-10-19 09:48:00-04:00  3697.419922  3699.419922  3690.250000  3691.030029  3691.030029    16354597
2022-10-19 09:50:00-04:00  3690.909912  3702.360107  3690.689941  3701.040039  3701.040039    16735987
2022-10-19 09:52:00-04:00  3701.219971  3703.209961  3700.080078  3701.310059  3701.310059    13723578
2022-10-19 09:54:00-04:00  3700.689941  3704.719971  3699.389893  3701.159912  3701.159912    13381759
2022-10-19 09:56:00-04:00  3701.120117  3701.120117  3695.020020  3696.449951  3696.449951    24639066
2022-10-19 09:58:00-04:00  3696.649902  3698.919922  3695.330078  3696.560059  3696.560059    11851169
2022-10-19 10:00:00-04:00  3696.429932  3700.050049  3693.639893  3699.939941  3699.939941    15904149
2022-10-19 10:02:00-04:00  3699.909912  3700.729980  3697.080078  3700.290039  3700.290039    11134676
2022-10-19 10:04:00-04:00  3700.399902  3706.370117  3698.689941  3703.760010  3703.760010    14441051
2022-10-19 10:06:00-04:00  3703.669922  3706.850098  3703.489990  3705.449951  3705.449951    12661064
2022-10-19 10:08:00-04:00  3705.600098  3706.169922  3702.800049  3704.500000  3704.500000    11066452
2022-10-19 10:10:00-04:00  3704.530029  3706.929932  3699.719971  3701.120117  3701.120117    12267331
2022-10-19 10:12:00-04:00  3701.199951  3705.020020  3701.199951  3704.840088  3704.840088    10858723
2022-10-19 10:14:00-04:00  3705.120117  3718.219971  3705.120117  3717.729980  3717.729980    12554398
2022-10-19 10:16:00-04:00  3715.129883  3715.790039  3712.760010  3712.830078  3712.830078    14978586
2022-10-19 10:18:00-04:00  3712.760010  3715.320068  3712.040039  3714.540039  3714.540039    10860105
2022-10-19 10:20:00-04:00  3714.639893  3722.439941  3714.550049  3721.689941  3721.689941    15344323
2022-10-19 10:22:00-04:00  3721.760010  3725.129883  3721.149902  3724.689941  3724.689941    14573894
2022-10-19 10:24:00-04:00  3724.770020  3726.429932  3722.500000  3722.699951  3722.699951    13615378
2022-10-19 10:26:00-04:00  3722.840088  3725.489990  3722.800049  3724.300049  3724.300049    11721280
2022-10-19 10:28:00-04:00  3724.310059  3728.580078  3724.310059  3726.360107  3726.360107    11199386
2022-10-19 10:30:00-04:00  3726.370117  3728.580078  3724.030029  3724.179932  3724.179932    13374894
2022-10-19 10:32:00-04:00  3724.219971  3724.550049  3721.020020  3721.770020  3721.770020    12385608
2022-10-19 10:34:00-04:00  3721.659912  3722.159912  3718.919922  3719.409912  3719.409912    12040502
2022-10-19 10:36:00-04:00  3719.489990  3720.300049  3718.939941  3720.129883  3720.129883    10350056
2022-10-19 10:38:00-04:00  3720.090088  3722.800049  3719.840088  3722.520020  3722.520020    11229955
2022-10-19 10:40:00-04:00  3722.780029  3723.120117  3715.689941  3715.770020  3715.770020    11000174
2022-10-19 10:42:00-04:00  3715.739990  3717.199951  3713.399902  3713.989990  3713.989990    10865061
2022-10-19 10:44:00-04:00  3714.000000  3717.419922  3713.969971  3716.550049  3716.550049     9959589
2022-10-19 10:46:00-04:00  3716.540039  3716.939941  3715.280029  3716.739990  3716.739990     9732390
2022-10-19 10:48:00-04:00  3716.649902  3718.010010  3712.070068  3713.179932  3713.179932    11020286
2022-10-19 10:50:00-04:00  3713.189941  3714.550049  3711.570068  3712.399902  3712.399902     9529228
2022-10-19 10:52:00-04:00  3712.379883  3712.489990  3710.070068  3710.929932  3710.929932     5274494
2022-10-19 10:54:00-04:00  3708.709961  3708.979980  3705.949951  3705.949951  3705.949951   634941795
2022-10-19 10:56:00-04:00  3705.929932  3707.639893  3704.389893  3707.310059  3707.310059    11490794
2022-10-19 10:58:00-04:00  3707.370117  3707.590088  3704.439941  3707.270020  3707.270020    10501539
2022-10-19 11:00:00-04:00  3707.280029  3710.139893  3705.439941  3707.610107  3707.610107    11714608
2022-10-19 11:02:00-04:00  3707.590088  3707.780029  3704.129883  3704.229980  3704.229980     9222289
2022-10-19 11:04:00-04:00  3704.239990  3707.219971  3703.260010  3706.729980  3706.729980    10089580
2022-10-19 11:06:00-04:00  3706.840088  3710.500000  3705.560059  3710.159912  3710.159912     9267393
2022-10-19 11:08:00-04:00  3710.129883  3710.350098  3708.010010  3709.020020  3709.020020     8796844
2022-10-19 11:10:00-04:00  3709.050049  3715.330078  3708.629883  3715.239990  3715.239990    11134082
2022-10-19 11:12:00-04:00  3715.360107  3715.800049  3712.629883  3712.629883  3712.629883     9652544
2022-10-19 11:14:00-04:00  3712.699951  3715.100098  3712.030029  3715.100098  3715.100098     8667783
2022-10-19 11:16:00-04:00  3715.070068  3715.290039  3712.250000  3712.879883  3712.879883     7922786
2022-10-19 11:18:00-04:00  3712.929932  3717.350098  3712.709961  3715.760010  3715.760010     8611668
2022-10-19 11:20:00-04:00  3715.729980  3716.949951  3712.459961  3712.719971  3712.719971     6011224
2022-10-19 11:22:00-04:00  3712.889893  3713.719971  3712.209961  3712.209961  3712.209961     5503325
2022-10-19 11:24:00-04:00  3711.810059  3712.100098  3706.340088  3706.449951  3706.449951   778022481
2022-10-19 11:26:00-04:00  3706.370117  3706.590088  3704.340088  3705.080078  3705.080078     9150127
2022-10-19 11:28:00-04:00  3705.030029  3706.370117  3704.459961  3705.959961  3705.959961     7701439
2022-10-19 11:30:00-04:00  3706.060059  3706.120117  3702.239990  3705.979980  3705.979980    10703853
2022-10-19 11:32:00-04:00  3705.979980  3707.810059  3704.520020  3704.889893  3704.889893     7906880
2022-10-19 11:34:00-04:00  3704.699951  3705.310059  3698.929932  3699.790039  3699.790039     9408088
2022-10-19 11:36:00-04:00  3699.810059  3701.340088  3698.070068  3701.300049  3701.300049     8664938
2022-10-19 11:38:00-04:00  3701.330078  3707.110107  3701.330078  3707.110107  3707.110107     8688252
2022-10-19 11:40:00-04:00  3707.520020  3708.500000  3706.489990  3706.570068  3706.570068     7461311
2022-10-19 11:42:00-04:00  3706.590088  3706.810059  3704.580078  3705.320068  3705.320068     6908411
2022-10-19 11:44:00-04:00  3705.300049  3706.629883  3703.000000  3706.560059  3706.560059     8078915
2022-10-19 11:46:00-04:00  3706.780029  3708.000000  3705.709961  3707.850098  3707.850098     8059754
2022-10-19 11:48:00-04:00  3708.159912  3709.489990  3707.270020  3708.750000  3708.750000     7400955
2022-10-19 11:50:00-04:00  3708.659912  3711.409912  3707.149902  3711.250000  3711.250000     8261461
2022-10-19 11:52:00-04:00  3711.239990  3713.550049  3710.969971  3712.090088  3712.090088     7664765
2022-10-19 11:54:00-04:00  3712.090088  3713.020020  3712.050049  3712.899902  3712.899902     7404948
2022-10-19 11:56:00-04:00  3713.030029  3713.360107  3709.820068  3709.820068  3709.820068     8643377
2022-10-19 11:58:00-04:00  3709.760010  3709.959961  3707.989990  3708.100098  3708.100098     6664918
2022-10-19 12:00:00-04:00  3708.159912  3708.639893  3702.290039  3703.219971  3703.219971     9693238
2022-10-19 12:02:00-04:00  3703.610107  3703.620117  3702.169922  3703.510010  3703.510010     6559875
2022-10-19 12:04:00-04:00  3703.560059  3705.110107  3700.729980  3700.739990  3700.739990     8472492
2022-10-19 12:06:00-04:00  3700.679932  3701.659912  3698.639893  3698.679932  3698.679932     7841879
2022-10-19 12:08:00-04:00  3698.639893  3698.639893  3696.350098  3698.080078  3698.080078     7892997
2022-10-19 12:10:00-04:00  3698.050049  3699.679932  3695.449951  3696.649902  3696.649902     8126389
2022-10-19 12:12:00-04:00  3696.689941  3699.939941  3696.689941  3698.610107  3698.610107     6619390
2022-10-19 12:14:00-04:00  3698.750000  3698.750000  3696.350098  3696.350098  3696.350098     6442472
2022-10-19 12:16:00-04:00  3696.050049  3698.909912  3696.050049  3696.979980  3696.979980     4661135
2022-10-19 12:18:00-04:00  3698.689941  3700.100098  3698.689941  3699.939941  3699.939941     7540422
2022-10-19 12:20:00-04:00  3699.929932  3700.110107  3698.510010  3699.020020  3699.020020     6569678
2022-10-19 12:22:00-04:00  3699.139893  3699.649902  3696.250000  3698.610107  3698.610107     6471003
2022-10-19 12:24:00-04:00  3698.610107  3698.620117  3696.389893  3696.739990  3696.739990     5598630
2022-10-19 12:26:00-04:00  3696.550049  3696.550049  3692.620117  3692.810059  3692.810059           0
2022-10-19 12:28:00-04:00  3692.439941  3693.540039  3692.080078  3693.000000  3693.000000  1024875248
2022-10-19 12:30:00-04:00  3693.000000  3696.620117  3692.080078  3696.620117  3696.620117     7278744
2022-10-19 12:32:00-04:00  3696.649902  3697.600098  3696.360107  3696.389893  3696.389893     6281663
2022-10-19 12:34:00-04:00  3696.379883  3697.820068  3696.020020  3697.320068  3697.320068     5814172
2022-10-19 12:36:00-04:00  3697.439941  3699.479980  3695.639893  3695.639893  3695.639893     7756871
2022-10-19 12:38:00-04:00  3695.510010  3696.729980  3695.030029  3695.219971  3695.219971     6327745
2022-10-19 12:40:00-04:00  3695.199951  3695.580078  3689.389893  3689.489990  3689.489990     8421302
2022-10-19 12:42:00-04:00  3689.500000  3689.600098  3686.899902  3687.729980  3687.729980     9014990
2022-10-19 12:44:00-04:00  3687.709961  3687.840088  3683.419922  3683.419922  3683.419922     8276426
2022-10-19 12:46:00-04:00  3683.370117  3683.370117  3680.679932  3682.820068  3682.820068    10142486
2022-10-19 12:48:00-04:00  3682.629883  3682.929932  3680.000000  3681.090088  3681.090088     7100543
2022-10-19 12:50:00-04:00  3680.949951  3685.189941  3680.530029  3683.669922  3683.669922     8029259
2022-10-19 12:52:00-04:00  3683.610107  3684.260010  3682.830078  3683.439941  3683.439941     5900004
2022-10-19 12:54:00-04:00  3683.439941  3684.070068  3683.060059  3683.389893  3683.389893     5990344
2022-10-19 12:56:00-04:00  3683.350098  3683.350098  3680.669922  3682.689941  3682.689941     7211503
2022-10-19 12:58:00-04:00  3682.550049  3683.090088  3681.270020  3682.860107  3682.860107     5255372
2022-10-19 13:00:00-04:00  3682.830078  3684.719971  3681.719971  3684.300049  3684.300049     6717072
2022-10-19 13:02:00-04:00  3684.340088  3684.620117  3674.310059  3675.120117  3675.120117    14138864
2022-10-19 13:04:00-04:00  3674.750000  3675.280029  3666.510010  3667.830078  3667.830078    13700173
2022-10-19 13:06:00-04:00  3667.840088  3672.649902  3666.729980  3671.500000  3671.500000    11106299
2022-10-19 13:08:00-04:00  3671.090088  3672.040039  3669.300049  3671.780029  3671.780029  1188481310
2022-10-19 13:10:00-04:00  3671.739990  3673.719971  3670.280029  3671.780029  3671.780029     9204583
2022-10-19 13:12:00-04:00  3671.810059  3673.350098  3671.810059  3672.879883  3672.879883     6870991
2022-10-19 13:14:00-04:00  3672.870117  3674.379883  3671.780029  3672.350098  3672.350098     9413652
2022-10-19 13:16:00-04:00  3672.260010  3672.939941  3670.860107  3671.479980  3671.479980     7715845
2022-10-19 13:18:00-04:00  3671.550049  3673.550049  3671.489990  3672.389893  3672.389893     6704674
2022-10-19 13:20:00-04:00  3672.389893  3676.090088  3672.340088  3675.060059  3675.060059     9008869
2022-10-19 13:22:00-04:00  3675.139893  3676.909912  3673.510010  3673.750000  3673.750000     7632817
2022-10-19 13:24:00-04:00  3673.739990  3679.280029  3673.530029  3679.209961  3679.209961     7812016
2022-10-19 13:26:00-04:00  3679.219971  3681.330078  3677.870117  3677.929932  3677.929932     8514447
2022-10-19 13:28:00-04:00  3677.879883  3677.909912  3676.379883  3676.850098  3676.850098     5567681
2022-10-19 13:30:00-04:00  3676.820068  3678.969971  3675.419922  3676.429932  3676.429932     8125520
2022-10-19 13:32:00-04:00  3676.510010  3679.250000  3676.280029  3677.620117  3677.620117     6842735
2022-10-19 13:34:00-04:00  3677.760010  3678.699951  3676.649902  3678.159912  3678.159912     6740920
2022-10-19 13:36:00-04:00  3678.199951  3678.199951  3675.050049  3675.610107  3675.610107     6185232
2022-10-19 13:38:00-04:00  3675.659912  3676.100098  3673.209961  3675.090088  3675.090088     6706826
2022-10-19 13:40:00-04:00  3673.830078  3675.489990  3672.300049  3675.379883  3675.379883     9685072
2022-10-19 13:42:00-04:00  3675.310059  3678.030029  3675.310059  3677.379883  3677.379883     7269510
2022-10-19 13:44:00-04:00  3677.399902  3678.929932  3677.070068  3677.959961  3677.959961  1325006937
2022-10-19 13:46:00-04:00  3677.939941  3677.939941  3674.979980  3675.120117  3675.120117     5117982
2022-10-19 13:48:00-04:00  3675.179932  3675.870117  3674.510010  3674.800049  3674.800049     5195155
2022-10-19 13:50:00-04:00  3673.419922  3673.979980  3672.899902  3673.070068  3673.070068  1345905886
2022-10-19 13:52:00-04:00  3673.040039  3676.229980  3673.040039  3676.209961  3676.209961     6246198
2022-10-19 13:54:00-04:00  3676.310059  3678.590088  3675.899902  3675.929932  3675.929932     7831412
2022-10-19 13:56:00-04:00  3675.919922  3677.850098  3674.939941  3677.179932  3677.179932     6435279
2022-10-19 13:58:00-04:00  3677.169922  3680.139893  3677.000000  3680.050049  3680.050049     5793202
2022-10-19 14:00:00-04:00  3680.020020  3681.239990  3677.040039  3679.300049  3679.300049     8948263
2022-10-19 14:02:00-04:00  3679.340088  3686.179932  3679.169922  3686.179932  3686.179932     8746662
2022-10-19 14:04:00-04:00  3686.379883  3686.860107  3683.949951  3683.949951  3683.949951     8455721
2022-10-19 14:06:00-04:00  3683.939941  3686.590088  3683.909912  3685.500000  3685.500000     6597933
2022-10-19 14:08:00-04:00  3685.550049  3691.020020  3685.270020  3688.939941  3688.939941    10324444
2022-10-19 14:10:00-04:00  3688.959961  3689.689941  3686.939941  3689.679932  3689.679932     7012181
2022-10-19 14:12:00-04:00  3689.659912  3690.310059  3688.919922  3689.780029  3689.780029     6154060
2022-10-19 14:14:00-04:00  3689.770020  3691.830078  3688.530029  3691.699951  3691.699951     8469187
2022-10-19 14:16:00-04:00  3691.649902  3693.239990  3690.550049  3692.590088  3692.590088     9125812
2022-10-19 14:18:00-04:00  3692.600098  3694.870117  3690.449951  3690.479980  3690.479980     9800580
2022-10-19 14:20:00-04:00  3690.320068  3690.370117  3688.030029  3688.909912  3688.909912     7743283
2022-10-19 14:22:00-04:00  3688.879883  3689.189941  3687.550049  3687.850098  3687.850098     6949868
2022-10-19 14:24:00-04:00  3687.860107  3691.060059  3687.850098  3691.050049  3691.050049     7153270
2022-10-19 14:26:00-04:00  3691.050049  3692.110107  3688.110107  3688.570068  3688.570068     8333109
2022-10-19 14:28:00-04:00  3688.610107  3691.260010  3688.129883  3691.120117  3691.120117  1491441899
2022-10-19 14:30:00-04:00  3690.679932  3691.189941  3689.370117  3689.800049  3689.800049     8669497
2022-10-19 14:32:00-04:00  3689.820068  3691.699951  3689.739990  3691.280029  3691.280029     7838874
2022-10-19 14:34:00-04:00  3691.320068  3692.649902  3691.090088  3691.969971  3691.969971     5804567
2022-10-19 14:36:00-04:00  3691.949951  3692.159912  3688.709961  3689.550049  3689.550049     7112370
2022-10-19 14:38:00-04:00  3689.530029  3689.709961  3688.459961  3688.709961  3688.709961     5527984
2022-10-19 14:40:00-04:00  3688.689941  3688.939941  3686.070068  3686.129883  3686.129883     4094609
2022-10-19 14:42:00-04:00  3686.159912  3690.030029  3685.979980  3687.229980  3687.229980  1542742667
2022-10-19 14:44:00-04:00  3687.250000  3687.250000  3685.270020  3685.270020  3685.270020     6270644
2022-10-19 14:46:00-04:00  3685.270020  3685.860107  3683.550049  3684.489990  3684.489990     7261995
2022-10-19 14:48:00-04:00  3684.570068  3686.469971  3682.979980  3683.840088  3683.840088     8134640
2022-10-19 14:50:00-04:00  3683.810059  3684.040039  3682.649902  3682.699951  3682.699951     6248686
2022-10-19 14:52:00-04:00  3682.669922  3683.520020  3682.350098  3682.429932  3682.429932     6527564
2022-10-19 14:54:00-04:00  3682.370117  3683.100098  3682.129883  3682.679932  3682.679932     6440569
2022-10-19 14:56:00-04:00  3682.699951  3684.459961  3681.610107  3682.179932  3682.179932    10589961
2022-10-19 14:58:00-04:00  3682.120117  3682.620117  3681.750000  3682.409912  3682.409912     7886123
2022-10-19 15:00:00-04:00  3682.449951  3683.159912  3680.959961  3682.120117  3682.120117     9187461
2022-10-19 15:02:00-04:00  3682.090088  3687.800049  3681.949951  3687.050049  3687.050049    11400531
2022-10-19 15:04:00-04:00  3687.010010  3687.010010  3682.350098  3685.040039  3685.040039     9435326
2022-10-19 15:06:00-04:00  3684.850098  3684.860107  3680.219971  3680.679932  3680.679932     9116019
2022-10-19 15:08:00-04:00  3680.580078  3686.969971  3680.570068  3686.689941  3686.689941    10667407
2022-10-19 15:10:00-04:00  3686.790039  3688.959961  3686.790039  3688.560059  3688.560059     9967968
2022-10-19 15:12:00-04:00  3688.570068  3689.100098  3687.020020  3687.669922  3687.669922     8887047
2022-10-19 15:14:00-04:00  3687.719971  3693.330078  3687.719971  3693.330078  3693.330078    12748043
2022-10-19 15:16:00-04:00  3693.500000  3696.929932  3691.850098  3694.350098  3694.350098     8900012
2022-10-19 15:18:00-04:00  3695.219971  3695.840088  3694.330078  3695.540039  3695.540039    11357190
2022-10-19 15:20:00-04:00  3695.550049  3695.949951  3694.830078  3695.719971  3695.719971     8520301
2022-10-19 15:22:00-04:00  3695.699951  3696.060059  3691.959961  3692.209961  3692.209961           0
2022-10-19 15:24:00-04:00  3690.820068  3692.040039  3690.020020  3691.979980  3691.979980  1732617865
2022-10-19 15:26:00-04:00  3692.040039  3692.040039  3688.510010  3688.760010  3688.760010    12445623
2022-10-19 15:28:00-04:00  3688.719971  3688.719971  3685.729980  3687.610107  3687.610107    10577292
2022-10-19 15:30:00-04:00  3687.600098  3688.790039  3685.250000  3687.540039  3687.540039    13940382
2022-10-19 15:32:00-04:00  3687.729980  3688.919922  3686.610107  3688.149902  3688.149902    10953892
2022-10-19 15:34:00-04:00  3688.189941  3689.590088  3687.060059  3687.989990  3687.989990    11765538
2022-10-19 15:36:00-04:00  3687.969971  3690.929932  3687.750000  3690.800049  3690.800049    12976073
2022-10-19 15:38:00-04:00  3690.879883  3691.129883  3687.100098  3687.239990  3687.239990    14906758
2022-10-19 15:40:00-04:00  3687.290039  3691.739990  3687.239990  3690.320068  3690.320068    15121971
2022-10-19 15:42:00-04:00  3690.540039  3690.620117  3687.129883  3688.850098  3688.850098    14283674
2022-10-19 15:44:00-04:00  3688.879883  3689.669922  3687.919922  3687.919922  3687.919922     6847952
2022-10-19 15:46:00-04:00  3686.729980  3690.909912  3684.610107  3690.600098  3690.600098  1885411401
2022-10-19 15:48:00-04:00  3690.540039  3691.179932  3687.179932  3687.939941  3687.939941    16719785
2022-10-19 15:50:00-04:00  3687.909912  3690.520020  3685.399902  3686.209961  3686.209961    29527727
2022-10-19 15:52:00-04:00  3686.239990  3689.429932  3685.679932  3689.199951  3689.199951    24430689
2022-10-19 15:54:00-04:00  3689.159912  3692.949951  3689.159912  3692.280029  3692.280029    37363113
2022-10-19 15:56:00-04:00  3692.389893  3694.090088  3691.610107  3693.860107  3693.860107    37061631
2022-10-19 15:58:00-04:00  3693.889893  3696.949951  3692.989990  3695.959961  3695.959961    60334643
2022-10-20 09:30:00-04:00  3689.050049  3695.570068  3689.050049  3690.879883  3690.879883    14368142
2022-10-20 09:32:00-04:00  3690.760010  3693.379883  3685.580078  3693.360107  3693.360107    16509638
2022-10-20 09:34:00-04:00  3693.479980  3695.040039  3685.229980  3686.379883  3686.379883    28281898
2022-10-20 09:36:00-04:00  3686.629883  3689.570068  3682.649902  3683.800049  3683.800049    19243138
2022-10-20 09:38:00-04:00  3683.929932  3689.090088  3683.550049  3683.870117  3683.870117    20259245
2022-10-20 09:40:00-04:00  3683.620117  3690.100098  3680.590088  3689.870117  3689.870117    22969246
2022-10-20 09:42:00-04:00  3689.719971  3689.870117  3687.110107  3687.689941  3687.689941    19703524
2022-10-20 09:44:00-04:00  3687.899902  3695.870117  3685.189941  3695.600098  3695.600098    21988642
2022-10-20 09:46:00-04:00  3695.689941  3701.120117  3695.040039  3700.649902  3700.649902    21141586
2022-10-20 09:48:00-04:00  3700.590088  3700.590088  3696.100098  3699.300049  3699.300049    18961158
2022-10-20 09:50:00-04:00  3699.330078  3705.010010  3698.600098  3704.590088  3704.590088    19752164
2022-10-20 09:52:00-04:00  3704.580078  3707.070068  3704.189941  3705.159912  3705.159912    16598845
2022-10-20 09:54:00-04:00  3705.070068  3705.159912  3702.729980  3704.719971  3704.719971    13006607
2022-10-20 09:56:00-04:00  3705.840088  3708.090088  3705.760010  3706.600098  3706.600098    47975710
2022-10-20 09:58:00-04:00  3706.629883  3706.629883  3700.800049  3700.899902  3700.899902    15310359
2022-10-20 10:00:00-04:00  3700.850098  3707.729980  3700.280029  3707.030029  3707.030029    19518170
2022-10-20 10:02:00-04:00  3706.939941  3712.600098  3706.729980  3711.860107  3711.860107    16699913
2022-10-20 10:04:00-04:00  3711.929932  3717.659912  3711.929932  3717.520020  3717.520020    16726099
2022-10-20 10:06:00-04:00  3717.889893  3721.629883  3717.219971  3720.530029  3720.530029    17303130
2022-10-20 10:08:00-04:00  3720.600098  3725.570068  3719.000000  3724.610107  3724.610107    17593197
2022-10-20 10:10:00-04:00  3724.679932  3727.570068  3724.169922  3726.560059  3726.560059    16828808
2022-10-20 10:12:00-04:00  3726.580078  3726.780029  3723.419922  3723.620117  3723.620117    14581039
2022-10-20 10:14:00-04:00  3723.459961  3725.620117  3720.209961  3725.320068  3725.320068    17126485
2022-10-20 10:16:00-04:00  3725.320068  3725.770020  3721.800049  3725.489990  3725.489990    13643362
2022-10-20 10:18:00-04:00  3725.830078  3733.110107  3724.239990  3732.219971  3732.219971    11281037
2022-10-20 10:20:00-04:00  3735.350098  3735.389893  3733.040039  3735.189941  3735.189941    20312083
2022-10-20 10:22:00-04:00  3735.050049  3735.060059  3731.330078  3731.739990  3731.739990    12402336
2022-10-20 10:24:00-04:00  3731.729980  3734.030029  3730.610107  3730.610107  3730.610107    11531835
2022-10-20 10:26:00-04:00  3730.649902  3732.080078  3727.469971  3728.000000  3728.000000    11356825
2022-10-20 10:28:00-04:00  3727.939941  3731.719971  3727.939941  3731.510010  3731.510010    10667879
2022-10-20 10:30:00-04:00  3731.530029  3734.169922  3723.449951  3723.610107  3723.610107    15261756
2022-10-20 10:32:00-04:00  3723.370117  3723.370117  3720.949951  3721.429932  3721.429932    11959577
2022-10-20 10:34:00-04:00  3721.469971  3723.550049  3720.850098  3722.100098  3722.100098    11390862
2022-10-20 10:36:00-04:00  3722.209961  3723.820068  3721.620117  3722.719971  3722.719971    11370199
2022-10-20 10:38:00-04:00  3722.679932  3724.350098  3722.649902  3723.629883  3723.629883    11295620
2022-10-20 10:40:00-04:00  3723.629883  3724.060059  3717.550049  3718.669922  3718.669922    12261226
2022-10-20 10:42:00-04:00  3718.909912  3721.270020  3717.669922  3720.290039  3720.290039    10931684
2022-10-20 10:44:00-04:00  3720.590088  3721.500000  3719.530029  3720.760010  3720.760010     7642138
2022-10-20 10:46:00-04:00  3721.800049  3723.750000  3721.800049  3723.679932  3723.679932     8841376
2022-10-20 10:48:00-04:00  3724.520020  3724.979980  3722.909912  3723.260010  3723.260010   721080604
2022-10-20 10:50:00-04:00  3723.280029  3725.610107  3722.120117  3724.709961  3724.709961    11365527
2022-10-20 10:52:00-04:00  3724.649902  3725.310059  3722.270020  3722.479980  3722.479980    10129498
2022-10-20 10:54:00-04:00  3722.489990  3723.120117  3720.580078  3721.810059  3721.810059    10369980
2022-10-20 10:56:00-04:00  3721.669922  3728.090088  3721.379883  3728.060059  3728.060059    10491593
2022-10-20 10:58:00-04:00  3728.060059  3729.590088  3727.239990  3729.489990  3729.489990    10151952
2022-10-20 11:00:00-04:00  3729.479980  3729.989990  3726.189941  3726.370117  3726.370117   785851557
2022-10-20 11:02:00-04:00  3726.540039  3727.010010  3725.159912  3725.510010  3725.510010   796119003
2022-10-20 11:04:00-04:00  3725.540039  3727.030029  3723.629883  3725.820068  3725.820068    11738204
2022-10-20 11:06:00-04:00  3725.879883  3727.489990  3725.310059  3726.030029  3726.030029     8423266
2022-10-20 11:08:00-04:00  3726.040039  3727.360107  3725.100098  3727.300049  3727.300049     9677927
2022-10-20 11:10:00-04:00  3727.340088  3727.709961  3725.959961  3727.580078  3727.580078     9437261
2022-10-20 11:12:00-04:00  3727.639893  3729.280029  3726.080078  3728.879883  3728.879883    11107479
2022-10-20 11:14:00-04:00  3728.879883  3728.939941  3724.120117  3724.290039  3724.290039    10642585
2022-10-20 11:16:00-04:00  3724.389893  3725.560059  3722.850098  3722.969971  3722.969971     8722495
2022-10-20 11:18:00-04:00  3722.989990  3722.989990  3718.649902  3718.979980  3718.979980    12333365
2022-10-20 11:20:00-04:00  3719.070068  3719.750000  3717.570068  3717.840088  3717.840088    10495706
2022-10-20 11:22:00-04:00  3717.810059  3721.050049  3717.790039  3721.050049  3721.050049     8940163
2022-10-20 11:24:00-04:00  3721.090088  3721.689941  3719.570068  3720.060059  3720.060059     8877009
2022-10-20 11:26:00-04:00  3720.100098  3720.159912  3714.280029  3714.449951  3714.449951    11572767
2022-10-20 11:28:00-04:00  3714.750000  3714.909912  3709.719971  3713.239990  3713.239990    13311531
2022-10-20 11:30:00-04:00  3713.169922  3716.530029  3712.889893  3716.360107  3716.360107    11281284
2022-10-20 11:32:00-04:00  3716.370117  3719.540039  3715.780029  3715.830078  3715.830078    11406412
2022-10-20 11:34:00-04:00  3715.870117  3718.959961  3715.870117  3718.959961  3718.959961     6743227
2022-10-20 11:36:00-04:00  3719.590088  3720.699951  3718.959961  3720.699951  3720.699951     6284877
2022-10-20 11:38:00-04:00  3723.330078  3723.750000  3722.439941  3722.649902  3722.649902   979623196
2022-10-20 11:40:00-04:00  3722.610107  3724.290039  3721.850098  3723.899902  3723.899902     8069139
2022-10-20 11:42:00-04:00  3723.919922  3723.939941  3721.600098  3721.870117  3721.870117     8156908
2022-10-20 11:44:00-04:00  3722.020020  3722.070068  3719.860107  3720.050049  3720.050049     7404421
2022-10-20 11:46:00-04:00  3720.139893  3720.389893  3717.750000  3718.850098  3718.850098    10163726
2022-10-20 11:48:00-04:00  3718.489990  3720.939941  3717.989990  3720.709961  3720.709961     8954808
2022-10-20 11:50:00-04:00  3720.659912  3721.879883  3719.300049  3721.879883  3721.879883     8089066
2022-10-20 11:52:00-04:00  3721.899902  3722.770020  3720.429932  3721.879883  3721.879883     8508083
2022-10-20 11:54:00-04:00  3721.860107  3721.860107  3717.939941  3718.750000  3718.750000     8778560
2022-10-20 11:56:00-04:00  3718.719971  3719.530029  3713.350098  3713.550049  3713.550049    10941457
2022-10-20 11:58:00-04:00  3713.659912  3714.100098  3712.570068  3712.770020  3712.770020     9252523
2022-10-20 12:00:00-04:00  3712.750000  3713.000000  3704.939941  3706.139893  3706.139893  1078979498
2022-10-20 12:02:00-04:00  3704.610107  3706.879883  3704.389893  3706.189941  3706.189941    11935243
2022-10-20 12:04:00-04:00  3706.060059  3706.889893  3705.260010  3706.820068  3706.820068     7947709
2022-10-20 12:06:00-04:00  3706.750000  3706.840088  3700.580078  3700.919922  3700.919922     9618291
2022-10-20 12:08:00-04:00  3700.919922  3700.919922  3696.879883  3697.969971  3697.969971     9754349
2022-10-20 12:10:00-04:00  3697.949951  3699.429932  3696.870117  3698.360107  3698.360107     8235683
2022-10-20 12:12:00-04:00  3698.310059  3698.310059  3695.139893  3697.580078  3697.580078     9003721
2022-10-20 12:14:00-04:00  3697.699951  3699.229980  3696.510010  3699.120117  3699.120117     8349421
2022-10-20 12:16:00-04:00  3699.330078  3702.060059  3698.949951  3701.459961  3701.459961    10013201
2022-10-20 12:18:00-04:00  3701.439941  3702.439941  3701.010010  3701.159912  3701.159912     8122745
2022-10-20 12:20:00-04:00  3700.919922  3700.919922  3693.260010  3694.260010  3694.260010    10405158
2022-10-20 12:22:00-04:00  3692.850098  3698.020020  3692.739990  3695.120117  3695.120117    11541921
2022-10-20 12:24:00-04:00  3695.479980  3695.659912  3693.429932  3693.610107  3693.610107     8120205
2022-10-20 12:26:00-04:00  3693.639893  3693.899902  3689.969971  3689.969971  3689.969971     8724809
2022-10-20 12:28:00-04:00  3690.030029  3692.520020  3689.070068  3691.810059  3691.810059     9397692
2022-10-20 12:30:00-04:00  3691.760010  3692.639893  3689.919922  3692.639893  3692.639893     8557362
2022-10-20 12:32:00-04:00  3692.649902  3694.600098  3692.260010  3694.199951  3694.199951     6626022
2022-10-20 12:34:00-04:00  3694.250000  3694.250000  3690.679932  3692.510010  3692.510010     7233346
2022-10-20 12:36:00-04:00  3692.370117  3692.370117  3689.919922  3690.840088  3690.840088     6822229
2022-10-20 12:38:00-04:00  3690.830078  3690.870117  3687.040039  3688.040039  3688.040039     8854304
2022-10-20 12:40:00-04:00  3688.040039  3690.540039  3688.000000  3690.540039  3690.540039     5785768
2022-10-20 12:42:00-04:00  3690.850098  3690.979980  3688.159912  3688.159912  3688.159912     9913843
2022-10-20 12:44:00-04:00  3688.239990  3688.830078  3684.870117  3684.870117  3684.870117     9072121
2022-10-20 12:46:00-04:00  3684.350098  3685.290039  3682.399902  3682.540039  3682.540039     8721183
2022-10-20 12:48:00-04:00  3682.530029  3685.149902  3682.020020  3685.100098  3685.100098     3854833
2022-10-20 12:50:00-04:00  3686.510010  3687.050049  3685.679932  3686.280029  3686.280029  1297648225
2022-10-20 12:52:00-04:00  3686.300049  3687.689941  3683.899902  3684.050049  3684.050049     7485915
2022-10-20 12:54:00-04:00  3684.010010  3685.659912  3683.120117  3683.600098  3683.600098     8070473
2022-10-20 12:56:00-04:00  3683.639893  3688.679932  3683.500000  3688.379883  3688.379883     8218162
2022-10-20 12:58:00-04:00  3688.399902  3688.929932  3687.189941  3688.929932  3688.929932     7243819
2022-10-20 13:00:00-04:00  3688.899902  3688.899902  3685.469971  3686.120117  3686.120117     7479065
2022-10-20 13:02:00-04:00  3686.149902  3689.840088  3686.149902  3688.429932  3688.429932     8828911
2022-10-20 13:04:00-04:00  3688.560059  3689.679932  3686.239990  3686.510010  3686.510010     8126557
2022-10-20 13:06:00-04:00  3686.540039  3686.760010  3674.429932  3675.120117  3675.120117    13702955
2022-10-20 13:08:00-04:00  3675.129883  3676.790039  3674.209961  3676.280029  3676.280029     9596145
2022-10-20 13:10:00-04:00  3676.270020  3682.760010  3674.989990  3682.310059  3682.310059    10399276
2022-10-20 13:12:00-04:00  3682.280029  3682.280029  3680.070068  3680.100098  3680.100098     6834546
2022-10-20 13:14:00-04:00  3680.100098  3680.270020  3677.010010  3677.350098  3677.350098     7642927
2022-10-20 13:16:00-04:00  3677.350098  3680.179932  3676.649902  3677.959961  3677.959961     8441930
2022-10-20 13:18:00-04:00  3677.889893  3678.439941  3676.330078  3677.320068  3677.320068     5863181
2022-10-20 13:20:00-04:00  3677.250000  3679.780029  3675.679932  3679.780029  3679.780029     8227078
2022-10-20 13:22:00-04:00  3679.530029  3683.280029  3679.050049  3679.649902  3679.649902    11109474
2022-10-20 13:24:00-04:00  3679.689941  3681.310059  3678.479980  3681.000000  3681.000000     7632589
2022-10-20 13:26:00-04:00  3681.070068  3682.129883  3679.639893  3681.459961  3681.459961     9755389
2022-10-20 13:28:00-04:00  3681.439941  3682.530029  3680.659912  3681.699951  3681.699951     7793616
2022-10-20 13:30:00-04:00  3681.580078  3681.820068  3676.979980  3679.469971  3679.469971     7436668
2022-10-20 13:32:00-04:00  3678.379883  3679.750000  3678.000000  3678.729980  3678.729980     8385489
2022-10-20 13:34:00-04:00  3678.729980  3679.110107  3677.419922  3678.199951  3678.199951     7621549
2022-10-20 13:36:00-04:00  3678.459961  3681.570068  3678.459961  3680.209961  3680.209961     8481482
2022-10-20 13:38:00-04:00  3680.169922  3680.379883  3678.080078  3678.989990  3678.989990     6579068
2022-10-20 13:40:00-04:00  3678.989990  3678.989990  3675.540039  3675.540039  3675.540039     8040422
2022-10-20 13:42:00-04:00  3675.560059  3679.659912  3673.590088  3678.629883  3678.629883     9655690
2022-10-20 13:44:00-04:00  3678.550049  3678.669922  3674.850098  3674.959961  3674.959961     6416983
2022-10-20 13:46:00-04:00  3674.899902  3677.159912  3672.120117  3672.760010  3672.760010     9069791
2022-10-20 13:48:00-04:00  3672.820068  3673.060059  3667.189941  3667.570068  3667.570068    11039101
2022-10-20 13:50:00-04:00  3667.600098  3668.320068  3664.600098  3668.320068  3668.320068    12136705
2022-10-20 13:52:00-04:00  3668.379883  3669.060059  3666.419922  3668.379883  3668.379883     7620265
2022-10-20 13:54:00-04:00  3668.570068  3668.649902  3665.830078  3666.050049  3666.050049     6426317
2022-10-20 13:56:00-04:00  3666.000000  3669.300049  3665.040039  3669.040039  3669.040039     7694632
2022-10-20 13:58:00-04:00  3669.120117  3670.909912  3668.429932  3670.840088  3670.840088     7052609
2022-10-20 14:00:00-04:00  3670.850098  3671.679932  3668.840088  3669.639893  3669.639893     8066398
2022-10-20 14:02:00-04:00  3669.649902  3670.500000  3667.449951  3668.959961  3668.959961     6671020
2022-10-20 14:04:00-04:00  3668.959961  3668.959961  3665.199951  3666.669922  3666.669922     7506173
2022-10-20 14:06:00-04:00  3666.649902  3668.389893  3664.280029  3664.280029  3664.280029     7371129
2022-10-20 14:08:00-04:00  3664.219971  3664.260010  3661.179932  3663.320068  3663.320068     8495505
2022-10-20 14:10:00-04:00  3663.419922  3664.510010  3660.280029  3660.300049  3660.300049     7772088
2022-10-20 14:12:00-04:00  3660.229980  3660.939941  3659.610107  3659.979980  3659.979980     6705749
2022-10-20 14:14:00-04:00  3659.860107  3662.760010  3659.280029  3662.760010  3662.760010     9455074
2022-10-20 14:16:00-04:00  3662.790039  3663.340088  3660.679932  3662.239990  3662.239990     7908439
2022-10-20 14:18:00-04:00  3662.250000  3663.020020  3661.669922  3662.010010  3662.010010     6222438
2022-10-20 14:20:00-04:00  3662.090088  3662.419922  3658.840088  3658.879883  3658.879883     8574736
2022-10-20 14:22:00-04:00  3658.919922  3662.860107  3658.889893  3660.560059  3660.560059     8997590
2022-10-20 14:24:00-04:00  3660.409912  3660.409912  3657.520020  3657.560059  3657.560059     8374704
2022-10-20 14:26:00-04:00  3657.520020  3660.000000  3657.360107  3658.179932  3658.179932     7428956
2022-10-20 14:28:00-04:00  3658.270020  3659.600098  3656.989990  3658.050049  3658.050049     7975376
2022-10-20 14:30:00-04:00  3657.860107  3659.540039  3656.689941  3657.820068  3657.820068     8052168
2022-10-20 14:32:00-04:00  3657.820068  3662.570068  3657.459961  3662.560059  3662.560059     7689226
2022-10-20 14:34:00-04:00  3662.560059  3665.500000  3662.449951  3663.489990  3663.489990     9764095
2022-10-20 14:36:00-04:00  3663.479980  3666.250000  3662.929932  3665.949951  3665.949951     8112350
2022-10-20 14:38:00-04:00  3666.050049  3666.050049  3662.780029  3663.459961  3663.459961     7919142
2022-10-20 14:40:00-04:00  3663.520020  3663.790039  3661.919922  3662.739990  3662.739990     7108353
2022-10-20 14:42:00-04:00  3662.699951  3662.750000  3658.179932  3658.739990  3658.739990     8125366
2022-10-20 14:44:00-04:00  3658.719971  3661.239990  3656.719971  3657.659912  3657.659912     9413000
2022-10-20 14:46:00-04:00  3657.639893  3660.669922  3656.879883  3660.669922  3660.669922     8928058
2022-10-20 14:48:00-04:00  3660.800049  3662.229980  3660.370117  3660.600098  3660.600098     8191384
2022-10-20 14:50:00-04:00  3660.590088  3661.040039  3658.379883  3661.040039  3661.040039     8061269
2022-10-20 14:52:00-04:00  3661.050049  3665.909912  3661.000000  3665.909912  3665.909912     9536874
2022-10-20 14:54:00-04:00  3666.010010  3666.800049  3665.719971  3665.739990  3665.739990     7446231
2022-10-20 14:56:00-04:00  3665.770020  3670.080078  3665.570068  3670.040039  3670.040039     9132119
2022-10-20 14:58:00-04:00  3670.050049  3671.580078  3666.649902  3666.659912  3666.659912    10230835
2022-10-20 15:00:00-04:00  3666.669922  3669.580078  3666.489990  3668.649902  3668.649902     6458313
2022-10-20 15:02:00-04:00  3668.149902  3669.080078  3667.580078  3668.989990  3668.989990     9685224
2022-10-20 15:04:00-04:00  3669.030029  3669.239990  3666.320068  3668.719971  3668.719971     9004137
2022-10-20 15:06:00-04:00  3668.649902  3675.739990  3667.350098  3673.800049  3673.800049    12859489
2022-10-20 15:08:00-04:00  3673.719971  3675.879883  3672.739990  3674.219971  3674.219971    10757903
2022-10-20 15:10:00-04:00  3674.270020  3675.020020  3671.139893  3672.290039  3672.290039    10596802
2022-10-20 15:12:00-04:00  3672.310059  3673.159912  3669.520020  3671.879883  3671.879883    10097217
2022-10-20 15:14:00-04:00  3671.860107  3672.469971  3670.090088  3670.919922  3670.919922     8176985
2022-10-20 15:16:00-04:00  3670.820068  3671.040039  3667.639893  3667.969971  3667.969971    11663794
2022-10-20 15:18:00-04:00  3667.860107  3668.040039  3665.919922  3665.989990  3665.989990    10335232
2022-10-20 15:20:00-04:00  3665.989990  3666.139893  3662.020020  3662.070068  3662.070068     8049918
2022-10-20 15:22:00-04:00  3661.260010  3661.760010  3660.820068  3661.209961  3661.209961    11228280
2022-10-20 15:24:00-04:00  3663.560059  3664.800049  3662.370117  3662.370117  3662.370117    14629495
2022-10-20 15:26:00-04:00  3662.360107  3664.350098  3660.610107  3660.610107  3660.610107    11776967
2022-10-20 15:28:00-04:00  3660.260010  3663.540039  3659.600098  3663.340088  3663.340088    10626598
2022-10-20 15:30:00-04:00  3663.149902  3663.360107  3657.850098  3657.850098  3657.850098    14038118
2022-10-20 15:32:00-04:00  3657.780029  3659.810059  3657.610107  3659.800049  3659.800049  2011466727
2022-10-20 15:34:00-04:00  3659.620117  3659.939941  3656.500000  3656.610107  3656.610107  2023409917
2022-10-20 15:36:00-04:00  3656.600098  3662.060059  3656.439941  3659.810059  3659.810059    15458848
2022-10-20 15:38:00-04:00  3659.860107  3663.550049  3658.709961  3659.659912  3659.659912    13933152
2022-10-20 15:40:00-04:00  3659.729980  3662.060059  3658.689941  3661.030029  3661.030029    12369289
2022-10-20 15:42:00-04:00  3661.199951  3664.699951  3659.520020  3664.699951  3664.699951    14730362
2022-10-20 15:44:00-04:00  3664.669922  3666.290039  3663.879883  3664.239990  3664.239990     7356437
2022-10-20 15:46:00-04:00  3662.679932  3668.370117  3662.090088  3668.370117  3668.370117  2115585496
2022-10-20 15:48:00-04:00  3668.419922  3668.959961  3665.050049  3667.290039  3667.290039    18946199
2022-10-20 15:50:00-04:00  3667.300049  3670.429932  3667.070068  3669.770020  3669.770020    28012999
2022-10-20 15:52:00-04:00  3669.830078  3674.179932  3668.500000  3674.179932  3674.179932    25831654
2022-10-20 15:54:00-04:00  3674.219971  3675.189941  3668.360107  3669.100098  3669.100098    40962052
2022-10-20 15:56:00-04:00  3669.649902  3671.649902  3667.939941  3668.520020  3668.520020    41796706
2022-10-20 15:58:00-04:00  3668.489990  3668.580078  3664.110107  3665.229980  3665.229980    64863178
2022-10-21 09:30:00-04:00  3657.100098  3659.689941  3647.419922  3659.689941  3659.689941   134796609
2022-10-21 09:32:00-04:00  3659.709961  3665.949951  3658.959961  3660.270020  3660.270020    20747593
2022-10-21 09:34:00-04:00  3657.060059  3657.830078  3650.649902  3652.659912  3652.659912   216597902
2022-10-21 09:36:00-04:00  3652.750000  3666.100098  3652.750000  3665.989990  3665.989990    22532671
2022-10-21 09:38:00-04:00  3666.820068  3667.020020  3658.699951  3662.169922  3662.169922    18981417
2022-10-21 09:40:00-04:00  3662.350098  3662.350098  3655.429932  3656.010010  3656.010010    20729217
2022-10-21 09:42:00-04:00  3654.939941  3662.189941  3651.560059  3661.570068  3661.570068    17686773
2022-10-21 09:44:00-04:00  3661.399902  3683.429932  3661.399902  3680.919922  3680.919922   322896042
2022-10-21 09:46:00-04:00  3681.360107  3687.290039  3681.360107  3684.870117  3684.870117    20087828
2022-10-21 09:48:00-04:00  3684.719971  3684.719971  3675.780029  3680.179932  3680.179932    19245132
2022-10-21 09:50:00-04:00  3681.350098  3682.020020  3675.790039  3676.620117  3676.620117    16067799
2022-10-21 09:52:00-04:00  3676.610107  3693.239990  3676.610107  3692.199951  3692.199951    17686045
2022-10-21 09:54:00-04:00  3692.159912  3692.969971  3687.669922  3688.020020  3688.020020    15384225
2022-10-21 09:56:00-04:00  3687.709961  3692.629883  3687.229980  3692.469971  3692.469971    16563390
2022-10-21 09:58:00-04:00  3692.530029  3700.909912  3692.510010  3700.909912  3700.909912    16878597
2022-10-21 10:00:00-04:00  3701.020020  3703.989990  3699.699951  3700.870117  3700.870117    20344697
2022-10-21 10:02:00-04:00  3700.939941  3702.270020  3698.600098  3702.250000  3702.250000    16071756
2022-10-21 10:04:00-04:00  3702.149902  3705.719971  3700.939941  3705.719971  3705.719971    16573263
2022-10-21 10:06:00-04:00  3705.689941  3715.280029  3705.689941  3712.689941  3712.689941    19707898
2022-10-21 10:08:00-04:00  3712.959961  3715.260010  3709.770020  3710.439941  3710.439941    14140273
2022-10-21 10:10:00-04:00  3712.639893  3712.780029  3705.989990  3705.989990  3705.989990    19486359
2022-10-21 10:12:00-04:00  3705.750000  3709.340088  3705.750000  3708.350098  3708.350098    13308661
2022-10-21 10:14:00-04:00  3708.270020  3709.389893  3705.290039  3707.489990  3707.489990    10719411
2022-10-21 10:16:00-04:00  3706.830078  3706.840088  3702.870117  3703.949951  3703.949951    14392866
2022-10-21 10:18:00-04:00  3705.590088  3705.979980  3703.790039  3704.709961  3704.709961    15339304
2022-10-21 10:20:00-04:00  3704.689941  3707.260010  3698.639893  3698.739990  3698.739990    13751315
2022-10-21 10:22:00-04:00  3698.719971  3702.919922  3697.939941  3697.939941  3697.939941    12270091
2022-10-21 10:24:00-04:00  3697.949951  3697.949951  3687.050049  3687.820068  3687.820068    17929745
2022-10-21 10:26:00-04:00  3688.100098  3689.110107  3684.860107  3687.979980  3687.979980    13371300
2022-10-21 10:28:00-04:00  3687.850098  3687.850098  3683.169922  3683.219971  3683.219971   675014934
2022-10-21 10:30:00-04:00  3683.189941  3690.510010  3683.120117  3686.959961  3686.959961    15965023
2022-10-21 10:32:00-04:00  3687.090088  3689.560059  3684.030029  3684.949951  3684.949951    11915033
2022-10-21 10:34:00-04:00  3684.570068  3684.570068  3676.070068  3676.070068  3676.070068    15250802
2022-10-21 10:36:00-04:00  3675.959961  3681.419922  3673.820068  3681.000000  3681.000000    15033955
2022-10-21 10:38:00-04:00  3680.909912  3681.909912  3677.280029  3680.120117  3680.120117    12323210
2022-10-21 10:40:00-04:00  3680.469971  3686.620117  3680.370117  3686.310059  3686.310059    13142117
2022-10-21 10:42:00-04:00  3686.370117  3686.370117  3679.969971  3681.530029  3681.530029    11155767
2022-10-21 10:44:00-04:00  3681.280029  3686.030029  3677.929932  3685.649902  3685.649902    13775465
2022-10-21 10:46:00-04:00  3685.709961  3690.889893  3685.110107  3689.860107  3689.860107    15225744
2022-10-21 10:48:00-04:00  3689.840088  3691.139893  3684.340088  3691.139893  3691.139893    12802223
2022-10-21 10:50:00-04:00  3690.979980  3693.979980  3689.530029  3690.280029  3690.280029    12628127
2022-10-21 10:52:00-04:00  3690.360107  3694.080078  3689.620117  3692.090088  3692.090088   831770957
2022-10-21 10:54:00-04:00  3690.459961  3691.979980  3687.520020  3687.689941  3687.689941    14774433
2022-10-21 10:56:00-04:00  3686.709961  3687.169922  3679.800049  3679.860107  3679.860107    11911701
2022-10-21 10:58:00-04:00  3679.820068  3681.489990  3676.080078  3677.320068  3677.320068    12236007
2022-10-21 11:00:00-04:00  3677.510010  3678.590088  3671.540039  3671.540039  3671.540039    11076129
2022-10-21 11:02:00-04:00  3670.530029  3674.100098  3668.870117  3673.290039  3673.290039     6386525
2022-10-21 11:04:00-04:00  3670.040039  3674.100098  3669.370117  3672.209961  3672.209961   904216854
2022-10-21 11:06:00-04:00  3672.290039  3674.500000  3670.209961  3673.000000  3673.000000    10810437
2022-10-21 11:08:00-04:00  3672.969971  3677.169922  3671.679932  3676.489990  3676.489990     9526569
2022-10-21 11:10:00-04:00  3676.520020  3683.439941  3676.340088  3682.149902  3682.149902    13620601
2022-10-21 11:12:00-04:00  3682.169922  3682.750000  3677.159912  3677.159912  3677.159912    10323545
2022-10-21 11:14:00-04:00  3677.209961  3681.969971  3677.209961  3681.159912  3681.159912     9411156
2022-10-21 11:16:00-04:00  3681.139893  3682.889893  3678.189941  3682.199951  3682.199951     9018570
2022-10-21 11:18:00-04:00  3682.189941  3683.209961  3677.610107  3677.770020  3677.770020     9872151
2022-10-21 11:20:00-04:00  3677.770020  3685.870117  3673.770020  3685.739990  3685.739990    13776098
2022-10-21 11:22:00-04:00  3685.760010  3685.810059  3683.040039  3684.590088  3684.590088     8615197
2022-10-21 11:24:00-04:00  3684.850098  3685.280029  3679.659912  3684.959961  3684.959961    11597570
2022-10-21 11:26:00-04:00  3685.199951  3690.129883  3685.199951  3685.459961  3685.459961    12080767
2022-10-21 11:28:00-04:00  3685.459961  3688.810059  3683.979980  3687.530029  3687.530029     8680122
2022-10-21 11:30:00-04:00  3687.610107  3698.159912  3687.260010  3696.629883  3696.629883    14583927
2022-10-21 11:32:00-04:00  3696.790039  3699.629883  3695.979980  3699.270020  3699.270020     7526028
2022-10-21 11:34:00-04:00  3698.199951  3698.379883  3694.719971  3694.719971  3694.719971    14676453
2022-10-21 11:36:00-04:00  3694.739990  3695.030029  3687.629883  3688.189941  3688.189941    10864557
2022-10-21 11:38:00-04:00  3688.189941  3688.850098  3686.699951  3687.770020  3687.770020     7508297
2022-10-21 11:40:00-04:00  3687.709961  3693.540039  3687.340088  3691.800049  3691.800049    10427246
2022-10-21 11:42:00-04:00  3691.860107  3697.570068  3691.800049  3697.510010  3697.510010     9730351
2022-10-21 11:44:00-04:00  3697.719971  3703.189941  3697.719971  3701.659912  3701.659912    11208800
2022-10-21 11:46:00-04:00  3702.110107  3705.310059  3697.959961  3702.489990  3702.489990    17238182
2022-10-21 11:48:00-04:00  3703.080078  3703.929932  3701.229980  3701.719971  3701.719971     4129441
2022-10-21 11:50:00-04:00  3704.780029  3707.689941  3702.850098  3703.379883  3703.379883  1156793870
2022-10-21 11:52:00-04:00  3703.389893  3703.840088  3701.129883  3703.129883  3703.129883     9651902
2022-10-21 11:54:00-04:00  3703.090088  3704.750000  3701.139893  3703.330078  3703.330078     9283425
2022-10-21 11:56:00-04:00  3703.489990  3708.399902  3703.340088  3706.149902  3706.149902    10454370
2022-10-21 11:58:00-04:00  3706.419922  3709.399902  3705.370117  3709.399902  3709.399902     9652952
2022-10-21 12:00:00-04:00  3710.030029  3717.070068  3710.030029  3716.060059  3716.060059    16030778
2022-10-21 12:02:00-04:00  3716.050049  3719.969971  3715.620117  3719.280029  3719.280029    12396337
2022-10-21 12:04:00-04:00  3719.310059  3721.429932  3715.500000  3716.419922  3716.419922    13010540
2022-10-21 12:06:00-04:00  3716.129883  3716.129883  3713.360107  3713.449951  3713.449951  1246237235
2022-10-21 12:08:00-04:00  3714.330078  3715.639893  3713.620117  3713.620117  3713.620117    10856806
2022-10-21 12:10:00-04:00  3713.350098  3713.719971  3709.239990  3709.530029  3709.530029     9858476
2022-10-21 12:12:00-04:00  3709.520020  3711.600098  3706.639893  3709.649902  3709.649902     9805633
2022-10-21 12:14:00-04:00  3709.629883  3713.570068  3709.629883  3711.909912  3711.909912     8431574
2022-10-21 12:16:00-04:00  3712.159912  3712.800049  3709.610107  3709.689941  3709.689941     8100473
2022-10-21 12:18:00-04:00  3709.760010  3710.879883  3705.830078  3706.810059  3706.810059     9182149
2022-10-21 12:20:00-04:00  3706.750000  3709.429932  3703.919922  3709.389893  3709.389893    10824152
2022-10-21 12:22:00-04:00  3709.449951  3709.510010  3707.219971  3709.300049  3709.300049     6886388
2022-10-21 12:24:00-04:00  3709.389893  3713.719971  3708.340088  3712.530029  3712.530029    11715688
2022-10-21 12:26:00-04:00  3712.550049  3714.840088  3704.729980  3704.889893  3704.889893    10959980
2022-10-21 12:28:00-04:00  3704.870117  3707.239990  3703.689941  3704.090088  3704.090088     7521408
2022-10-21 12:30:00-04:00  3704.070068  3705.719971  3703.379883  3704.120117  3704.120117     7903010
2022-10-21 12:32:00-04:00  3704.070068  3710.969971  3704.070068  3710.969971  3710.969971     7945540
2022-10-21 12:34:00-04:00  3711.129883  3712.909912  3711.000000  3711.879883  3711.879883     7698358
2022-10-21 12:36:00-04:00  3711.889893  3717.419922  3711.340088  3717.219971  3717.219971     9090621
2022-10-21 12:38:00-04:00  3717.290039  3718.780029  3708.040039  3708.750000  3708.750000    12149567
2022-10-21 12:40:00-04:00  3709.129883  3716.199951  3709.110107  3715.300049  3715.300049     8484972
2022-10-21 12:42:00-04:00  3715.290039  3718.219971  3714.729980  3717.649902  3717.649902     7441252
2022-10-21 12:44:00-04:00  3717.679932  3722.080078  3716.669922  3721.770020  3721.770020     8996820
2022-10-21 12:46:00-04:00  3721.729980  3723.949951  3721.699951  3723.709961  3723.709961     8457206
2022-10-21 12:48:00-04:00  3723.800049  3726.129883  3723.800049  3724.929932  3724.929932     7898797
2022-10-21 12:50:00-04:00  3725.000000  3728.729980  3725.000000  3727.449951  3727.449951     9762630
2022-10-21 12:52:00-04:00  3727.439941  3728.320068  3727.090088  3728.219971  3728.219971     7485803
2022-10-21 12:54:00-04:00  3728.260010  3728.659912  3725.550049  3725.550049  3725.550049     8702360
2022-10-21 12:56:00-04:00  3725.179932  3725.179932  3721.860107  3722.580078  3722.580078     6499761
2022-10-21 12:58:00-04:00  3724.050049  3724.050049  3722.570068  3723.080078  3723.080078     8466041
2022-10-21 13:00:00-04:00  3723.110107  3726.570068  3722.870117  3726.570068  3726.570068     8459756
2022-10-21 13:02:00-04:00  3726.550049  3728.570068  3726.149902  3728.129883  3728.129883     7864033
2022-10-21 13:04:00-04:00  3728.159912  3729.389893  3726.530029  3728.500000  3728.500000     9132875
2022-10-21 13:06:00-04:00  3728.479980  3728.949951  3726.530029  3728.449951  3728.449951     7840127
2022-10-21 13:08:00-04:00  3728.540039  3728.889893  3723.129883  3723.459961  3723.459961     7562027
2022-10-21 13:10:00-04:00  3723.429932  3724.610107  3721.969971  3721.969971  3721.969971     8559127
2022-10-21 13:12:00-04:00  3721.989990  3723.610107  3721.649902  3723.570068  3723.570068     8695997
2022-10-21 13:14:00-04:00  3723.649902  3723.659912  3720.959961  3721.389893  3721.389893           0
2022-10-21 13:16:00-04:00  3719.100098  3723.229980  3719.090088  3723.100098  3723.100098  1552654691
2022-10-21 13:18:00-04:00  3723.189941  3725.290039  3722.689941  3725.290039  3725.290039     7682693
2022-10-21 13:20:00-04:00  3725.280029  3726.719971  3724.000000  3726.209961  3726.209961     8102588
2022-10-21 13:22:00-04:00  3726.070068  3726.070068  3719.040039  3720.320068  3720.320068    11186443
2022-10-21 13:24:00-04:00  3720.320068  3720.350098  3718.580078  3719.030029  3719.030029     6562399
2022-10-21 13:26:00-04:00  3719.040039  3724.780029  3718.969971  3724.110107  3724.110107     8321383
2022-10-21 13:28:00-04:00  3724.250000  3725.080078  3723.330078  3723.439941  3723.439941     6641644
2022-10-21 13:30:00-04:00  3723.399902  3728.320068  3723.399902  3728.320068  3728.320068     8798735
2022-10-21 13:32:00-04:00  3728.520020  3729.360107  3728.310059  3728.510010  3728.510010     7334396
2022-10-21 13:34:00-04:00  3728.399902  3728.399902  3724.040039  3724.739990  3724.739990     8979728
2022-10-21 13:36:00-04:00  3724.860107  3726.449951  3722.959961  3723.760010  3723.760010     8920333
2022-10-21 13:38:00-04:00  3723.899902  3725.219971  3723.530029  3725.219971  3725.219971     6012043
2022-10-21 13:40:00-04:00  3725.219971  3728.709961  3725.219971  3728.669922  3728.669922     5657397
2022-10-21 13:42:00-04:00  3728.340088  3730.669922  3728.250000  3728.520020  3728.520020  1661143048
2022-10-21 13:44:00-04:00  3728.580078  3730.310059  3726.889893  3730.310059  3730.310059     8078132
2022-10-21 13:46:00-04:00  3730.300049  3731.560059  3730.120117  3731.409912  3731.409912     8030261
2022-10-21 13:48:00-04:00  3731.399902  3733.239990  3731.219971  3732.959961  3732.959961     8429299
2022-10-21 13:50:00-04:00  3733.199951  3736.110107  3733.050049  3735.439941  3735.439941    10878596
2022-10-21 13:52:00-04:00  3735.250000  3736.300049  3733.939941  3734.239990  3734.239990     9049723
2022-10-21 13:54:00-04:00  3734.199951  3734.760010  3733.889893  3734.439941  3734.439941     3120257
2022-10-21 13:56:00-04:00  3732.969971  3735.350098  3732.580078  3735.050049  3735.050049  1720913629
2022-10-21 13:58:00-04:00  3734.949951  3736.110107  3734.870117  3736.050049  3736.050049     7928187
2022-10-21 14:00:00-04:00  3736.090088  3737.159912  3736.090088  3737.159912  3737.159912     7957673
2022-10-21 14:02:00-04:00  3737.120117  3738.870117  3737.100098  3738.760010  3738.760010     8497802
2022-10-21 14:04:00-04:00  3738.790039  3739.770020  3738.379883  3739.770020  3739.770020     7936609
2022-10-21 14:06:00-04:00  3739.810059  3742.080078  3739.159912  3742.080078  3742.080078    10448314
2022-10-21 14:08:00-04:00  3742.110107  3742.770020  3741.320068  3742.270020  3742.270020     7045827
2022-10-21 14:10:00-04:00  3742.270020  3743.100098  3742.020020  3742.300049  3742.300049     7226101
2022-10-21 14:12:00-04:00  3742.340088  3743.280029  3739.209961  3739.580078  3739.580078    11365459
2022-10-21 14:14:00-04:00  3739.679932  3739.679932  3736.229980  3736.239990  3736.239990    14149744
2022-10-21 14:16:00-04:00  3736.350098  3736.370117  3731.629883  3734.679932  3734.679932    12814056
2022-10-21 14:18:00-04:00  3734.709961  3735.629883  3733.659912  3733.699951  3733.699951     6689703
2022-10-21 14:20:00-04:00  3733.699951  3735.540039  3733.550049  3734.310059  3734.310059     6585327
2022-10-21 14:22:00-04:00  3734.250000  3734.419922  3733.320068  3733.850098  3733.850098     4548852
2022-10-21 14:24:00-04:00  3732.520020  3733.620117  3731.939941  3732.050049  3732.050049     9371030
2022-10-21 14:26:00-04:00  3732.070068  3734.429932  3731.169922  3734.209961  3734.209961     7834037
2022-10-21 14:28:00-04:00  3734.199951  3735.969971  3734.189941  3735.860107  3735.860107     7128696
2022-10-21 14:30:00-04:00  3735.879883  3739.229980  3735.879883  3739.229980  3739.229980     8781984
2022-10-21 14:32:00-04:00  3739.239990  3740.080078  3738.300049  3739.389893  3739.389893     8350933
2022-10-21 14:34:00-04:00  3739.379883  3739.379883  3735.659912  3737.040039  3737.040039     9211797
2022-10-21 14:36:00-04:00  3737.020020  3737.540039  3735.159912  3737.540039  3737.540039     7369955
2022-10-21 14:38:00-04:00  3737.429932  3738.219971  3734.179932  3737.090088  3737.090088     6855823
2022-10-21 14:40:00-04:00  3736.449951  3738.010010  3735.780029  3738.010010  3738.010010     9194438
2022-10-21 14:42:00-04:00  3737.850098  3738.459961  3735.209961  3735.760010  3735.760010     8104414
2022-10-21 14:44:00-04:00  3735.760010  3735.770020  3732.179932  3732.229980  3732.229980    10378045
2022-10-21 14:46:00-04:00  3732.129883  3734.110107  3732.129883  3734.110107  3734.110107     8194179
2022-10-21 14:48:00-04:00  3734.129883  3735.669922  3733.600098  3735.669922  3735.669922     7555163
2022-10-21 14:50:00-04:00  3735.689941  3736.439941  3733.310059  3734.719971  3734.719971    10110286
2022-10-21 14:52:00-04:00  3734.689941  3735.290039  3732.379883  3732.379883  3732.379883     8287438
2022-10-21 14:54:00-04:00  3732.350098  3733.679932  3732.000000  3732.879883  3732.879883     7230291
2022-10-21 14:56:00-04:00  3733.260010  3737.570068  3733.260010  3737.570068  3737.570068     9630205
2022-10-21 14:58:00-04:00  3737.629883  3739.209961  3737.030029  3738.830078  3738.830078     8523522
2022-10-21 15:00:00-04:00  3738.850098  3739.810059  3738.020020  3738.040039  3738.040039     8392265
2022-10-21 15:02:00-04:00  3739.959961  3742.459961  3739.469971  3741.850098  3741.850098    12198680
2022-10-21 15:04:00-04:00  3741.810059  3743.760010  3741.709961  3741.750000  3741.750000     7941105
2022-10-21 15:06:00-04:00  3741.699951  3743.850098  3741.659912  3743.850098  3743.850098    11742811
2022-10-21 15:08:00-04:00  3743.540039  3743.540039  3741.340088  3742.830078  3742.830078     9130205
2022-10-21 15:10:00-04:00  3742.790039  3744.360107  3741.959961  3744.360107  3744.360107     9178747
2022-10-21 15:12:00-04:00  3744.340088  3746.469971  3744.280029  3745.959961  3745.959961    10374945
2022-10-21 15:14:00-04:00  3745.949951  3746.850098  3745.949951  3746.540039  3746.540039  2065291314
2022-10-21 15:16:00-04:00  3746.479980  3748.840088  3746.060059  3748.530029  3748.530029    12431776
2022-10-21 15:18:00-04:00  3748.510010  3750.580078  3748.239990  3750.300049  3750.300049    13097043
2022-10-21 15:20:00-04:00  3750.360107  3752.189941  3749.639893  3752.100098  3752.100098    12307021
2022-10-21 15:22:00-04:00  3752.120117  3752.159912  3750.510010  3750.739990  3750.739990    10994432
2022-10-21 15:24:00-04:00  3750.719971  3755.310059  3750.620117  3755.310059  3755.310059    13528941
2022-10-21 15:26:00-04:00  3755.250000  3756.709961  3754.840088  3755.909912  3755.909912    12072358
2022-10-21 15:28:00-04:00  3755.870117  3756.510010  3755.360107  3756.510010  3756.510010    12168958
2022-10-21 15:30:00-04:00  3756.489990  3757.239990  3754.389893  3756.929932  3756.929932    16689605
2022-10-21 15:32:00-04:00  3756.810059  3756.949951  3753.860107  3754.219971  3754.219971    15064750
2022-10-21 15:34:00-04:00  3754.020020  3754.159912  3752.639893  3753.139893  3753.139893    16257634
2022-10-21 15:36:00-04:00  3753.010010  3754.540039  3751.750000  3752.179932  3752.179932    16067864
2022-10-21 15:38:00-04:00  3752.179932  3755.840088  3752.129883  3755.659912  3755.659912    17122258
2022-10-21 15:40:00-04:00  3755.639893  3757.139893  3754.639893  3754.850098  3754.850098    18140052
2022-10-21 15:42:00-04:00  3754.939941  3757.399902  3753.649902  3757.360107  3757.360107    18219285
2022-10-21 15:44:00-04:00  3757.360107  3757.889893  3754.100098  3755.030029  3755.030029    22647977
2022-10-21 15:46:00-04:00  3755.110107  3756.020020  3753.540039  3753.550049  3753.550049    20790406
2022-10-21 15:48:00-04:00  3753.879883  3754.919922  3753.189941  3754.550049  3754.550049    21538566
2022-10-21 15:50:00-04:00  3754.699951  3755.810059  3751.239990  3752.379883  3752.379883    34404067
2022-10-21 15:52:00-04:00  3752.379883  3754.510010  3751.489990  3754.399902  3754.399902    30641267
2022-10-21 15:54:00-04:00  3754.370117  3756.169922  3750.260010  3752.699951  3752.699951    50063750
2022-10-21 15:56:00-04:00  3752.649902  3753.469971  3751.010010  3751.800049  3751.800049    48558796
2022-10-21 15:58:00-04:00  3751.929932  3754.159912  3749.479980  3752.750000  3752.750000    72395973
2022-10-24 09:30:00-04:00  3762.010010  3769.739990  3762.010010  3765.520020  3765.520020    14479492
2022-10-24 09:32:00-04:00  3765.830078  3765.830078  3762.169922  3763.570068  3763.570068    23980850
2022-10-24 09:34:00-04:00  3763.739990  3779.889893  3763.739990  3779.889893  3779.889893    22853216
2022-10-24 09:36:00-04:00  3779.699951  3785.030029  3777.280029  3784.520020  3784.520020    20727678
2022-10-24 09:38:00-04:00  3784.479980  3787.620117  3780.780029  3780.780029  3780.780029    18103515
2022-10-24 09:40:00-04:00  3780.790039  3780.790039  3768.050049  3771.729980  3771.729980    21186587
2022-10-24 09:42:00-04:00  3771.260010  3771.260010  3764.860107  3764.919922  3764.919922    17071634
2022-10-24 09:44:00-04:00  3764.350098  3792.510010  3764.350098  3791.489990  3791.489990   221465272
2022-10-24 09:46:00-04:00  3792.209961  3796.659912  3787.699951  3788.260010  3788.260010    19695494
2022-10-24 09:48:00-04:00  3788.379883  3792.419922  3778.810059  3778.979980  3778.979980    17588173
2022-10-24 09:50:00-04:00  3778.830078  3788.439941  3778.010010  3784.600098  3784.600098    16012264
2022-10-24 09:52:00-04:00  3784.659912  3785.870117  3775.899902  3784.939941  3784.939941    16038887
2022-10-24 09:54:00-04:00  3785.169922  3791.810059  3784.949951  3791.070068  3791.070068    15926348
2022-10-24 09:56:00-04:00  3791.489990  3792.080078  3782.219971  3782.899902  3782.899902    16143085
2022-10-24 09:58:00-04:00  3782.830078  3788.270020  3782.830078  3786.649902  3786.649902    14056720
2022-10-24 10:00:00-04:00  3786.750000  3786.889893  3771.419922  3771.419922  3771.419922    21066198
2022-10-24 10:02:00-04:00  3771.149902  3772.649902  3764.929932  3765.520020  3765.520020    15336402
2022-10-24 10:04:00-04:00  3765.459961  3767.000000  3760.219971  3760.659912  3760.659912    12139830
2022-10-24 10:06:00-04:00  3759.850098  3766.219971  3759.379883  3764.350098  3764.350098    14119818
2022-10-24 10:08:00-04:00  3758.100098  3758.100098  3752.300049  3754.790039  3754.790039    17728407
2022-10-24 10:10:00-04:00  3754.570068  3759.330078  3754.040039  3759.229980  3759.229980    12505804
2022-10-24 10:12:00-04:00  3759.239990  3762.290039  3759.040039  3761.469971  3761.469971    12539379
2022-10-24 10:14:00-04:00  3761.429932  3764.439941  3758.879883  3758.919922  3758.919922    13590904
2022-10-24 10:16:00-04:00  3759.239990  3759.449951  3752.770020  3756.169922  3756.169922    11300207
2022-10-24 10:18:00-04:00  3757.110107  3760.199951  3757.110107  3759.010010  3759.010010    14989244
2022-10-24 10:20:00-04:00  3759.120117  3759.120117  3746.310059  3748.479980  3748.479980    22520825
2022-10-24 10:22:00-04:00  3748.560059  3752.070068  3743.560059  3743.560059  3743.560059    13226893
2022-10-24 10:24:00-04:00  3743.459961  3747.729980  3741.649902  3747.370117  3747.370117    14342524
2022-10-24 10:26:00-04:00  3747.370117  3748.709961  3743.070068  3748.600098  3748.600098    12057766
2022-10-24 10:28:00-04:00  3748.510010  3756.270020  3748.110107  3756.030029  3756.030029    13614529
2022-10-24 10:30:00-04:00  3755.979980  3757.879883  3752.110107  3757.879883  3757.879883    12539457
2022-10-24 10:32:00-04:00  3757.929932  3762.739990  3757.860107  3761.899902  3761.899902    13085423
2022-10-24 10:34:00-04:00  3761.459961  3771.189941  3761.459961  3770.169922  3770.169922    16166109
2022-10-24 10:36:00-04:00  3770.179932  3770.689941  3766.060059  3766.830078  3766.830078    16794614
2022-10-24 10:38:00-04:00  3766.780029  3772.209961  3766.750000  3769.250000  3769.250000    14277231
2022-10-24 10:40:00-04:00  3769.330078  3771.729980  3765.320068  3765.340088  3765.340088    11772876
2022-10-24 10:42:00-04:00  3765.100098  3765.100098  3759.780029  3760.850098  3760.850098    11836240
2022-10-24 10:44:00-04:00  3760.860107  3765.709961  3759.739990  3759.969971  3759.969971    11825675
2022-10-24 10:46:00-04:00  3760.030029  3762.520020  3758.469971  3762.520020  3762.520020    11391384
2022-10-24 10:48:00-04:00  3762.649902  3763.459961  3756.909912  3758.120117  3758.120117    10975154
2022-10-24 10:50:00-04:00  3758.120117  3771.939941  3758.120117  3771.800049  3771.800049    16092643
2022-10-24 10:52:00-04:00  3771.620117  3773.649902  3769.040039  3769.750000  3769.750000    13714021
2022-10-24 10:54:00-04:00  3769.679932  3771.659912  3767.239990  3767.870117  3767.870117    12260927
2022-10-24 10:56:00-04:00  3767.899902  3769.919922  3766.959961  3769.149902  3769.149902     9019332
2022-10-24 10:58:00-04:00  3769.110107  3770.010010  3767.699951  3770.010010  3770.010010     2854531
2022-10-24 11:00:00-04:00  3775.870117  3775.870117  3771.169922  3775.199951  3775.199951    18324048
2022-10-24 11:02:00-04:00  3778.629883  3778.629883  3775.770020  3777.229980  3777.229980   776845052
2022-10-24 11:04:00-04:00  3777.330078  3777.510010  3773.760010  3775.360107  3775.360107     9344428
2022-10-24 11:06:00-04:00  3775.370117  3778.500000  3769.889893  3771.040039  3771.040039    12387950
2022-10-24 11:08:00-04:00  3771.110107  3771.110107  3769.540039  3770.439941  3770.439941   808382227
2022-10-24 11:10:00-04:00  3770.389893  3774.679932  3768.929932  3774.320068  3774.320068    10247521
2022-10-24 11:12:00-04:00  3774.370117  3774.659912  3771.669922  3772.540039  3772.540039     8640878
2022-10-24 11:14:00-04:00  3772.709961  3779.360107  3772.649902  3779.070068  3779.070068    10951979
2022-10-24 11:16:00-04:00  3779.070068  3779.070068  3766.129883  3766.189941  3766.189941    13343198
2022-10-24 11:18:00-04:00  3766.250000  3768.649902  3765.699951  3768.629883  3768.629883     8613999
2022-10-24 11:20:00-04:00  3768.739990  3777.389893  3768.739990  3776.330078  3776.330078    10134017
2022-10-24 11:22:00-04:00  3776.320068  3777.629883  3775.419922  3776.020020  3776.020020     7840987
2022-10-24 11:24:00-04:00  3775.979980  3778.040039  3775.110107  3776.120117  3776.120117     9731993
2022-10-24 11:26:00-04:00  3776.090088  3776.719971  3773.090088  3776.020020  3776.020020     9332426
2022-10-24 11:28:00-04:00  3775.959961  3778.989990  3775.959961  3777.729980  3777.729980     9993258
2022-10-24 11:30:00-04:00  3777.639893  3777.639893  3773.659912  3776.350098  3776.350098     9656339
2022-10-24 11:32:00-04:00  3776.370117  3777.879883  3773.959961  3775.510010  3775.510010     7667842
2022-10-24 11:34:00-04:00  3775.530029  3778.850098  3773.909912  3777.939941  3777.939941     9357763
2022-10-24 11:36:00-04:00  3777.959961  3783.030029  3776.899902  3782.330078  3782.330078    10757709
2022-10-24 11:38:00-04:00  3782.270020  3782.310059  3777.760010  3780.879883  3780.879883     9603502
2022-10-24 11:40:00-04:00  3780.889893  3782.169922  3780.090088  3780.659912  3780.659912    11868084
2022-10-24 11:42:00-04:00  3780.620117  3782.790039  3778.560059  3780.199951  3780.199951    10744424
2022-10-24 11:44:00-04:00  3779.719971  3779.870117  3777.419922  3777.530029  3777.530029     9978782
2022-10-24 11:46:00-04:00  3777.419922  3777.679932  3773.100098  3776.719971  3776.719971     9210657
2022-10-24 11:48:00-04:00  3776.850098  3779.219971  3776.000000  3779.219971  3779.219971     7406395
2022-10-24 11:50:00-04:00  3779.229980  3784.199951  3778.870117  3782.649902  3782.649902    10366285
2022-10-24 11:52:00-04:00  3782.719971  3790.649902  3782.719971  3788.820068  3788.820068    10924097
2022-10-24 11:54:00-04:00  3788.770020  3790.909912  3787.679932  3789.719971  3789.719971     8102939
2022-10-24 11:56:00-04:00  3789.840088  3791.719971  3788.830078  3790.139893  3790.139893     9828452
2022-10-24 11:58:00-04:00  3790.189941  3791.989990  3789.889893  3791.290039  3791.290039    10167472
2022-10-24 12:00:00-04:00  3791.320068  3793.399902  3788.889893  3789.860107  3789.860107    10999937
2022-10-24 12:02:00-04:00  3789.850098  3789.850098  3787.129883  3788.510010  3788.510010     6780983
2022-10-24 12:04:00-04:00  3788.540039  3788.760010  3785.399902  3788.659912  3788.659912     8491104
2022-10-24 12:06:00-04:00  3788.629883  3788.889893  3785.500000  3788.050049  3788.050049     8024492
2022-10-24 12:08:00-04:00  3788.100098  3789.270020  3786.580078  3786.610107  3786.610107     7518788
2022-10-24 12:10:00-04:00  3786.600098  3789.419922  3786.600098  3788.939941  3788.939941     6486679
2022-10-24 12:12:00-04:00  3788.969971  3789.879883  3788.199951  3789.169922  3789.169922     7654877
2022-10-24 12:14:00-04:00  3789.179932  3790.750000  3788.979980  3790.179932  3790.179932     7632324
2022-10-24 12:16:00-04:00  3789.959961  3789.959961  3787.830078  3789.340088  3789.340088     8160379
2022-10-24 12:18:00-04:00  3789.370117  3794.310059  3789.169922  3793.379883  3793.379883     9873521
2022-10-24 12:20:00-04:00  3793.489990  3794.379883  3789.969971  3791.729980  3791.729980     8620358
2022-10-24 12:22:00-04:00  3791.729980  3794.639893  3791.729980  3793.760010  3793.760010     7960125
2022-10-24 12:24:00-04:00  3793.780029  3796.600098  3793.659912  3795.439941  3795.439941     7977903
2022-10-24 12:26:00-04:00  3795.409912  3795.409912  3791.919922  3792.820068  3792.820068     7643532
2022-10-24 12:28:00-04:00  3792.810059  3794.320068  3791.250000  3791.370117  3791.370117     7335113
2022-10-24 12:30:00-04:00  3791.399902  3792.260010  3789.610107  3789.899902  3789.899902     8485796
2022-10-24 12:32:00-04:00  3789.939941  3790.340088  3788.600098  3788.840088  3788.840088     7967153
2022-10-24 12:34:00-04:00  3788.830078  3790.540039  3787.949951  3788.719971  3788.719971     7873749
2022-10-24 12:36:00-04:00  3788.669922  3791.250000  3788.669922  3791.159912  3791.159912     6625581
2022-10-24 12:38:00-04:00  3791.139893  3792.370117  3788.969971  3788.969971  3788.969971     7368360
2022-10-24 12:40:00-04:00  3788.959961  3789.100098  3785.919922  3786.260010  3786.260010     7372726
2022-10-24 12:42:00-04:00  3786.270020  3788.479980  3785.540039  3788.409912  3788.409912     8096462
2022-10-24 12:44:00-04:00  3788.350098  3791.479980  3788.350098  3791.169922  3791.169922     7094709
2022-10-24 12:46:00-04:00  3791.280029  3792.159912  3790.899902  3791.590088  3791.590088     6900418
2022-10-24 12:48:00-04:00  3791.600098  3791.939941  3790.290039  3791.649902  3791.649902     5903163
2022-10-24 12:50:00-04:00  3791.669922  3792.699951  3791.330078  3792.389893  3792.389893     5987441
2022-10-24 12:52:00-04:00  3792.409912  3793.370117  3791.479980  3793.239990  3793.239990     5923492
2022-10-24 12:54:00-04:00  3793.239990  3793.979980  3792.899902  3793.560059  3793.560059     5953932
2022-10-24 12:56:00-04:00  3793.469971  3793.469971  3789.739990  3789.770020  3789.770020     8506038
2022-10-24 12:58:00-04:00  3789.810059  3789.810059  3787.310059  3787.600098  3787.600098     7303849
2022-10-24 13:00:00-04:00  3787.610107  3787.879883  3784.550049  3784.709961  3784.709961     8831919
2022-10-24 13:02:00-04:00  3784.659912  3786.320068  3784.260010  3784.300049  3784.300049     7789855
2022-10-24 13:04:00-04:00  3784.300049  3787.669922  3783.810059  3785.770020  3785.770020     8483377
2022-10-24 13:06:00-04:00  3785.659912  3787.229980  3784.280029  3787.229980  3787.229980     6269533
2022-10-24 13:08:00-04:00  3787.229980  3787.830078  3786.600098  3787.830078  3787.830078     5624928
2022-10-24 13:10:00-04:00  3787.810059  3787.989990  3782.550049  3782.550049  3782.550049     7223197
2022-10-24 13:12:00-04:00  3782.419922  3783.899902  3782.310059  3782.500000  3782.500000     6237256
2022-10-24 13:14:00-04:00  3782.520020  3784.409912  3782.520020  3783.040039  3783.040039     6304775
2022-10-24 13:16:00-04:00  3783.030029  3783.949951  3781.770020  3783.580078  3783.580078     5922336
2022-10-24 13:18:00-04:00  3783.500000  3784.100098  3781.899902  3782.620117  3782.620117     6505356
2022-10-24 13:20:00-04:00  3782.570068  3782.659912  3778.620117  3780.050049  3780.050049     9384760
2022-10-24 13:22:00-04:00  3780.100098  3780.129883  3778.090088  3778.090088  3778.090088     6728441
2022-10-24 13:24:00-04:00  3778.080078  3782.270020  3777.679932  3782.270020  3782.270020     9562785
2022-10-24 13:26:00-04:00  3782.479980  3782.760010  3780.449951  3780.449951  3780.449951     8412620
2022-10-24 13:28:00-04:00  3780.409912  3781.570068  3778.800049  3780.790039  3780.790039     8547923
2022-10-24 13:30:00-04:00  3780.750000  3781.189941  3778.929932  3778.929932  3778.929932     8277886
2022-10-24 13:32:00-04:00  3779.000000  3780.090088  3776.909912  3780.090088  3780.090088     9625032
2022-10-24 13:34:00-04:00  3780.100098  3780.120117  3778.389893  3778.620117  3778.620117     6523094
2022-10-24 13:36:00-04:00  3778.560059  3778.909912  3777.020020  3778.419922  3778.419922     7471804
2022-10-24 13:38:00-04:00  3778.379883  3780.000000  3777.550049  3779.919922  3779.919922     7255308
2022-10-24 13:40:00-04:00  3779.889893  3782.570068  3779.889893  3782.510010  3782.510010     7780820
2022-10-24 13:42:00-04:00  3782.459961  3784.000000  3782.020020  3783.129883  3783.129883     6736748
2022-10-24 13:44:00-04:00  3783.020020  3784.580078  3782.879883  3784.510010  3784.510010     7583950
2022-10-24 13:46:00-04:00  3785.020020  3785.560059  3781.949951  3782.969971  3782.969971     8040785
2022-10-24 13:48:00-04:00  3783.000000  3783.520020  3780.979980  3783.110107  3783.110107     6695006
2022-10-24 13:50:00-04:00  3783.090088  3783.570068  3781.590088  3781.840088  3781.840088     6165220
2022-10-24 13:52:00-04:00  3781.850098  3784.870117  3781.580078  3784.689941  3784.689941     6863888
2022-10-24 13:54:00-04:00  3784.679932  3784.780029  3783.370117  3783.520020  3783.520020     6089496
2022-10-24 13:56:00-04:00  3783.530029  3785.209961  3781.689941  3781.800049  3781.800049     7568313
2022-10-24 13:58:00-04:00  3781.830078  3782.540039  3781.040039  3781.810059  3781.810059     6292541
2022-10-24 14:00:00-04:00  3781.850098  3784.810059  3781.370117  3784.570068  3784.570068     8165586
2022-10-24 14:02:00-04:00  3784.580078  3788.040039  3784.580078  3786.669922  3786.669922     9120195
2022-10-24 14:04:00-04:00  3786.620117  3788.550049  3786.620117  3788.459961  3788.459961     8220216
2022-10-24 14:06:00-04:00  3788.439941  3789.739990  3787.800049  3788.500000  3788.500000     7680054
2022-10-24 14:08:00-04:00  3788.489990  3789.479980  3788.459961  3788.570068  3788.570068     7173228
2022-10-24 14:10:00-04:00  3788.530029  3788.760010  3786.709961  3787.610107  3787.610107     7174452
2022-10-24 14:12:00-04:00  3787.600098  3788.459961  3787.060059  3788.040039  3788.040039     6960287
2022-10-24 14:14:00-04:00  3788.010010  3789.719971  3787.899902  3789.679932  3789.679932     8216005
2022-10-24 14:16:00-04:00  3789.679932  3789.780029  3788.620117  3789.669922  3789.669922     7072803
2022-10-24 14:18:00-04:00  3789.659912  3789.750000  3788.830078  3788.830078  3788.830078     5914093
2022-10-24 14:20:00-04:00  3788.840088  3789.479980  3787.120117  3787.199951  3787.199951     7909868
2022-10-24 14:22:00-04:00  3787.270020  3788.530029  3787.219971  3787.870117  3787.870117     7185224
2022-10-24 14:24:00-04:00  3787.820068  3789.550049  3787.810059  3789.459961  3789.459961     7899225
2022-10-24 14:26:00-04:00  3789.439941  3792.360107  3789.260010  3791.889893  3791.889893     8044113
2022-10-24 14:28:00-04:00  3791.830078  3792.139893  3790.290039  3790.800049  3790.800049     7540227
2022-10-24 14:30:00-04:00  3790.739990  3792.820068  3790.379883  3792.820068  3792.820068     8023376
2022-10-24 14:32:00-04:00  3792.810059  3793.050049  3792.020020  3792.570068  3792.570068     7493726
2022-10-24 14:34:00-04:00  3792.610107  3792.959961  3791.820068  3791.820068  3791.820068     6222199
2022-10-24 14:36:00-04:00  3791.820068  3792.330078  3790.979980  3792.330078  3792.330078     7417584
2022-10-24 14:38:00-04:00  3792.340088  3794.129883  3791.860107  3794.110107  3794.110107     7977342
2022-10-24 14:40:00-04:00  3794.100098  3794.719971  3791.800049  3794.620117  3794.620117     9274783
2022-10-24 14:42:00-04:00  3794.629883  3801.169922  3794.600098  3799.989990  3799.989990    12670750
2022-10-24 14:44:00-04:00  3800.010010  3800.010010  3798.260010  3798.830078  3798.830078     7193900
2022-10-24 14:46:00-04:00  3798.820068  3800.899902  3798.570068  3800.729980  3800.729980     7771606
2022-10-24 14:48:00-04:00  3800.719971  3801.879883  3800.209961  3801.850098  3801.850098     7187504
2022-10-24 14:50:00-04:00  3801.790039  3801.790039  3799.199951  3800.270020  3800.270020     9047515
2022-10-24 14:52:00-04:00  3800.250000  3800.939941  3799.820068  3800.070068  3800.070068     6724069
2022-10-24 14:54:00-04:00  3800.050049  3801.790039  3800.040039  3801.199951  3801.199951     7504975
2022-10-24 14:56:00-04:00  3800.969971  3804.909912  3800.060059  3804.600098  3804.600098    10020250
2022-10-24 14:58:00-04:00  3804.620117  3804.879883  3803.209961  3803.919922  3803.919922     7327051
2022-10-24 15:00:00-04:00  3804.030029  3805.649902  3803.250000  3805.209961  3805.209961    10635119
2022-10-24 15:02:00-04:00  3805.409912  3806.689941  3805.100098  3806.120117  3806.120117     9672902
2022-10-24 15:04:00-04:00  3806.169922  3806.989990  3804.100098  3804.729980  3804.729980    10532302
2022-10-24 15:06:00-04:00  3804.750000  3806.550049  3804.750000  3805.260010  3805.260010    10283092
2022-10-24 15:08:00-04:00  3805.449951  3805.610107  3804.040039  3804.889893  3804.889893     8372359
2022-10-24 15:10:00-04:00  3804.879883  3806.590088  3804.760010  3806.219971  3806.219971     9796408
2022-10-24 15:12:00-04:00  3806.199951  3807.370117  3805.699951  3806.290039  3806.290039     9599494
2022-10-24 15:14:00-04:00  3806.510010  3808.719971  3806.510010  3808.370117  3808.370117    11072180
2022-10-24 15:16:00-04:00  3808.239990  3810.739990  3808.239990  3809.129883  3809.129883    12425568
2022-10-24 15:18:00-04:00  3809.030029  3810.239990  3808.860107  3810.229980  3810.229980    10665094
2022-10-24 15:20:00-04:00  3810.209961  3810.209961  3806.949951  3807.010010  3807.010010    10951211
2022-10-24 15:22:00-04:00  3806.939941  3808.090088  3805.439941  3805.719971  3805.719971    10398387
2022-10-24 15:24:00-04:00  3805.659912  3807.830078  3805.649902  3807.669922  3807.669922     9995864
2022-10-24 15:26:00-04:00  3807.750000  3809.290039  3807.669922  3808.229980  3808.229980     9979371
2022-10-24 15:28:00-04:00  3808.229980  3809.719971  3806.399902  3807.030029  3807.030029    11667424
2022-10-24 15:30:00-04:00  3807.050049  3807.709961  3806.260010  3807.389893  3807.389893    12564058
2022-10-24 15:32:00-04:00  3807.350098  3807.510010  3804.580078  3804.620117  3804.620117    13552106
2022-10-24 15:34:00-04:00  3804.739990  3805.370117  3803.840088  3804.439941  3804.439941    12431409
2022-10-24 15:36:00-04:00  3804.449951  3805.639893  3803.840088  3805.239990  3805.239990    14208373
2022-10-24 15:38:00-04:00  3805.219971  3805.219971  3802.899902  3803.310059  3803.310059    12689959
2022-10-24 15:40:00-04:00  3803.300049  3803.300049  3801.800049  3802.120117  3802.120117    13695311
2022-10-24 15:42:00-04:00  3802.120117  3802.540039  3800.810059  3801.370117  3801.370117    14433706
2022-10-24 15:44:00-04:00  3801.550049  3801.959961  3799.080078  3801.050049  3801.050049    19713051
2022-10-24 15:46:00-04:00  3801.070068  3802.350098  3799.600098  3800.419922  3800.419922    16965927
2022-10-24 15:48:00-04:00  3800.429932  3800.669922  3797.790039  3797.790039  3797.790039    18553627
2022-10-24 15:50:00-04:00  3797.800049  3799.830078  3795.639893  3796.129883  3796.129883    28713445
2022-10-24 15:52:00-04:00  3796.100098  3797.169922  3793.699951  3794.060059  3794.060059    27015426
2022-10-24 15:54:00-04:00  3794.040039  3795.239990  3791.709961  3793.449951  3793.449951    30903919
2022-10-24 15:56:00-04:00  3793.739990  3796.010010  3793.080078  3796.010010  3796.010010    34931637
2022-10-24 15:58:00-04:00  3795.939941  3799.719971  3794.739990  3797.790039  3797.790039    51972792
2022-10-25 09:30:00-04:00  3799.439941  3806.939941  3799.439941  3805.649902  3805.649902    48383670
2022-10-25 09:32:00-04:00  3805.439941  3809.060059  3804.719971  3807.889893  3807.889893    23679745
2022-10-25 09:34:00-04:00  3807.820068  3811.510010  3807.189941  3807.459961  3807.459961    22090616
2022-10-25 09:36:00-04:00  3807.340088  3808.780029  3803.879883  3806.449951  3806.449951    19971841
2022-10-25 09:38:00-04:00  3806.459961  3807.439941  3805.530029  3805.979980  3805.979980    16200955
2022-10-25 09:40:00-04:00  3805.889893  3809.790039  3802.699951  3808.379883  3808.379883    19717466
2022-10-25 09:42:00-04:00  3808.629883  3810.469971  3806.580078  3807.120117  3807.120117    17492229
2022-10-25 09:44:00-04:00  3807.060059  3817.550049  3806.969971  3816.649902  3816.649902    20454062
2022-10-25 09:46:00-04:00  3816.659912  3825.000000  3816.439941  3824.790039  3824.790039    19840467
2022-10-25 09:48:00-04:00  3824.879883  3827.879883  3824.879883  3827.820068  3827.820068    19143870
2022-10-25 09:50:00-04:00  3827.840088  3828.250000  3823.379883  3824.139893  3824.139893    19112504
2022-10-25 09:52:00-04:00  3824.070068  3830.110107  3824.070068  3829.070068  3829.070068    17070526
2022-10-25 09:54:00-04:00  3829.040039  3834.429932  3828.709961  3834.300049  3834.300049    17324630
2022-10-25 09:56:00-04:00  3834.340088  3836.229980  3832.419922  3832.659912  3832.659912    16456443
2022-10-25 09:58:00-04:00  3832.729980  3834.620117  3832.000000  3834.479980  3834.479980    17646707
2022-10-25 10:00:00-04:00  3835.280029  3836.689941  3830.820068  3831.260010  3831.260010    19720178
2022-10-25 10:02:00-04:00  3831.179932  3834.540039  3830.040039  3830.540039  3830.540039    16481058
2022-10-25 10:04:00-04:00  3830.600098  3832.540039  3827.179932  3827.290039  3827.290039    14325058
2022-10-25 10:06:00-04:00  3827.250000  3827.919922  3825.350098  3826.629883  3826.629883    14882080
2022-10-25 10:08:00-04:00  3826.590088  3828.570068  3825.800049  3828.570068  3828.570068    13746907
2022-10-25 10:10:00-04:00  3828.540039  3831.550049  3825.219971  3825.219971  3825.219971    16646967
2022-10-25 10:12:00-04:00  3824.189941  3828.340088  3824.189941  3827.310059  3827.310059    12272513
2022-10-25 10:14:00-04:00  3827.330078  3834.280029  3826.790039  3834.280029  3834.280029    13317869
2022-10-25 10:16:00-04:00  3834.310059  3834.489990  3832.020020  3832.219971  3832.219971     9873857
2022-10-25 10:18:00-04:00  3831.649902  3832.659912  3829.780029  3831.050049  3831.050049    10035015
2022-10-25 10:20:00-04:00  3831.389893  3833.750000  3831.030029  3831.820068  3831.820068   496958347
2022-10-25 10:22:00-04:00  3831.659912  3832.219971  3829.250000  3831.429932  3831.429932    12917605
2022-10-25 10:24:00-04:00  3831.280029  3835.909912  3831.110107  3835.760010  3835.760010    11137824
2022-10-25 10:26:00-04:00  3835.840088  3837.679932  3834.159912  3836.610107  3836.610107    12140822
2022-10-25 10:28:00-04:00  3836.600098  3838.060059  3836.179932  3837.969971  3837.969971     9190946
2022-10-25 10:30:00-04:00  3838.060059  3838.340088  3834.669922  3834.669922  3834.669922    13087647
2022-10-25 10:32:00-04:00  3834.659912  3835.919922  3833.360107  3835.010010  3835.010010    12098749
2022-10-25 10:34:00-04:00  3834.949951  3835.899902  3834.020020  3834.750000  3834.750000    11040619
2022-10-25 10:36:00-04:00  3834.600098  3834.600098  3829.550049  3830.239990  3830.239990    14061870
2022-10-25 10:38:00-04:00  3830.469971  3832.590088  3829.379883  3830.489990  3830.489990     7057566