                                  Open         High          Low        Close    Adj Close     Volume
Datetime                                                                                             
2023-01-17 09:30:00-05:00  3999.280029  4002.409912  3998.239990  4001.250000  4001.250000   17927567
2023-01-17 09:32:00-05:00  4001.070068  4002.149902  3997.239990  3997.239990  3997.239990   25641764
2023-01-17 09:34:00-05:00  3997.010010  4000.360107  3995.139893  3996.800049  3996.800049   21240246
2023-01-17 09:36:00-05:00  3996.639893  3997.629883  3995.239990  3995.770020  3995.770020   17528274
2023-01-17 09:38:00-05:00  3995.629883  3996.379883  3991.699951  3993.479980  3993.479980   18679234
2023-01-17 09:40:00-05:00  3993.750000  3996.419922  3989.840088  3996.419922  3996.419922   20951680
2023-01-17 09:42:00-05:00  3996.379883  3997.570068  3994.429932  3995.000000  3995.000000   16420278
2023-01-17 09:44:00-05:00  3995.199951  4000.280029  3995.199951  3999.080078  3999.080078   15958944
2023-01-17 09:46:00-05:00  3998.919922  4000.080078  3998.600098  3999.330078  3999.330078   13770003
2023-01-17 09:48:00-05:00  3999.389893  4001.919922  3997.189941  3999.300049  3999.300049   15997509
2023-01-17 09:50:00-05:00  3999.489990  4000.169922  3996.600098  3998.360107  3998.360107   14172317
2023-01-17 09:52:00-05:00  3998.229980  4002.610107  3998.080078  4002.610107  4002.610107   14338989
2023-01-17 09:54:00-05:00  4002.780029  4004.389893  4002.780029  4003.209961  4003.209961   14507645
2023-01-17 09:56:00-05:00  4002.110107  4002.159912  3997.560059  3998.600098  3998.600098   15758674
2023-01-17 09:58:00-05:00  3998.560059  4000.360107  3998.540039  3998.620117  3998.620117   13952958
2023-01-17 10:00:00-05:00  3998.830078  4007.439941  3998.830078  4007.409912  4007.409912   20108194
2023-01-17 10:02:00-05:00  4007.479980  4013.760010  4007.479980  4013.760010  4013.760010   15337687
2023-01-17 10:04:00-05:00  4013.699951  4014.169922  4009.580078  4010.280029  4010.280029   16438060
2023-01-17 10:06:00-05:00  4010.280029  4011.560059  4009.020020  4009.020020  4009.020020   13823858
2023-01-17 10:08:00-05:00  4008.929932  4012.129883  4008.909912  4011.550049  4011.550049   13658152
2023-01-17 10:10:00-05:00  4011.570068  4013.239990  4011.570068  4012.699951  4012.699951   29037775
2023-01-17 10:12:00-05:00  4012.770020  4013.590088  4010.649902  4010.679932  4010.679932   11635477
2023-01-17 10:14:00-05:00  4010.610107  4011.060059  4009.739990  4009.959961  4009.959961   12142895
2023-01-17 10:16:00-05:00  4010.070068  4011.689941  4008.770020  4011.689941  4011.689941   12213205
2023-01-17 10:18:00-05:00  4011.790039  4012.790039  4010.429932  4011.459961  4011.459961   12109438
2023-01-17 10:20:00-05:00  4011.459961  4014.370117  4011.459961  4013.350098  4013.350098   12524705
2023-01-17 10:22:00-05:00  4013.350098  4015.389893  4013.330078  4015.330078  4015.330078   11139740
2023-01-17 10:24:00-05:00  4015.350098  4015.350098  4013.159912  4014.159912  4014.159912   11188976
2023-01-17 10:26:00-05:00  4014.189941  4014.989990  4011.760010  4012.149902  4012.149902   11713037
2023-01-17 10:28:00-05:00  4012.189941  4012.189941  4009.300049  4010.139893  4010.139893   13077475
2023-01-17 10:30:00-05:00  4010.429932  4011.540039  4007.770020  4007.790039  4007.790039   12739378
2023-01-17 10:32:00-05:00  4007.709961  4007.709961  4005.679932  4006.860107  4006.860107   12783154
2023-01-17 10:34:00-05:00  4006.770020  4007.300049  4005.689941  4006.739990  4006.739990   11616638
2023-01-17 10:36:00-05:00  4006.560059  4006.989990  4004.530029  4005.899902  4005.899902   11661043
2023-01-17 10:38:00-05:00  4005.939941  4006.239990  4002.979980  4003.139893  4003.139893    9136943
2023-01-17 10:40:00-05:00  4003.139893  4003.879883  3995.969971  3997.419922  3997.419922   15782774
2023-01-17 10:42:00-05:00  3997.389893  3997.389893  3992.379883  3994.310059  3994.310059   14119087
2023-01-17 10:44:00-05:00  3994.290039  3997.669922  3993.760010  3995.840088  3995.840088   11776096
2023-01-17 10:46:00-05:00  3995.810059  3998.750000  3995.810059  3998.050049  3998.050049   11427585
2023-01-17 10:48:00-05:00  3998.100098  3999.370117  3998.100098  3998.550049  3998.550049    9823220
2023-01-17 10:50:00-05:00  3998.429932  3998.860107  3995.919922  3995.959961  3995.959961    9834935
2023-01-17 10:52:00-05:00  3996.110107  3997.550049  3995.560059  3995.590088  3995.590088    8241621
2023-01-17 10:54:00-05:00  3995.060059  3996.810059  3993.919922  3995.189941  3995.189941   10646570
2023-01-17 10:56:00-05:00  3995.120117  3995.739990  3994.209961  3995.280029  3995.280029    8416896
2023-01-17 10:58:00-05:00  3995.179932  3997.550049  3995.100098  3996.550049  3996.550049   10569615
2023-01-17 11:00:00-05:00  3996.239990  3997.560059  3993.189941  3993.750000  3993.750000   10543260
2023-01-17 11:02:00-05:00  3993.709961  3996.310059  3993.070068  3996.270020  3996.270020    8595285
2023-01-17 11:04:00-05:00  3996.260010  3996.540039  3994.000000  3994.479980  3994.479980    9736256
2023-01-17 11:06:00-05:00  3994.560059  3994.560059  3989.610107  3991.379883  3991.379883    9868662
2023-01-17 11:08:00-05:00  3991.419922  3991.629883  3990.219971  3991.129883  3991.129883    7332264
2023-01-17 11:10:00-05:00  3991.159912  3991.159912  3986.250000  3987.889893  3987.889893   15927710
2023-01-17 11:12:00-05:00  3987.870117  3987.870117  3986.070068  3987.479980  3987.479980    9540442
2023-01-17 11:14:00-05:00  3987.520020  3987.580078  3986.020020  3986.919922  3986.919922    9979803
2023-01-17 11:16:00-05:00  3986.969971  3988.600098  3986.330078  3988.600098  3988.600098    8903623
2023-01-17 11:18:00-05:00  3988.590088  3988.590088  3987.250000  3988.290039  3988.290039    8921399
2023-01-17 11:20:00-05:00  3988.290039  3988.590088  3986.320068  3986.379883  3986.379883    9212326
2023-01-17 11:22:00-05:00  3986.320068  3988.889893  3985.879883  3987.030029  3987.030029    8671412
2023-01-17 11:24:00-05:00  3987.030029  3987.169922  3984.570068  3987.080078  3987.080078    9526330
2023-01-17 11:26:00-05:00  3987.020020  3989.270020  3986.709961  3989.169922  3989.169922    7672662
2023-01-17 11:28:00-05:00  3989.159912  3991.129883  3989.159912  3990.429932  3990.429932    9227747
2023-01-17 11:30:00-05:00  3990.439941  3994.330078  3989.750000  3994.330078  3994.330078    9385801
2023-01-17 11:32:00-05:00  3994.340088  3994.439941  3993.159912  3994.429932  3994.429932    7546050
2023-01-17 11:34:00-05:00  3994.439941  3994.439941  3991.860107  3993.030029  3993.030029    7673148
2023-01-17 11:36:00-05:00  3993.050049  3993.429932  3990.909912  3991.189941  3991.189941    7325117
2023-01-17 11:38:00-05:00  3991.209961  3994.010010  3991.209961  3993.729980  3993.729980    7945164
2023-01-17 11:40:00-05:00  3993.719971  3994.560059  3993.270020  3993.739990  3993.739990    7867634
2023-01-17 11:42:00-05:00  3993.739990  3995.350098  3993.600098  3995.179932  3995.179932    7518767
2023-01-17 11:44:00-05:00  3995.189941  3995.280029  3993.610107  3994.340088  3994.340088    7610649
2023-01-17 11:46:00-05:00  3994.280029  3996.250000  3994.169922  3996.030029  3996.030029    7220714
2023-01-17 11:48:00-05:00  3996.030029  3996.139893  3995.100098  3995.320068  3995.320068    6175692
2023-01-17 11:50:00-05:00  3995.370117  3996.469971  3995.250000  3996.469971  3996.469971    7497056
2023-01-17 11:52:00-05:00  3996.459961  3996.580078  3995.260010  3995.300049  3995.300049    6810033
2023-01-17 11:54:00-05:00  3995.290039  3995.310059  3992.979980  3993.320068  3993.320068    7547520
2023-01-17 11:56:00-05:00  3993.280029  3996.199951  3993.280029  3996.199951  3996.199951    6593340
2023-01-17 11:58:00-05:00  3996.250000  3996.939941  3995.570068  3995.639893  3995.639893    6369836
2023-01-17 12:00:00-05:00  3995.649902  3997.610107  3995.649902  3997.610107  3997.610107    7599888
2023-01-17 12:02:00-05:00  3997.639893  3998.469971  3997.340088  3998.030029  3998.030029    5535671
2023-01-17 12:04:00-05:00  3998.060059  3999.459961  3998.060059  3998.399902  3998.399902    7128942
2023-01-17 12:06:00-05:00  3998.449951  3998.580078  3995.929932  3996.080078  3996.080078    9983471
2023-01-17 12:08:00-05:00  3996.090088  3996.669922  3994.429932  3994.449951  3994.449951    6203408
2023-01-17 12:10:00-05:00  3994.449951  3994.810059  3993.010010  3994.459961  3994.459961    8125985
2023-01-17 12:12:00-05:00  3994.370117  3994.649902  3993.560059  3994.199951  3994.199951    5644048
2023-01-17 12:14:00-05:00  3994.139893  3994.139893  3992.889893  3993.449951  3993.449951    6120651
2023-01-17 12:16:00-05:00  3993.479980  3994.159912  3992.689941  3992.780029  3992.780029    6225130
2023-01-17 12:18:00-05:00  3992.729980  3992.810059  3991.379883  3991.889893  3991.889893    5608036
2023-01-17 12:20:00-05:00  3991.899902  3992.679932  3991.510010  3992.590088  3992.590088    5774792
2023-01-17 12:22:00-05:00  3992.620117  3993.600098  3991.189941  3991.199951  3991.199951    6674558
2023-01-17 12:24:00-05:00  3991.159912  3991.239990  3989.800049  3990.439941  3990.439941    7588233
2023-01-17 12:26:00-05:00  3990.459961  3990.459961  3989.030029  3990.050049  3990.050049    6100804
2023-01-17 12:28:00-05:00  3990.080078  3991.300049  3989.810059  3989.879883  3989.879883    5983096
2023-01-17 12:30:00-05:00  3989.899902  3992.439941  3989.409912  3992.439941  3992.439941    6738219
2023-01-17 12:32:00-05:00  3992.510010  3993.189941  3992.290039  3992.889893  3992.889893    6686014
2023-01-17 12:34:00-05:00  3992.879883  3994.020020  3992.620117  3993.889893  3993.889893    5882725
2023-01-17 12:36:00-05:00  3993.810059  3993.969971  3992.989990  3993.919922  3993.919922    5687245
2023-01-17 12:38:00-05:00  3993.899902  3994.989990  3993.790039  3994.139893  3994.139893    6094091
2023-01-17 12:40:00-05:00  3994.100098  3994.469971  3993.060059  3993.100098  3993.100098    5568392
2023-01-17 12:42:00-05:00  3993.120117  3994.080078  3993.010010  3993.719971  3993.719971    5802785
2023-01-17 12:44:00-05:00  3993.699951  3993.739990  3991.729980  3991.729980  3991.729980    7314167
2023-01-17 12:46:00-05:00  3991.750000  3993.790039  3991.750000  3993.790039  3993.790039    5703880
2023-01-17 12:48:00-05:00  3993.780029  3994.300049  3993.280029  3993.560059  3993.560059    7627010
2023-01-17 12:50:00-05:00  3993.449951  3994.229980  3992.830078  3994.229980  3994.229980    6795140
2023-01-17 12:52:00-05:00  3994.280029  3996.320068  3994.280029  3996.120117  3996.120117    6427267
2023-01-17 12:54:00-05:00  3996.129883  3996.739990  3995.659912  3995.659912  3995.659912    6588305
2023-01-17 12:56:00-05:00  3995.669922  3995.669922  3994.020020  3994.360107  3994.360107    6161820
2023-01-17 12:58:00-05:00  3994.330078  3994.719971  3993.739990  3994.719971  3994.719971    5959163
2023-01-17 13:00:00-05:00  3994.719971  3996.060059  3994.439941  3995.989990  3995.989990    7254218
2023-01-17 13:02:00-05:00  3996.020020  3997.139893  3996.020020  3996.800049  3996.800049    6242776
2023-01-17 13:04:00-05:00  3997.010010  3997.340088  3996.429932  3996.489990  3996.489990    6822132
2023-01-17 13:06:00-05:00  3996.489990  3997.199951  3996.389893  3997.040039  3997.040039    6836615
2023-01-17 13:08:00-05:00  3997.090088  3997.110107  3995.550049  3995.550049  3995.550049    6288684
2023-01-17 13:10:00-05:00  3995.560059  3995.790039  3993.000000  3993.060059  3993.060059    8222905
2023-01-17 13:12:00-05:00  3993.030029  3994.739990  3993.030029  3994.040039  3994.040039    7161228
2023-01-17 13:14:00-05:00  3994.050049  3995.709961  3993.879883  3995.709961  3995.709961    7340219
2023-01-17 13:16:00-05:00  3995.830078  3996.000000  3995.030029  3995.719971  3995.719971    6083671
2023-01-17 13:18:00-05:00  3995.729980  3997.189941  3995.729980  3996.370117  3996.370117    5982977
2023-01-17 13:20:00-05:00  3996.370117  3996.570068  3995.100098  3995.719971  3995.719971    6016295
2023-01-17 13:22:00-05:00  3995.709961  3995.750000  3994.040039  3994.500000  3994.500000    7411915
2023-01-17 13:24:00-05:00  3994.479980  3994.949951  3994.000000  3994.909912  3994.909912    7125158
2023-01-17 13:26:00-05:00  3994.969971  3995.159912  3993.669922  3994.689941  3994.689941    7375163
2023-01-17 13:28:00-05:00  3994.729980  3995.570068  3994.479980  3995.070068  3995.070068    5344902
2023-01-17 13:30:00-05:00  3995.070068  3995.899902  3994.189941  3995.899902  3995.899902    6495474
2023-01-17 13:32:00-05:00  3995.889893  3996.580078  3995.530029  3995.810059  3995.810059    6675337
2023-01-17 13:34:00-05:00  3995.850098  3996.669922  3995.320068  3996.639893  3996.639893    5673580
2023-01-17 13:36:00-05:00  3996.590088  3997.530029  3996.040039  3997.530029  3997.530029    7108329
2023-01-17 13:38:00-05:00  3997.560059  4000.520020  3997.560059  4000.429932  4000.429932    8643449
2023-01-17 13:40:00-05:00  4000.429932  4000.979980  3999.629883  4000.979980  4000.979980    6533235
2023-01-17 13:42:00-05:00  4001.010010  4001.149902  4000.040039  4000.550049  4000.550049    5792602
2023-01-17 13:44:00-05:00  4000.590088  4001.020020  3997.989990  3998.370117  3998.370117    7126726
2023-01-17 13:46:00-05:00  3998.300049  3998.870117  3998.030029  3998.820068  3998.820068    5362179
2023-01-17 13:48:00-05:00  3998.820068  4000.429932  3998.810059  4000.399902  4000.399902    6295452
2023-01-17 13:50:00-05:00  4000.419922  4001.040039  4000.320068  4000.739990  4000.739990    6221384
2023-01-17 13:52:00-05:00  4000.770020  4000.770020  3999.739990  3999.929932  3999.929932    6477712
2023-01-17 13:54:00-05:00  3999.959961  4000.080078  3998.439941  3998.439941  3998.439941    6404028
2023-01-17 13:56:00-05:00  3998.419922  3999.939941  3998.370117  3999.870117  3999.870117    6558050
2023-01-17 13:58:00-05:00  3999.889893  4000.330078  3999.739990  4000.120117  4000.120117    6141848
2023-01-17 14:00:00-05:00  4000.129883  4000.770020  3999.300049  3999.360107  3999.360107    7147225
2023-01-17 14:02:00-05:00  3999.360107  4000.229980  3999.199951  4000.229980  4000.229980    6463700
2023-01-17 14:04:00-05:00  4000.239990  4001.479980  4000.040039  4000.310059  4000.310059    6787396
2023-01-17 14:06:00-05:00  4000.350098  4001.120117  4000.090088  4000.949951  4000.949951    6741797
2023-01-17 14:08:00-05:00  4000.989990  4000.989990  4000.429932  4000.550049  4000.550049    6025285
2023-01-17 14:10:00-05:00  4000.520020  4000.860107  3999.409912  4000.110107  4000.110107    7609019
2023-01-17 14:12:00-05:00  4000.080078  4000.590088  3997.520020  3997.620117  3997.620117    7068721
2023-01-17 14:14:00-05:00  3997.629883  3997.679932  3990.810059  3991.699951  3991.699951   14576539
2023-01-17 14:16:00-05:00  3991.590088  3992.830078  3990.219971  3992.830078  3992.830078    8856584
2023-01-17 14:18:00-05:00  3992.850098  3993.429932  3991.840088  3993.310059  3993.310059    6570570
2023-01-17 14:20:00-05:00  3993.360107  3993.580078  3990.239990  3991.199951  3991.199951    9029826
2023-01-17 14:22:00-05:00  3991.229980  3991.719971  3990.290039  3991.699951  3991.699951    6140846
2023-01-17 14:24:00-05:00  3991.679932  3993.449951  3991.350098  3992.310059  3992.310059    7147484
2023-01-17 14:26:00-05:00  3992.320068  3993.070068  3992.260010  3992.469971  3992.469971    6210675
2023-01-17 14:28:00-05:00  3992.439941  3992.550049  3991.659912  3992.120117  3992.120117    6983493
2023-01-17 14:30:00-05:00  3992.120117  3994.989990  3992.120117  3994.989990  3994.989990    7552507
2023-01-17 14:32:00-05:00  3995.030029  3996.060059  3994.909912  3996.060059  3996.060059    6034586
2023-01-17 14:34:00-05:00  3996.070068  3997.800049  3995.699951  3997.800049  3997.800049    7716325
2023-01-17 14:36:00-05:00  3997.810059  3999.229980  3997.780029  3999.229980  3999.229980    6439838
2023-01-17 14:38:00-05:00  3999.209961  3999.489990  3999.090088  3999.090088  3999.090088    7156516
2023-01-17 14:40:00-05:00  3999.110107  4000.479980  3999.020020  3999.790039  3999.790039    7563970
2023-01-17 14:42:00-05:00  3999.780029  3999.840088  3998.439941  3999.090088  3999.090088    6540530
2023-01-17 14:44:00-05:00  3999.070068  4000.280029  3999.070068  3999.429932  3999.429932    7009621
2023-01-17 14:46:00-05:00  3999.409912  3999.520020  3998.330078  3998.820068  3998.820068    6326321
2023-01-17 14:48:00-05:00  3998.830078  3999.429932  3998.449951  3999.020020  3999.020020    6048120
2023-01-17 14:50:00-05:00  3999.149902  3999.679932  3998.110107  3998.139893  3998.139893    7052234
2023-01-17 14:52:00-05:00  3998.110107  3998.229980  3996.399902  3996.409912  3996.409912    7178088
2023-01-17 14:54:00-05:00  3996.449951  3997.600098  3996.449951  3996.879883  3996.879883    6178213
2023-01-17 14:56:00-05:00  3996.870117  3996.870117  3994.419922  3994.590088  3994.590088    7946056
2023-01-17 14:58:00-05:00  3994.600098  3995.389893  3993.560059  3994.939941  3994.939941    7906461
2023-01-17 15:00:00-05:00  3994.879883  3998.949951  3994.669922  3998.949951  3998.949951    9634349
2023-01-17 15:02:00-05:00  3998.899902  3998.899902  3997.159912  3998.320068  3998.320068    7098597
2023-01-17 15:04:00-05:00  3998.330078  3998.350098  3997.370117  3997.409912  3997.409912    7777971
2023-01-17 15:06:00-05:00  3997.399902  3997.590088  3996.830078  3997.590088  3997.590088    7321078
2023-01-17 15:08:00-05:00  3997.600098  3997.800049  3996.620117  3997.090088  3997.090088    8068284
2023-01-17 15:10:00-05:00  3996.939941  3997.260010  3993.379883  3994.020020  3994.020020   10494586
2023-01-17 15:12:00-05:00  3994.000000  3994.320068  3992.639893  3994.310059  3994.310059    8499746
2023-01-17 15:14:00-05:00  3994.340088  3995.080078  3992.540039  3992.949951  3992.949951    8300391
2023-01-17 15:16:00-05:00  3993.040039  3995.899902  3993.040039  3995.899902  3995.899902    8941361
2023-01-17 15:18:00-05:00  3995.899902  3996.129883  3994.590088  3994.860107  3994.860107    9503064
2023-01-17 15:20:00-05:00  3994.879883  3994.879883  3991.830078  3993.219971  3993.219971   10171485
2023-01-17 15:22:00-05:00  3993.169922  3994.879883  3993.040039  3994.469971  3994.469971    8548975
2023-01-17 15:24:00-05:00  3994.469971  3994.760010  3994.010010  3994.689941  3994.689941    8786749
2023-01-17 15:26:00-05:00  3994.669922  3995.550049  3993.419922  3993.580078  3993.580078    8470538
2023-01-17 15:28:00-05:00  3993.580078  3994.110107  3992.770020  3993.370117  3993.370117    9225755
2023-01-17 15:30:00-05:00  3993.350098  3994.169922  3992.199951  3992.449951  3992.449951   12193995
2023-01-17 15:32:00-05:00  3992.260010  3993.739990  3992.139893  3993.629883  3993.629883   10522417
2023-01-17 15:34:00-05:00  3993.629883  3995.090088  3993.629883  3993.959961  3993.959961   11045399
2023-01-17 15:36:00-05:00  3993.909912  3994.689941  3993.530029  3994.590088  3994.590088   11016193
2023-01-17 15:38:00-05:00  3994.610107  3994.909912  3993.969971  3994.060059  3994.060059   12171097
2023-01-17 15:40:00-05:00  3994.020020  3994.689941  3993.770020  3994.689941  3994.689941   12660738
2023-01-17 15:42:00-05:00  3994.689941  3995.139893  3993.729980  3993.739990  3993.739990   13258955
2023-01-17 15:44:00-05:00  3993.750000  3993.750000  3989.800049  3989.879883  3989.879883   19778839
2023-01-17 15:46:00-05:00  3989.820068  3990.489990  3987.689941  3988.060059  3988.060059   18159400
2023-01-17 15:48:00-05:00  3988.139893  3989.159912  3987.489990  3989.159912  3989.159912   16446766
2023-01-17 15:50:00-05:00  3989.179932  3989.179932  3986.770020  3988.229980  3988.229980   30626045
2023-01-17 15:52:00-05:00  3988.260010  3988.810059  3986.350098  3986.439941  3986.439941   27988203
2023-01-17 15:54:00-05:00  3986.379883  3990.280029  3985.199951  3990.260010  3990.260010   29657030
2023-01-17 15:56:00-05:00  3990.219971  3990.989990  3989.419922  3990.820068  3990.820068   30118121
2023-01-17 15:58:00-05:00  3990.750000  3991.820068  3990.250000  3990.699951  3990.699951   31638549
2023-01-18 09:30:00-05:00  4002.250000  4007.620117  4002.250000  4004.469971  4004.469971   48191361
2023-01-18 09:32:00-05:00  4004.469971  4004.939941  4000.699951  4003.800049  4003.800049   18146509
2023-01-18 09:34:00-05:00  4003.709961  4006.409912  4000.810059  4003.840088  4003.840088   19107801
2023-01-18 09:36:00-05:00  4003.860107  4006.350098  3997.850098  3998.030029  3998.030029   17873489
2023-01-18 09:38:00-05:00  3998.290039  4002.360107  3998.290039  4002.360107  4002.360107   18242571
2023-01-18 09:40:00-05:00  4002.280029  4006.770020  4002.280029  4006.770020  4006.770020   16586350
2023-01-18 09:42:00-05:00  4006.810059  4009.939941  4005.139893  4007.310059  4007.310059   16261931
2023-01-18 09:44:00-05:00  4007.189941  4007.189941  4000.280029  4003.510010  4003.510010   21241448
2023-01-18 09:46:00-05:00  4003.510010  4004.169922  4001.310059  4001.330078  4001.330078   13239227
2023-01-18 09:48:00-05:00  4001.879883  4005.360107  4001.000000  4005.100098  4005.100098   14139650
2023-01-18 09:50:00-05:00  4005.060059  4009.600098  4004.520020  4008.899902  4008.899902   16038573
2023-01-18 09:52:00-05:00  4008.949951  4009.179932  4005.560059  4006.050049  4006.050049   12937895
2023-01-18 09:54:00-05:00  4006.080078  4006.750000  4004.060059  4005.600098  4005.600098   13878174
2023-01-18 09:56:00-05:00  4005.709961  4006.800049  4003.919922  4006.729980  4006.729980   11834833
2023-01-18 09:58:00-05:00  4006.879883  4009.280029  4006.879883  4009.000000  4009.000000   12649388
2023-01-18 10:00:00-05:00  4009.050049  4012.659912  4009.050049  4012.129883  4012.129883   19519407
2023-01-18 10:02:00-05:00  4012.250000  4012.570068  4009.040039  4009.899902  4009.899902   13945656
2023-01-18 10:04:00-05:00  4009.879883  4011.800049  4009.159912  4011.689941  4011.689941   13294085
2023-01-18 10:06:00-05:00  4011.820068  4012.820068  4011.600098  4012.219971  4012.219971   11928471
2023-01-18 10:08:00-05:00  4012.419922  4014.159912  4010.219971  4010.219971  4010.219971   15527166
2023-01-18 10:10:00-05:00  4010.310059  4011.439941  4007.889893  4008.139893  4008.139893   12981687
2023-01-18 10:12:00-05:00  4007.879883  4010.550049  4007.879883  4009.879883  4009.879883   11603021
2023-01-18 10:14:00-05:00  4009.800049  4011.810059  4007.580078  4011.750000  4011.750000   13605559
2023-01-18 10:16:00-05:00  4011.669922  4011.889893  4010.110107  4010.139893  4010.139893   11152620
2023-01-18 10:18:00-05:00  4010.250000  4010.250000  3999.830078  4002.300049  4002.300049   16427679
2023-01-18 10:20:00-05:00  4002.409912  4006.260010  4002.409912  4005.560059  4005.560059   12942293
2023-01-18 10:22:00-05:00  4005.610107  4007.540039  4003.929932  4004.780029  4004.780029   11473968
2023-01-18 10:24:00-05:00  4004.709961  4007.949951  4004.479980  4007.330078  4007.330078   11321799
2023-01-18 10:26:00-05:00  4007.370117  4007.610107  4005.169922  4005.199951  4005.199951   10670185
2023-01-18 10:28:00-05:00  4005.219971  4008.300049  4005.159912  4007.550049  4007.550049   11496945
2023-01-18 10:30:00-05:00  4007.600098  4008.070068  4002.100098  4002.139893  4002.139893   13046365
2023-01-18 10:32:00-05:00  4002.090088  4003.969971  4000.830078  4000.830078  4000.830078   11105690
2023-01-18 10:34:00-05:00  4000.800049  4002.389893  3999.379883  4000.330078  4000.330078   12425860
2023-01-18 10:36:00-05:00  4000.290039  4001.560059  3997.379883  3997.540039  3997.540039   12632862
2023-01-18 10:38:00-05:00  3997.449951  3997.810059  3993.909912  3994.159912  3994.159912   15032373
2023-01-18 10:40:00-05:00  3994.389893  3996.909912  3993.870117  3995.030029  3995.030029   12957196
2023-01-18 10:42:00-05:00  3995.060059  3995.330078  3990.040039  3990.129883  3990.129883   13917041
2023-01-18 10:44:00-05:00  3990.199951  3992.719971  3987.580078  3992.689941  3992.689941   15981199
2023-01-18 10:46:00-05:00  3992.810059  3993.000000  3989.060059  3989.290039  3989.290039   11980263
2023-01-18 10:48:00-05:00  3989.250000  3989.850098  3988.649902  3989.000000  3989.000000   10687961
2023-01-18 10:50:00-05:00  3989.020020  3989.129883  3985.379883  3988.540039  3988.540039   13162048
2023-01-18 10:52:00-05:00  3988.489990  3988.520020  3985.120117  3986.429932  3986.429932   11214335
2023-01-18 10:54:00-05:00  3986.379883  3986.409912  3979.570068  3980.050049  3980.050049   15290593
2023-01-18 10:56:00-05:00  3980.040039  3983.719971  3978.780029  3983.560059  3983.560059   12324428
2023-01-18 10:58:00-05:00  3983.500000  3985.520020  3983.500000  3985.520020  3985.520020   11588634
2023-01-18 11:00:00-05:00  3985.479980  3987.209961  3984.030029  3986.379883  3986.379883   12351266
2023-01-18 11:02:00-05:00  3986.350098  3986.350098  3984.310059  3985.040039  3985.040039    9537271
2023-01-18 11:04:00-05:00  3984.959961  3985.000000  3981.179932  3981.179932  3981.179932   10302106
2023-01-18 11:06:00-05:00  3980.969971  3981.449951  3973.679932  3974.840088  3974.840088   16606794
2023-01-18 11:08:00-05:00  3974.820068  3976.629883  3974.020020  3976.419922  3976.419922   10843933
2023-01-18 11:10:00-05:00  3976.419922  3976.659912  3973.159912  3973.550049  3973.550049   10377714
2023-01-18 11:12:00-05:00  3973.479980  3975.530029  3972.439941  3974.830078  3974.830078   11016009
2023-01-18 11:14:00-05:00  3974.840088  3975.929932  3972.090088  3972.370117  3972.370117   10913730
2023-01-18 11:16:00-05:00  3972.370117  3974.260010  3972.100098  3972.750000  3972.750000    9510505
2023-01-18 11:18:00-05:00  3972.500000  3972.830078  3970.659912  3971.250000  3971.250000    8970156
2023-01-18 11:20:00-05:00  3971.219971  3971.219971  3966.300049  3966.719971  3966.719971   11565005
2023-01-18 11:22:00-05:00  3966.719971  3966.719971  3964.000000  3964.000000  3964.000000   12693522
2023-01-18 11:24:00-05:00  3963.860107  3966.110107  3963.219971  3966.110107  3966.110107   13102303
2023-01-18 11:26:00-05:00  3966.050049  3970.699951  3966.020020  3970.219971  3970.219971   11376375
2023-01-18 11:28:00-05:00  3970.209961  3970.209961  3967.310059  3967.620117  3967.620117    8948301
2023-01-18 11:30:00-05:00  3967.300049  3967.300049  3964.320068  3964.689941  3964.689941   10031130
2023-01-18 11:32:00-05:00  3964.679932  3964.679932  3960.530029  3961.919922  3961.919922   10910443
2023-01-18 11:34:00-05:00  3961.600098  3962.189941  3960.639893  3961.100098  3961.100098    9273060
2023-01-18 11:36:00-05:00  3961.159912  3961.979980  3958.879883  3959.870117  3959.870117   10019541
2023-01-18 11:38:00-05:00  3959.860107  3960.199951  3957.959961  3958.179932  3958.179932    9650508
2023-01-18 11:40:00-05:00  3958.239990  3960.199951  3957.699951  3958.739990  3958.739990    9568055
2023-01-18 11:42:00-05:00  3958.709961  3958.709961  3956.760010  3956.800049  3956.800049    8653352
2023-01-18 11:44:00-05:00  3956.770020  3959.659912  3956.169922  3957.449951  3957.449951   10403364
2023-01-18 11:46:00-05:00  3957.510010  3957.580078  3956.419922  3957.580078  3957.580078    8806053
2023-01-18 11:48:00-05:00  3957.500000  3961.479980  3957.350098  3961.239990  3961.239990    9325958
2023-01-18 11:50:00-05:00  3961.209961  3961.209961  3956.790039  3957.239990  3957.239990    8632736
2023-01-18 11:52:00-05:00  3957.290039  3957.570068  3955.959961  3956.610107  3956.610107    8167288
2023-01-18 11:54:00-05:00  3956.639893  3959.219971  3956.639893  3956.830078  3956.830078    8400531
2023-01-18 11:56:00-05:00  3956.770020  3959.899902  3956.750000  3959.899902  3959.899902    6970742
2023-01-18 11:58:00-05:00  3959.919922  3962.669922  3959.919922  3961.969971  3961.969971    8636862
2023-01-18 12:00:00-05:00  3962.040039  3963.629883  3960.760010  3961.540039  3961.540039    9790432
2023-01-18 12:02:00-05:00  3961.510010  3962.389893  3960.000000  3960.429932  3960.429932    8127318
2023-01-18 12:04:00-05:00  3960.439941  3960.479980  3958.459961  3959.379883  3959.379883    8972390
2023-01-18 12:06:00-05:00  3959.300049  3959.699951  3957.229980  3957.699951  3957.699951    7845481
2023-01-18 12:08:00-05:00  3957.679932  3958.639893  3956.350098  3958.399902  3958.399902    7608819
2023-01-18 12:10:00-05:00  3958.260010  3959.209961  3957.139893  3959.209961  3959.209961    7675198
2023-01-18 12:12:00-05:00  3959.270020  3960.320068  3958.729980  3959.399902  3959.399902    6787316
2023-01-18 12:14:00-05:00  3959.459961  3961.409912  3957.889893  3958.159912  3958.159912    8879108
2023-01-18 12:16:00-05:00  3958.139893  3960.889893  3957.389893  3957.790039  3957.790039    7871467
2023-01-18 12:18:00-05:00  3957.830078  3957.879883  3956.080078  3956.239990  3956.239990    7930313
2023-01-18 12:20:00-05:00  3956.229980  3956.810059  3954.129883  3954.129883  3954.129883    7703630
2023-01-18 12:22:00-05:00  3954.149902  3955.879883  3954.080078  3954.300049  3954.300049    6636870
2023-01-18 12:24:00-05:00  3954.250000  3955.110107  3953.020020  3953.020020  3953.020020    7470191
2023-01-18 12:26:00-05:00  3953.040039  3953.040039  3949.239990  3950.889893  3950.889893    9817450
2023-01-18 12:28:00-05:00  3950.949951  3951.780029  3949.729980  3950.409912  3950.409912    6853548
2023-01-18 12:30:00-05:00  3950.399902  3950.439941  3948.300049  3948.590088  3948.590088    7806384
2023-01-18 12:32:00-05:00  3948.580078  3950.510010  3948.419922  3949.159912  3949.159912    7493689
2023-01-18 12:34:00-05:00  3949.090088  3951.449951  3949.090088  3951.139893  3951.139893    6680492
2023-01-18 12:36:00-05:00  3951.100098  3953.590088  3950.510010  3953.409912  3953.409912    6155117
2023-01-18 12:38:00-05:00  3953.379883  3954.060059  3952.080078  3952.080078  3952.080078    5764553
2023-01-18 12:40:00-05:00  3952.020020  3952.419922  3951.000000  3951.000000  3951.000000    6458683
2023-01-18 12:42:00-05:00  3950.850098  3953.110107  3950.310059  3951.600098  3951.600098    6759929
2023-01-18 12:44:00-05:00  3951.659912  3951.659912  3949.510010  3950.169922  3950.169922    7350250
2023-01-18 12:46:00-05:00  3950.149902  3950.669922  3949.580078  3949.620117  3949.620117    6850317
2023-01-18 12:48:00-05:00  3949.620117  3951.699951  3949.520020  3951.629883  3951.629883    5897111
2023-01-18 12:50:00-05:00  3951.560059  3952.699951  3950.820068  3951.760010  3951.760010    6309574
2023-01-18 12:52:00-05:00  3951.610107  3951.610107  3946.520020  3946.639893  3946.639893    8336114
2023-01-18 12:54:00-05:00  3946.580078  3947.870117  3945.500000  3945.830078  3945.830078    8108491
2023-01-18 12:56:00-05:00  3945.899902  3949.040039  3945.899902  3948.189941  3948.189941    7360842
2023-01-18 12:58:00-05:00  3948.179932  3948.179932  3946.090088  3946.760010  3946.760010    6482778
2023-01-18 13:00:00-05:00  3946.830078  3949.100098  3945.540039  3948.699951  3948.699951   10157827
2023-01-18 13:02:00-05:00  3948.679932  3948.790039  3945.399902  3945.860107  3945.860107    7825528
2023-01-18 13:04:00-05:00  3945.800049  3946.179932  3943.389893  3944.310059  3944.310059    8329112
2023-01-18 13:06:00-05:00  3944.370117  3944.469971  3942.070068  3942.560059  3942.560059    8062582
2023-01-18 13:08:00-05:00  3942.040039  3942.040039  3940.199951  3940.629883  3940.629883    8569396
2023-01-18 13:10:00-05:00  3940.600098  3941.120117  3939.560059  3940.110107  3940.110107    8853138
2023-01-18 13:12:00-05:00  3939.590088  3939.820068  3939.080078  3939.219971  3939.219971    6408501
2023-01-18 13:14:00-05:00  3939.179932  3940.909912  3939.179932  3939.510010  3939.510010    8508920
2023-01-18 13:16:00-05:00  3939.570068  3940.959961  3939.570068  3939.729980  3939.729980    6567859
2023-01-18 13:18:00-05:00  3939.669922  3940.500000  3939.139893  3940.219971  3940.219971    6541655
2023-01-18 13:20:00-05:00  3940.139893  3942.260010  3939.340088  3942.209961  3942.209961    8250005
2023-01-18 13:22:00-05:00  3942.179932  3942.229980  3940.810059  3942.100098  3942.100098    7053796
2023-01-18 13:24:00-05:00  3942.050049  3943.030029  3941.790039  3943.030029  3943.030029    8990525
2023-01-18 13:26:00-05:00  3943.040039  3944.879883  3942.729980  3943.929932  3943.929932    8383336
2023-01-18 13:28:00-05:00  3943.969971  3946.510010  3943.969971  3946.449951  3946.449951    7086580
2023-01-18 13:30:00-05:00  3946.439941  3947.620117  3945.639893  3947.620117  3947.620117    8429738
2023-01-18 13:32:00-05:00  3947.600098  3948.429932  3946.540039  3946.719971  3946.719971    8112518
2023-01-18 13:34:00-05:00  3946.739990  3946.770020  3944.209961  3945.209961  3945.209961    7189899
2023-01-18 13:36:00-05:00  3945.199951  3947.949951  3945.020020  3947.899902  3947.899902    7767219
2023-01-18 13:38:00-05:00  3947.879883  3948.909912  3946.840088  3947.340088  3947.340088    7197735
2023-01-18 13:40:00-05:00  3947.370117  3949.159912  3947.370117  3949.080078  3949.080078    7171536
2023-01-18 13:42:00-05:00  3949.090088  3949.870117  3947.719971  3949.209961  3949.209961    7544465
2023-01-18 13:44:00-05:00  3949.280029  3951.939941  3949.280029  3951.520020  3951.520020    8280104
2023-01-18 13:46:00-05:00  3951.540039  3953.649902  3951.050049  3951.060059  3951.060059    8354660
2023-01-18 13:48:00-05:00  3951.050049  3951.520020  3949.860107  3950.469971  3950.469971    6246388
2023-01-18 13:50:00-05:00  3950.439941  3952.959961  3950.429932  3952.250000  3952.250000    6453567
2023-01-18 13:52:00-05:00  3952.250000  3953.520020  3952.219971  3953.290039  3953.290039    6906877
2023-01-18 13:54:00-05:00  3953.360107  3953.560059  3951.129883  3951.439941  3951.439941    7544553
2023-01-18 13:56:00-05:00  3951.469971  3951.719971  3949.600098  3950.340088  3950.340088    6509855
2023-01-18 13:58:00-05:00  3950.330078  3950.469971  3948.860107  3949.330078  3949.330078    5007471
2023-01-18 14:00:00-05:00  3949.340088  3950.370117  3947.149902  3947.879883  3947.879883    6790454
2023-01-18 14:02:00-05:00  3947.879883  3949.889893  3946.790039  3949.100098  3949.100098    9039918
2023-01-18 14:04:00-05:00  3949.120117  3949.270020  3945.850098  3946.189941  3946.189941    8695109
2023-01-18 14:06:00-05:00  3946.179932  3946.179932  3944.669922  3945.520020  3945.520020    5881161
2023-01-18 14:08:00-05:00  3945.520020  3949.169922  3945.510010  3947.489990  3947.489990    6984566
2023-01-18 14:10:00-05:00  3947.570068  3949.620117  3947.409912  3948.590088  3948.590088    6678983
2023-01-18 14:12:00-05:00  3948.570068  3948.600098  3947.060059  3948.090088  3948.090088    6333549
2023-01-18 14:14:00-05:00  3948.100098  3948.629883  3947.439941  3947.989990  3947.989990    6174621
2023-01-18 14:16:00-05:00  3947.909912  3947.969971  3944.899902  3944.899902  3944.899902    6516350
2023-01-18 14:18:00-05:00  3944.899902  3945.550049  3944.620117  3945.290039  3945.290039    6704523
2023-01-18 14:20:00-05:00  3945.300049  3947.449951  3945.300049  3946.860107  3946.860107    6750226
2023-01-18 14:22:00-05:00  3946.830078  3949.000000  3946.120117  3948.070068  3948.070068    7018477
2023-01-18 14:24:00-05:00  3947.919922  3948.350098  3946.929932  3947.699951  3947.699951    5691098
2023-01-18 14:26:00-05:00  3947.760010  3948.899902  3947.439941  3948.899902  3948.899902    6296025
2023-01-18 14:28:00-05:00  3948.879883  3951.050049  3948.850098  3950.669922  3950.669922    6832283
2023-01-18 14:30:00-05:00  3950.679932  3951.840088  3950.639893  3951.129883  3951.129883    7525616
2023-01-18 14:32:00-05:00  3951.120117  3952.489990  3950.760010  3952.120117  3952.120117    7327401
2023-01-18 14:34:00-05:00  3952.129883  3952.209961  3949.350098  3949.429932  3949.429932    8275784
2023-01-18 14:36:00-05:00  3949.479980  3950.439941  3948.290039  3950.229980  3950.229980    6287259
2023-01-18 14:38:00-05:00  3950.239990  3950.419922  3947.669922  3948.030029  3948.030029    6303431
2023-01-18 14:40:00-05:00  3948.030029  3948.260010  3947.129883  3947.280029  3947.280029    6271972
2023-01-18 14:42:00-05:00  3947.270020  3947.949951  3946.280029  3947.719971  3947.719971    7133102
2023-01-18 14:44:00-05:00  3947.889893  3949.120117  3947.639893  3947.699951  3947.699951    7568164
2023-01-18 14:46:00-05:00  3947.699951  3947.889893  3946.760010  3947.149902  3947.149902    6997812
2023-01-18 14:48:00-05:00  3947.169922  3948.540039  3946.439941  3946.540039  3946.540039    7144332
2023-01-18 14:50:00-05:00  3946.530029  3946.830078  3945.260010  3945.469971  3945.469971    6989766
2023-01-18 14:52:00-05:00  3945.459961  3945.610107  3944.959961  3945.610107  3945.610107    6591456
2023-01-18 14:54:00-05:00  3945.669922  3946.209961  3944.530029  3945.870117  3945.870117    6941850
2023-01-18 14:56:00-05:00  3945.830078  3945.899902  3944.280029  3944.639893  3944.639893    6623318
2023-01-18 14:58:00-05:00  3944.659912  3945.419922  3944.389893  3944.870117  3944.870117    6438265
2023-01-18 15:00:00-05:00  3944.850098  3944.850098  3942.070068  3942.169922  3942.169922    9556984
2023-01-18 15:02:00-05:00  3942.229980  3944.060059  3941.699951  3941.870117  3941.870117    8421520
2023-01-18 15:04:00-05:00  3941.899902  3943.020020  3941.189941  3941.790039  3941.790039    8219405
2023-01-18 15:06:00-05:00  3941.679932  3943.209961  3940.939941  3943.020020  3943.020020    9486513
2023-01-18 15:08:00-05:00  3943.050049  3944.750000  3942.709961  3943.959961  3943.959961    8248932
2023-01-18 15:10:00-05:00  3943.929932  3948.820068  3943.639893  3948.080078  3948.080078   10663110
2023-01-18 15:12:00-05:00  3948.070068  3948.979980  3946.659912  3946.659912  3946.659912    9358004
2023-01-18 15:14:00-05:00  3946.620117  3947.139893  3943.500000  3945.300049  3945.300049   11189291
2023-01-18 15:16:00-05:00  3945.280029  3945.280029  3941.560059  3941.699951  3941.699951    9176669
2023-01-18 15:18:00-05:00  3941.709961  3943.909912  3941.570068  3942.979980  3942.979980    9506291
2023-01-18 15:20:00-05:00  3943.010010  3944.320068  3942.560059  3942.659912  3942.659912    9209546
2023-01-18 15:22:00-05:00  3942.719971  3944.679932  3942.610107  3944.419922  3944.419922    8817854
2023-01-18 15:24:00-05:00  3944.379883  3944.379883  3942.770020  3943.370117  3943.370117    9160917
2023-01-18 15:26:00-05:00  3943.350098  3944.149902  3942.989990  3944.010010  3944.010010    9125716
2023-01-18 15:28:00-05:00  3944.040039  3944.040039  3941.290039  3941.750000  3941.750000   10619345
2023-01-18 15:30:00-05:00  3941.739990  3941.770020  3939.179932  3939.389893  3939.389893   13223590
2023-01-18 15:32:00-05:00  3939.360107  3939.360107  3936.120117  3937.270020  3937.270020   15803330
2023-01-18 15:34:00-05:00  3937.250000  3937.760010  3936.129883  3937.250000  3937.250000   12616929
2023-01-18 15:36:00-05:00  3937.229980  3937.790039  3936.600098  3936.669922  3936.669922   11000402
2023-01-18 15:38:00-05:00  3936.570068  3936.570068  3935.169922  3935.169922  3935.169922   13086451
2023-01-18 15:40:00-05:00  3935.159912  3935.159912  3932.689941  3932.689941  3932.689941   15954284
2023-01-18 15:42:00-05:00  3932.669922  3933.260010  3930.870117  3930.889893  3930.889893   14045664
2023-01-18 15:44:00-05:00  3930.879883  3933.580078  3930.840088  3933.070068  3933.070068   19299346
2023-01-18 15:46:00-05:00  3933.060059  3934.000000  3929.699951  3930.639893  3930.639893   19899337
2023-01-18 15:48:00-05:00  3930.729980  3930.939941  3929.699951  3930.639893  3930.639893   16999633
2023-01-18 15:50:00-05:00  3930.620117  3932.919922  3928.860107  3932.209961  3932.209961   30858744
2023-01-18 15:52:00-05:00  3932.209961  3933.929932  3930.830078  3930.919922  3930.919922   29477422
2023-01-18 15:54:00-05:00  3930.899902  3932.110107  3930.389893  3930.449951  3930.449951   29963859
2023-01-18 15:56:00-05:00  3930.360107  3930.489990  3927.340088  3927.879883  3927.879883   39729921
2023-01-18 15:58:00-05:00  3927.909912  3928.879883  3926.590088  3928.879883  3928.879883   33394997
2023-01-19 09:30:00-05:00  3911.840088  3911.840088  3906.300049  3908.000000  3908.000000   44105838
2023-01-19 09:32:00-05:00  3907.709961  3913.219971  3905.600098  3912.979980  3912.979980   19720581
2023-01-19 09:34:00-05:00  3912.750000  3912.750000  3906.449951  3908.280029  3908.280029   18892739
2023-01-19 09:36:00-05:00  3908.020020  3909.899902  3905.639893  3909.639893  3909.639893   18291533
2023-01-19 09:38:00-05:00  3909.719971  3914.820068  3909.010010  3914.820068  3914.820068   15612465
2023-01-19 09:40:00-05:00  3914.870117  3916.330078  3912.080078  3915.010010  3915.010010   17058574
2023-01-19 09:42:00-05:00  3915.229980  3915.330078  3908.520020  3908.520020  3908.520020   16887352
2023-01-19 09:44:00-05:00  3907.949951  3907.949951  3903.449951  3904.189941  3904.189941   16228001
2023-01-19 09:46:00-05:00  3904.090088  3905.399902  3902.199951  3904.030029  3904.030029   15816107
2023-01-19 09:48:00-05:00  3904.090088  3904.090088  3899.790039  3900.709961  3900.709961   15802642
2023-01-19 09:50:00-05:00  3900.580078  3904.429932  3900.580078  3903.800049  3903.800049   14703518
2023-01-19 09:52:00-05:00  3903.939941  3904.489990  3899.320068  3900.280029  3900.280029   14319119
2023-01-19 09:54:00-05:00  3900.439941  3904.739990  3899.209961  3903.510010  3903.510010   13101544
2023-01-19 09:56:00-05:00  3903.489990  3907.179932  3902.669922  3907.179932  3907.179932   14144960
2023-01-19 09:58:00-05:00  3907.530029  3909.899902  3905.179932  3905.179932  3905.179932   15855381
2023-01-19 10:00:00-05:00  3905.709961  3905.709961  3902.199951  3904.610107  3904.610107   23659022
2023-01-19 10:02:00-05:00  3904.459961  3908.500000  3903.320068  3903.840088  3903.840088   14357220
2023-01-19 10:04:00-05:00  3903.739990  3906.969971  3903.459961  3906.520020  3906.520020   12983070
2023-01-19 10:06:00-05:00  3906.590088  3911.100098  3906.530029  3909.500000  3909.500000   14043203
2023-01-19 10:08:00-05:00  3909.520020  3911.570068  3908.649902  3910.699951  3910.699951   12962145
2023-01-19 10:10:00-05:00  3910.550049  3910.659912  3904.760010  3904.760010  3904.760010   13855921
2023-01-19 10:12:00-05:00  3904.830078  3904.830078  3897.879883  3901.209961  3901.209961   15518076
2023-01-19 10:14:00-05:00  3901.320068  3902.000000  3899.889893  3900.239990  3900.239990    9779545
2023-01-19 10:16:00-05:00  3900.239990  3908.550049  3900.040039  3908.330078  3908.330078   13297307
2023-01-19 10:18:00-05:00  3908.280029  3910.489990  3907.250000  3907.250000  3907.250000   11513086
2023-01-19 10:20:00-05:00  3907.270020  3908.500000  3905.020020  3905.370117  3905.370117   10808564
2023-01-19 10:22:00-05:00  3905.020020  3905.949951  3903.860107  3905.120117  3905.120117   10521894
2023-01-19 10:24:00-05:00  3905.129883  3905.899902  3902.020020  3903.389893  3903.389893   10856828
2023-01-19 10:26:00-05:00  3903.350098  3904.899902  3901.489990  3901.489990  3901.489990   10664481
2023-01-19 10:28:00-05:00  3901.399902  3903.570068  3900.110107  3902.979980  3902.979980   10603034
2023-01-19 10:30:00-05:00  3902.979980  3902.979980  3899.770020  3899.830078  3899.830078   11163744
2023-01-19 10:32:00-05:00  3899.860107  3900.899902  3898.260010  3899.570068  3899.570068   11512256
2023-01-19 10:34:00-05:00  3899.659912  3899.949951  3897.479980  3897.729980  3897.729980   11548173
2023-01-19 10:36:00-05:00  3897.820068  3898.360107  3895.570068  3896.360107  3896.360107   10135862
2023-01-19 10:38:00-05:00  3896.360107  3900.399902  3896.360107  3899.199951  3899.199951   11489740
2023-01-19 10:40:00-05:00  3899.250000  3901.800049  3898.790039  3898.979980  3898.979980   11137269
2023-01-19 10:42:00-05:00  3898.879883  3900.649902  3896.889893  3897.330078  3897.330078   10323227
2023-01-19 10:44:00-05:00  3897.290039  3898.350098  3895.550049  3896.669922  3896.669922   11667434
2023-01-19 10:46:00-05:00  3896.790039  3896.800049  3892.639893  3895.679932  3895.679932   11980649
2023-01-19 10:48:00-05:00  3895.729980  3895.979980  3894.090088  3894.750000  3894.750000    9508542
2023-01-19 10:50:00-05:00  3894.719971  3895.010010  3892.919922  3893.070068  3893.070068   10183674
2023-01-19 10:52:00-05:00  3893.020020  3893.679932  3891.310059  3891.989990  3891.989990    9509447
2023-01-19 10:54:00-05:00  3892.169922  3893.139893  3890.010010  3890.439941  3890.439941   11056352
2023-01-19 10:56:00-05:00  3890.189941  3890.189941  3888.389893  3888.860107  3888.860107   10624271
2023-01-19 10:58:00-05:00  3888.870117  3892.060059  3888.870117  3891.919922  3891.919922   10479525
2023-01-19 11:00:00-05:00  3891.939941  3894.629883  3891.090088  3894.280029  3894.280029   10635228
2023-01-19 11:02:00-05:00  3894.310059  3895.620117  3892.699951  3893.399902  3893.399902    8839129
2023-01-19 11:04:00-05:00  3893.409912  3893.409912  3890.639893  3891.590088  3891.590088    9273761
2023-01-19 11:06:00-05:00  3891.629883  3895.129883  3890.659912  3894.919922  3894.919922   10204034
2023-01-19 11:08:00-05:00  3894.909912  3898.239990  3894.169922  3897.800049  3897.800049   10642371
2023-01-19 11:10:00-05:00  3897.820068  3902.479980  3897.620117  3900.250000  3900.250000   10875248
2023-01-19 11:12:00-05:00  3900.239990  3900.739990  3899.560059  3900.500000  3900.500000    8659182
2023-01-19 11:14:00-05:00  3900.399902  3900.399902  3897.919922  3897.919922  3897.919922    9795949
2023-01-19 11:16:00-05:00  3897.899902  3899.600098  3896.409912  3896.409912  3896.409912   10468858
2023-01-19 11:18:00-05:00  3896.399902  3896.659912  3895.260010  3895.320068  3895.320068    9714761
2023-01-19 11:20:00-05:00  3895.250000  3895.250000  3893.409912  3893.409912  3893.409912    8727471
2023-01-19 11:22:00-05:00  3893.350098  3894.699951  3893.159912  3893.159912  3893.159912    9123525
2023-01-19 11:24:00-05:00  3893.199951  3894.530029  3893.000000  3893.719971  3893.719971    9473402
2023-01-19 11:26:00-05:00  3893.739990  3893.739990  3892.030029  3892.030029  3892.030029    8830458
2023-01-19 11:28:00-05:00  3891.929932  3892.199951  3889.929932  3890.600098  3890.600098   10258341
2023-01-19 11:30:00-05:00  3890.580078  3891.350098  3889.949951  3891.020020  3891.020020   10029201
2023-01-19 11:32:00-05:00  3891.070068  3892.629883  3890.800049  3892.489990  3892.489990   10333857
2023-01-19 11:34:00-05:00  3892.459961  3892.459961  3889.290039  3889.459961  3889.459961   10299929
2023-01-19 11:36:00-05:00  3889.459961  3891.800049  3889.449951  3889.840088  3889.840088    8233453
2023-01-19 11:38:00-05:00  3889.820068  3891.709961  3889.169922  3891.669922  3891.669922    7688463
2023-01-19 11:40:00-05:00  3891.649902  3891.959961  3889.250000  3889.959961  3889.959961    8212350
2023-01-19 11:42:00-05:00  3889.979980  3890.439941  3885.969971  3886.100098  3886.100098   10726618
2023-01-19 11:44:00-05:00  3886.080078  3887.159912  3886.050049  3886.729980  3886.729980    8004592
2023-01-19 11:46:00-05:00  3886.840088  3887.239990  3885.540039  3885.989990  3885.989990    7830099
2023-01-19 11:48:00-05:00  3885.979980  3889.350098  3885.979980  3889.260010  3889.260010    9460756
2023-01-19 11:50:00-05:00  3889.270020  3889.270020  3887.610107  3887.610107  3887.610107    8263915
2023-01-19 11:52:00-05:00  3887.610107  3888.790039  3887.310059  3887.929932  3887.929932    8131134
2023-01-19 11:54:00-05:00  3887.949951  3888.879883  3887.189941  3888.429932  3888.429932    8084047
2023-01-19 11:56:00-05:00  3888.409912  3890.459961  3888.209961  3889.679932  3889.679932    7732616
2023-01-19 11:58:00-05:00  3889.629883  3890.330078  3888.719971  3890.330078  3890.330078    7626100
2023-01-19 12:00:00-05:00  3890.429932  3896.370117  3890.350098  3895.429932  3895.429932   10628120
2023-01-19 12:02:00-05:00  3895.399902  3896.870117  3895.100098  3895.959961  3895.959961    8309917
2023-01-19 12:04:00-05:00  3895.889893  3897.780029  3895.590088  3897.620117  3897.620117    8113294
2023-01-19 12:06:00-05:00  3897.610107  3898.290039  3895.489990  3895.689941  3895.689941    7267730
2023-01-19 12:08:00-05:00  3895.639893  3895.639893  3893.790039  3894.550049  3894.550049    7478445
2023-01-19 12:10:00-05:00  3894.540039  3895.949951  3894.520020  3895.489990  3895.489990    6652470
2023-01-19 12:12:00-05:00  3895.550049  3896.750000  3895.280029  3896.600098  3896.600098    6472343
2023-01-19 12:14:00-05:00  3896.590088  3900.899902  3896.590088  3900.449951  3900.449951    9207974
2023-01-19 12:16:00-05:00  3900.399902  3902.879883  3900.399902  3901.889893  3901.889893    8191790
2023-01-19 12:18:00-05:00  3901.850098  3902.350098  3900.780029  3900.969971  3900.969971    8734629
2023-01-19 12:20:00-05:00  3900.340088  3900.570068  3898.850098  3899.570068  3899.570068    6894611
2023-01-19 12:22:00-05:00  3899.530029  3899.530029  3897.750000  3897.750000  3897.750000    6962527
2023-01-19 12:24:00-05:00  3897.750000  3897.750000  3895.860107  3896.760010  3896.760010    7645858
2023-01-19 12:26:00-05:00  3896.750000  3896.810059  3895.479980  3895.909912  3895.909912    5683591
2023-01-19 12:28:00-05:00  3895.909912  3896.800049  3895.310059  3896.229980  3896.229980    6227651
2023-01-19 12:30:00-05:00  3896.159912  3896.449951  3894.399902  3895.889893  3895.889893    7609910
2023-01-19 12:32:00-05:00  3895.909912  3896.610107  3895.459961  3895.649902  3895.649902    6236523
2023-01-19 12:34:00-05:00  3895.639893  3895.879883  3895.209961  3895.550049  3895.550049    5412185
2023-01-19 12:36:00-05:00  3895.489990  3897.610107  3895.270020  3896.479980  3896.479980    6901307
2023-01-19 12:38:00-05:00  3896.449951  3897.290039  3896.110107  3896.590088  3896.590088    5658902
2023-01-19 12:40:00-05:00  3896.550049  3897.229980  3895.770020  3897.110107  3897.110107    5744098
2023-01-19 12:42:00-05:00  3897.040039  3897.629883  3895.459961  3895.719971  3895.719971    6789766
2023-01-19 12:44:00-05:00  3895.729980  3896.399902  3894.729980  3896.330078  3896.330078    6146453
2023-01-19 12:46:00-05:00  3896.370117  3897.629883  3894.239990  3894.560059  3894.560059    7702749
2023-01-19 12:48:00-05:00  3894.520020  3895.610107  3894.389893  3894.590088  3894.590088    5752394
2023-01-19 12:50:00-05:00  3894.610107  3895.709961  3893.580078  3893.639893  3893.639893    6170188
2023-01-19 12:52:00-05:00  3893.629883  3894.989990  3893.409912  3894.969971  3894.969971    5076337
2023-01-19 12:54:00-05:00  3894.989990  3894.989990  3892.179932  3892.739990  3892.739990    6365177
2023-01-19 12:56:00-05:00  3892.729980  3894.719971  3892.729980  3894.330078  3894.330078    6023318
2023-01-19 12:58:00-05:00  3894.340088  3898.209961  3894.340088  3898.209961  3898.209961   11294300
2023-01-19 13:00:00-05:00  3898.189941  3900.209961  3898.189941  3900.209961  3900.209961    7839246
2023-01-19 13:02:00-05:00  3900.219971  3905.590088  3899.669922  3905.510010  3905.510010   10566108
2023-01-19 13:04:00-05:00  3905.600098  3905.669922  3901.969971  3902.300049  3902.300049    8111220
2023-01-19 13:06:00-05:00  3902.320068  3902.340088  3900.300049  3900.899902  3900.899902    5505582
2023-01-19 13:08:00-05:00  3900.939941  3903.520020  3900.939941  3902.850098  3902.850098    6828791
2023-01-19 13:10:00-05:00  3902.870117  3902.899902  3899.780029  3900.100098  3900.100098    6924213
2023-01-19 13:12:00-05:00  3900.149902  3902.669922  3900.139893  3902.520020  3902.520020    6565626
2023-01-19 13:14:00-05:00  3902.520020  3903.489990  3898.919922  3900.879883  3900.879883   12258583
2023-01-19 13:16:00-05:00  3900.929932  3901.290039  3899.909912  3900.860107  3900.860107    5331198
2023-01-19 13:18:00-05:00  3900.879883  3906.280029  3900.850098  3905.580078  3905.580078   12150033
2023-01-19 13:20:00-05:00  3905.600098  3907.850098  3904.229980  3907.820068  3907.820068    8623403
2023-01-19 13:22:00-05:00  3907.860107  3908.879883  3905.610107  3906.070068  3906.070068    7567510
2023-01-19 13:24:00-05:00  3906.080078  3906.659912  3903.570068  3903.810059  3903.810059    7276713
2023-01-19 13:26:00-05:00  3903.850098  3904.229980  3901.370117  3901.600098  3901.600098    7253477
2023-01-19 13:28:00-05:00  3901.580078  3903.580078  3901.580078  3903.580078  3903.580078    7000946
2023-01-19 13:30:00-05:00  3903.580078  3908.020020  3903.580078  3907.379883  3907.379883    8586201
2023-01-19 13:32:00-05:00  3907.370117  3908.149902  3906.830078  3906.909912  3906.909912    6564196
2023-01-19 13:34:00-05:00  3906.850098  3908.260010  3905.469971  3907.949951  3907.949951    8237961
2023-01-19 13:36:00-05:00  3908.020020  3911.409912  3908.020020  3910.379883  3910.379883    9755756
2023-01-19 13:38:00-05:00  3910.340088  3913.870117  3910.280029  3913.729980  3913.729980   10219940
2023-01-19 13:40:00-05:00  3913.739990  3917.750000  3913.739990  3914.989990  3914.989990   12225858
2023-01-19 13:42:00-05:00  3915.000000  3915.379883  3911.860107  3911.860107  3911.860107    8060417
2023-01-19 13:44:00-05:00  3911.820068  3912.290039  3911.389893  3911.959961  3911.959961    7007034
2023-01-19 13:46:00-05:00  3911.879883  3912.790039  3910.810059  3912.510010  3912.510010    7333321
2023-01-19 13:48:00-05:00  3912.510010  3912.919922  3911.030029  3911.030029  3911.030029    6452012
2023-01-19 13:50:00-05:00  3911.020020  3911.070068  3908.280029  3908.469971  3908.469971    6971241
2023-01-19 13:52:00-05:00  3908.449951  3910.550049  3908.260010  3910.360107  3910.360107    6862448
2023-01-19 13:54:00-05:00  3910.320068  3910.439941  3907.870117  3908.600098  3908.600098    6291034
2023-01-19 13:56:00-05:00  3908.649902  3909.399902  3907.689941  3908.929932  3908.929932    6135994
2023-01-19 13:58:00-05:00  3908.939941  3911.090088  3908.939941  3910.929932  3910.929932    7579519
2023-01-19 14:00:00-05:00  3910.850098  3912.129883  3906.760010  3908.080078  3908.080078    9508369
2023-01-19 14:02:00-05:00  3908.070068  3910.570068  3908.070068  3908.879883  3908.879883    6809729
2023-01-19 14:04:00-05:00  3908.939941  3910.540039  3908.000000  3908.000000  3908.000000    6581506
2023-01-19 14:06:00-05:00  3907.760010  3908.070068  3905.600098  3905.760010  3905.760010    7249557
2023-01-19 14:08:00-05:00  3905.729980  3908.340088  3905.729980  3908.260010  3908.260010    7197439
2023-01-19 14:10:00-05:00  3908.229980  3909.649902  3907.580078  3908.969971  3908.969971    6453621
2023-01-19 14:12:00-05:00  3908.969971  3912.080078  3908.969971  3911.810059  3911.810059    7532852
2023-01-19 14:14:00-05:00  3911.870117  3914.739990  3911.870117  3914.719971  3914.719971    8201872
2023-01-19 14:16:00-05:00  3914.709961  3914.969971  3911.750000  3912.040039  3912.040039    8221206
2023-01-19 14:18:00-05:00  3912.050049  3913.879883  3911.820068  3913.820068  3913.820068    7040291
2023-01-19 14:20:00-05:00  3913.820068  3915.750000  3913.590088  3915.100098  3915.100098    7052412
2023-01-19 14:22:00-05:00  3915.070068  3919.340088  3914.409912  3918.979980  3918.979980   10144947
2023-01-19 14:24:00-05:00  3918.969971  3920.479980  3917.679932  3917.870117  3917.870117    8871325
2023-01-19 14:26:00-05:00  3917.840088  3920.350098  3917.820068  3920.350098  3920.350098    7375168
2023-01-19 14:28:00-05:00  3920.679932  3921.179932  3919.169922  3919.189941  3919.189941    7541070
2023-01-19 14:30:00-05:00  3919.219971  3919.219971  3916.300049  3916.899902  3916.899902    7432500
2023-01-19 14:32:00-05:00  3917.209961  3919.520020  3917.030029  3918.790039  3918.790039    7233887
2023-01-19 14:34:00-05:00  3918.790039  3920.760010  3918.729980  3920.639893  3920.639893    7761057
2023-01-19 14:36:00-05:00  3920.889893  3922.939941  3920.669922  3921.649902  3921.649902    8179084
2023-01-19 14:38:00-05:00  3921.729980  3922.139893  3919.459961  3919.820068  3919.820068    7350972
2023-01-19 14:40:00-05:00  3919.810059  3920.469971  3917.840088  3918.270020  3918.270020    8403403
2023-01-19 14:42:00-05:00  3918.250000  3922.290039  3918.250000  3921.100098  3921.100098    8255778
2023-01-19 14:44:00-05:00  3921.110107  3921.379883  3920.010010  3921.189941  3921.189941    7066604
2023-01-19 14:46:00-05:00  3921.120117  3922.649902  3919.300049  3919.850098  3919.850098    9167589
2023-01-19 14:48:00-05:00  3919.820068  3919.820068  3917.909912  3918.479980  3918.479980    7509946
2023-01-19 14:50:00-05:00  3918.479980  3918.479980  3916.419922  3916.520020  3916.520020    7643141
2023-01-19 14:52:00-05:00  3916.520020  3918.280029  3916.510010  3916.969971  3916.969971    8519121
2023-01-19 14:54:00-05:00  3916.989990  3917.199951  3915.409912  3917.120117  3917.120117    7790990
2023-01-19 14:56:00-05:00  3917.030029  3919.489990  3917.030029  3918.969971  3918.969971    7958871
2023-01-19 14:58:00-05:00  3918.969971  3919.739990  3917.610107  3917.610107  3917.610107    8507975
2023-01-19 15:00:00-05:00  3917.620117  3920.189941  3917.620117  3919.500000  3919.500000    8374730
2023-01-19 15:02:00-05:00  3919.510010  3920.770020  3918.949951  3920.750000  3920.750000    6882020
2023-01-19 15:04:00-05:00  3920.760010  3921.129883  3918.330078  3918.899902  3918.899902    8276273
2023-01-19 15:06:00-05:00  3918.860107  3918.870117  3915.590088  3915.629883  3915.629883    7953419
2023-01-19 15:08:00-05:00  3915.639893  3915.850098  3913.889893  3914.409912  3914.409912    8062042
2023-01-19 15:10:00-05:00  3914.459961  3915.149902  3912.560059  3913.709961  3913.709961    8531767
2023-01-19 15:12:00-05:00  3913.659912  3916.489990  3913.639893  3915.699951  3915.699951    8455494
2023-01-19 15:14:00-05:00  3915.709961  3917.780029  3915.330078  3916.649902  3916.649902    7890526
2023-01-19 15:16:00-05:00  3916.649902  3916.649902  3912.989990  3913.000000  3913.000000   10128069
2023-01-19 15:18:00-05:00  3912.969971  3915.040039  3911.989990  3914.979980  3914.979980   10124669
2023-01-19 15:20:00-05:00  3915.040039  3915.040039  3913.159912  3913.179932  3913.179932    8403273
2023-01-19 15:22:00-05:00  3913.159912  3913.860107  3912.310059  3913.260010  3913.260010    8725258
2023-01-19 15:24:00-05:00  3913.260010  3914.149902  3912.750000  3912.750000  3912.750000    9275686
2023-01-19 15:26:00-05:00  3912.770020  3916.379883  3912.770020  3915.879883  3915.879883   10668682
2023-01-19 15:28:00-05:00  3915.860107  3916.050049  3914.330078  3915.060059  3915.060059    9455552
2023-01-19 15:30:00-05:00  3915.120117  3915.439941  3910.300049  3911.919922  3911.919922   13875492
2023-01-19 15:32:00-05:00  3911.860107  3912.770020  3910.139893  3912.770020  3912.770020   12815799
2023-01-19 15:34:00-05:00  3912.699951  3914.209961  3912.389893  3912.389893  3912.389893   11422386
2023-01-19 15:36:00-05:00  3912.360107  3915.100098  3912.360107  3914.689941  3914.689941   10934461
2023-01-19 15:38:00-05:00  3914.669922  3915.449951  3913.280029  3913.610107  3913.610107   11221712
2023-01-19 15:40:00-05:00  3913.659912  3913.659912  3910.850098  3911.280029  3911.280029   13626090
2023-01-19 15:42:00-05:00  3911.250000  3911.760010  3908.649902  3908.800049  3908.800049   13717228
2023-01-19 15:44:00-05:00  3908.840088  3910.590088  3908.489990  3909.899902  3909.899902   15502763
2023-01-19 15:46:00-05:00  3909.879883  3909.909912  3907.639893  3907.739990  3907.739990   15507381
2023-01-19 15:48:00-05:00  3907.739990  3909.439941  3907.649902  3908.330078  3908.330078   18110301
2023-01-19 15:50:00-05:00  3908.540039  3909.129883  3905.520020  3906.080078  3906.080078   30211103
2023-01-19 15:52:00-05:00  3905.959961  3907.139893  3903.020020  3903.209961  3903.209961   27128935
2023-01-19 15:54:00-05:00  3903.199951  3905.399902  3901.919922  3902.010010  3902.010010   30180151
2023-01-19 15:56:00-05:00  3901.919922  3902.330078  3899.610107  3900.100098  3900.100098   33062645
2023-01-19 15:58:00-05:00  3900.250000  3900.820068  3897.699951  3898.159912  3898.159912   39415139
2023-01-20 09:30:00-05:00  3909.040039  3913.459961  3908.340088  3909.879883  3909.879883  140273961
2023-01-20 09:32:00-05:00  3909.830078  3909.830078  3903.010010  3903.580078  3903.580078   21802989
2023-01-20 09:34:00-05:00  3903.489990  3903.719971  3899.040039  3900.739990  3900.739990   15708380
2023-01-20 09:36:00-05:00  3900.810059  3902.239990  3898.600098  3900.639893  3900.639893   14974511
2023-01-20 09:38:00-05:00  3900.610107  3903.260010  3897.860107  3902.590088  3902.590088   16803376
2023-01-20 09:40:00-05:00  3902.550049  3905.810059  3902.270020  3905.679932  3905.679932   16740088
2023-01-20 09:42:00-05:00  3905.449951  3909.030029  3904.129883  3908.649902  3908.649902   15675530
2023-01-20 09:44:00-05:00  3908.510010  3909.570068  3907.429932  3908.139893  3908.139893   14574529
2023-01-20 09:46:00-05:00  3908.260010  3908.520020  3905.770020  3907.199951  3907.199951   13270541
2023-01-20 09:48:00-05:00  3907.280029  3909.360107  3906.370117  3906.800049  3906.800049   13491179
2023-01-20 09:50:00-05:00  3906.919922  3910.689941  3906.040039  3910.149902  3910.149902   15955256
2023-01-20 09:52:00-05:00  3910.250000  3913.290039  3910.189941  3910.750000  3910.750000   14487643
2023-01-20 09:54:00-05:00  3910.679932  3910.969971  3907.429932  3909.479980  3909.479980   13294394
2023-01-20 09:56:00-05:00  3909.500000  3913.840088  3909.500000  3912.899902  3912.899902   12846433
2023-01-20 09:58:00-05:00  3913.070068  3913.780029  3910.209961  3910.209961  3910.209961   12977575
2023-01-20 10:00:00-05:00  3910.429932  3910.570068  3906.479980  3908.679932  3908.679932   14276828
2023-01-20 10:02:00-05:00  3908.659912  3912.120117  3908.659912  3911.209961  3911.209961   13293104
2023-01-20 10:04:00-05:00  3911.320068  3915.909912  3910.649902  3915.209961  3915.209961   14466243
2023-01-20 10:06:00-05:00  3915.310059  3919.340088  3914.919922  3918.969971  3918.969971   13326626
2023-01-20 10:08:00-05:00  3919.050049  3920.709961  3918.870117  3919.389893  3919.389893   11571556
2023-01-20 10:10:00-05:00  3919.330078  3920.530029  3917.300049  3917.659912  3917.659912   26049121
2023-01-20 10:12:00-05:00  3917.820068  3919.669922  3917.729980  3919.669922  3919.669922   10077137
2023-01-20 10:14:00-05:00  3919.669922  3919.899902  3915.439941  3916.270020  3916.270020   12195704
2023-01-20 10:16:00-05:00  3916.209961  3916.399902  3912.290039  3912.870117  3912.870117   12118125
2023-01-20 10:18:00-05:00  3912.870117  3914.479980  3912.649902  3914.409912  3914.409912    9618900
2023-01-20 10:20:00-05:00  3914.439941  3916.770020  3913.300049  3916.689941  3916.689941   10948606
2023-01-20 10:22:00-05:00  3916.729980  3918.729980  3916.469971  3917.629883  3917.629883   11949233
2023-01-20 10:24:00-05:00  3917.659912  3918.649902  3915.560059  3916.439941  3916.439941   10700264
2023-01-20 10:26:00-05:00  3916.459961  3918.229980  3915.300049  3917.929932  3917.929932   10371309
2023-01-20 10:28:00-05:00  3917.870117  3922.989990  3917.750000  3922.510010  3922.510010   10277272
2023-01-20 10:30:00-05:00  3922.439941  3924.110107  3920.610107  3921.080078  3921.080078   10602844
2023-01-20 10:32:00-05:00  3920.919922  3922.580078  3920.600098  3921.479980  3921.479980    8330350
2023-01-20 10:34:00-05:00  3921.500000  3921.610107  3919.669922  3921.610107  3921.610107    9568389
2023-01-20 10:36:00-05:00  3921.639893  3921.899902  3920.510010  3921.679932  3921.679932    8658300
2023-01-20 10:38:00-05:00  3921.649902  3922.419922  3919.100098  3920.129883  3920.129883    9253681
2023-01-20 10:40:00-05:00  3920.080078  3921.139893  3918.620117  3918.739990  3918.739990    9310376
2023-01-20 10:42:00-05:00  3918.739990  3920.729980  3917.979980  3918.520020  3918.520020    9408192
2023-01-20 10:44:00-05:00  3918.489990  3919.219971  3917.800049  3919.040039  3919.040039    8585605
2023-01-20 10:46:00-05:00  3919.070068  3919.629883  3917.010010  3918.010010  3918.010010    8636986
2023-01-20 10:48:00-05:00  3918.030029  3919.379883  3918.030029  3919.110107  3919.110107    7854275
2023-01-20 10:50:00-05:00  3919.270020  3919.830078  3916.989990  3917.939941  3917.939941    9395286
2023-01-20 10:52:00-05:00  3917.899902  3919.239990  3917.429932  3919.110107  3919.110107    8013002
2023-01-20 10:54:00-05:00  3919.129883  3921.929932  3919.090088  3921.830078  3921.830078    9339957
2023-01-20 10:56:00-05:00  3921.850098  3922.790039  3920.449951  3921.649902  3921.649902    8721656
2023-01-20 10:58:00-05:00  3921.669922  3922.169922  3919.530029  3919.530029  3919.530029    7930003
2023-01-20 11:00:00-05:00  3919.580078  3925.169922  3919.219971  3924.959961  3924.959961   10721149
2023-01-20 11:02:00-05:00  3924.810059  3926.520020  3924.120117  3925.639893  3925.639893    9594263
2023-01-20 11:04:00-05:00  3925.689941  3926.750000  3925.510010  3925.550049  3925.550049   10433988
2023-01-20 11:06:00-05:00  3925.610107  3927.479980  3925.239990  3927.129883  3927.129883    8831756
2023-01-20 11:08:00-05:00  3927.040039  3927.040039  3925.070068  3925.830078  3925.830078    8978521
2023-01-20 11:10:00-05:00  3925.850098  3930.239990  3925.850098  3930.000000  3930.000000   10550696
2023-01-20 11:12:00-05:00  3929.949951  3931.810059  3929.949951  3930.310059  3930.310059    8743602
2023-01-20 11:14:00-05:00  3930.290039  3931.510010  3930.050049  3931.139893  3931.139893    7997493
2023-01-20 11:16:00-05:00  3931.050049  3931.770020  3929.860107  3930.510010  3930.510010    8073236
2023-01-20 11:18:00-05:00  3930.510010  3931.540039  3930.439941  3931.540039  3931.540039    7728415
2023-01-20 11:20:00-05:00  3931.540039  3932.010010  3929.040039  3929.260010  3929.260010    8862999
2023-01-20 11:22:00-05:00  3929.260010  3930.810059  3928.840088  3930.810059  3930.810059    9307177
2023-01-20 11:24:00-05:00  3930.919922  3931.600098  3930.219971  3930.790039  3930.790039   10203981
2023-01-20 11:26:00-05:00  3930.800049  3932.810059  3930.699951  3932.520020  3932.520020    6960672
2023-01-20 11:28:00-05:00  3932.530029  3936.320068  3932.530029  3936.090088  3936.090088    9589927
2023-01-20 11:30:00-05:00  3936.139893  3937.199951  3934.830078  3936.010010  3936.010010    9666453
2023-01-20 11:32:00-05:00  3936.090088  3937.000000  3935.550049  3935.770020  3935.770020    7686676
2023-01-20 11:34:00-05:00  3935.760010  3936.800049  3934.750000  3935.149902  3935.149902    8836450
2023-01-20 11:36:00-05:00  3935.159912  3935.320068  3932.979980  3932.989990  3932.989990    7174419
2023-01-20 11:38:00-05:00  3933.090088  3933.409912  3931.239990  3931.370117  3931.370117    7874147
2023-01-20 11:40:00-05:00  3931.189941  3931.830078  3930.580078  3930.580078  3930.580078    7039203
2023-01-20 11:42:00-05:00  3930.600098  3932.010010  3930.010010  3931.260010  3931.260010    7003089
2023-01-20 11:44:00-05:00  3931.310059  3931.370117  3930.449951  3931.219971  3931.219971    8512138
2023-01-20 11:46:00-05:00  3931.219971  3933.679932  3930.840088  3933.510010  3933.510010    7926288
2023-01-20 11:48:00-05:00  3933.530029  3934.080078  3933.139893  3933.370117  3933.370117    7229453
2023-01-20 11:50:00-05:00  3933.379883  3933.379883  3931.899902  3932.399902  3932.399902    6717790
2023-01-20 11:52:00-05:00  3932.340088  3932.600098  3931.120117  3932.330078  3932.330078    6719821
2023-01-20 11:54:00-05:00  3932.330078  3932.330078  3930.120117  3930.750000  3930.750000    7024421
2023-01-20 11:56:00-05:00  3930.810059  3931.919922  3930.760010  3931.419922  3931.419922    6679488
2023-01-20 11:58:00-05:00  3931.350098  3932.219971  3929.219971  3930.489990  3930.489990    8091708
2023-01-20 12:00:00-05:00  3930.489990  3931.530029  3930.489990  3931.379883  3931.379883    6224444
2023-01-20 12:02:00-05:00  3931.459961  3932.669922  3931.459961  3932.040039  3932.040039    6380526
2023-01-20 12:04:00-05:00  3932.040039  3932.959961  3932.040039  3932.739990  3932.739990    5756161
2023-01-20 12:06:00-05:00  3932.689941  3933.020020  3932.020020  3932.300049  3932.300049    7147513
2023-01-20 12:08:00-05:00  3932.290039  3934.110107  3932.159912  3932.649902  3932.649902    7452604
2023-01-20 12:10:00-05:00  3932.639893  3932.639893  3930.689941  3932.449951  3932.449951    7334610
2023-01-20 12:12:00-05:00  3932.439941  3933.310059  3931.979980  3933.000000  3933.000000    6292970
2023-01-20 12:14:00-05:00  3933.060059  3933.209961  3931.580078  3931.649902  3931.649902    6376102
2023-01-20 12:16:00-05:00  3931.600098  3933.570068  3931.429932  3933.570068  3933.570068    6122429
2023-01-20 12:18:00-05:00  3933.699951  3934.189941  3933.340088  3933.909912  3933.909912    7970841
2023-01-20 12:20:00-05:00  3933.899902  3935.270020  3933.669922  3935.260010  3935.260010    7247555
2023-01-20 12:22:00-05:00  3935.239990  3935.239990  3932.510010  3933.530029  3933.530029    6472914
2023-01-20 12:24:00-05:00  3933.530029  3934.689941  3933.449951  3934.020020  3934.020020    6483077
2023-01-20 12:26:00-05:00  3934.000000  3934.860107  3933.760010  3934.860107  3934.860107    8307414
2023-01-20 12:28:00-05:00  3934.889893  3935.689941  3933.189941  3933.510010  3933.510010    6752655
2023-01-20 12:30:00-05:00  3933.500000  3933.580078  3932.379883  3932.540039  3932.540039    6159807
2023-01-20 12:32:00-05:00  3932.580078  3932.580078  3930.929932  3932.270020  3932.270020    6540962
2023-01-20 12:34:00-05:00  3932.209961  3932.780029  3931.689941  3932.129883  3932.129883    5933299
2023-01-20 12:36:00-05:00  3932.120117  3932.399902  3931.320068  3932.090088  3932.090088    5174994
2023-01-20 12:38:00-05:00  3932.110107  3933.459961  3932.110107  3933.459961  3933.459961    6302933
2023-01-20 12:40:00-05:00  3933.489990  3934.209961  3933.489990  3933.840088  3933.840088    5883407
2023-01-20 12:42:00-05:00  3933.830078  3934.520020  3933.489990  3934.090088  3934.090088    4760932
2023-01-20 12:44:00-05:00  3934.070068  3934.219971  3932.360107  3932.360107  3932.360107    5848477
2023-01-20 12:46:00-05:00  3932.399902  3933.120117  3932.080078  3932.989990  3932.989990    5569401
2023-01-20 12:48:00-05:00  3933.040039  3933.500000  3932.540039  3933.129883  3933.129883    5289925
2023-01-20 12:50:00-05:00  3933.139893  3935.530029  3932.870117  3935.419922  3935.419922    6446907
2023-01-20 12:52:00-05:00  3935.419922  3935.629883  3935.050049  3935.120117  3935.120117    6459754
2023-01-20 12:54:00-05:00  3935.020020  3935.169922  3933.189941  3933.189941  3933.189941    6661234
2023-01-20 12:56:00-05:00  3933.149902  3933.639893  3932.600098  3933.060059  3933.060059    6214299
2023-01-20 12:58:00-05:00  3933.070068  3933.080078  3931.709961  3931.750000  3931.750000    5598261
2023-01-20 13:00:00-05:00  3931.699951  3935.310059  3931.550049  3934.709961  3934.709961   12427687
2023-01-20 13:02:00-05:00  3934.649902  3936.330078  3934.050049  3934.800049  3934.800049    5477796
2023-01-20 13:04:00-05:00  3934.790039  3934.790039  3932.260010  3932.919922  3932.919922    6198477
2023-01-20 13:06:00-05:00  3932.919922  3934.189941  3932.310059  3932.320068  3932.320068    6544789
2023-01-20 13:08:00-05:00  3932.290039  3932.729980  3932.000000  3932.189941  3932.189941    5166309
2023-01-20 13:10:00-05:00  3932.159912  3932.159912  3926.139893  3926.820068  3926.820068    8822321
2023-01-20 13:12:00-05:00  3926.810059  3930.709961  3926.760010  3930.709961  3930.709961    6963352
2023-01-20 13:14:00-05:00  3930.729980  3933.679932  3930.729980  3932.989990  3932.989990    8183469
2023-01-20 13:16:00-05:00  3932.989990  3933.860107  3932.290039  3932.350098  3932.350098    5169615
2023-01-20 13:18:00-05:00  3932.419922  3933.030029  3925.649902  3925.649902  3925.649902    8070689
2023-01-20 13:20:00-05:00  3925.580078  3927.709961  3924.500000  3927.189941  3927.189941    7445973
2023-01-20 13:22:00-05:00  3927.189941  3927.439941  3925.560059  3927.290039  3927.290039    6427030
2023-01-20 13:24:00-05:00  3927.300049  3929.320068  3927.300049  3929.199951  3929.199951    6128236
2023-01-20 13:26:00-05:00  3929.219971  3929.649902  3927.280029  3927.739990  3927.739990    6737052
2023-01-20 13:28:00-05:00  3927.770020  3929.620117  3927.540039  3929.199951  3929.199951    7339982
2023-01-20 13:30:00-05:00  3929.199951  3932.449951  3929.199951  3932.399902  3932.399902    7426645
2023-01-20 13:32:00-05:00  3932.429932  3934.419922  3932.429932  3934.320068  3934.320068    6680306
2023-01-20 13:34:00-05:00  3934.360107  3934.729980  3933.699951  3934.719971  3934.719971    6627082
2023-01-20 13:36:00-05:00  3934.750000  3941.070068  3934.750000  3941.070068  3941.070068   12022342
2023-01-20 13:38:00-05:00  3941.060059  3941.850098  3940.050049  3940.229980  3940.229980    7886708
2023-01-20 13:40:00-05:00  3940.280029  3941.800049  3940.280029  3941.040039  3941.040039    6754718
2023-01-20 13:42:00-05:00  3941.050049  3941.120117  3940.120117  3940.780029  3940.780029    6240890
2023-01-20 13:44:00-05:00  3940.750000  3941.659912  3940.459961  3941.520020  3941.520020    5054723
2023-01-20 13:46:00-05:00  3941.530029  3941.530029  3940.610107  3940.669922  3940.669922    6205290
2023-01-20 13:48:00-05:00  3940.709961  3946.250000  3940.709961  3946.100098  3946.100098   10033060
2023-01-20 13:50:00-05:00  3946.129883  3948.199951  3946.129883  3947.250000  3947.250000    8523490
2023-01-20 13:52:00-05:00  3947.100098  3947.790039  3946.909912  3947.169922  3947.169922    6530437
2023-01-20 13:54:00-05:00  3947.169922  3947.189941  3945.030029  3945.409912  3945.409912    7098652
2023-01-20 13:56:00-05:00  3945.389893  3947.090088  3945.110107  3947.040039  3947.040039    6420568
2023-01-20 13:58:00-05:00  3947.070068  3947.889893  3947.070068  3947.219971  3947.219971    6552045
2023-01-20 14:00:00-05:00  3947.199951  3948.070068  3945.560059  3945.830078  3945.830078    7206221
2023-01-20 14:02:00-05:00  3945.840088  3947.010010  3945.750000  3945.929932  3945.929932    6269153
2023-01-20 14:04:00-05:00  3945.929932  3947.110107  3945.909912  3946.250000  3946.250000    6700667
2023-01-20 14:06:00-05:00  3946.209961  3947.050049  3946.030029  3946.929932  3946.929932    6139377
2023-01-20 14:08:00-05:00  3946.889893  3947.389893  3946.149902  3947.280029  3947.280029    6782374
2023-01-20 14:10:00-05:00  3947.280029  3949.080078  3947.020020  3948.989990  3948.989990    6672105
2023-01-20 14:12:00-05:00  3948.830078  3949.600098  3948.830078  3949.270020  3949.270020    6687755
2023-01-20 14:14:00-05:00  3949.260010  3950.729980  3948.919922  3950.550049  3950.550049    6972078
2023-01-20 14:16:00-05:00  3950.580078  3950.600098  3949.270020  3949.530029  3949.530029    6266867
2023-01-20 14:18:00-05:00  3949.590088  3950.260010  3948.860107  3949.110107  3949.110107    6645193
2023-01-20 14:20:00-05:00  3949.149902  3949.629883  3948.290039  3949.600098  3949.600098    6241020
2023-01-20 14:22:00-05:00  3949.600098  3951.399902  3949.590088  3950.979980  3950.979980    7598021
2023-01-20 14:24:00-05:00  3950.949951  3951.659912  3950.719971  3951.110107  3951.110107    7410537
2023-01-20 14:26:00-05:00  3951.100098  3952.169922  3950.610107  3950.949951  3950.949951    7814276
2023-01-20 14:28:00-05:00  3950.939941  3952.129883  3950.570068  3951.870117  3951.870117    7219506
2023-01-20 14:30:00-05:00  3951.709961  3953.949951  3951.709961  3953.929932  3953.929932    7547537
2023-01-20 14:32:00-05:00  3953.959961  3955.770020  3953.659912  3953.939941  3953.939941    8476155
2023-01-20 14:34:00-05:00  3953.879883  3954.610107  3953.459961  3954.399902  3954.399902    7007183
2023-01-20 14:36:00-05:00  3954.340088  3954.889893  3953.389893  3953.800049  3953.800049    6678480
2023-01-20 14:38:00-05:00  3953.820068  3954.949951  3953.489990  3954.739990  3954.739990    6568243
2023-01-20 14:40:00-05:00  3954.760010  3955.560059  3954.250000  3954.250000  3954.250000    6847192
2023-01-20 14:42:00-05:00  3954.239990  3955.199951  3953.949951  3955.090088  3955.090088    6664164
2023-01-20 14:44:00-05:00  3955.110107  3955.419922  3954.379883  3954.379883  3954.379883    6752061
2023-01-20 14:46:00-05:00  3954.370117  3954.600098  3953.020020  3953.610107  3953.610107    7410739
2023-01-20 14:48:00-05:00  3953.620117  3954.409912  3952.199951  3952.780029  3952.780029    7496879
2023-01-20 14:50:00-05:00  3952.810059  3952.939941  3951.239990  3951.520020  3951.520020    7066462
2023-01-20 14:52:00-05:00  3951.489990  3952.739990  3951.219971  3952.590088  3952.590088    6371565
2023-01-20 14:54:00-05:00  3952.610107  3952.919922  3951.510010  3951.870117  3951.870117    7022677
2023-01-20 14:56:00-05:00  3951.850098  3952.510010  3951.260010  3952.479980  3952.479980    6970760
2023-01-20 14:58:00-05:00  3952.510010  3956.040039  3952.469971  3956.010010  3956.010010    8522494
2023-01-20 15:00:00-05:00  3955.949951  3958.810059  3955.949951  3958.699951  3958.699951   10037512
2023-01-20 15:02:00-05:00  3958.689941  3960.179932  3958.639893  3960.179932  3960.179932    8036557
2023-01-20 15:04:00-05:00  3960.199951  3960.520020  3959.179932  3959.199951  3959.199951    9520808
2023-01-20 15:06:00-05:00  3959.189941  3961.679932  3959.189941  3961.659912  3961.659912    8486056
2023-01-20 15:08:00-05:00  3961.669922  3962.909912  3961.620117  3962.219971  3962.219971   10651987
2023-01-20 15:10:00-05:00  3962.199951  3963.300049  3961.429932  3963.300049  3963.300049   10356636
2023-01-20 15:12:00-05:00  3963.320068  3966.830078  3963.070068  3966.830078  3966.830078   11531640
2023-01-20 15:14:00-05:00  3966.840088  3970.149902  3966.659912  3970.030029  3970.030029   12154037
2023-01-20 15:16:00-05:00  3970.070068  3970.070068  3968.560059  3968.629883  3968.629883    9331717
2023-01-20 15:18:00-05:00  3968.610107  3969.219971  3967.889893  3968.129883  3968.129883   10693319
2023-01-20 15:20:00-05:00  3968.110107  3968.189941  3964.699951  3964.699951  3964.699951   11133939
2023-01-20 15:22:00-05:00  3964.760010  3964.760010  3961.699951  3961.729980  3961.729980   10571598
2023-01-20 15:24:00-05:00  3961.500000  3963.760010  3961.439941  3963.600098  3963.600098   11207470
2023-01-20 15:26:00-05:00  3963.590088  3964.040039  3963.010010  3963.189941  3963.189941   11249245
2023-01-20 15:28:00-05:00  3963.159912  3965.320068  3963.139893  3964.439941  3964.439941   11156698
2023-01-20 15:30:00-05:00  3964.449951  3966.139893  3964.439941  3965.500000  3965.500000   14987410
2023-01-20 15:32:00-05:00  3965.510010  3966.639893  3964.949951  3965.840088  3965.840088   13149179
2023-01-20 15:34:00-05:00  3965.949951  3965.979980  3961.810059  3961.830078  3961.830078   13530766
2023-01-20 15:36:00-05:00  3961.800049  3962.959961  3961.280029  3962.770020  3962.770020   12913681
2023-01-20 15:38:00-05:00  3962.770020  3964.409912  3962.770020  3964.409912  3964.409912   13830717
2023-01-20 15:40:00-05:00  3964.540039  3964.870117  3963.229980  3964.860107  3964.860107   16479701
2023-01-20 15:42:00-05:00  3964.939941  3964.959961  3963.090088  3963.090088  3963.090088   15580626
2023-01-20 15:44:00-05:00  3963.110107  3963.610107  3961.370117  3961.810059  3961.810059   17371565
2023-01-20 15:46:00-05:00  3961.850098  3964.500000  3961.649902  3963.570068  3963.570068   19816278
2023-01-20 15:48:00-05:00  3963.429932  3966.320068  3963.129883  3966.239990  3966.239990   19971129
2023-01-20 15:50:00-05:00  3966.229980  3967.669922  3963.550049  3967.560059  3967.560059   32636232
2023-01-20 15:52:00-05:00  3967.620117  3970.750000  3967.500000  3969.979980  3969.979980   31852780
2023-01-20 15:54:00-05:00  3970.000000  3972.500000  3969.629883  3971.310059  3971.310059   34097056
2023-01-20 15:56:00-05:00  3971.330078  3972.959961  3970.330078  3970.979980  3970.979980   49266432
2023-01-20 15:58:00-05:00  3970.919922  3972.790039  3968.080078  3971.780029  3971.780029   35829676
2023-01-23 09:30:00-05:00  3978.139893  3979.850098  3971.639893  3972.500000  3972.500000   10556899
2023-01-23 09:32:00-05:00  3972.489990  3978.219971  3972.250000  3975.879883  3975.879883   18476601
2023-01-23 09:34:00-05:00  3975.969971  3978.949951  3972.639893  3977.899902  3977.899902   19220739
2023-01-23 09:36:00-05:00  3977.989990  3977.989990  3972.790039  3976.469971  3976.469971   16565103
2023-01-23 09:38:00-05:00  3976.340088  3976.709961  3974.260010  3975.350098  3975.350098   16851124
2023-01-23 09:40:00-05:00  3975.320068  3978.899902  3975.320068  3976.350098  3976.350098   16109169
2023-01-23 09:42:00-05:00  3976.610107  3981.620117  3976.610107  3980.540039  3980.540039   13657000
2023-01-23 09:44:00-05:00  3980.709961  3982.909912  3978.530029  3982.909912  3982.909912   15642920
2023-01-23 09:46:00-05:00  3982.949951  3988.739990  3980.860107  3988.169922  3988.169922   16712831
2023-01-23 09:48:00-05:00  3988.199951  3988.939941  3987.219971  3987.879883  3987.879883   14645019
2023-01-23 09:50:00-05:00  3987.989990  3993.870117  3987.989990  3993.760010  3993.760010   14312374
2023-01-23 09:52:00-05:00  3993.679932  3995.479980  3992.800049  3994.959961  3994.959961   13590874
2023-01-23 09:54:00-05:00  3994.909912  3995.540039  3992.939941  3995.270020  3995.270020   15002856
2023-01-23 09:56:00-05:00  3995.050049  3995.629883  3989.969971  3990.889893  3990.889893   13653800
2023-01-23 09:58:00-05:00  3990.659912  3992.159912  3989.419922  3992.159912  3992.159912   17959196
2023-01-23 10:00:00-05:00  3992.040039  3998.070068  3992.040039  3996.780029  3996.780029   17266509
2023-01-23 10:02:00-05:00  3996.719971  3997.560059  3995.750000  3996.850098  3996.850098   12583416
2023-01-23 10:04:00-05:00  3996.840088  3996.840088  3990.800049  3991.129883  3991.129883   13182592
2023-01-23 10:06:00-05:00  3991.060059  3991.810059  3989.949951  3991.760010  3991.760010   12690768
2023-01-23 10:08:00-05:00  3991.659912  3992.669922  3991.320068  3991.719971  3991.719971   10841431
2023-01-23 10:10:00-05:00  3991.689941  3996.889893  3991.239990  3996.800049  3996.800049   14030601
2023-01-23 10:12:00-05:00  3996.750000  4000.340088  3996.520020  3998.800049  3998.800049   13042560
2023-01-23 10:14:00-05:00  3998.800049  3999.850098  3997.719971  3998.949951  3998.949951   10742013
2023-01-23 10:16:00-05:00  3998.989990  4000.199951  3997.669922  3999.739990  3999.739990   11765692
2023-01-23 10:18:00-05:00  3999.800049  4000.790039  3999.570068  3999.989990  3999.989990   11239119
2023-01-23 10:20:00-05:00  4000.050049  4000.580078  3998.550049  3999.929932  3999.929932   11318260
2023-01-23 10:22:00-05:00  3999.899902  4003.909912  3999.780029  4003.659912  4003.659912   11502154
2023-01-23 10:24:00-05:00  4003.659912  4006.459961  4003.020020  4004.340088  4004.340088   12503962
2023-01-23 10:26:00-05:00  4004.500000  4005.260010  4003.929932  4005.000000  4005.000000   10072266
2023-01-23 10:28:00-05:00  4005.020020  4007.300049  4005.020020  4005.379883  4005.379883   10224037
2023-01-23 10:30:00-05:00  4005.399902  4008.780029  4005.399902  4008.139893  4008.139893   11473166
2023-01-23 10:32:00-05:00  4008.139893  4009.020020  4005.850098  4005.879883  4005.879883   10741379
2023-01-23 10:34:00-05:00  4005.949951  4007.850098  4005.510010  4007.800049  4007.800049    9376129
2023-01-23 10:36:00-05:00  4007.800049  4008.169922  4006.080078  4006.610107  4006.610107    9367132
2023-01-23 10:38:00-05:00  4006.550049  4007.659912  4006.439941  4007.229980  4007.229980    5096708