                                  Open         High          Low        Close    Adj Close    Volume
Datetime                                                                                            
2023-01-11 10:54:00-05:00  3932.699951  3932.899902  3931.389893  3931.750000  3931.750000         0
2023-01-11 10:56:00-05:00  3931.719971  3931.739990  3928.540039  3928.949951  3928.949951  11152914
2023-01-11 10:58:00-05:00  3929.060059  3930.159912  3928.820068  3929.689941  3929.689941   9508415
2023-01-11 11:00:00-05:00  3929.649902  3930.649902  3929.370117  3930.290039  3930.290039   9138849
2023-01-11 11:02:00-05:00  3930.330078  3932.389893  3929.919922  3932.260010  3932.260010   8875014
2023-01-11 11:04:00-05:00  3932.179932  3932.899902  3931.620117  3931.949951  3931.949951   8386534
2023-01-11 11:06:00-05:00  3931.959961  3934.370117  3931.709961  3934.209961  3934.209961   8568667
2023-01-11 11:08:00-05:00  3934.250000  3934.250000  3932.810059  3933.070068  3933.070068   8836853
2023-01-11 11:10:00-05:00  3933.100098  3935.179932  3932.469971  3934.860107  3934.860107   9753064
2023-01-11 11:12:00-05:00  3934.860107  3935.760010  3934.689941  3935.760010  3935.760010   8637664
2023-01-11 11:14:00-05:00  3935.750000  3939.239990  3935.750000  3939.239990  3939.239990   9228885
2023-01-11 11:16:00-05:00  3939.270020  3940.770020  3938.760010  3939.179932  3939.179932   9056644
2023-01-11 11:18:00-05:00  3939.179932  3939.979980  3938.429932  3938.899902  3938.899902   8796624
2023-01-11 11:20:00-05:00  3938.879883  3938.969971  3938.040039  3938.399902  3938.399902   8982822
2023-01-11 11:22:00-05:00  3938.699951  3940.620117  3938.489990  3939.709961  3939.709961   9295506
2023-01-11 11:24:00-05:00  3939.610107  3939.679932  3938.709961  3939.449951  3939.449951   8210919
2023-01-11 11:26:00-05:00  3939.459961  3939.929932  3938.889893  3939.760010  3939.760010   7753930
2023-01-11 11:28:00-05:00  3939.739990  3940.020020  3939.300049  3939.729980  3939.729980   7847175
2023-01-11 11:30:00-05:00  3939.810059  3941.510010  3939.449951  3941.209961  3941.209961   8884318
2023-01-11 11:32:00-05:00  3941.209961  3941.590088  3939.590088  3939.590088  3939.590088   8209699
2023-01-11 11:34:00-05:00  3939.540039  3940.719971  3939.100098  3939.100098  3939.100098   9405451
2023-01-11 11:36:00-05:00  3939.080078  3939.110107  3937.239990  3938.129883  3938.129883   7685377
2023-01-11 11:38:00-05:00  3938.129883  3939.120117  3938.129883  3938.760010  3938.760010   6767227
2023-01-11 11:40:00-05:00  3938.760010  3941.040039  3938.699951  3940.040039  3940.040039   8492794
2023-01-11 11:42:00-05:00  3940.050049  3940.679932  3939.270020  3939.419922  3939.419922   8923614
2023-01-11 11:44:00-05:00  3939.409912  3941.979980  3939.409912  3941.510010  3941.510010   9088744
2023-01-11 11:46:00-05:00  3941.510010  3942.090088  3941.120117  3941.260010  3941.260010   8399479
2023-01-11 11:48:00-05:00  3941.360107  3942.629883  3941.360107  3942.500000  3942.500000   7115449
2023-01-11 11:50:00-05:00  3942.550049  3942.550049  3940.820068  3941.340088  3941.340088   7866602
2023-01-11 11:52:00-05:00  3941.350098  3943.469971  3941.350098  3943.110107  3943.110107   7582157
2023-01-11 11:54:00-05:00  3943.139893  3943.889893  3942.820068  3943.780029  3943.780029   7420797
2023-01-11 11:56:00-05:00  3943.790039  3943.889893  3942.949951  3943.340088  3943.340088   6934409
2023-01-11 11:58:00-05:00  3943.330078  3943.379883  3941.080078  3941.429932  3941.429932   7003550
2023-01-11 12:00:00-05:00  3941.439941  3942.850098  3941.439941  3942.850098  3942.850098   8429981
2023-01-11 12:02:00-05:00  3942.800049  3944.090088  3942.750000  3943.219971  3943.219971   7699548
2023-01-11 12:04:00-05:00  3943.219971  3943.709961  3942.879883  3943.629883  3943.629883   7815847
2023-01-11 12:06:00-05:00  3943.570068  3944.000000  3942.810059  3943.850098  3943.850098   7116992
2023-01-11 12:08:00-05:00  3943.860107  3944.320068  3943.639893  3943.840088  3943.840088   6164909
2023-01-11 12:10:00-05:00  3943.830078  3947.300049  3943.699951  3946.899902  3946.899902  10575765
2023-01-11 12:12:00-05:00  3946.830078  3946.879883  3946.090088  3946.879883  3946.879883   5676963
2023-01-11 12:14:00-05:00  3946.879883  3947.860107  3946.820068  3947.169922  3947.169922   7877064
2023-01-11 12:16:00-05:00  3947.159912  3947.600098  3946.120117  3947.479980  3947.479980   7809708
2023-01-11 12:18:00-05:00  3947.360107  3948.770020  3947.149902  3947.159912  3947.159912   6954783
2023-01-11 12:20:00-05:00  3947.139893  3949.189941  3946.199951  3948.750000  3948.750000   8374485
2023-01-11 12:22:00-05:00  3948.800049  3949.889893  3948.669922  3949.570068  3949.570068   6156497
2023-01-11 12:24:00-05:00  3949.449951  3949.449951  3947.000000  3947.000000  3947.000000   6899393
2023-01-11 12:26:00-05:00  3947.010010  3947.500000  3946.860107  3947.199951  3947.199951   6877982
2023-01-11 12:28:00-05:00  3947.189941  3948.909912  3947.189941  3948.350098  3948.350098   6870406
2023-01-11 12:30:00-05:00  3948.379883  3949.080078  3947.110107  3947.409912  3947.409912   6979511
2023-01-11 12:32:00-05:00  3947.360107  3947.360107  3944.969971  3945.000000  3945.000000   7543123
2023-01-11 12:34:00-05:00  3945.000000  3945.679932  3944.040039  3944.040039  3944.040039   6616147
2023-01-11 12:36:00-05:00  3944.050049  3945.000000  3943.679932  3944.929932  3944.929932   8148862
2023-01-11 12:38:00-05:00  3944.909912  3945.350098  3944.350098  3944.949951  3944.949951   5932034
2023-01-11 12:40:00-05:00  3944.939941  3945.739990  3944.870117  3945.510010  3945.510010   5672646
2023-01-11 12:42:00-05:00  3945.610107  3946.080078  3944.949951  3944.949951  3944.949951   6311180
2023-01-11 12:44:00-05:00  3944.979980  3945.340088  3944.600098  3945.159912  3945.159912   6643972
2023-01-11 12:46:00-05:00  3945.129883  3946.149902  3944.620117  3946.129883  3946.129883   6521499
2023-01-11 12:48:00-05:00  3946.330078  3946.419922  3945.590088  3946.340088  3946.340088   5822268
2023-01-11 12:50:00-05:00  3946.320068  3947.199951  3945.899902  3947.050049  3947.050049   6361872
2023-01-11 12:52:00-05:00  3947.100098  3947.810059  3946.870117  3946.870117  3946.870117   5906465
2023-01-11 12:54:00-05:00  3946.850098  3946.909912  3945.479980  3946.159912  3946.159912   6130884
2023-01-11 12:56:00-05:00  3946.199951  3946.590088  3944.889893  3944.889893  3944.889893   5533744
2023-01-11 12:58:00-05:00  3944.929932  3946.100098  3944.399902  3945.659912  3945.659912   5764151
2023-01-11 13:00:00-05:00  3945.649902  3946.719971  3945.550049  3946.719971  3946.719971   6428785
2023-01-11 13:02:00-05:00  3946.750000  3949.800049  3946.689941  3949.770020  3949.770020   7341099
2023-01-11 13:04:00-05:00  3949.790039  3950.540039  3948.629883  3948.739990  3948.739990   6840438
2023-01-11 13:06:00-05:00  3948.820068  3950.229980  3948.820068  3949.899902  3949.899902   5702535
2023-01-11 13:08:00-05:00  3949.860107  3951.060059  3949.820068  3951.040039  3951.040039   6515073
2023-01-11 13:10:00-05:00  3951.050049  3952.469971  3950.939941  3951.689941  3951.689941   6637343
2023-01-11 13:12:00-05:00  3951.659912  3951.879883  3951.030029  3951.860107  3951.860107   5316226
2023-01-11 13:14:00-05:00  3951.879883  3955.189941  3950.850098  3950.949951  3950.949951  14189273
2023-01-11 13:16:00-05:00  3950.909912  3950.939941  3944.189941  3948.219971  3948.219971  12216429
2023-01-11 13:18:00-05:00  3948.270020  3948.989990  3947.479980  3947.479980  3947.479980   6184996
2023-01-11 13:20:00-05:00  3947.449951  3947.709961  3946.149902  3946.729980  3946.729980   5845630
2023-01-11 13:22:00-05:00  3946.739990  3947.129883  3946.370117  3947.010010  3947.010010   5326354
2023-01-11 13:24:00-05:00  3947.060059  3949.570068  3947.060059  3949.219971  3949.219971   6082046
2023-01-11 13:26:00-05:00  3949.219971  3950.000000  3948.399902  3950.000000  3950.000000   5843434
2023-01-11 13:28:00-05:00  3949.979980  3952.629883  3949.969971  3952.080078  3952.080078   7488235
2023-01-11 13:30:00-05:00  3952.070068  3953.139893  3951.540039  3953.139893  3953.139893   6244586
2023-01-11 13:32:00-05:00  3953.129883  3953.250000  3952.320068  3953.229980  3953.229980   6803953
2023-01-11 13:34:00-05:00  3953.250000  3953.729980  3952.070068  3952.899902  3952.899902   6913570
2023-01-11 13:36:00-05:00  3952.889893  3953.290039  3951.860107  3951.919922  3951.919922   5915111
2023-01-11 13:38:00-05:00  3951.909912  3952.629883  3951.909912  3952.520020  3952.520020   5697044
2023-01-11 13:40:00-05:00  3952.489990  3954.590088  3952.489990  3953.659912  3953.659912   7052220
2023-01-11 13:42:00-05:00  3953.689941  3954.149902  3952.959961  3954.149902  3954.149902   5831380
2023-01-11 13:44:00-05:00  3954.219971  3954.310059  3952.320068  3952.320068  3952.320068   7829531
2023-01-11 13:46:00-05:00  3952.280029  3953.300049  3952.250000  3952.560059  3952.560059   6689113
2023-01-11 13:48:00-05:00  3952.469971  3953.120117  3952.310059  3952.310059  3952.310059   6583577
2023-01-11 13:50:00-05:00  3952.320068  3952.459961  3949.429932  3949.770020  3949.770020   7630576
2023-01-11 13:52:00-05:00  3949.850098  3950.030029  3948.199951  3948.479980  3948.479980   6201534
2023-01-11 13:54:00-05:00  3948.510010  3949.959961  3948.110107  3949.729980  3949.729980   6429942
2023-01-11 13:56:00-05:00  3949.699951  3949.699951  3948.840088  3949.070068  3949.070068   4604062
2023-01-11 13:58:00-05:00  3949.080078  3949.909912  3949.000000  3949.909912  3949.909912   5309013
2023-01-11 14:00:00-05:00  3949.929932  3951.110107  3949.929932  3950.340088  3950.340088   7300055
2023-01-11 14:02:00-05:00  3950.409912  3950.429932  3949.199951  3949.590088  3949.590088   6187516
2023-01-11 14:04:00-05:00  3949.610107  3949.729980  3947.540039  3947.629883  3947.629883   6441614
2023-01-11 14:06:00-05:00  3947.699951  3947.800049  3945.870117  3946.510010  3946.510010   6375897
2023-01-11 14:08:00-05:00  3946.590088  3948.540039  3946.590088  3948.540039  3948.540039   6524594
2023-01-11 14:10:00-05:00  3948.560059  3949.750000  3948.560059  3949.639893  3949.639893   5475720
2023-01-11 14:12:00-05:00  3949.639893  3949.969971  3948.949951  3949.780029  3949.780029   7252868
2023-01-11 14:14:00-05:00  3949.790039  3949.879883  3948.399902  3948.699951  3948.699951   6086157
2023-01-11 14:16:00-05:00  3948.739990  3950.629883  3948.709961  3950.469971  3950.469971   5588847
2023-01-11 14:18:00-05:00  3950.449951  3952.060059  3950.260010  3951.610107  3951.610107   6623301
2023-01-11 14:20:00-05:00  3951.629883  3952.189941  3951.040039  3951.820068  3951.820068   7720067
2023-01-11 14:22:00-05:00  3951.820068  3952.649902  3951.820068  3952.459961  3952.459961   6089213
2023-01-11 14:24:00-05:00  3952.459961  3952.469971  3951.810059  3952.449951  3952.449951   6372459
2023-01-11 14:26:00-05:00  3952.510010  3953.090088  3952.179932  3952.669922  3952.669922   6149939
2023-01-11 14:28:00-05:00  3952.639893  3953.060059  3951.699951  3951.830078  3951.830078   5769050
2023-01-11 14:30:00-05:00  3951.780029  3954.709961  3951.600098  3954.040039  3954.040039   7421171
2023-01-11 14:32:00-05:00  3953.989990  3954.889893  3953.550049  3954.820068  3954.820068   6587950
2023-01-11 14:34:00-05:00  3954.790039  3955.280029  3953.919922  3954.110107  3954.110107   5924420
2023-01-11 14:36:00-05:00  3954.060059  3956.520020  3953.610107  3956.280029  3956.280029   7466714
2023-01-11 14:38:00-05:00  3956.300049  3956.429932  3955.879883  3956.020020  3956.020020   5726455
2023-01-11 14:40:00-05:00  3956.040039  3956.070068  3955.120117  3955.899902  3955.899902   6664772
2023-01-11 14:42:00-05:00  3955.889893  3957.790039  3955.860107  3957.790039  3957.790039   7379750
2023-01-11 14:44:00-05:00  3957.820068  3959.030029  3957.689941  3957.689941  3957.689941   7704830
2023-01-11 14:46:00-05:00  3957.739990  3958.459961  3957.489990  3958.219971  3958.219971   8390676
2023-01-11 14:48:00-05:00  3958.179932  3958.179932  3956.879883  3957.050049  3957.050049   6795487
2023-01-11 14:50:00-05:00  3957.050049  3957.050049  3955.889893  3956.219971  3956.219971   7306401
2023-01-11 14:52:00-05:00  3956.199951  3956.330078  3955.610107  3956.110107  3956.110107   6607071
2023-01-11 14:54:00-05:00  3956.090088  3956.340088  3955.560059  3955.820068  3955.820068   6944759
2023-01-11 14:56:00-05:00  3955.810059  3956.120117  3954.830078  3955.780029  3955.780029   6919776
2023-01-11 14:58:00-05:00  3955.810059  3956.689941  3955.600098  3956.659912  3956.659912   7740510
2023-01-11 15:00:00-05:00  3956.639893  3957.580078  3956.320068  3957.560059  3957.560059   9073556
2023-01-11 15:02:00-05:00  3957.600098  3958.189941  3957.120117  3957.320068  3957.320068   7023087
2023-01-11 15:04:00-05:00  3957.340088  3958.959961  3957.209961  3957.239990  3957.239990   9508346
2023-01-11 15:06:00-05:00  3957.330078  3958.070068  3956.750000  3957.919922  3957.919922   7435115
2023-01-11 15:08:00-05:00  3957.919922  3958.489990  3957.320068  3957.429932  3957.429932   8269288
2023-01-11 15:10:00-05:00  3957.459961  3959.919922  3957.330078  3959.919922  3959.919922   9564458
2023-01-11 15:12:00-05:00  3959.939941  3961.379883  3958.389893  3959.629883  3959.629883  10860870
2023-01-11 15:14:00-05:00  3959.649902  3960.479980  3959.560059  3960.120117  3960.120117   8181747
2023-01-11 15:16:00-05:00  3960.129883  3961.179932  3959.800049  3960.449951  3960.449951  10349604
2023-01-11 15:18:00-05:00  3960.449951  3962.709961  3960.449951  3962.179932  3962.179932  10359829
2023-01-11 15:20:00-05:00  3962.239990  3962.699951  3961.600098  3961.750000  3961.750000   9457262
2023-01-11 15:22:00-05:00  3961.729980  3962.199951  3961.620117  3961.620117  3961.620117   9132727
2023-01-11 15:24:00-05:00  3961.639893  3962.500000  3960.620117  3961.409912  3961.409912  11835500
2023-01-11 15:26:00-05:00  3961.389893  3961.389893  3959.429932  3959.429932  3959.429932   9562931
2023-01-11 15:28:00-05:00  3959.409912  3960.050049  3959.360107  3959.770020  3959.770020   9497573
2023-01-11 15:30:00-05:00  3959.750000  3959.780029  3957.580078  3958.250000  3958.250000  13016353
2023-01-11 15:32:00-05:00  3958.250000  3958.449951  3957.330078  3957.330078  3957.330078  10741918
2023-01-11 15:34:00-05:00  3957.300049  3957.929932  3956.909912  3957.070068  3957.070068  12693338
2023-01-11 15:36:00-05:00  3957.070068  3957.330078  3956.540039  3956.800049  3956.800049  11934634
2023-01-11 15:38:00-05:00  3956.800049  3956.800049  3955.540039  3955.989990  3955.989990  11843576
2023-01-11 15:40:00-05:00  3956.020020  3956.179932  3954.520020  3956.129883  3956.129883  14487566
2023-01-11 15:42:00-05:00  3956.179932  3958.090088  3955.889893  3958.080078  3958.080078  12793234
2023-01-11 15:44:00-05:00  3958.129883  3959.360107  3957.699951  3958.449951  3958.449951  18057138
2023-01-11 15:46:00-05:00  3958.530029  3960.070068  3958.300049  3959.399902  3959.399902  16323150
2023-01-11 15:48:00-05:00  3959.409912  3961.689941  3959.090088  3961.629883  3961.629883  19710544
2023-01-11 15:50:00-05:00  3961.620117  3962.489990  3960.050049  3962.419922  3962.419922  29558938
2023-01-11 15:52:00-05:00  3962.310059  3964.189941  3961.830078  3963.340088  3963.340088  29683047
2023-01-11 15:54:00-05:00  3963.250000  3967.409912  3963.250000  3967.409912  3967.409912  42597273
2023-01-11 15:56:00-05:00  3967.469971  3967.719971  3966.169922  3966.510010  3966.510010  46562604
2023-01-11 15:58:00-05:00  3966.550049  3970.070068  3966.550049  3969.129883  3969.129883  69097132
2023-01-12 09:30:00-05:00  3977.570068  3981.959961  3977.389893  3977.899902  3977.899902  12508111
2023-01-12 09:32:00-05:00  3977.620117  3977.620117  3966.929932  3967.429932  3967.429932  18754764
2023-01-12 09:34:00-05:00  3967.290039  3969.080078  3963.780029  3964.870117  3964.870117  17165421
2023-01-12 09:36:00-05:00  3964.790039  3967.070068  3959.419922  3961.110107  3961.110107  17816278
2023-01-12 09:38:00-05:00  3962.060059  3966.909912  3962.060059  3964.250000  3964.250000  16165667
2023-01-12 09:40:00-05:00  3964.100098  3965.270020  3956.030029  3957.409912  3957.409912  19359116
2023-01-12 09:42:00-05:00  3957.310059  3957.780029  3948.979980  3949.489990  3949.489990  17046709
2023-01-12 09:44:00-05:00  3949.760010  3950.909912  3943.189941  3943.760010  3943.760010  18211648
2023-01-12 09:46:00-05:00  3943.800049  3948.090088  3943.290039  3946.330078  3946.330078  16445920
2023-01-12 09:48:00-05:00  3946.449951  3947.320068  3941.169922  3941.169922  3941.169922  15801228
2023-01-12 09:50:00-05:00  3941.040039  3945.959961  3939.510010  3945.530029  3945.530029  16315813
2023-01-12 09:52:00-05:00  3945.469971  3945.469971  3938.860107  3938.939941  3938.939941  12381322
2023-01-12 09:54:00-05:00  3938.909912  3942.489990  3937.560059  3942.489990  3942.489990  14017259
2023-01-12 09:56:00-05:00  3942.760010  3948.209961  3941.610107  3948.209961  3948.209961  14293110
2023-01-12 09:58:00-05:00  3948.330078  3951.620117  3947.469971  3949.389893  3949.389893  14279368
2023-01-12 10:00:00-05:00  3950.659912  3959.429932  3950.449951  3958.669922  3958.669922  17859836
2023-01-12 10:02:00-05:00  3958.379883  3960.090088  3956.429932  3956.429932  3956.429932  12791510
2023-01-12 10:04:00-05:00  3956.290039  3961.330078  3955.719971  3960.439941  3960.439941  14140497
2023-01-12 10:06:00-05:00  3959.989990  3963.860107  3957.669922  3957.669922  3957.669922  12743766
2023-01-12 10:08:00-05:00  3957.739990  3959.179932  3952.760010  3957.340088  3957.340088  13918509
2023-01-12 10:10:00-05:00  3957.530029  3970.389893  3957.530029  3970.139893  3970.139893  14315055
2023-01-12 10:12:00-05:00  3970.050049  3980.000000  3969.870117  3977.030029  3977.030029  17643720
2023-01-12 10:14:00-05:00  3977.110107  3979.629883  3974.370117  3979.219971  3979.219971  12689014
2023-01-12 10:16:00-05:00  3979.639893  3980.719971  3978.139893  3978.449951  3978.449951  11719550
2023-01-12 10:18:00-05:00  3978.489990  3981.949951  3976.860107  3978.830078  3978.830078  13990207
2023-01-12 10:20:00-05:00  3978.870117  3981.000000  3976.909912  3977.179932  3977.179932  11709989
2023-01-12 10:22:00-05:00  3977.189941  3978.159912  3973.330078  3974.679932  3974.679932  11880409
2023-01-12 10:24:00-05:00  3974.780029  3979.810059  3972.939941  3979.810059  3979.810059  10947069
2023-01-12 10:26:00-05:00  3979.669922  3980.159912  3974.360107  3974.360107  3974.360107  10184781
2023-01-12 10:28:00-05:00  3974.300049  3974.959961  3970.149902  3973.600098  3973.600098  11426581
2023-01-12 10:30:00-05:00  3973.239990  3973.520020  3966.280029  3967.729980  3967.729980  11717217
2023-01-12 10:32:00-05:00  3967.750000  3974.810059  3967.750000  3972.750000  3972.750000  11016517
2023-01-12 10:34:00-05:00  3972.699951  3978.899902  3971.909912  3978.629883  3978.629883  12039892
2023-01-12 10:36:00-05:00  3978.429932  3981.169922  3977.639893  3980.879883  3980.879883   9399576
2023-01-12 10:38:00-05:00  3980.820068  3981.780029  3979.469971  3981.540039  3981.540039   8850788
2023-01-12 10:40:00-05:00  3981.620117  3982.449951  3976.989990  3977.310059  3977.310059  10610238
2023-01-12 10:42:00-05:00  3977.300049  3977.300049  3971.939941  3971.939941  3971.939941  10796000
2023-01-12 10:44:00-05:00  3971.840088  3971.939941  3963.250000  3963.500000  3963.500000  15326085
2023-01-12 10:46:00-05:00  3963.709961  3965.909912  3960.679932  3964.560059  3964.560059  11661379
2023-01-12 10:48:00-05:00  3964.530029  3966.520020  3964.459961  3965.229980  3965.229980   8857015
2023-01-12 10:50:00-05:00  3965.340088  3969.580078  3963.000000  3969.090088  3969.090088   9861997
2023-01-12 10:52:00-05:00  3969.290039  3972.820068  3969.129883  3972.820068  3972.820068   8475834
2023-01-12 10:54:00-05:00  3972.840088  3973.780029  3971.699951  3972.729980  3972.729980   8368317
2023-01-12 10:56:00-05:00  3972.760010  3975.010010  3969.629883  3973.810059  3973.810059  11790267
2023-01-12 10:58:00-05:00  3973.810059  3976.709961  3968.800049  3968.800049  3968.800049  11148520
2023-01-12 11:00:00-05:00  3968.750000  3968.750000  3958.149902  3959.810059  3959.810059  12983278
2023-01-12 11:02:00-05:00  3960.070068  3963.620117  3958.899902  3963.620117  3963.620117   8255952
2023-01-12 11:04:00-05:00  3963.750000  3967.189941  3961.250000  3966.909912  3966.909912   9041605
2023-01-12 11:06:00-05:00  3967.060059  3969.090088  3965.360107  3966.580078  3966.580078   9963999
2023-01-12 11:08:00-05:00  3966.530029  3966.889893  3964.590088  3966.729980  3966.729980   7163123
2023-01-12 11:10:00-05:00  3966.790039  3968.709961  3965.699951  3967.159912  3967.159912   8059082
2023-01-12 11:12:00-05:00  3967.330078  3970.159912  3965.540039  3969.560059  3969.560059   7885443
2023-01-12 11:14:00-05:00  3969.429932  3973.959961  3969.429932  3971.959961  3971.959961   9445257
2023-01-12 11:16:00-05:00  3971.959961  3974.399902  3971.939941  3972.600098  3972.600098   8411116
2023-01-12 11:18:00-05:00  3972.580078  3972.959961  3970.639893  3970.879883  3970.879883   8026127
2023-01-12 11:20:00-05:00  3971.129883  3973.330078  3970.429932  3973.330078  3973.330078   8795988
2023-01-12 11:22:00-05:00  3973.439941  3974.229980  3972.389893  3973.729980  3973.729980   6921815
2023-01-12 11:24:00-05:00  3973.689941  3973.979980  3970.689941  3970.909912  3970.909912   7675989
2023-01-12 11:26:00-05:00  3970.870117  3971.540039  3965.810059  3970.719971  3970.719971   9788508
2023-01-12 11:28:00-05:00  3970.600098  3972.959961  3970.489990  3970.689941  3970.689941   7136295
2023-01-12 11:30:00-05:00  3970.679932  3971.280029  3968.389893  3968.389893  3968.389893   6244127
2023-01-12 11:32:00-05:00  3968.409912  3968.510010  3964.850098  3964.899902  3964.899902   7602295
2023-01-12 11:34:00-05:00  3964.989990  3965.969971  3961.560059  3964.709961  3964.709961   9032089
2023-01-12 11:36:00-05:00  3964.830078  3969.120117  3964.320068  3968.719971  3968.719971   8462547
2023-01-12 11:38:00-05:00  3968.709961  3971.000000  3967.280029  3968.260010  3968.260010   9155660
2023-01-12 11:40:00-05:00  3968.229980  3970.179932  3967.530029  3969.469971  3969.469971   6841007
2023-01-12 11:42:00-05:00  3969.469971  3973.209961  3968.570068  3972.810059  3972.810059   7860227
2023-01-12 11:44:00-05:00  3973.000000  3975.340088  3972.840088  3974.800049  3974.800049   8536321
2023-01-12 11:46:00-05:00  3974.780029  3975.469971  3972.030029  3974.060059  3974.060059  10242661
2023-01-12 11:48:00-05:00  3974.120117  3974.330078  3969.919922  3970.489990  3970.489990   7321018
2023-01-12 11:50:00-05:00  3970.510010  3971.149902  3968.800049  3971.040039  3971.040039   6394064
2023-01-12 11:52:00-05:00  3971.060059  3972.189941  3970.189941  3971.169922  3971.169922   6672320
2023-01-12 11:54:00-05:00  3971.159912  3972.320068  3970.320068  3971.879883  3971.879883   6105925
2023-01-12 11:56:00-05:00  3972.000000  3974.229980  3972.000000  3974.229980  3974.229980   7413768
2023-01-12 11:58:00-05:00  3974.229980  3978.379883  3974.229980  3977.449951  3977.449951   8253960
2023-01-12 12:00:00-05:00  3977.330078  3977.570068  3975.820068  3975.820068  3975.820068   7932822
2023-01-12 12:02:00-05:00  3975.879883  3978.239990  3975.879883  3977.290039  3977.290039   7569665
2023-01-12 12:04:00-05:00  3977.310059  3977.510010  3975.409912  3975.429932  3975.429932   7582065
2023-01-12 12:06:00-05:00  3975.689941  3980.899902  3975.570068  3980.899902  3980.899902   7455348
2023-01-12 12:08:00-05:00  3980.889893  3983.409912  3980.800049  3981.689941  3981.689941   8746695
2023-01-12 12:10:00-05:00  3981.649902  3984.439941  3981.350098  3984.389893  3984.389893   9653498
2023-01-12 12:12:00-05:00  3984.409912  3985.469971  3984.239990  3984.889893  3984.889893   9254222
2023-01-12 12:14:00-05:00  3985.040039  3986.129883  3984.080078  3985.629883  3985.629883   8145365
2023-01-12 12:16:00-05:00  3985.629883  3988.149902  3985.580078  3988.149902  3988.149902   8230164
2023-01-12 12:18:00-05:00  3988.189941  3988.729980  3987.439941  3987.699951  3987.699951   8637870
2023-01-12 12:20:00-05:00  3987.699951  3988.979980  3985.899902  3985.989990  3985.989990   9242360
2023-01-12 12:22:00-05:00  3986.000000  3987.689941  3986.000000  3987.550049  3987.550049   6748390
2023-01-12 12:24:00-05:00  3987.560059  3988.570068  3987.399902  3987.560059  3987.560059   7404175
2023-01-12 12:26:00-05:00  3987.530029  3990.449951  3987.530029  3990.199951  3990.199951   7627895
2023-01-12 12:28:00-05:00  3990.209961  3992.389893  3990.209961  3992.060059  3992.060059   9955067
2023-01-12 12:30:00-05:00  3992.010010  3992.649902  3990.899902  3990.969971  3990.969971   7581269
2023-01-12 12:32:00-05:00  3991.000000  3992.379883  3989.830078  3992.350098  3992.350098   9239144
2023-01-12 12:34:00-05:00  3992.270020  3993.760010  3992.189941  3993.620117  3993.620117   8869858
2023-01-12 12:36:00-05:00  3993.610107  3993.959961  3992.790039  3992.889893  3992.889893   7943447
2023-01-12 12:38:00-05:00  3993.030029  3993.139893  3991.209961  3991.209961  3991.209961   8258470
2023-01-12 12:40:00-05:00  3991.169922  3991.260010  3989.040039  3990.110107  3990.110107   8476150
2023-01-12 12:42:00-05:00  3990.189941  3990.379883  3988.459961  3988.679932  3988.679932   6461673
2023-01-12 12:44:00-05:00  3988.699951  3991.800049  3988.649902  3991.750000  3991.750000   8300289
2023-01-12 12:46:00-05:00  3991.729980  3992.860107  3991.729980  3992.540039  3992.540039   7103465
2023-01-12 12:48:00-05:00  3992.500000  3993.250000  3990.409912  3990.409912  3990.409912   6856255
2023-01-12 12:50:00-05:00  3990.399902  3993.330078  3990.389893  3992.860107  3992.860107   7249250
2023-01-12 12:52:00-05:00  3992.830078  3994.179932  3992.570068  3994.179932  3994.179932   6395394
2023-01-12 12:54:00-05:00  3994.149902  3994.149902  3991.959961  3993.030029  3993.030029   6916572
2023-01-12 12:56:00-05:00  3992.949951  3993.550049  3992.679932  3993.300049  3993.300049   6120941
2023-01-12 12:58:00-05:00  3993.260010  3993.260010  3991.239990  3991.330078  3991.330078   6818388
2023-01-12 13:00:00-05:00  3991.340088  3992.389893  3989.800049  3989.830078  3989.830078   8372372
2023-01-12 13:02:00-05:00  3989.820068  3994.750000  3989.820068  3994.340088  3994.340088   9480991
2023-01-12 13:04:00-05:00  3994.370117  3994.540039  3992.270020  3993.250000  3993.250000   7595810
2023-01-12 13:06:00-05:00  3993.310059  3995.050049  3991.830078  3993.290039  3993.290039   8288650
2023-01-12 13:08:00-05:00  3993.100098  3994.110107  3992.929932  3992.959961  3992.959961   6244265
2023-01-12 13:10:00-05:00  3992.889893  3993.360107  3991.090088  3991.100098  3991.100098   7130185
2023-01-12 13:12:00-05:00  3991.080078  3994.100098  3990.540039  3994.100098  3994.100098   7249055
2023-01-12 13:14:00-05:00  3994.080078  3995.149902  3993.870117  3995.120117  3995.120117   6892094
2023-01-12 13:16:00-05:00  3995.080078  3997.139893  3995.040039  3997.030029  3997.030029   7503273
2023-01-12 13:18:00-05:00  3997.020020  3997.020020  3994.340088  3995.229980  3995.229980   7062699
2023-01-12 13:20:00-05:00  3995.209961  3996.010010  3994.620117  3994.649902  3994.649902   6213830
2023-01-12 13:22:00-05:00  3994.719971  3995.010010  3993.520020  3993.949951  3993.949951   6271074
2023-01-12 13:24:00-05:00  3993.989990  3994.560059  3988.489990  3988.540039  3988.540039  10206694
2023-01-12 13:26:00-05:00  3988.679932  3988.679932  3979.550049  3979.770020  3979.770020  13001034
2023-01-12 13:28:00-05:00  3979.770020  3980.500000  3974.010010  3975.600098  3975.600098  12953052
2023-01-12 13:30:00-05:00  3975.550049  3977.840088  3969.889893  3971.350098  3971.350098  13456038
2023-01-12 13:32:00-05:00  3971.189941  3979.250000  3971.179932  3979.030029  3979.030029  10741570
2023-01-12 13:34:00-05:00  3979.090088  3980.639893  3978.110107  3980.639893  3980.639893   8764178
2023-01-12 13:36:00-05:00  3980.719971  3984.899902  3980.050049  3984.899902  3984.899902   8778057
2023-01-12 13:38:00-05:00  3985.010010  3985.510010  3984.010010  3984.270020  3984.270020   7135265
2023-01-12 13:40:00-05:00  3984.270020  3985.820068  3983.659912  3985.610107  3985.610107   6714644
2023-01-12 13:42:00-05:00  3985.610107  3986.909912  3985.080078  3986.530029  3986.530029   6681428
2023-01-12 13:44:00-05:00  3986.520020  3987.330078  3985.449951  3986.520020  3986.520020   6525875
2023-01-12 13:46:00-05:00  3986.550049  3990.139893  3986.550049  3990.129883  3990.129883   6091100
2023-01-12 13:48:00-05:00  3990.070068  3991.120117  3989.810059  3989.810059  3989.810059   7158187
2023-01-12 13:50:00-05:00  3989.850098  3991.310059  3989.159912  3991.129883  3991.129883   6904570
2023-01-12 13:52:00-05:00  3991.169922  3994.959961  3991.149902  3994.300049  3994.300049   8319233
2023-01-12 13:54:00-05:00  3994.300049  3997.040039  3994.270020  3996.189941  3996.189941   9318597
2023-01-12 13:56:00-05:00  3996.169922  3996.659912  3995.199951  3996.280029  3996.280029   6909369
2023-01-12 13:58:00-05:00  3996.270020  3996.790039  3995.159912  3995.840088  3995.840088   7718873
2023-01-12 14:00:00-05:00  3995.840088  3996.810059  3995.639893  3995.989990  3995.989990   8308965
2023-01-12 14:02:00-05:00  3996.040039  3997.760010  3992.679932  3994.050049  3994.050049   9473416
2023-01-12 14:04:00-05:00  3994.060059  3994.129883  3991.489990  3992.669922  3992.669922   7054086
2023-01-12 14:06:00-05:00  3992.520020  3993.129883  3991.580078  3992.169922  3992.169922   9609291
2023-01-12 14:08:00-05:00  3991.909912  3994.350098  3989.929932  3990.439941  3990.439941  10185011
2023-01-12 14:10:00-05:00  3990.580078  3991.409912  3989.699951  3990.739990  3990.739990   7449661
2023-01-12 14:12:00-05:00  3990.810059  3992.340088  3990.719971  3992.070068  3992.070068   6716329
2023-01-12 14:14:00-05:00  3991.709961  3993.600098  3991.540039  3991.870117  3991.870117   6602766
2023-01-12 14:16:00-05:00  3991.959961  3992.229980  3990.850098  3991.479980  3991.479980   6444960
2023-01-12 14:18:00-05:00  3991.459961  3993.219971  3991.459961  3992.469971  3992.469971   6152256
2023-01-12 14:20:00-05:00  3992.449951  3994.030029  3991.820068  3991.820068  3991.820068   7759681
2023-01-12 14:22:00-05:00  3991.570068  3991.969971  3987.070068  3988.209961  3988.209961   9798538
2023-01-12 14:24:00-05:00  3988.239990  3990.899902  3988.239990  3988.379883  3988.379883   7452526
2023-01-12 14:26:00-05:00  3988.429932  3990.270020  3988.169922  3989.770020  3989.770020   6077664
2023-01-12 14:28:00-05:00  3989.780029  3990.159912  3987.800049  3988.250000  3988.250000   7413413
2023-01-12 14:30:00-05:00  3988.300049  3988.639893  3985.790039  3987.929932  3987.929932   9077279
2023-01-12 14:32:00-05:00  3987.939941  3990.000000  3987.639893  3989.030029  3989.030029   7569149
2023-01-12 14:34:00-05:00  3989.060059  3989.969971  3987.969971  3988.590088  3988.590088   7172003
2023-01-12 14:36:00-05:00  3988.570068  3989.219971  3986.919922  3988.850098  3988.850098   8044628
2023-01-12 14:38:00-05:00  3989.030029  3991.830078  3989.030029  3990.919922  3990.919922   9222931
2023-01-12 14:40:00-05:00  3990.949951  3992.459961  3990.820068  3992.439941  3992.439941   8181376
2023-01-12 14:42:00-05:00  3992.409912  3992.689941  3988.879883  3989.459961  3989.459961   9010340
2023-01-12 14:44:00-05:00  3989.600098  3990.370117  3988.250000  3990.370117  3990.370117   7909817
2023-01-12 14:46:00-05:00  3990.409912  3992.320068  3990.409912  3992.320068  3992.320068   7486577
2023-01-12 14:48:00-05:00  3992.320068  3992.320068  3990.149902  3990.159912  3990.159912   6282044
2023-01-12 14:50:00-05:00  3990.149902  3990.189941  3986.000000  3986.060059  3986.060059   9415731
2023-01-12 14:52:00-05:00  3986.040039  3986.739990  3982.760010  3984.770020  3984.770020   9434936
2023-01-12 14:54:00-05:00  3984.879883  3984.919922  3981.550049  3982.070068  3982.070068   9936757
2023-01-12 14:56:00-05:00  3982.070068  3984.449951  3981.270020  3983.330078  3983.330078   8461692
2023-01-12 14:58:00-05:00  3983.379883  3986.860107  3983.379883  3986.860107  3986.860107   7864109
2023-01-12 15:00:00-05:00  3986.929932  3987.070068  3984.280029  3984.419922  3984.419922   7548252
2023-01-12 15:02:00-05:00  3984.449951  3988.100098  3983.439941  3988.020020  3988.020020   9865809
2023-01-12 15:04:00-05:00  3988.090088  3988.479980  3985.760010  3986.120117  3986.120117   8915092
2023-01-12 15:06:00-05:00  3986.100098  3986.719971  3983.750000  3983.800049  3983.800049   9535114
2023-01-12 15:08:00-05:00  3983.979980  3984.139893  3979.979980  3980.219971  3980.219971   9135306
2023-01-12 15:10:00-05:00  3980.260010  3980.840088  3977.889893  3979.020020  3979.020020  10016974
2023-01-12 15:12:00-05:00  3978.919922  3980.699951  3978.919922  3978.969971  3978.969971   9164210
2023-01-12 15:14:00-05:00  3978.989990  3979.750000  3977.669922  3977.850098  3977.850098  11016428
2023-01-12 15:16:00-05:00  3977.870117  3980.290039  3977.419922  3980.110107  3980.110107  10123725
2023-01-12 15:18:00-05:00  3979.989990  3980.750000  3977.360107  3977.560059  3977.560059   9814156
2023-01-12 15:20:00-05:00  3977.560059  3980.449951  3976.590088  3980.419922  3980.419922  11321553
2023-01-12 15:22:00-05:00  3980.399902  3981.600098  3979.800049  3980.820068  3980.820068  11192034
2023-01-12 15:24:00-05:00  3980.739990  3982.199951  3980.510010  3981.350098  3981.350098   9897654
2023-01-12 15:26:00-05:00  3981.340088  3983.409912  3980.459961  3983.250000  3983.250000  10488609
2023-01-12 15:28:00-05:00  3983.290039  3983.290039  3980.330078  3980.399902  3980.399902   9527151
2023-01-12 15:30:00-05:00  3980.379883  3982.919922  3980.350098  3982.860107  3982.860107  12472628
2023-01-12 15:32:00-05:00  3982.860107  3983.479980  3981.530029  3983.050049  3983.050049  10839449
2023-01-12 15:34:00-05:00  3983.040039  3983.350098  3980.620117  3981.239990  3981.239990  11988974
2023-01-12 15:36:00-05:00  3981.290039  3981.580078  3980.219971  3980.270020  3980.270020  11453629
2023-01-12 15:38:00-05:00  3980.300049  3980.300049  3977.370117  3980.030029  3980.030029  14581668
2023-01-12 15:40:00-05:00  3980.020020  3982.149902  3980.020020  3982.129883  3982.129883  14142100
2023-01-12 15:42:00-05:00  3982.060059  3982.080078  3978.280029  3978.350098  3978.350098  13374684
2023-01-12 15:44:00-05:00  3978.310059  3979.439941  3974.389893  3974.389893  3974.389893  19118442
2023-01-12 15:46:00-05:00  3974.610107  3975.929932  3972.520020  3972.820068  3972.820068  18748504
2023-01-12 15:48:00-05:00  3972.810059  3974.260010  3972.540039  3974.060059  3974.060059  15934929
2023-01-12 15:50:00-05:00  3974.129883  3980.209961  3974.129883  3979.739990  3979.739990  34296757
2023-01-12 15:52:00-05:00  3979.750000  3979.889893  3976.489990  3978.780029  3978.780029  25792981
2023-01-12 15:54:00-05:00  3978.909912  3981.340088  3978.909912  3981.250000  3981.250000  37424240
2023-01-12 15:56:00-05:00  3981.280029  3984.689941  3980.449951  3983.639893  3983.639893  41161265
2023-01-12 15:58:00-05:00  3983.639893  3984.560059  3983.080078  3983.080078  3983.080078  63443601
2023-01-13 09:30:00-05:00  3952.949951  3960.600098  3952.120117  3954.459961  3954.459961  47499334
2023-01-13 09:32:00-05:00  3954.620117  3954.899902  3949.550049  3952.550049  3952.550049  19561068
2023-01-13 09:34:00-05:00  3952.479980  3955.439941  3951.620117  3952.010010  3952.010010  19340010
2023-01-13 09:36:00-05:00  3951.989990  3954.530029  3950.979980  3952.570068  3952.570068  18447982
2023-01-13 09:38:00-05:00  3952.610107  3952.979980  3948.659912  3950.439941  3950.439941  17714476
2023-01-13 09:40:00-05:00  3950.280029  3955.729980  3950.270020  3950.270020  3950.270020  18560613
2023-01-13 09:42:00-05:00  3950.040039  3953.270020  3947.669922  3953.179932  3953.179932  14717140
2023-01-13 09:44:00-05:00  3953.189941  3953.659912  3949.149902  3953.659912  3953.659912  15791728
2023-01-13 09:46:00-05:00  3953.790039  3958.989990  3953.790039  3958.260010  3958.260010  16502308
2023-01-13 09:48:00-05:00  3958.290039  3961.399902  3956.120117  3956.600098  3956.600098  14428477
2023-01-13 09:50:00-05:00  3956.629883  3964.040039  3956.270020  3963.229980  3963.229980  15241639
2023-01-13 09:52:00-05:00  3963.260010  3963.300049  3961.229980  3962.030029  3962.030029  14074274
2023-01-13 09:54:00-05:00  3962.030029  3963.750000  3960.330078  3963.739990  3963.739990  15819206
2023-01-13 09:56:00-05:00  3963.560059  3965.439941  3962.129883  3962.639893  3962.639893  15523024
2023-01-13 09:58:00-05:00  3962.620117  3964.639893  3961.290039  3961.600098  3961.600098  14779469
2023-01-13 10:00:00-05:00  3961.530029  3970.580078  3959.139893  3965.340088  3965.340088  22379489
2023-01-13 10:02:00-05:00  3965.520020  3967.479980  3963.010010  3966.219971  3966.219971  15427355
2023-01-13 10:04:00-05:00  3966.189941  3969.219971  3964.209961  3969.080078  3969.080078  13503235
2023-01-13 10:06:00-05:00  3969.149902  3971.810059  3966.800049  3967.770020  3967.770020  14980753
2023-01-13 10:08:00-05:00  3967.709961  3967.709961  3964.989990  3967.090088  3967.090088  11608187
2023-01-13 10:10:00-05:00  3966.810059  3970.530029  3966.590088  3968.580078  3968.580078  12205510
2023-01-13 10:12:00-05:00  3968.780029  3973.629883  3968.780029  3972.879883  3972.879883  13742585
2023-01-13 10:14:00-05:00  3972.840088  3974.090088  3970.709961  3973.389893  3973.389893  13327502
2023-01-13 10:16:00-05:00  3973.530029  3973.530029  3970.280029  3971.320068  3971.320068  11885444
2023-01-13 10:18:00-05:00  3971.290039  3971.459961  3968.850098  3970.649902  3970.649902  13446117
2023-01-13 10:20:00-05:00  3970.689941  3972.320068  3969.879883  3971.100098  3971.100098  11213995
2023-01-13 10:22:00-05:00  3971.149902  3976.219971  3969.969971  3976.060059  3976.060059  13002970
2023-01-13 10:24:00-05:00  3976.010010  3978.110107  3975.169922  3975.340088  3975.340088  12798568
2023-01-13 10:26:00-05:00  3975.350098  3977.909912  3975.350098  3977.760010  3977.760010  11215645
2023-01-13 10:28:00-05:00  3977.790039  3979.000000  3976.350098  3979.000000  3979.000000  11435419
2023-01-13 10:30:00-05:00  3978.959961  3980.979980  3976.949951  3976.949951  3976.949951  13936750
2023-01-13 10:32:00-05:00  3976.760010  3976.939941  3973.560059  3974.760010  3974.760010  11240786
2023-01-13 10:34:00-05:00  3974.770020  3974.770020  3972.830078  3974.520020  3974.520020   9943404
2023-01-13 10:36:00-05:00  3974.530029  3975.399902  3973.590088  3975.000000  3975.000000  10663071
2023-01-13 10:38:00-05:00  3974.929932  3975.310059  3974.020020  3974.149902  3974.149902  10066721
2023-01-13 10:40:00-05:00  3974.139893  3978.449951  3974.139893  3978.030029  3978.030029  10804435
2023-01-13 10:42:00-05:00  3978.000000  3978.310059  3976.709961  3976.719971  3976.719971   9715702
2023-01-13 10:44:00-05:00  3976.780029  3976.899902  3973.669922  3976.790039  3976.790039  12103727
2023-01-13 10:46:00-05:00  3976.830078  3980.010010  3976.689941  3980.010010  3980.010010  10809703
2023-01-13 10:48:00-05:00  3980.050049  3980.050049  3978.050049  3979.469971  3979.469971   8965118
2023-01-13 10:50:00-05:00  3979.449951  3980.030029  3976.209961  3976.209961  3976.209961   9346267
2023-01-13 10:52:00-05:00  3976.229980  3977.469971  3976.209961  3977.199951  3977.199951   8787099
2023-01-13 10:54:00-05:00  3977.219971  3979.620117  3976.750000  3979.520020  3979.520020  10132839
2023-01-13 10:56:00-05:00  3979.540039  3979.540039  3976.520020  3977.209961  3977.209961  10330667
2023-01-13 10:58:00-05:00  3977.250000  3977.250000  3975.530029  3976.800049  3976.800049   9078747
2023-01-13 11:00:00-05:00  3976.979980  3978.860107  3972.629883  3974.010010  3974.010010  12367938
2023-01-13 11:02:00-05:00  3974.010010  3976.020020  3973.419922  3975.270020  3975.270020   9276199
2023-01-13 11:04:00-05:00  3975.149902  3976.199951  3974.229980  3974.250000  3974.250000  10383338
2023-01-13 11:06:00-05:00  3974.239990  3976.070068  3973.760010  3976.070068  3976.070068   8800230
2023-01-13 11:08:00-05:00  3976.100098  3977.340088  3973.649902  3974.199951  3974.199951   9171050
2023-01-13 11:10:00-05:00  3974.169922  3974.780029  3972.770020  3973.919922  3973.919922   8514831
2023-01-13 11:12:00-05:00  3973.860107  3973.979980  3970.879883  3971.139893  3971.139893   9263505
2023-01-13 11:14:00-05:00  3971.129883  3971.780029  3968.530029  3968.850098  3968.850098  10825928
2023-01-13 11:16:00-05:00  3968.870117  3969.780029  3967.429932  3969.540039  3969.540039  10652584
2023-01-13 11:18:00-05:00  3969.570068  3969.629883  3967.770020  3969.409912  3969.409912   8463473
2023-01-13 11:20:00-05:00  3969.459961  3971.949951  3969.379883  3971.909912  3971.909912   9326571
2023-01-13 11:22:00-05:00  3971.979980  3976.850098  3971.979980  3976.850098  3976.850098   9405246
2023-01-13 11:24:00-05:00  3976.780029  3977.010010  3975.370117  3975.709961  3975.709961   8967564
2023-01-13 11:26:00-05:00  3975.800049  3976.760010  3974.429932  3974.429932  3974.429932   9171681
2023-01-13 11:28:00-05:00  3974.389893  3974.639893  3972.600098  3973.459961  3973.459961   8479123
2023-01-13 11:30:00-05:00  3973.290039  3973.620117  3970.840088  3970.879883  3970.879883   7289447
2023-01-13 11:32:00-05:00  3970.840088  3970.840088  3968.479980  3969.939941  3969.939941   8459494
2023-01-13 11:34:00-05:00  3969.939941  3970.620117  3968.770020  3969.689941  3969.689941   8596811
2023-01-13 11:36:00-05:00  3969.860107  3971.709961  3969.860107  3970.620117  3970.620117   8068860
2023-01-13 11:38:00-05:00  3970.639893  3970.689941  3968.709961  3968.820068  3968.820068   8132985
2023-01-13 11:40:00-05:00  3968.889893  3969.560059  3968.179932  3968.370117  3968.370117   7575453
2023-01-13 11:42:00-05:00  3968.399902  3970.830078  3968.139893  3970.830078  3970.830078   7009946
2023-01-13 11:44:00-05:00  3970.820068  3971.149902  3968.489990  3968.600098  3968.600098   7994737
2023-01-13 11:46:00-05:00  3968.560059  3968.659912  3965.949951  3967.300049  3967.300049   8142233
2023-01-13 11:48:00-05:00  3967.239990  3969.060059  3966.479980  3968.699951  3968.699951   6963325
2023-01-13 11:50:00-05:00  3968.770020  3971.889893  3968.750000  3970.280029  3970.280029  10904382
2023-01-13 11:52:00-05:00  3970.129883  3970.860107  3968.000000  3970.669922  3970.669922   7057311
2023-01-13 11:54:00-05:00  3970.610107  3970.840088  3969.939941  3969.939941  3969.939941   6026233
2023-01-13 11:56:00-05:00  3969.959961  3969.969971  3967.370117  3969.120117  3969.120117   7481535
2023-01-13 11:58:00-05:00  3969.129883  3971.850098  3968.939941  3971.530029  3971.530029   7024120
2023-01-13 12:00:00-05:00  3971.530029  3972.560059  3970.719971  3972.550049  3972.550049   7202251
2023-01-13 12:02:00-05:00  3972.540039  3973.429932  3971.560059  3972.530029  3972.530029   7210778
2023-01-13 12:04:00-05:00  3972.689941  3972.860107  3971.449951  3971.639893  3971.639893   5953100
2023-01-13 12:06:00-05:00  3971.629883  3973.169922  3971.080078  3972.409912  3972.409912   7244001
2023-01-13 12:08:00-05:00  3972.469971  3973.520020  3972.300049  3973.379883  3973.379883   6120010
2023-01-13 12:10:00-05:00  3973.370117  3973.889893  3973.139893  3973.310059  3973.310059   5859294
2023-01-13 12:12:00-05:00  3973.310059  3976.449951  3973.030029  3976.449951  3976.449951   6910540
2023-01-13 12:14:00-05:00  3976.389893  3976.389893  3975.919922  3976.340088  3976.340088   1392133
2023-01-13 12:16:00-05:00  3976.739990  3976.889893  3976.540039  3976.800049  3976.800049  11715487
2023-01-13 12:18:00-05:00  3976.860107  3977.770020  3976.280029  3977.590088  3977.590088   6702207
2023-01-13 12:20:00-05:00  3977.159912  3977.949951  3976.820068  3977.070068  3977.070068   7052249
2023-01-13 12:22:00-05:00  3977.090088  3977.189941  3975.860107  3976.020020  3976.020020   7110211
2023-01-13 12:24:00-05:00  3975.939941  3978.139893  3975.290039  3978.139893  3978.139893   6399004
2023-01-13 12:26:00-05:00  3978.169922  3978.739990  3978.120117  3978.129883  3978.129883   5530423
2023-01-13 12:28:00-05:00  3978.149902  3978.739990  3977.870117  3977.979980  3977.979980   5371456
2023-01-13 12:30:00-05:00  3978.000000  3978.090088  3975.199951  3975.500000  3975.500000   7307952
2023-01-13 12:32:00-05:00  3975.489990  3977.760010  3975.489990  3977.580078  3977.580078   5825460
2023-01-13 12:34:00-05:00  3977.590088  3977.699951  3976.300049  3976.689941  3976.689941   5609771
2023-01-13 12:36:00-05:00  3976.729980  3976.770020  3974.909912  3975.709961  3975.709961   5162412
2023-01-13 12:38:00-05:00  3975.689941  3975.870117  3973.969971  3974.360107  3974.360107   5988769
2023-01-13 12:40:00-05:00  3974.379883  3975.270020  3974.199951  3974.260010  3974.260010   5467110
2023-01-13 12:42:00-05:00  3974.219971  3975.469971  3973.949951  3975.469971  3975.469971   5441118
2023-01-13 12:44:00-05:00  3975.469971  3978.620117  3975.469971  3978.209961  3978.209961   9072368
2023-01-13 12:46:00-05:00  3978.219971  3979.030029  3977.689941  3977.919922  3977.919922   6806826
2023-01-13 12:48:00-05:00  3977.939941  3977.939941  3976.750000  3977.500000  3977.500000   6240326
2023-01-13 12:50:00-05:00  3977.500000  3977.790039  3976.370117  3977.050049  3977.050049   6050071
2023-01-13 12:52:00-05:00  3977.070068  3977.840088  3977.070068  3977.629883  3977.629883   5308049
2023-01-13 12:54:00-05:00  3977.669922  3978.560059  3977.669922  3978.409912  3978.409912   5834266
2023-01-13 12:56:00-05:00  3978.459961  3980.949951  3978.459961  3979.669922  3979.669922   8674044
2023-01-13 12:58:00-05:00  3979.639893  3980.100098  3978.610107  3980.080078  3980.080078   5852770
2023-01-13 13:00:00-05:00  3980.090088  3981.469971  3979.760010  3981.469971  3981.469971   7295693
2023-01-13 13:02:00-05:00  3981.469971  3982.040039  3980.820068  3981.959961  3981.959961   8611206
2023-01-13 13:04:00-05:00  3982.000000  3982.010010  3978.570068  3978.889893  3978.889893   8592284
2023-01-13 13:06:00-05:00  3978.959961  3979.300049  3978.110107  3978.709961  3978.709961   8439531
2023-01-13 13:08:00-05:00  3978.649902  3979.290039  3978.199951  3979.040039  3979.040039   5957311
2023-01-13 13:10:00-05:00  3979.030029  3981.129883  3978.929932  3981.070068  3981.070068   6348955
2023-01-13 13:12:00-05:00  3981.070068  3981.250000  3979.350098  3979.419922  3979.419922   6758142
2023-01-13 13:14:00-05:00  3979.469971  3980.050049  3977.399902  3977.790039  3977.790039   7259550
2023-01-13 13:16:00-05:00  3977.830078  3978.280029  3975.909912  3976.120117  3976.120117   6379640
2023-01-13 13:18:00-05:00  3976.139893  3977.330078  3976.139893  3976.449951  3976.449951   5548660
2023-01-13 13:20:00-05:00  3976.370117  3976.600098  3974.790039  3976.600098  3976.600098   6751056
2023-01-13 13:22:00-05:00  3976.639893  3976.870117  3975.479980  3975.620117  3975.620117   6257466
2023-01-13 13:24:00-05:00  3975.679932  3977.129883  3975.550049  3976.989990  3976.989990   6401025
2023-01-13 13:26:00-05:00  3976.969971  3977.530029  3976.399902  3977.250000  3977.250000   6583168
2023-01-13 13:28:00-05:00  3977.250000  3977.540039  3976.459961  3977.489990  3977.489990   6044018
2023-01-13 13:30:00-05:00  3977.520020  3978.800049  3976.909912  3978.479980  3978.479980   6199393
2023-01-13 13:32:00-05:00  3978.479980  3979.620117  3978.479980  3979.620117  3979.620117   5383209
2023-01-13 13:34:00-05:00  3979.669922  3981.120117  3979.659912  3980.260010  3980.260010   7401280
2023-01-13 13:36:00-05:00  3980.169922  3980.280029  3979.310059  3979.350098  3979.350098   5740402
2023-01-13 13:38:00-05:00  3979.370117  3982.560059  3979.350098  3982.560059  3982.560059   7434638
2023-01-13 13:40:00-05:00  3982.600098  3984.959961  3982.600098  3984.719971  3984.719971  10140764
2023-01-13 13:42:00-05:00  3984.719971  3987.340088  3984.719971  3986.969971  3986.969971   8259894
2023-01-13 13:44:00-05:00  3986.989990  3987.379883  3985.209961  3985.209961  3985.209961   7396776
2023-01-13 13:46:00-05:00  3985.209961  3987.439941  3985.189941  3987.409912  3987.409912   6367538
2023-01-13 13:48:00-05:00  3987.419922  3989.489990  3987.419922  3989.000000  3989.000000   7629167
2023-01-13 13:50:00-05:00  3988.949951  3989.750000  3988.169922  3988.280029  3988.280029   7943578
2023-01-13 13:52:00-05:00  3988.129883  3988.629883  3987.199951  3988.330078  3988.330078   5576623
2023-01-13 13:54:00-05:00  3988.350098  3988.399902  3987.030029  3987.489990  3987.489990   5533658
2023-01-13 13:56:00-05:00  3987.479980  3988.100098  3986.969971  3987.659912  3987.659912   5991050
2023-01-13 13:58:00-05:00  3987.669922  3988.689941  3987.669922  3988.590088  3988.590088   6896001
2023-01-13 14:00:00-05:00  3988.530029  3990.540039  3988.530029  3990.520020  3990.520020   6837494
2023-01-13 14:02:00-05:00  3990.510010  3990.620117  3987.840088  3987.840088  3987.840088   6806216
2023-01-13 14:04:00-05:00  3987.850098  3988.780029  3986.639893  3988.520020  3988.520020   7008158
2023-01-13 14:06:00-05:00  3988.530029  3988.530029  3987.090088  3987.110107  3987.110107   5902412
2023-01-13 14:08:00-05:00  3987.090088  3987.419922  3985.669922  3985.669922  3985.669922   6108920
2023-01-13 14:10:00-05:00  3985.709961  3987.669922  3985.469971  3987.610107  3987.610107   6706320
2023-01-13 14:12:00-05:00  3987.620117  3988.070068  3987.000000  3987.110107  3987.110107   7305810
2023-01-13 14:14:00-05:00  3987.090088  3988.979980  3987.090088  3988.590088  3988.590088   6455757
2023-01-13 14:16:00-05:00  3988.379883  3988.800049  3986.969971  3987.979980  3987.979980   6380511
2023-01-13 14:18:00-05:00  3987.979980  3988.870117  3986.770020  3986.889893  3986.889893   5828754
2023-01-13 14:20:00-05:00  3986.889893  3986.989990  3985.659912  3985.750000  3985.750000   5249449
2023-01-13 14:22:00-05:00  3985.739990  3985.969971  3985.219971  3985.629883  3985.629883   5908950
2023-01-13 14:24:00-05:00  3985.709961  3986.790039  3985.550049  3986.439941  3986.439941   6741067
2023-01-13 14:26:00-05:00  3986.459961  3988.300049  3986.350098  3988.179932  3988.179932   7526356
2023-01-13 14:28:00-05:00  3988.159912  3988.979980  3988.010010  3988.820068  3988.820068   5486998
2023-01-13 14:30:00-05:00  3988.810059  3990.870117  3988.810059  3990.379883  3990.379883   7597288
2023-01-13 14:32:00-05:00  3990.419922  3990.850098  3988.409912  3988.629883  3988.629883   7174367
2023-01-13 14:34:00-05:00  3988.600098  3989.659912  3988.399902  3988.560059  3988.560059   6959817
2023-01-13 14:36:00-05:00  3988.540039  3988.550049  3986.669922  3987.989990  3987.989990   6668318
2023-01-13 14:38:00-05:00  3987.959961  3990.669922  3987.350098  3990.560059  3990.560059   7475225
2023-01-13 14:40:00-05:00  3990.530029  3990.550049  3988.889893  3988.949951  3988.949951   5609437
2023-01-13 14:42:00-05:00  3988.949951  3988.979980  3988.199951  3988.909912  3988.909912   5505646
2023-01-13 14:44:00-05:00  3988.929932  3989.610107  3988.699951  3988.889893  3988.889893   5540873
2023-01-13 14:46:00-05:00  3988.870117  3990.300049  3988.080078  3990.280029  3990.280029   6279690
2023-01-13 14:48:00-05:00  3990.320068  3991.610107  3989.979980  3990.040039  3990.040039   7642234
2023-01-13 14:50:00-05:00  3990.070068  3990.070068  3987.669922  3987.959961  3987.959961   7511455
2023-01-13 14:52:00-05:00  3988.000000  3989.229980  3987.989990  3988.750000  3988.750000   4629486
2023-01-13 14:54:00-05:00  3988.729980  3989.709961  3986.929932  3988.419922  3988.419922   7713248
2023-01-13 14:56:00-05:00  3988.399902  3989.770020  3988.330078  3989.760010  3989.760010   6063626
2023-01-13 14:58:00-05:00  3989.709961  3990.399902  3989.379883  3989.969971  3989.969971   5705687
2023-01-13 15:00:00-05:00  3989.939941  3990.679932  3989.659912  3990.370117  3990.370117   6621701
2023-01-13 15:02:00-05:00  3990.399902  3992.060059  3990.389893  3991.870117  3991.870117   7783132
2023-01-13 15:04:00-05:00  3991.840088  3992.320068  3991.370117  3991.500000  3991.500000   7977032
2023-01-13 15:06:00-05:00  3991.530029  3991.750000  3990.699951  3991.360107  3991.360107   7862139
2023-01-13 15:08:00-05:00  3991.360107  3992.449951  3991.260010  3992.399902  3992.399902   7120908
2023-01-13 15:10:00-05:00  3992.409912  3994.419922  3991.899902  3991.899902  3991.899902  12361582
2023-01-13 15:12:00-05:00  3991.899902  3992.209961  3991.419922  3991.600098  3991.600098   7165630
2023-01-13 15:14:00-05:00  3991.580078  3992.530029  3991.010010  3991.120117  3991.120117   7386886
2023-01-13 15:16:00-05:00  3991.100098  3992.750000  3991.080078  3992.350098  3992.350098   7440412
2023-01-13 15:18:00-05:00  3992.350098  3993.389893  3992.330078  3992.729980  3992.729980   8070626
2023-01-13 15:20:00-05:00  3992.760010  3994.479980  3992.429932  3993.969971  3993.969971   9962678
2023-01-13 15:22:00-05:00  3993.979980  3994.909912  3993.659912  3994.159912  3994.159912  10571122
2023-01-13 15:24:00-05:00  3994.120117  3994.760010  3994.050049  3994.639893  3994.639893   8327262
2023-01-13 15:26:00-05:00  3994.689941  3995.729980  3994.669922  3994.840088  3994.840088   9729504
2023-01-13 15:28:00-05:00  3994.810059  3996.070068  3994.709961  3996.060059  3996.060059   9785755
2023-01-13 15:30:00-05:00  3996.050049  3996.840088  3995.620117  3996.840088  3996.840088  13353335
2023-01-13 15:32:00-05:00  3996.840088  3996.840088  3995.899902  3996.300049  3996.300049  10738545
2023-01-13 15:34:00-05:00  3996.290039  3998.679932  3996.199951  3998.679932  3998.679932  10784829
2023-01-13 15:36:00-05:00  3998.679932  4001.280029  3998.540039  4000.979980  4000.979980  14029437
2023-01-13 15:38:00-05:00  4000.939941  4003.770020  4000.870117  4003.770020  4003.770020  15163340
2023-01-13 15:40:00-05:00  4003.810059  4003.949951  4000.729980  4001.389893  4001.389893  14566195
2023-01-13 15:42:00-05:00  4001.370117  4002.239990  4000.199951  4000.469971  4000.469971  14151219
2023-01-13 15:44:00-05:00  4000.530029  4001.340088  3998.830078  3998.919922  3998.919922  16158019
2023-01-13 15:46:00-05:00  3999.020020  3999.030029  3996.360107  3996.489990  3996.489990  14266943
2023-01-13 15:48:00-05:00  3996.530029  3998.379883  3996.239990  3998.290039  3998.290039  16583319
2023-01-13 15:50:00-05:00  3998.560059  3998.560059  3996.320068  3996.489990  3996.489990  26723142
2023-01-13 15:52:00-05:00  3996.530029  3996.739990  3995.510010  3995.959961  3995.959961  23425022
2023-01-13 15:54:00-05:00  3996.040039  4000.060059  3995.949951  4000.060059  4000.060059  39964036
2023-01-13 15:56:00-05:00  4000.040039  4000.600098  3999.199951  4000.600098  4000.600098  38280513
2023-01-13 15:58:00-05:00  4000.629883  4001.070068  3998.580078  3998.629883  3998.629883  61855170
2023-01-17 09:30:00-05:00  3999.280029  4002.409912  3998.239990  4001.250000  4001.250000  56862349
2023-01-17 09:32:00-05:00  4001.070068  4002.149902  3997.239990  3997.239990  3997.239990  25641764
2023-01-17 09:34:00-05:00  3997.010010  4000.360107  3995.139893  3996.800049  3996.800049  21240246
2023-01-17 09:36:00-05:00  3996.639893  3997.629883  3995.239990  3995.770020  3995.770020  17528274
2023-01-17 09:38:00-05:00  3995.629883  3996.379883  3991.699951  3993.479980  3993.479980  18679234
2023-01-17 09:40:00-05:00  3993.750000  3996.419922  3989.840088  3996.419922  3996.419922  20951680
2023-01-17 09:42:00-05:00  3996.379883  3997.570068  3994.429932  3995.000000  3995.000000  16420278
2023-01-17 09:44:00-05:00  3995.199951  4000.280029  3995.199951  3999.080078  3999.080078  15958944
2023-01-17 09:46:00-05:00  3998.919922  4000.080078  3998.600098  3999.330078  3999.330078  13770003
2023-01-17 09:48:00-05:00  3999.389893  4001.919922  3997.189941  3999.300049  3999.300049  15997509
2023-01-17 09:50:00-05:00  3999.489990  4000.169922  3996.600098  3998.360107  3998.360107  14172317
2023-01-17 09:52:00-05:00  3998.229980  4002.610107  3998.080078  4002.610107  4002.610107  14338989
2023-01-17 09:54:00-05:00  4002.780029  4004.389893  4002.780029  4003.209961  4003.209961  14507645
2023-01-17 09:56:00-05:00  4002.110107  4002.159912  3997.560059  3998.600098  3998.600098  15758674
2023-01-17 09:58:00-05:00  3998.560059  4000.360107  3998.540039  3998.620117  3998.620117  13952958
2023-01-17 10:00:00-05:00  3998.830078  4007.439941  3998.830078  4007.409912  4007.409912  20108194
2023-01-17 10:02:00-05:00  4007.479980  4013.760010  4007.479980  4013.760010  4013.760010  15337687
2023-01-17 10:04:00-05:00  4013.699951  4014.169922  4009.580078  4010.280029  4010.280029  16438060
2023-01-17 10:06:00-05:00  4010.280029  4011.560059  4009.020020  4009.020020  4009.020020  13823858
2023-01-17 10:08:00-05:00  4008.929932  4012.129883  4008.909912  4011.550049  4011.550049  13658152
2023-01-17 10:10:00-05:00  4011.570068  4013.239990  4011.570068  4012.699951  4012.699951  29037775
2023-01-17 10:12:00-05:00  4012.770020  4013.590088  4010.649902  4010.679932  4010.679932  11635477
2023-01-17 10:14:00-05:00  4010.610107  4011.060059  4009.739990  4009.959961  4009.959961  12142895
2023-01-17 10:16:00-05:00  4010.070068  4011.689941  4008.770020  4011.689941  4011.689941  12213205
2023-01-17 10:18:00-05:00  4011.790039  4012.790039  4010.429932  4011.459961  4011.459961  12109438
2023-01-17 10:20:00-05:00  4011.459961  4014.370117  4011.459961  4013.350098  4013.350098  12524705
2023-01-17 10:22:00-05:00  4013.350098  4015.389893  4013.330078  4015.330078  4015.330078  11139740
2023-01-17 10:24:00-05:00  4015.350098  4015.350098  4013.159912  4014.159912  4014.159912  11188976
2023-01-17 10:26:00-05:00  4014.189941  4014.989990  4011.760010  4012.149902  4012.149902  11713037
2023-01-17 10:28:00-05:00  4012.189941  4012.189941  4009.300049  4010.139893  4010.139893  13077475
2023-01-17 10:30:00-05:00  4010.429932  4011.540039  4007.770020  4007.790039  4007.790039  12739378
2023-01-17 10:32:00-05:00  4007.709961  4007.709961  4005.679932  4006.860107  4006.860107  12783154
2023-01-17 10:34:00-05:00  4006.770020  4007.300049  4005.689941  4006.739990  4006.739990  11616638
2023-01-17 10:36:00-05:00  4006.560059  4006.989990  4004.530029  4005.899902  4005.899902  11661043
2023-01-17 10:38:00-05:00  4005.939941  4006.239990  4002.979980  4003.139893  4003.139893   9136943
2023-01-17 10:40:00-05:00  4003.139893  4003.879883  3995.969971  3997.419922  3997.419922  15782774
2023-01-17 10:42:00-05:00  3997.389893  3997.389893  3992.379883  3994.310059  3994.310059  14119087
2023-01-17 10:44:00-05:00  3994.290039  3997.669922  3993.760010  3995.840088  3995.840088  11776096
2023-01-17 10:46:00-05:00  3995.810059  3998.750000  3995.810059  3998.050049  3998.050049  11427585
2023-01-17 10:48:00-05:00  3998.100098  3999.370117  3998.100098  3998.550049  3998.550049   9823220
2023-01-17 10:50:00-05:00  3998.429932  3998.860107  3995.919922  3995.959961  3995.959961   9834935
2023-01-17 10:52:00-05:00  3996.110107  3997.550049  3995.560059  3995.590088  3995.590088   8241621
2023-01-17 10:54:00-05:00  3995.060059  3996.810059  3993.919922  3995.189941  3995.189941  10646570
2023-01-17 10:56:00-05:00  3995.120117  3995.739990  3994.209961  3995.280029  3995.280029   8416896
2023-01-17 10:58:00-05:00  3995.179932  3997.550049  3995.100098  3996.550049  3996.550049  10569615
2023-01-17 11:00:00-05:00  3996.239990  3997.560059  3993.189941  3993.750000  3993.750000  10543260
2023-01-17 11:02:00-05:00  3993.709961  3996.310059  3993.070068  3996.270020  3996.270020   8595285
2023-01-17 11:04:00-05:00  3996.260010  3996.540039  3994.000000  3994.479980  3994.479980   9736256
2023-01-17 11:06:00-05:00  3994.560059  3994.560059  3989.610107  3991.379883  3991.379883   9868662
2023-01-17 11:08:00-05:00  3991.419922  3991.629883  3990.219971  3991.129883  3991.129883   7332264
2023-01-17 11:10:00-05:00  3991.159912  3991.159912  3986.250000  3987.889893  3987.889893  15927710
2023-01-17 11:12:00-05:00  3987.870117  3987.870117  3986.070068  3987.479980  3987.479980   9540442
2023-01-17 11:14:00-05:00  3987.520020  3987.580078  3986.020020  3986.919922  3986.919922   9979803
2023-01-17 11:16:00-05:00  3986.969971  3988.600098  3986.330078  3988.600098  3988.600098   8903623
2023-01-17 11:18:00-05:00  3988.590088  3988.590088  3987.250000  3988.290039  3988.290039   8921399
2023-01-17 11:20:00-05:00  3988.290039  3988.590088  3986.320068  3986.379883  3986.379883   9212326
2023-01-17 11:22:00-05:00  3986.320068  3988.889893  3985.879883  3987.030029  3987.030029   8671412
2023-01-17 11:24:00-05:00  3987.030029  3987.169922  3984.570068  3987.080078  3987.080078   9526330
2023-01-17 11:26:00-05:00  3987.020020  3989.270020  3986.709961  3989.169922  3989.169922   7672662
2023-01-17 11:28:00-05:00  3989.159912  3991.129883  3989.159912  3990.429932  3990.429932   9227747
2023-01-17 11:30:00-05:00  3990.439941  3994.330078  3989.750000  3994.330078  3994.330078   9385801
2023-01-17 11:32:00-05:00  3994.340088  3994.439941  3993.159912  3994.429932  3994.429932   7546050
2023-01-17 11:34:00-05:00  3994.439941  3994.439941  3991.860107  3993.030029  3993.030029   7673148
2023-01-17 11:36:00-05:00  3993.050049  3993.429932  3990.909912  3991.189941  3991.189941   7325117
2023-01-17 11:38:00-05:00  3991.209961  3994.010010  3991.209961  3993.729980  3993.729980   7945164
2023-01-17 11:40:00-05:00  3993.719971  3994.560059  3993.270020  3993.739990  3993.739990   7867634
2023-01-17 11:42:00-05:00  3993.739990  3995.350098  3993.600098  3995.179932  3995.179932   7518767
2023-01-17 11:44:00-05:00  3995.189941  3995.280029  3993.610107  3994.340088  3994.340088   7610649
2023-01-17 11:46:00-05:00  3994.280029  3996.250000  3994.169922  3996.030029  3996.030029   7220714
2023-01-17 11:48:00-05:00  3996.030029  3996.139893  3995.100098  3995.320068  3995.320068   6175692
2023-01-17 11:50:00-05:00  3995.370117  3996.469971  3995.250000  3996.469971  3996.469971   7497056
2023-01-17 11:52:00-05:00  3996.459961  3996.580078  3995.260010  3995.300049  3995.300049   6810033
2023-01-17 11:54:00-05:00  3995.290039  3995.310059  3992.979980  3993.320068  3993.320068   7547520
2023-01-17 11:56:00-05:00  3993.280029  3996.199951  3993.280029  3996.199951  3996.199951   6593340
2023-01-17 11:58:00-05:00  3996.250000  3996.939941  3995.570068  3995.639893  3995.639893   6369836
2023-01-17 12:00:00-05:00  3995.649902  3997.610107  3995.649902  3997.610107  3997.610107   7599888
2023-01-17 12:02:00-05:00  3997.639893  3998.469971  3997.340088  3998.030029  3998.030029   5535671
2023-01-17 12:04:00-05:00  3998.060059  3999.459961  3998.060059  3998.399902  3998.399902   7128942
2023-01-17 12:06:00-05:00  3998.449951  3998.580078  3995.929932  3996.080078  3996.080078   9983471
2023-01-17 12:08:00-05:00  3996.090088  3996.669922  3994.429932  3994.449951  3994.449951   6203408
2023-01-17 12:10:00-05:00  3994.449951  3994.810059  3993.010010  3994.459961  3994.459961   8125985
2023-01-17 12:12:00-05:00  3994.370117  3994.649902  3993.560059  3994.199951  3994.199951   5644048
2023-01-17 12:14:00-05:00  3994.139893  3994.139893  3992.889893  3993.449951  3993.449951   6120651
2023-01-17 12:16:00-05:00  3993.479980  3994.159912  3992.689941  3992.780029  3992.780029   6225130
2023-01-17 12:18:00-05:00  3992.729980  3992.810059  3991.379883  3991.889893  3991.889893   5608036
2023-01-17 12:20:00-05:00  3991.899902  3992.679932  3991.510010  3992.590088  3992.590088   5774792
2023-01-17 12:22:00-05:00  3992.620117  3993.600098  3991.189941  3991.199951  3991.199951   6674558
2023-01-17 12:24:00-05:00  3991.159912  3991.239990  3989.800049  3990.439941  3990.439941   7588233
2023-01-17 12:26:00-05:00  3990.459961  3990.459961  3989.030029  3990.050049  3990.050049   6100804
2023-01-17 12:28:00-05:00  3990.080078  3991.300049  3989.810059  3989.879883  3989.879883   5983096
2023-01-17 12:30:00-05:00  3989.899902  3992.439941  3989.409912  3992.439941  3992.439941   6738219
2023-01-17 12:32:00-05:00  3992.510010  3993.189941  3992.290039  3992.889893  3992.889893   6686014
2023-01-17 12:34:00-05:00  3992.879883  3994.020020  3992.620117  3993.889893  3993.889893   5882725
2023-01-17 12:36:00-05:00  3993.810059  3993.969971  3992.989990  3993.919922  3993.919922   5687245
2023-01-17 12:38:00-05:00  3993.899902  3994.989990  3993.790039  3994.139893  3994.139893   6094091
2023-01-17 12:40:00-05:00  3994.100098  3994.469971  3993.060059  3993.100098  3993.100098   5568392
2023-01-17 12:42:00-05:00  3993.120117  3994.080078  3993.010010  3993.719971  3993.719971   5802785
2023-01-17 12:44:00-05:00  3993.699951  3993.739990  3991.729980  3991.729980  3991.729980   7314167
2023-01-17 12:46:00-05:00  3991.750000  3993.790039  3991.750000  3993.790039  3993.790039   5703880
2023-01-17 12:48:00-05:00  3993.780029  3994.300049  3993.280029  3993.560059  3993.560059   7627010
2023-01-17 12:50:00-05:00  3993.449951  3994.229980  3992.830078  3994.229980  3994.229980   6795140
2023-01-17 12:52:00-05:00  3994.280029  3996.320068  3994.280029  3996.120117  3996.120117   6427267
2023-01-17 12:54:00-05:00  3996.129883  3996.739990  3995.659912  3995.659912  3995.659912   6588305
2023-01-17 12:56:00-05:00  3995.669922  3995.669922  3994.020020  3994.360107  3994.360107   6161820
2023-01-17 12:58:00-05:00  3994.330078  3994.719971  3993.739990  3994.719971  3994.719971   5959163
2023-01-17 13:00:00-05:00  3994.719971  3996.060059  3994.439941  3995.989990  3995.989990   7254218
2023-01-17 13:02:00-05:00  3996.020020  3997.139893  3996.020020  3996.800049  3996.800049   6242776
2023-01-17 13:04:00-05:00  3997.010010  3997.340088  3996.429932  3996.489990  3996.489990   6822132
2023-01-17 13:06:00-05:00  3996.489990  3997.199951  3996.389893  3997.040039  3997.040039   6836615
2023-01-17 13:08:00-05:00  3997.090088  3997.110107  3995.550049  3995.550049  3995.550049   6288684
2023-01-17 13:10:00-05:00  3995.560059  3995.790039  3993.000000  3993.060059  3993.060059   8222905
2023-01-17 13:12:00-05:00  3993.030029  3994.739990  3993.030029  3994.040039  3994.040039   7161228
2023-01-17 13:14:00-05:00  3994.050049  3995.709961  3993.879883  3995.709961  3995.709961   7340219
2023-01-17 13:16:00-05:00  3995.830078  3996.000000  3995.030029  3995.719971  3995.719971   6083671
2023-01-17 13:18:00-05:00  3995.729980  3997.189941  3995.729980  3996.370117  3996.370117   5982977
2023-01-17 13:20:00-05:00  3996.370117  3996.570068  3995.100098  3995.719971  3995.719971   6016295
2023-01-17 13:22:00-05:00  3995.709961  3995.750000  3994.040039  3994.500000  3994.500000   7411915
2023-01-17 13:24:00-05:00  3994.479980  3994.949951  3994.000000  3994.909912  3994.909912   7125158
2023-01-17 13:26:00-05:00  3994.969971  3995.159912  3993.669922  3994.689941  3994.689941   7375163
2023-01-17 13:28:00-05:00  3994.729980  3995.570068  3994.479980  3995.070068  3995.070068   5344902
2023-01-17 13:30:00-05:00  3995.070068  3995.899902  3994.189941  3995.899902  3995.899902   6495474
2023-01-17 13:32:00-05:00  3995.889893  3996.580078  3995.530029  3995.810059  3995.810059   6675337
2023-01-17 13:34:00-05:00  3995.850098  3996.669922  3995.320068  3996.639893  3996.639893   5673580
2023-01-17 13:36:00-05:00  3996.590088  3997.530029  3996.040039  3997.530029  3997.530029   7108329
2023-01-17 13:38:00-05:00  3997.560059  4000.520020  3997.560059  4000.429932  4000.429932   8643449
2023-01-17 13:40:00-05:00  4000.429932  4000.979980  3999.629883  4000.979980  4000.979980   6533235
2023-01-17 13:42:00-05:00  4001.010010  4001.149902  4000.040039  4000.550049  4000.550049   5792602
2023-01-17 13:44:00-05:00  4000.590088  4001.020020  3997.989990  3998.370117  3998.370117   7126726
2023-01-17 13:46:00-05:00  3998.300049  3998.870117  3998.030029  3998.820068  3998.820068   5362179
2023-01-17 13:48:00-05:00  3998.820068  4000.429932  3998.810059  4000.399902  4000.399902   6295452
2023-01-17 13:50:00-05:00  4000.419922  4001.040039  4000.320068  4000.739990  4000.739990   6221384
2023-01-17 13:52:00-05:00  4000.770020  4000.770020  3999.739990  3999.929932  3999.929932   6477712
2023-01-17 13:54:00-05:00  3999.959961  4000.080078  3998.439941  3998.439941  3998.439941   6404028
2023-01-17 13:56:00-05:00  3998.419922  3999.939941  3998.370117  3999.870117  3999.870117   6558050
2023-01-17 13:58:00-05:00  3999.889893  4000.330078  3999.739990  4000.120117  4000.120117   6141848
2023-01-17 14:00:00-05:00  4000.129883  4000.770020  3999.300049  3999.360107  3999.360107   7147225
2023-01-17 14:02:00-05:00  3999.360107  4000.229980  3999.199951  4000.229980  4000.229980   6463700
2023-01-17 14:04:00-05:00  4000.239990  4001.479980  4000.040039  4000.310059  4000.310059   6787396
2023-01-17 14:06:00-05:00  4000.350098  4001.120117  4000.090088  4000.949951  4000.949951   6741797
2023-01-17 14:08:00-05:00  4000.989990  4000.989990  4000.429932  4000.550049  4000.550049   6025285
2023-01-17 14:10:00-05:00  4000.520020  4000.860107  3999.409912  4000.110107  4000.110107   7609019
2023-01-17 14:12:00-05:00  4000.080078  4000.590088  3997.520020  3997.620117  3997.620117   7068721
2023-01-17 14:14:00-05:00  3997.629883  3997.679932  3990.810059  3991.699951  3991.699951  14576539
2023-01-17 14:16:00-05:00  3991.590088  3992.830078  3990.219971  3992.830078  3992.830078   8856584
2023-01-17 14:18:00-05:00  3992.850098  3993.429932  3991.840088  3993.310059  3993.310059   6570570
2023-01-17 14:20:00-05:00  3993.360107  3993.580078  3990.239990  3991.199951  3991.199951   9029826
2023-01-17 14:22:00-05:00  3991.229980  3991.719971  3990.290039  3991.699951  3991.699951   6140846
2023-01-17 14:24:00-05:00  3991.679932  3993.449951  3991.350098  3992.310059  3992.310059   7147484
2023-01-17 14:26:00-05:00  3992.320068  3993.070068  3992.260010  3992.469971  3992.469971   6210675
2023-01-17 14:28:00-05:00  3992.439941  3992.550049  3991.659912  3992.120117  3992.120117   6983493
2023-01-17 14:30:00-05:00  3992.120117  3994.989990  3992.120117  3994.989990  3994.989990   7552507
2023-01-17 14:32:00-05:00  3995.030029  3996.060059  3994.909912  3996.060059  3996.060059   6034586
2023-01-17 14:34:00-05:00  3996.070068  3997.800049  3995.699951  3997.800049  3997.800049   7716325
2023-01-17 14:36:00-05:00  3997.810059  3999.229980  3997.780029  3999.229980  3999.229980   6439838
2023-01-17 14:38:00-05:00  3999.209961  3999.489990  3999.090088  3999.090088  3999.090088   7156516
2023-01-17 14:40:00-05:00  3999.110107  4000.479980  3999.020020  3999.790039  3999.790039   7563970
2023-01-17 14:42:00-05:00  3999.780029  3999.840088  3998.439941  3999.090088  3999.090088   6540530
2023-01-17 14:44:00-05:00  3999.070068  4000.280029  3999.070068  3999.429932  3999.429932   7009621
2023-01-17 14:46:00-05:00  3999.409912  3999.520020  3998.330078  3998.820068  3998.820068   6326321
2023-01-17 14:48:00-05:00  3998.830078  3999.429932  3998.449951  3999.020020  3999.020020   6048120
2023-01-17 14:50:00-05:00  3999.149902  3999.679932  3998.110107  3998.139893  3998.139893   7052234
2023-01-17 14:52:00-05:00  3998.110107  3998.229980  3996.399902  3996.409912  3996.409912   7178088
2023-01-17 14:54:00-05:00  3996.449951  3997.600098  3996.449951  3996.879883  3996.879883   6178213
2023-01-17 14:56:00-05:00  3996.870117  3996.870117  3994.419922  3994.590088  3994.590088   7946056
2023-01-17 14:58:00-05:00  3994.600098  3995.389893  3993.560059  3994.939941  3994.939941   7906461
2023-01-17 15:00:00-05:00  3994.879883  3998.949951  3994.669922  3998.949951  3998.949951   9634349
2023-01-17 15:02:00-05:00  3998.899902  3998.899902  3997.159912  3998.320068  3998.320068   7098597
2023-01-17 15:04:00-05:00  3998.330078  3998.350098  3997.370117  3997.409912  3997.409912   7777971
2023-01-17 15:06:00-05:00  3997.399902  3997.590088  3996.830078  3997.590088  3997.590088   7321078
2023-01-17 15:08:00-05:00  3997.600098  3997.800049  3996.620117  3997.090088  3997.090088   8068284
2023-01-17 15:10:00-05:00  3996.939941  3997.260010  3993.379883  3994.020020  3994.020020  10494586
2023-01-17 15:12:00-05:00  3994.000000  3994.320068  3992.639893  3994.310059  3994.310059   8499746
2023-01-17 15:14:00-05:00  3994.340088  3995.080078  3992.540039  3992.949951  3992.949951   8300391
2023-01-17 15:16:00-05:00  3993.040039  3995.899902  3993.040039  3995.899902  3995.899902   8941361
2023-01-17 15:18:00-05:00  3995.899902  3996.129883  3994.590088  3994.860107  3994.860107   9503064
2023-01-17 15:20:00-05:00  3994.879883  3994.879883  3991.830078  3993.219971  3993.219971  10171485
2023-01-17 15:22:00-05:00  3993.169922  3994.879883  3993.040039  3994.469971  3994.469971   8548975
2023-01-17 15:24:00-05:00  3994.469971  3994.760010  3994.010010  3994.689941  3994.689941   8786749
2023-01-17 15:26:00-05:00  3994.669922  3995.550049  3993.419922  3993.580078  3993.580078   8470538
2023-01-17 15:28:00-05:00  3993.580078  3994.110107  3992.770020  3993.370117  3993.370117   9225755
2023-01-17 15:30:00-05:00  3993.350098  3994.169922  3992.199951  3992.449951  3992.449951  12193995
2023-01-17 15:32:00-05:00  3992.260010  3993.739990  3992.139893  3993.629883  3993.629883  10522417
2023-01-17 15:34:00-05:00  3993.629883  3995.090088  3993.629883  3993.959961  3993.959961  11045399
2023-01-17 15:36:00-05:00  3993.909912  3994.689941  3993.530029  3994.590088  3994.590088  11016193
2023-01-17 15:38:00-05:00  3994.610107  3994.909912  3993.969971  3994.060059  3994.060059  12171097
2023-01-17 15:40:00-05:00  3994.020020  3994.689941  3993.770020  3994.689941  3994.689941  12660738
2023-01-17 15:42:00-05:00  3994.689941  3995.139893  3993.729980  3993.739990  3993.739990  13258955
2023-01-17 15:44:00-05:00  3993.750000  3993.750000  3989.800049  3989.879883  3989.879883  19778839
2023-01-17 15:46:00-05:00  3989.820068  3990.489990  3987.689941  3988.060059  3988.060059  18159400
2023-01-17 15:48:00-05:00  3988.139893  3989.159912  3987.489990  3989.159912  3989.159912  16446766
2023-01-17 15:50:00-05:00  3989.179932  3989.179932  3986.770020  3988.229980  3988.229980  30626045
2023-01-17 15:52:00-05:00  3988.260010  3988.810059  3986.350098  3986.439941  3986.439941  27988203
2023-01-17 15:54:00-05:00  3986.379883  3990.280029  3985.199951  3990.260010  3990.260010  29657030
2023-01-17 15:56:00-05:00  3990.219971  3990.989990  3989.419922  3990.820068  3990.820068  30118121
2023-01-17 15:58:00-05:00  3990.750000  3991.820068  3990.250000  3990.699951  3990.699951  31638549
2023-01-18 09:30:00-05:00  4002.250000  4007.620117  4002.250000  4004.469971  4004.469971  48191361
2023-01-18 09:32:00-05:00  4004.469971  4004.939941  4000.699951  4003.800049  4003.800049  18146509
2023-01-18 09:34:00-05:00  4003.709961  4006.409912  4000.810059  4003.840088  4003.840088  19107801
2023-01-18 09:36:00-05:00  4003.860107  4006.350098  3997.850098  3998.030029  3998.030029  17873489
2023-01-18 09:38:00-05:00  3998.290039  4002.360107  3998.290039  4002.360107  4002.360107  18242571
2023-01-18 09:40:00-05:00  4002.280029  4006.770020  4002.280029  4006.770020  4006.770020  16586350
2023-01-18 09:42:00-05:00  4006.810059  4009.939941  4005.139893  4007.310059  4007.310059  16261931
2023-01-18 09:44:00-05:00  4007.189941  4007.189941  4000.280029  4003.510010  4003.510010  21241448
2023-01-18 09:46:00-05:00  4003.510010  4004.169922  4001.310059  4001.330078  4001.330078  13239227
2023-01-18 09:48:00-05:00  4001.879883  4005.360107  4001.000000  4005.100098  4005.100098  14139650
2023-01-18 09:50:00-05:00  4005.060059  4009.600098  4004.520020  4008.899902  4008.899902  16038573
2023-01-18 09:52:00-05:00  4008.949951  4009.179932  4005.560059  4006.050049  4006.050049  12937895
2023-01-18 09:54:00-05:00  4006.080078  4006.750000  4004.060059  4005.600098  4005.600098  13878174
2023-01-18 09:56:00-05:00  4005.709961  4006.800049  4003.919922  4006.729980  4006.729980  11834833
2023-01-18 09:58:00-05:00  4006.879883  4009.280029  4006.879883  4009.000000  4009.000000  12649388
2023-01-18 10:00:00-05:00  4009.050049  4012.659912  4009.050049  4012.129883  4012.129883  19519407
2023-01-18 10:02:00-05:00  4012.250000  4012.570068  4009.040039  4009.899902  4009.899902  13945656
2023-01-18 10:04:00-05:00  4009.879883  4011.800049  4009.159912  4011.689941  4011.689941  13294085
2023-01-18 10:06:00-05:00  4011.820068  4012.820068  4011.600098  4012.219971  4012.219971  11928471
2023-01-18 10:08:00-05:00  4012.419922  4014.159912  4010.219971  4010.219971  4010.219971  15527166
2023-01-18 10:10:00-05:00  4010.310059  4011.439941  4007.889893  4008.139893  4008.139893  12981687
2023-01-18 10:12:00-05:00  4007.879883  4010.550049  4007.879883  4009.879883  4009.879883  11603021
2023-01-18 10:14:00-05:00  4009.800049  4011.810059  4007.580078  4011.750000  4011.750000  13605559
2023-01-18 10:16:00-05:00  4011.669922  4011.889893  4010.110107  4010.139893  4010.139893  11152620
2023-01-18 10:18:00-05:00  4010.250000  4010.250000  3999.830078  4002.300049  4002.300049  16427679
2023-01-18 10:20:00-05:00  4002.409912  4006.260010  4002.409912  4005.560059  4005.560059  12942293
2023-01-18 10:22:00-05:00  4005.610107  4007.540039  4003.929932  4004.780029  4004.780029  11473968
2023-01-18 10:24:00-05:00  4004.709961  4007.949951  4004.479980  4007.330078  4007.330078  11321799
2023-01-18 10:26:00-05:00  4007.370117  4007.610107  4005.169922  4005.199951  4005.199951  10670185
2023-01-18 10:28:00-05:00  4005.219971  4008.300049  4005.159912  4007.550049  4007.550049  11496945
2023-01-18 10:30:00-05:00  4007.600098  4008.070068  4002.100098  4002.139893  4002.139893  13046365
2023-01-18 10:32:00-05:00  4002.090088  4003.969971  4000.830078  4000.830078  4000.830078  11105690
2023-01-18 10:34:00-05:00  4000.800049  4002.389893  3999.379883  4000.330078  4000.330078  12425860
2023-01-18 10:36:00-05:00  4000.290039  4001.560059  3997.379883  3997.540039  3997.540039  12632862
2023-01-18 10:38:00-05:00  3997.449951  3997.810059  3994.530029  3994.530029  3994.530029   7927861