                                  Open         High          Low        Close    Adj Close    Volume
Datetime                                                                                            
2022-11-22 10:54:00-05:00  3979.909912  3981.590088  3979.850098  3981.540039  3981.540039         0
2022-11-22 10:56:00-05:00  3981.570068  3982.409912  3978.250000  3979.290039  3979.290039  10727505
2022-11-22 10:58:00-05:00  3979.250000  3981.770020  3978.689941  3981.550049  3981.550049   7919455
2022-11-22 11:00:00-05:00  3981.560059  3982.020020  3978.330078  3978.750000  3978.750000   8553186
2022-11-22 11:02:00-05:00  3978.760010  3978.929932  3977.459961  3978.060059  3978.060059   7169072
2022-11-22 11:04:00-05:00  3978.090088  3978.610107  3977.429932  3977.590088  3977.590088   7135281
2022-11-22 11:06:00-05:00  3977.610107  3978.719971  3976.939941  3978.719971  3978.719971   7237169
2022-11-22 11:08:00-05:00  3978.689941  3979.739990  3978.580078  3979.560059  3979.560059   6873105
2022-11-22 11:10:00-05:00  3979.500000  3981.300049  3979.300049  3979.459961  3979.459961   7760270
2022-11-22 11:12:00-05:00  3979.500000  3980.090088  3979.050049  3979.360107  3979.360107   6255513
2022-11-22 11:14:00-05:00  3979.399902  3979.429932  3975.159912  3975.159912  3975.159912   8323398
2022-11-22 11:16:00-05:00  3975.090088  3976.399902  3972.860107  3976.399902  3976.399902   8718218
2022-11-22 11:18:00-05:00  3976.550049  3978.959961  3976.469971  3978.959961  3978.959961   6667374
2022-11-22 11:20:00-05:00  3979.020020  3979.719971  3977.739990  3979.389893  3979.389893   7199528
2022-11-22 11:22:00-05:00  3979.290039  3979.800049  3977.929932  3978.389893  3978.389893   6232665
2022-11-22 11:24:00-05:00  3978.449951  3980.199951  3977.689941  3980.129883  3980.129883   7710760
2022-11-22 11:26:00-05:00  3980.239990  3980.270020  3977.889893  3978.050049  3978.050049   7235662
2022-11-22 11:28:00-05:00  3978.110107  3979.510010  3977.590088  3978.399902  3978.399902   6560492
2022-11-22 11:30:00-05:00  3978.439941  3978.570068  3977.729980  3977.909912  3977.909912   6353121
2022-11-22 11:32:00-05:00  3977.949951  3978.020020  3976.280029  3976.320068  3976.320068   7472117
2022-11-22 11:34:00-05:00  3976.330078  3977.129883  3974.760010  3975.370117  3975.370117   7092434
2022-11-22 11:36:00-05:00  3975.320068  3975.360107  3973.790039  3974.060059  3974.060059   6509399
2022-11-22 11:38:00-05:00  3974.110107  3976.139893  3974.090088  3975.879883  3975.879883   6173568
2022-11-22 11:40:00-05:00  3975.840088  3977.760010  3975.810059  3977.459961  3977.459961   5511292
2022-11-22 11:42:00-05:00  3977.550049  3977.550049  3975.149902  3976.179932  3976.179932   6132039
2022-11-22 11:44:00-05:00  3976.199951  3976.560059  3974.879883  3974.939941  3974.939941   5000124
2022-11-22 11:46:00-05:00  3974.909912  3975.530029  3974.449951  3975.530029  3975.530029   5973527
2022-11-22 11:48:00-05:00  3975.520020  3977.020020  3974.600098  3976.870117  3976.870117   5456355
2022-11-22 11:50:00-05:00  3976.830078  3977.110107  3975.969971  3976.750000  3976.750000   5936724
2022-11-22 11:52:00-05:00  3976.760010  3977.969971  3975.219971  3977.919922  3977.919922   7654175
2022-11-22 11:54:00-05:00  3977.899902  3978.199951  3977.399902  3977.870117  3977.870117   5018351
2022-11-22 11:56:00-05:00  3977.909912  3979.810059  3977.820068  3979.330078  3979.330078   6708088
2022-11-22 11:58:00-05:00  3979.340088  3979.629883  3978.699951  3979.389893  3979.389893   5554720
2022-11-22 12:00:00-05:00  3979.379883  3980.929932  3979.280029  3980.830078  3980.830078   7252998
2022-11-22 12:02:00-05:00  3980.860107  3981.689941  3980.199951  3980.760010  3980.760010   6020033
2022-11-22 12:04:00-05:00  3980.800049  3982.750000  3980.719971  3981.290039  3981.290039   8134039
2022-11-22 12:06:00-05:00  3981.290039  3981.520020  3979.060059  3979.060059  3979.060059   6215183
2022-11-22 12:08:00-05:00  3978.989990  3979.520020  3978.479980  3979.439941  3979.439941   5300458
2022-11-22 12:10:00-05:00  3979.389893  3981.010010  3979.219971  3980.800049  3980.800049   6046929
2022-11-22 12:12:00-05:00  3980.780029  3981.540039  3980.379883  3980.850098  3980.850098   5861601
2022-11-22 12:14:00-05:00  3980.979980  3981.510010  3980.389893  3981.510010  3981.510010   5317179
2022-11-22 12:16:00-05:00  3981.510010  3983.280029  3981.429932  3983.120117  3983.120117   6189021
2022-11-22 12:18:00-05:00  3983.110107  3983.219971  3981.780029  3981.820068  3981.820068   5711354
2022-11-22 12:20:00-05:00  3981.810059  3981.979980  3980.560059  3980.750000  3980.750000   5746911
2022-11-22 12:22:00-05:00  3980.699951  3981.370117  3980.520020  3981.370117  3981.370117   5206952
2022-11-22 12:24:00-05:00  3981.389893  3981.389893  3978.379883  3979.280029  3979.280029   8131097
2022-11-22 12:26:00-05:00  3979.260010  3979.449951  3977.979980  3978.360107  3978.360107   5808392
2022-11-22 12:28:00-05:00  3978.389893  3979.610107  3978.389893  3979.379883  3979.379883   4801425
2022-11-22 12:30:00-05:00  3979.330078  3980.540039  3978.689941  3980.540039  3980.540039   5885675
2022-11-22 12:32:00-05:00  3980.530029  3980.540039  3979.679932  3979.729980  3979.729980   4813738
2022-11-22 12:34:00-05:00  3979.709961  3980.580078  3979.709961  3980.439941  3980.439941   4574074
2022-11-22 12:36:00-05:00  3980.489990  3981.459961  3980.489990  3981.020020  3981.020020   5194196
2022-11-22 12:38:00-05:00  3980.989990  3981.459961  3980.800049  3981.389893  3981.389893   4984406
2022-11-22 12:40:00-05:00  3981.340088  3981.780029  3979.350098  3979.350098  3979.350098   5987482
2022-11-22 12:42:00-05:00  3979.090088  3980.219971  3978.709961  3980.110107  3980.110107   5715707
2022-11-22 12:44:00-05:00  3980.100098  3982.330078  3979.989990  3982.179932  3982.179932   5511383
2022-11-22 12:46:00-05:00  3982.179932  3982.260010  3980.679932  3980.939941  3980.939941   5449444
2022-11-22 12:48:00-05:00  3980.879883  3981.239990  3980.649902  3980.750000  3980.750000   4800262
2022-11-22 12:50:00-05:00  3980.709961  3981.000000  3979.469971  3979.479980  3979.479980   5153021
2022-11-22 12:52:00-05:00  3979.429932  3980.100098  3979.010010  3979.909912  3979.909912   4691060
2022-11-22 12:54:00-05:00  3979.899902  3979.949951  3978.709961  3978.709961  3978.709961   4532242
2022-11-22 12:56:00-05:00  3978.689941  3979.899902  3978.580078  3979.800049  3979.800049   4615108
2022-11-22 12:58:00-05:00  3979.790039  3979.820068  3978.870117  3979.350098  3979.350098   4476065
2022-11-22 13:00:00-05:00  3979.360107  3980.750000  3979.360107  3980.580078  3980.580078   5834917
2022-11-22 13:02:00-05:00  3980.570068  3980.570068  3978.479980  3979.939941  3979.939941   6574589
2022-11-22 13:04:00-05:00  3979.989990  3981.750000  3979.560059  3979.729980  3979.729980   6354768
2022-11-22 13:06:00-05:00  3979.709961  3984.090088  3979.679932  3983.590088  3983.590088   7915420
2022-11-22 13:08:00-05:00  3983.590088  3985.459961  3983.590088  3985.270020  3985.270020   5483971
2022-11-22 13:10:00-05:00  3985.290039  3986.889893  3985.040039  3986.889893  3986.889893   6678855
2022-11-22 13:12:00-05:00  3986.889893  3987.689941  3986.889893  3987.120117  3987.120117   5684231
2022-11-22 13:14:00-05:00  3987.179932  3988.280029  3986.979980  3988.280029  3988.280029   5221766
2022-11-22 13:16:00-05:00  3988.360107  3988.520020  3987.000000  3987.179932  3987.179932   4735193
2022-11-22 13:18:00-05:00  3987.169922  3987.909912  3986.899902  3987.750000  3987.750000   5840622
2022-11-22 13:20:00-05:00  3987.750000  3987.810059  3986.110107  3986.120117  3986.120117   4960662
2022-11-22 13:22:00-05:00  3986.149902  3988.330078  3986.100098  3988.199951  3988.199951   5183312
2022-11-22 13:24:00-05:00  3988.129883  3988.310059  3987.719971  3987.760010  3987.760010   4306045
2022-11-22 13:26:00-05:00  3987.729980  3988.489990  3987.520020  3988.489990  3988.489990   4038054
2022-11-22 13:28:00-05:00  3988.479980  3989.840088  3988.479980  3989.340088  3989.340088   5111466
2022-11-22 13:30:00-05:00  3989.310059  3989.899902  3989.310059  3989.649902  3989.649902   4925366
2022-11-22 13:32:00-05:00  3989.659912  3990.090088  3988.989990  3989.530029  3989.530029   5973234
2022-11-22 13:34:00-05:00  3989.550049  3990.139893  3987.479980  3987.479980  3987.479980   7778546
2022-11-22 13:36:00-05:00  3987.479980  3987.639893  3986.770020  3987.520020  3987.520020   7842218
2022-11-22 13:38:00-05:00  3987.530029  3987.719971  3987.070068  3987.610107  3987.610107   4580190
2022-11-22 13:40:00-05:00  3987.620117  3987.919922  3987.110107  3987.739990  3987.739990   4717089
2022-11-22 13:42:00-05:00  3987.739990  3988.419922  3987.739990  3988.300049  3988.300049   4863431
2022-11-22 13:44:00-05:00  3988.429932  3988.860107  3988.260010  3988.530029  3988.530029   5063930
2022-11-22 13:46:00-05:00  3988.540039  3989.419922  3988.149902  3989.419922  3989.419922   5868618
2022-11-22 13:48:00-05:00  3989.429932  3989.669922  3988.949951  3989.459961  3989.459961   5122250
2022-11-22 13:50:00-05:00  3989.479980  3990.129883  3989.110107  3990.129883  3990.129883   6199342
2022-11-22 13:52:00-05:00  3990.129883  3991.389893  3989.979980  3990.949951  3990.949951   5020778
2022-11-22 13:54:00-05:00  3990.959961  3991.219971  3990.120117  3990.189941  3990.189941   5544419
2022-11-22 13:56:00-05:00  3990.189941  3990.360107  3989.320068  3989.840088  3989.840088   6210890
2022-11-22 13:58:00-05:00  3989.889893  3990.350098  3989.830078  3989.949951  3989.949951   4883703
2022-11-22 14:00:00-05:00  3989.919922  3990.909912  3989.919922  3990.860107  3990.860107   6010093
2022-11-22 14:02:00-05:00  3990.860107  3991.899902  3988.620117  3989.260010  3989.260010   7789166
2022-11-22 14:04:00-05:00  3989.250000  3990.879883  3989.020020  3990.419922  3990.419922   5278127
2022-11-22 14:06:00-05:00  3990.439941  3990.500000  3988.540039  3988.629883  3988.629883   5505070
2022-11-22 14:08:00-05:00  3988.639893  3988.649902  3987.290039  3987.290039  3987.290039   5743401
2022-11-22 14:10:00-05:00  3987.270020  3988.590088  3987.270020  3987.989990  3987.989990   5459815
2022-11-22 14:12:00-05:00  3987.979980  3988.159912  3986.610107  3986.879883  3986.879883   5257162
2022-11-22 14:14:00-05:00  3986.870117  3987.050049  3986.580078  3986.860107  3986.860107   5473047
2022-11-22 14:16:00-05:00  3986.860107  3988.260010  3986.739990  3988.250000  3988.250000   5769701
2022-11-22 14:18:00-05:00  3988.260010  3989.320068  3987.969971  3988.770020  3988.770020   5993167
2022-11-22 14:20:00-05:00  3988.780029  3989.830078  3988.610107  3989.409912  3989.409912   6612751
2022-11-22 14:22:00-05:00  3989.419922  3989.679932  3989.040039  3989.239990  3989.239990   5023997
2022-11-22 14:24:00-05:00  3989.290039  3990.129883  3989.229980  3989.810059  3989.810059   5204763
2022-11-22 14:26:00-05:00  3989.800049  3989.909912  3989.060059  3989.659912  3989.659912   5198012
2022-11-22 14:28:00-05:00  3989.679932  3990.600098  3989.590088  3990.219971  3990.219971   5327411
2022-11-22 14:30:00-05:00  3990.040039  3990.129883  3988.439941  3988.530029  3988.530029   6103854
2022-11-22 14:32:00-05:00  3988.530029  3989.159912  3988.340088  3988.500000  3988.500000   5158938
2022-11-22 14:34:00-05:00  3988.489990  3988.719971  3988.060059  3988.719971  3988.719971   5523918
2022-11-22 14:36:00-05:00  3988.699951  3993.189941  3988.669922  3992.590088  3992.590088   7962332
2022-11-22 14:38:00-05:00  3992.600098  3992.959961  3992.080078  3992.770020  3992.770020   5330371
2022-11-22 14:40:00-05:00  3992.780029  3992.929932  3992.149902  3992.219971  3992.219971   5452028
2022-11-22 14:42:00-05:00  3992.219971  3992.219971  3989.469971  3990.250000  3990.250000   6736420
2022-11-22 14:44:00-05:00  3990.250000  3990.260010  3988.840088  3989.699951  3989.699951   5562349
2022-11-22 14:46:00-05:00  3989.770020  3990.969971  3989.770020  3990.300049  3990.300049   5463900
2022-11-22 14:48:00-05:00  3990.300049  3991.510010  3990.120117  3991.510010  3991.510010   4963863
2022-11-22 14:50:00-05:00  3991.500000  3991.899902  3991.340088  3991.879883  3991.879883   5082343
2022-11-22 14:52:00-05:00  3991.889893  3993.129883  3991.889893  3993.020020  3993.020020   6512638
2022-11-22 14:54:00-05:00  3993.300049  3994.209961  3993.239990  3993.330078  3993.330078   6124094
2022-11-22 14:56:00-05:00  3993.320068  3994.260010  3993.159912  3994.179932  3994.179932   6489008
2022-11-22 14:58:00-05:00  3994.260010  3994.820068  3993.810059  3994.030029  3994.030029   5822299
2022-11-22 15:00:00-05:00  3994.030029  3996.000000  3993.399902  3995.899902  3995.899902   7860821
2022-11-22 15:02:00-05:00  3995.850098  3997.469971  3995.800049  3997.459961  3997.459961   6336409
2022-11-22 15:04:00-05:00  3997.419922  3998.949951  3997.419922  3998.370117  3998.370117   7196361
2022-11-22 15:06:00-05:00  3998.409912  3998.629883  3997.270020  3997.790039  3997.790039   7982633
2022-11-22 15:08:00-05:00  3997.860107  3998.360107  3997.649902  3998.179932  3998.179932   6511554
2022-11-22 15:10:00-05:00  3998.199951  3998.550049  3996.489990  3996.489990  3996.489990   6602417
2022-11-22 15:12:00-05:00  3996.459961  3998.659912  3996.459961  3998.639893  3998.639893   7476013
2022-11-22 15:14:00-05:00  3998.679932  3999.540039  3998.290039  3998.729980  3998.729980   7058749
2022-11-22 15:16:00-05:00  3998.760010  3998.780029  3997.209961  3997.350098  3997.350098   7801669
2022-11-22 15:18:00-05:00  3997.399902  3997.429932  3996.590088  3996.840088  3996.840088   6980786
2022-11-22 15:20:00-05:00  3996.879883  3998.929932  3996.879883  3998.919922  3998.919922   7953569
2022-11-22 15:22:00-05:00  3998.949951  3999.270020  3998.580078  3999.159912  3999.159912   7887903
2022-11-22 15:24:00-05:00  3999.189941  4000.120117  3999.169922  3999.590088  3999.590088   8384113
2022-11-22 15:26:00-05:00  3999.600098  3999.949951  3998.310059  3998.350098  3998.350098   8105611
2022-11-22 15:28:00-05:00  3998.290039  4000.010010  3998.260010  3999.500000  3999.500000   9237701
2022-11-22 15:30:00-05:00  3999.489990  3999.860107  3998.659912  3999.649902  3999.649902  10399419
2022-11-22 15:32:00-05:00  3999.659912  4000.699951  3999.659912  4000.260010  4000.260010   9144239
2022-11-22 15:34:00-05:00  4000.260010  4001.399902  4000.169922  4000.850098  4000.850098  10120217
2022-11-22 15:36:00-05:00  4000.889893  4001.780029  4000.889893  4001.360107  4001.360107  10043732
2022-11-22 15:38:00-05:00  4001.360107  4001.479980  3999.919922  4001.270020  4001.270020  11397407
2022-11-22 15:40:00-05:00  4001.280029  4001.560059  4000.669922  4000.669922  4000.669922  10886424
2022-11-22 15:42:00-05:00  4000.699951  4000.830078  4000.129883  4000.479980  4000.479980  10911696
2022-11-22 15:44:00-05:00  4000.469971  4002.459961  4000.290039  4002.459961  4002.459961  15655085
2022-11-22 15:46:00-05:00  4002.510010  4002.709961  4001.969971  4002.199951  4002.199951  13835041
2022-11-22 15:48:00-05:00  4002.090088  4002.649902  4001.500000  4001.850098  4001.850098  14352093
2022-11-22 15:50:00-05:00  4001.959961  4003.969971  4000.149902  4002.120117  4002.120117  28805362
2022-11-22 15:52:00-05:00  4002.439941  4003.600098  4001.699951  4003.409912  4003.409912  21028044
2022-11-22 15:54:00-05:00  4003.479980  4004.219971  4000.649902  4002.550049  4002.550049  33395089
2022-11-22 15:56:00-05:00  4002.570068  4005.159912  4002.570068  4004.820068  4004.820068  38327306
2022-11-22 15:58:00-05:00  4004.860107  4005.879883  4003.159912  4003.649902  4003.649902  55872958
2022-11-23 09:30:00-05:00  4000.300049  4005.320068  3999.120117  4003.750000  4003.750000  32932462
2022-11-23 09:32:00-05:00  4003.639893  4007.399902  4003.100098  4007.399902  4007.399902  13056413
2022-11-23 09:34:00-05:00  4007.409912  4010.729980  4007.409912  4010.439941  4010.439941  12141709
2022-11-23 09:36:00-05:00  4010.510010  4011.179932  4009.080078  4010.050049  4010.050049  11420747
2022-11-23 09:38:00-05:00  4010.120117  4013.080078  4009.590088  4013.050049  4013.050049   9849414
2022-11-23 09:40:00-05:00  4013.010010  4013.020020  4010.520020  4010.709961  4010.709961  12184041
2022-11-23 09:42:00-05:00  4010.870117  4011.939941  4009.020020  4009.270020  4009.270020  10220110
2022-11-23 09:44:00-05:00  4009.469971  4020.560059  4009.419922  4013.489990  4013.489990  15589975
2022-11-23 09:46:00-05:00  4013.510010  4016.739990  4011.689941  4016.679932  4016.679932  10155603
2022-11-23 09:48:00-05:00  4016.729980  4020.620117  4016.729980  4017.239990  4017.239990  10771142
2022-11-23 09:50:00-05:00  4017.209961  4022.459961  4017.120117  4021.580078  4021.580078  11526368
2022-11-23 09:52:00-05:00  4021.469971  4022.370117  4021.110107  4022.370117  4022.370117  27981048
2022-11-23 09:54:00-05:00  4022.370117  4022.810059  4019.179932  4019.649902  4019.649902   9923978
2022-11-23 09:56:00-05:00  4019.590088  4020.659912  4018.419922  4018.439941  4018.439941   9447351
2022-11-23 09:58:00-05:00  4018.439941  4018.689941  4017.219971  4018.560059  4018.560059   8173992
2022-11-23 10:00:00-05:00  4018.479980  4021.060059  4012.739990  4017.120117  4017.120117  13272798
2022-11-23 10:02:00-05:00  4017.030029  4020.219971  4017.030029  4020.120117  4020.120117  10987509
2022-11-23 10:04:00-05:00  4020.330078  4021.050049  4019.429932  4021.050049  4021.050049   9253207
2022-11-23 10:06:00-05:00  4021.060059  4025.389893  4020.909912  4024.719971  4024.719971  11481495
2022-11-23 10:08:00-05:00  4024.719971  4024.719971  4020.989990  4021.590088  4021.590088   9553196
2022-11-23 10:10:00-05:00  4021.689941  4022.889893  4021.300049  4021.510010  4021.510010   9387540
2022-11-23 10:12:00-05:00  4021.469971  4023.290039  4020.739990  4023.290039  4023.290039   8475858
2022-11-23 10:14:00-05:00  4023.110107  4023.639893  4019.270020  4019.270020  4019.270020   9734774
2022-11-23 10:16:00-05:00  4019.229980  4019.479980  4016.979980  4017.969971  4017.969971   9048224
2022-11-23 10:18:00-05:00  4017.899902  4020.389893  4017.840088  4019.939941  4019.939941   7696958
2022-11-23 10:20:00-05:00  4019.939941  4020.169922  4018.669922  4018.750000  4018.750000   7282856
2022-11-23 10:22:00-05:00  4018.729980  4020.520020  4018.520020  4019.820068  4019.820068   8182538
2022-11-23 10:24:00-05:00  4019.860107  4023.810059  4019.679932  4022.929932  4022.929932   8477395
2022-11-23 10:26:00-05:00  4022.959961  4023.899902  4021.320068  4021.699951  4021.699951   8540935
2022-11-23 10:28:00-05:00  4021.760010  4023.979980  4021.250000  4023.560059  4023.560059   6825796
2022-11-23 10:30:00-05:00  4023.610107  4024.879883  4023.439941  4024.879883  4024.879883   8378877
2022-11-23 10:32:00-05:00  4024.899902  4027.159912  4024.899902  4025.790039  4025.790039  10319022
2022-11-23 10:34:00-05:00  4025.830078  4026.350098  4025.330078  4025.429932  4025.429932   9590894
2022-11-23 10:36:00-05:00  4025.429932  4026.060059  4025.149902  4025.179932  4025.179932   8114988
2022-11-23 10:38:00-05:00  4025.159912  4025.870117  4024.530029  4025.739990  4025.739990   7750747
2022-11-23 10:40:00-05:00  4025.750000  4026.840088  4025.300049  4025.540039  4025.540039   8796237
2022-11-23 10:42:00-05:00  4025.600098  4029.580078  4025.340088  4027.629883  4027.629883  10859512
2022-11-23 10:44:00-05:00  4027.659912  4027.709961  4025.689941  4026.010010  4026.010010   6247160
2022-11-23 10:46:00-05:00  4025.949951  4026.080078  4023.300049  4025.239990  4025.239990   8061950
2022-11-23 10:48:00-05:00  4025.209961  4025.290039  4023.889893  4024.449951  4024.449951   6876490
2022-11-23 10:50:00-05:00  4024.429932  4025.949951  4023.610107  4023.770020  4023.770020   8198884
2022-11-23 10:52:00-05:00  4023.909912  4025.100098  4023.379883  4025.050049  4025.050049   7485201
2022-11-23 10:54:00-05:00  4025.060059  4025.510010  4024.570068  4025.320068  4025.320068   6736072
2022-11-23 10:56:00-05:00  4025.350098  4026.330078  4025.350098  4025.959961  4025.959961   6681839
2022-11-23 10:58:00-05:00  4026.000000  4026.000000  4025.219971  4025.689941  4025.689941   7453858
2022-11-23 11:00:00-05:00  4025.820068  4027.280029  4025.820068  4026.729980  4026.729980   8462801
2022-11-23 11:02:00-05:00  4026.780029  4026.979980  4024.080078  4024.159912  4024.159912   8756995
2022-11-23 11:04:00-05:00  4024.139893  4025.179932  4023.810059  4024.580078  4024.580078   7745278
2022-11-23 11:06:00-05:00  4024.600098  4026.810059  4024.600098  4026.510010  4026.510010   6898172
2022-11-23 11:08:00-05:00  4026.520020  4027.530029  4025.949951  4026.899902  4026.899902   7103806
2022-11-23 11:10:00-05:00  4026.899902  4027.510010  4025.870117  4025.870117  4025.870117   8357478
2022-11-23 11:12:00-05:00  4025.800049  4027.290039  4025.800049  4026.699951  4026.699951   7101800
2022-11-23 11:14:00-05:00  4026.659912  4028.510010  4026.199951  4028.510010  4028.510010   8511348
2022-11-23 11:16:00-05:00  4028.520020  4028.570068  4027.629883  4027.629883  4027.629883   7782940
2022-11-23 11:18:00-05:00  4027.709961  4027.709961  4025.760010  4025.979980  4025.979980   7823204
2022-11-23 11:20:00-05:00  4025.969971  4028.459961  4025.600098  4028.459961  4028.459961   7466867
2022-11-23 11:22:00-05:00  4028.479980  4029.659912  4028.479980  4028.600098  4028.600098   6834721
2022-11-23 11:24:00-05:00  4028.560059  4028.949951  4026.300049  4026.300049  4026.300049   6972840
2022-11-23 11:26:00-05:00  4026.280029  4026.360107  4024.010010  4024.729980  4024.729980   7838929
2022-11-23 11:28:00-05:00  4024.729980  4026.360107  4024.610107  4025.959961  4025.959961   6781505
2022-11-23 11:30:00-05:00  4025.959961  4025.959961  4022.979980  4023.000000  4023.000000   6997630
2022-11-23 11:32:00-05:00  4022.969971  4023.659912  4022.739990  4023.600098  4023.600098   6741065
2022-11-23 11:34:00-05:00  4023.580078  4024.330078  4023.360107  4023.550049  4023.550049   6289221
2022-11-23 11:36:00-05:00  4023.409912  4023.659912  4022.340088  4023.159912  4023.159912   6346904
2022-11-23 11:38:00-05:00  4023.199951  4023.510010  4022.469971  4023.489990  4023.489990   5457054
2022-11-23 11:40:00-05:00  4023.370117  4023.500000  4023.040039  4023.250000  4023.250000   5685965
2022-11-23 11:42:00-05:00  4023.330078  4024.479980  4023.330078  4024.219971  4024.219971   5896629
2022-11-23 11:44:00-05:00  4024.219971  4024.479980  4022.959961  4023.010010  4023.010010   5576996
2022-11-23 11:46:00-05:00  4022.939941  4022.969971  4019.120117  4019.300049  4019.300049   7644536
2022-11-23 11:48:00-05:00  4019.399902  4019.469971  4015.639893  4015.649902  4015.649902   7864423
2022-11-23 11:50:00-05:00  4015.530029  4017.510010  4015.530029  4016.979980  4016.979980   6393670
2022-11-23 11:52:00-05:00  4016.989990  4017.379883  4016.040039  4016.479980  4016.479980   6182398
2022-11-23 11:54:00-05:00  4016.439941  4016.439941  4006.389893  4006.610107  4006.610107  11207259
2022-11-23 11:56:00-05:00  4006.550049  4006.639893  4003.449951  4006.179932  4006.179932   8406299
2022-11-23 11:58:00-05:00  4006.189941  4008.179932  4005.770020  4008.179932  4008.179932   6254509
2022-11-23 12:00:00-05:00  4008.080078  4009.459961  4007.669922  4008.530029  4008.530029   6785667
2022-11-23 12:02:00-05:00  4008.419922  4008.870117  4007.760010  4008.159912  4008.159912   4977650
2022-11-23 12:04:00-05:00  4008.219971  4010.139893  4008.219971  4010.050049  4010.050049   5351248
2022-11-23 12:06:00-05:00  4010.129883  4011.659912  4010.129883  4011.520020  4011.520020   6374489
2022-11-23 12:08:00-05:00  4011.550049  4012.739990  4011.520020  4012.520020  4012.520020   5950381
2022-11-23 12:10:00-05:00  4012.550049  4012.729980  4011.360107  4011.510010  4011.510010   5133119
2022-11-23 12:12:00-05:00  4011.520020  4013.600098  4011.389893  4013.020020  4013.020020   5572244
2022-11-23 12:14:00-05:00  4012.969971  4013.729980  4011.600098  4011.639893  4011.639893   5439159
2022-11-23 12:16:00-05:00  4011.600098  4013.090088  4011.149902  4013.090088  4013.090088   6040841
2022-11-23 12:18:00-05:00  4013.129883  4013.290039  4012.540039  4012.629883  4012.629883   5198931
2022-11-23 12:20:00-05:00  4012.610107  4013.810059  4011.800049  4013.810059  4013.810059   5520850
2022-11-23 12:22:00-05:00  4013.840088  4014.110107  4013.330078  4013.820068  4013.820068   3632783
2022-11-23 12:24:00-05:00  4013.870117  4013.909912  4012.820068  4013.590088  4013.590088   4592017
2022-11-23 12:26:00-05:00  4013.639893  4014.780029  4013.639893  4014.760010  4014.760010   4928034
2022-11-23 12:28:00-05:00  4014.780029  4014.780029  4012.449951  4012.689941  4012.689941   5666316
2022-11-23 12:30:00-05:00  4012.689941  4013.939941  4010.959961  4011.399902  4011.399902   6006975
2022-11-23 12:32:00-05:00  4011.409912  4013.379883  4011.409912  4013.090088  4013.090088   4715031
2022-11-23 12:34:00-05:00  4013.060059  4013.280029  4011.310059  4011.780029  4011.780029   4530521
2022-11-23 12:36:00-05:00  4011.649902  4011.860107  4010.429932  4010.820068  4010.820068   4582325
2022-11-23 12:38:00-05:00  4010.760010  4013.320068  4010.310059  4012.840088  4012.840088   4799735
2022-11-23 12:40:00-05:00  4012.860107  4012.939941  4009.229980  4009.360107  4009.360107   5614367
2022-11-23 12:42:00-05:00  4009.310059  4009.709961  4008.350098  4008.429932  4008.429932   4492851
2022-11-23 12:44:00-05:00  4008.469971  4009.219971  4008.229980  4008.810059  4008.810059   4233746
2022-11-23 12:46:00-05:00  4008.820068  4011.030029  4008.820068  4010.590088  4010.590088   4551256
2022-11-23 12:48:00-05:00  4010.590088  4011.050049  4010.590088  4010.770020  4010.770020   3966029
2022-11-23 12:50:00-05:00  4010.760010  4010.760010  4008.500000  4008.969971  4008.969971   4470263
2022-11-23 12:52:00-05:00  4008.979980  4009.080078  4003.750000  4004.260010  4004.260010   6467739
2022-11-23 12:54:00-05:00  4004.209961  4005.479980  4003.860107  4004.389893  4004.389893   4743071
2022-11-23 12:56:00-05:00  4004.340088  4004.340088  3999.310059  3999.719971  3999.719971   7459316
2022-11-23 12:58:00-05:00  3999.709961  4002.500000  3998.659912  4002.459961  4002.459961   6101099
2022-11-23 13:00:00-05:00  4002.500000  4002.500000  4000.810059  4002.260010  4002.260010   4803972
2022-11-23 13:02:00-05:00  4002.310059  4005.080078  4002.290039  4004.929932  4004.929932   4731525
2022-11-23 13:04:00-05:00  4004.949951  4006.010010  4004.949951  4005.149902  4005.149902   4305437
2022-11-23 13:06:00-05:00  4005.149902  4006.239990  4005.030029  4005.989990  4005.989990   4136857
2022-11-23 13:08:00-05:00  4005.949951  4006.149902  4005.239990  4005.909912  4005.909912   3629034
2022-11-23 13:10:00-05:00  4005.939941  4005.949951  4004.159912  4004.830078  4004.830078   4585369
2022-11-23 13:12:00-05:00  4004.820068  4005.560059  4004.110107  4004.810059  4004.810059   4245328
2022-11-23 13:14:00-05:00  4004.800049  4005.379883  4004.149902  4005.050049  4005.050049   3333964
2022-11-23 13:16:00-05:00  4005.080078  4006.669922  4005.080078  4006.379883  4006.379883   4854913
2022-11-23 13:18:00-05:00  4006.370117  4007.060059  4006.020020  4007.050049  4007.050049   3694129
2022-11-23 13:20:00-05:00  4007.030029  4008.820068  4006.969971  4008.219971  4008.219971   5038776
2022-11-23 13:22:00-05:00  4007.949951  4008.469971  4007.189941  4008.219971  4008.219971   4343401
2022-11-23 13:24:00-05:00  4008.270020  4008.649902  4008.070068  4008.080078  4008.080078   3409335
2022-11-23 13:26:00-05:00  4008.080078  4009.310059  4007.860107  4008.750000  4008.750000   5038407
2022-11-23 13:28:00-05:00  4008.820068  4011.179932  4008.820068  4011.129883  4011.129883   5003845
2022-11-23 13:30:00-05:00  4011.189941  4013.260010  4011.189941  4013.260010  4013.260010   6369159
2022-11-23 13:32:00-05:00  4013.229980  4013.659912  4012.409912  4012.500000  4012.500000   4110988
2022-11-23 13:34:00-05:00  4012.520020  4013.649902  4012.520020  4013.159912  4013.159912   4152192
2022-11-23 13:36:00-05:00  4013.139893  4013.800049  4012.729980  4013.689941  4013.689941   3818485
2022-11-23 13:38:00-05:00  4013.580078  4015.590088  4013.489990  4014.860107  4014.860107   5577121
2022-11-23 13:40:00-05:00  4014.770020  4014.870117  4014.010010  4014.489990  4014.489990   3917116
2022-11-23 13:42:00-05:00  4014.510010  4014.709961  4013.830078  4013.899902  4013.899902   4005741
2022-11-23 13:44:00-05:00  4013.919922  4015.629883  4013.919922  4015.000000  4015.000000   4666152
2022-11-23 13:46:00-05:00  4015.030029  4016.199951  4014.929932  4016.189941  4016.189941   4372181
2022-11-23 13:48:00-05:00  4016.189941  4016.340088  4014.800049  4014.810059  4014.810059   4121726
2022-11-23 13:50:00-05:00  4014.820068  4014.820068  4012.179932  4012.179932  4012.179932   5692148
2022-11-23 13:52:00-05:00  4012.199951  4013.110107  4012.179932  4013.070068  4013.070068   3745192
2022-11-23 13:54:00-05:00  4013.040039  4013.159912  4012.360107  4012.939941  4012.939941   3759119
2022-11-23 13:56:00-05:00  4012.919922  4013.409912  4012.860107  4013.290039  4013.290039   3277708
2022-11-23 13:58:00-05:00  4013.280029  4014.290039  4012.620117  4014.199951  4014.199951   3980172
2022-11-23 14:00:00-05:00  4014.159912  4020.040039  4007.979980  4019.919922  4019.919922  15923985
2022-11-23 14:02:00-05:00  4019.810059  4031.550049  4019.370117  4027.350098  4027.350098  15339284
2022-11-23 14:04:00-05:00  4027.360107  4032.030029  4027.360107  4029.250000  4029.250000   8290235
2022-11-23 14:06:00-05:00  4029.340088  4030.000000  4023.100098  4023.239990  4023.239990   8618163
2022-11-23 14:08:00-05:00  4023.260010  4027.360107  4023.260010  4026.080078  4026.080078   6180595
2022-11-23 14:10:00-05:00  4026.010010  4026.679932  4018.270020  4020.179932  4020.179932   8197826
2022-11-23 14:12:00-05:00  4019.949951  4023.649902  4019.649902  4023.379883  4023.379883   5338346
2022-11-23 14:14:00-05:00  4023.500000  4026.879883  4022.300049  4026.699951  4026.699951   5962778
2022-11-23 14:16:00-05:00  4026.360107  4026.800049  4025.229980  4025.229980  4025.229980   5863584
2022-11-23 14:18:00-05:00  4024.620117  4025.469971  4022.250000  4022.810059  4022.810059   5408265
2022-11-23 14:20:00-05:00  4022.870117  4025.449951  4022.379883  4023.469971  4023.469971   6092263
2022-11-23 14:22:00-05:00  4023.419922  4027.530029  4023.090088  4027.489990  4027.489990   6667091
2022-11-23 14:24:00-05:00  4027.520020  4029.070068  4026.830078  4029.070068  4029.070068   5753806
2022-11-23 14:26:00-05:00  4029.120117  4032.979980  4029.120117  4032.489990  4032.489990   7611879
2022-11-23 14:28:00-05:00  4032.510010  4032.639893  4028.659912  4028.669922  4028.669922   6951799
2022-11-23 14:30:00-05:00  4028.679932  4028.709961  4024.020020  4024.610107  4024.610107   6576899
2022-11-23 14:32:00-05:00  4024.639893  4026.020020  4024.030029  4025.770020  4025.770020   4940183
2022-11-23 14:34:00-05:00  4025.889893  4026.290039  4019.639893  4020.919922  4020.919922   7691409
2022-11-23 14:36:00-05:00  4020.949951  4021.209961  4018.169922  4019.350098  4019.350098   5352544
2022-11-23 14:38:00-05:00  4019.360107  4020.379883  4018.189941  4018.770020  4018.770020   4777298
2022-11-23 14:40:00-05:00  4018.729980  4022.199951  4018.500000  4022.179932  4022.179932   5351179
2022-11-23 14:42:00-05:00  4022.169922  4022.689941  4021.459961  4022.439941  4022.439941   4206886
2022-11-23 14:44:00-05:00  4022.500000  4024.209961  4022.479980  4023.979980  4023.979980   4845361
2022-11-23 14:46:00-05:00  4024.020020  4025.770020  4023.699951  4025.330078  4025.330078   4599054
2022-11-23 14:48:00-05:00  4025.429932  4029.629883  4025.429932  4028.699951  4028.699951   6363264
2022-11-23 14:50:00-05:00  4028.739990  4029.610107  4027.479980  4029.439941  4029.439941   6171466
2022-11-23 14:52:00-05:00  4029.379883  4031.340088  4029.350098  4030.429932  4030.429932   6820790
2022-11-23 14:54:00-05:00  4030.419922  4030.820068  4026.280029  4027.280029  4027.280029   8399976
2022-11-23 14:56:00-05:00  4027.250000  4028.800049  4026.929932  4027.500000  4027.500000   5309310
2022-11-23 14:58:00-05:00  4027.560059  4027.850098  4026.790039  4026.840088  4026.840088   4559634
2022-11-23 15:00:00-05:00  4026.860107  4026.889893  4023.250000  4024.010010  4024.010010   7028667
2022-11-23 15:02:00-05:00  4024.030029  4027.459961  4024.030029  4026.139893  4026.139893   5681673
2022-11-23 15:04:00-05:00  4026.060059  4027.800049  4025.659912  4027.800049  4027.800049   5379354
2022-11-23 15:06:00-05:00  4027.830078  4029.570068  4027.830078  4028.899902  4028.899902   7224421
2022-11-23 15:08:00-05:00  4028.879883  4029.939941  4028.750000  4029.260010  4029.260010   5531390
2022-11-23 15:10:00-05:00  4029.280029  4029.280029  4027.080078  4028.959961  4028.959961   6566181
2022-11-23 15:12:00-05:00  4028.979980  4029.639893  4028.899902  4029.489990  4029.489990   5940998
2022-11-23 15:14:00-05:00  4029.459961  4029.520020  4028.939941  4029.179932  4029.179932   5368392
2022-11-23 15:16:00-05:00  4029.209961  4032.270020  4028.850098  4032.270020  4032.270020   7327931
2022-11-23 15:18:00-05:00  4032.580078  4033.780029  4031.899902  4033.219971  4033.219971   8430716
2022-11-23 15:20:00-05:00  4033.239990  4033.459961  4028.409912  4029.060059  4029.060059   8800181
2022-11-23 15:22:00-05:00  4029.000000  4030.989990  4027.989990  4029.800049  4029.800049   6918565
2022-11-23 15:24:00-05:00  4029.830078  4031.689941  4029.709961  4030.719971  4030.719971   6588984
2022-11-23 15:26:00-05:00  4030.719971  4031.290039  4029.419922  4029.530029  4029.530029   6823423
2022-11-23 15:28:00-05:00  4029.540039  4030.320068  4029.040039  4029.040039  4029.040039   5015631
2022-11-23 15:30:00-05:00  4029.050049  4029.050049  4026.110107  4026.459961  4026.459961   7403494
2022-11-23 15:32:00-05:00  4026.459961  4027.320068  4025.370117  4025.379883  4025.379883   6617270
2022-11-23 15:34:00-05:00  4025.379883  4025.860107  4024.290039  4024.449951  4024.449951   6652718
2022-11-23 15:36:00-05:00  4024.459961  4026.739990  4024.219971  4026.250000  4026.250000   8271879
2022-11-23 15:38:00-05:00  4026.250000  4027.500000  4026.250000  4027.500000  4027.500000   7070158
2022-11-23 15:40:00-05:00  4027.489990  4027.840088  4025.800049  4025.929932  4025.929932   8459969
2022-11-23 15:42:00-05:00  4025.899902  4026.600098  4025.469971  4025.939941  4025.939941   8203741
2022-11-23 15:44:00-05:00  4025.969971  4027.050049  4022.649902  4024.100098  4024.100098  12687736
2022-11-23 15:46:00-05:00  4024.139893  4025.229980  4023.159912  4024.320068  4024.320068   9246218
2022-11-23 15:48:00-05:00  4024.320068  4025.090088  4022.260010  4022.939941  4022.939941  11620822
2022-11-23 15:50:00-05:00  4022.870117  4026.750000  4022.870117  4026.520020  4026.520020  17205117
2022-11-23 15:52:00-05:00  4026.469971  4027.189941  4025.669922  4027.189941  4027.189941  15829370
2022-11-23 15:54:00-05:00  4027.189941  4028.409912  4024.159912  4024.219971  4024.219971  23534905
2022-11-23 15:56:00-05:00  4024.169922  4025.750000  4023.459961  4024.580078  4024.580078  30464906
2022-11-23 15:58:00-05:00  4024.449951  4028.000000  4024.449951  4027.860107  4027.860107  49056316
2022-11-25 09:30:00-05:00  4023.340088  4025.750000  4022.830078  4024.840088  4024.840088   7388661
2022-11-25 09:32:00-05:00  4024.830078  4024.840088  4022.290039  4022.699951  4022.699951  11759412
2022-11-25 09:34:00-05:00  4022.870117  4023.510010  4020.760010  4023.419922  4023.419922  12101576
2022-11-25 09:36:00-05:00  4023.540039  4026.679932  4023.540039  4025.649902  4025.649902  10392321
2022-11-25 09:38:00-05:00  4025.889893  4027.179932  4024.780029  4025.030029  4025.030029  10726112
2022-11-25 09:40:00-05:00  4024.909912  4025.689941  4023.080078  4025.610107  4025.610107  10871875
2022-11-25 09:42:00-05:00  4025.540039  4026.780029  4024.330078  4024.669922  4024.669922   9430571
2022-11-25 09:44:00-05:00  4024.610107  4025.419922  4023.459961  4025.090088  4025.090088   9689830
2022-11-25 09:46:00-05:00  4025.189941  4026.300049  4024.340088  4024.919922  4024.919922   8408182
2022-11-25 09:48:00-05:00  4024.959961  4025.370117  4023.110107  4023.149902  4023.149902   8687058
2022-11-25 09:50:00-05:00  4023.159912  4026.330078  4023.159912  4025.820068  4025.820068   9051524
2022-11-25 09:52:00-05:00  4025.840088  4028.260010  4025.340088  4028.260010  4028.260010   7796256
2022-11-25 09:54:00-05:00  4028.310059  4028.310059  4025.929932  4026.729980  4026.729980   7969923
2022-11-25 09:56:00-05:00  4026.729980  4030.419922  4026.729980  4029.889893  4029.889893   8929064
2022-11-25 09:58:00-05:00  4030.060059  4030.510010  4028.760010  4029.540039  4029.540039   7451887
2022-11-25 10:00:00-05:00  4029.379883  4030.370117  4028.060059  4030.370117  4030.370117   9647734
2022-11-25 10:02:00-05:00  4030.379883  4030.739990  4029.300049  4030.560059  4030.560059   7518064
2022-11-25 10:04:00-05:00  4030.570068  4031.399902  4030.550049  4030.739990  4030.739990   8648310
2022-11-25 10:06:00-05:00  4030.729980  4031.750000  4030.320068  4030.929932  4030.929932   7079805
2022-11-25 10:08:00-05:00  4030.959961  4031.159912  4029.850098  4031.120117  4031.120117   7104533
2022-11-25 10:10:00-05:00  4031.060059  4031.879883  4029.290039  4030.770020  4030.770020   7837030
2022-11-25 10:12:00-05:00  4030.840088  4031.780029  4029.709961  4030.020020  4030.020020   6875263
2022-11-25 10:14:00-05:00  4030.010010  4030.679932  4029.629883  4030.449951  4030.449951  27635012
2022-11-25 10:16:00-05:00  4030.429932  4032.580078  4030.379883  4032.580078  4032.580078   8297559
2022-11-25 10:18:00-05:00  4032.719971  4032.719971  4031.110107  4031.340088  4031.340088   7958928
2022-11-25 10:20:00-05:00  4031.360107  4031.800049  4030.399902  4031.800049  4031.800049   7599035
2022-11-25 10:22:00-05:00  4031.879883  4032.929932  4030.510010  4030.560059  4030.560059   7126518
2022-11-25 10:24:00-05:00  4030.600098  4031.489990  4030.350098  4031.439941  4031.439941   6261630
2022-11-25 10:26:00-05:00  4031.469971  4031.929932  4029.800049  4029.879883  4029.879883   6435798
2022-11-25 10:28:00-05:00  4029.870117  4030.340088  4029.209961  4029.899902  4029.899902   6339676
2022-11-25 10:30:00-05:00  4029.850098  4030.830078  4029.260010  4030.280029  4030.280029   8317771
2022-11-25 10:32:00-05:00  4030.260010  4030.260010  4028.810059  4029.989990  4029.989990   6112250
2022-11-25 10:34:00-05:00  4030.030029  4031.350098  4029.610107  4030.939941  4030.939941   6374652
2022-11-25 10:36:00-05:00  4031.030029  4031.040039  4029.659912  4030.040039  4030.040039   5815444
2022-11-25 10:38:00-05:00  4030.060059  4030.260010  4028.669922  4029.389893  4029.389893   6455738
2022-11-25 10:40:00-05:00  4029.399902  4030.189941  4029.360107  4029.489990  4029.489990   4861856
2022-11-25 10:42:00-05:00  4029.510010  4030.139893  4028.709961  4030.139893  4030.139893   6072148
2022-11-25 10:44:00-05:00  4030.189941  4030.449951  4029.729980  4029.979980  4029.979980   6006893
2022-11-25 10:46:00-05:00  4030.030029  4030.120117  4029.080078  4029.750000  4029.750000   5612739
2022-11-25 10:48:00-05:00  4029.790039  4031.760010  4029.629883  4031.340088  4031.340088   6211958
2022-11-25 10:50:00-05:00  4031.320068  4031.330078  4029.629883  4030.479980  4030.479980   5972841
2022-11-25 10:52:00-05:00  4030.469971  4031.560059  4030.320068  4031.379883  4031.379883   4849219
2022-11-25 10:54:00-05:00  4031.379883  4031.689941  4031.199951  4031.409912  4031.409912   5328613
2022-11-25 10:56:00-05:00  4031.409912  4032.139893  4030.979980  4031.629883  4031.629883   5637299
2022-11-25 10:58:00-05:00  4031.659912  4031.810059  4031.000000  4031.159912  4031.159912   5245108
2022-11-25 11:00:00-05:00  4031.110107  4031.629883  4029.949951  4030.389893  4030.389893   6444033
2022-11-25 11:02:00-05:00  4030.439941  4032.659912  4030.439941  4032.550049  4032.550049   5643051
2022-11-25 11:04:00-05:00  4032.649902  4033.860107  4032.649902  4033.750000  4033.750000   5691849
2022-11-25 11:06:00-05:00  4033.669922  4034.020020  4032.760010  4032.909912  4032.909912   5272042
2022-11-25 11:08:00-05:00  4032.909912  4033.320068  4032.530029  4032.770020  4032.770020   4687429
2022-11-25 11:10:00-05:00  4032.800049  4033.159912  4031.270020  4031.270020  4031.270020   5100864
2022-11-25 11:12:00-05:00  4031.169922  4031.419922  4030.620117  4030.780029  4030.780029   5110007
2022-11-25 11:14:00-05:00  4030.840088  4030.840088  4030.260010  4030.600098  4030.600098   5111838
2022-11-25 11:16:00-05:00  4030.600098  4030.639893  4029.699951  4030.350098  4030.350098   4745725
2022-11-25 11:18:00-05:00  4030.330078  4031.209961  4030.149902  4030.790039  4030.790039   5393883
2022-11-25 11:20:00-05:00  4030.810059  4031.250000  4030.000000  4030.090088  4030.090088   5120960
2022-11-25 11:22:00-05:00  4030.080078  4031.330078  4029.830078  4030.330078  4030.330078   5939754
2022-11-25 11:24:00-05:00  4030.290039  4030.780029  4029.050049  4029.689941  4029.689941   5601684
2022-11-25 11:26:00-05:00  4029.750000  4030.280029  4029.199951  4029.500000  4029.500000   4852853
2022-11-25 11:28:00-05:00  4029.550049  4029.600098  4027.310059  4027.909912  4027.909912   5611394
2022-11-25 11:30:00-05:00  4027.909912  4028.060059  4026.340088  4026.500000  4026.500000   6011541
2022-11-25 11:32:00-05:00  4026.489990  4026.570068  4025.050049  4025.929932  4025.929932   5737729
2022-11-25 11:34:00-05:00  4025.879883  4027.330078  4025.879883  4027.050049  4027.050049   5629952
2022-11-25 11:36:00-05:00  4027.030029  4028.409912  4027.030029  4028.360107  4028.360107   4803022
2022-11-25 11:38:00-05:00  4028.360107  4028.629883  4028.110107  4028.469971  4028.469971   4413573
2022-11-25 11:40:00-05:00  4028.439941  4028.550049  4027.570068  4027.669922  4027.669922   5275002
2022-11-25 11:42:00-05:00  4027.719971  4028.510010  4027.489990  4028.459961  4028.459961   4672282
2022-11-25 11:44:00-05:00  4028.489990  4029.919922  4028.489990  4029.870117  4029.870117   5218906
2022-11-25 11:46:00-05:00  4029.870117  4030.340088  4029.610107  4029.919922  4029.919922   4393021
2022-11-25 11:48:00-05:00  4029.979980  4030.199951  4029.620117  4029.739990  4029.739990   4236837
2022-11-25 11:50:00-05:00  4029.750000  4030.419922  4029.750000  4030.149902  4030.149902   4616277
2022-11-25 11:52:00-05:00  4030.179932  4030.639893  4029.840088  4030.550049  4030.550049   4070374
2022-11-25 11:54:00-05:00  4030.550049  4030.800049  4030.030029  4030.360107  4030.360107   4665760
2022-11-25 11:56:00-05:00  4030.389893  4030.689941  4029.719971  4030.689941  4030.689941   4756108
2022-11-25 11:58:00-05:00  4030.709961  4030.870117  4029.780029  4029.899902  4029.899902   4711767
2022-11-25 12:00:00-05:00  4029.899902  4030.100098  4029.169922  4029.389893  4029.389893   5183157
2022-11-25 12:02:00-05:00  4029.360107  4029.840088  4029.219971  4029.479980  4029.479980   4358090
2022-11-25 12:04:00-05:00  4029.479980  4029.679932  4027.580078  4027.659912  4027.659912   5826526
2022-11-25 12:06:00-05:00  4027.629883  4029.389893  4027.580078  4029.110107  4029.110107   5123322
2022-11-25 12:08:00-05:00  4029.169922  4029.169922  4027.219971  4027.659912  4027.659912   5144902
2022-11-25 12:10:00-05:00  4027.659912  4028.550049  4027.639893  4028.080078  4028.080078   4315254
2022-11-25 12:12:00-05:00  4028.080078  4028.790039  4027.949951  4028.540039  4028.540039   4658787
2022-11-25 12:14:00-05:00  4028.540039  4028.949951  4027.780029  4028.360107  4028.360107   5352948
2022-11-25 12:16:00-05:00  4028.379883  4028.409912  4027.620117  4027.620117  4027.620117   4454116
2022-11-25 12:18:00-05:00  4027.600098  4028.729980  4027.419922  4028.330078  4028.330078   5747633
2022-11-25 12:20:00-05:00  4028.379883  4028.550049  4027.989990  4028.070068  4028.070068   4622529
2022-11-25 12:22:00-05:00  4028.050049  4028.629883  4028.030029  4028.550049  4028.550049   4861370
2022-11-25 12:24:00-05:00  4028.570068  4030.110107  4028.560059  4030.080078  4030.080078   6036864
2022-11-25 12:26:00-05:00  4030.080078  4030.479980  4029.760010  4030.270020  4030.270020   5413223
2022-11-25 12:28:00-05:00  4030.290039  4030.300049  4029.270020  4029.959961  4029.959961   5311059
2022-11-25 12:30:00-05:00  4029.979980  4030.100098  4029.350098  4029.439941  4029.439941   6154708
2022-11-25 12:32:00-05:00  4029.409912  4029.709961  4027.209961  4027.209961  4027.209961   6504821
2022-11-25 12:34:00-05:00  4027.219971  4027.489990  4025.929932  4026.320068  4026.320068   5995107
2022-11-25 12:36:00-05:00  4026.340088  4027.879883  4026.229980  4027.659912  4027.659912   6492137
2022-11-25 12:38:00-05:00  4027.659912  4028.139893  4027.330078  4027.449951  4027.449951   6238520
2022-11-25 12:40:00-05:00  4027.429932  4027.679932  4027.080078  4027.100098  4027.100098   5240950
2022-11-25 12:42:00-05:00  4027.090088  4027.159912  4025.979980  4026.320068  4026.320068   6747876
2022-11-25 12:44:00-05:00  4026.370117  4026.399902  4025.179932  4025.750000  4025.750000   7805637
2022-11-25 12:46:00-05:00  4025.760010  4026.179932  4024.580078  4024.719971  4024.719971   8143840
2022-11-25 12:48:00-05:00  4024.689941  4025.060059  4023.570068  4023.620117  4023.620117   7632268
2022-11-25 12:50:00-05:00  4023.620117  4026.129883  4023.620117  4025.060059  4025.060059  11943606
2022-11-25 12:52:00-05:00  4025.060059  4025.770020  4024.899902  4025.620117  4025.620117  11133793
2022-11-25 12:54:00-05:00  4025.379883  4026.050049  4023.620117  4023.620117  4023.620117  14237128
2022-11-25 12:56:00-05:00  4023.669922  4025.429932  4023.169922  4024.590088  4024.590088  16742520
2022-11-25 12:58:00-05:00  4024.610107  4027.100098  4024.530029  4026.979980  4026.979980  31579530
2022-11-25 13:00:00-05:00  4026.850098  4026.850098  4026.159912  4026.169922  4026.169922  96089080
2022-11-28 09:30:00-05:00  4005.360107  4005.360107  3994.770020  4002.919922  4002.919922   9314868
2022-11-28 09:32:00-05:00  4003.120117  4008.449951  4003.120117  4006.870117  4006.870117  16187845
2022-11-28 09:34:00-05:00  4006.899902  4012.270020  4006.489990  4010.030029  4010.030029  15333039
2022-11-28 09:36:00-05:00  4010.110107  4011.830078  4008.770020  4008.879883  4008.879883  12342884
2022-11-28 09:38:00-05:00  4008.879883  4010.080078  4008.280029  4009.709961  4009.709961  12733089
2022-11-28 09:40:00-05:00  4009.760010  4009.760010  4006.429932  4007.610107  4007.610107  14558597
2022-11-28 09:42:00-05:00  4007.360107  4007.810059  4005.570068  4007.570068  4007.570068  12817165
2022-11-28 09:44:00-05:00  4007.510010  4009.909912  4006.540039  4009.139893  4009.139893  13483399
2022-11-28 09:46:00-05:00  4009.070068  4009.280029  4006.100098  4007.169922  4007.169922  11207726
2022-11-28 09:48:00-05:00  4007.179932  4007.179932  4005.129883  4005.879883  4005.879883  12720962
2022-11-28 09:50:00-05:00  4005.879883  4006.459961  4003.899902  4006.459961  4006.459961  11478011
2022-11-28 09:52:00-05:00  4006.489990  4007.030029  4005.939941  4006.860107  4006.860107  11609489
2022-11-28 09:54:00-05:00  4006.820068  4006.820068  4003.270020  4003.340088  4003.340088   9813671
2022-11-28 09:56:00-05:00  4003.379883  4004.050049  4001.189941  4001.979980  4001.979980  17574958
2022-11-28 09:58:00-05:00  4001.860107  4003.040039  4001.250000  4002.860107  4002.860107   9377159
2022-11-28 10:00:00-05:00  4002.870117  4002.870117  4000.639893  4001.760010  4001.760010  10612979
2022-11-28 10:02:00-05:00  4001.929932  4003.340088  4001.159912  4001.590088  4001.590088  10030164
2022-11-28 10:04:00-05:00  4001.610107  4004.639893  4000.989990  4003.689941  4003.689941   9496743
2022-11-28 10:06:00-05:00  4003.600098  4003.600098  4001.300049  4002.209961  4002.209961   9768068
2022-11-28 10:08:00-05:00  4002.199951  4003.219971  4001.260010  4002.860107  4002.860107   9974650
2022-11-28 10:10:00-05:00  4002.840088  4004.129883  4002.239990  4002.489990  4002.489990   8598041
2022-11-28 10:12:00-05:00  4002.510010  4004.560059  4000.449951  4004.560059  4004.560059  10405871
2022-11-28 10:14:00-05:00  4004.479980  4005.530029  4003.989990  4004.719971  4004.719971   8278884
2022-11-28 10:16:00-05:00  4004.800049  4005.260010  4003.840088  4004.300049  4004.300049   8727141
2022-11-28 10:18:00-05:00  4004.280029  4005.870117  4003.929932  4005.760010  4005.760010   8656574
2022-11-28 10:20:00-05:00  4005.729980  4006.639893  4001.360107  4001.469971  4001.469971  10526177
2022-11-28 10:22:00-05:00  4001.439941  4001.750000  3998.040039  3998.260010  3998.260010   8758667
2022-11-28 10:24:00-05:00  3998.280029  3998.280029  3993.959961  3994.409912  3994.409912  11200989
2022-11-28 10:26:00-05:00  3994.459961  3996.469971  3994.350098  3995.639893  3995.639893  11859800
2022-11-28 10:28:00-05:00  3995.659912  3998.100098  3994.649902  3998.040039  3998.040039   8636169
2022-11-28 10:30:00-05:00  3998.050049  3998.510010  3996.459961  3998.270020  3998.270020   8521397
2022-11-28 10:32:00-05:00  3998.260010  3998.909912  3997.260010  3997.389893  3997.389893   7849608
2022-11-28 10:34:00-05:00  3997.409912  3998.270020  3996.139893  3998.270020  3998.270020   7818470
2022-11-28 10:36:00-05:00  3998.229980  3999.969971  3997.969971  3999.449951  3999.449951   7120850
2022-11-28 10:38:00-05:00  3999.409912  3999.899902  3998.580078  3999.209961  3999.209961   6882836
2022-11-28 10:40:00-05:00  3999.189941  3999.989990  3998.300049  3999.429932  3999.429932   8220794
2022-11-28 10:42:00-05:00  3999.389893  3999.770020  3998.189941  3998.189941  3998.189941   6143939
2022-11-28 10:44:00-05:00  3998.100098  3998.489990  3996.189941  3997.360107  3997.360107   7974578
2022-11-28 10:46:00-05:00  3997.520020  3998.459961  3995.639893  3995.770020  3995.770020   7273703
2022-11-28 10:48:00-05:00  3995.810059  3996.199951  3994.439941  3994.919922  3994.919922   5608478
2022-11-28 10:50:00-05:00  3994.760010  3994.810059  3993.370117  3993.860107  3993.860107   8438940
2022-11-28 10:52:00-05:00  3993.919922  3994.219971  3989.239990  3990.110107  3990.110107   8832037
2022-11-28 10:54:00-05:00  3990.120117  3991.679932  3989.449951  3991.679932  3991.679932   7542718
2022-11-28 10:56:00-05:00  3991.620117  3992.290039  3991.310059  3991.840088  3991.840088   6483207
2022-11-28 10:58:00-05:00  3991.830078  3991.850098  3989.590088  3990.070068  3990.070068   7873239
2022-11-28 11:00:00-05:00  3990.100098  3992.699951  3989.840088  3992.590088  3992.590088   8806718
2022-11-28 11:02:00-05:00  3992.669922  3992.780029  3990.870117  3990.929932  3990.929932   6050468
2022-11-28 11:04:00-05:00  3990.889893  3991.750000  3990.040039  3991.520020  3991.520020   6710940
2022-11-28 11:06:00-05:00  3991.479980  3991.510010  3988.800049  3990.250000  3990.250000   6792291
2022-11-28 11:08:00-05:00  3990.320068  3990.600098  3987.270020  3990.550049  3990.550049   7745268
2022-11-28 11:10:00-05:00  3990.459961  3990.550049  3988.770020  3990.389893  3990.389893   7921912
2022-11-28 11:12:00-05:00  3990.409912  3992.040039  3990.219971  3991.189941  3991.189941   9091708
2022-11-28 11:14:00-05:00  3991.169922  3992.929932  3991.070068  3992.560059  3992.560059   6960568
2022-11-28 11:16:00-05:00  3992.479980  3992.909912  3991.590088  3991.850098  3991.850098   6795741
2022-11-28 11:18:00-05:00  3991.919922  3992.580078  3991.020020  3991.020020  3991.020020   6820503
2022-11-28 11:20:00-05:00  3990.870117  3991.570068  3989.790039  3991.570068  3991.570068   7297495
2022-11-28 11:22:00-05:00  3991.719971  3992.090088  3990.370117  3992.030029  3992.030029   7254560
2022-11-28 11:24:00-05:00  3992.000000  3992.340088  3990.909912  3992.060059  3992.060059   6960911
2022-11-28 11:26:00-05:00  3992.010010  3992.010010  3990.820068  3991.729980  3991.729980   7165819
2022-11-28 11:28:00-05:00  3991.750000  3991.840088  3989.330078  3989.860107  3989.860107   6427229
2022-11-28 11:30:00-05:00  3990.030029  3990.870117  3989.280029  3989.659912  3989.659912   7416389
2022-11-28 11:32:00-05:00  3989.719971  3991.379883  3989.719971  3990.649902  3990.649902   6971606
2022-11-28 11:34:00-05:00  3990.610107  3990.610107  3988.639893  3989.550049  3989.550049   6745239
2022-11-28 11:36:00-05:00  3989.590088  3990.979980  3989.580078  3990.899902  3990.899902   6336437
2022-11-28 11:38:00-05:00  3990.800049  3991.669922  3990.800049  3991.639893  3991.639893   6546213
2022-11-28 11:40:00-05:00  3991.620117  3992.199951  3990.239990  3992.199951  3992.199951   6574952
2022-11-28 11:42:00-05:00  3992.139893  3994.429932  3992.139893  3993.179932  3993.179932   8885765
2022-11-28 11:44:00-05:00  3993.169922  3993.629883  3992.709961  3993.489990  3993.489990   6212743
2022-11-28 11:46:00-05:00  3993.479980  3994.219971  3992.449951  3993.840088  3993.840088   6700729
2022-11-28 11:48:00-05:00  3993.919922  3994.669922  3993.429932  3994.090088  3994.090088   6293740
2022-11-28 11:50:00-05:00  3994.070068  3994.149902  3993.310059  3993.800049  3993.800049   5231721
2022-11-28 11:52:00-05:00  3993.899902  3994.500000  3993.350098  3994.370117  3994.370117   6395010
2022-11-28 11:54:00-05:00  3994.350098  3995.050049  3994.010010  3994.770020  3994.770020   6665941
2022-11-28 11:56:00-05:00  3994.709961  3995.169922  3994.199951  3994.860107  3994.860107   6873651
2022-11-28 11:58:00-05:00  3994.850098  3994.919922  3993.679932  3993.679932  3993.679932   6380843
2022-11-28 12:00:00-05:00  3993.739990  3993.899902  3992.770020  3993.750000  3993.750000   6003684
2022-11-28 12:02:00-05:00  3993.780029  3995.870117  3981.939941  3984.020020  3984.020020  15558480
2022-11-28 12:04:00-05:00  3983.629883  3997.600098  3983.409912  3994.520020  3994.520020  11838811
2022-11-28 12:06:00-05:00  3994.330078  3995.560059  3989.770020  3990.820068  3990.820068   6936695
2022-11-28 12:08:00-05:00  3990.850098  3990.850098  3985.530029  3985.530029  3985.530029   6507288
2022-11-28 12:10:00-05:00  3985.399902  3986.040039  3983.810059  3984.949951  3984.949951   6697000
2022-11-28 12:12:00-05:00  3984.820068  3985.250000  3983.320068  3983.510010  3983.510010   5468615
2022-11-28 12:14:00-05:00  3983.530029  3986.790039  3983.530029  3986.429932  3986.429932   5882967
2022-11-28 12:16:00-05:00  3986.489990  3991.389893  3986.489990  3990.850098  3990.850098   6633822
2022-11-28 12:18:00-05:00  3990.860107  3992.510010  3990.860107  3992.129883  3992.129883   5692317
2022-11-28 12:20:00-05:00  3992.120117  3992.909912  3991.899902  3992.800049  3992.800049   4443171
2022-11-28 12:22:00-05:00  3992.780029  3993.250000  3990.959961  3990.959961  3990.959961   6681085
2022-11-28 12:24:00-05:00  3990.989990  3991.639893  3990.639893  3991.530029  3991.530029   4488207
2022-11-28 12:26:00-05:00  3991.520020  3992.439941  3991.020020  3991.270020  3991.270020   5229843
2022-11-28 12:28:00-05:00  3991.280029  3991.389893  3990.239990  3990.270020  3990.270020   4837072
2022-11-28 12:30:00-05:00  3990.280029  3992.699951  3990.280029  3992.699951  3992.699951   4898897
2022-11-28 12:32:00-05:00  3992.909912  3993.590088  3992.260010  3993.040039  3993.040039   4853074
2022-11-28 12:34:00-05:00  3993.070068  3993.129883  3991.889893  3992.110107  3992.110107   4905067
2022-11-28 12:36:00-05:00  3992.469971  3994.419922  3992.219971  3994.260010  3994.260010   5889670
2022-11-28 12:38:00-05:00  3994.070068  3994.070068  3992.409912  3992.679932  3992.679932   4897133
2022-11-28 12:40:00-05:00  3992.679932  3993.580078  3992.010010  3992.050049  3992.050049   5063628
2022-11-28 12:42:00-05:00  3992.000000  3992.389893  3991.459961  3991.750000  3991.750000   4379670
2022-11-28 12:44:00-05:00  3991.830078  3992.189941  3991.030029  3992.189941  3992.189941   4794599
2022-11-28 12:46:00-05:00  3992.209961  3992.209961  3989.189941  3989.389893  3989.389893   5718515
2022-11-28 12:48:00-05:00  3989.439941  3989.790039  3988.969971  3988.989990  3988.989990   4306205
2022-11-28 12:50:00-05:00  3988.989990  3989.149902  3986.850098  3987.189941  3987.189941   5313128
2022-11-28 12:52:00-05:00  3987.159912  3987.159912  3981.600098  3982.429932  3982.429932   9509346
2022-11-28 12:54:00-05:00  3982.409912  3983.090088  3981.040039  3982.330078  3982.330078   5386268
2022-11-28 12:56:00-05:00  3982.310059  3983.010010  3982.000000  3982.429932  3982.429932   5154244
2022-11-28 12:58:00-05:00  3982.479980  3982.699951  3981.209961  3981.379883  3981.379883   5170741
2022-11-28 13:00:00-05:00  3981.389893  3981.909912  3980.889893  3981.750000  3981.750000   5545544
2022-11-28 13:02:00-05:00  3981.790039  3982.810059  3981.790039  3982.760010  3982.760010   4726419
2022-11-28 13:04:00-05:00  3982.750000  3983.639893  3982.199951  3983.639893  3983.639893   4814778
2022-11-28 13:06:00-05:00  3983.689941  3983.840088  3982.729980  3982.729980  3982.729980   5137820
2022-11-28 13:08:00-05:00  3982.649902  3982.969971  3981.689941  3981.800049  3981.800049   4802792
2022-11-28 13:10:00-05:00  3981.850098  3982.929932  3981.469971  3981.659912  3981.659912   5300935
2022-11-28 13:12:00-05:00  3981.669922  3983.250000  3980.189941  3983.250000  3983.250000   7242596
2022-11-28 13:14:00-05:00  3983.290039  3983.699951  3982.949951  3983.310059  3983.310059   4756856
2022-11-28 13:16:00-05:00  3983.310059  3983.520020  3982.800049  3983.030029  3983.030029   4454694
2022-11-28 13:18:00-05:00  3983.020020  3983.860107  3982.979980  3983.500000  3983.500000   5029059
2022-11-28 13:20:00-05:00  3983.530029  3984.439941  3983.290039  3983.600098  3983.600098   6064536
2022-11-28 13:22:00-05:00  3983.590088  3984.229980  3983.469971  3983.889893  3983.889893   5347772
2022-11-28 13:24:00-05:00  3983.939941  3983.939941  3983.199951  3983.520020  3983.520020   4788044
2022-11-28 13:26:00-05:00  3983.550049  3984.629883  3983.550049  3984.159912  3984.159912   4602263
2022-11-28 13:28:00-05:00  3984.090088  3984.090088  3982.370117  3982.949951  3982.949951   5318699
2022-11-28 13:30:00-05:00  3982.899902  3983.060059  3982.159912  3982.189941  3982.189941   5004970
2022-11-28 13:32:00-05:00  3982.179932  3982.179932  3979.919922  3980.399902  3980.399902   6067845
2022-11-28 13:34:00-05:00  3980.389893  3980.449951  3979.189941  3979.679932  3979.679932   5380470
2022-11-28 13:36:00-05:00  3979.639893  3981.729980  3979.639893  3981.719971  3981.719971   5598495
2022-11-28 13:38:00-05:00  3981.760010  3981.949951  3981.139893  3981.530029  3981.530029   4306232
2022-11-28 13:40:00-05:00  3981.500000  3981.860107  3981.090088  3981.110107  3981.110107   5108278
2022-11-28 13:42:00-05:00  3981.129883  3981.179932  3978.620117  3978.939941  3978.939941   6073457
2022-11-28 13:44:00-05:00  3978.989990  3979.080078  3977.750000  3978.689941  3978.689941   6034246
2022-11-28 13:46:00-05:00  3978.699951  3978.709961  3977.649902  3977.679932  3977.679932   5377639
2022-11-28 13:48:00-05:00  3977.719971  3978.540039  3977.669922  3977.760010  3977.760010   4943756
2022-11-28 13:50:00-05:00  3977.729980  3978.209961  3977.600098  3978.040039  3978.040039   5314450
2022-11-28 13:52:00-05:00  3977.959961  3977.959961  3975.179932  3975.780029  3975.780029   7016914
2022-11-28 13:54:00-05:00  3975.870117  3975.939941  3974.310059  3974.370117  3974.370117   5957597
2022-11-28 13:56:00-05:00  3974.370117  3974.370117  3969.629883  3970.050049  3970.050049   9859453
2022-11-28 13:58:00-05:00  3970.040039  3970.429932  3969.750000  3970.310059  3970.310059   5952026
2022-11-28 14:00:00-05:00  3970.300049  3971.620117  3969.479980  3970.060059  3970.060059   6465954
2022-11-28 14:02:00-05:00  3970.060059  3970.060059  3968.459961  3969.290039  3969.290039   5600718
2022-11-28 14:04:00-05:00  3969.290039  3970.120117  3968.600098  3970.120117  3970.120117   5147837
2022-11-28 14:06:00-05:00  3970.149902  3970.229980  3968.389893  3968.689941  3968.689941   5581638
2022-11-28 14:08:00-05:00  3968.709961  3968.780029  3966.850098  3966.909912  3966.909912   5878208
2022-11-28 14:10:00-05:00  3966.909912  3967.270020  3966.340088  3967.020020  3967.020020   5674949
2022-11-28 14:12:00-05:00  3967.050049  3967.469971  3966.169922  3967.439941  3967.439941   5659208
2022-11-28 14:14:00-05:00  3967.449951  3967.449951  3965.959961  3966.340088  3966.340088   5060559
2022-11-28 14:16:00-05:00  3966.379883  3967.129883  3966.199951  3966.850098  3966.850098   5628028
2022-11-28 14:18:00-05:00  3966.870117  3968.239990  3966.870117  3967.439941  3967.439941   5537852
2022-11-28 14:20:00-05:00  3967.419922  3967.510010  3965.449951  3965.820068  3965.820068   6302122
2022-11-28 14:22:00-05:00  3965.830078  3965.919922  3963.929932  3965.080078  3965.080078   6161654
2022-11-28 14:24:00-05:00  3965.100098  3965.840088  3964.659912  3965.820068  3965.820068   6314203
2022-11-28 14:26:00-05:00  3965.790039  3965.790039  3964.969971  3965.399902  3965.399902   5205423
2022-11-28 14:28:00-05:00  3965.350098  3965.469971  3964.669922  3964.669922  3964.669922   5286782
2022-11-28 14:30:00-05:00  3964.659912  3964.929932  3963.110107  3963.949951  3963.949951   6654501
2022-11-28 14:32:00-05:00  3963.959961  3966.340088  3963.929932  3965.830078  3965.830078   7269477
2022-11-28 14:34:00-05:00  3965.989990  3966.239990  3965.649902  3966.110107  3966.110107   5007967
2022-11-28 14:36:00-05:00  3966.120117  3966.120117  3965.340088  3965.889893  3965.889893   5758388
2022-11-28 14:38:00-05:00  3965.879883  3967.629883  3965.780029  3967.320068  3967.320068   5934048
2022-11-28 14:40:00-05:00  3967.330078  3967.439941  3966.379883  3966.659912  3966.659912   6312605
2022-11-28 14:42:00-05:00  3966.679932  3967.270020  3966.510010  3967.270020  3967.270020   5501911
2022-11-28 14:44:00-05:00  3967.239990  3968.449951  3967.139893  3968.020020  3968.020020   6136955
2022-11-28 14:46:00-05:00  3968.020020  3968.020020  3966.189941  3966.449951  3966.449951   6818607
2022-11-28 14:48:00-05:00  3966.439941  3967.040039  3966.350098  3966.409912  3966.409912   5644072
2022-11-28 14:50:00-05:00  3966.330078  3967.229980  3965.989990  3966.830078  3966.830078   5815582
2022-11-28 14:52:00-05:00  3966.889893  3967.149902  3966.479980  3967.000000  3967.000000   5179730
2022-11-28 14:54:00-05:00  3966.979980  3967.570068  3966.330078  3966.550049  3966.550049   5120783
2022-11-28 14:56:00-05:00  3966.550049  3967.360107  3966.449951  3966.689941  3966.689941   5510260
2022-11-28 14:58:00-05:00  3966.669922  3966.709961  3963.760010  3964.510010  3964.510010   7068268
2022-11-28 15:00:00-05:00  3964.540039  3965.189941  3963.510010  3965.110107  3965.110107   6578480
2022-11-28 15:02:00-05:00  3965.139893  3965.189941  3962.979980  3964.320068  3964.320068   7384569
2022-11-28 15:04:00-05:00  3964.310059  3964.959961  3962.790039  3962.949951  3962.949951   6873114
2022-11-28 15:06:00-05:00  3962.909912  3964.429932  3962.810059  3963.080078  3963.080078   7074943
2022-11-28 15:08:00-05:00  3963.070068  3963.419922  3961.969971  3962.439941  3962.439941   7127900
2022-11-28 15:10:00-05:00  3962.429932  3962.500000  3961.110107  3961.449951  3961.449951   7819925
2022-11-28 15:12:00-05:00  3961.409912  3962.159912  3958.889893  3959.030029  3959.030029   8830720
2022-11-28 15:14:00-05:00  3959.030029  3959.409912  3958.389893  3958.439941  3958.439941   7984428
2022-11-28 15:16:00-05:00  3958.379883  3958.459961  3957.629883  3957.649902  3957.649902   7371119
2022-11-28 15:18:00-05:00  3957.649902  3959.469971  3957.649902  3958.830078  3958.830078   9427640
2022-11-28 15:20:00-05:00  3958.860107  3960.729980  3958.860107  3959.620117  3959.620117   9276235
2022-11-28 15:22:00-05:00  3959.629883  3959.629883  3958.090088  3958.090088  3958.090088   7303964
2022-11-28 15:24:00-05:00  3958.110107  3958.570068  3956.100098  3956.100098  3956.100098   9068583
2022-11-28 15:26:00-05:00  3956.120117  3956.669922  3955.770020  3956.659912  3956.659912  10250742
2022-11-28 15:28:00-05:00  3956.639893  3956.919922  3956.270020  3956.810059  3956.810059   9045061
2022-11-28 15:30:00-05:00  3956.810059  3957.120117  3955.959961  3956.080078  3956.080078  11737166
2022-11-28 15:32:00-05:00  3956.040039  3957.770020  3955.959961  3957.479980  3957.479980  11143494
2022-11-28 15:34:00-05:00  3957.479980  3958.649902  3957.179932  3958.649902  3958.649902  11056758
2022-11-28 15:36:00-05:00  3958.639893  3960.050049  3958.639893  3959.699951  3959.699951  11912775
2022-11-28 15:38:00-05:00  3959.679932  3959.800049  3958.399902  3959.090088  3959.090088  11596958
2022-11-28 15:40:00-05:00  3959.100098  3960.850098  3958.500000  3960.780029  3960.780029  13384776
2022-11-28 15:42:00-05:00  3960.770020  3961.219971  3960.500000  3961.189941  3961.189941  12832086
2022-11-28 15:44:00-05:00  3961.189941  3963.219971  3961.149902  3961.689941  3961.689941  15182393
2022-11-28 15:46:00-05:00  3961.739990  3961.879883  3959.590088  3959.590088  3959.590088  15915990
2022-11-28 15:48:00-05:00  3959.639893  3959.870117  3957.010010  3957.050049  3957.050049  16275380
2022-11-28 15:50:00-05:00  3957.080078  3962.129883  3957.080078  3960.899902  3960.899902  26433588
2022-11-28 15:52:00-05:00  3960.879883  3961.939941  3960.879883  3960.919922  3960.919922  23250328
2022-11-28 15:54:00-05:00  3960.949951  3962.750000  3960.179932  3962.100098  3962.100098  36296780
2022-11-28 15:56:00-05:00  3961.989990  3963.800049  3961.610107  3962.899902  3962.899902  39739091
2022-11-28 15:58:00-05:00  3962.870117  3966.679932  3962.639893  3964.560059  3964.560059  61017459
2022-11-29 09:30:00-05:00  3964.189941  3964.760010  3960.649902  3961.409912  3961.409912   7469560
2022-11-29 09:32:00-05:00  3961.429932  3965.709961  3961.209961  3965.370117  3965.370117  14036776
2022-11-29 09:34:00-05:00  3965.330078  3969.179932  3964.550049  3964.639893  3964.639893  13520793
2022-11-29 09:36:00-05:00  3964.570068  3968.679932  3964.500000  3967.689941  3967.689941  12035110
2022-11-29 09:38:00-05:00  3967.770020  3968.040039  3964.649902  3964.699951  3964.699951  10767833
2022-11-29 09:40:00-05:00  3964.689941  3969.110107  3964.689941  3968.750000  3968.750000  12605964
2022-11-29 09:42:00-05:00  3968.560059  3969.350098  3965.860107  3965.860107  3965.860107  10570451
2022-11-29 09:44:00-05:00  3965.500000  3965.610107  3959.030029  3960.320068  3960.320068  13187621
2022-11-29 09:46:00-05:00  3960.310059  3961.360107  3959.040039  3959.110107  3959.110107  10884714
2022-11-29 09:48:00-05:00  3959.129883  3962.179932  3959.080078  3961.189941  3961.189941  10532381
2022-11-29 09:50:00-05:00  3961.229980  3961.229980  3958.820068  3960.110107  3960.110107  11547520
2022-11-29 09:52:00-05:00  3960.010010  3960.080078  3958.439941  3959.600098  3959.600098   9168417
2022-11-29 09:54:00-05:00  3959.580078  3960.270020  3957.129883  3957.790039  3957.790039  10511805
2022-11-29 09:56:00-05:00  3957.739990  3958.899902  3957.379883  3958.899902  3958.899902   8531679
2022-11-29 09:58:00-05:00  3959.189941  3961.399902  3959.189941  3961.110107  3961.110107   8904543
2022-11-29 10:00:00-05:00  3961.080078  3966.219971  3960.909912  3962.810059  3962.810059  12950597
2022-11-29 10:02:00-05:00  3962.860107  3963.870117  3961.239990  3961.409912  3961.409912   8610227
2022-11-29 10:04:00-05:00  3961.449951  3963.120117  3960.090088  3961.750000  3961.750000   9442051
2022-11-29 10:06:00-05:00  3961.840088  3966.959961  3961.830078  3965.750000  3965.750000  11035854
2022-11-29 10:08:00-05:00  3965.709961  3967.379883  3964.750000  3965.229980  3965.229980   8882660
2022-11-29 10:10:00-05:00  3965.179932  3966.389893  3962.090088  3962.360107  3962.360107   9603320
2022-11-29 10:12:00-05:00  3962.290039  3964.219971  3959.790039  3960.070068  3960.070068   8064241
2022-11-29 10:14:00-05:00  3959.959961  3962.760010  3958.520020  3962.760010  3962.760010   8602807
2022-11-29 10:16:00-05:00  3962.850098  3968.129883  3962.709961  3967.429932  3967.429932   9288434
2022-11-29 10:18:00-05:00  3967.409912  3967.750000  3965.719971  3966.500000  3966.500000   7665518
2022-11-29 10:20:00-05:00  3966.629883  3968.669922  3966.209961  3968.629883  3968.629883   9133086
2022-11-29 10:22:00-05:00  3968.939941  3969.120117  3966.590088  3966.689941  3966.689941   8538467
2022-11-29 10:24:00-05:00  3966.649902  3970.629883  3966.649902  3968.060059  3968.060059   8829415
2022-11-29 10:26:00-05:00  3967.969971  3970.770020  3967.510010  3970.750000  3970.750000   8258822
2022-11-29 10:28:00-05:00  3970.780029  3974.030029  3970.750000  3974.030029  3974.030029   8967174
2022-11-29 10:30:00-05:00  3974.090088  3976.770020  3974.090088  3974.600098  3974.600098  10994440
2022-11-29 10:32:00-05:00  3974.540039  3974.540039  3973.189941  3973.510010  3973.510010   9207487
2022-11-29 10:34:00-05:00  3973.520020  3973.610107  3972.530029  3972.530029  3972.530029   8475975
2022-11-29 10:36:00-05:00  3972.550049  3972.679932  3970.919922  3972.669922  3972.669922   7976312
2022-11-29 10:38:00-05:00  3972.689941  3973.080078  3972.050049  3972.520020  3972.520020   4414093