                                  Open         High          Low        Close    Adj Close     Volume
Datetime                                                                                             
2022-11-28 11:02:00-05:00  3992.219971  3992.219971  3990.870117  3990.929932  3990.929932          0
2022-11-28 11:04:00-05:00  3990.889893  3991.750000  3990.040039  3991.520020  3991.520020    6710940
2022-11-28 11:06:00-05:00  3991.479980  3991.510010  3988.800049  3990.250000  3990.250000    6792291
2022-11-28 11:08:00-05:00  3990.320068  3990.600098  3987.270020  3990.550049  3990.550049    7745268
2022-11-28 11:10:00-05:00  3990.459961  3990.550049  3988.770020  3990.389893  3990.389893    7921912
2022-11-28 11:12:00-05:00  3990.409912  3992.040039  3990.219971  3991.189941  3991.189941    9091708
2022-11-28 11:14:00-05:00  3991.169922  3992.929932  3991.070068  3992.560059  3992.560059    6960568
2022-11-28 11:16:00-05:00  3992.479980  3992.909912  3991.590088  3991.850098  3991.850098    6795741
2022-11-28 11:18:00-05:00  3991.919922  3992.580078  3991.020020  3991.020020  3991.020020    6820503
2022-11-28 11:20:00-05:00  3990.870117  3991.570068  3989.790039  3991.570068  3991.570068    7297495
2022-11-28 11:22:00-05:00  3991.719971  3992.090088  3990.370117  3992.030029  3992.030029    7254560
2022-11-28 11:24:00-05:00  3992.000000  3992.340088  3990.909912  3992.060059  3992.060059    6960911
2022-11-28 11:26:00-05:00  3992.010010  3992.010010  3990.820068  3991.729980  3991.729980    7165819
2022-11-28 11:28:00-05:00  3991.750000  3991.840088  3989.330078  3989.860107  3989.860107    6427229
2022-11-28 11:30:00-05:00  3990.030029  3990.870117  3989.280029  3989.659912  3989.659912    7416389
2022-11-28 11:32:00-05:00  3989.719971  3991.379883  3989.719971  3990.649902  3990.649902    6971606
2022-11-28 11:34:00-05:00  3990.610107  3990.610107  3988.639893  3989.550049  3989.550049    6745239
2022-11-28 11:36:00-05:00  3989.590088  3990.979980  3989.580078  3990.899902  3990.899902    6336437
2022-11-28 11:38:00-05:00  3990.800049  3991.669922  3990.800049  3991.639893  3991.639893    6546213
2022-11-28 11:40:00-05:00  3991.620117  3992.199951  3990.239990  3992.199951  3992.199951    6574952
2022-11-28 11:42:00-05:00  3992.139893  3994.429932  3992.139893  3993.179932  3993.179932    8885765
2022-11-28 11:44:00-05:00  3993.169922  3993.629883  3992.709961  3993.489990  3993.489990    6212743
2022-11-28 11:46:00-05:00  3993.479980  3994.219971  3992.449951  3993.840088  3993.840088    6700729
2022-11-28 11:48:00-05:00  3993.919922  3994.669922  3993.429932  3994.090088  3994.090088    6293740
2022-11-28 11:50:00-05:00  3994.070068  3994.149902  3993.310059  3993.800049  3993.800049    5231721
2022-11-28 11:52:00-05:00  3993.899902  3994.500000  3993.350098  3994.370117  3994.370117    6395010
2022-11-28 11:54:00-05:00  3994.350098  3995.050049  3994.010010  3994.770020  3994.770020    6665941
2022-11-28 11:56:00-05:00  3994.709961  3995.169922  3994.199951  3994.860107  3994.860107    6873651
2022-11-28 11:58:00-05:00  3994.850098  3994.919922  3993.679932  3993.679932  3993.679932    6380843
2022-11-28 12:00:00-05:00  3993.739990  3993.899902  3992.770020  3993.750000  3993.750000    6003684
2022-11-28 12:02:00-05:00  3993.780029  3995.870117  3981.939941  3984.020020  3984.020020   15558480
2022-11-28 12:04:00-05:00  3983.629883  3997.600098  3983.409912  3994.520020  3994.520020   11838811
2022-11-28 12:06:00-05:00  3994.330078  3995.560059  3989.770020  3990.820068  3990.820068    6936695
2022-11-28 12:08:00-05:00  3990.850098  3990.850098  3985.530029  3985.530029  3985.530029    6507288
2022-11-28 12:10:00-05:00  3985.399902  3986.040039  3983.810059  3984.949951  3984.949951    6697000
2022-11-28 12:12:00-05:00  3984.820068  3985.250000  3983.320068  3983.510010  3983.510010    5468615
2022-11-28 12:14:00-05:00  3983.530029  3986.790039  3983.530029  3986.429932  3986.429932    5882967
2022-11-28 12:16:00-05:00  3986.489990  3991.389893  3986.489990  3990.850098  3990.850098    6633822
2022-11-28 12:18:00-05:00  3990.860107  3992.510010  3990.860107  3992.129883  3992.129883    5692317
2022-11-28 12:20:00-05:00  3992.120117  3992.909912  3991.899902  3992.800049  3992.800049    4443171
2022-11-28 12:22:00-05:00  3992.780029  3993.250000  3990.959961  3990.959961  3990.959961    6681085
2022-11-28 12:24:00-05:00  3990.989990  3991.639893  3990.639893  3991.530029  3991.530029    4488207
2022-11-28 12:26:00-05:00  3991.520020  3992.439941  3991.020020  3991.270020  3991.270020    5229843
2022-11-28 12:28:00-05:00  3991.280029  3991.389893  3990.239990  3990.270020  3990.270020    4837072
2022-11-28 12:30:00-05:00  3990.280029  3992.699951  3990.280029  3992.699951  3992.699951    4898897
2022-11-28 12:32:00-05:00  3992.909912  3993.590088  3992.260010  3993.040039  3993.040039    4853074
2022-11-28 12:34:00-05:00  3993.070068  3993.129883  3991.889893  3992.110107  3992.110107    4905067
2022-11-28 12:36:00-05:00  3992.469971  3994.419922  3992.219971  3994.260010  3994.260010    5889670
2022-11-28 12:38:00-05:00  3994.070068  3994.070068  3992.409912  3992.679932  3992.679932    4897133
2022-11-28 12:40:00-05:00  3992.679932  3993.580078  3992.010010  3992.050049  3992.050049    5063628
2022-11-28 12:42:00-05:00  3992.000000  3992.389893  3991.459961  3991.750000  3991.750000    4379670
2022-11-28 12:44:00-05:00  3991.830078  3992.189941  3991.030029  3992.189941  3992.189941    4794599
2022-11-28 12:46:00-05:00  3992.209961  3992.209961  3989.189941  3989.389893  3989.389893    5718515
2022-11-28 12:48:00-05:00  3989.439941  3989.790039  3988.969971  3988.989990  3988.989990    4306205
2022-11-28 12:50:00-05:00  3988.989990  3989.149902  3986.850098  3987.189941  3987.189941    5313128
2022-11-28 12:52:00-05:00  3987.159912  3987.159912  3981.600098  3982.429932  3982.429932    9509346
2022-11-28 12:54:00-05:00  3982.409912  3983.090088  3981.040039  3982.330078  3982.330078    5386268
2022-11-28 12:56:00-05:00  3982.310059  3983.010010  3982.000000  3982.429932  3982.429932    5154244
2022-11-28 12:58:00-05:00  3982.479980  3982.699951  3981.209961  3981.379883  3981.379883    5170741
2022-11-28 13:00:00-05:00  3981.389893  3981.909912  3980.889893  3981.750000  3981.750000    5545544
2022-11-28 13:02:00-05:00  3981.790039  3982.810059  3981.790039  3982.760010  3982.760010    4726419
2022-11-28 13:04:00-05:00  3982.750000  3983.639893  3982.199951  3983.639893  3983.639893    4814778
2022-11-28 13:06:00-05:00  3983.689941  3983.840088  3982.729980  3982.729980  3982.729980    5137820
2022-11-28 13:08:00-05:00  3982.649902  3982.969971  3981.689941  3981.800049  3981.800049    4802792
2022-11-28 13:10:00-05:00  3981.850098  3982.929932  3981.469971  3981.659912  3981.659912    5300935
2022-11-28 13:12:00-05:00  3981.669922  3983.250000  3980.189941  3983.250000  3983.250000    7242596
2022-11-28 13:14:00-05:00  3983.290039  3983.699951  3982.949951  3983.310059  3983.310059    4756856
2022-11-28 13:16:00-05:00  3983.310059  3983.520020  3982.800049  3983.030029  3983.030029    4454694
2022-11-28 13:18:00-05:00  3983.020020  3983.860107  3982.979980  3983.500000  3983.500000    5029059
2022-11-28 13:20:00-05:00  3983.530029  3984.439941  3983.290039  3983.600098  3983.600098    6064536
2022-11-28 13:22:00-05:00  3983.590088  3984.229980  3983.469971  3983.889893  3983.889893    5347772
2022-11-28 13:24:00-05:00  3983.939941  3983.939941  3983.199951  3983.520020  3983.520020    4788044
2022-11-28 13:26:00-05:00  3983.550049  3984.629883  3983.550049  3984.159912  3984.159912    4602263
2022-11-28 13:28:00-05:00  3984.090088  3984.090088  3982.370117  3982.949951  3982.949951    5318699
2022-11-28 13:30:00-05:00  3982.899902  3983.060059  3982.159912  3982.189941  3982.189941    5004970
2022-11-28 13:32:00-05:00  3982.179932  3982.179932  3979.919922  3980.399902  3980.399902    6067845
2022-11-28 13:34:00-05:00  3980.389893  3980.449951  3979.189941  3979.679932  3979.679932    5380470
2022-11-28 13:36:00-05:00  3979.639893  3981.729980  3979.639893  3981.719971  3981.719971    5598495
2022-11-28 13:38:00-05:00  3981.760010  3981.949951  3981.139893  3981.530029  3981.530029    4306232
2022-11-28 13:40:00-05:00  3981.500000  3981.860107  3981.090088  3981.110107  3981.110107    5108278
2022-11-28 13:42:00-05:00  3981.129883  3981.179932  3978.620117  3978.939941  3978.939941    6073457
2022-11-28 13:44:00-05:00  3978.989990  3979.080078  3977.750000  3978.689941  3978.689941    6034246
2022-11-28 13:46:00-05:00  3978.699951  3978.709961  3977.649902  3977.679932  3977.679932    5377639
2022-11-28 13:48:00-05:00  3977.719971  3978.540039  3977.669922  3977.760010  3977.760010    4943756
2022-11-28 13:50:00-05:00  3977.729980  3978.209961  3977.600098  3978.040039  3978.040039    5314450
2022-11-28 13:52:00-05:00  3977.959961  3977.959961  3975.179932  3975.780029  3975.780029    7016914
2022-11-28 13:54:00-05:00  3975.870117  3975.939941  3974.310059  3974.370117  3974.370117    5957597
2022-11-28 13:56:00-05:00  3974.370117  3974.370117  3969.629883  3970.050049  3970.050049    9859453
2022-11-28 13:58:00-05:00  3970.040039  3970.429932  3969.750000  3970.310059  3970.310059    5952026
2022-11-28 14:00:00-05:00  3970.300049  3971.620117  3969.479980  3970.060059  3970.060059    6465954
2022-11-28 14:02:00-05:00  3970.060059  3970.060059  3968.459961  3969.290039  3969.290039    5600718
2022-11-28 14:04:00-05:00  3969.290039  3970.120117  3968.600098  3970.120117  3970.120117    5147837
2022-11-28 14:06:00-05:00  3970.149902  3970.229980  3968.389893  3968.689941  3968.689941    5581638
2022-11-28 14:08:00-05:00  3968.709961  3968.780029  3966.850098  3966.909912  3966.909912    5878208
2022-11-28 14:10:00-05:00  3966.909912  3967.270020  3966.340088  3967.020020  3967.020020    5674949
2022-11-28 14:12:00-05:00  3967.050049  3967.469971  3966.169922  3967.439941  3967.439941    5659208
2022-11-28 14:14:00-05:00  3967.449951  3967.449951  3965.959961  3966.340088  3966.340088    5060559
2022-11-28 14:16:00-05:00  3966.379883  3967.129883  3966.199951  3966.850098  3966.850098    5628028
2022-11-28 14:18:00-05:00  3966.870117  3968.239990  3966.870117  3967.439941  3967.439941    5537852
2022-11-28 14:20:00-05:00  3967.419922  3967.510010  3965.449951  3965.820068  3965.820068    6302122
2022-11-28 14:22:00-05:00  3965.830078  3965.919922  3963.929932  3965.080078  3965.080078    6161654
2022-11-28 14:24:00-05:00  3965.100098  3965.840088  3964.659912  3965.820068  3965.820068    6314203
2022-11-28 14:26:00-05:00  3965.790039  3965.790039  3964.969971  3965.399902  3965.399902    5205423
2022-11-28 14:28:00-05:00  3965.350098  3965.469971  3964.669922  3964.669922  3964.669922    5286782
2022-11-28 14:30:00-05:00  3964.659912  3964.929932  3963.110107  3963.949951  3963.949951    6654501
2022-11-28 14:32:00-05:00  3963.959961  3966.340088  3963.929932  3965.830078  3965.830078    7269477
2022-11-28 14:34:00-05:00  3965.989990  3966.239990  3965.649902  3966.110107  3966.110107    5007967
2022-11-28 14:36:00-05:00  3966.120117  3966.120117  3965.340088  3965.889893  3965.889893    5758388
2022-11-28 14:38:00-05:00  3965.879883  3967.629883  3965.780029  3967.320068  3967.320068    5934048
2022-11-28 14:40:00-05:00  3967.330078  3967.439941  3966.379883  3966.659912  3966.659912    6312605
2022-11-28 14:42:00-05:00  3966.679932  3967.270020  3966.510010  3967.270020  3967.270020    5501911
2022-11-28 14:44:00-05:00  3967.239990  3968.449951  3967.139893  3968.020020  3968.020020    6136955
2022-11-28 14:46:00-05:00  3968.020020  3968.020020  3966.189941  3966.449951  3966.449951    6818607
2022-11-28 14:48:00-05:00  3966.439941  3967.040039  3966.350098  3966.409912  3966.409912    5644072
2022-11-28 14:50:00-05:00  3966.330078  3967.229980  3965.989990  3966.830078  3966.830078    5815582
2022-11-28 14:52:00-05:00  3966.889893  3967.149902  3966.479980  3967.000000  3967.000000    5179730
2022-11-28 14:54:00-05:00  3966.979980  3967.570068  3966.330078  3966.550049  3966.550049    5120783
2022-11-28 14:56:00-05:00  3966.550049  3967.360107  3966.449951  3966.689941  3966.689941    5510260
2022-11-28 14:58:00-05:00  3966.669922  3966.709961  3963.760010  3964.510010  3964.510010    7068268
2022-11-28 15:00:00-05:00  3964.540039  3965.189941  3963.510010  3965.110107  3965.110107    6578480
2022-11-28 15:02:00-05:00  3965.139893  3965.189941  3962.979980  3964.320068  3964.320068    7384569
2022-11-28 15:04:00-05:00  3964.310059  3964.959961  3962.790039  3962.949951  3962.949951    6873114
2022-11-28 15:06:00-05:00  3962.909912  3964.429932  3962.810059  3963.080078  3963.080078    7074943
2022-11-28 15:08:00-05:00  3963.070068  3963.419922  3961.969971  3962.439941  3962.439941    7127900
2022-11-28 15:10:00-05:00  3962.429932  3962.500000  3961.110107  3961.449951  3961.449951    7819925
2022-11-28 15:12:00-05:00  3961.409912  3962.159912  3958.889893  3959.030029  3959.030029    8830720
2022-11-28 15:14:00-05:00  3959.030029  3959.409912  3958.389893  3958.439941  3958.439941    7984428
2022-11-28 15:16:00-05:00  3958.379883  3958.459961  3957.629883  3957.649902  3957.649902    7371119
2022-11-28 15:18:00-05:00  3957.649902  3959.469971  3957.649902  3958.830078  3958.830078    9427640
2022-11-28 15:20:00-05:00  3958.860107  3960.729980  3958.860107  3959.620117  3959.620117    9276235
2022-11-28 15:22:00-05:00  3959.629883  3959.629883  3958.090088  3958.090088  3958.090088    7303964
2022-11-28 15:24:00-05:00  3958.110107  3958.570068  3956.100098  3956.100098  3956.100098    9068583
2022-11-28 15:26:00-05:00  3956.120117  3956.669922  3955.770020  3956.659912  3956.659912   10250742
2022-11-28 15:28:00-05:00  3956.639893  3956.919922  3956.270020  3956.810059  3956.810059    9045061
2022-11-28 15:30:00-05:00  3956.810059  3957.120117  3955.959961  3956.080078  3956.080078   11737166
2022-11-28 15:32:00-05:00  3956.040039  3957.770020  3955.959961  3957.479980  3957.479980   11143494
2022-11-28 15:34:00-05:00  3957.479980  3958.649902  3957.179932  3958.649902  3958.649902   11056758
2022-11-28 15:36:00-05:00  3958.639893  3960.050049  3958.639893  3959.699951  3959.699951   11912775
2022-11-28 15:38:00-05:00  3959.679932  3959.800049  3958.399902  3959.090088  3959.090088   11596958
2022-11-28 15:40:00-05:00  3959.100098  3960.850098  3958.500000  3960.780029  3960.780029   13384776
2022-11-28 15:42:00-05:00  3960.770020  3961.219971  3960.500000  3961.189941  3961.189941   12832086
2022-11-28 15:44:00-05:00  3961.189941  3963.219971  3961.149902  3961.689941  3961.689941   15182393
2022-11-28 15:46:00-05:00  3961.739990  3961.879883  3959.590088  3959.590088  3959.590088   15915990
2022-11-28 15:48:00-05:00  3959.639893  3959.870117  3957.010010  3957.050049  3957.050049   16275380
2022-11-28 15:50:00-05:00  3957.080078  3962.129883  3957.080078  3960.899902  3960.899902   26433588
2022-11-28 15:52:00-05:00  3960.879883  3961.939941  3960.879883  3960.919922  3960.919922   23250328
2022-11-28 15:54:00-05:00  3960.949951  3962.750000  3960.179932  3962.100098  3962.100098   36296780
2022-11-28 15:56:00-05:00  3961.989990  3963.800049  3961.610107  3962.899902  3962.899902   39739091
2022-11-28 15:58:00-05:00  3962.870117  3966.679932  3962.639893  3964.560059  3964.560059   61017459
2022-11-29 09:30:00-05:00  3964.189941  3964.760010  3960.649902  3961.409912  3961.409912    7469560
2022-11-29 09:32:00-05:00  3961.429932  3965.709961  3961.209961  3965.370117  3965.370117   14036776
2022-11-29 09:34:00-05:00  3965.330078  3969.179932  3964.550049  3964.639893  3964.639893   13520793
2022-11-29 09:36:00-05:00  3964.570068  3968.679932  3964.500000  3967.689941  3967.689941   12035110
2022-11-29 09:38:00-05:00  3967.770020  3968.040039  3964.649902  3964.699951  3964.699951   10767833
2022-11-29 09:40:00-05:00  3964.689941  3969.110107  3964.689941  3968.750000  3968.750000   12605964
2022-11-29 09:42:00-05:00  3968.560059  3969.350098  3965.860107  3965.860107  3965.860107   10570451
2022-11-29 09:44:00-05:00  3965.500000  3965.610107  3959.030029  3960.320068  3960.320068   13187621
2022-11-29 09:46:00-05:00  3960.310059  3961.360107  3959.040039  3959.110107  3959.110107   10884714
2022-11-29 09:48:00-05:00  3959.129883  3962.179932  3959.080078  3961.189941  3961.189941   10532381
2022-11-29 09:50:00-05:00  3961.229980  3961.229980  3958.820068  3960.110107  3960.110107   11547520
2022-11-29 09:52:00-05:00  3960.010010  3960.080078  3958.439941  3959.600098  3959.600098    9168417
2022-11-29 09:54:00-05:00  3959.580078  3960.270020  3957.129883  3957.790039  3957.790039   10511805
2022-11-29 09:56:00-05:00  3957.739990  3958.899902  3957.379883  3958.899902  3958.899902    8531679
2022-11-29 09:58:00-05:00  3959.189941  3961.399902  3959.189941  3961.110107  3961.110107    8904543
2022-11-29 10:00:00-05:00  3961.080078  3966.219971  3960.909912  3962.810059  3962.810059   12950597
2022-11-29 10:02:00-05:00  3962.860107  3963.870117  3961.239990  3961.409912  3961.409912    8610227
2022-11-29 10:04:00-05:00  3961.449951  3963.120117  3960.090088  3961.750000  3961.750000    9442051
2022-11-29 10:06:00-05:00  3961.840088  3966.959961  3961.830078  3965.750000  3965.750000   11035854
2022-11-29 10:08:00-05:00  3965.709961  3967.379883  3964.750000  3965.229980  3965.229980    8882660
2022-11-29 10:10:00-05:00  3965.179932  3966.389893  3962.090088  3962.360107  3962.360107    9603320
2022-11-29 10:12:00-05:00  3962.290039  3964.219971  3959.790039  3960.070068  3960.070068    8064241
2022-11-29 10:14:00-05:00  3959.959961  3962.760010  3958.520020  3962.760010  3962.760010    8602807
2022-11-29 10:16:00-05:00  3962.850098  3968.129883  3962.709961  3967.429932  3967.429932    9288434
2022-11-29 10:18:00-05:00  3967.409912  3967.750000  3965.719971  3966.500000  3966.500000    7665518
2022-11-29 10:20:00-05:00  3966.629883  3968.669922  3966.209961  3968.629883  3968.629883    9133086
2022-11-29 10:22:00-05:00  3968.939941  3969.120117  3966.590088  3966.689941  3966.689941    8538467
2022-11-29 10:24:00-05:00  3966.649902  3970.629883  3966.649902  3968.060059  3968.060059    8829415
2022-11-29 10:26:00-05:00  3967.969971  3970.770020  3967.510010  3970.750000  3970.750000    8258822
2022-11-29 10:28:00-05:00  3970.780029  3974.030029  3970.750000  3974.030029  3974.030029    8967174
2022-11-29 10:30:00-05:00  3974.090088  3976.770020  3974.090088  3974.600098  3974.600098   10994440
2022-11-29 10:32:00-05:00  3974.540039  3974.540039  3973.189941  3973.510010  3973.510010    9207487
2022-11-29 10:34:00-05:00  3973.520020  3973.610107  3972.530029  3972.530029  3972.530029    8475975
2022-11-29 10:36:00-05:00  3972.550049  3972.679932  3970.919922  3972.669922  3972.669922    7976312
2022-11-29 10:38:00-05:00  3972.689941  3973.080078  3971.750000  3972.770020  3972.770020    8546172
2022-11-29 10:40:00-05:00  3972.770020  3973.860107  3972.469971  3973.080078  3973.080078    7472920
2022-11-29 10:42:00-05:00  3973.020020  3973.419922  3971.110107  3971.139893  3971.139893    7634792
2022-11-29 10:44:00-05:00  3971.139893  3971.600098  3970.530029  3971.560059  3971.560059    6098863
2022-11-29 10:46:00-05:00  3971.629883  3973.260010  3971.419922  3972.770020  3972.770020    7312966
2022-11-29 10:48:00-05:00  3972.800049  3974.239990  3972.689941  3973.280029  3973.280029    6942676
2022-11-29 10:50:00-05:00  3973.189941  3974.429932  3970.280029  3970.290039  3970.290039    8232478
2022-11-29 10:52:00-05:00  3970.290039  3970.590088  3967.959961  3967.959961  3967.959961    7301220
2022-11-29 10:54:00-05:00  3967.929932  3968.479980  3966.800049  3968.479980  3968.479980    8565799
2022-11-29 10:56:00-05:00  3968.479980  3969.879883  3967.270020  3969.310059  3969.310059    9443413
2022-11-29 10:58:00-05:00  3969.389893  3970.810059  3967.449951  3967.770020  3967.770020    8982261
2022-11-29 11:00:00-05:00  3967.729980  3968.729980  3967.199951  3967.649902  3967.649902  477560862
2022-11-29 11:02:00-05:00  3967.590088  3967.590088  3960.040039  3960.040039  3960.040039   10940513
2022-11-29 11:04:00-05:00  3960.020020  3960.020020  3954.979980  3955.290039  3955.290039   12608376
2022-11-29 11:06:00-05:00  3955.300049  3957.290039  3955.300049  3956.850098  3956.850098    7850265
2022-11-29 11:08:00-05:00  3956.530029  3956.639893  3947.620117  3947.620117  3947.620117   11789246
2022-11-29 11:10:00-05:00  3947.739990  3950.520020  3947.320068  3949.409912  3949.409912    8967562
2022-11-29 11:12:00-05:00  3949.399902  3949.399902  3945.479980  3947.790039  3947.790039    9012009
2022-11-29 11:14:00-05:00  3947.750000  3948.800049  3946.439941  3947.060059  3947.060059    7696360
2022-11-29 11:16:00-05:00  3947.110107  3947.159912  3943.080078  3943.080078  3943.080078   10232464
2022-11-29 11:18:00-05:00  3942.929932  3943.229980  3939.379883  3939.669922  3939.669922    8896022
2022-11-29 11:20:00-05:00  3939.649902  3941.629883  3937.649902  3940.199951  3940.199951   10118020
2022-11-29 11:22:00-05:00  3940.159912  3942.260010  3938.699951  3942.260010  3942.260010    7412321
2022-11-29 11:24:00-05:00  3942.250000  3942.709961  3941.040039  3942.530029  3942.530029    8490928
2022-11-29 11:26:00-05:00  3942.550049  3943.530029  3941.899902  3941.969971  3941.969971    7293403
2022-11-29 11:28:00-05:00  3941.979980  3941.979980  3939.399902  3941.189941  3941.189941    9341869
2022-11-29 11:30:00-05:00  3941.229980  3943.239990  3939.639893  3942.959961  3942.959961    8341126
2022-11-29 11:32:00-05:00  3942.989990  3945.570068  3942.750000  3945.570068  3945.570068    6444993
2022-11-29 11:34:00-05:00  3945.600098  3946.500000  3943.679932  3943.840088  3943.840088    7742120
2022-11-29 11:36:00-05:00  3943.820068  3946.139893  3943.090088  3944.570068  3944.570068    6712891
2022-11-29 11:38:00-05:00  3944.580078  3946.169922  3944.070068  3946.169922  3946.169922    7330899
2022-11-29 11:40:00-05:00  3946.040039  3946.090088  3944.580078  3945.659912  3945.659912    5720677
2022-11-29 11:42:00-05:00  3945.629883  3946.439941  3943.360107  3944.229980  3944.229980    7024295
2022-11-29 11:44:00-05:00  3944.270020  3945.699951  3943.969971  3944.300049  3944.300049    6445308
2022-11-29 11:46:00-05:00  3944.459961  3945.219971  3944.030029  3945.179932  3945.179932    6006400
2022-11-29 11:48:00-05:00  3945.290039  3947.489990  3944.899902  3947.229980  3947.229980    7271243
2022-11-29 11:50:00-05:00  3947.239990  3947.489990  3944.810059  3944.870117  3944.870117    7498045
2022-11-29 11:52:00-05:00  3944.879883  3946.239990  3944.110107  3945.979980  3945.979980    6398547
2022-11-29 11:54:00-05:00  3945.929932  3949.320068  3945.929932  3948.310059  3948.310059    6759635
2022-11-29 11:56:00-05:00  3948.310059  3950.340088  3948.310059  3950.340088  3950.340088    5781815
2022-11-29 11:58:00-05:00  3950.340088  3950.659912  3949.820068  3950.570068  3950.570068    5686396
2022-11-29 12:00:00-05:00  3950.540039  3950.570068  3948.300049  3948.830078  3948.830078    7088165
2022-11-29 12:02:00-05:00  3948.840088  3948.840088  3947.429932  3948.439941  3948.439941    5840101
2022-11-29 12:04:00-05:00  3948.489990  3949.909912  3947.879883  3949.840088  3949.840088    5610868
2022-11-29 12:06:00-05:00  3949.840088  3951.060059  3949.699951  3950.669922  3950.669922    5510512
2022-11-29 12:08:00-05:00  3950.600098  3950.600098  3948.840088  3949.739990  3949.739990    4881501
2022-11-29 12:10:00-05:00  3949.750000  3949.790039  3948.790039  3949.030029  3949.030029    4658755
2022-11-29 12:12:00-05:00  3949.050049  3949.080078  3946.270020  3946.840088  3946.840088    5683656
2022-11-29 12:14:00-05:00  3946.830078  3949.600098  3946.800049  3949.310059  3949.310059    5278958
2022-11-29 12:16:00-05:00  3949.290039  3949.290039  3947.010010  3947.010010  3947.010010    5190193
2022-11-29 12:18:00-05:00  3947.000000  3950.479980  3946.290039  3950.479980  3950.479980    5697693
2022-11-29 12:20:00-05:00  3950.560059  3950.560059  3947.560059  3947.560059  3947.560059    5301929
2022-11-29 12:22:00-05:00  3947.540039  3947.860107  3946.919922  3947.580078  3947.580078    4333672
2022-11-29 12:24:00-05:00  3947.580078  3947.750000  3945.550049  3946.530029  3946.530029    5742768
2022-11-29 12:26:00-05:00  3946.520020  3949.350098  3946.520020  3948.919922  3948.919922    7052107
2022-11-29 12:28:00-05:00  3948.929932  3948.929932  3946.320068  3947.189941  3947.189941    5285936
2022-11-29 12:30:00-05:00  3947.179932  3949.270020  3947.020020  3948.989990  3948.989990    5269113
2022-11-29 12:32:00-05:00  3948.979980  3949.340088  3948.350098  3948.540039  3948.540039    4411480
2022-11-29 12:34:00-05:00  3948.469971  3949.270020  3948.050049  3948.469971  3948.469971    5263205
2022-11-29 12:36:00-05:00  3948.429932  3952.679932  3947.739990  3952.620117  3952.620117    7055866
2022-11-29 12:38:00-05:00  3952.620117  3955.610107  3952.620117  3954.110107  3954.110107    7232519
2022-11-29 12:40:00-05:00  3954.040039  3955.290039  3953.969971  3954.570068  3954.570068    5048468
2022-11-29 12:42:00-05:00  3954.590088  3955.610107  3954.449951  3955.540039  3955.540039    5035498
2022-11-29 12:44:00-05:00  3955.590088  3956.350098  3954.580078  3954.689941  3954.689941    6482029
2022-11-29 12:46:00-05:00  3954.639893  3954.909912  3952.389893  3952.679932  3952.679932    5218836
2022-11-29 12:48:00-05:00  3952.699951  3954.159912  3952.510010  3954.020020  3954.020020    5082148
2022-11-29 12:50:00-05:00  3954.040039  3955.850098  3953.969971  3955.379883  3955.379883    5637767
2022-11-29 12:52:00-05:00  3955.340088  3955.580078  3954.500000  3954.620117  3954.620117    4220354
2022-11-29 12:54:00-05:00  3954.590088  3954.600098  3952.979980  3953.260010  3953.260010    5287525
2022-11-29 12:56:00-05:00  3953.270020  3955.260010  3953.270020  3954.879883  3954.879883    5247783
2022-11-29 12:58:00-05:00  3954.709961  3954.709961  3953.330078  3953.729980  3953.729980    5358592
2022-11-29 13:00:00-05:00  3953.719971  3953.850098  3950.719971  3950.739990  3950.739990    5573446
2022-11-29 13:02:00-05:00  3950.739990  3953.159912  3950.739990  3951.679932  3951.679932    5648753
2022-11-29 13:04:00-05:00  3951.610107  3951.780029  3950.060059  3951.739990  3951.739990    5160082
2022-11-29 13:06:00-05:00  3951.729980  3952.800049  3951.280029  3951.459961  3951.459961    4522248
2022-11-29 13:08:00-05:00  3951.429932  3951.639893  3950.070068  3950.239990  3950.239990    4027439
2022-11-29 13:10:00-05:00  3950.250000  3950.780029  3949.649902  3950.429932  3950.429932    5057377
2022-11-29 13:12:00-05:00  3950.389893  3952.129883  3950.350098  3952.120117  3952.120117    5452761
2022-11-29 13:14:00-05:00  3952.110107  3954.540039  3951.189941  3951.199951  3951.199951    7102779
2022-11-29 13:16:00-05:00  3950.879883  3951.010010  3949.310059  3949.780029  3949.780029    5291096
2022-11-29 13:18:00-05:00  3949.750000  3949.800049  3948.340088  3949.149902  3949.149902    5544592
2022-11-29 13:20:00-05:00  3949.090088  3949.310059  3947.179932  3947.459961  3947.459961    6352863
2022-11-29 13:22:00-05:00  3947.500000  3948.629883  3946.959961  3948.590088  3948.590088    5405533
2022-11-29 13:24:00-05:00  3948.580078  3948.949951  3946.179932  3946.179932  3946.179932    6481531
2022-11-29 13:26:00-05:00  3946.080078  3946.080078  3944.800049  3945.280029  3945.280029    5590643
2022-11-29 13:28:00-05:00  3945.310059  3945.780029  3944.330078  3944.330078  3944.330078    5082286
2022-11-29 13:30:00-05:00  3944.310059  3945.449951  3943.969971  3944.669922  3944.669922    6036189
2022-11-29 13:32:00-05:00  3944.689941  3945.750000  3944.659912  3945.239990  3945.239990    4782605
2022-11-29 13:34:00-05:00  3945.320068  3946.850098  3945.320068  3946.459961  3946.459961    6192353
2022-11-29 13:36:00-05:00  3946.479980  3947.689941  3946.419922  3947.689941  3947.689941    5017874
2022-11-29 13:38:00-05:00  3947.699951  3949.649902  3947.699951  3949.260010  3949.260010    5742804
2022-11-29 13:40:00-05:00  3949.270020  3949.489990  3948.709961  3949.149902  3949.149902    5309323
2022-11-29 13:42:00-05:00  3949.179932  3950.489990  3949.159912  3950.310059  3950.310059    6173917
2022-11-29 13:44:00-05:00  3950.360107  3950.879883  3949.790039  3950.489990  3950.489990    4973220
2022-11-29 13:46:00-05:00  3950.530029  3951.360107  3950.520020  3951.229980  3951.229980    5821908
2022-11-29 13:48:00-05:00  3951.229980  3951.340088  3950.290039  3950.290039  3950.290039    5912298
2022-11-29 13:50:00-05:00  3950.270020  3950.810059  3949.399902  3950.330078  3950.330078    6043664
2022-11-29 13:52:00-05:00  3950.350098  3950.370117  3948.459961  3948.899902  3948.899902    5958879
2022-11-29 13:54:00-05:00  3948.919922  3952.540039  3948.750000  3952.020020  3952.020020    6859976
2022-11-29 13:56:00-05:00  3951.969971  3953.550049  3951.860107  3953.379883  3953.379883    5794784
2022-11-29 13:58:00-05:00  3953.389893  3954.489990  3953.360107  3954.149902  3954.149902    5519473
2022-11-29 14:00:00-05:00  3954.199951  3959.840088  3954.189941  3959.600098  3959.600098   10109431
2022-11-29 14:02:00-05:00  3959.560059  3964.090088  3959.560059  3962.830078  3962.830078    8175787
2022-11-29 14:04:00-05:00  3962.770020  3963.239990  3961.959961  3962.129883  3962.129883    6125630
2022-11-29 14:06:00-05:00  3962.129883  3962.429932  3960.729980  3960.820068  3960.820068    5690641
2022-11-29 14:08:00-05:00  3960.840088  3962.479980  3960.330078  3961.560059  3961.560059    5730426
2022-11-29 14:10:00-05:00  3961.399902  3962.030029  3960.689941  3960.840088  3960.840088    5342793
2022-11-29 14:12:00-05:00  3960.820068  3960.830078  3959.260010  3959.260010  3959.260010    5891086
2022-11-29 14:14:00-05:00  3959.260010  3961.179932  3959.250000  3960.510010  3960.510010    5558438
2022-11-29 14:16:00-05:00  3960.520020  3960.600098  3959.500000  3959.719971  3959.719971    3556618
2022-11-29 14:18:00-05:00  3959.699951  3959.899902  3959.139893  3959.149902  3959.149902    5530019
2022-11-29 14:20:00-05:00  3959.139893  3959.469971  3958.639893  3958.800049  3958.800049    4977640
2022-11-29 14:22:00-05:00  3958.709961  3958.709961  3956.959961  3957.149902  3957.149902    4932759
2022-11-29 14:24:00-05:00  3957.209961  3957.310059  3955.139893  3955.610107  3955.610107    5868450
2022-11-29 14:26:00-05:00  3955.689941  3955.689941  3951.750000  3951.770020  3951.770020    6605653
2022-11-29 14:28:00-05:00  3951.780029  3952.600098  3951.500000  3951.979980  3951.979980    5171300
2022-11-29 14:30:00-05:00  3951.969971  3952.070068  3949.409912  3949.500000  3949.500000    7037575
2022-11-29 14:32:00-05:00  3949.550049  3952.000000  3949.419922  3950.939941  3950.939941    5911738
2022-11-29 14:34:00-05:00  3950.770020  3952.229980  3950.510010  3951.979980  3951.979980    4870467
2022-11-29 14:36:00-05:00  3951.969971  3951.969971  3950.320068  3950.699951  3950.699951    4881966
2022-11-29 14:38:00-05:00  3950.719971  3950.750000  3948.070068  3950.639893  3950.639893    6416575
2022-11-29 14:40:00-05:00  3950.679932  3951.370117  3948.330078  3948.919922  3948.919922    5968925
2022-11-29 14:42:00-05:00  3948.899902  3949.479980  3947.739990  3948.219971  3948.219971    5193007
2022-11-29 14:44:00-05:00  3948.139893  3948.139893  3946.780029  3947.310059  3947.310059    5447435
2022-11-29 14:46:00-05:00  3947.340088  3947.830078  3946.550049  3947.669922  3947.669922    5469583
2022-11-29 14:48:00-05:00  3947.669922  3947.969971  3947.000000  3947.580078  3947.580078    5298549
2022-11-29 14:50:00-05:00  3947.560059  3949.189941  3947.500000  3949.189941  3949.189941    5369113
2022-11-29 14:52:00-05:00  3949.219971  3950.320068  3949.050049  3949.719971  3949.719971    5575104
2022-11-29 14:54:00-05:00  3949.679932  3949.679932  3948.270020  3949.379883  3949.379883    5466329
2022-11-29 14:56:00-05:00  3949.350098  3950.419922  3948.959961  3949.320068  3949.320068    5617213
2022-11-29 14:58:00-05:00  3949.320068  3951.570068  3949.320068  3951.570068  3951.570068    5611713
2022-11-29 15:00:00-05:00  3951.540039  3953.050049  3951.090088  3953.040039  3953.040039    8243510
2022-11-29 15:02:00-05:00  3953.020020  3953.040039  3950.239990  3950.989990  3950.989990    6442338
2022-11-29 15:04:00-05:00  3950.989990  3952.689941  3949.360107  3952.669922  3952.669922    7431402
2022-11-29 15:06:00-05:00  3952.659912  3954.030029  3952.530029  3953.919922  3953.919922    6472998
2022-11-29 15:08:00-05:00  3953.889893  3955.500000  3953.810059  3955.080078  3955.080078    6925879
2022-11-29 15:10:00-05:00  3955.120117  3955.120117  3953.629883  3954.379883  3954.379883    6655374
2022-11-29 15:12:00-05:00  3954.360107  3955.219971  3953.219971  3955.080078  3955.080078    6082893
2022-11-29 15:14:00-05:00  3955.100098  3955.500000  3954.699951  3954.899902  3954.899902    6240803
2022-11-29 15:16:00-05:00  3955.050049  3955.919922  3954.600098  3955.229980  3955.229980    7935285
2022-11-29 15:18:00-05:00  3955.179932  3955.179932  3953.510010  3953.989990  3953.989990    7726170
2022-11-29 15:20:00-05:00  3954.000000  3957.129883  3953.820068  3955.550049  3955.550049   10237126
2022-11-29 15:22:00-05:00  3955.550049  3956.719971  3953.830078  3953.830078  3953.830078    7353898
2022-11-29 15:24:00-05:00  3953.719971  3953.719971  3951.600098  3951.649902  3951.649902    9067334
2022-11-29 15:26:00-05:00  3951.649902  3952.090088  3951.389893  3952.080078  3952.080078    6739026
2022-11-29 15:28:00-05:00  3952.070068  3955.080078  3951.959961  3953.780029  3953.780029    8967237
2022-11-29 15:30:00-05:00  3953.770020  3954.919922  3952.590088  3952.629883  3952.629883    9782088
2022-11-29 15:32:00-05:00  3952.620117  3958.110107  3952.620117  3957.610107  3957.610107   12689560
2022-11-29 15:34:00-05:00  3957.550049  3958.820068  3956.909912  3957.770020  3957.770020   10359854
2022-11-29 15:36:00-05:00  3957.750000  3957.959961  3953.409912  3953.780029  3953.780029   11798477
2022-11-29 15:38:00-05:00  3953.770020  3955.000000  3953.540039  3954.719971  3954.719971    8841121
2022-11-29 15:40:00-05:00  3954.719971  3957.870117  3954.399902  3957.750000  3957.750000   11276878
2022-11-29 15:42:00-05:00  3957.959961  3958.659912  3956.959961  3957.879883  3957.879883   11797210
2022-11-29 15:44:00-05:00  3957.850098  3957.879883  3953.280029  3953.620117  3953.620117   13754303
2022-11-29 15:46:00-05:00  3953.629883  3953.739990  3952.290039  3953.000000  3953.000000   13814299
2022-11-29 15:48:00-05:00  3953.050049  3956.090088  3952.939941  3956.020020  3956.020020   14517327
2022-11-29 15:50:00-05:00  3956.040039  3957.969971  3953.500000  3954.879883  3954.879883   23127966
2022-11-29 15:52:00-05:00  3954.929932  3956.330078  3952.520020  3952.520020  3952.520020   20069481
2022-11-29 15:54:00-05:00  3952.500000  3957.000000  3952.489990  3956.770020  3956.770020   31449639
2022-11-29 15:56:00-05:00  3956.739990  3958.649902  3956.479980  3958.080078  3958.080078   33912473
2022-11-29 15:58:00-05:00  3958.030029  3959.300049  3957.280029  3957.350098  3957.350098   51958653
2022-11-30 09:30:00-05:00  3957.179932  3963.649902  3957.179932  3960.320068  3960.320068   40013934
2022-11-30 09:32:00-05:00  3960.169922  3963.949951  3958.600098  3963.949951  3963.949951   15863213
2022-11-30 09:34:00-05:00  3964.080078  3965.250000  3962.199951  3962.500000  3962.500000   15139236
2022-11-30 09:36:00-05:00  3962.830078  3964.500000  3957.159912  3957.520020  3957.520020   14672919
2022-11-30 09:38:00-05:00  3957.659912  3957.659912  3952.489990  3952.959961  3952.959961   13586436
2022-11-30 09:40:00-05:00  3953.379883  3956.889893  3953.379883  3955.100098  3955.100098   14468476
2022-11-30 09:42:00-05:00  3955.080078  3962.639893  3955.080078  3958.969971  3958.969971   16069076
2022-11-30 09:44:00-05:00  3958.750000  3962.330078  3958.750000  3960.649902  3960.649902   10945395
2022-11-30 09:46:00-05:00  3960.689941  3960.689941  3956.840088  3957.199951  3957.199951   11628112
2022-11-30 09:48:00-05:00  3957.270020  3957.479980  3954.870117  3955.169922  3955.169922   10565594
2022-11-30 09:50:00-05:00  3954.989990  3957.060059  3954.639893  3955.770020  3955.770020   12498849
2022-11-30 09:52:00-05:00  3955.719971  3955.750000  3953.409912  3955.530029  3955.530029   29257544
2022-11-30 09:54:00-05:00  3955.399902  3956.760010  3953.850098  3954.850098  3954.850098   10636714
2022-11-30 09:56:00-05:00  3954.870117  3955.300049  3953.429932  3953.770020  3953.770020   11182284
2022-11-30 09:58:00-05:00  3953.800049  3956.169922  3953.489990  3954.030029  3954.030029   12291424
2022-11-30 10:00:00-05:00  3954.820068  3956.209961  3946.169922  3946.820068  3946.820068   15047736
2022-11-30 10:02:00-05:00  3946.959961  3951.429932  3946.939941  3951.330078  3951.330078    9196261
2022-11-30 10:04:00-05:00  3951.260010  3952.780029  3951.219971  3951.989990  3951.989990    9175565
2022-11-30 10:06:00-05:00  3951.889893  3952.750000  3950.040039  3952.080078  3952.080078   10015682
2022-11-30 10:08:00-05:00  3952.090088  3955.600098  3951.899902  3955.429932  3955.429932    9439429
2022-11-30 10:10:00-05:00  3955.350098  3955.530029  3952.780029  3954.879883  3954.879883    9534662
2022-11-30 10:12:00-05:00  3954.909912  3955.520020  3951.010010  3951.090088  3951.090088    8551401
2022-11-30 10:14:00-05:00  3951.129883  3951.850098  3949.090088  3949.090088  3949.090088    9737638
2022-11-30 10:16:00-05:00  3949.020020  3949.129883  3946.489990  3946.489990  3946.489990    7615172
2022-11-30 10:18:00-05:00  3946.459961  3947.379883  3945.719971  3946.540039  3946.540039    8790481
2022-11-30 10:20:00-05:00  3946.520020  3946.649902  3945.129883  3945.570068  3945.570068    8100684
2022-11-30 10:22:00-05:00  3945.530029  3947.850098  3945.520020  3947.639893  3947.639893    7866921
2022-11-30 10:24:00-05:00  3947.639893  3948.949951  3946.620117  3946.649902  3946.649902    8506557
2022-11-30 10:26:00-05:00  3946.709961  3947.129883  3942.689941  3944.030029  3944.030029    9228033
2022-11-30 10:28:00-05:00  3944.040039  3945.370117  3943.760010  3944.389893  3944.389893    8524813
2022-11-30 10:30:00-05:00  3944.419922  3946.689941  3944.419922  3945.620117  3945.620117    9352728
2022-11-30 10:32:00-05:00  3945.510010  3945.709961  3943.989990  3944.229980  3944.229980    8435893
2022-11-30 10:34:00-05:00  3944.239990  3947.449951  3943.389893  3947.449951  3947.449951    8836509
2022-11-30 10:36:00-05:00  3947.510010  3947.909912  3945.800049  3946.129883  3946.129883    7761280
2022-11-30 10:38:00-05:00  3946.179932  3947.989990  3945.870117  3947.909912  3947.909912    7569740
2022-11-30 10:40:00-05:00  3948.330078  3950.570068  3948.219971  3949.959961  3949.959961    7542863
2022-11-30 10:42:00-05:00  3949.939941  3950.360107  3948.409912  3949.310059  3949.310059    8964045
2022-11-30 10:44:00-05:00  3949.320068  3950.530029  3946.199951  3946.199951  3946.199951    8596181
2022-11-30 10:46:00-05:00  3946.229980  3946.459961  3943.570068  3944.449951  3944.449951    7899478
2022-11-30 10:48:00-05:00  3944.409912  3944.989990  3944.070068  3944.340088  3944.340088    7257785
2022-11-30 10:50:00-05:00  3944.280029  3946.139893  3942.300049  3946.030029  3946.030029    4315914
2022-11-30 10:52:00-05:00  3945.300049  3945.889893  3945.189941  3945.530029  3945.530029  490798717
2022-11-30 10:54:00-05:00  3945.500000  3945.500000  3943.189941  3944.419922  3944.419922    6390895
2022-11-30 10:56:00-05:00  3944.469971  3946.229980  3944.070068  3946.229980  3946.229980    7745161
2022-11-30 10:58:00-05:00  3946.270020  3946.449951  3945.010010  3945.199951  3945.199951    6822231
2022-11-30 11:00:00-05:00  3945.250000  3947.000000  3944.320068  3944.429932  3944.429932    7721260
2022-11-30 11:02:00-05:00  3944.600098  3945.209961  3944.219971  3944.280029  3944.280029    6812540
2022-11-30 11:04:00-05:00  3944.270020  3944.350098  3942.030029  3943.530029  3943.530029  534698283
2022-11-30 11:06:00-05:00  3943.659912  3948.739990  3943.659912  3948.560059  3948.560059    7677476
2022-11-30 11:08:00-05:00  3948.580078  3950.229980  3948.489990  3949.909912  3949.909912    6519069
2022-11-30 11:10:00-05:00  3949.909912  3951.429932  3948.800049  3950.280029  3950.280029    7903426
2022-11-30 11:12:00-05:00  3950.209961  3951.010010  3949.770020  3950.739990  3950.739990    6099751
2022-11-30 11:14:00-05:00  3950.830078  3952.010010  3950.830078  3951.820068  3951.820068    6929575
2022-11-30 11:16:00-05:00  3951.770020  3953.330078  3949.649902  3950.209961  3950.209961    7431846
2022-11-30 11:18:00-05:00  3950.229980  3951.729980  3949.639893  3951.290039  3951.290039    6762419
2022-11-30 11:20:00-05:00  3951.399902  3952.919922  3950.909912  3952.389893  3952.389893    5936378
2022-11-30 11:22:00-05:00  3952.429932  3952.780029  3950.510010  3951.260010  3951.260010    7419077
2022-11-30 11:24:00-05:00  3951.290039  3953.120117  3951.120117  3953.120117  3953.120117    6671856
2022-11-30 11:26:00-05:00  3953.219971  3955.320068  3952.600098  3954.459961  3954.459961    7220945
2022-11-30 11:28:00-05:00  3954.600098  3955.260010  3953.820068  3954.120117  3954.120117    6785724
2022-11-30 11:30:00-05:00  3954.120117  3956.350098  3954.120117  3955.979980  3955.979980    8616858
2022-11-30 11:32:00-05:00  3955.850098  3955.850098  3953.830078  3954.429932  3954.429932    7594257
2022-11-30 11:34:00-05:00  3954.419922  3957.780029  3954.419922  3957.129883  3957.129883    8929489
2022-11-30 11:36:00-05:00  3957.120117  3957.889893  3957.020020  3957.679932  3957.679932    5715462
2022-11-30 11:38:00-05:00  3957.770020  3957.800049  3956.679932  3957.469971  3957.469971    5948195
2022-11-30 11:40:00-05:00  3957.449951  3957.820068  3956.600098  3957.179932  3957.179932    5715139
2022-11-30 11:42:00-05:00  3957.149902  3957.689941  3956.389893  3956.879883  3956.879883    5772215
2022-11-30 11:44:00-05:00  3956.830078  3956.919922  3955.260010  3956.620117  3956.620117    7409247
2022-11-30 11:46:00-05:00  3956.639893  3957.300049  3956.010010  3956.310059  3956.310059    6909306
2022-11-30 11:48:00-05:00  3956.300049  3956.620117  3955.520020  3956.600098  3956.600098    5674784
2022-11-30 11:50:00-05:00  3956.540039  3957.139893  3955.060059  3955.719971  3955.719971    6343917
2022-11-30 11:52:00-05:00  3955.729980  3956.290039  3954.110107  3956.159912  3956.159912    7109115
2022-11-30 11:54:00-05:00  3956.169922  3956.560059  3954.639893  3954.679932  3954.679932    5992426
2022-11-30 11:56:00-05:00  3954.709961  3954.889893  3954.209961  3954.260010  3954.260010    6209434
2022-11-30 11:58:00-05:00  3954.290039  3955.719971  3953.840088  3954.729980  3954.729980    5284298
2022-11-30 12:00:00-05:00  3954.739990  3955.629883  3954.389893  3954.590088  3954.590088    5502051
2022-11-30 12:02:00-05:00  3954.580078  3955.030029  3953.919922  3954.689941  3954.689941    5388460
2022-11-30 12:04:00-05:00  3954.719971  3956.239990  3954.659912  3954.929932  3954.929932    7036171
2022-11-30 12:06:00-05:00  3954.860107  3955.270020  3951.540039  3952.169922  3952.169922    6572515
2022-11-30 12:08:00-05:00  3952.239990  3953.110107  3950.820068  3951.360107  3951.360107    5566824
2022-11-30 12:10:00-05:00  3951.439941  3952.110107  3950.820068  3950.820068  3950.820068    5513942
2022-11-30 12:12:00-05:00  3950.820068  3951.000000  3950.060059  3950.620117  3950.620117    6308332
2022-11-30 12:14:00-05:00  3950.610107  3950.929932  3949.639893  3949.850098  3949.850098    5023115
2022-11-30 12:16:00-05:00  3949.870117  3949.870117  3946.580078  3946.580078  3946.580078    7403450
2022-11-30 12:18:00-05:00  3946.600098  3947.020020  3943.370117  3944.129883  3944.129883    6778820
2022-11-30 12:20:00-05:00  3944.110107  3944.110107  3938.580078  3938.580078  3938.580078   10075233
2022-11-30 12:22:00-05:00  3938.620117  3943.120117  3938.600098  3942.889893  3942.889893    7022582
2022-11-30 12:24:00-05:00  3942.870117  3942.870117  3941.250000  3941.250000  3941.250000    5295025
2022-11-30 12:26:00-05:00  3941.229980  3942.929932  3940.939941  3942.719971  3942.719971    5318135
2022-11-30 12:28:00-05:00  3942.679932  3943.310059  3942.159912  3942.229980  3942.229980    5887126
2022-11-30 12:30:00-05:00  3942.250000  3943.310059  3941.729980  3942.449951  3942.449951    5583487
2022-11-30 12:32:00-05:00  3942.409912  3943.300049  3941.320068  3941.350098  3941.350098    5070867
2022-11-30 12:34:00-05:00  3941.350098  3943.010010  3941.350098  3941.389893  3941.389893    5079982
2022-11-30 12:36:00-05:00  3941.370117  3941.459961  3938.580078  3940.050049  3940.050049    5818731
2022-11-30 12:38:00-05:00  3940.040039  3940.800049  3938.959961  3939.169922  3939.169922    5659653
2022-11-30 12:40:00-05:00  3939.520020  3942.050049  3938.949951  3941.860107  3941.860107    6691642
2022-11-30 12:42:00-05:00  3941.879883  3944.300049  3941.770020  3943.850098  3943.850098    6243710
2022-11-30 12:44:00-05:00  3943.850098  3944.340088  3943.120117  3944.250000  3944.250000    4952432
2022-11-30 12:46:00-05:00  3944.229980  3945.199951  3943.780029  3943.840088  3943.840088    4964365
2022-11-30 12:48:00-05:00  3943.760010  3944.379883  3943.070068  3944.040039  3944.040039    4468917
2022-11-30 12:50:00-05:00  3944.060059  3944.790039  3943.629883  3943.659912  3943.659912    4825372
2022-11-30 12:52:00-05:00  3943.770020  3945.209961  3943.510010  3945.040039  3945.040039    4946113
2022-11-30 12:54:00-05:00  3945.060059  3945.870117  3944.520020  3945.199951  3945.199951    5059698
2022-11-30 12:56:00-05:00  3945.229980  3945.530029  3944.780029  3945.030029  3945.030029    4573388
2022-11-30 12:58:00-05:00  3945.010010  3945.290039  3944.020020  3944.860107  3944.860107    6260459
2022-11-30 13:00:00-05:00  3944.909912  3946.149902  3944.510010  3945.739990  3945.739990    5036715
2022-11-30 13:02:00-05:00  3945.699951  3946.560059  3944.979980  3946.560059  3946.560059    5056302
2022-11-30 13:04:00-05:00  3946.590088  3948.540039  3946.550049  3948.149902  3948.149902    5319719
2022-11-30 13:06:00-05:00  3948.139893  3950.370117  3948.139893  3949.419922  3949.419922    5645680
2022-11-30 13:08:00-05:00  3949.469971  3951.090088  3949.469971  3951.050049  3951.050049    4728270
2022-11-30 13:10:00-05:00  3951.070068  3951.540039  3950.399902  3950.919922  3950.919922    4767957
2022-11-30 13:12:00-05:00  3951.000000  3952.729980  3950.530029  3951.409912  3951.409912    6124343
2022-11-30 13:14:00-05:00  3951.449951  3952.000000  3951.110107  3951.540039  3951.540039    4132410
2022-11-30 13:16:00-05:00  3951.610107  3952.070068  3951.409912  3951.909912  3951.909912    3987686
2022-11-30 13:18:00-05:00  3951.899902  3951.899902  3950.750000  3950.840088  3950.840088    5028235
2022-11-30 13:20:00-05:00  3950.830078  3951.959961  3950.320068  3950.530029  3950.530029    5765279
2022-11-30 13:22:00-05:00  3950.469971  3950.770020  3949.709961  3949.739990  3949.739990    4345670
2022-11-30 13:24:00-05:00  3949.750000  3952.100098  3949.750000  3952.090088  3952.090088    4935785
2022-11-30 13:26:00-05:00  3952.070068  3952.129883  3950.729980  3951.100098  3951.100098    4209947
2022-11-30 13:28:00-05:00  3951.070068  3951.979980  3950.360107  3950.790039  3950.790039    4414405
2022-11-30 13:30:00-05:00  3950.820068  3976.639893  3945.419922  3972.850098  3972.850098   35429008
2022-11-30 13:32:00-05:00  3972.729980  3977.060059  3962.320068  3962.320068  3962.320068   13454926
2022-11-30 13:34:00-05:00  3962.409912  3972.510010  3962.409912  3972.370117  3972.370117   11743975
2022-11-30 13:36:00-05:00  3972.090088  3975.159912  3970.159912  3974.889893  3974.889893    9172044
2022-11-30 13:38:00-05:00  3974.370117  3990.219971  3974.370117  3986.909912  3986.909912   20242101
2022-11-30 13:40:00-05:00  3986.770020  3992.040039  3986.639893  3986.919922  3986.919922   12301931
2022-11-30 13:42:00-05:00  3987.010010  3987.260010  3979.139893  3981.370117  3981.370117   12758230
2022-11-30 13:44:00-05:00  3981.409912  3985.479980  3979.800049  3980.270020  3980.270020   10407465
2022-11-30 13:46:00-05:00  3979.949951  3981.449951  3970.040039  3977.169922  3977.169922   12128810
2022-11-30 13:48:00-05:00  3977.520020  3984.679932  3977.520020  3981.590088  3981.590088   12190847
2022-11-30 13:50:00-05:00  3981.959961  3984.820068  3979.889893  3980.239990  3980.239990    9417193
2022-11-30 13:52:00-05:00  3980.320068  3983.600098  3979.360107  3982.979980  3982.979980    7381286
2022-11-30 13:54:00-05:00  3982.989990  3989.639893  3982.290039  3989.199951  3989.199951   12588200
2022-11-30 13:56:00-05:00  3989.510010  3996.879883  3988.810059  3995.750000  3995.750000   13304358
2022-11-30 13:58:00-05:00  3995.800049  4003.030029  3995.800049  4001.260010  4001.260010   13002789
2022-11-30 14:00:00-05:00  4000.830078  4007.959961  4000.830078  4005.449951  4005.449951   17136927
2022-11-30 14:02:00-05:00  4005.719971  4010.050049  4005.719971  4009.159912  4009.159912   13852770
2022-11-30 14:04:00-05:00  4009.189941  4015.419922  4008.750000  4013.800049  4013.800049   15700300
2022-11-30 14:06:00-05:00  4013.600098  4017.689941  4013.600098  4014.879883  4014.879883   13898724
2022-11-30 14:08:00-05:00  4014.580078  4014.580078  4010.570068  4012.820068  4012.820068   12072883
2022-11-30 14:10:00-05:00  4012.419922  4017.600098  4011.939941  4014.520020  4014.520020   11928840
2022-11-30 14:12:00-05:00  4014.679932  4016.889893  4011.580078  4013.229980  4013.229980   12424371
2022-11-30 14:14:00-05:00  4013.189941  4019.179932  4012.969971  4018.360107  4018.360107   11031357
2022-11-30 14:16:00-05:00  4018.379883  4025.750000  4017.699951  4025.379883  4025.379883   14710474
2022-11-30 14:18:00-05:00  4025.399902  4036.010010  4024.030029  4035.080078  4035.080078   17854500
2022-11-30 14:20:00-05:00  4035.000000  4036.270020  4029.600098  4032.540039  4032.540039   16448412
2022-11-30 14:22:00-05:00  4034.310059  4037.060059  4031.489990  4032.719971  4032.719971   13727956
2022-11-30 14:24:00-05:00  4032.919922  4035.120117  4030.649902  4033.270020  4033.270020   11989990
2022-11-30 14:26:00-05:00  4033.280029  4035.179932  4032.129883  4034.149902  4034.149902   12123313
2022-11-30 14:28:00-05:00  4034.360107  4037.219971  4032.810059  4034.229980  4034.229980   14187459
2022-11-30 14:30:00-05:00  4034.260010  4034.780029  4030.419922  4031.820068  4031.820068   12462960
2022-11-30 14:32:00-05:00  4031.949951  4032.330078  4029.050049  4030.330078  4030.330078   12048580
2022-11-30 14:34:00-05:00  4030.439941  4034.000000  4030.439941  4031.879883  4031.879883   11821760
2022-11-30 14:36:00-05:00  4031.979980  4031.979980  4029.629883  4029.629883  4029.629883    9639089
2022-11-30 14:38:00-05:00  4029.610107  4029.889893  4026.500000  4028.389893  4028.389893    9252343
2022-11-30 14:40:00-05:00  4028.520020  4031.429932  4028.139893  4030.530029  4030.530029    9931639
2022-11-30 14:42:00-05:00  4030.500000  4031.209961  4025.409912  4025.580078  4025.580078    9515996
2022-11-30 14:44:00-05:00  4025.649902  4027.219971  4023.320068  4027.189941  4027.189941   11442072
2022-11-30 14:46:00-05:00  4027.199951  4027.979980  4024.830078  4025.090088  4025.090088    8945558
2022-11-30 14:48:00-05:00  4025.389893  4031.040039  4025.389893  4031.040039  4031.040039   10730107
2022-11-30 14:50:00-05:00  4031.050049  4034.639893  4030.750000  4032.719971  4032.719971   11569533
2022-11-30 14:52:00-05:00  4032.669922  4037.449951  4032.250000  4033.600098  4033.600098   11098202
2022-11-30 14:54:00-05:00  4033.330078  4033.610107  4031.050049  4032.659912  4032.659912   11746702
2022-11-30 14:56:00-05:00  4032.600098  4032.889893  4030.050049  4032.709961  4032.709961   11549299
2022-11-30 14:58:00-05:00  4032.729980  4035.350098  4032.669922  4035.320068  4035.320068    8394950
2022-11-30 15:00:00-05:00  4035.520020  4037.870117  4034.179932  4037.729980  4037.729980   11162086
2022-11-30 15:02:00-05:00  4037.659912  4041.300049  4037.120117  4040.879883  4040.879883   11928213
2022-11-30 15:04:00-05:00  4040.929932  4041.530029  4040.250000  4040.750000  4040.750000   10153815
2022-11-30 15:06:00-05:00  4040.709961  4043.020020  4040.149902  4041.959961  4041.959961   11904850
2022-11-30 15:08:00-05:00  4041.909912  4045.659912  4041.909912  4044.560059  4044.560059   10112015
2022-11-30 15:10:00-05:00  4044.739990  4045.409912  4043.800049  4044.719971  4044.719971    9485431
2022-11-30 15:12:00-05:00  4044.709961  4045.780029  4044.370117  4044.399902  4044.399902    9374740
2022-11-30 15:14:00-05:00  4044.439941  4045.840088  4044.169922  4045.250000  4045.250000   10212494
2022-11-30 15:16:00-05:00  4045.229980  4052.879883  4045.020020  4052.879883  4052.879883   15800084
2022-11-30 15:18:00-05:00  4052.949951  4053.350098  4050.250000  4051.459961  4051.459961   14309580
2022-11-30 15:20:00-05:00  4051.459961  4053.600098  4050.260010  4053.600098  4053.600098   13108716
2022-11-30 15:22:00-05:00  4053.570068  4053.989990  4052.610107  4053.989990  4053.989990   12259390
2022-11-30 15:24:00-05:00  4054.189941  4055.330078  4053.469971  4055.330078  4055.330078   14418994
2022-11-30 15:26:00-05:00  4055.330078  4056.790039  4054.540039  4056.300049  4056.300049   15073488
2022-11-30 15:28:00-05:00  4056.270020  4057.500000  4055.909912  4057.459961  4057.459961   11796068
2022-11-30 15:30:00-05:00  4057.530029  4059.399902  4056.919922  4058.949951  4058.949951   14843706
2022-11-30 15:32:00-05:00  4058.979980  4062.149902  4058.979980  4061.620117  4061.620117   16075774
2022-11-30 15:34:00-05:00  4061.659912  4066.610107  4061.320068  4066.479980  4066.479980   19737475
2022-11-30 15:36:00-05:00  4066.639893  4068.600098  4062.699951  4062.699951  4062.699951   19996495
2022-11-30 15:38:00-05:00  4062.800049  4062.800049  4059.189941  4060.969971  4060.969971   19224858
2022-11-30 15:40:00-05:00  4060.830078  4062.270020  4059.189941  4060.370117  4060.370117   17778794
2022-11-30 15:42:00-05:00  4060.350098  4061.229980  4059.139893  4060.169922  4060.169922   16847373
2022-11-30 15:44:00-05:00  4060.270020  4063.469971  4059.510010  4063.250000  4063.250000   22050332
2022-11-30 15:46:00-05:00  4063.260010  4063.260010  4061.699951  4062.629883  4062.629883   22362666
2022-11-30 15:48:00-05:00  4062.639893  4064.080078  4060.320068  4062.540039  4062.540039   25131964
2022-11-30 15:50:00-05:00  4062.300049  4070.139893  4062.300049  4065.300049  4065.300049   63632531
2022-11-30 15:52:00-05:00  4065.139893  4069.389893  4063.790039  4067.949951  4067.949951   45669901
2022-11-30 15:54:00-05:00  4068.070068  4072.280029  4067.610107  4071.429932  4071.429932   56532736
2022-11-30 15:56:00-05:00  4071.800049  4072.399902  4069.500000  4071.489990  4071.489990   57976370
2022-11-30 15:58:00-05:00  4071.149902  4078.810059  4071.149902  4078.770020  4078.770020   58577177
2022-12-01 09:30:00-05:00  4087.139893  4091.320068  4085.310059  4090.590088  4090.590088   12245031
2022-12-01 09:32:00-05:00  4090.409912  4094.969971  4090.409912  4091.000000  4091.000000   21304244
2022-12-01 09:34:00-05:00  4091.020020  4092.260010  4088.909912  4091.030029  4091.030029   19080985
2022-12-01 09:36:00-05:00  4091.159912  4092.080078  4087.659912  4088.360107  4088.360107   15586292
2022-12-01 09:38:00-05:00  4088.219971  4090.080078  4084.729980  4085.110107  4085.110107   17361676
2022-12-01 09:40:00-05:00  4085.080078  4087.260010  4084.459961  4086.850098  4086.850098   17288581
2022-12-01 09:42:00-05:00  4087.030029  4088.379883  4086.719971  4087.929932  4087.929932   14262621
2022-12-01 09:44:00-05:00  4088.000000  4092.489990  4088.000000  4091.699951  4091.699951   16513476
2022-12-01 09:46:00-05:00  4091.629883  4092.979980  4090.669922  4092.050049  4092.050049   17199478
2022-12-01 09:48:00-05:00  4092.050049  4094.649902  4091.590088  4093.949951  4093.949951   17063762
2022-12-01 09:50:00-05:00  4093.919922  4099.359863  4093.679932  4098.529785  4098.529785   16844200
2022-12-01 09:52:00-05:00  4098.569824  4098.569824  4096.669922  4096.819824  4096.819824   12690752
2022-12-01 09:54:00-05:00  4096.970215  4097.850098  4096.060059  4097.430176  4097.430176   12966336
2022-12-01 09:56:00-05:00  4097.459961  4099.080078  4097.060059  4097.410156  4097.410156   13943528
2022-12-01 09:58:00-05:00  4097.439941  4097.720215  4094.179932  4094.179932  4094.179932   11151278
2022-12-01 10:00:00-05:00  4094.229980  4100.509766  4084.860107  4085.300049  4085.300049   20039114
2022-12-01 10:02:00-05:00  4085.239990  4088.840088  4085.189941  4088.189941  4088.189941   12723103
2022-12-01 10:04:00-05:00  4087.939941  4087.939941  4084.179932  4084.669922  4084.669922   12094694
2022-12-01 10:06:00-05:00  4084.620117  4087.699951  4080.300049  4081.000000  4081.000000   13139355
2022-12-01 10:08:00-05:00  4081.199951  4082.929932  4080.330078  4080.330078  4080.330078   12931219
2022-12-01 10:10:00-05:00  4080.229980  4080.979980  4075.159912  4075.159912  4075.159912   13478691
2022-12-01 10:12:00-05:00  4074.919922  4074.919922  4066.879883  4066.879883  4066.879883   16147356
2022-12-01 10:14:00-05:00  4067.090088  4069.639893  4064.830078  4069.639893  4069.639893   14500915
2022-12-01 10:16:00-05:00  4069.739990  4069.739990  4058.560059  4058.810059  4058.810059   13308756
2022-12-01 10:18:00-05:00  4058.909912  4061.300049  4057.510010  4059.790039  4059.790039   13362197
2022-12-01 10:20:00-05:00  4059.770020  4060.489990  4055.139893  4057.169922  4057.169922   11810989
2022-12-01 10:22:00-05:00  4057.260010  4060.340088  4057.260010  4059.000000  4059.000000   10532572
2022-12-01 10:24:00-05:00  4058.709961  4058.889893  4054.300049  4057.399902  4057.399902   11705439
2022-12-01 10:26:00-05:00  4057.610107  4061.169922  4057.610107  4059.429932  4059.429932   11700424
2022-12-01 10:28:00-05:00  4059.370117  4059.469971  4055.679932  4055.790039  4055.790039    9519314
2022-12-01 10:30:00-05:00  4055.659912  4056.459961  4051.439941  4053.389893  4053.389893   11588829
2022-12-01 10:32:00-05:00  4053.310059  4054.429932  4050.870117  4054.429932  4054.429932   11019013
2022-12-01 10:34:00-05:00  4054.459961  4058.229980  4054.330078  4057.610107  4057.610107   11920963
2022-12-01 10:36:00-05:00  4057.580078  4061.169922  4057.340088  4060.889893  4060.889893   10556649
2022-12-01 10:38:00-05:00  4060.919922  4061.340088  4057.879883  4059.229980  4059.229980    9744557
2022-12-01 10:40:00-05:00  4059.300049  4059.300049  4056.709961  4057.719971  4057.719971   10309078
2022-12-01 10:42:00-05:00  4057.870117  4059.989990  4056.399902  4059.270020  4059.270020    9127255
2022-12-01 10:44:00-05:00  4059.379883  4063.459961  4059.379883  4063.270020  4063.270020   10652099
2022-12-01 10:46:00-05:00  4063.239990  4064.649902  4062.669922  4064.469971  4064.469971    9872104
2022-12-01 10:48:00-05:00  4064.469971  4068.629883  4064.290039  4068.620117  4068.620117    9943457
2022-12-01 10:50:00-05:00  4068.520020  4073.590088  4068.120117  4072.840088  4072.840088   11534873
2022-12-01 10:52:00-05:00  4072.840088  4074.209961  4072.770020  4073.350098  4073.350098   10153332
2022-12-01 10:54:00-05:00  4073.370117  4073.439941  4068.780029  4069.439941  4069.439941   10711173
2022-12-01 10:56:00-05:00  4069.489990  4073.219971  4069.110107  4073.189941  4073.189941    6836638
2022-12-01 10:58:00-05:00  4076.030029  4078.750000  4075.909912  4078.370117  4078.370117   13545990
2022-12-01 11:00:00-05:00  4078.500000  4079.090088  4077.060059  4077.860107  4077.860107   11327162
2022-12-01 11:02:00-05:00  4078.120117  4078.360107  4075.340088  4075.830078  4075.830078   10879261
2022-12-01 11:04:00-05:00  4075.860107  4077.129883  4074.780029  4074.780029  4074.780029    9247943
2022-12-01 11:06:00-05:00  4074.830078  4074.989990  4071.189941  4073.010010  4073.010010    9073491
2022-12-01 11:08:00-05:00  4073.000000  4076.120117  4072.580078  4076.040039  4076.040039    7362406
2022-12-01 11:10:00-05:00  4076.040039  4076.199951  4072.389893  4072.389893  4072.389893    7554760
2022-12-01 11:12:00-05:00  4072.330078  4072.790039  4069.310059  4072.699951  4072.699951    8373572
2022-12-01 11:14:00-05:00  4072.780029  4073.459961  4067.300049  4067.300049  4067.300049    9573074
2022-12-01 11:16:00-05:00  4067.250000  4068.090088  4062.679932  4062.679932  4062.679932    8503232
2022-12-01 11:18:00-05:00  4062.639893  4065.679932  4062.639893  4064.840088  4064.840088    9537494
2022-12-01 11:20:00-05:00  4064.850098  4071.310059  4064.489990  4071.280029  4071.280029    9737319
2022-12-01 11:22:00-05:00  4071.229980  4071.310059  4067.229980  4068.120117  4068.120117    7595838
2022-12-01 11:24:00-05:00  4068.219971  4070.030029  4067.530029  4069.219971  4069.219971    7499704
2022-12-01 11:26:00-05:00  4069.229980  4070.860107  4066.850098  4067.469971  4067.469971    8920858
2022-12-01 11:28:00-05:00  4067.500000  4069.209961  4067.399902  4067.909912  4067.909912    6676213
2022-12-01 11:30:00-05:00  4067.689941  4072.050049  4067.520020  4070.889893  4070.889893   11394676
2022-12-01 11:32:00-05:00  4070.919922  4071.120117  4068.100098  4068.870117  4068.870117   11154135
2022-12-01 11:34:00-05:00  4068.840088  4075.000000  4068.840088  4074.860107  4074.860107    8840648
2022-12-01 11:36:00-05:00  4074.969971  4076.300049  4071.320068  4071.320068  4071.320068   10174685
2022-12-01 11:38:00-05:00  4071.290039  4072.270020  4069.199951  4072.090088  4072.090088    8319375
2022-12-01 11:40:00-05:00  4072.030029  4074.909912  4070.810059  4074.909912  4074.909912    8493232
2022-12-01 11:42:00-05:00  4075.139893  4076.590088  4074.250000  4075.659912  4075.659912    8020187
2022-12-01 11:44:00-05:00  4075.590088  4076.040039  4074.219971  4075.000000  4075.000000    6309189
2022-12-01 11:46:00-05:00  4074.989990  4075.040039  4070.939941  4071.540039  4071.540039    6946253
2022-12-01 11:48:00-05:00  4071.520020  4072.810059  4068.959961  4068.969971  4068.969971    6039486
2022-12-01 11:50:00-05:00  4068.889893  4070.399902  4066.649902  4069.860107  4069.860107    7798530
2022-12-01 11:52:00-05:00  4069.560059  4070.370117  4067.110107  4070.280029  4070.280029    7278815
2022-12-01 11:54:00-05:00  4070.300049  4070.939941  4067.860107  4068.290039  4068.290039    6160607
2022-12-01 11:56:00-05:00  4068.229980  4072.179932  4068.229980  4071.080078  4071.080078    6766392
2022-12-01 11:58:00-05:00  4071.030029  4072.389893  4070.070068  4071.120117  4071.120117    5514526
2022-12-01 12:00:00-05:00  4071.159912  4071.909912  4067.020020  4067.020020  4067.020020    7247043
2022-12-01 12:02:00-05:00  4066.679932  4066.850098  4062.780029  4064.030029  4064.030029    8511270
2022-12-01 12:04:00-05:00  4064.040039  4064.120117  4060.040039  4060.040039  4060.040039    7773870
2022-12-01 12:06:00-05:00  4059.949951  4062.280029  4059.189941  4060.000000  4060.000000    6802242
2022-12-01 12:08:00-05:00  4059.979980  4061.260010  4059.520020  4060.020020  4060.020020    5027140
2022-12-01 12:10:00-05:00  4060.010010  4064.110107  4058.850098  4064.010010  4064.010010    7070135
2022-12-01 12:12:00-05:00  4063.959961  4064.010010  4059.389893  4061.459961  4061.459961    6383426
2022-12-01 12:14:00-05:00  4061.500000  4062.260010  4061.090088  4062.260010  4062.260010    5956133
2022-12-01 12:16:00-05:00  4062.260010  4063.719971  4061.780029  4062.419922  4062.419922    6436970
2022-12-01 12:18:00-05:00  4062.409912  4064.100098  4061.270020  4061.320068  4061.320068    5863646
2022-12-01 12:20:00-05:00  4061.370117  4067.260010  4061.370117  4067.260010  4067.260010    7036460
2022-12-01 12:22:00-05:00  4067.209961  4068.790039  4066.899902  4068.659912  4068.659912    6586139
2022-12-01 12:24:00-05:00  4068.669922  4072.770020  4068.229980  4072.750000  4072.750000    7771869
2022-12-01 12:26:00-05:00  4072.800049  4073.209961  4071.709961  4073.189941  4073.189941  998219265
2022-12-01 12:28:00-05:00  4073.199951  4073.199951  4072.030029  4072.899902  4072.899902    5087165
2022-12-01 12:30:00-05:00  4072.899902  4078.780029  4072.830078  4078.699951  4078.699951    8106086
2022-12-01 12:32:00-05:00  4078.689941  4078.820068  4076.889893  4076.989990  4076.989990    6350340
2022-12-01 12:34:00-05:00  4077.030029  4077.270020  4074.969971  4075.310059  4075.310059    5338758
2022-12-01 12:36:00-05:00  4075.219971  4075.719971  4073.479980  4075.270020  4075.270020    6498205
2022-12-01 12:38:00-05:00  4075.250000  4075.649902  4074.219971  4074.870117  4074.870117    5064447
2022-12-01 12:40:00-05:00  4074.830078  4075.409912  4073.000000  4073.419922  4073.419922    6160619
2022-12-01 12:42:00-05:00  4073.360107  4073.520020  4070.620117  4070.649902  4070.649902    5851571
2022-12-01 12:44:00-05:00  4070.729980  4073.780029  4070.729980  4071.280029  4071.280029    6318728
2022-12-01 12:46:00-05:00  4071.300049  4072.989990  4070.070068  4072.689941  4072.689941    5291258
2022-12-01 12:48:00-05:00  4072.719971  4074.120117  4072.070068  4072.080078  4072.080078    5442374
2022-12-01 12:50:00-05:00  4072.080078  4074.229980  4071.959961  4073.570068  4073.570068    5317972
2022-12-01 12:52:00-05:00  4073.510010  4076.040039  4073.360107  4074.270020  4074.270020    5747290
2022-12-01 12:54:00-05:00  4074.280029  4075.540039  4072.929932  4072.929932  4072.929932    5865406
2022-12-01 12:56:00-05:00  4072.919922  4074.379883  4071.689941  4073.379883  4073.379883    6227544
2022-12-01 12:58:00-05:00  4073.540039  4075.290039  4073.540039  4075.290039  4075.290039    4421550
2022-12-01 13:00:00-05:00  4075.479980  4077.520020  4075.189941  4075.899902  4075.899902    5949975
2022-12-01 13:02:00-05:00  4075.879883  4077.320068  4075.879883  4076.060059  4076.060059    5348244
2022-12-01 13:04:00-05:00  4076.030029  4080.189941  4075.540039  4080.159912  4080.159912    7876396
2022-12-01 13:06:00-05:00  4080.100098  4082.469971  4080.030029  4082.379883  4082.379883    7280743
2022-12-01 13:08:00-05:00  4082.389893  4082.419922  4080.649902  4080.959961  4080.959961    6097632
2022-12-01 13:10:00-05:00  4080.959961  4081.560059  4079.610107  4079.620117  4079.620117    6338297
2022-12-01 13:12:00-05:00  4079.649902  4080.820068  4079.649902  4080.040039  4080.040039    5141934
2022-12-01 13:14:00-05:00  4080.040039  4080.239990  4077.070068  4077.120117  4077.120117    6766553
2022-12-01 13:16:00-05:00  4077.149902  4077.389893  4074.520020  4074.520020  4074.520020    6545435
2022-12-01 13:18:00-05:00  4074.260010  4074.330078  4068.270020  4068.790039  4068.790039   10001084
2022-12-01 13:20:00-05:00  4068.590088  4070.149902  4068.330078  4070.149902  4070.149902    6108593
2022-12-01 13:22:00-05:00  4070.229980  4071.750000  4068.840088  4069.939941  4069.939941    6001115
2022-12-01 13:24:00-05:00  4069.959961  4071.449951  4069.929932  4071.060059  4071.060059    5157798
2022-12-01 13:26:00-05:00  4071.120117  4071.449951  4070.629883  4070.790039  4070.790039    4942597
2022-12-01 13:28:00-05:00  4070.810059  4070.909912  4068.540039  4069.620117  4069.620117    7575584
2022-12-01 13:30:00-05:00  4069.620117  4072.350098  4069.129883  4071.510010  4071.510010    7074309
2022-12-01 13:32:00-05:00  4071.550049  4071.969971  4066.600098  4066.659912  4066.659912    8583156
2022-12-01 13:34:00-05:00  4066.750000  4070.840088  4066.750000  4070.550049  4070.550049    6453446
2022-12-01 13:36:00-05:00  4070.370117  4070.790039  4068.899902  4070.790039  4070.790039    5226259
2022-12-01 13:38:00-05:00  4070.810059  4071.750000  4069.370117  4069.739990  4069.739990    6998731
2022-12-01 13:40:00-05:00  4069.770020  4071.979980  4069.770020  4071.149902  4071.149902    6543039
2022-12-01 13:42:00-05:00  4071.340088  4075.540039  4071.340088  4075.469971  4075.469971    8372044
2022-12-01 13:44:00-05:00  4075.419922  4075.840088  4074.639893  4075.600098  4075.600098    6750379
2022-12-01 13:46:00-05:00  4075.870117  4077.270020  4074.229980  4074.229980  4074.229980    6857698
2022-12-01 13:48:00-05:00  4074.199951  4075.070068  4074.149902  4074.989990  4074.989990    5474650
2022-12-01 13:50:00-05:00  4075.040039  4075.270020  4074.199951  4074.689941  4074.689941    5348421
2022-12-01 13:52:00-05:00  4074.719971  4074.949951  4073.310059  4073.889893  4073.889893    6024496
2022-12-01 13:54:00-05:00  4073.860107  4074.320068  4072.179932  4074.229980  4074.229980    6573160
2022-12-01 13:56:00-05:00  4074.229980  4074.229980  4072.979980  4073.139893  4073.139893    5282555
2022-12-01 13:58:00-05:00  4073.159912  4074.659912  4073.149902  4073.949951  4073.949951    5781769
2022-12-01 14:00:00-05:00  4073.939941  4074.520020  4070.929932  4070.929932  4070.929932    7520373
2022-12-01 14:02:00-05:00  4070.800049  4071.449951  4069.770020  4071.189941  4071.189941    6688911
2022-12-01 14:04:00-05:00  4071.090088  4071.110107  4067.360107  4069.219971  4069.219971    7898022
2022-12-01 14:06:00-05:00  4069.300049  4070.530029  4068.340088  4068.360107  4068.360107    5532238
2022-12-01 14:08:00-05:00  4068.320068  4069.620117  4067.510010  4069.620117  4069.620117    6046015
2022-12-01 14:10:00-05:00  4069.570068  4070.370117  4069.239990  4069.879883  4069.879883    6013384
2022-12-01 14:12:00-05:00  4069.860107  4071.590088  4068.800049  4071.590088  4071.590088    7087963
2022-12-01 14:14:00-05:00  4071.600098  4073.439941  4071.530029  4073.179932  4073.179932    6656653
2022-12-01 14:16:00-05:00  4073.199951  4074.719971  4073.199951  4074.120117  4074.120117    6694177
2022-12-01 14:18:00-05:00  4074.100098  4075.449951  4073.899902  4075.060059  4075.060059    6164262
2022-12-01 14:20:00-05:00  4075.040039  4075.879883  4074.540039  4075.840088  4075.840088    6313345
2022-12-01 14:22:00-05:00  4075.830078  4075.969971  4073.040039  4074.159912  4074.159912    6825657
2022-12-01 14:24:00-05:00  4074.110107  4076.959961  4073.919922  4076.949951  4076.949951    6408237
2022-12-01 14:26:00-05:00  4076.989990  4078.469971  4075.139893  4075.800049  4075.800049    8860342
2022-12-01 14:28:00-05:00  4075.750000  4077.070068  4075.669922  4076.409912  4076.409912    6212285
2022-12-01 14:30:00-05:00  4076.379883  4077.620117  4074.229980  4076.709961  4076.709961    8708102
2022-12-01 14:32:00-05:00  4076.699951  4076.739990  4075.840088  4075.939941  4075.939941    5986176
2022-12-01 14:34:00-05:00  4076.020020  4077.879883  4076.020020  4076.770020  4076.770020    6102215
2022-12-01 14:36:00-05:00  4076.760010  4077.209961  4076.280029  4076.439941  4076.439941    5774073
2022-12-01 14:38:00-05:00  4076.439941  4078.459961  4076.350098  4077.760010  4077.760010    6337713
2022-12-01 14:40:00-05:00  4077.760010  4078.949951  4077.199951  4078.600098  4078.600098    6470328
2022-12-01 14:42:00-05:00  4078.629883  4079.399902  4077.770020  4078.489990  4078.489990    7130187
2022-12-01 14:44:00-05:00  4078.350098  4078.350098  4075.310059  4077.790039  4077.790039    8149496
2022-12-01 14:46:00-05:00  4077.800049  4079.040039  4077.800049  4078.540039  4078.540039    6746452
2022-12-01 14:48:00-05:00  4078.560059  4081.000000  4078.560059  4080.919922  4080.919922    7932205
2022-12-01 14:50:00-05:00  4080.969971  4083.709961  4080.219971  4083.510010  4083.510010    8515021
2022-12-01 14:52:00-05:00  4083.540039  4083.780029  4082.350098  4083.270020  4083.270020    8679121
2022-12-01 14:54:00-05:00  4083.350098  4083.350098  4081.929932  4081.929932  4081.929932    6856184
2022-12-01 14:56:00-05:00  4081.909912  4081.909912  4078.860107  4079.350098  4079.350098    6649284
2022-12-01 14:58:00-05:00  4079.280029  4081.979980  4079.270020  4081.979980  4081.979980    6319002
2022-12-01 15:00:00-05:00  4081.989990  4082.290039  4080.909912  4081.500000  4081.500000    9682291
2022-12-01 15:02:00-05:00  4081.530029  4081.889893  4080.469971  4080.820068  4080.820068    5998072
2022-12-01 15:04:00-05:00  4080.840088  4082.580078  4080.840088  4081.449951  4081.449951    7973289
2022-12-01 15:06:00-05:00  4081.439941  4083.479980  4081.439941  4083.399902  4083.399902    7271014
2022-12-01 15:08:00-05:00  4083.379883  4085.780029  4083.379883  4083.590088  4083.590088   10274676
2022-12-01 15:10:00-05:00  4083.590088  4083.600098  4081.810059  4082.550049  4082.550049    7349511
2022-12-01 15:12:00-05:00  4082.540039  4082.830078  4081.010010  4081.070068  4081.070068    6486540
2022-12-01 15:14:00-05:00  4081.090088  4081.250000  4078.629883  4079.919922  4079.919922    7816524
2022-12-01 15:16:00-05:00  4079.850098  4079.860107  4076.510010  4077.260010  4077.260010    9110828
2022-12-01 15:18:00-05:00  4077.239990  4077.580078  4074.750000  4077.030029  4077.030029   10331693
2022-12-01 15:20:00-05:00  4077.290039  4077.550049  4074.830078  4075.360107  4075.360107   10068106
2022-12-01 15:22:00-05:00  4075.330078  4075.820068  4074.169922  4074.620117  4074.620117    7326180
2022-12-01 15:24:00-05:00  4074.659912  4076.120117  4074.659912  4074.919922  4074.919922    8104603
2022-12-01 15:26:00-05:00  4074.899902  4077.169922  4074.770020  4077.070068  4077.070068    8267590
2022-12-01 15:28:00-05:00  4077.070068  4077.520020  4076.399902  4076.600098  4076.600098    8465461
2022-12-01 15:30:00-05:00  4076.580078  4079.570068  4076.169922  4079.340088  4079.340088   10580242
2022-12-01 15:32:00-05:00  4079.350098  4080.129883  4079.020020  4079.840088  4079.840088    9593675
2022-12-01 15:34:00-05:00  4079.899902  4081.300049  4079.379883  4080.989990  4080.989990   10615914
2022-12-01 15:36:00-05:00  4080.989990  4081.760010  4080.750000  4081.639893  4081.639893   10439677
2022-12-01 15:38:00-05:00  4081.679932  4082.800049  4080.550049  4082.780029  4082.780029   11726151
2022-12-01 15:40:00-05:00  4082.780029  4082.830078  4080.689941  4080.729980  4080.729980   13266973
2022-12-01 15:42:00-05:00  4080.800049  4085.260010  4080.629883  4085.070068  4085.070068   16171359
2022-12-01 15:44:00-05:00  4084.889893  4087.300049  4083.000000  4083.030029  4083.030029   17147491
2022-12-01 15:46:00-05:00  4083.060059  4083.100098  4080.500000  4080.929932  4080.929932   14434375
2022-12-01 15:48:00-05:00  4080.929932  4080.929932  4079.429932  4080.449951  4080.449951   16349751
2022-12-01 15:50:00-05:00  4080.479980  4085.239990  4080.479980  4083.669922  4083.669922   26836365
2022-12-01 15:52:00-05:00  4083.469971  4084.070068  4081.679932  4083.020020  4083.020020   25813020
2022-12-01 15:54:00-05:00  4083.000000  4083.209961  4077.020020  4077.169922  4077.169922   37420895
2022-12-01 15:56:00-05:00  4076.860107  4078.850098  4075.820068  4078.699951  4078.699951   45065071
2022-12-01 15:58:00-05:00  4078.679932  4078.729980  4076.699951  4076.959961  4076.959961   55805879
2022-12-02 09:30:00-05:00  4040.169922  4040.169922  4026.629883  4033.560059  4033.560059   10236543
2022-12-02 09:32:00-05:00  4033.520020  4040.479980  4032.669922  4039.270020  4039.270020   15736976
2022-12-02 09:34:00-05:00  4038.870117  4039.560059  4035.379883  4036.780029  4036.780029   15781882
2022-12-02 09:36:00-05:00  4036.889893  4042.070068  4036.360107  4041.360107  4041.360107   13707348
2022-12-02 09:38:00-05:00  4041.100098  4041.100098  4037.649902  4038.870117  4038.870117   13218007
2022-12-02 09:40:00-05:00  4038.760010  4038.760010  4034.020020  4035.610107  4035.610107   14140683
2022-12-02 09:42:00-05:00  4035.449951  4035.449951  4029.949951  4032.320068  4032.320068   14115264
2022-12-02 09:44:00-05:00  4032.709961  4035.510010  4029.469971  4035.030029  4035.030029   12850662
2022-12-02 09:46:00-05:00  4035.189941  4035.810059  4029.000000  4030.570068  4030.570068   12675227
2022-12-02 09:48:00-05:00  4030.820068  4031.080078  4027.290039  4027.979980  4027.979980   13100969
2022-12-02 09:50:00-05:00  4028.260010  4033.489990  4028.070068  4028.800049  4028.800049   13432028
2022-12-02 09:52:00-05:00  4028.860107  4031.479980  4028.310059  4030.600098  4030.600098   10216678
2022-12-02 09:54:00-05:00  4030.580078  4035.129883  4027.949951  4034.899902  4034.899902   12932489
2022-12-02 09:56:00-05:00  4034.879883  4036.620117  4032.500000  4032.510010  4032.510010   11126420
2022-12-02 09:58:00-05:00  4032.080078  4034.449951  4031.489990  4033.689941  4033.689941   10152066
2022-12-02 10:00:00-05:00  4034.129883  4038.959961  4033.449951  4037.580078  4037.580078   13910421
2022-12-02 10:02:00-05:00  4037.719971  4038.139893  4032.199951  4032.219971  4032.219971   11502069
2022-12-02 10:04:00-05:00  4032.159912  4033.199951  4030.610107  4032.320068  4032.320068   11357380
2022-12-02 10:06:00-05:00  4032.280029  4037.860107  4029.600098  4036.520020  4036.520020   12196584
2022-12-02 10:08:00-05:00  4036.409912  4037.810059  4033.580078  4037.560059  4037.560059   10198302
2022-12-02 10:10:00-05:00  4037.540039  4040.219971  4037.389893  4038.800049  4038.800049   10347136
2022-12-02 10:12:00-05:00  4038.909912  4047.620117  4038.370117  4047.620117  4047.620117   13213832
2022-12-02 10:14:00-05:00  4047.540039  4048.620117  4046.570068  4046.659912  4046.659912   13041155
2022-12-02 10:16:00-05:00  4046.739990  4048.629883  4043.760010  4043.760010  4043.760010   10367919
2022-12-02 10:18:00-05:00  4043.580078  4043.929932  4041.800049  4042.949951  4042.949951   10100001
2022-12-02 10:20:00-05:00  4042.899902  4043.610107  4041.439941  4042.209961  4042.209961   10075793
2022-12-02 10:22:00-05:00  4042.120117  4044.830078  4042.120117  4043.139893  4043.139893    9223189
2022-12-02 10:24:00-05:00  4043.260010  4044.689941  4042.020020  4044.659912  4044.659912    8751278
2022-12-02 10:26:00-05:00  4044.639893  4044.969971  4042.870117  4044.409912  4044.409912    7811961
2022-12-02 10:28:00-05:00  4044.479980  4044.649902  4036.219971  4039.090088  4039.090088   10923408
2022-12-02 10:30:00-05:00  4039.110107  4039.239990  4036.010010  4037.290039  4037.290039    8240186
2022-12-02 10:32:00-05:00  4037.260010  4039.350098  4036.830078  4039.280029  4039.280029    6950306
2022-12-02 10:34:00-05:00  4039.250000  4048.110107  4038.570068  4043.860107  4043.860107   12948795
2022-12-02 10:36:00-05:00  4044.120117  4046.340088  4041.290039  4044.000000  4044.000000    9310237
2022-12-02 10:38:00-05:00  4043.870117  4045.219971  4043.080078  4043.080078  4043.080078    8097148
2022-12-02 10:40:00-05:00  4043.060059  4045.149902  4042.300049  4045.070068  4045.070068    7662125
2022-12-02 10:42:00-05:00  4045.010010  4046.550049  4043.679932  4046.550049  4046.550049    8212255
2022-12-02 10:44:00-05:00  4046.580078  4048.300049  4045.070068  4047.030029  4047.030029    9253628
2022-12-02 10:46:00-05:00  4047.149902  4050.229980  4046.729980  4049.729980  4049.729980    8313005
2022-12-02 10:48:00-05:00  4049.909912  4050.070068  4046.080078  4048.439941  4048.439941    8383046
2022-12-02 10:50:00-05:00  4048.530029  4049.280029  4045.699951  4046.850098  4046.850098    6357811
2022-12-02 10:52:00-05:00  4051.790039  4051.879883  4051.580078  4051.659912  4051.659912   12181865
2022-12-02 10:54:00-05:00  4051.689941  4051.689941  4047.360107  4047.360107  4047.360107    8682094
2022-12-02 10:56:00-05:00  4047.530029  4047.909912  4043.620117  4044.129883  4044.129883    8971534
2022-12-02 10:58:00-05:00  4044.129883  4045.149902  4043.250000  4043.669922  4043.669922    8729311
2022-12-02 11:00:00-05:00  4043.659912  4044.530029  4039.419922  4041.429932  4041.429932    9029860
2022-12-02 11:02:00-05:00  4041.429932  4043.550049  4041.229980  4042.050049  4042.050049    6548669
2022-12-02 11:04:00-05:00  4042.110107  4042.110107  4040.959961  4041.959961  4041.959961    6733128
2022-12-02 11:06:00-05:00  4041.969971  4044.090088  4041.909912  4041.909912  4041.909912    6477465
2022-12-02 11:08:00-05:00  4041.919922  4042.050049  4040.120117  4041.389893  4041.389893    7604166
2022-12-02 11:10:00-05:00  4041.449951  4041.669922  4039.300049  4041.090088  4041.090088    7883398
2022-12-02 11:12:00-05:00  4041.110107  4043.540039  4040.389893  4042.780029  4042.780029    8312597
2022-12-02 11:14:00-05:00  4042.810059  4043.860107  4040.800049  4041.060059  4041.060059    7061196
2022-12-02 11:16:00-05:00  4040.770020  4043.659912  4040.629883  4042.290039  4042.290039    6761433
2022-12-02 11:18:00-05:00  4042.429932  4042.550049  4040.060059  4042.149902  4042.149902    7665266
2022-12-02 11:20:00-05:00  4042.139893  4042.889893  4041.379883  4042.889893  4042.889893    7584450
2022-12-02 11:22:00-05:00  4042.949951  4045.110107  4042.949951  4045.050049  4045.050049    7061492
2022-12-02 11:24:00-05:00  4045.070068  4046.399902  4044.760010  4046.399902  4046.399902    7396674
2022-12-02 11:26:00-05:00  4046.540039  4049.870117  4046.540039  4049.110107  4049.110107   26206023
2022-12-02 11:28:00-05:00  4049.139893  4049.870117  4047.100098  4049.870117  4049.870117    7465285
2022-12-02 11:30:00-05:00  4049.919922  4050.510010  4048.040039  4050.060059  4050.060059    8059870
2022-12-02 11:32:00-05:00  4049.959961  4050.699951  4048.820068  4048.820068  4048.820068    7209822
2022-12-02 11:34:00-05:00  4048.510010  4052.129883  4048.510010  4051.250000  4051.250000    7271896
2022-12-02 11:36:00-05:00  4051.100098  4052.239990  4050.270020  4051.860107  4051.860107    6148444
2022-12-02 11:38:00-05:00  4051.870117  4055.810059  4051.229980  4053.520020  4053.520020    9104933
2022-12-02 11:40:00-05:00  4053.510010  4060.100098  4053.149902  4060.100098  4060.100098    8134897
2022-12-02 11:42:00-05:00  4060.159912  4061.120117  4057.510010  4058.629883  4058.629883    7567770
2022-12-02 11:44:00-05:00  4058.709961  4061.860107  4058.709961  4061.739990  4061.739990    6917964
2022-12-02 11:46:00-05:00  4061.739990  4063.810059  4061.550049  4062.590088  4062.590088    7980200
2022-12-02 11:48:00-05:00  4062.590088  4062.860107  4058.699951  4058.770020  4058.770020    8454014
2022-12-02 11:50:00-05:00  4058.860107  4059.510010  4057.969971  4058.070068  4058.070068    5922085
2022-12-02 11:52:00-05:00  4058.080078  4058.429932  4056.929932  4057.629883  4057.629883    5675070
2022-12-02 11:54:00-05:00  4057.639893  4059.489990  4057.639893  4059.489990  4059.489990    5367276
2022-12-02 11:56:00-05:00  4059.560059  4061.209961  4059.219971  4060.060059  4060.060059    5908266
2022-12-02 11:58:00-05:00  4059.989990  4059.989990  4057.149902  4057.169922  4057.169922    6446926
2022-12-02 12:00:00-05:00  4057.199951  4057.280029  4055.820068  4056.169922  4056.169922    5659318
2022-12-02 12:02:00-05:00  4056.179932  4057.300049  4055.739990  4057.300049  4057.300049    7233521
2022-12-02 12:04:00-05:00  4057.379883  4059.250000  4057.379883  4057.969971  4057.969971    5972726
2022-12-02 12:06:00-05:00  4057.909912  4059.659912  4057.040039  4057.610107  4057.610107    6405283
2022-12-02 12:08:00-05:00  4057.580078  4062.110107  4057.520020  4059.780029  4059.780029    7001439
2022-12-02 12:10:00-05:00  4059.780029  4063.729980  4059.729980  4062.879883  4062.879883    6454004
2022-12-02 12:12:00-05:00  4062.899902  4063.080078  4061.729980  4063.080078  4063.080078    5639967
2022-12-02 12:14:00-05:00  4063.070068  4064.840088  4061.540039  4061.590088  4061.590088    7389273
2022-12-02 12:16:00-05:00  4061.629883  4064.510010  4060.870117  4063.590088  4063.590088    6491773
2022-12-02 12:18:00-05:00  4063.530029  4064.949951  4062.040039  4062.060059  4062.060059    5904408
2022-12-02 12:20:00-05:00  4061.959961  4062.340088  4061.040039  4061.040039  4061.040039    5984800
2022-12-02 12:22:00-05:00  4061.060059  4061.350098  4060.239990  4060.290039  4060.290039    5671279
2022-12-02 12:24:00-05:00  4060.300049  4060.459961  4059.760010  4059.889893  4059.889893    6273805
2022-12-02 12:26:00-05:00  4059.909912  4060.010010  4057.620117  4058.449951  4058.449951    7202056
2022-12-02 12:28:00-05:00  4058.310059  4059.020020  4057.750000  4057.760010  4057.760010    5654794
2022-12-02 12:30:00-05:00  4057.780029  4058.979980  4057.659912  4058.280029  4058.280029    5674151
2022-12-02 12:32:00-05:00  4058.310059  4058.909912  4057.000000  4057.030029  4057.030029    6239677
2022-12-02 12:34:00-05:00  4057.070068  4058.040039  4057.010010  4057.520020  4057.520020    4839337
2022-12-02 12:36:00-05:00  4057.520020  4057.889893  4052.949951  4052.949951  4052.949951    7347307
2022-12-02 12:38:00-05:00  4052.939941  4053.709961  4051.520020  4052.270020  4052.270020    5914396
2022-12-02 12:40:00-05:00  4052.260010  4052.260010  4051.389893  4051.909912  4051.909912    5770347
2022-12-02 12:42:00-05:00  4051.810059  4055.129883  4051.800049  4055.129883  4055.129883    6552895
2022-12-02 12:44:00-05:00  4055.139893  4055.250000  4053.550049  4053.899902  4053.899902    5603464
2022-12-02 12:46:00-05:00  4053.939941  4054.629883  4053.729980  4054.340088  4054.340088    5461827
2022-12-02 12:48:00-05:00  4054.370117  4054.370117  4053.270020  4053.939941  4053.939941    5586325
2022-12-02 12:50:00-05:00  4053.949951  4054.510010  4052.879883  4054.479980  4054.479980    6737460
2022-12-02 12:52:00-05:00  4054.439941  4054.439941  4052.489990  4053.090088  4053.090088    5198381
2022-12-02 12:54:00-05:00  4053.080078  4053.709961  4052.679932  4053.040039  4053.040039    5639113
2022-12-02 12:56:00-05:00  4053.070068  4053.919922  4053.070068  4053.280029  4053.280029    5496783
2022-12-02 12:58:00-05:00  4053.270020  4053.270020  4049.780029  4050.399902  4050.399902    6689542
2022-12-02 13:00:00-05:00  4050.409912  4052.780029  4049.179932  4051.439941  4051.439941    6972693
2022-12-02 13:02:00-05:00  4051.479980  4052.219971  4051.370117  4051.750000  4051.750000    4685657
2022-12-02 13:04:00-05:00  4051.729980  4051.750000  4048.149902  4048.159912  4048.159912    6786425
2022-12-02 13:06:00-05:00  4048.129883  4049.219971  4047.939941  4048.070068  4048.070068    5676189
2022-12-02 13:08:00-05:00  4048.100098  4048.449951  4047.239990  4047.239990  4047.239990    6374184
2022-12-02 13:10:00-05:00  4047.270020  4048.199951  4046.439941  4047.209961  4047.209961    8507362
2022-12-02 13:12:00-05:00  4047.219971  4050.080078  4046.530029  4049.949951  4049.949951    6875279
2022-12-02 13:14:00-05:00  4049.939941  4050.229980  4048.820068  4049.810059  4049.810059    5341400
2022-12-02 13:16:00-05:00  4049.820068  4051.939941  4049.689941  4051.159912  4051.159912    6669646
2022-12-02 13:18:00-05:00  4051.149902  4051.510010  4050.239990  4050.239990  4050.239990    4252998
2022-12-02 13:20:00-05:00  4050.219971  4050.689941  4049.310059  4050.469971  4050.469971    5458292
2022-12-02 13:22:00-05:00  4050.790039  4051.250000  4049.479980  4050.689941  4050.689941    5030296
2022-12-02 13:24:00-05:00  4050.699951  4051.100098  4049.709961  4049.840088  4049.840088    5141292
2022-12-02 13:26:00-05:00  4049.860107  4050.239990  4048.260010  4049.290039  4049.290039    6761196
2022-12-02 13:28:00-05:00  4049.280029  4052.070068  4049.260010  4052.070068  4052.070068    5201193
2022-12-02 13:30:00-05:00  4052.070068  4052.169922  4051.320068  4051.969971  4051.969971    4667187
2022-12-02 13:32:00-05:00  4051.959961  4053.580078  4051.959961  4052.469971  4052.469971    7535552
2022-12-02 13:34:00-05:00  4052.459961  4052.969971  4051.750000  4051.760010  4051.760010    5453139
2022-12-02 13:36:00-05:00  4051.570068  4051.729980  4050.979980  4051.000000  4051.000000    4439987
2022-12-02 13:38:00-05:00  4050.989990  4051.870117  4050.540039  4051.719971  4051.719971    5300414
2022-12-02 13:40:00-05:00  4051.719971  4054.790039  4051.719971  4054.659912  4054.659912    5908391
2022-12-02 13:42:00-05:00  4054.679932  4055.020020  4053.919922  4054.120117  4054.120117    5702085
2022-12-02 13:44:00-05:00  4054.090088  4054.270020  4053.830078  4053.860107  4053.860107    4423745
2022-12-02 13:46:00-05:00  4053.870117  4055.909912  4053.870117  4055.560059  4055.560059    5360043
2022-12-02 13:48:00-05:00  4055.560059  4056.689941  4055.560059  4055.899902  4055.899902    4441680
2022-12-02 13:50:00-05:00  4055.870117  4056.000000  4054.620117  4055.330078  4055.330078    5178353
2022-12-02 13:52:00-05:00  4055.320068  4056.129883  4055.139893  4055.909912  4055.909912    5454653
2022-12-02 13:54:00-05:00  4055.850098  4055.929932  4053.520020  4053.810059  4053.810059    6161469
2022-12-02 13:56:00-05:00  4053.800049  4054.080078  4052.989990  4054.080078  4054.080078    5228460
2022-12-02 13:58:00-05:00  4054.070068  4054.649902  4053.860107  4054.570068  4054.570068    5216804
2022-12-02 14:00:00-05:00  4054.580078  4055.050049  4053.750000  4053.800049  4053.800049    6401272
2022-12-02 14:02:00-05:00  4053.790039  4055.489990  4053.739990  4055.409912  4055.409912    4782451
2022-12-02 14:04:00-05:00  4055.389893  4055.389893  4053.060059  4053.800049  4053.800049    6340916
2022-12-02 14:06:00-05:00  4053.820068  4053.830078  4051.360107  4051.360107  4051.360107    5522342
2022-12-02 14:08:00-05:00  4051.320068  4051.320068  4049.620117  4050.189941  4050.189941    6153736
2022-12-02 14:10:00-05:00  4050.189941  4050.229980  4048.620117  4049.060059  4049.060059    5373977
2022-12-02 14:12:00-05:00  4049.000000  4049.280029  4048.010010  4049.120117  4049.120117    5499846
2022-12-02 14:14:00-05:00  4049.120117  4052.810059  4049.070068  4052.810059  4052.810059    4945423
2022-12-02 14:16:00-05:00  4052.800049  4054.370117  4052.600098  4054.179932  4054.179932    5612176
2022-12-02 14:18:00-05:00  4054.129883  4055.159912  4054.110107  4054.879883  4054.879883    4840535
2022-12-02 14:20:00-05:00  4054.899902  4055.689941  4052.489990  4052.570068  4052.570068    6232037
2022-12-02 14:22:00-05:00  4052.520020  4054.479980  4052.520020  4054.360107  4054.360107    4788079
2022-12-02 14:24:00-05:00  4054.389893  4054.860107  4053.600098  4053.610107  4053.610107    5378766
2022-12-02 14:26:00-05:00  4053.689941  4054.600098  4053.659912  4054.500000  4054.500000    5023075
2022-12-02 14:28:00-05:00  4054.530029  4055.290039  4054.459961  4054.689941  4054.689941    5418992
2022-12-02 14:30:00-05:00  4054.669922  4054.870117  4052.570068  4054.870117  4054.870117    7393288
2022-12-02 14:32:00-05:00  4054.850098  4055.219971  4054.590088  4055.199951  4055.199951    5405274
2022-12-02 14:34:00-05:00  4055.219971  4056.149902  4054.909912  4056.110107  4056.110107    6035172
2022-12-02 14:36:00-05:00  4056.100098  4056.379883  4054.770020  4054.770020  4054.770020    5935988
2022-12-02 14:38:00-05:00  4054.729980  4054.729980  4053.800049  4054.439941  4054.439941    5250214
2022-12-02 14:40:00-05:00  4054.449951  4054.530029  4053.939941  4053.939941  4053.939941    4737777
2022-12-02 14:42:00-05:00  4053.909912  4054.919922  4053.590088  4054.919922  4054.919922    6554850
2022-12-02 14:44:00-05:00  4054.929932  4055.330078  4053.909912  4054.989990  4054.989990    7012996
2022-12-02 14:46:00-05:00  4055.000000  4057.719971  4054.889893  4057.070068  4057.070068    7247318
2022-12-02 14:48:00-05:00  4057.179932  4058.909912  4056.949951  4058.629883  4058.629883    5964878
2022-12-02 14:50:00-05:00  4058.679932  4059.979980  4058.679932  4059.909912  4059.909912    6639412
2022-12-02 14:52:00-05:00  4059.899902  4062.810059  4059.389893  4062.679932  4062.679932    8708153
2022-12-02 14:54:00-05:00  4062.679932  4065.260010  4062.370117  4065.129883  4065.129883    7863501
2022-12-02 14:56:00-05:00  4065.129883  4068.500000  4064.929932  4068.290039  4068.290039   10000041
2022-12-02 14:58:00-05:00  4068.260010  4068.500000  4065.929932  4067.790039  4067.790039    7757939
2022-12-02 15:00:00-05:00  4067.790039  4068.909912  4067.050049  4067.050049  4067.050049    7928404
2022-12-02 15:02:00-05:00  4067.050049  4072.399902  4067.000000  4072.149902  4072.149902    8994233
2022-12-02 15:04:00-05:00  4072.139893  4073.850098  4070.840088  4071.340088  4071.340088   11892960
2022-12-02 15:06:00-05:00  4071.639893  4073.300049  4070.879883  4073.090088  4073.090088    9493999
2022-12-02 15:08:00-05:00  4073.229980  4076.739990  4072.879883  4076.169922  4076.169922    9800556
2022-12-02 15:10:00-05:00  4076.120117  4076.199951  4073.429932  4074.959961  4074.959961    9362462
2022-12-02 15:12:00-05:00  4074.959961  4077.209961  4074.820068  4077.040039  4077.040039    8602194
2022-12-02 15:14:00-05:00  4077.120117  4077.689941  4075.510010  4076.040039  4076.040039    9161725
2022-12-02 15:16:00-05:00  4076.060059  4079.939941  4076.060059  4078.699951  4078.699951   10718525
2022-12-02 15:18:00-05:00  4078.760010  4080.479980  4077.649902  4078.300049  4078.300049    9599381
2022-12-02 15:20:00-05:00  4078.330078  4078.560059  4075.850098  4076.629883  4076.629883    9263029
2022-12-02 15:22:00-05:00  4076.590088  4077.770020  4074.679932  4074.679932  4074.679932    9304372
2022-12-02 15:24:00-05:00  4074.510010  4074.679932  4072.689941  4073.530029  4073.530029    9001980
2022-12-02 15:26:00-05:00  4073.540039  4073.739990  4070.060059  4070.239990  4070.239990   10470433
2022-12-02 15:28:00-05:00  4070.260010  4070.719971  4068.989990  4070.719971  4070.719971   10016187
2022-12-02 15:30:00-05:00  4070.729980  4071.600098  4070.340088  4071.219971  4071.219971   11012332
2022-12-02 15:32:00-05:00  4071.209961  4072.030029  4067.610107  4068.000000  4068.000000   10759897
2022-12-02 15:34:00-05:00  4067.959961  4068.000000  4065.879883  4065.929932  4065.929932   10318239
2022-12-02 15:36:00-05:00  4065.949951  4067.199951  4062.969971  4062.989990  4062.989990   13113982
2022-12-02 15:38:00-05:00  4062.959961  4065.899902  4062.520020  4065.899902  4065.899902   12125297
2022-12-02 15:40:00-05:00  4065.939941  4066.860107  4064.189941  4065.370117  4065.370117   11411685
2022-12-02 15:42:00-05:00  4065.389893  4066.659912  4065.100098  4065.989990  4065.989990   11468229
2022-12-02 15:44:00-05:00  4066.000000  4066.080078  4063.580078  4064.939941  4064.939941   13870256
2022-12-02 15:46:00-05:00  4064.909912  4064.919922  4063.260010  4063.260010  4063.260010   12892558
2022-12-02 15:48:00-05:00  4063.209961  4063.239990  4061.250000  4062.239990  4062.239990   15498533
2022-12-02 15:50:00-05:00  4062.219971  4063.770020  4061.010010  4063.739990  4063.739990   23957621
2022-12-02 15:52:00-05:00  4063.840088  4066.689941  4063.709961  4066.689941  4066.689941   21902919
2022-12-02 15:54:00-05:00  4066.689941  4069.070068  4066.040039  4069.070068  4069.070068   33697351
2022-12-02 15:56:00-05:00  4069.209961  4071.659912  4068.780029  4071.340088  4071.340088   39908493
2022-12-02 15:58:00-05:00  4071.310059  4073.110107  4070.679932  4071.550049  4071.550049   57447135
2022-12-05 09:30:00-05:00  4052.020020  4052.020020  4041.169922  4044.500000  4044.500000   48358449
2022-12-05 09:32:00-05:00  4044.570068  4045.750000  4042.750000  4043.689941  4043.689941   17481139
2022-12-05 09:34:00-05:00  4043.580078  4049.199951  4043.149902  4048.699951  4048.699951   15645873
2022-12-05 09:36:00-05:00  4048.889893  4052.449951  4048.889893  4050.770020  4050.770020   13157346
2022-12-05 09:38:00-05:00  4050.780029  4051.520020  4049.469971  4050.729980  4050.729980   14438086
2022-12-05 09:40:00-05:00  4050.780029  4051.090088  4047.340088  4048.870117  4048.870117   15071839
2022-12-05 09:42:00-05:00  4048.909912  4049.020020  4047.560059  4048.300049  4048.300049   11926888
2022-12-05 09:44:00-05:00  4047.939941  4048.330078  4044.060059  4044.540039  4044.540039   13551943
2022-12-05 09:46:00-05:00  4044.600098  4044.600098  4041.260010  4043.290039  4043.290039   13011618
2022-12-05 09:48:00-05:00  4043.300049  4044.689941  4042.000000  4044.239990  4044.239990   30251467
2022-12-05 09:50:00-05:00  4044.149902  4044.209961  4040.590088  4041.790039  4041.790039   14569334
2022-12-05 09:52:00-05:00  4041.840088  4043.050049  4040.689941  4040.899902  4040.899902   12317515
2022-12-05 09:54:00-05:00  4040.979980  4041.709961  4039.149902  4039.389893  4039.389893   11832301
2022-12-05 09:56:00-05:00  4039.330078  4039.330078  4036.709961  4037.439941  4037.439941   10330756
2022-12-05 09:58:00-05:00  4037.550049  4038.439941  4034.100098  4034.459961  4034.459961   13194979
2022-12-05 10:00:00-05:00  4034.520020  4034.520020  4020.699951  4025.379883  4025.379883   22903933
2022-12-05 10:02:00-05:00  4025.370117  4029.300049  4022.330078  4028.919922  4028.919922   15939090
2022-12-05 10:04:00-05:00  4028.939941  4031.489990  4028.459961  4029.290039  4029.290039   13041434
2022-12-05 10:06:00-05:00  4029.250000  4033.840088  4028.889893  4031.000000  4031.000000   11493566
2022-12-05 10:08:00-05:00  4030.929932  4030.929932  4027.459961  4027.840088  4027.840088   11925476
2022-12-05 10:10:00-05:00  4027.879883  4034.139893  4027.030029  4033.239990  4033.239990   11541874
2022-12-05 10:12:00-05:00  4033.250000  4034.159912  4032.239990  4033.060059  4033.060059    9249813
2022-12-05 10:14:00-05:00  4033.000000  4033.489990  4029.419922  4029.649902  4029.649902    9844209
2022-12-05 10:16:00-05:00  4029.590088  4032.090088  4029.469971  4031.300049  4031.300049    9720496
2022-12-05 10:18:00-05:00  4031.330078  4031.620117  4028.570068  4028.699951  4028.699951    8926972
2022-12-05 10:20:00-05:00  4028.669922  4029.340088  4026.550049  4028.129883  4028.129883    9207472
2022-12-05 10:22:00-05:00  4028.110107  4030.070068  4027.739990  4030.040039  4030.040039   10523302
2022-12-05 10:24:00-05:00  4029.989990  4031.860107  4029.659912  4031.669922  4031.669922    8644946
2022-12-05 10:26:00-05:00  4031.550049  4036.489990  4031.550049  4035.300049  4035.300049   11477799
2022-12-05 10:28:00-05:00  4035.280029  4035.280029  4030.139893  4030.379883  4030.379883    9844211
2022-12-05 10:30:00-05:00  4030.310059  4030.760010  4026.600098  4028.879883  4028.879883   10884781
2022-12-05 10:32:00-05:00  4029.040039  4032.129883  4029.040039  4031.770020  4031.770020    9021181
2022-12-05 10:34:00-05:00  4031.750000  4033.340088  4031.750000  4032.439941  4032.439941    9561854
2022-12-05 10:36:00-05:00  4032.629883  4034.899902  4032.629883  4033.810059  4033.810059    9391933
2022-12-05 10:38:00-05:00  4033.830078  4034.560059  4032.129883  4034.560059  4034.560059    8750030
2022-12-05 10:40:00-05:00  4034.550049  4037.290039  4034.179932  4037.159912  4037.159912   10763359
2022-12-05 10:42:00-05:00  4037.260010  4038.860107  4037.139893  4038.590088  4038.590088    9121292
2022-12-05 10:44:00-05:00  4038.389893  4038.389893  4036.300049  4036.300049  4036.300049    9164709
2022-12-05 10:46:00-05:00  4036.080078  4037.929932  4035.850098  4037.250000  4037.250000    7493679