                                  Open         High          Low        Close    Adj Close     Volume
Datetime                                                                                             
2023-02-21 10:54:00-05:00  4021.000000  4021.070068  4019.699951  4019.699951  4019.699951          0
2023-02-21 10:56:00-05:00  4019.699951  4021.969971  4019.659912  4020.260010  4020.260010    9246631
2023-02-21 10:58:00-05:00  4020.280029  4021.280029  4019.949951  4020.310059  4020.310059    7936520
2023-02-21 11:00:00-05:00  4020.370117  4023.760010  4020.370117  4022.979980  4022.979980    8964358
2023-02-21 11:02:00-05:00  4022.909912  4023.760010  4022.050049  4022.169922  4022.169922    7033239
2023-02-21 11:04:00-05:00  4022.080078  4022.080078  4019.580078  4020.100098  4020.100098    8620887
2023-02-21 11:06:00-05:00  4019.729980  4020.270020  4018.500000  4019.610107  4019.610107    8049994
2023-02-21 11:08:00-05:00  4019.580078  4019.909912  4017.050049  4017.070068  4017.070068    7785836
2023-02-21 11:10:00-05:00  4017.100098  4017.699951  4016.610107  4016.620117  4016.620117    8224953
2023-02-21 11:12:00-05:00  4016.560059  4018.030029  4016.320068  4016.689941  4016.689941    8135623
2023-02-21 11:14:00-05:00  4016.689941  4019.739990  4016.209961  4017.379883  4017.379883    9083879
2023-02-21 11:16:00-05:00  4017.370117  4018.310059  4016.979980  4017.050049  4017.050049    7853535
2023-02-21 11:18:00-05:00  4016.909912  4017.979980  4015.270020  4016.709961  4016.709961    9635650
2023-02-21 11:20:00-05:00  4016.679932  4017.709961  4015.899902  4017.320068  4017.320068    8250993
2023-02-21 11:22:00-05:00  4017.340088  4017.340088  4015.590088  4016.419922  4016.419922    8353337
2023-02-21 11:24:00-05:00  4016.419922  4017.560059  4014.879883  4016.310059  4016.310059    8693358
2023-02-21 11:26:00-05:00  4016.360107  4016.360107  4014.669922  4015.750000  4015.750000    7843307
2023-02-21 11:28:00-05:00  4015.760010  4015.939941  4013.600098  4014.479980  4014.479980    8903952
2023-02-21 11:30:00-05:00  4014.459961  4016.149902  4013.310059  4013.310059  4013.310059    8981569
2023-02-21 11:32:00-05:00  4013.310059  4013.310059  4010.860107  4012.750000  4012.750000    9891630
2023-02-21 11:34:00-05:00  4012.679932  4015.239990  4011.540039  4015.159912  4015.159912    9026944
2023-02-21 11:36:00-05:00  4015.179932  4016.159912  4015.090088  4015.179932  4015.179932    7368602
2023-02-21 11:38:00-05:00  4015.050049  4015.149902  4012.679932  4012.830078  4012.830078    7508993
2023-02-21 11:40:00-05:00  4012.780029  4014.120117  4011.580078  4014.120117  4014.120117    7755555
2023-02-21 11:42:00-05:00  4014.169922  4016.590088  4014.169922  4016.330078  4016.330078    7251490
2023-02-21 11:44:00-05:00  4016.260010  4016.959961  4014.969971  4016.189941  4016.189941    7373148
2023-02-21 11:46:00-05:00  4016.179932  4016.949951  4014.649902  4016.429932  4016.429932    7160509
2023-02-21 11:48:00-05:00  4016.520020  4017.199951  4015.479980  4015.580078  4015.580078    6541081
2023-02-21 11:50:00-05:00  4015.560059  4015.560059  4013.520020  4013.800049  4013.800049    7328877
2023-02-21 11:52:00-05:00  4013.820068  4013.939941  4011.669922  4012.969971  4012.969971    7394206
2023-02-21 11:54:00-05:00  4012.969971  4012.969971  4011.479980  4011.780029  4011.780029    6800853
2023-02-21 11:56:00-05:00  4011.760010  4014.270020  4010.060059  4013.570068  4013.570068    9891927
2023-02-21 11:58:00-05:00  4013.560059  4013.800049  4011.540039  4011.889893  4011.889893    7012526
2023-02-21 12:00:00-05:00  4011.780029  4012.850098  4010.449951  4012.489990  4012.489990   11452850
2023-02-21 12:02:00-05:00  4012.510010  4012.510010  4010.830078  4012.020020  4012.020020    6866077
2023-02-21 12:04:00-05:00  4012.020020  4014.350098  4011.520020  4014.280029  4014.280029    8612483
2023-02-21 12:06:00-05:00  4014.409912  4014.409912  4013.080078  4013.080078  4013.080078    7009650
2023-02-21 12:08:00-05:00  4012.959961  4012.959961  4011.840088  4012.729980  4012.729980    5955041
2023-02-21 12:10:00-05:00  4012.729980  4013.189941  4011.840088  4012.489990  4012.489990    5766601
2023-02-21 12:12:00-05:00  4012.489990  4012.540039  4009.459961  4010.290039  4010.290039   13214416
2023-02-21 12:14:00-05:00  4010.340088  4010.870117  4009.659912  4009.659912  4009.659912    6196339
2023-02-21 12:16:00-05:00  4009.689941  4010.330078  4008.320068  4010.330078  4010.330078    8244434
2023-02-21 12:18:00-05:00  4010.409912  4012.040039  4010.379883  4012.040039  4012.040039    7358239
2023-02-21 12:20:00-05:00  4012.040039  4013.060059  4011.600098  4011.929932  4011.929932    7117525
2023-02-21 12:22:00-05:00  4011.899902  4012.000000  4010.290039  4010.770020  4010.770020    6396451
2023-02-21 12:24:00-05:00  4010.790039  4011.489990  4009.629883  4009.989990  4009.989990    7965268
2023-02-21 12:26:00-05:00  4010.010010  4010.320068  4008.409912  4009.790039  4009.790039    7168169
2023-02-21 12:28:00-05:00  4009.820068  4010.250000  4008.969971  4009.620117  4009.620117    5824428
2023-02-21 12:30:00-05:00  4009.610107  4010.169922  4008.820068  4009.419922  4009.419922    7227756
2023-02-21 12:32:00-05:00  4009.439941  4009.989990  4008.260010  4008.689941  4008.689941    6089891
2023-02-21 12:34:00-05:00  4008.699951  4011.350098  4008.699951  4011.340088  4011.340088    6900551
2023-02-21 12:36:00-05:00  4011.610107  4012.959961  4011.459961  4011.689941  4011.689941    6336726
2023-02-21 12:38:00-05:00  4011.679932  4012.040039  4009.879883  4011.919922  4011.919922    6481268
2023-02-21 12:40:00-05:00  4011.969971  4014.159912  4011.969971  4012.780029  4012.780029    6735427
2023-02-21 12:42:00-05:00  4012.550049  4013.179932  4010.850098  4013.179932  4013.179932    7075157
2023-02-21 12:44:00-05:00  4013.239990  4013.699951  4010.729980  4011.030029  4011.030029    6921036
2023-02-21 12:46:00-05:00  4011.050049  4013.159912  4010.350098  4012.530029  4012.530029    6674269
2023-02-21 12:48:00-05:00  4012.540039  4013.070068  4010.679932  4013.050049  4013.050049    7487974
2023-02-21 12:50:00-05:00  4013.020020  4014.870117  4012.739990  4014.330078  4014.330078    8705712
2023-02-21 12:52:00-05:00  4014.370117  4015.429932  4014.370117  4015.340088  4015.340088    6649945
2023-02-21 12:54:00-05:00  4015.350098  4015.439941  4013.870117  4015.050049  4015.050049    5966396
2023-02-21 12:56:00-05:00  4015.040039  4015.500000  4014.520020  4014.550049  4014.550049    5905709
2023-02-21 12:58:00-05:00  4014.580078  4016.060059  4014.570068  4015.909912  4015.909912    6525816
2023-02-21 13:00:00-05:00  4015.830078  4016.260010  4014.139893  4014.139893  4014.139893    7613010
2023-02-21 13:02:00-05:00  4014.169922  4015.610107  4014.050049  4015.060059  4015.060059    6120855
2023-02-21 13:04:00-05:00  4014.979980  4015.709961  4014.580078  4014.929932  4014.929932    5644302
2023-02-21 13:06:00-05:00  4014.889893  4015.159912  4013.479980  4013.530029  4013.530029    7138319
2023-02-21 13:08:00-05:00  4013.530029  4013.899902  4011.389893  4011.550049  4011.550049    6622924
2023-02-21 13:10:00-05:00  4011.550049  4011.580078  4009.639893  4010.469971  4010.469971    6688194
2023-02-21 13:12:00-05:00  4010.459961  4011.080078  4009.550049  4010.189941  4010.189941    5509543
2023-02-21 13:14:00-05:00  4010.270020  4011.629883  4009.629883  4011.629883  4011.629883    6956530
2023-02-21 13:16:00-05:00  4011.669922  4011.810059  4009.790039  4009.790039  4009.790039    5527940
2023-02-21 13:18:00-05:00  4009.780029  4010.750000  4008.719971  4009.899902  4009.899902    6637680
2023-02-21 13:20:00-05:00  4009.919922  4010.469971  4009.020020  4010.469971  4010.469971    6221403
2023-02-21 13:22:00-05:00  4010.500000  4011.570068  4010.330078  4010.820068  4010.820068    5857088
2023-02-21 13:24:00-05:00  4010.840088  4010.840088  4009.000000  4009.040039  4009.040039    5486748
2023-02-21 13:26:00-05:00  4009.070068  4009.479980  4005.959961  4006.639893  4006.639893    8106642
2023-02-21 13:28:00-05:00  4006.629883  4007.100098  4005.679932  4007.020020  4007.020020    7512413
2023-02-21 13:30:00-05:00  4007.050049  4007.080078  4006.060059  4006.070068  4006.070068    6067509
2023-02-21 13:32:00-05:00  4006.080078  4006.080078  4004.550049  4004.750000  4004.750000    6705666
2023-02-21 13:34:00-05:00  4004.800049  4004.939941  4003.810059  4003.850098  4003.850098    6921426
2023-02-21 13:36:00-05:00  4003.860107  4004.389893  4003.580078  4003.709961  4003.709961    7198567
2023-02-21 13:38:00-05:00  4003.760010  4004.419922  4003.429932  4003.530029  4003.530029    6108526
2023-02-21 13:40:00-05:00  4003.479980  4004.219971  4002.459961  4004.219971  4004.219971    6542272
2023-02-21 13:42:00-05:00  4004.229980  4005.540039  4004.020020  4004.020020  4004.020020    6902347
2023-02-21 13:44:00-05:00  4004.030029  4005.870117  4003.899902  4005.820068  4005.820068    6571685
2023-02-21 13:46:00-05:00  4005.879883  4007.050049  4005.820068  4006.750000  4006.750000    5997635
2023-02-21 13:48:00-05:00  4006.719971  4007.290039  4004.500000  4004.550049  4004.550049    6305526
2023-02-21 13:50:00-05:00  4004.520020  4004.520020  4003.419922  4004.270020  4004.270020    6045131
2023-02-21 13:52:00-05:00  4004.239990  4004.379883  4002.580078  4003.060059  4003.060059    5881396
2023-02-21 13:54:00-05:00  4002.959961  4003.199951  4001.939941  4001.969971  4001.969971    6066583
2023-02-21 13:56:00-05:00  4002.050049  4003.120117  4001.959961  4003.030029  4003.030029    6357415
2023-02-21 13:58:00-05:00  4003.020020  4003.179932  4002.169922  4003.149902  4003.149902    5269394
2023-02-21 14:00:00-05:00  4003.209961  4003.260010  4001.629883  4001.689941  4001.689941    7100548
2023-02-21 14:02:00-05:00  4001.719971  4001.899902  4000.699951  4001.080078  4001.080078    6422823
2023-02-21 14:04:00-05:00  4001.090088  4002.750000  4001.090088  4001.389893  4001.389893    6845574
2023-02-21 14:06:00-05:00  4001.379883  4002.669922  4001.229980  4001.350098  4001.350098    7103922
2023-02-21 14:08:00-05:00  4001.219971  4001.250000  3999.899902  3999.899902  3999.899902    6872316
2023-02-21 14:10:00-05:00  3999.909912  3999.969971  3997.959961  3998.040039  3998.040039    7147830
2023-02-21 14:12:00-05:00  3998.020020  3999.199951  3997.350098  3998.860107  3998.860107    7346352
2023-02-21 14:14:00-05:00  3998.739990  3999.110107  3997.850098  3998.110107  3998.110107    6216721
2023-02-21 14:16:00-05:00  3998.100098  3998.669922  3997.379883  3997.379883  3997.379883    8436255
2023-02-21 14:18:00-05:00  3997.350098  3998.159912  3996.189941  3996.189941  3996.189941    8123551
2023-02-21 14:20:00-05:00  3996.139893  3996.709961  3995.330078  3996.699951  3996.699951    7843171
2023-02-21 14:22:00-05:00  3996.760010  3996.939941  3995.610107  3995.919922  3995.919922    5510455
2023-02-21 14:24:00-05:00  3995.850098  3997.939941  3995.189941  3997.879883  3997.879883    7767632
2023-02-21 14:26:00-05:00  3997.850098  4000.600098  3997.760010  4000.600098  4000.600098    7067119
2023-02-21 14:28:00-05:00  4000.639893  4000.639893  3998.510010  3999.669922  3999.669922    6738410
2023-02-21 14:30:00-05:00  3999.600098  4003.189941  3998.620117  4002.989990  4002.989990   10580235
2023-02-21 14:32:00-05:00  4002.929932  4003.500000  4002.360107  4002.409912  4002.409912    7440258
2023-02-21 14:34:00-05:00  4002.419922  4004.389893  4002.419922  4003.699951  4003.699951    7023910
2023-02-21 14:36:00-05:00  4003.709961  4003.729980  4000.929932  4002.659912  4002.659912    6612975
2023-02-21 14:38:00-05:00  4002.669922  4003.570068  4001.860107  4003.489990  4003.489990    6311358
2023-02-21 14:40:00-05:00  4003.530029  4003.770020  4000.310059  4000.659912  4000.659912    7602345
2023-02-21 14:42:00-05:00  4000.679932  4005.610107  4000.320068  4004.110107  4004.110107   10623577
2023-02-21 14:44:00-05:00  4004.169922  4006.719971  4004.169922  4006.669922  4006.669922    7018855
2023-02-21 14:46:00-05:00  4006.590088  4007.120117  4005.060059  4005.060059  4005.060059    7385463
2023-02-21 14:48:00-05:00  4005.030029  4005.860107  4004.169922  4005.330078  4005.330078    6331780
2023-02-21 14:50:00-05:00  4005.330078  4005.330078  4003.219971  4004.050049  4004.050049    7011065
2023-02-21 14:52:00-05:00  4003.830078  4004.159912  4003.209961  4003.949951  4003.949951    5617132
2023-02-21 14:54:00-05:00  4003.939941  4005.229980  4003.229980  4004.649902  4004.649902    6738747
2023-02-21 14:56:00-05:00  4004.560059  4004.560059  4001.699951  4001.800049  4001.800049    7359470
2023-02-21 14:58:00-05:00  4001.850098  4004.219971  4001.449951  4003.699951  4003.699951    7294197
2023-02-21 15:00:00-05:00  4003.709961  4005.100098  4002.810059  4002.810059  4002.810059    7170751
2023-02-21 15:02:00-05:00  4002.840088  4005.449951  4002.840088  4004.909912  4004.909912    7334583
2023-02-21 15:04:00-05:00  4005.010010  4007.560059  4005.010010  4007.229980  4007.229980    7599418
2023-02-21 15:06:00-05:00  4007.199951  4007.199951  4003.379883  4003.419922  4003.419922    8300435
2023-02-21 15:08:00-05:00  4003.409912  4004.100098  4002.310059  4002.459961  4002.459961    7462595
2023-02-21 15:10:00-05:00  4002.429932  4002.800049  4000.250000  4001.500000  4001.500000    8814349
2023-02-21 15:12:00-05:00  4001.439941  4002.510010  4000.770020  4001.100098  4001.100098    7677554
2023-02-21 15:14:00-05:00  4001.070068  4002.149902  4000.939941  4002.010010  4002.010010    7173033
2023-02-21 15:16:00-05:00  4001.979980  4001.979980  3999.959961  4000.520020  4000.520020    8002540
2023-02-21 15:18:00-05:00  4000.469971  4002.379883  3999.889893  4001.479980  4001.479980    8699562
2023-02-21 15:20:00-05:00  4001.320068  4001.320068  3999.399902  4000.729980  4000.729980   10000103
2023-02-21 15:22:00-05:00  4000.719971  4003.409912  4000.560059  4003.409912  4003.409912    8640297
2023-02-21 15:24:00-05:00  4003.379883  4003.939941  4001.510010  4001.510010  4001.510010    9764284
2023-02-21 15:26:00-05:00  4001.530029  4002.489990  4000.639893  4000.899902  4000.899902    8946734
2023-02-21 15:28:00-05:00  4000.899902  4002.219971  4000.479980  4002.219971  4002.219971    9694277
2023-02-21 15:30:00-05:00  4002.239990  4005.290039  4002.239990  4004.750000  4004.750000   11982996
2023-02-21 15:32:00-05:00  4004.790039  4007.860107  4004.790039  4007.489990  4007.489990   12477216
2023-02-21 15:34:00-05:00  4007.459961  4007.459961  4006.030029  4007.050049  4007.050049   12282263
2023-02-21 15:36:00-05:00  4007.020020  4007.020020  4003.389893  4003.770020  4003.770020   12631120
2023-02-21 15:38:00-05:00  4003.790039  4003.790039  4002.080078  4003.010010  4003.010010   11291078
2023-02-21 15:40:00-05:00  4003.050049  4004.139893  4001.040039  4001.040039  4001.040039   14525492
2023-02-21 15:42:00-05:00  4001.030029  4004.139893  4001.030029  4002.500000  4002.500000   14396968
2023-02-21 15:44:00-05:00  4002.510010  4006.239990  4002.469971  4005.709961  4005.709961   16409986
2023-02-21 15:46:00-05:00  4005.719971  4005.780029  4003.330078  4003.330078  4003.330078   17070540
2023-02-21 15:48:00-05:00  4003.149902  4006.310059  4003.010010  4004.840088  4004.840088   17560622
2023-02-21 15:50:00-05:00  4004.840088  4004.860107  4000.310059  4000.320068  4000.320068   33580051
2023-02-21 15:52:00-05:00  4000.010010  4000.010010  3998.260010  3998.419922  3998.419922   26960646
2023-02-21 15:54:00-05:00  3998.520020  4001.330078  3998.280029  4000.750000  4000.750000   40769976
2023-02-21 15:56:00-05:00  4000.620117  4000.620117  3996.860107  3997.169922  3997.169922   42008948
2023-02-21 15:58:00-05:00  3997.159912  3998.229980  3996.159912  3997.239990  3997.239990   57760067
2023-02-22 09:30:00-05:00  4001.830078  4004.239990  4000.500000  4004.239990  4004.239990   42760118
2023-02-22 09:32:00-05:00  4004.159912  4006.060059  4003.850098  4004.969971  4004.969971   17550295
2023-02-22 09:34:00-05:00  4004.760010  4005.350098  4000.919922  4001.479980  4001.479980   14344249
2023-02-22 09:36:00-05:00  4001.479980  4004.229980  4000.100098  4001.419922  4001.419922   12854821
2023-02-22 09:38:00-05:00  4001.060059  4005.719971  4000.070068  4005.520020  4005.520020   14514526
2023-02-22 09:40:00-05:00  4005.439941  4007.870117  4004.280029  4007.209961  4007.209961   13110322
2023-02-22 09:42:00-05:00  4006.949951  4008.270020  4004.689941  4006.909912  4006.909912   14068450
2023-02-22 09:44:00-05:00  4007.610107  4010.179932  4006.879883  4009.969971  4009.969971   14422793
2023-02-22 09:46:00-05:00  4010.070068  4010.729980  4007.000000  4007.159912  4007.159912   15122051
2023-02-22 09:48:00-05:00  4007.260010  4010.729980  4006.229980  4010.149902  4010.149902   13339789
2023-02-22 09:50:00-05:00  4009.939941  4010.290039  4005.429932  4007.570068  4007.570068   14327211
2023-02-22 09:52:00-05:00  4007.750000  4009.639893  4005.800049  4006.169922  4006.169922   11747699
2023-02-22 09:54:00-05:00  4006.250000  4006.989990  4004.179932  4005.820068  4005.820068   10835061
2023-02-22 09:56:00-05:00  4005.860107  4007.709961  4004.419922  4005.909912  4005.909912   12086443
2023-02-22 09:58:00-05:00  4005.949951  4006.469971  4003.899902  4003.899902  4003.899902   11221447
2023-02-22 10:00:00-05:00  4004.250000  4004.719971  4001.260010  4001.260010  4001.260010   13017321
2023-02-22 10:02:00-05:00  4001.310059  4001.310059  3998.379883  3999.060059  3999.060059   12049335
2023-02-22 10:04:00-05:00  3999.000000  4000.300049  3998.010010  4000.300049  4000.300049   13245238
2023-02-22 10:06:00-05:00  4000.209961  4000.250000  3998.520020  3999.459961  3999.459961   10134472
2023-02-22 10:08:00-05:00  3999.379883  4000.340088  3996.530029  3996.530029  3996.530029   11758135
2023-02-22 10:10:00-05:00  3996.719971  3996.719971  3989.360107  3989.360107  3989.360107   14658253
2023-02-22 10:12:00-05:00  3989.379883  3991.270020  3988.659912  3991.270020  3991.270020   13233582
2023-02-22 10:14:00-05:00  3991.270020  3991.419922  3989.360107  3989.360107  3989.360107   11306781
2023-02-22 10:16:00-05:00  3988.949951  3989.860107  3985.969971  3988.929932  3988.929932   12688492
2023-02-22 10:18:00-05:00  3988.790039  3990.169922  3987.139893  3988.280029  3988.280029   10778478
2023-02-22 10:20:00-05:00  3988.379883  3991.389893  3988.379883  3991.229980  3991.229980   11246203
2023-02-22 10:22:00-05:00  3991.229980  3995.379883  3991.100098  3995.379883  3995.379883   10862020
2023-02-22 10:24:00-05:00  3995.389893  3998.189941  3994.790039  3998.189941  3998.189941   11229148
2023-02-22 10:26:00-05:00  3998.149902  3998.189941  3996.719971  3997.520020  3997.520020   10067124
2023-02-22 10:28:00-05:00  3997.500000  3998.060059  3992.040039  3992.040039  3992.040039   10374726
2023-02-22 10:30:00-05:00  3991.709961  3991.770020  3986.530029  3986.659912  3986.659912   11543304
2023-02-22 10:32:00-05:00  3986.689941  3987.419922  3984.010010  3985.560059  3985.560059   11499154
2023-02-22 10:34:00-05:00  3985.419922  3985.870117  3984.330078  3985.870117  3985.870117   10906217
2023-02-22 10:36:00-05:00  3985.939941  3987.469971  3985.389893  3986.300049  3986.300049   11542494
2023-02-22 10:38:00-05:00  3986.229980  3987.000000  3983.310059  3984.139893  3984.139893   10618166
2023-02-22 10:40:00-05:00  3984.159912  3987.790039  3984.159912  3987.530029  3987.530029   11581678
2023-02-22 10:42:00-05:00  3987.530029  3989.689941  3986.810059  3988.350098  3988.350098    9498243
2023-02-22 10:44:00-05:00  3988.330078  3992.590088  3988.290039  3992.479980  3992.479980    9747259
2023-02-22 10:46:00-05:00  3992.449951  3992.570068  3989.530029  3991.189941  3991.189941    9346699
2023-02-22 10:48:00-05:00  3991.290039  3992.989990  3991.169922  3992.580078  3992.580078    8054060
2023-02-22 10:50:00-05:00  3992.560059  3994.449951  3992.560059  3994.449951  3994.449951    8812635
2023-02-22 10:52:00-05:00  3994.379883  3995.280029  3994.280029  3994.639893  3994.639893  554339592
2023-02-22 10:54:00-05:00  3994.580078  3997.280029  3994.580078  3996.639893  3996.639893    8855390
2023-02-22 10:56:00-05:00  3996.739990  4000.159912  3996.739990  3998.699951  3998.699951    9636890
2023-02-22 10:58:00-05:00  3998.729980  3999.399902  3997.550049  3997.780029  3997.780029    8494437
2023-02-22 11:00:00-05:00  3997.750000  3999.219971  3997.260010  3997.510010  3997.510010    7895358
2023-02-22 11:02:00-05:00  3997.810059  4000.550049  3997.810059  3999.260010  3999.260010    7803268
2023-02-22 11:04:00-05:00  3999.399902  4000.610107  3998.350098  3999.620117  3999.620117    7679314
2023-02-22 11:06:00-05:00  3999.580078  4000.260010  3997.929932  3998.659912  3998.659912    7124290
2023-02-22 11:08:00-05:00  3998.659912  3999.409912  3997.070068  3999.409912  3999.409912    7619062
2023-02-22 11:10:00-05:00  3999.409912  3999.879883  3998.290039  3998.760010  3998.760010    7359472
2023-02-22 11:12:00-05:00  3998.810059  3998.879883  3994.639893  3994.790039  3994.790039    7462157
2023-02-22 11:14:00-05:00  3994.979980  3995.590088  3994.360107  3994.449951  3994.449951    6535349
2023-02-22 11:16:00-05:00  3994.540039  3995.000000  3993.360107  3993.800049  3993.800049    7377547
2023-02-22 11:18:00-05:00  3993.810059  3994.300049  3992.820068  3994.300049  3994.300049    7053125
2023-02-22 11:20:00-05:00  3994.500000  3998.159912  3994.500000  3996.560059  3996.560059    8801962
2023-02-22 11:22:00-05:00  3996.550049  3999.120117  3996.439941  3998.629883  3998.629883    7230304
2023-02-22 11:24:00-05:00  3998.620117  3998.790039  3997.090088  3997.590088  3997.590088    7580035
2023-02-22 11:26:00-05:00  3997.580078  3998.500000  3995.949951  3998.459961  3998.459961    8310946
2023-02-22 11:28:00-05:00  3998.419922  3998.419922  3996.300049  3996.800049  3996.800049    6348676
2023-02-22 11:30:00-05:00  3996.830078  3998.379883  3996.229980  3998.229980  3998.229980    6756549
2023-02-22 11:32:00-05:00  3998.179932  3999.810059  3997.919922  3998.919922  3998.919922    6949328
2023-02-22 11:34:00-05:00  3998.959961  4001.959961  3998.429932  4000.679932  4000.679932    8232602
2023-02-22 11:36:00-05:00  4000.469971  4001.530029  3999.260010  3999.629883  3999.629883    7436407
2023-02-22 11:38:00-05:00  3999.409912  3999.469971  3995.510010  3995.590088  3995.590088    7044834
2023-02-22 11:40:00-05:00  3995.610107  3998.340088  3995.610107  3998.000000  3998.000000    5790609
2023-02-22 11:42:00-05:00  3997.919922  3999.229980  3996.830078  3999.070068  3999.070068    6557343
2023-02-22 11:44:00-05:00  3999.070068  4000.209961  3998.520020  4000.129883  4000.129883    6589918
2023-02-22 11:46:00-05:00  4000.050049  4000.050049  3998.780029  3998.989990  3998.989990    5558787
2023-02-22 11:48:00-05:00  3999.010010  3999.010010  3995.909912  3996.709961  3996.709961    6389154
2023-02-22 11:50:00-05:00  3996.669922  3998.939941  3996.610107  3998.939941  3998.939941    6405275
2023-02-22 11:52:00-05:00  3999.000000  4000.629883  3997.790039  3997.790039  3997.790039    6983611
2023-02-22 11:54:00-05:00  3997.909912  3997.909912  3996.239990  3997.750000  3997.750000    6497669
2023-02-22 11:56:00-05:00  3997.770020  3999.330078  3997.770020  3998.100098  3998.100098    6002718
2023-02-22 11:58:00-05:00  3998.100098  4001.000000  3997.989990  4001.000000  4001.000000    6272376
2023-02-22 12:00:00-05:00  4000.979980  4001.120117  3998.120117  3999.030029  3999.030029    6551745
2023-02-22 12:02:00-05:00  3999.030029  3999.419922  3997.879883  3999.120117  3999.120117    6337811
2023-02-22 12:04:00-05:00  3999.139893  4000.959961  3998.610107  4000.449951  4000.449951    7013181
2023-02-22 12:06:00-05:00  4000.459961  4001.429932  3999.989990  4001.300049  4001.300049    5718821
2023-02-22 12:08:00-05:00  4001.320068  4003.270020  4001.310059  4001.429932  4001.429932    6651628
2023-02-22 12:10:00-05:00  4001.429932  4001.429932  3998.169922  3998.280029  3998.280029    6293906
2023-02-22 12:12:00-05:00  3998.330078  4000.000000  3998.080078  3999.340088  3999.340088    5327190
2023-02-22 12:14:00-05:00  3999.370117  4000.550049  3998.070068  4000.550049  4000.550049    5652258
2023-02-22 12:16:00-05:00  4000.520020  4003.830078  4000.520020  4003.239990  4003.239990    6948506
2023-02-22 12:18:00-05:00  4003.229980  4005.850098  4003.100098  4005.320068  4005.320068    7073926
2023-02-22 12:20:00-05:00  4005.409912  4006.379883  4005.030029  4005.860107  4005.860107    6337430
2023-02-22 12:22:00-05:00  4005.870117  4006.530029  4005.600098  4005.629883  4005.629883    4899385
2023-02-22 12:24:00-05:00  4005.770020  4008.139893  4005.770020  4007.600098  4007.600098    7464258
2023-02-22 12:26:00-05:00  4007.669922  4008.159912  4006.610107  4006.800049  4006.800049    5198618
2023-02-22 12:28:00-05:00  4006.810059  4006.949951  4005.489990  4005.489990  4005.489990    5506129
2023-02-22 12:30:00-05:00  4005.489990  4007.419922  4005.489990  4005.969971  4005.969971    6735717
2023-02-22 12:32:00-05:00  4006.010010  4007.770020  4006.010010  4007.669922  4007.669922    5396143
2023-02-22 12:34:00-05:00  4007.649902  4008.290039  4006.540039  4006.540039  4006.540039    7688090
2023-02-22 12:36:00-05:00  4006.610107  4008.060059  4006.340088  4008.030029  4008.030029    5875616
2023-02-22 12:38:00-05:00  4008.050049  4009.949951  4007.919922  4008.270020  4008.270020    8133718
2023-02-22 12:40:00-05:00  4008.300049  4010.159912  4008.129883  4010.159912  4010.159912    7674376
2023-02-22 12:42:00-05:00  4010.179932  4011.050049  4010.139893  4010.689941  4010.689941    6997729
2023-02-22 12:44:00-05:00  4010.739990  4011.570068  4010.739990  4010.939941  4010.939941    6855415
2023-02-22 12:46:00-05:00  4011.070068  4011.959961  4010.300049  4010.530029  4010.530029    6098889
2023-02-22 12:48:00-05:00  4010.580078  4010.760010  4007.959961  4008.360107  4008.360107    6738924
2023-02-22 12:50:00-05:00  4008.370117  4009.030029  4007.689941  4008.270020  4008.270020    5542987
2023-02-22 12:52:00-05:00  4008.250000  4009.139893  4008.030029  4008.820068  4008.820068    8225647
2023-02-22 12:54:00-05:00  4008.830078  4008.919922  4008.030029  4008.229980  4008.229980    4998034
2023-02-22 12:56:00-05:00  4008.229980  4008.820068  4007.189941  4007.250000  4007.250000    5734839
2023-02-22 12:58:00-05:00  4007.250000  4008.709961  4007.209961  4007.830078  4007.830078    5611815
2023-02-22 13:00:00-05:00  4007.879883  4007.979980  4006.379883  4007.169922  4007.169922    7957133
2023-02-22 13:02:00-05:00  4007.100098  4007.449951  4005.239990  4006.399902  4006.399902    6924745
2023-02-22 13:04:00-05:00  4006.419922  4008.739990  4006.419922  4008.379883  4008.379883    5559048
2023-02-22 13:06:00-05:00  4008.379883  4009.560059  4008.149902  4008.520020  4008.520020    5271654
2023-02-22 13:08:00-05:00  4008.600098  4010.729980  4008.409912  4010.199951  4010.199951    5482397
2023-02-22 13:10:00-05:00  4010.189941  4010.659912  4009.320068  4009.979980  4009.979980    5266917
2023-02-22 13:12:00-05:00  4009.919922  4009.989990  4007.899902  4007.899902  4007.899902    5596110
2023-02-22 13:14:00-05:00  4007.879883  4010.540039  4007.879883  4010.540039  4010.540039    6316290
2023-02-22 13:16:00-05:00  4010.530029  4010.739990  4010.030029  4010.330078  4010.330078    4950625
2023-02-22 13:18:00-05:00  4010.350098  4011.510010  4010.209961  4011.199951  4011.199951    4759679
2023-02-22 13:20:00-05:00  4011.179932  4012.250000  4010.639893  4011.860107  4011.860107    5196974
2023-02-22 13:22:00-05:00  4011.709961  4012.100098  4011.149902  4011.770020  4011.770020    5185400
2023-02-22 13:24:00-05:00  4011.840088  4012.959961  4011.830078  4012.860107  4012.860107    5202585
2023-02-22 13:26:00-05:00  4012.870117  4015.000000  4012.810059  4014.760010  4014.760010    5830647
2023-02-22 13:28:00-05:00  4014.719971  4015.179932  4014.689941  4014.739990  4014.739990    5487494
2023-02-22 13:30:00-05:00  4014.709961  4015.139893  4012.580078  4012.760010  4012.760010    7638725
2023-02-22 13:32:00-05:00  4012.770020  4012.780029  4010.090088  4011.030029  4011.030029    6324983
2023-02-22 13:34:00-05:00  4010.969971  4012.129883  4010.969971  4011.340088  4011.340088    5663370
2023-02-22 13:36:00-05:00  4011.310059  4012.560059  4010.459961  4012.560059  4012.560059    5621268
2023-02-22 13:38:00-05:00  4012.580078  4014.550049  4012.449951  4014.280029  4014.280029    6143358
2023-02-22 13:40:00-05:00  4014.270020  4014.879883  4013.479980  4013.570068  4013.570068    5641358
2023-02-22 13:42:00-05:00  4013.580078  4015.020020  4013.580078  4014.090088  4014.090088    5832598
2023-02-22 13:44:00-05:00  4014.129883  4014.610107  4011.969971  4012.159912  4012.159912    6072560
2023-02-22 13:46:00-05:00  4012.169922  4012.310059  4010.949951  4011.550049  4011.550049    5225113
2023-02-22 13:48:00-05:00  4011.550049  4012.889893  4011.300049  4012.270020  4012.270020    5013191
2023-02-22 13:50:00-05:00  4012.290039  4012.290039  4010.459961  4010.479980  4010.479980    5364284
2023-02-22 13:52:00-05:00  4010.479980  4010.889893  4008.770020  4008.790039  4008.790039    6267744
2023-02-22 13:54:00-05:00  4008.780029  4008.909912  4007.169922  4008.469971  4008.469971    6038155
2023-02-22 13:56:00-05:00  4008.479980  4009.280029  4008.100098  4009.149902  4009.149902    5307332
2023-02-22 13:58:00-05:00  4009.090088  4010.820068  4009.060059  4009.830078  4009.830078    6351891
2023-02-22 14:00:00-05:00  4009.840088  4014.750000  4002.699951  4002.739990  4002.739990   21974801
2023-02-22 14:02:00-05:00  4001.699951  4006.790039  3999.489990  4006.459961  4006.459961   11226643
2023-02-22 14:04:00-05:00  4006.520020  4013.030029  4006.489990  4010.620117  4010.620117   11019804
2023-02-22 14:06:00-05:00  4010.669922  4017.370117  4008.540039  4009.469971  4009.469971   13321118
2023-02-22 14:08:00-05:00  4009.669922  4010.580078  4005.629883  4010.580078  4010.580078    7406668
2023-02-22 14:10:00-05:00  4010.820068  4014.070068  4003.830078  4003.830078  4003.830078   10143038
2023-02-22 14:12:00-05:00  4003.919922  4004.080078  3999.409912  3999.699951  3999.699951   10124497
2023-02-22 14:14:00-05:00  3999.540039  4002.959961  3995.659912  3995.889893  3995.889893    9204809
2023-02-22 14:16:00-05:00  3995.879883  4000.409912  3993.489990  4000.409912  4000.409912   10581448
2023-02-22 14:18:00-05:00  4000.570068  4005.429932  4000.570068  4005.340088  4005.340088    8600048
2023-02-22 14:20:00-05:00  4005.439941  4009.399902  4004.889893  4009.159912  4009.159912    8739700
2023-02-22 14:22:00-05:00  4009.149902  4009.790039  4002.500000  4002.800049  4002.800049    8401342
2023-02-22 14:24:00-05:00  4002.239990  4002.290039  3999.250000  3999.949951  3999.949951    7510711
2023-02-22 14:26:00-05:00  3999.840088  4001.669922  3997.800049  3999.939941  3999.939941    7791721
2023-02-22 14:28:00-05:00  3999.949951  4002.449951  3998.810059  3999.570068  3999.570068    7131656
2023-02-22 14:30:00-05:00  3999.139893  3999.159912  3997.280029  3997.770020  3997.770020    7552616
2023-02-22 14:32:00-05:00  3997.719971  3997.889893  3990.790039  3994.070068  3994.070068   11054658
2023-02-22 14:34:00-05:00  3994.090088  3994.770020  3991.760010  3992.560059  3992.560059    9093103
2023-02-22 14:36:00-05:00  3992.550049  3995.379883  3991.530029  3993.469971  3993.469971    8146806
2023-02-22 14:38:00-05:00  3993.520020  3995.409912  3990.479980  3992.169922  3992.169922   10233010
2023-02-22 14:40:00-05:00  3992.149902  3993.219971  3991.100098  3992.399902  3992.399902    6251207
2023-02-22 14:42:00-05:00  3992.399902  3992.399902  3986.360107  3987.300049  3987.300049    9553107
2023-02-22 14:44:00-05:00  3987.469971  3991.280029  3987.250000  3987.959961  3987.959961    8184347
2023-02-22 14:46:00-05:00  3987.949951  3992.989990  3986.340088  3992.939941  3992.939941    9392280
2023-02-22 14:48:00-05:00  3992.959961  3997.219971  3992.449951  3996.929932  3996.929932    8870038
2023-02-22 14:50:00-05:00  3996.909912  3997.520020  3990.280029  3991.729980  3991.729980   13064629
2023-02-22 14:52:00-05:00  3991.780029  3992.489990  3990.639893  3990.679932  3990.679932    6489505
2023-02-22 14:54:00-05:00  3990.739990  3991.050049  3983.689941  3984.280029  3984.280029   10378474
2023-02-22 14:56:00-05:00  3984.260010  3985.969971  3982.449951  3985.459961  3985.459961    8119672
2023-02-22 14:58:00-05:00  3985.520020  3987.209961  3982.280029  3982.479980  3982.479980    8415067
2023-02-22 15:00:00-05:00  3982.469971  3984.909912  3981.840088  3983.639893  3983.639893    8989659
2023-02-22 15:02:00-05:00  3983.479980  3983.479980  3980.040039  3980.280029  3980.280029    8239769
2023-02-22 15:04:00-05:00  3980.320068  3985.169922  3980.320068  3982.239990  3982.239990   10122888
2023-02-22 15:06:00-05:00  3982.229980  3984.439941  3981.310059  3984.439941  3984.439941    7297925
2023-02-22 15:08:00-05:00  3984.439941  3984.500000  3982.080078  3984.060059  3984.060059    8059878
2023-02-22 15:10:00-05:00  3984.050049  3986.870117  3983.919922  3984.810059  3984.810059   10709898
2023-02-22 15:12:00-05:00  3984.820068  3985.300049  3981.139893  3982.550049  3982.550049    8638654
2023-02-22 15:14:00-05:00  3982.610107  3985.199951  3981.360107  3985.129883  3985.129883    9970700
2023-02-22 15:16:00-05:00  3985.080078  3987.639893  3985.080078  3986.429932  3986.429932    8926886
2023-02-22 15:18:00-05:00  3986.360107  3987.020020  3983.590088  3984.080078  3984.080078    9493546
2023-02-22 15:20:00-05:00  3984.149902  3985.979980  3983.070068  3983.219971  3983.219971    9546653
2023-02-22 15:22:00-05:00  3983.250000  3987.219971  3981.260010  3986.870117  3986.870117   11450013
2023-02-22 15:24:00-05:00  3986.939941  3990.070068  3986.919922  3988.870117  3988.870117   10764530
2023-02-22 15:26:00-05:00  3988.820068  3989.850098  3986.550049  3988.110107  3988.110107    9927098
2023-02-22 15:28:00-05:00  3988.100098  3988.169922  3982.580078  3982.669922  3982.669922    8709669
2023-02-22 15:30:00-05:00  3982.560059  3983.629883  3980.620117  3983.139893  3983.139893   13421352
2023-02-22 15:32:00-05:00  3983.149902  3986.250000  3983.149902  3984.419922  3984.419922   10982159
2023-02-22 15:34:00-05:00  3984.439941  3986.510010  3981.870117  3981.899902  3981.899902   11808712
2023-02-22 15:36:00-05:00  3981.889893  3982.050049  3980.229980  3980.350098  3980.350098   11287086
2023-02-22 15:38:00-05:00  3980.370117  3980.439941  3978.760010  3978.760010  3978.760010   12533220
2023-02-22 15:40:00-05:00  3978.939941  3981.479980  3978.590088  3981.479980  3981.479980   13940737
2023-02-22 15:42:00-05:00  3981.469971  3983.629883  3980.310059  3980.310059  3980.310059   15639088
2023-02-22 15:44:00-05:00  3980.360107  3982.250000  3978.899902  3979.310059  3979.310059   15959655
2023-02-22 15:46:00-05:00  3979.439941  3982.270020  3979.149902  3981.520020  3981.520020   14378024
2023-02-22 15:48:00-05:00  3981.479980  3984.060059  3980.929932  3982.010010  3982.010010   16958586
2023-02-22 15:50:00-05:00  3982.050049  3985.689941  3976.899902  3985.250000  3985.250000   31301402
2023-02-22 15:52:00-05:00  3985.060059  3985.979980  3983.060059  3985.169922  3985.169922   24219055
2023-02-22 15:54:00-05:00  3985.320068  3989.149902  3984.780029  3985.389893  3985.389893   36327291
2023-02-22 15:56:00-05:00  3985.239990  3987.639893  3983.840088  3986.979980  3986.979980   38245152
2023-02-22 15:58:00-05:00  3986.989990  3991.610107  3986.739990  3991.520020  3991.520020   55161425
2023-02-23 09:30:00-05:00  4018.600098  4022.320068  4018.600098  4020.790039  4020.790039   46350197
2023-02-23 09:32:00-05:00  4020.750000  4023.040039  4018.659912  4022.169922  4022.169922   21556372
2023-02-23 09:34:00-05:00  4022.209961  4022.790039  4018.159912  4019.030029  4019.030029   18673386
2023-02-23 09:36:00-05:00  4018.989990  4018.989990  4016.300049  4017.739990  4017.739990   15571711
2023-02-23 09:38:00-05:00  4017.770020  4017.909912  4015.949951  4016.709961  4016.709961   15310608
2023-02-23 09:40:00-05:00  4016.669922  4020.149902  4015.500000  4017.010010  4017.010010   15575425
2023-02-23 09:42:00-05:00  4017.229980  4018.439941  4014.949951  4016.399902  4016.399902   14736392
2023-02-23 09:44:00-05:00  4016.409912  4019.040039  4014.629883  4019.000000  4019.000000   14412063
2023-02-23 09:46:00-05:00  4018.939941  4025.179932  4018.939941  4024.080078  4024.080078   19876160
2023-02-23 09:48:00-05:00  4023.919922  4027.320068  4023.919922  4024.840088  4024.840088   15155668
2023-02-23 09:50:00-05:00  4024.879883  4026.510010  4023.669922  4025.629883  4025.629883   14832800
2023-02-23 09:52:00-05:00  4025.669922  4027.060059  4023.419922  4027.060059  4027.060059   12765225
2023-02-23 09:54:00-05:00  4026.979980  4028.300049  4026.679932  4027.320068  4027.320068   13991448
2023-02-23 09:56:00-05:00  4027.310059  4028.030029  4025.489990  4026.070068  4026.070068   13395699
2023-02-23 09:58:00-05:00  4025.770020  4027.820068  4023.610107  4024.520020  4024.520020   15428425
2023-02-23 10:00:00-05:00  4024.959961  4027.729980  4024.719971  4024.719971  4024.719971   13954062
2023-02-23 10:02:00-05:00  4024.449951  4024.449951  4019.919922  4020.479980  4020.479980   14373427
2023-02-23 10:04:00-05:00  4020.520020  4020.820068  4019.229980  4019.330078  4019.330078   13291278
2023-02-23 10:06:00-05:00  4019.360107  4019.429932  4012.429932  4012.429932  4012.429932   16229161
2023-02-23 10:08:00-05:00  4012.620117  4016.250000  4011.840088  4016.100098  4016.100098   13648322
2023-02-23 10:10:00-05:00  4016.149902  4016.439941  4011.699951  4012.860107  4012.860107   12641186
2023-02-23 10:12:00-05:00  4012.949951  4015.070068  4012.889893  4014.699951  4014.699951   10923207
2023-02-23 10:14:00-05:00  4014.639893  4017.679932  4014.510010  4017.310059  4017.310059   11252040
2023-02-23 10:16:00-05:00  4017.350098  4017.350098  4014.139893  4016.340088  4016.340088   11181288
2023-02-23 10:18:00-05:00  4016.370117  4017.489990  4014.020020  4014.110107  4014.110107   10258803
2023-02-23 10:20:00-05:00  4014.489990  4016.489990  4013.699951  4016.209961  4016.209961   11162028
2023-02-23 10:22:00-05:00  4016.169922  4016.330078  4014.409912  4016.030029  4016.030029    8961943
2023-02-23 10:24:00-05:00  4016.010010  4017.929932  4014.939941  4016.550049  4016.550049   10903888
2023-02-23 10:26:00-05:00  4016.389893  4018.080078  4015.409912  4017.159912  4017.159912    9508100
2023-02-23 10:28:00-05:00  4017.129883  4018.899902  4016.459961  4016.739990  4016.739990   10109393
2023-02-23 10:30:00-05:00  4016.719971  4017.340088  4008.600098  4009.840088  4009.840088   14243421
2023-02-23 10:32:00-05:00  4009.939941  4014.350098  4009.760010  4014.090088  4014.090088   10535365
2023-02-23 10:34:00-05:00  4014.239990  4018.510010  4014.239990  4017.500000  4017.500000   11140083
2023-02-23 10:36:00-05:00  4017.530029  4018.139893  4014.629883  4016.639893  4016.639893    9364762
2023-02-23 10:38:00-05:00  4016.669922  4017.320068  4015.010010  4015.280029  4015.280029    8514128
2023-02-23 10:40:00-05:00  4015.239990  4015.239990  4010.530029  4011.370117  4011.370117    9794336
2023-02-23 10:42:00-05:00  4011.560059  4011.560059  4009.550049  4009.820068  4009.820068    8454923
2023-02-23 10:44:00-05:00  4009.860107  4011.100098  4007.419922  4007.879883  4007.879883   10384018
2023-02-23 10:46:00-05:00  4007.879883  4008.149902  4001.229980  4001.419922  4001.419922   12172942
2023-02-23 10:48:00-05:00  4001.439941  4001.439941  3995.620117  3996.379883  3996.379883   13387269
2023-02-23 10:50:00-05:00  3996.449951  3997.429932  3995.169922  3997.310059  3997.310059   12588980
2023-02-23 10:52:00-05:00  3997.330078  3998.050049  3996.409912  3996.860107  3996.860107    9814903
2023-02-23 10:54:00-05:00  3996.870117  3998.229980  3996.070068  3996.860107  3996.860107   10204609
2023-02-23 10:56:00-05:00  3996.810059  3997.979980  3994.969971  3996.550049  3996.550049   10398771
2023-02-23 10:58:00-05:00  3996.459961  3998.040039  3996.439941  3997.449951  3997.449951    8673532
2023-02-23 11:00:00-05:00  3997.459961  4002.169922  3996.750000  4001.560059  4001.560059   11751002
2023-02-23 11:02:00-05:00  4001.540039  4002.199951  4000.199951  4000.840088  4000.840088    8567943
2023-02-23 11:04:00-05:00  4000.830078  4001.870117  3999.469971  3999.500000  3999.500000    7803143
2023-02-23 11:06:00-05:00  3999.489990  3999.489990  3994.439941  3997.129883  3997.129883   11176650
2023-02-23 11:08:00-05:00  3994.649902  3994.889893  3990.199951  3991.870117  3991.870117   13405981
2023-02-23 11:10:00-05:00  3991.870117  3995.620117  3991.870117  3994.899902  3994.899902    8780060
2023-02-23 11:12:00-05:00  3994.929932  3994.979980  3992.239990  3992.239990  3992.239990    7597990
2023-02-23 11:14:00-05:00  3992.239990  3992.929932  3990.780029  3991.070068  3991.070068    8346767
2023-02-23 11:16:00-05:00  3991.229980  3992.929932  3990.620117  3992.090088  3992.090088    8199380
2023-02-23 11:18:00-05:00  3992.179932  3992.219971  3989.419922  3989.870117  3989.870117    9824287
2023-02-23 11:20:00-05:00  3989.790039  3989.790039  3987.010010  3987.879883  3987.879883   10051516
2023-02-23 11:22:00-05:00  3987.860107  3987.860107  3985.560059  3987.120117  3987.120117    8134384
2023-02-23 11:24:00-05:00  3987.209961  3989.570068  3986.439941  3988.570068  3988.570068    7951191
2023-02-23 11:26:00-05:00  3988.570068  3988.570068  3985.350098  3986.040039  3986.040039   10043365
2023-02-23 11:28:00-05:00  3985.939941  3986.310059  3984.300049  3986.090088  3986.090088    7710116
2023-02-23 11:30:00-05:00  3986.080078  3987.250000  3985.199951  3987.080078  3987.080078    7274456
2023-02-23 11:32:00-05:00  3987.189941  3987.639893  3984.929932  3986.419922  3986.419922    7996676
2023-02-23 11:34:00-05:00  3986.439941  3987.760010  3986.149902  3986.669922  3986.669922    7671247
2023-02-23 11:36:00-05:00  3986.419922  3988.159912  3984.979980  3986.260010  3986.260010    8279113
2023-02-23 11:38:00-05:00  3986.080078  3986.189941  3982.780029  3983.209961  3983.209961    7698760
2023-02-23 11:40:00-05:00  3983.219971  3983.459961  3979.929932  3980.330078  3980.330078    8011737
2023-02-23 11:42:00-05:00  3980.300049  3980.350098  3974.790039  3975.090088  3975.090088   12326292
2023-02-23 11:44:00-05:00  3975.139893  3978.370117  3975.139893  3977.520020  3977.520020   10063409
2023-02-23 11:46:00-05:00  3977.500000  3978.750000  3977.100098  3978.560059  3978.560059    7639943
2023-02-23 11:48:00-05:00  3978.540039  3980.250000  3976.770020  3976.899902  3976.899902    9555418
2023-02-23 11:50:00-05:00  3976.919922  3977.209961  3974.760010  3975.040039  3975.040039    8312117
2023-02-23 11:52:00-05:00  3975.050049  3975.810059  3973.129883  3973.810059  3973.810059    9581637
2023-02-23 11:54:00-05:00  3973.830078  3974.060059  3971.290039  3971.300049  3971.300049    8542650
2023-02-23 11:56:00-05:00  3971.340088  3973.050049  3971.340088  3971.580078  3971.580078    7648032
2023-02-23 11:58:00-05:00  3971.610107  3972.870117  3970.449951  3970.649902  3970.649902    7920344
2023-02-23 12:00:00-05:00  3970.770020  3971.570068  3969.830078  3969.939941  3969.939941    8427351
2023-02-23 12:02:00-05:00  3969.899902  3972.459961  3969.899902  3972.399902  3972.399902    8962304
2023-02-23 12:04:00-05:00  3972.459961  3974.000000  3971.719971  3973.879883  3973.879883    8073593
2023-02-23 12:06:00-05:00  3973.820068  3973.820068  3971.649902  3971.649902  3971.649902    7749880
2023-02-23 12:08:00-05:00  3971.770020  3973.030029  3971.770020  3972.510010  3972.510010    5965173
2023-02-23 12:10:00-05:00  3972.520020  3972.520020  3970.719971  3970.889893  3970.889893    7229922
2023-02-23 12:12:00-05:00  3970.959961  3971.729980  3969.189941  3971.669922  3971.669922    6289061
2023-02-23 12:14:00-05:00  3971.659912  3974.889893  3971.459961  3974.879883  3974.879883    7534906
2023-02-23 12:16:00-05:00  3974.879883  3977.550049  3974.810059  3976.169922  3976.169922    9477462
2023-02-23 12:18:00-05:00  3976.159912  3976.250000  3973.639893  3974.689941  3974.689941    6432673
2023-02-23 12:20:00-05:00  3974.709961  3974.719971  3969.959961  3970.280029  3970.280029    7314633
2023-02-23 12:22:00-05:00  3970.399902  3974.909912  3970.179932  3974.760010  3974.760010    6801881
2023-02-23 12:24:00-05:00  3974.689941  3976.209961  3974.449951  3975.270020  3975.270020    6375295
2023-02-23 12:26:00-05:00  3975.300049  3975.879883  3974.310059  3975.719971  3975.719971    7698005
2023-02-23 12:28:00-05:00  3975.709961  3975.709961  3973.909912  3974.780029  3974.780029    6842044
2023-02-23 12:30:00-05:00  3974.800049  3974.939941  3972.739990  3974.219971  3974.219971    6623078
2023-02-23 12:32:00-05:00  3974.300049  3977.570068  3974.250000  3977.540039  3977.540039    5954308
2023-02-23 12:34:00-05:00  3977.580078  3979.070068  3977.500000  3978.979980  3978.979980    7052784
2023-02-23 12:36:00-05:00  3979.030029  3980.729980  3979.030029  3980.360107  3980.360107    7746842
2023-02-23 12:38:00-05:00  3980.419922  3980.419922  3977.270020  3977.669922  3977.669922    7192601
2023-02-23 12:40:00-05:00  3977.659912  3978.729980  3975.810059  3976.129883  3976.129883    7945237
2023-02-23 12:42:00-05:00  3976.149902  3979.080078  3975.419922  3979.080078  3979.080078    6801202
2023-02-23 12:44:00-05:00  3979.139893  3980.530029  3979.139893  3980.439941  3980.439941    6683930
2023-02-23 12:46:00-05:00  3980.449951  3980.770020  3979.570068  3979.570068  3979.570068    5894103
2023-02-23 12:48:00-05:00  3979.520020  3979.620117  3977.250000  3978.770020  3978.770020    5535404
2023-02-23 12:50:00-05:00  3978.739990  3980.429932  3978.709961  3980.429932  3980.429932    6345204
2023-02-23 12:52:00-05:00  3980.399902  3980.750000  3979.820068  3979.860107  3979.860107    4843005
2023-02-23 12:54:00-05:00  3979.840088  3979.909912  3978.070068  3979.189941  3979.189941    5177672
2023-02-23 12:56:00-05:00  3979.179932  3982.050049  3979.179932  3982.050049  3982.050049    6368000
2023-02-23 12:58:00-05:00  3982.129883  3982.290039  3980.489990  3981.790039  3981.790039    7063929
2023-02-23 13:00:00-05:00  3981.850098  3985.860107  3980.520020  3980.679932  3980.679932   15887241
2023-02-23 13:02:00-05:00  3980.850098  3980.850098  3978.540039  3980.050049  3980.050049    6521984
2023-02-23 13:04:00-05:00  3979.979980  3980.649902  3977.879883  3977.879883  3977.879883    5898010
2023-02-23 13:06:00-05:00  3977.879883  3979.889893  3977.780029  3979.300049  3979.300049    5237078
2023-02-23 13:08:00-05:00  3979.260010  3979.810059  3978.590088  3978.699951  3978.699951    5304281
2023-02-23 13:10:00-05:00  3978.709961  3979.929932  3977.909912  3979.610107  3979.610107    5763643
2023-02-23 13:12:00-05:00  3979.639893  3979.669922  3977.919922  3978.000000  3978.000000    5936754
2023-02-23 13:14:00-05:00  3978.000000  3979.360107  3977.919922  3978.719971  3978.719971    6174587
2023-02-23 13:16:00-05:00  3978.649902  3978.649902  3976.840088  3978.199951  3978.199951    6541131
2023-02-23 13:18:00-05:00  3978.149902  3981.459961  3978.129883  3981.459961  3981.459961    6241918
2023-02-23 13:20:00-05:00  3981.479980  3981.770020  3980.070068  3981.739990  3981.739990    6120080
2023-02-23 13:22:00-05:00  3981.729980  3982.280029  3980.979980  3982.250000  3982.250000    5553393
2023-02-23 13:24:00-05:00  3982.300049  3982.330078  3979.889893  3979.899902  3979.899902    6027684
2023-02-23 13:26:00-05:00  3979.879883  3981.129883  3979.320068  3981.030029  3981.030029    5306701
2023-02-23 13:28:00-05:00  3981.060059  3982.840088  3981.060059  3982.500000  3982.500000    5574786
2023-02-23 13:30:00-05:00  3982.570068  3982.699951  3979.409912  3979.840088  3979.840088    5540477
2023-02-23 13:32:00-05:00  3979.840088  3981.909912  3979.699951  3981.870117  3981.870117    4824346
2023-02-23 13:34:00-05:00  3981.889893  3982.409912  3980.949951  3981.030029  3981.030029    5965318
2023-02-23 13:36:00-05:00  3981.030029  3981.179932  3980.379883  3980.399902  3980.399902    5005378
2023-02-23 13:38:00-05:00  3980.409912  3983.340088  3980.409912  3983.120117  3983.120117    5992474
2023-02-23 13:40:00-05:00  3983.139893  3986.719971  3983.110107  3986.719971  3986.719971    8092391
2023-02-23 13:42:00-05:00  3986.689941  3988.120117  3983.800049  3983.800049  3983.800049   10431870
2023-02-23 13:44:00-05:00  3983.610107  3985.429932  3983.090088  3983.479980  3983.479980    6709003
2023-02-23 13:46:00-05:00  3983.370117  3985.030029  3983.370117  3984.989990  3984.989990    5767905
2023-02-23 13:48:00-05:00  3985.080078  3989.399902  3985.080078  3989.290039  3989.290039    7866296
2023-02-23 13:50:00-05:00  3989.320068  3989.610107  3988.909912  3989.169922  3989.169922    6854947
2023-02-23 13:52:00-05:00  3989.199951  3990.090088  3988.260010  3988.260010  3988.260010    6642630
2023-02-23 13:54:00-05:00  3988.179932  3988.300049  3987.090088  3987.310059  3987.310059    5327012
2023-02-23 13:56:00-05:00  3987.300049  3988.219971  3985.899902  3988.219971  3988.219971    6807185
2023-02-23 13:58:00-05:00  3988.169922  3989.350098  3988.129883  3988.350098  3988.350098    5996258
2023-02-23 14:00:00-05:00  3988.330078  3988.939941  3985.750000  3988.320068  3988.320068    7142855
2023-02-23 14:02:00-05:00  3988.340088  3989.750000  3987.659912  3988.189941  3988.189941    6880833
2023-02-23 14:04:00-05:00  3988.189941  3990.149902  3987.800049  3990.120117  3990.120117    6264516
2023-02-23 14:06:00-05:00  3990.120117  3991.139893  3989.419922  3990.810059  3990.810059    6551659
2023-02-23 14:08:00-05:00  3990.820068  3991.800049  3990.669922  3990.810059  3990.810059    7733916
2023-02-23 14:10:00-05:00  3990.870117  3992.090088  3989.679932  3992.090088  3992.090088    7656921
2023-02-23 14:12:00-05:00  3992.090088  3993.850098  3991.629883  3992.899902  3992.899902    8670215
2023-02-23 14:14:00-05:00  3992.919922  4000.929932  3992.919922  3999.750000  3999.750000   13121345
2023-02-23 14:16:00-05:00  3999.739990  4002.879883  3999.739990  4002.310059  4002.310059   11096592
2023-02-23 14:18:00-05:00  4002.229980  4003.830078  4001.810059  4002.870117  4002.870117    7735181
2023-02-23 14:20:00-05:00  4002.850098  4005.050049  4002.780029  4005.010010  4005.010010    9720653
2023-02-23 14:22:00-05:00  4005.000000  4005.020020  4002.459961  4002.689941  4002.689941    7327618
2023-02-23 14:24:00-05:00  4002.790039  4006.129883  4002.790039  4005.800049  4005.800049    8255489
2023-02-23 14:26:00-05:00  4005.760010  4006.139893  4003.530029  4003.590088  4003.590088    7297102
2023-02-23 14:28:00-05:00  4003.590088  4005.340088  4003.590088  4004.979980  4004.979980    6357234
2023-02-23 14:30:00-05:00  4005.030029  4008.639893  4005.030029  4008.469971  4008.469971    7621467
2023-02-23 14:32:00-05:00  4008.479980  4011.030029  4008.479980  4010.060059  4010.060059    9448909
2023-02-23 14:34:00-05:00  4010.090088  4012.050049  4010.090088  4012.030029  4012.030029    8271313
2023-02-23 14:36:00-05:00  4012.000000  4012.159912  4010.709961  4011.479980  4011.479980    6969806
2023-02-23 14:38:00-05:00  4011.610107  4011.810059  4009.449951  4010.350098  4010.350098    7346565
2023-02-23 14:40:00-05:00  4010.389893  4011.540039  4009.120117  4009.530029  4009.530029    6744691
2023-02-23 14:42:00-05:00  4009.540039  4009.689941  4008.159912  4009.510010  4009.510010    7391015
2023-02-23 14:44:00-05:00  4009.510010  4010.979980  4009.340088  4010.649902  4010.649902    6819370
2023-02-23 14:46:00-05:00  4010.659912  4011.629883  4008.169922  4008.860107  4008.860107    7399942
2023-02-23 14:48:00-05:00  4008.919922  4010.669922  4008.919922  4010.479980  4010.479980    6997770
2023-02-23 14:50:00-05:00  4010.479980  4010.810059  4007.379883  4007.580078  4007.580078    6547053
2023-02-23 14:52:00-05:00  4007.570068  4010.239990  4007.520020  4010.120117  4010.120117    6846682
2023-02-23 14:54:00-05:00  4010.129883  4010.270020  4006.969971  4007.229980  4007.229980    9510418
2023-02-23 14:56:00-05:00  4007.239990  4007.889893  4005.929932  4006.770020  4006.770020    7504968
2023-02-23 14:58:00-05:00  4006.750000  4008.340088  4006.750000  4007.449951  4007.449951    7051989
2023-02-23 15:00:00-05:00  4007.520020  4012.350098  4007.520020  4012.120117  4012.120117    9413294
2023-02-23 15:02:00-05:00  4012.129883  4012.899902  4011.659912  4011.909912  4011.909912    7673700
2023-02-23 15:04:00-05:00  4011.959961  4015.050049  4011.959961  4014.629883  4014.629883    7848267
2023-02-23 15:06:00-05:00  4014.639893  4015.830078  4014.639893  4015.580078  4015.580078    8633414
2023-02-23 15:08:00-05:00  4015.570068  4015.669922  4012.040039  4012.070068  4012.070068    9116954
2023-02-23 15:10:00-05:00  4012.330078  4015.439941  4012.070068  4014.750000  4014.750000    9337928
2023-02-23 15:12:00-05:00  4014.790039  4016.010010  4014.010010  4015.879883  4015.879883    8526417
2023-02-23 15:14:00-05:00  4015.929932  4017.090088  4015.899902  4016.570068  4016.570068    8127808
2023-02-23 15:16:00-05:00  4016.570068  4017.260010  4015.739990  4016.669922  4016.669922    8655553
2023-02-23 15:18:00-05:00  4016.610107  4016.820068  4014.040039  4014.300049  4014.300049   10156925
2023-02-23 15:20:00-05:00  4014.199951  4014.199951  4012.149902  4013.570068  4013.570068    9198442
2023-02-23 15:22:00-05:00  4013.620117  4016.530029  4013.620117  4016.469971  4016.469971    9917457
2023-02-23 15:24:00-05:00  4016.500000  4017.080078  4015.090088  4015.489990  4015.489990    9395816
2023-02-23 15:26:00-05:00  4015.439941  4018.909912  4015.270020  4018.810059  4018.810059    9897574
2023-02-23 15:28:00-05:00  4018.850098  4020.500000  4018.850098  4020.260010  4020.260010   11669762
2023-02-23 15:30:00-05:00  4020.229980  4020.489990  4018.620117  4019.989990  4019.989990   11640909
2023-02-23 15:32:00-05:00  4019.969971  4021.969971  4019.530029  4019.530029  4019.530029   13607083
2023-02-23 15:34:00-05:00  4019.489990  4020.810059  4017.540039  4019.040039  4019.040039   13574607
2023-02-23 15:36:00-05:00  4019.169922  4020.129883  4017.919922  4018.919922  4018.919922   11785852
2023-02-23 15:38:00-05:00  4018.860107  4020.199951  4018.600098  4018.879883  4018.879883   11745659
2023-02-23 15:40:00-05:00  4018.939941  4020.379883  4018.260010  4018.290039  4018.290039   12871783
2023-02-23 15:42:00-05:00  4018.199951  4019.770020  4017.590088  4018.550049  4018.550049   14549889
2023-02-23 15:44:00-05:00  4018.520020  4019.290039  4015.510010  4015.510010  4015.510010   16823564
2023-02-23 15:46:00-05:00  4015.550049  4016.830078  4014.080078  4015.810059  4015.810059   18024316
2023-02-23 15:48:00-05:00  4016.030029  4016.929932  4014.659912  4015.530029  4015.530029   17542901
2023-02-23 15:50:00-05:00  4015.389893  4016.679932  4011.840088  4013.110107  4013.110107   29350999
2023-02-23 15:52:00-05:00  4012.989990  4013.949951  4011.520020  4012.479980  4012.479980   25130954
2023-02-23 15:54:00-05:00  4012.540039  4012.830078  4010.300049  4011.060059  4011.060059   32650099
2023-02-23 15:56:00-05:00  4011.179932  4014.510010  4011.020020  4013.209961  4013.209961   41134217
2023-02-23 15:58:00-05:00  4013.330078  4015.090088  4012.139893  4012.139893  4012.139893   53653719
2023-02-24 09:30:00-05:00  3973.239990  3973.239990  3958.469971  3959.310059  3959.310059   44670645
2023-02-24 09:32:00-05:00  3959.159912  3963.790039  3959.060059  3963.639893  3963.639893   15484879
2023-02-24 09:34:00-05:00  3963.790039  3964.760010  3962.459961  3963.570068  3963.570068   14126445
2023-02-24 09:36:00-05:00  3963.500000  3965.669922  3960.500000  3965.370117  3965.370117   14372101
2023-02-24 09:38:00-05:00  3965.360107  3969.320068  3964.929932  3968.909912  3968.909912   13792192
2023-02-24 09:40:00-05:00  3968.820068  3969.939941  3962.229980  3963.739990  3963.739990   15517086
2023-02-24 09:42:00-05:00  3963.659912  3963.659912  3958.570068  3958.570068  3958.570068   14453870
2023-02-24 09:44:00-05:00  3958.830078  3958.830078  3951.290039  3952.770020  3952.770020   16432687
2023-02-24 09:46:00-05:00  3952.850098  3952.850098  3948.290039  3950.570068  3950.570068   15475565
2023-02-24 09:48:00-05:00  3950.560059  3953.389893  3949.989990  3950.760010  3950.760010   16431137
2023-02-24 09:50:00-05:00  3950.649902  3951.949951  3949.050049  3950.550049  3950.550049   13594460
2023-02-24 09:52:00-05:00  3950.520020  3952.520020  3948.870117  3952.520020  3952.520020   13024487
2023-02-24 09:54:00-05:00  3952.639893  3953.310059  3951.429932  3952.510010  3952.510010   10937919
2023-02-24 09:56:00-05:00  3952.610107  3955.580078  3952.610107  3953.239990  3953.239990   12848676
2023-02-24 09:58:00-05:00  3953.169922  3953.169922  3949.159912  3951.239990  3951.239990   10151594
2023-02-24 10:00:00-05:00  3951.010010  3953.580078  3949.090088  3949.989990  3949.989990   13207392
2023-02-24 10:02:00-05:00  3949.949951  3957.040039  3947.860107  3956.360107  3956.360107   13965928
2023-02-24 10:04:00-05:00  3956.540039  3959.520020  3954.600098  3958.600098  3958.600098   12725515
2023-02-24 10:06:00-05:00  3958.590088  3959.520020  3952.909912  3952.919922  3952.919922   12330192
2023-02-24 10:08:00-05:00  3952.899902  3955.229980  3951.560059  3953.459961  3953.459961   11903599
2023-02-24 10:10:00-05:00  3953.520020  3953.909912  3951.149902  3953.100098  3953.100098   10836541
2023-02-24 10:12:00-05:00  3953.189941  3953.909912  3949.280029  3949.320068  3949.320068   11117553
2023-02-24 10:14:00-05:00  3949.459961  3950.199951  3946.780029  3946.780029  3946.780029   12923891
2023-02-24 10:16:00-05:00  3946.870117  3946.969971  3944.949951  3945.780029  3945.780029   10677574
2023-02-24 10:18:00-05:00  3945.879883  3950.439941  3945.239990  3947.669922  3947.669922   11897217
2023-02-24 10:20:00-05:00  3947.810059  3949.179932  3945.870117  3949.179932  3949.179932   10835714
2023-02-24 10:22:00-05:00  3949.139893  3949.489990  3945.959961  3948.010010  3948.010010    8614910
2023-02-24 10:24:00-05:00  3947.979980  3948.100098  3945.379883  3946.129883  3946.129883   10239374
2023-02-24 10:26:00-05:00  3946.179932  3950.030029  3946.179932  3948.100098  3948.100098   10750204
2023-02-24 10:28:00-05:00  3948.149902  3948.929932  3946.709961  3948.909912  3948.909912    8879891
2023-02-24 10:30:00-05:00  3948.919922  3949.100098  3945.850098  3946.860107  3946.860107   10263726
2023-02-24 10:32:00-05:00  3946.929932  3948.199951  3944.739990  3948.129883  3948.129883   10195229
2023-02-24 10:34:00-05:00  3948.120117  3950.669922  3947.600098  3949.719971  3949.719971   10428258
2023-02-24 10:36:00-05:00  3949.709961  3951.229980  3946.489990  3947.070068  3947.070068    9484604
2023-02-24 10:38:00-05:00  3947.239990  3948.919922  3946.330078  3947.239990  3947.239990    8788557
2023-02-24 10:40:00-05:00  3947.229980  3947.229980  3944.520020  3945.110107  3945.110107    8960923
2023-02-24 10:42:00-05:00  3945.169922  3948.090088  3944.350098  3948.090088  3948.090088    8410052
2023-02-24 10:44:00-05:00  3948.169922  3952.100098  3947.919922  3950.209961  3950.209961   10444579
2023-02-24 10:46:00-05:00  3950.189941  3953.139893  3949.889893  3953.139893  3953.139893    9361974
2023-02-24 10:48:00-05:00  3953.090088  3953.090088  3947.489990  3947.520020  3947.520020    9176153
2023-02-24 10:50:00-05:00  3947.370117  3947.649902  3944.729980  3945.840088  3945.840088    9357805
2023-02-24 10:52:00-05:00  3945.840088  3945.939941  3944.100098  3945.919922  3945.919922    8692117
2023-02-24 10:54:00-05:00  3945.929932  3946.320068  3943.790039  3943.850098  3943.850098    8780852
2023-02-24 10:56:00-05:00  3943.870117  3946.229980  3943.080078  3944.280029  3944.280029   10243628
2023-02-24 10:58:00-05:00  3944.110107  3947.149902  3943.909912  3946.959961  3946.959961    7857907
2023-02-24 11:00:00-05:00  3947.030029  3948.780029  3946.570068  3946.719971  3946.719971    8142026
2023-02-24 11:02:00-05:00  3946.860107  3948.909912  3946.540039  3948.709961  3948.709961    7946393
2023-02-24 11:04:00-05:00  3948.679932  3948.979980  3946.219971  3948.179932  3948.179932    7930471
2023-02-24 11:06:00-05:00  3948.239990  3951.899902  3948.100098  3951.750000  3951.750000    7235429
2023-02-24 11:08:00-05:00  3951.750000  3952.729980  3951.750000  3952.129883  3952.129883    7504574
2023-02-24 11:10:00-05:00  3952.159912  3954.300049  3951.929932  3953.280029  3953.280029    8713755
2023-02-24 11:12:00-05:00  3953.290039  3954.760010  3953.280029  3953.790039  3953.790039    8441154
2023-02-24 11:14:00-05:00  3953.770020  3955.399902  3951.919922  3955.399902  3955.399902    9494727
2023-02-24 11:16:00-05:00  3955.399902  3956.919922  3955.179932  3956.919922  3956.919922    7519099
2023-02-24 11:18:00-05:00  3956.919922  3957.060059  3953.850098  3954.679932  3954.679932    7942906
2023-02-24 11:20:00-05:00  3954.689941  3955.729980  3952.550049  3952.550049  3952.550049    8587155
2023-02-24 11:22:00-05:00  3952.689941  3957.360107  3952.520020  3956.290039  3956.290039    7620250
2023-02-24 11:24:00-05:00  3956.370117  3957.550049  3954.979980  3957.520020  3957.520020    7257822
2023-02-24 11:26:00-05:00  3957.469971  3961.949951  3956.639893  3960.709961  3960.709961    9766984
2023-02-24 11:28:00-05:00  3960.760010  3962.090088  3959.770020  3959.770020  3959.770020    9853380
2023-02-24 11:30:00-05:00  3959.840088  3960.729980  3957.439941  3958.219971  3958.219971    9534123
2023-02-24 11:32:00-05:00  3958.199951  3963.340088  3957.889893  3960.790039  3960.790039    9313826
2023-02-24 11:34:00-05:00  3960.729980  3960.969971  3958.699951  3960.659912  3960.659912    9089265
2023-02-24 11:36:00-05:00  3960.719971  3960.719971  3957.479980  3957.560059  3957.560059    6754394
2023-02-24 11:38:00-05:00  3957.510010  3957.639893  3956.780029  3957.020020  3957.020020    7480975
2023-02-24 11:40:00-05:00  3956.979980  3962.379883  3956.719971  3962.260010  3962.260010    8057258
2023-02-24 11:42:00-05:00  3962.250000  3965.449951  3962.250000  3964.280029  3964.280029    8282732
2023-02-24 11:44:00-05:00  3964.209961  3965.870117  3963.370117  3965.649902  3965.649902    8297796
2023-02-24 11:46:00-05:00  3965.649902  3968.669922  3965.649902  3966.760010  3966.760010    9546989
2023-02-24 11:48:00-05:00  3966.760010  3967.270020  3964.260010  3967.270020  3967.270020    9421031
2023-02-24 11:50:00-05:00  3967.290039  3972.290039  3967.290039  3971.370117  3971.370117   10201337
2023-02-24 11:52:00-05:00  3971.370117  3971.600098  3969.360107  3969.620117  3969.620117    7728464
2023-02-24 11:54:00-05:00  3969.699951  3969.760010  3966.389893  3968.060059  3968.060059    8388916
2023-02-24 11:56:00-05:00  3968.040039  3968.050049  3965.409912  3966.389893  3966.389893    7033927
2023-02-24 11:58:00-05:00  3966.429932  3967.929932  3963.770020  3964.870117  3964.870117    9259365
2023-02-24 12:00:00-05:00  3964.919922  3966.889893  3964.729980  3965.949951  3965.949951    6620889
2023-02-24 12:02:00-05:00  3965.949951  3966.060059  3963.020020  3963.520020  3963.520020    5978583
2023-02-24 12:04:00-05:00  3963.679932  3964.159912  3961.010010  3961.239990  3961.239990    7191701
2023-02-24 12:06:00-05:00  3961.290039  3962.699951  3960.889893  3961.129883  3961.129883    7075466
2023-02-24 12:08:00-05:00  3961.169922  3962.110107  3960.169922  3962.070068  3962.070068    7093492
2023-02-24 12:10:00-05:00  3962.090088  3963.510010  3961.560059  3963.479980  3963.479980    6355591
2023-02-24 12:12:00-05:00  3963.320068  3963.320068  3961.719971  3962.709961  3962.709961    5131480
2023-02-24 12:14:00-05:00  3962.699951  3964.530029  3962.699951  3964.280029  3964.280029    7378143
2023-02-24 12:16:00-05:00  3964.340088  3964.580078  3961.139893  3961.179932  3961.179932    7173322
2023-02-24 12:18:00-05:00  3961.209961  3961.209961  3959.399902  3960.580078  3960.580078    6510692
2023-02-24 12:20:00-05:00  3960.530029  3961.379883  3959.639893  3960.659912  3960.659912    6551717
2023-02-24 12:22:00-05:00  3960.699951  3962.090088  3960.459961  3962.090088  3962.090088    5697317
2023-02-24 12:24:00-05:00  3962.110107  3963.260010  3960.020020  3960.320068  3960.320068    6871001
2023-02-24 12:26:00-05:00  3960.360107  3960.389893  3958.929932  3959.239990  3959.239990    6280704
2023-02-24 12:28:00-05:00  3959.199951  3962.760010  3959.050049  3961.620117  3961.620117    7098173
2023-02-24 12:30:00-05:00  3961.629883  3963.340088  3960.919922  3962.760010  3962.760010    6648598
2023-02-24 12:32:00-05:00  3962.649902  3964.830078  3961.389893  3961.500000  3961.500000    6281596
2023-02-24 12:34:00-05:00  3961.570068  3961.570068  3959.820068  3960.320068  3960.320068    6223601
2023-02-24 12:36:00-05:00  3960.270020  3960.969971  3959.459961  3960.129883  3960.129883    5394415
2023-02-24 12:38:00-05:00  3960.159912  3960.159912  3958.159912  3958.280029  3958.280029    5535811
2023-02-24 12:40:00-05:00  3958.300049  3958.659912  3957.199951  3957.699951  3957.699951    6451908
2023-02-24 12:42:00-05:00  3957.719971  3958.070068  3956.439941  3956.590088  3956.590088    4852042
2023-02-24 12:44:00-05:00  3956.550049  3956.550049  3955.550049  3955.649902  3955.649902    6678575
2023-02-24 12:46:00-05:00  3955.719971  3955.719971  3953.340088  3953.989990  3953.989990    7767773
2023-02-24 12:48:00-05:00  3953.929932  3954.639893  3953.360107  3953.639893  3953.639893    5872126
2023-02-24 12:50:00-05:00  3953.620117  3954.209961  3952.699951  3954.139893  3954.139893    5613639
2023-02-24 12:52:00-05:00  3954.179932  3954.590088  3953.020020  3953.290039  3953.290039    5464687
2023-02-24 12:54:00-05:00  3953.239990  3953.979980  3952.080078  3952.209961  3952.209961    4915540
2023-02-24 12:56:00-05:00  3952.290039  3953.570068  3952.290039  3952.669922  3952.669922    5473913
2023-02-24 12:58:00-05:00  3952.469971  3953.040039  3952.080078  3952.580078  3952.580078    4803398
2023-02-24 13:00:00-05:00  3952.629883  3954.250000  3951.379883  3954.250000  3954.250000    6745613
2023-02-24 13:02:00-05:00  3954.229980  3954.610107  3952.260010  3953.050049  3953.050049    5940786
2023-02-24 13:04:00-05:00  3953.070068  3953.790039  3951.699951  3952.929932  3952.929932    6214863
2023-02-24 13:06:00-05:00  3952.959961  3952.959961  3951.090088  3951.679932  3951.679932    5562882
2023-02-24 13:08:00-05:00  3951.590088  3951.909912  3949.500000  3949.709961  3949.709961    6594090
2023-02-24 13:10:00-05:00  3949.889893  3950.830078  3949.340088  3950.530029  3950.530029    5745039
2023-02-24 13:12:00-05:00  3950.500000  3951.040039  3949.659912  3950.560059  3950.560059    6281989
2023-02-24 13:14:00-05:00  3950.570068  3952.050049  3949.989990  3951.570068  3951.570068    6067337
2023-02-24 13:16:00-05:00  3951.560059  3952.060059  3950.520020  3950.959961  3950.959961    7126809
2023-02-24 13:18:00-05:00  3950.969971  3953.090088  3950.429932  3953.090088  3953.090088    5725642
2023-02-24 13:20:00-05:00  3953.060059  3955.909912  3952.909912  3955.750000  3955.750000    6285589
2023-02-24 13:22:00-05:00  3955.810059  3957.989990  3955.810059  3957.479980  3957.479980    5586797
2023-02-24 13:24:00-05:00  3957.489990  3958.209961  3956.729980  3956.790039  3956.790039    5332786
2023-02-24 13:26:00-05:00  3956.800049  3958.919922  3956.800049  3958.919922  3958.919922    4850937
2023-02-24 13:28:00-05:00  3959.020020  3959.030029  3957.449951  3957.489990  3957.489990    5038427
2023-02-24 13:30:00-05:00  3957.469971  3957.469971  3953.899902  3954.459961  3954.459961    6856064
2023-02-24 13:32:00-05:00  3954.459961  3954.459961  3951.629883  3954.189941  3954.189941    6510595
2023-02-24 13:34:00-05:00  3954.169922  3956.409912  3953.729980  3955.639893  3955.639893    6309686
2023-02-24 13:36:00-05:00  3955.679932  3957.010010  3955.209961  3955.209961  3955.209961    5589750
2023-02-24 13:38:00-05:00  3955.280029  3956.969971  3955.020020  3956.969971  3956.969971    5275694
2023-02-24 13:40:00-05:00  3957.060059  3959.510010  3957.060059  3959.030029  3959.030029    6712415
2023-02-24 13:42:00-05:00  3959.010010  3959.310059  3957.310059  3958.790039  3958.790039    6143145
2023-02-24 13:44:00-05:00  3958.810059  3959.739990  3958.739990  3959.229980  3959.229980    5271947
2023-02-24 13:46:00-05:00  3959.239990  3962.139893  3958.979980  3962.090088  3962.090088    6405869
2023-02-24 13:48:00-05:00  3962.100098  3962.250000  3960.060059  3960.820068  3960.820068    6179276
2023-02-24 13:50:00-05:00  3960.820068  3962.110107  3960.610107  3961.739990  3961.739990    6654250
2023-02-24 13:52:00-05:00  3961.729980  3963.159912  3961.729980  3962.989990  3962.989990    4944625
2023-02-24 13:54:00-05:00  3962.979980  3964.360107  3962.719971  3964.020020  3964.020020    7356548
2023-02-24 13:56:00-05:00  3964.050049  3964.050049  3961.949951  3962.429932  3962.429932    6524977
2023-02-24 13:58:00-05:00  3962.449951  3962.510010  3960.810059  3961.739990  3961.739990    5463227
2023-02-24 14:00:00-05:00  3961.770020  3962.419922  3960.949951  3961.159912  3961.159912    5464966
2023-02-24 14:02:00-05:00  3961.169922  3964.929932  3961.139893  3964.689941  3964.689941    6751517
2023-02-24 14:04:00-05:00  3964.760010  3964.989990  3962.979980  3963.540039  3963.540039    5676391
2023-02-24 14:06:00-05:00  3963.590088  3965.540039  3963.590088  3964.770020  3964.770020    6106492
2023-02-24 14:08:00-05:00  3964.729980  3964.780029  3963.989990  3964.780029  3964.780029    5138111
2023-02-24 14:10:00-05:00  3964.830078  3964.860107  3962.110107  3962.179932  3962.179932    6939627
2023-02-24 14:12:00-05:00  3962.189941  3962.209961  3960.320068  3961.830078  3961.830078    7672702
2023-02-24 14:14:00-05:00  3961.850098  3964.860107  3961.820068  3964.830078  3964.830078    5366834
2023-02-24 14:16:00-05:00  3964.830078  3966.080078  3964.689941  3965.360107  3965.360107    6326078
2023-02-24 14:18:00-05:00  3965.370117  3966.760010  3965.370117  3966.510010  3966.510010    5271437
2023-02-24 14:20:00-05:00  3966.510010  3966.570068  3964.750000  3965.969971  3965.969971    5894109
2023-02-24 14:22:00-05:00  3965.909912  3967.459961  3963.389893  3964.000000  3964.000000   10977061
2023-02-24 14:24:00-05:00  3963.979980  3966.100098  3963.469971  3965.969971  3965.969971    5700695
2023-02-24 14:26:00-05:00  3965.979980  3966.830078  3965.209961  3965.209961  3965.209961    5873576
2023-02-24 14:28:00-05:00  3965.310059  3965.409912  3963.719971  3963.979980  3963.979980    5542449
2023-02-24 14:30:00-05:00  3964.020020  3964.500000  3960.570068  3962.229980  3962.229980    7463509
2023-02-24 14:32:00-05:00  3962.239990  3964.070068  3962.239990  3963.129883  3963.129883    5351166
2023-02-24 14:34:00-05:00  3963.139893  3963.350098  3960.889893  3961.239990  3961.239990    6171096
2023-02-24 14:36:00-05:00  3961.280029  3962.399902  3960.739990  3962.399902  3962.399902    5422737
2023-02-24 14:38:00-05:00  3962.360107  3962.729980  3961.159912  3962.399902  3962.399902    5346726
2023-02-24 14:40:00-05:00  3962.389893  3962.479980  3960.050049  3960.709961  3960.709961    5949113
2023-02-24 14:42:00-05:00  3960.699951  3960.830078  3958.080078  3958.080078  3958.080078    6978060
2023-02-24 14:44:00-05:00  3957.719971  3961.270020  3957.719971  3961.229980  3961.229980    6766843
2023-02-24 14:46:00-05:00  3961.209961  3965.139893  3961.199951  3964.899902  3964.899902    7942706
2023-02-24 14:48:00-05:00  3964.929932  3967.360107  3964.659912  3966.929932  3966.929932    7153134
2023-02-24 14:50:00-05:00  3966.929932  3969.709961  3966.870117  3969.010010  3969.010010    8518332
2023-02-24 14:52:00-05:00  3969.010010  3970.639893  3968.959961  3969.689941  3969.689941    7484714
2023-02-24 14:54:00-05:00  3969.679932  3970.760010  3969.020020  3969.770020  3969.770020    7519322
2023-02-24 14:56:00-05:00  3969.750000  3974.550049  3969.750000  3974.469971  3974.469971   11309118
2023-02-24 14:58:00-05:00  3974.320068  3976.090088  3973.750000  3973.800049  3973.800049    9833492
2023-02-24 15:00:00-05:00  3973.989990  3978.250000  3973.989990  3977.250000  3977.250000    9956435
2023-02-24 15:02:00-05:00  3977.379883  3977.429932  3975.290039  3975.310059  3975.310059    7709731
2023-02-24 15:04:00-05:00  3975.300049  3975.300049  3971.169922  3972.540039  3972.540039   11600101
2023-02-24 15:06:00-05:00  3972.699951  3975.080078  3972.699951  3974.320068  3974.320068    7617798
2023-02-24 15:08:00-05:00  3974.310059  3975.870117  3973.290039  3975.169922  3975.169922    7855207
2023-02-24 15:10:00-05:00  3975.189941  3975.959961  3973.870117  3974.629883  3974.629883    9078605
2023-02-24 15:12:00-05:00  3974.449951  3974.449951  3970.979980  3972.120117  3972.120117    9430641
2023-02-24 15:14:00-05:00  3972.080078  3972.979980  3969.830078  3970.000000  3970.000000    9398667
2023-02-24 15:16:00-05:00  3969.919922  3970.959961  3969.110107  3969.929932  3969.929932    7936546
2023-02-24 15:18:00-05:00  3969.929932  3973.070068  3969.899902  3973.070068  3973.070068    9727042
2023-02-24 15:20:00-05:00  3973.070068  3975.469971  3973.050049  3974.870117  3974.870117    9835438
2023-02-24 15:22:00-05:00  3974.870117  3975.409912  3972.969971  3974.389893  3974.389893    8592291
2023-02-24 15:24:00-05:00  3974.389893  3975.399902  3973.000000  3975.399902  3975.399902   10372694
2023-02-24 15:26:00-05:00  3975.370117  3976.610107  3973.929932  3974.010010  3974.010010   10363351
2023-02-24 15:28:00-05:00  3973.959961  3974.669922  3970.250000  3970.340088  3970.340088   11410286
2023-02-24 15:30:00-05:00  3970.340088  3971.149902  3967.439941  3967.840088  3967.840088   12225177
2023-02-24 15:32:00-05:00  3968.040039  3969.179932  3965.679932  3966.169922  3966.169922   12110062
2023-02-24 15:34:00-05:00  3966.159912  3966.159912  3962.989990  3963.350098  3963.350098   11553711
2023-02-24 15:36:00-05:00  3963.239990  3963.830078  3960.120117  3960.669922  3960.669922   13098407
2023-02-24 15:38:00-05:00  3960.840088  3963.270020  3960.840088  3961.250000  3961.250000   12523178
2023-02-24 15:40:00-05:00  3961.280029  3961.639893  3959.959961  3960.379883  3960.379883   12470980
2023-02-24 15:42:00-05:00  3960.340088  3962.659912  3960.340088  3962.489990  3962.489990   15386703
2023-02-24 15:44:00-05:00  3962.489990  3963.760010  3960.149902  3961.790039  3961.790039   15581924
2023-02-24 15:46:00-05:00  3961.600098  3962.340088  3960.909912  3961.459961  3961.459961   15201909
2023-02-24 15:48:00-05:00  3961.479980  3961.580078  3959.840088  3960.989990  3960.989990   16812335
2023-02-24 15:50:00-05:00  3960.979980  3960.979980  3956.820068  3957.729980  3957.729980   29988339
2023-02-24 15:52:00-05:00  3958.629883  3961.620117  3958.500000  3960.419922  3960.419922   25959583
2023-02-24 15:54:00-05:00  3960.419922  3969.159912  3959.739990  3967.300049  3967.300049   39783130
2023-02-24 15:56:00-05:00  3967.399902  3970.929932  3967.399902  3970.620117  3970.620117   40403660
2023-02-24 15:58:00-05:00  3970.590088  3971.570068  3968.139893  3970.419922  3970.419922   54744840
2023-02-27 09:30:00-05:00  3992.360107  4003.429932  3992.360107  4001.340088  4001.340088    9717417
2023-02-27 09:32:00-05:00  4001.320068  4002.879883  4000.399902  4002.449951  4002.449951   15850514
2023-02-27 09:34:00-05:00  4002.370117  4002.629883  3998.929932  3999.429932  3999.429932   13643863
2023-02-27 09:36:00-05:00  3999.489990  4002.070068  3999.189941  4001.679932  4001.679932   12763620
2023-02-27 09:38:00-05:00  4001.800049  4001.800049  3997.739990  3998.709961  3998.709961   13627099
2023-02-27 09:40:00-05:00  3998.570068  4001.580078  3998.070068  3998.830078  3998.830078   14243728
2023-02-27 09:42:00-05:00  3998.820068  4002.459961  3998.820068  4000.290039  4000.290039   11392661
2023-02-27 09:44:00-05:00  4000.320068  4001.219971  3996.850098  3998.129883  3998.129883   13489416
2023-02-27 09:46:00-05:00  3998.040039  3999.830078  3996.929932  3999.830078  3999.830078   11105545
2023-02-27 09:48:00-05:00  3999.780029  4000.570068  3997.750000  3998.939941  3998.939941   12176384
2023-02-27 09:50:00-05:00  3998.979980  4001.550049  3998.750000  4000.300049  4000.300049   12068109
2023-02-27 09:52:00-05:00  4000.300049  4004.399902  4000.300049  4003.229980  4003.229980   11245035
2023-02-27 09:54:00-05:00  4003.100098  4004.590088  4001.860107  4004.590088  4004.590088   10349200
2023-02-27 09:56:00-05:00  4004.409912  4005.830078  4003.469971  4005.719971  4005.719971   10234841
2023-02-27 09:58:00-05:00  4005.870117  4009.379883  4005.870117  4009.159912  4009.159912   11699188
2023-02-27 10:00:00-05:00  4009.300049  4009.510010  4007.060059  4007.520020  4007.520020   11677559
2023-02-27 10:02:00-05:00  4007.530029  4011.520020  4007.320068  4011.520020  4011.520020   11072171
2023-02-27 10:04:00-05:00  4011.659912  4013.350098  4011.300049  4013.310059  4013.310059   12663480
2023-02-27 10:06:00-05:00  4013.280029  4013.770020  4011.709961  4012.600098  4012.600098   11482631
2023-02-27 10:08:00-05:00  4012.540039  4018.050049  4012.540039  4017.250000  4017.250000   13164111
2023-02-27 10:10:00-05:00  4017.270020  4017.270020  4014.229980  4014.899902  4014.899902   11314602
2023-02-27 10:12:00-05:00  4015.120117  4015.939941  4013.699951  4014.020020  4014.020020   11311670
2023-02-27 10:14:00-05:00  4014.189941  4015.550049  4014.020020  4015.419922  4015.419922    9817675
2023-02-27 10:16:00-05:00  4015.419922  4016.209961  4014.560059  4015.030029  4015.030029   10159334
2023-02-27 10:18:00-05:00  4015.050049  4017.010010  4015.050049  4016.399902  4016.399902    9535354
2023-02-27 10:20:00-05:00  4016.510010  4016.989990  4013.260010  4013.439941  4013.439941   10815313
2023-02-27 10:22:00-05:00  4013.500000  4014.300049  4012.729980  4013.679932  4013.679932    9141386
2023-02-27 10:24:00-05:00  4013.669922  4015.459961  4013.270020  4015.459961  4015.459961    8216620
2023-02-27 10:26:00-05:00  4015.510010  4016.860107  4015.000000  4016.020020  4016.020020    8715415
2023-02-27 10:28:00-05:00  4016.060059  4016.320068  4012.840088  4012.909912  4012.909912    7969929
2023-02-27 10:30:00-05:00  4012.790039  4012.870117  4011.129883  4012.689941  4012.689941    8939193
2023-02-27 10:32:00-05:00  4012.699951  4014.129883  4010.729980  4011.030029  4011.030029   10476441
2023-02-27 10:34:00-05:00  4010.989990  4011.520020  4009.080078  4009.229980  4009.229980    9920079
2023-02-27 10:36:00-05:00  4009.310059  4009.310059  4000.739990  4001.750000  4001.750000   13155472
2023-02-27 10:38:00-05:00  4001.679932  4001.679932  3998.090088  3999.560059  3999.560059    9499577
2023-02-27 10:40:00-05:00  3999.540039  3999.540039  3995.919922  3998.020020  3998.020020    9787238
2023-02-27 10:42:00-05:00  3998.060059  3998.489990  3993.360107  3995.649902  3995.649902   12114237
2023-02-27 10:44:00-05:00  3995.879883  3999.189941  3995.879883  3998.879883  3998.879883    7932302
2023-02-27 10:46:00-05:00  3998.850098  3999.080078  3994.889893  3996.110107  3996.110107    9165181
2023-02-27 10:48:00-05:00  3996.139893  3997.889893  3995.489990  3997.620117  3997.620117    8720657
2023-02-27 10:50:00-05:00  3997.600098  3998.419922  3995.600098  3997.399902  3997.399902    9820830
2023-02-27 10:52:00-05:00  3997.489990  3998.469971  3996.060059  3998.030029  3998.030029    7386581
2023-02-27 10:54:00-05:00  3998.050049  3998.719971  3993.500000  3993.810059  3993.810059   11099296
2023-02-27 10:56:00-05:00  3993.790039  3993.810059  3992.229980  3993.639893  3993.639893    8754929
2023-02-27 10:58:00-05:00  3993.570068  3997.330078  3993.570068  3997.250000  3997.250000    8969788
2023-02-27 11:00:00-05:00  3997.300049  3999.909912  3997.270020  3998.270020  3998.270020    7776290
2023-02-27 11:02:00-05:00  3998.169922  3999.050049  3997.219971  3998.929932  3998.929932    6704739
2023-02-27 11:04:00-05:00  3998.909912  3999.780029  3997.250000  3999.729980  3999.729980    7724008
2023-02-27 11:06:00-05:00  3999.719971  4000.530029  3998.399902  4000.129883  4000.129883    7555612
2023-02-27 11:08:00-05:00  4000.209961  4000.290039  3998.919922  3999.830078  3999.830078    7891304
2023-02-27 11:10:00-05:00  3999.850098  4001.080078  3998.449951  3998.510010  3998.510010    8884808
2023-02-27 11:12:00-05:00  3998.590088  3998.709961  3992.629883  3992.629883  3992.629883   11125239
2023-02-27 11:14:00-05:00  3992.530029  3993.020020  3990.370117  3990.709961  3990.709961    8477839
2023-02-27 11:16:00-05:00  3990.750000  3994.330078  3990.169922  3994.330078  3994.330078    8245975
2023-02-27 11:18:00-05:00  3994.399902  3994.590088  3990.870117  3990.870117  3990.870117    6993986
2023-02-27 11:20:00-05:00  3990.969971  3992.399902  3990.760010  3991.239990  3991.239990    7464762
2023-02-27 11:22:00-05:00  3991.250000  3992.189941  3990.689941  3991.669922  3991.669922    6420636
2023-02-27 11:24:00-05:00  3991.689941  3992.110107  3988.879883  3989.659912  3989.659912    8596305
2023-02-27 11:26:00-05:00  3989.669922  3990.639893  3988.239990  3990.639893  3990.639893    7304946
2023-02-27 11:28:00-05:00  3990.669922  3990.889893  3989.229980  3989.620117  3989.620117    6586395
2023-02-27 11:30:00-05:00  3989.679932  3991.310059  3985.850098  3985.939941  3985.939941   10882892
2023-02-27 11:32:00-05:00  3986.179932  3986.179932  3982.280029  3982.439941  3982.439941    8370958
2023-02-27 11:34:00-05:00  3982.500000  3985.330078  3982.340088  3985.330078  3985.330078    7716637
2023-02-27 11:36:00-05:00  3985.080078  3987.600098  3985.080078  3986.800049  3986.800049    6540652
2023-02-27 11:38:00-05:00  3986.800049  3987.530029  3985.719971  3987.479980  3987.479980    6095642
2023-02-27 11:40:00-05:00  3987.479980  3988.219971  3986.790039  3987.120117  3987.120117    7210994
2023-02-27 11:42:00-05:00  3987.169922  3988.209961  3987.120117  3987.379883  3987.379883    5736264
2023-02-27 11:44:00-05:00  3987.419922  3987.649902  3986.310059  3987.149902  3987.149902    6011443
2023-02-27 11:46:00-05:00  3987.139893  3988.239990  3987.139893  3987.949951  3987.949951    5513819
2023-02-27 11:48:00-05:00  3987.949951  3989.179932  3987.949951  3988.860107  3988.860107    6193252
2023-02-27 11:50:00-05:00  3988.800049  3989.209961  3987.699951  3988.699951  3988.699951    5855594
2023-02-27 11:52:00-05:00  3988.699951  3988.820068  3986.909912  3988.800049  3988.800049    5907818
2023-02-27 11:54:00-05:00  3988.810059  3989.070068  3987.020020  3987.510010  3987.510010    5698382
2023-02-27 11:56:00-05:00  3987.570068  3989.469971  3987.570068  3989.030029  3989.030029    6356038
2023-02-27 11:58:00-05:00  3989.050049  3989.469971  3988.419922  3988.429932  3988.429932    5849770
2023-02-27 12:00:00-05:00  3988.429932  3989.120117  3986.709961  3986.709961  3986.709961    7931303
2023-02-27 12:02:00-05:00  3986.699951  3986.909912  3984.419922  3986.620117  3986.620117    6770741
2023-02-27 12:04:00-05:00  3986.649902  3987.250000  3984.290039  3984.469971  3984.469971    6144243
2023-02-27 12:06:00-05:00  3984.489990  3986.620117  3984.149902  3986.469971  3986.469971    5515943
2023-02-27 12:08:00-05:00  3986.479980  3986.689941  3983.639893  3983.989990  3983.989990    5653235
2023-02-27 12:10:00-05:00  3983.969971  3985.300049  3982.770020  3983.620117  3983.620117    6417133
2023-02-27 12:12:00-05:00  3983.610107  3987.080078  3983.209961  3986.929932  3986.929932    6268052
2023-02-27 12:14:00-05:00  3986.969971  3987.719971  3986.469971  3987.719971  3987.719971    5501245
2023-02-27 12:16:00-05:00  3987.729980  3987.810059  3986.209961  3986.750000  3986.750000    6117163
2023-02-27 12:18:00-05:00  3986.719971  3987.100098  3986.159912  3986.320068  3986.320068    5116396
2023-02-27 12:20:00-05:00  3986.310059  3986.310059  3982.520020  3983.030029  3983.030029    7368163
2023-02-27 12:22:00-05:00  3983.050049  3984.629883  3981.580078  3984.620117  3984.620117    6459980
2023-02-27 12:24:00-05:00  3984.610107  3985.250000  3983.179932  3985.209961  3985.209961    5302281
2023-02-27 12:26:00-05:00  3985.229980  3986.060059  3984.919922  3985.370117  3985.370117    5992892
2023-02-27 12:28:00-05:00  3985.370117  3987.600098  3985.280029  3987.330078  3987.330078    5382159
2023-02-27 12:30:00-05:00  3987.159912  3991.080078  3986.989990  3991.040039  3991.040039    7835133
2023-02-27 12:32:00-05:00  3991.050049  3992.229980  3990.689941  3991.739990  3991.739990    6167217
2023-02-27 12:34:00-05:00  3991.739990  3991.790039  3990.340088  3990.830078  3990.830078    5783518
2023-02-27 12:36:00-05:00  3990.810059  3991.669922  3990.729980  3991.199951  3991.199951    5413075
2023-02-27 12:38:00-05:00  3991.179932  3991.489990  3990.429932  3990.689941  3990.689941    4905925
2023-02-27 12:40:00-05:00  3990.669922  3991.090088  3989.270020  3989.510010  3989.510010    6032720
2023-02-27 12:42:00-05:00  3989.489990  3989.580078  3988.310059  3988.540039  3988.540039    4994877
2023-02-27 12:44:00-05:00  3988.489990  3989.790039  3988.340088  3989.520020  3989.520020    5427910
2023-02-27 12:46:00-05:00  3989.500000  3990.679932  3989.270020  3990.580078  3990.580078    5180923
2023-02-27 12:48:00-05:00  3990.540039  3992.010010  3990.540039  3991.399902  3991.399902    6448841
2023-02-27 12:50:00-05:00  3991.389893  3993.100098  3991.330078  3991.389893  3991.389893    6660647
2023-02-27 12:52:00-05:00  3991.159912  3991.270020  3989.330078  3989.860107  3989.860107    6242530
2023-02-27 12:54:00-05:00  3989.889893  3991.989990  3989.889893  3991.500000  3991.500000    5355925
2023-02-27 12:56:00-05:00  3991.540039  3992.530029  3991.510010  3992.530029  3992.530029    4395756
2023-02-27 12:58:00-05:00  3992.600098  3993.449951  3992.419922  3992.669922  3992.669922    5621860
2023-02-27 13:00:00-05:00  3992.669922  3993.919922  3992.360107  3993.919922  3993.919922    6329722
2023-02-27 13:02:00-05:00  3993.909912  3993.939941  3993.280029  3993.570068  3993.570068    5358557
2023-02-27 13:04:00-05:00  3993.510010  3993.510010  3992.290039  3992.370117  3992.370117    6323300
2023-02-27 13:06:00-05:00  3992.360107  3992.709961  3991.469971  3991.830078  3991.830078    6042130
2023-02-27 13:08:00-05:00  3991.870117  3993.699951  3991.719971  3993.500000  3993.500000    5681569
2023-02-27 13:10:00-05:00  3993.540039  3994.120117  3993.030029  3994.120117  3994.120117    5326107
2023-02-27 13:12:00-05:00  3994.120117  3995.139893  3993.719971  3994.639893  3994.639893    6464720
2023-02-27 13:14:00-05:00  3994.629883  3996.229980  3994.229980  3996.179932  3996.179932    5500300
2023-02-27 13:16:00-05:00  3996.219971  3997.169922  3996.219971  3996.649902  3996.649902    6598007
2023-02-27 13:18:00-05:00  3996.649902  3996.770020  3995.370117  3995.419922  3995.419922    5748631
2023-02-27 13:20:00-05:00  3995.429932  3996.159912  3995.129883  3995.699951  3995.699951    5582978
2023-02-27 13:22:00-05:00  3995.719971  3996.020020  3993.439941  3993.439941  3993.439941    7977828
2023-02-27 13:24:00-05:00  3993.449951  3993.449951  3992.229980  3992.570068  3992.570068    5953798
2023-02-27 13:26:00-05:00  3992.560059  3994.379883  3992.270020  3992.270020  3992.270020    5648167
2023-02-27 13:28:00-05:00  3992.239990  3993.479980  3991.840088  3993.280029  3993.280029    5759624
2023-02-27 13:30:00-05:00  3993.310059  3994.550049  3993.020020  3993.050049  3993.050049    5918538
2023-02-27 13:32:00-05:00  3993.080078  3993.510010  3992.709961  3992.739990  3992.739990    4835896
2023-02-27 13:34:00-05:00  3992.729980  3993.189941  3991.739990  3992.429932  3992.429932    6735568
2023-02-27 13:36:00-05:00  3992.479980  3992.770020  3990.370117  3991.010010  3991.010010    6491153
2023-02-27 13:38:00-05:00  3991.050049  3993.350098  3991.050049  3991.820068  3991.820068    6126174
2023-02-27 13:40:00-05:00  3991.939941  3992.800049  3991.739990  3991.739990  3991.739990    5035712
2023-02-27 13:42:00-05:00  3991.770020  3991.770020  3988.570068  3988.629883  3988.629883    6546665
2023-02-27 13:44:00-05:00  3988.629883  3989.419922  3987.689941  3987.689941  3987.689941    5245651
2023-02-27 13:46:00-05:00  3987.709961  3988.399902  3987.040039  3988.330078  3988.330078    5791438
2023-02-27 13:48:00-05:00  3988.370117  3988.389893  3987.489990  3987.540039  3987.540039    6479870
2023-02-27 13:50:00-05:00  3987.510010  3989.520020  3987.510010  3989.520020  3989.520020    5742908
2023-02-27 13:52:00-05:00  3989.560059  3991.120117  3989.560059  3990.689941  3990.689941    5690826
2023-02-27 13:54:00-05:00  3990.709961  3991.469971  3990.550049  3991.419922  3991.419922    5099931
2023-02-27 13:56:00-05:00  3991.429932  3994.260010  3991.429932  3994.260010  3994.260010    6700279
2023-02-27 13:58:00-05:00  3995.000000  3995.070068  3994.110107  3995.070068  3995.070068    7206609
2023-02-27 14:00:00-05:00  3995.189941  3998.310059  3994.909912  3998.310059  3998.310059    7653497
2023-02-27 14:02:00-05:00  3998.290039  3999.510010  3998.290039  3998.689941  3998.689941    7488424
2023-02-27 14:04:00-05:00  3998.550049  3999.389893  3998.100098  3998.360107  3998.360107    6114544
2023-02-27 14:06:00-05:00  3998.370117  3999.550049  3998.090088  3998.260010  3998.260010    6294231
2023-02-27 14:08:00-05:00  3998.310059  3998.629883  3997.510010  3998.129883  3998.129883    5896693
2023-02-27 14:10:00-05:00  3998.050049  4000.199951  3998.020020  4000.060059  4000.060059    6441279
2023-02-27 14:12:00-05:00  4000.050049  4000.469971  3999.280029  3999.669922  3999.669922    5721734
2023-02-27 14:14:00-05:00  3999.659912  4000.070068  3996.379883  3996.810059  3996.810059    8988914
2023-02-27 14:16:00-05:00  3996.899902  3996.899902  3993.080078  3993.580078  3993.580078    9158327
2023-02-27 14:18:00-05:00  3993.620117  3994.000000  3992.290039  3992.590088  3992.590088    4976481
2023-02-27 14:20:00-05:00  3992.580078  3992.870117  3991.889893  3992.229980  3992.229980    5220755
2023-02-27 14:22:00-05:00  3992.239990  3992.290039  3990.360107  3991.080078  3991.080078    6661524
2023-02-27 14:24:00-05:00  3991.209961  3991.360107  3990.139893  3990.389893  3990.389893    5910660
2023-02-27 14:26:00-05:00  3990.510010  3992.699951  3990.449951  3992.649902  3992.649902    6610997
2023-02-27 14:28:00-05:00  3992.659912  3992.969971  3991.709961  3992.250000  3992.250000    6118517
2023-02-27 14:30:00-05:00  3992.270020  3992.780029  3991.469971  3992.189941  3992.189941    5992489
2023-02-27 14:32:00-05:00  3992.189941  3992.689941  3991.760010  3991.979980  3991.979980    5828210
2023-02-27 14:34:00-05:00  3991.979980  3992.719971  3991.459961  3992.719971  3992.719971    6474683
2023-02-27 14:36:00-05:00  3992.770020  3993.050049  3990.300049  3990.689941  3990.689941    6634995
2023-02-27 14:38:00-05:00  3990.689941  3991.629883  3990.520020  3990.979980  3990.979980    5849816
2023-02-27 14:40:00-05:00  3991.000000  3991.370117  3989.379883  3990.409912  3990.409912    8337580
2023-02-27 14:42:00-05:00  3990.469971  3990.479980  3985.360107  3986.590088  3986.590088    8847996
2023-02-27 14:44:00-05:00  3986.659912  3987.429932  3984.840088  3984.939941  3984.939941    7090428
2023-02-27 14:46:00-05:00  3984.889893  3985.370117  3983.530029  3985.370117  3985.370117    6917241
2023-02-27 14:48:00-05:00  3985.330078  3986.389893  3984.649902  3985.639893  3985.639893    6993333
2023-02-27 14:50:00-05:00  3985.729980  3986.260010  3984.439941  3985.159912  3985.159912    7142765
2023-02-27 14:52:00-05:00  3985.159912  3987.060059  3985.090088  3985.909912  3985.909912    5927482
2023-02-27 14:54:00-05:00  3985.919922  3987.110107  3985.540039  3986.389893  3986.389893    7244114
2023-02-27 14:56:00-05:00  3986.350098  3986.350098  3984.979980  3986.320068  3986.320068    6575614
2023-02-27 14:58:00-05:00  3986.379883  3986.919922  3985.169922  3985.179932  3985.179932    7109102
2023-02-27 15:00:00-05:00  3985.149902  3986.909912  3984.459961  3986.729980  3986.729980    7669808
2023-02-27 15:02:00-05:00  3986.699951  3986.699951  3983.030029  3983.159912  3983.159912    8031897
2023-02-27 15:04:00-05:00  3983.179932  3984.189941  3981.750000  3982.040039  3982.040039    7787895
2023-02-27 15:06:00-05:00  3982.040039  3983.409912  3980.989990  3981.449951  3981.449951    8962614
2023-02-27 15:08:00-05:00  3981.489990  3982.530029  3980.250000  3981.270020  3981.270020    7247816
2023-02-27 15:10:00-05:00  3981.080078  3982.620117  3979.610107  3982.540039  3982.540039    9002445
2023-02-27 15:12:00-05:00  3982.580078  3983.350098  3981.729980  3982.169922  3982.169922    7507537
2023-02-27 15:14:00-05:00  3982.239990  3983.340088  3980.169922  3980.330078  3980.330078   10288478
2023-02-27 15:16:00-05:00  3980.350098  3980.379883  3978.689941  3980.000000  3980.000000    8296899
2023-02-27 15:18:00-05:00  3979.840088  3980.639893  3979.290039  3980.370117  3980.370117    6686738
2023-02-27 15:20:00-05:00  3980.389893  3980.389893  3978.100098  3978.790039  3978.790039    9623811
2023-02-27 15:22:00-05:00  3978.820068  3980.120117  3977.989990  3980.040039  3980.040039    7346432
2023-02-27 15:24:00-05:00  3980.040039  3980.439941  3979.669922  3980.330078  3980.330078    7442003
2023-02-27 15:26:00-05:00  3980.399902  3980.399902  3978.350098  3979.899902  3979.899902    8889252
2023-02-27 15:28:00-05:00  3980.040039  3981.969971  3979.270020  3981.929932  3981.929932    9820519
2023-02-27 15:30:00-05:00  3981.860107  3982.050049  3978.620117  3978.620117  3978.620117   13455686
2023-02-27 15:32:00-05:00  3978.709961  3980.570068  3976.750000  3977.850098  3977.850098   12820158
2023-02-27 15:34:00-05:00  3977.889893  3979.239990  3977.850098  3978.479980  3978.479980    9903855
2023-02-27 15:36:00-05:00  3978.570068  3978.870117  3973.899902  3974.340088  3974.340088   13317632
2023-02-27 15:38:00-05:00  3974.419922  3975.030029  3973.550049  3975.030029  3975.030029   10886051
2023-02-27 15:40:00-05:00  3975.110107  3977.750000  3973.790039  3977.689941  3977.689941   14507522
2023-02-27 15:42:00-05:00  3977.760010  3980.870117  3977.760010  3979.489990  3979.489990   13838461
2023-02-27 15:44:00-05:00  3979.409912  3981.010010  3978.070068  3981.010010  3981.010010   17430813
2023-02-27 15:46:00-05:00  3981.010010  3982.310059  3979.989990  3981.090088  3981.090088   15932109
2023-02-27 15:48:00-05:00  3980.929932  3981.370117  3977.699951  3978.110107  3978.110107   15800947
2023-02-27 15:50:00-05:00  3978.090088  3980.530029  3977.770020  3980.439941  3980.439941   29348489
2023-02-27 15:52:00-05:00  3980.419922  3981.760010  3980.340088  3980.379883  3980.379883   22951788
2023-02-27 15:54:00-05:00  3980.350098  3982.409912  3979.229980  3982.030029  3982.030029   35942109
2023-02-27 15:56:00-05:00  3981.909912  3981.939941  3980.300049  3980.330078  3980.330078   37820123
2023-02-27 15:58:00-05:00  3980.219971  3982.639893  3979.800049  3982.229980  3982.229980   52015953
2023-02-28 09:30:00-05:00  3977.189941  3978.290039  3975.320068  3975.360107  3975.360107   40422507
2023-02-28 09:32:00-05:00  3975.550049  3975.919922  3972.699951  3972.770020  3972.770020   15551048
2023-02-28 09:34:00-05:00  3972.909912  3973.739990  3970.179932  3973.629883  3973.629883   15864469
2023-02-28 09:36:00-05:00  3973.719971  3975.870117  3972.790039  3974.330078  3974.330078   13210638
2023-02-28 09:38:00-05:00  3974.189941  3976.090088  3974.020020  3976.090088  3976.090088   14248538
2023-02-28 09:40:00-05:00  3975.989990  3980.709961  3975.989990  3978.419922  3978.419922   15437602
2023-02-28 09:42:00-05:00  3978.429932  3981.280029  3978.060059  3980.679932  3980.679932   12179268
2023-02-28 09:44:00-05:00  3980.739990  3983.919922  3978.260010  3982.229980  3982.229980   12261718
2023-02-28 09:46:00-05:00  3981.939941  3985.129883  3981.939941  3983.469971  3983.469971   13199864
2023-02-28 09:48:00-05:00  3983.399902  3983.560059  3979.449951  3979.449951  3979.449951   14563171
2023-02-28 09:50:00-05:00  3979.399902  3981.520020  3977.300049  3978.449951  3978.449951   14516435
2023-02-28 09:52:00-05:00  3978.459961  3981.719971  3978.459961  3980.500000  3980.500000   10636748
2023-02-28 09:54:00-05:00  3980.550049  3983.239990  3979.479980  3979.629883  3979.629883   11332959
2023-02-28 09:56:00-05:00  3979.530029  3979.820068  3977.929932  3979.590088  3979.590088   11392031
2023-02-28 09:58:00-05:00  3979.550049  3980.209961  3978.260010  3978.260010  3978.260010   10822738
2023-02-28 10:00:00-05:00  3978.419922  3984.399902  3978.370117  3981.060059  3981.060059   14707660
2023-02-28 10:02:00-05:00  3981.129883  3983.679932  3979.570068  3983.560059  3983.560059   10352779
2023-02-28 10:04:00-05:00  3983.540039  3985.149902  3983.399902  3984.320068  3984.320068   11788929
2023-02-28 10:06:00-05:00  3984.510010  3987.399902  3984.310059  3984.389893  3984.389893   12631972
2023-02-28 10:08:00-05:00  3984.300049  3986.199951  3983.250000  3983.250000  3983.250000   10470717
2023-02-28 10:10:00-05:00  3982.889893  3983.010010  3975.989990  3977.139893  3977.139893   14003369
2023-02-28 10:12:00-05:00  3977.300049  3979.320068  3976.070068  3978.419922  3978.419922   10369490
2023-02-28 10:14:00-05:00  3978.330078  3979.620117  3975.899902  3976.360107  3976.360107   10181617
2023-02-28 10:16:00-05:00  3976.379883  3976.379883  3974.530029  3976.060059  3976.060059   10960412
2023-02-28 10:18:00-05:00  3975.929932  3977.760010  3974.320068  3977.659912  3977.659912    9999960
2023-02-28 10:20:00-05:00  3977.719971  3979.139893  3976.100098  3979.129883  3979.129883   10251503
2023-02-28 10:22:00-05:00  3979.159912  3981.100098  3978.929932  3979.750000  3979.750000    9498401
2023-02-28 10:24:00-05:00  3979.820068  3981.770020  3979.760010  3981.600098  3981.600098   11833792
2023-02-28 10:26:00-05:00  3981.500000  3982.739990  3979.649902  3980.699951  3980.699951   10180503
2023-02-28 10:28:00-05:00  3980.600098  3980.639893  3975.590088  3976.840088  3976.840088   12220528
2023-02-28 10:30:00-05:00  3976.850098  3978.129883  3975.260010  3977.500000  3977.500000   11372186
2023-02-28 10:32:00-05:00  3977.510010  3977.820068  3975.139893  3977.449951  3977.449951    9676623
2023-02-28 10:34:00-05:00  3977.510010  3979.389893  3977.500000  3978.830078  3978.830078   10267704
2023-02-28 10:36:00-05:00  3978.620117  3979.000000  3976.820068  3978.479980  3978.479980   11685573
2023-02-28 10:38:00-05:00  3978.570068  3980.120117  3978.570068  3979.919922  3979.919922    5513825