                                  Open         High          Low        Close    Adj Close      Volume
Datetime                                                                                              
2022-10-13 10:54:00-04:00  3548.100098  3551.780029  3546.909912  3549.639893  3549.639893           0
2022-10-13 10:56:00-04:00  3549.669922  3556.879883  3549.070068  3551.679932  3551.679932    17250359
2022-10-13 10:58:00-04:00  3552.060059  3552.340088  3546.610107  3546.610107  3546.610107    11698843
2022-10-13 11:00:00-04:00  3546.570068  3547.120117  3544.409912  3546.010010  3546.010010    12078247
2022-10-13 11:02:00-04:00  3546.040039  3549.070068  3545.949951  3548.129883  3548.129883    10769296
2022-10-13 11:04:00-04:00  3548.169922  3557.979980  3548.129883  3557.399902  3557.399902    13213522
2022-10-13 11:06:00-04:00  3557.459961  3567.530029  3556.139893  3566.790039  3566.790039    17240532
2022-10-13 11:08:00-04:00  3566.790039  3577.469971  3566.580078  3575.989990  3575.989990    18698585
2022-10-13 11:10:00-04:00  3575.629883  3575.629883  3570.449951  3572.399902  3572.399902    13106046
2022-10-13 11:12:00-04:00  3572.360107  3576.629883  3571.610107  3576.360107  3576.360107    14877568
2022-10-13 11:14:00-04:00  3576.360107  3580.770020  3574.169922  3576.379883  3576.379883    17727079
2022-10-13 11:16:00-04:00  3576.489990  3611.350098  3576.159912  3605.250000  3605.250000    28480555
2022-10-13 11:18:00-04:00  3605.070068  3605.100098  3595.760010  3600.100098  3600.100098    26669784
2022-10-13 11:20:00-04:00  3600.360107  3635.229980  3600.360107  3620.360107  3620.360107    33698065
2022-10-13 11:22:00-04:00  3620.199951  3623.510010  3612.739990  3613.199951  3613.199951    19449341
2022-10-13 11:24:00-04:00  3610.439941  3611.399902  3602.360107  3602.949951  3602.949951    24410204
2022-10-13 11:26:00-04:00  3603.570068  3611.300049  3603.570068  3610.100098  3610.100098    15140687
2022-10-13 11:28:00-04:00  3610.000000  3614.300049  3608.270020  3611.620117  3611.620117    11802281
2022-10-13 11:30:00-04:00  3616.179932  3617.939941  3611.739990  3611.739990  3611.739990    12889113
2022-10-13 11:32:00-04:00  3610.159912  3615.280029  3609.820068  3614.570068  3614.570068  1210032455
2022-10-13 11:34:00-04:00  3614.810059  3623.229980  3613.570068  3621.949951  3621.949951    15033177
2022-10-13 11:36:00-04:00  3622.100098  3631.060059  3622.100098  3630.260010  3630.260010    17306189
2022-10-13 11:38:00-04:00  3629.760010  3657.080078  3629.760010  3647.530029  3647.530029    30221654
2022-10-13 11:40:00-04:00  3647.889893  3662.510010  3647.889893  3649.600098  3649.600098    22403531
2022-10-13 11:42:00-04:00  3649.520020  3652.870117  3640.250000  3641.110107  3641.110107    18537528
2022-10-13 11:44:00-04:00  3640.969971  3642.669922  3633.139893  3633.219971  3633.219971    14791112
2022-10-13 11:46:00-04:00  3632.830078  3638.929932  3632.060059  3635.389893  3635.389893    15515753
2022-10-13 11:48:00-04:00  3635.489990  3637.669922  3632.139893  3632.649902  3632.649902    13065905
2022-10-13 11:50:00-04:00  3632.399902  3632.399902  3627.439941  3631.719971  3631.719971    12915340
2022-10-13 11:52:00-04:00  3631.790039  3641.219971  3631.729980  3638.709961  3638.709961    14856322
2022-10-13 11:54:00-04:00  3638.570068  3641.510010  3637.399902  3639.350098  3639.350098     7979805
2022-10-13 11:56:00-04:00  3634.189941  3635.040039  3631.649902  3633.800049  3633.800049    10177031
2022-10-13 11:58:00-04:00  3637.000000  3640.060059  3635.260010  3638.239990  3638.239990  1419376431
2022-10-13 12:00:00-04:00  3638.260010  3644.409912  3638.260010  3639.439941  3639.439941    14563950
2022-10-13 12:02:00-04:00  3639.820068  3650.169922  3639.129883  3646.439941  3646.439941    13462100
2022-10-13 12:04:00-04:00  3646.419922  3649.399902  3639.750000  3639.879883  3639.879883    10384377
2022-10-13 12:06:00-04:00  3640.290039  3644.379883  3639.800049  3640.379883  3640.379883     9677614
2022-10-13 12:08:00-04:00  3640.469971  3641.780029  3638.919922  3639.409912  3639.409912    10021100
2022-10-13 12:10:00-04:00  3639.429932  3640.879883  3629.149902  3629.649902  3629.649902    12794726
2022-10-13 12:12:00-04:00  3629.760010  3629.909912  3627.439941  3629.320068  3629.320068    11977003
2022-10-13 12:14:00-04:00  3628.899902  3633.179932  3628.899902  3632.399902  3632.399902    10169544
2022-10-13 12:16:00-04:00  3632.600098  3633.000000  3623.580078  3623.780029  3623.780029    13125864
2022-10-13 12:18:00-04:00  3623.870117  3627.169922  3623.020020  3623.899902  3623.899902    11023210
2022-10-13 12:20:00-04:00  3623.889893  3624.050049  3620.239990  3622.469971  3622.469971    11963767
2022-10-13 12:22:00-04:00  3622.379883  3628.550049  3622.379883  3628.550049  3628.550049    12798985
2022-10-13 12:24:00-04:00  3628.820068  3631.159912  3621.610107  3624.790039  3624.790039    13009723
2022-10-13 12:26:00-04:00  3624.929932  3628.209961  3624.929932  3626.760010  3626.760010     8899976
2022-10-13 12:28:00-04:00  3626.830078  3627.669922  3623.790039  3624.219971  3624.219971     8597192
2022-10-13 12:30:00-04:00  3624.020020  3627.290039  3622.350098  3626.350098  3626.350098     8454762
2022-10-13 12:32:00-04:00  3626.429932  3629.840088  3625.300049  3628.290039  3628.290039     9396382
2022-10-13 12:34:00-04:00  3628.199951  3629.659912  3625.610107  3628.909912  3628.909912     8401697
2022-10-13 12:36:00-04:00  3628.959961  3629.199951  3625.060059  3626.739990  3626.739990     8340052
2022-10-13 12:38:00-04:00  3626.850098  3630.419922  3625.780029  3626.360107  3626.360107     9472433
2022-10-13 12:40:00-04:00  3626.739990  3635.699951  3626.330078  3635.629883  3635.629883  1645806382
2022-10-13 12:42:00-04:00  3635.790039  3639.949951  3634.620117  3639.939941  3639.939941    11107026
2022-10-13 12:44:00-04:00  3640.239990  3641.310059  3636.189941  3636.219971  3636.219971     9989358
2022-10-13 12:46:00-04:00  3636.250000  3639.530029  3635.909912  3636.090088  3636.090088     8647503
2022-10-13 12:48:00-04:00  3636.100098  3643.169922  3636.100098  3643.159912  3643.159912     9370494
2022-10-13 12:50:00-04:00  3643.250000  3645.850098  3642.250000  3645.290039  3645.290039     9770553
2022-10-13 12:52:00-04:00  3645.120117  3646.639893  3643.340088  3644.090088  3644.090088  1706625202
2022-10-13 12:54:00-04:00  3643.959961  3644.030029  3638.310059  3640.280029  3640.280029    10404432
2022-10-13 12:56:00-04:00  3640.270020  3640.340088  3636.500000  3637.689941  3637.689941     6940058
2022-10-13 12:58:00-04:00  3637.639893  3641.570068  3637.620117  3640.000000  3640.000000     7350752
2022-10-13 13:00:00-04:00  3640.000000  3642.790039  3640.000000  3641.010010  3641.010010  1738409747
2022-10-13 13:02:00-04:00  3644.689941  3648.570068  3644.689941  3647.540039  3647.540039    13460230
2022-10-13 13:04:00-04:00  3647.500000  3649.060059  3646.850098  3648.739990  3648.739990     7653436
2022-10-13 13:06:00-04:00  3648.709961  3648.709961  3644.899902  3646.830078  3646.830078     8777315
2022-10-13 13:08:00-04:00  3646.800049  3647.179932  3643.159912  3643.370117  3643.370117     7048144
2022-10-13 13:10:00-04:00  3643.340088  3645.840088  3643.189941  3645.340088  3645.340088     8043984
2022-10-13 13:12:00-04:00  3645.429932  3645.429932  3641.449951  3641.469971  3641.469971     7266892
2022-10-13 13:14:00-04:00  3641.409912  3645.610107  3641.300049  3645.340088  3645.340088    10053771
2022-10-13 13:16:00-04:00  3645.360107  3646.090088  3644.419922  3645.449951  3645.449951     6691043
2022-10-13 13:18:00-04:00  3645.560059  3649.709961  3643.520020  3648.959961  3648.959961     9872454
2022-10-13 13:20:00-04:00  3648.429932  3654.600098  3648.300049  3654.600098  3654.600098    11359787
2022-10-13 13:22:00-04:00  3654.639893  3658.179932  3654.310059  3657.379883  3657.379883     9294647
2022-10-13 13:24:00-04:00  3657.409912  3659.159912  3656.939941  3656.969971  3656.969971     9024150
2022-10-13 13:26:00-04:00  3656.949951  3666.780029  3656.949951  3665.540039  3665.540039    14825286
2022-10-13 13:28:00-04:00  3665.560059  3667.290039  3663.199951  3663.360107  3663.360107    12261308
2022-10-13 13:30:00-04:00  3663.439941  3666.850098  3663.439941  3665.790039  3665.790039     9273941
2022-10-13 13:32:00-04:00  3665.790039  3672.219971  3665.659912  3671.649902  3671.649902    13737056
2022-10-13 13:34:00-04:00  3671.149902  3675.080078  3670.919922  3670.919922  3670.919922    12451575
2022-10-13 13:36:00-04:00  3670.840088  3670.850098  3665.860107  3668.770020  3668.770020    13345668
2022-10-13 13:38:00-04:00  3669.340088  3669.610107  3666.969971  3668.159912  3668.159912     7991361
2022-10-13 13:40:00-04:00  3668.179932  3669.159912  3665.389893  3666.969971  3666.969971     9062042
2022-10-13 13:42:00-04:00  3666.679932  3669.110107  3665.330078  3665.330078  3665.330078    10197559
2022-10-13 13:44:00-04:00  3665.149902  3665.219971  3659.909912  3659.909912  3659.909912    11054886
2022-10-13 13:46:00-04:00  3659.939941  3662.739990  3659.669922  3660.469971  3660.469971     9457037
2022-10-13 13:48:00-04:00  3660.679932  3664.489990  3660.679932  3664.439941  3664.439941  1982019990
2022-10-13 13:50:00-04:00  3664.419922  3667.870117  3663.340088  3664.229980  3664.229980    11030533
2022-10-13 13:52:00-04:00  3664.040039  3665.560059  3663.550049  3665.290039  3665.290039     7026775
2022-10-13 13:54:00-04:00  3665.189941  3666.139893  3664.080078  3664.899902  3664.899902     7729373
2022-10-13 13:56:00-04:00  3664.820068  3664.820068  3662.810059  3664.479980  3664.479980     7432889
2022-10-13 13:58:00-04:00  3664.580078  3666.429932  3664.580078  3665.780029  3665.780029     6591795
2022-10-13 14:00:00-04:00  3665.739990  3665.739990  3661.280029  3664.320068  3664.320068     9006130
2022-10-13 14:02:00-04:00  3664.459961  3665.030029  3661.159912  3661.750000  3661.750000     8870820
2022-10-13 14:04:00-04:00  3661.750000  3666.570068  3661.750000  3665.169922  3665.169922     8625656
2022-10-13 14:06:00-04:00  3665.139893  3666.810059  3660.389893  3660.439941  3660.439941     9309246
2022-10-13 14:08:00-04:00  3660.540039  3664.840088  3660.399902  3661.770020  3661.770020     8906106
2022-10-13 14:10:00-04:00  3661.719971  3663.520020  3660.320068  3660.320068  3660.320068     7622137
2022-10-13 14:12:00-04:00  3660.330078  3662.520020  3657.020020  3662.520020  3662.520020     9557075
2022-10-13 14:14:00-04:00  3662.459961  3665.340088  3661.800049  3664.959961  3664.959961     8519029
2022-10-13 14:16:00-04:00  3664.909912  3664.929932  3662.760010  3662.760010  3662.760010     6592766
2022-10-13 14:18:00-04:00  3662.790039  3663.479980  3661.610107  3662.870117  3662.870117     6687466
2022-10-13 14:20:00-04:00  3663.040039  3663.340088  3660.500000  3662.709961  3662.709961     8002198
2022-10-13 14:22:00-04:00  3662.739990  3663.229980  3660.449951  3662.429932  3662.429932     7538645
2022-10-13 14:24:00-04:00  3662.429932  3662.520020  3657.909912  3657.979980  3657.979980     7375003
2022-10-13 14:26:00-04:00  3657.989990  3657.989990  3651.590088  3651.590088  3651.590088    10033111
2022-10-13 14:28:00-04:00  3651.540039  3652.959961  3650.709961  3651.429932  3651.429932     9260551
2022-10-13 14:30:00-04:00  3651.409912  3656.229980  3651.409912  3656.080078  3656.080078     7685812
2022-10-13 14:32:00-04:00  3656.209961  3656.209961  3654.560059  3654.929932  3654.929932     6990679
2022-10-13 14:34:00-04:00  3654.899902  3656.919922  3654.399902  3656.620117  3656.620117     9555793
2022-10-13 14:36:00-04:00  3656.709961  3663.199951  3656.110107  3663.199951  3663.199951    10325386
2022-10-13 14:38:00-04:00  3663.530029  3664.540039  3661.899902  3663.469971  3663.469971     8841766
2022-10-13 14:40:00-04:00  3663.449951  3663.580078  3661.149902  3662.290039  3662.290039     7736669
2022-10-13 14:42:00-04:00  3662.340088  3665.850098  3661.189941  3665.739990  3665.739990     9914167
2022-10-13 14:44:00-04:00  3665.719971  3667.169922  3665.679932  3666.919922  3666.919922     8941613
2022-10-13 14:46:00-04:00  3666.870117  3667.610107  3665.840088  3666.530029  3666.530029     7660416
2022-10-13 14:48:00-04:00  3666.520020  3672.000000  3666.520020  3669.179932  3669.179932    10287046
2022-10-13 14:50:00-04:00  3669.159912  3670.219971  3668.030029  3670.219971  3670.219971     7317244
2022-10-13 14:52:00-04:00  3670.159912  3672.469971  3670.139893  3671.290039  3671.290039     8493138
2022-10-13 14:54:00-04:00  3671.310059  3676.149902  3671.310059  3675.260010  3675.260010    12976139
2022-10-13 14:56:00-04:00  3675.330078  3680.340088  3674.469971  3679.629883  3679.629883    10547707
2022-10-13 14:58:00-04:00  3679.239990  3681.479980  3678.620117  3678.620117  3678.620117    12487919
2022-10-13 15:00:00-04:00  3678.699951  3678.699951  3672.989990  3675.580078  3675.580078    12876121
2022-10-13 15:02:00-04:00  3675.570068  3676.459961  3674.620117  3675.989990  3675.989990     7729217
2022-10-13 15:04:00-04:00  3676.000000  3677.389893  3674.459961  3677.189941  3677.189941     8395429
2022-10-13 15:06:00-04:00  3677.189941  3683.370117  3677.080078  3682.820068  3682.820068    14190917
2022-10-13 15:08:00-04:00  3682.850098  3684.840088  3681.969971  3684.840088  3684.840088    13572645
2022-10-13 15:10:00-04:00  3684.879883  3685.409912  3682.389893  3683.929932  3683.929932     9862553
2022-10-13 15:12:00-04:00  3684.260010  3684.560059  3681.060059  3681.060059  3681.060059    13034234
2022-10-13 15:14:00-04:00  3681.040039  3682.000000  3677.959961  3678.090088  3678.090088     8692183
2022-10-13 15:16:00-04:00  3680.989990  3683.429932  3680.969971  3682.679932  3682.679932    14855560
2022-10-13 15:18:00-04:00  3682.560059  3683.270020  3680.050049  3680.080078  3680.080078    11514628
2022-10-13 15:20:00-04:00  3680.020020  3680.020020  3674.979980  3676.699951  3676.699951    13615830
2022-10-13 15:22:00-04:00  3676.669922  3676.870117  3674.129883  3676.000000  3676.000000    10993198
2022-10-13 15:24:00-04:00  3676.350098  3677.139893  3675.120117  3675.860107  3675.860107    11125350
2022-10-13 15:26:00-04:00  3675.830078  3676.620117  3672.399902  3673.429932  3673.429932    13928084
2022-10-13 15:28:00-04:00  3673.399902  3674.379883  3671.040039  3671.959961  3671.959961    13899359
2022-10-13 15:30:00-04:00  3671.820068  3676.649902  3670.959961  3676.429932  3676.429932    17264877
2022-10-13 15:32:00-04:00  3676.379883  3676.530029  3663.459961  3663.459961  3663.459961    18139973
2022-10-13 15:34:00-04:00  3663.560059  3666.459961  3663.379883  3663.610107  3663.610107    15179578
2022-10-13 15:36:00-04:00  3663.530029  3664.489990  3661.280029  3661.280029  3661.280029    14735477
2022-10-13 15:38:00-04:00  3661.310059  3667.870117  3661.310059  3667.699951  3667.699951    15311944
2022-10-13 15:40:00-04:00  3667.689941  3667.729980  3663.479980  3666.959961  3666.959961    16977467
2022-10-13 15:42:00-04:00  3667.010010  3670.120117  3664.939941  3669.959961  3669.959961    16115558
2022-10-13 15:44:00-04:00  3669.790039  3672.669922  3668.969971  3671.939941  3671.939941    21205566
2022-10-13 15:46:00-04:00  3671.889893  3675.750000  3670.169922  3675.750000  3675.750000    19836981
2022-10-13 15:48:00-04:00  3675.860107  3676.320068  3672.649902  3672.649902  3672.649902    19016267
2022-10-13 15:50:00-04:00  3673.169922  3675.610107  3667.090088  3674.639893  3674.639893    33265990
2022-10-13 15:52:00-04:00  3674.770020  3680.729980  3673.979980  3680.050049  3680.050049    31275556
2022-10-13 15:54:00-04:00  3680.080078  3681.360107  3672.929932  3673.780029  3673.780029    31617567
2022-10-13 15:56:00-04:00  3673.500000  3674.439941  3671.300049  3672.790039  3672.790039    32417155
2022-10-13 15:58:00-04:00  3673.050049  3673.290039  3668.689941  3669.479980  3669.479980    31278144
2022-10-14 09:30:00-04:00  3690.409912  3699.169922  3690.409912  3693.169922  3693.169922    48673331
2022-10-14 09:32:00-04:00  3693.250000  3701.979980  3689.629883  3691.979980  3691.979980    26777596
2022-10-14 09:34:00-04:00  3691.489990  3694.030029  3686.590088  3689.870117  3689.870117    22522868
2022-10-14 09:36:00-04:00  3689.520020  3699.040039  3689.520020  3698.219971  3698.219971   141958848
2022-10-14 09:38:00-04:00  3698.409912  3712.000000  3696.879883  3711.330078  3711.330078    20968637
2022-10-14 09:40:00-04:00  3711.110107  3711.149902  3693.929932  3695.429932  3695.429932    21445002
2022-10-14 09:42:00-04:00  3696.100098  3696.649902  3686.159912  3686.580078  3686.580078    16671083
2022-10-14 09:44:00-04:00  3686.330078  3687.719971  3674.149902  3674.729980  3674.729980    19383858
2022-10-14 09:46:00-04:00  3674.719971  3680.699951  3672.510010  3676.669922  3676.669922    18602212
2022-10-14 09:48:00-04:00  3677.500000  3679.239990  3673.840088  3678.899902  3678.899902    17556099
2022-10-14 09:50:00-04:00  3677.979980  3685.120117  3674.860107  3675.149902  3675.149902    18384348
2022-10-14 09:52:00-04:00  3675.139893  3677.209961  3671.350098  3676.020020  3676.020020    15800334
2022-10-14 09:54:00-04:00  3676.310059  3681.909912  3673.270020  3681.659912  3681.659912    16159531
2022-10-14 09:56:00-04:00  3681.520020  3682.399902  3676.120117  3676.120117  3676.120117    37484002
2022-10-14 09:58:00-04:00  3676.179932  3677.580078  3675.100098  3677.370117  3677.370117     7832950
2022-10-14 10:00:00-04:00  3654.399902  3657.149902  3645.979980  3646.520020  3646.520020    40048169
2022-10-14 10:02:00-04:00  3646.129883  3661.429932  3644.879883  3658.250000  3658.250000    19390915
2022-10-14 10:04:00-04:00  3658.199951  3667.409912  3655.580078  3662.159912  3662.159912    15290507
2022-10-14 10:06:00-04:00  3662.350098  3663.280029  3651.050049  3651.959961  3651.959961    13480123
2022-10-14 10:08:00-04:00  3651.229980  3658.850098  3650.459961  3652.689941  3652.689941    12392916
2022-10-14 10:10:00-04:00  3652.669922  3655.020020  3638.610107  3638.610107  3638.610107    15626853
2022-10-14 10:12:00-04:00  3637.570068  3640.629883  3633.850098  3634.159912  3634.159912    18610482
2022-10-14 10:14:00-04:00  3634.050049  3635.340088  3628.620117  3635.340088  3635.340088    15963742
2022-10-14 10:16:00-04:00  3635.810059  3635.810059  3631.750000  3634.419922  3634.419922    11176643
2022-10-14 10:18:00-04:00  3634.360107  3635.969971  3629.310059  3632.429932  3632.429932    13266558
2022-10-14 10:20:00-04:00  3633.050049  3633.050049  3619.790039  3619.790039  3619.790039    16434639
2022-10-14 10:22:00-04:00  3619.790039  3623.929932  3617.360107  3622.590088  3622.590088    14555275
2022-10-14 10:24:00-04:00  3622.790039  3623.239990  3620.080078  3620.800049  3620.800049    11380261
2022-10-14 10:26:00-04:00  3621.409912  3624.429932  3617.689941  3619.699951  3619.699951    13437069
2022-10-14 10:28:00-04:00  3619.879883  3633.600098  3619.639893  3630.129883  3630.129883    15438236
2022-10-14 10:30:00-04:00  3630.120117  3637.310059  3629.429932  3636.560059  3636.560059   614083238
2022-10-14 10:32:00-04:00  3636.770020  3637.260010  3632.750000  3633.379883  3633.379883    11924904
2022-10-14 10:34:00-04:00  3633.360107  3633.510010  3629.429932  3631.649902  3631.649902    12328022
2022-10-14 10:36:00-04:00  3631.669922  3635.370117  3631.360107  3633.929932  3633.929932    10331220
2022-10-14 10:38:00-04:00  3633.909912  3634.159912  3627.679932  3631.360107  3631.360107    10936016
2022-10-14 10:40:00-04:00  3631.360107  3631.850098  3625.840088  3626.479980  3626.479980   672160926
2022-10-14 10:42:00-04:00  3626.379883  3628.310059  3616.449951  3617.620117  3617.620117    12504227
2022-10-14 10:44:00-04:00  3618.020020  3619.050049  3614.270020  3615.139893  3615.139893     7887583
2022-10-14 10:46:00-04:00  3616.689941  3622.469971  3615.250000  3617.739990  3617.739990    13536089
2022-10-14 10:48:00-04:00  3617.709961  3617.750000  3614.360107  3615.479980  3615.479980     7418481
2022-10-14 10:50:00-04:00  3615.639893  3624.340088  3614.610107  3622.639893  3622.639893     9896050
2022-10-14 10:52:00-04:00  3622.209961  3626.659912  3622.209961  3626.659912  3626.659912     7453294
2022-10-14 10:54:00-04:00  3627.719971  3628.370117  3626.469971  3628.219971  3628.219971   746357073
2022-10-14 10:56:00-04:00  3628.159912  3632.969971  3627.229980  3632.629883  3632.629883    10968987
2022-10-14 10:58:00-04:00  3632.790039  3633.250000  3629.669922  3630.850098  3630.850098     9370755
2022-10-14 11:00:00-04:00  3630.899902  3642.379883  3630.899902  3641.209961  3641.209961    15710264
2022-10-14 11:02:00-04:00  3641.100098  3641.760010  3636.620117  3641.719971  3641.719971     8480554
2022-10-14 11:04:00-04:00  3644.310059  3644.479980  3638.389893  3638.389893  3638.389893    15025497
2022-10-14 11:06:00-04:00  3638.209961  3641.370117  3637.489990  3639.330078  3639.330078     9528262
2022-10-14 11:08:00-04:00  3639.320068  3639.760010  3632.699951  3634.179932  3634.179932    12383787
2022-10-14 11:10:00-04:00  3634.270020  3635.389893  3627.729980  3627.919922  3627.919922    11454857
2022-10-14 11:12:00-04:00  3627.550049  3628.810059  3625.979980  3626.010010  3626.010010     9361142
2022-10-14 11:14:00-04:00  3625.899902  3627.229980  3624.060059  3624.679932  3624.679932     9610910
2022-10-14 11:16:00-04:00  3624.639893  3624.699951  3620.010010  3620.659912  3620.659912     7577779
2022-10-14 11:18:00-04:00  3619.209961  3620.959961  3617.830078  3619.510010  3619.510010     8975339
2022-10-14 11:20:00-04:00  3623.560059  3627.659912  3623.560059  3627.639893  3627.639893    11616963
2022-10-14 11:22:00-04:00  3629.830078  3629.830078  3626.120117  3626.550049  3626.550049    11450758
2022-10-14 11:24:00-04:00  3626.489990  3632.639893  3625.780029  3631.239990  3631.239990     9296943
2022-10-14 11:26:00-04:00  3631.169922  3631.540039  3628.080078  3631.000000  3631.000000     8754906
2022-10-14 11:28:00-04:00  3630.810059  3632.850098  3629.179932  3632.110107  3632.110107     8863871
2022-10-14 11:30:00-04:00  3632.169922  3632.209961  3623.449951  3625.899902  3625.899902    14198581
2022-10-14 11:32:00-04:00  3626.060059  3628.580078  3624.449951  3625.149902  3625.149902     9187211
2022-10-14 11:34:00-04:00  3625.139893  3625.639893  3618.689941  3618.729980  3618.729980    10248464
2022-10-14 11:36:00-04:00  3618.790039  3622.000000  3616.810059  3617.669922  3617.669922     9006227
2022-10-14 11:38:00-04:00  3617.949951  3623.860107  3617.510010  3623.580078  3623.580078     8674630
2022-10-14 11:40:00-04:00  3623.520020  3626.389893  3623.179932  3625.280029  3625.280029     7199573
2022-10-14 11:42:00-04:00  3625.100098  3625.100098  3615.429932  3615.429932  3615.429932     9411851
2022-10-14 11:44:00-04:00  3615.379883  3618.580078  3612.280029  3612.280029  3612.280029     9770326
2022-10-14 11:46:00-04:00  3611.899902  3612.649902  3608.790039  3612.510010  3612.510010  1013461665
2022-10-14 11:48:00-04:00  3610.830078  3611.709961  3609.489990  3609.669922  3609.669922     8446816
2022-10-14 11:50:00-04:00  3614.070068  3614.699951  3610.000000  3610.280029  3610.280029    10691326
2022-10-14 11:52:00-04:00  3610.149902  3610.209961  3604.649902  3608.679932  3608.679932    10344649
2022-10-14 11:54:00-04:00  3608.760010  3609.750000  3607.719971  3607.969971  3607.969971     6881281
2022-10-14 11:56:00-04:00  3607.959961  3612.120117  3607.879883  3612.000000  3612.000000     7604607
2022-10-14 11:58:00-04:00  3612.110107  3612.689941  3607.879883  3608.110107  3608.110107     7288565
2022-10-14 12:00:00-04:00  3608.010010  3614.270020  3606.439941  3613.510010  3613.510010    11217420
2022-10-14 12:02:00-04:00  3613.510010  3617.030029  3611.110107  3616.780029  3616.780029     7427052
2022-10-14 12:04:00-04:00  3616.750000  3619.850098  3613.239990  3613.239990  3613.239990     9981869
2022-10-14 12:06:00-04:00  3613.250000  3615.199951  3611.310059  3611.370117  3611.370117     6458305
2022-10-14 12:08:00-04:00  3611.129883  3611.129883  3601.709961  3601.709961  3601.709961     9534464
2022-10-14 12:10:00-04:00  3602.479980  3603.820068  3600.250000  3600.590088  3600.590088    12629963
2022-10-14 12:12:00-04:00  3600.489990  3600.570068  3597.439941  3598.070068  3598.070068     9315892
2022-10-14 12:14:00-04:00  3598.189941  3599.110107  3597.020020  3597.320068  3597.320068     5488058
2022-10-14 12:18:00-04:00  3598.479980  3602.570068  3598.479980  3602.449951  3602.449951  1157883028
2022-10-14 12:20:00-04:00  3602.429932  3603.310059  3599.149902  3603.189941  3603.189941     9416337
2022-10-14 12:22:00-04:00  3603.340088  3605.100098  3602.110107  3603.280029  3603.280029     7337652
2022-10-14 12:24:00-04:00  3603.229980  3604.300049  3602.260010  3603.600098  3603.600098     7160406
2022-10-14 12:26:00-04:00  3603.610107  3606.080078  3603.189941  3603.540039  3603.540039     8244699
2022-10-14 12:28:00-04:00  3603.520020  3603.520020  3602.169922  3602.449951  3602.449951     3093632
2022-10-14 12:30:00-04:00  3608.020020  3610.629883  3608.010010  3608.010010  3608.010010  1205642536
2022-10-14 12:32:00-04:00  3608.000000  3608.229980  3604.429932  3604.639893  3604.639893     7319673
2022-10-14 12:34:00-04:00  3604.709961  3608.469971  3603.209961  3608.419922  3608.419922     8104587
2022-10-14 12:36:00-04:00  3608.419922  3611.449951  3607.959961  3611.290039  3611.290039     7012169
2022-10-14 12:38:00-04:00  3611.340088  3612.689941  3609.629883  3610.219971  3610.219971     7033784
2022-10-14 12:40:00-04:00  3610.229980  3612.669922  3609.389893  3612.669922  3612.669922     6222635
2022-10-14 12:42:00-04:00  3612.689941  3617.189941  3612.310059  3617.010010  3617.010010     8153471
2022-10-14 12:44:00-04:00  3617.070068  3617.439941  3614.179932  3614.939941  3614.939941     7673469
2022-10-14 12:46:00-04:00  3614.969971  3615.370117  3611.129883  3611.610107  3611.610107     6754061
2022-10-14 12:48:00-04:00  3611.709961  3612.030029  3608.169922  3608.199951  3608.199951     6320467
2022-10-14 12:50:00-04:00  3608.020020  3608.020020  3602.189941  3603.139893  3603.139893     7595153
2022-10-14 12:52:00-04:00  3603.149902  3605.040039  3602.709961  3604.729980  3604.729980     5888334
2022-10-14 12:54:00-04:00  3605.030029  3605.659912  3602.969971  3603.129883  3603.129883     5977913
2022-10-14 12:56:00-04:00  3603.219971  3604.550049  3602.870117  3602.909912  3602.909912     5098285
2022-10-14 12:58:00-04:00  3602.580078  3603.679932  3602.120117  3603.510010  3603.510010     4777658
2022-10-14 13:00:00-04:00  3603.489990  3611.610107  3603.110107  3610.479980  3610.479980     9402714
2022-10-14 13:02:00-04:00  3610.489990  3611.719971  3609.379883  3610.719971  3610.719971     6192230
2022-10-14 13:04:00-04:00  3610.590088  3610.909912  3603.899902  3603.899902  3603.899902     7995024
2022-10-14 13:06:00-04:00  3603.850098  3603.850098  3598.879883  3601.679932  3601.679932     8839609
2022-10-14 13:08:00-04:00  3601.699951  3601.699951  3599.939941  3600.600098  3600.600098     5101161
2022-10-14 13:10:00-04:00  3600.600098  3604.250000  3600.590088  3604.010010  3604.010010     7182145
2022-10-14 13:12:00-04:00  3603.860107  3603.860107  3599.360107  3599.550049  3599.550049     7116624
2022-10-14 13:14:00-04:00  3599.540039  3599.590088  3598.409912  3599.050049  3599.050049     4311636
2022-10-14 13:16:00-04:00  3600.209961  3601.520020  3598.590088  3601.520020  3601.520020     7274199
2022-10-14 13:18:00-04:00  3602.020020  3602.600098  3600.780029  3600.780029  3600.780029     6771406
2022-10-14 13:20:00-04:00  3600.750000  3600.750000  3597.320068  3598.129883  3598.129883     6658666
2022-10-14 13:22:00-04:00  3597.939941  3603.310059  3595.969971  3602.149902  3602.149902     9394941
2022-10-14 13:24:00-04:00  3602.229980  3602.729980  3599.830078  3599.850098  3599.850098     5251470
2022-10-14 13:26:00-04:00  3599.790039  3600.300049  3598.699951  3600.000000  3600.000000     5538593
2022-10-14 13:28:00-04:00  3600.020020  3604.669922  3599.879883  3604.570068  3604.570068     6693771
2022-10-14 13:30:00-04:00  3604.409912  3607.770020  3603.300049  3607.449951  3607.449951     5114022
2022-10-14 13:32:00-04:00  3607.120117  3607.989990  3606.389893  3607.989990  3607.989990     7929720
2022-10-14 13:34:00-04:00  3607.959961  3609.030029  3605.860107  3605.860107  3605.860107     7803145
2022-10-14 13:36:00-04:00  3605.810059  3605.810059  3602.689941  3604.820068  3604.820068     7177931
2022-10-14 13:38:00-04:00  3604.860107  3609.030029  3604.780029  3607.159912  3607.159912     7596643
2022-10-14 13:40:00-04:00  3607.179932  3610.159912  3606.389893  3606.429932  3606.429932     7853744
2022-10-14 13:42:00-04:00  3606.100098  3607.610107  3604.020020  3607.260010  3607.260010     7007358
2022-10-14 13:44:00-04:00  3607.350098  3607.350098  3604.360107  3606.889893  3606.889893     6503022
2022-10-14 13:46:00-04:00  3606.889893  3609.040039  3606.889893  3607.350098  3607.350098     6111448
2022-10-14 13:48:00-04:00  3607.340088  3609.129883  3606.330078  3607.409912  3607.409912     6219049
2022-10-14 13:50:00-04:00  3607.340088  3607.340088  3603.080078  3603.350098  3603.350098     6822239
2022-10-14 13:52:00-04:00  3603.379883  3605.590088  3603.379883  3604.629883  3604.629883     3359169
2022-10-14 13:54:00-04:00  3605.600098  3606.760010  3605.500000  3606.570068  3606.570068  1488187279
2022-10-14 13:56:00-04:00  3607.290039  3607.379883  3605.260010  3607.350098  3607.350098  1498579765
2022-10-14 13:58:00-04:00  3607.429932  3611.290039  3607.020020  3611.179932  3611.179932     8435083
2022-10-14 14:00:00-04:00  3611.250000  3611.250000  3605.399902  3605.449951  3605.449951     8559229
2022-10-14 14:02:00-04:00  3605.409912  3607.110107  3605.350098  3605.919922  3605.919922     6134927
2022-10-14 14:04:00-04:00  3605.879883  3607.419922  3605.139893  3606.100098  3606.100098     6977265
2022-10-14 14:06:00-04:00  3606.100098  3606.290039  3601.110107  3602.060059  3602.060059     7673083
2022-10-14 14:08:00-04:00  3602.090088  3606.560059  3601.570068  3603.409912  3603.409912     7781546
2022-10-14 14:10:00-04:00  3603.379883  3603.379883  3600.500000  3601.790039  3601.790039     6709441
2022-10-14 14:12:00-04:00  3601.760010  3601.760010  3597.729980  3597.800049  3597.800049     7272748
2022-10-14 14:14:00-04:00  3597.780029  3599.229980  3597.590088  3597.590088  3597.590088     7059469
2022-10-14 14:16:00-04:00  3597.510010  3597.510010  3591.780029  3591.870117  3591.870117     9141628
2022-10-14 14:18:00-04:00  3591.870117  3594.050049  3591.439941  3591.739990  3591.739990     7058008
2022-10-14 14:20:00-04:00  3591.739990  3593.100098  3591.620117  3592.800049  3592.800049     5461601
2022-10-14 14:22:00-04:00  3592.760010  3594.310059  3591.830078  3592.780029  3592.780029     9284635
2022-10-14 14:24:00-04:00  3592.810059  3594.489990  3591.540039  3591.899902  3591.899902     6839063
2022-10-14 14:26:00-04:00  3591.830078  3591.830078  3588.879883  3590.780029  3590.780029     9131221
2022-10-14 14:28:00-04:00  3590.750000  3594.340088  3590.270020  3594.010010  3594.010010     8560660
2022-10-14 14:30:00-04:00  3593.989990  3594.310059  3591.780029  3594.270020  3594.270020     8014621
2022-10-14 14:32:00-04:00  3594.280029  3594.949951  3591.110107  3591.800049  3591.800049     8315889
2022-10-14 14:34:00-04:00  3591.719971  3593.330078  3591.219971  3591.939941  3591.939941     7358932
2022-10-14 14:36:00-04:00  3591.919922  3592.469971  3590.389893  3591.909912  3591.909912     7532748
2022-10-14 14:38:00-04:00  3591.879883  3593.239990  3591.449951  3591.449951  3591.449951     5477475
2022-10-14 14:40:00-04:00  3591.469971  3591.649902  3586.290039  3589.899902  3589.899902    11087489
2022-10-14 14:42:00-04:00  3590.060059  3592.320068  3588.919922  3591.629883  3591.629883     7164418
2022-10-14 14:44:00-04:00  3591.889893  3592.280029  3590.429932  3590.739990  3590.739990     5510973
2022-10-14 14:46:00-04:00  3590.780029  3591.070068  3587.679932  3588.060059  3588.060059     6938542
2022-10-14 14:48:00-04:00  3588.489990  3592.679932  3588.360107  3592.679932  3592.679932     9472388
2022-10-14 14:50:00-04:00  3592.590088  3592.699951  3590.679932  3592.229980  3592.229980     6447936
2022-10-14 14:52:00-04:00  3592.260010  3593.120117  3591.439941  3592.790039  3592.790039     6956873
2022-10-14 14:54:00-04:00  3592.709961  3594.129883  3589.909912  3593.969971  3593.969971     5534819
2022-10-14 14:56:00-04:00  3591.860107  3593.070068  3591.689941  3592.919922  3592.919922     9730754
2022-10-14 14:58:00-04:00  3593.149902  3594.449951  3590.689941  3594.449951  3594.449951     7799766
2022-10-14 15:00:00-04:00  3594.459961  3599.270020  3594.350098  3598.550049  3598.550049    12195820
2022-10-14 15:02:00-04:00  3598.600098  3601.719971  3597.260010  3601.679932  3601.679932     7692822
2022-10-14 15:04:00-04:00  3602.290039  3602.290039  3596.449951  3596.449951  3596.449951    13938033
2022-10-14 15:06:00-04:00  3596.370117  3599.060059  3594.379883  3594.429932  3594.429932  1777359331
2022-10-14 15:08:00-04:00  3594.320068  3594.320068  3592.179932  3593.280029  3593.280029     8772749
2022-10-14 15:10:00-04:00  3593.260010  3594.679932  3592.020020  3594.439941  3594.439941     9526130
2022-10-14 15:12:00-04:00  3594.429932  3594.429932  3588.179932  3589.100098  3589.100098    10720229
2022-10-14 15:14:00-04:00  3589.040039  3590.500000  3585.340088  3588.129883  3588.129883    12416259
2022-10-14 15:16:00-04:00  3588.100098  3588.100098  3584.860107  3584.860107  3584.860107     8628166
2022-10-14 15:18:00-04:00  3584.979980  3588.419922  3584.979980  3588.419922  3588.419922    11153686
2022-10-14 15:20:00-04:00  3588.429932  3589.649902  3587.189941  3588.209961  3588.209961    10380301
2022-10-14 15:22:00-04:00  3588.219971  3593.500000  3588.209961  3592.510010  3592.510010    10868623
2022-10-14 15:24:00-04:00  3592.510010  3594.439941  3592.290039  3593.699951  3593.699951     8706954
2022-10-14 15:26:00-04:00  3592.280029  3594.959961  3592.270020  3594.729980  3594.729980    14535360
2022-10-14 15:28:00-04:00  3594.709961  3597.820068  3594.709961  3597.280029  3597.280029    11317817
2022-10-14 15:30:00-04:00  3597.270020  3597.270020  3593.199951  3594.419922  3594.419922    15268419
2022-10-14 15:32:00-04:00  3594.379883  3597.979980  3593.229980  3596.800049  3596.800049    14048576
2022-10-14 15:34:00-04:00  3596.840088  3603.989990  3596.840088  3603.370117  3603.370117    15778728
2022-10-14 15:36:00-04:00  3603.360107  3603.360107  3596.669922  3596.780029  3596.780029  1954442655
2022-10-14 15:38:00-04:00  3596.810059  3596.949951  3594.149902  3596.070068  3596.070068    14394459
2022-10-14 15:40:00-04:00  3596.070068  3596.399902  3591.860107  3592.580078  3592.580078    14258492
2022-10-14 15:42:00-04:00  3592.820068  3595.340088  3592.699951  3594.699951  3594.699951    15651252
2022-10-14 15:44:00-04:00  3594.649902  3595.530029  3591.500000  3591.500000  3591.500000    17470053
2022-10-14 15:46:00-04:00  3591.350098  3592.330078  3589.290039  3589.449951  3589.449951    18030807
2022-10-14 15:48:00-04:00  3589.429932  3592.800049  3588.649902  3592.800049  3592.800049    20290481
2022-10-14 15:50:00-04:00  3593.120117  3596.669922  3593.120117  3593.659912  3593.659912    33203183
2022-10-14 15:52:00-04:00  3593.080078  3595.820068  3592.929932  3594.360107  3594.360107    29243448
2022-10-14 15:54:00-04:00  3594.340088  3595.159912  3585.060059  3585.060059  3585.060059    31109128
2022-10-14 15:56:00-04:00  3584.750000  3586.320068  3582.149902  3582.739990  3582.739990    34621571
2022-10-14 15:58:00-04:00  3582.469971  3586.169922  3579.679932  3585.729980  3585.729980    33018218
2022-10-17 09:30:00-04:00  3647.469971  3657.139893  3647.469971  3656.909912  3656.909912    38803838
2022-10-17 09:32:00-04:00  3662.969971  3664.459961  3661.260010  3661.489990  3661.489990    95410880
2022-10-17 09:34:00-04:00  3661.719971  3669.550049  3660.959961  3668.570068  3668.570068    21156591
2022-10-17 09:36:00-04:00  3668.739990  3675.159912  3668.739990  3673.760010  3673.760010    19768690
2022-10-17 09:38:00-04:00  3673.780029  3675.379883  3671.399902  3675.379883  3675.379883    18223449
2022-10-17 09:40:00-04:00  3675.429932  3682.570068  3675.429932  3682.570068  3682.570068    23528695
2022-10-17 09:42:00-04:00  3682.520020  3683.070068  3676.669922  3679.600098  3679.600098    19093849
2022-10-17 09:44:00-04:00  3679.469971  3681.179932  3673.080078  3673.209961  3673.209961    21726309
2022-10-17 09:46:00-04:00  3673.129883  3673.379883  3671.669922  3672.909912  3672.909912    15133323
2022-10-17 09:48:00-04:00  3672.840088  3679.050049  3672.469971  3679.050049  3679.050049    17511146
2022-10-17 09:50:00-04:00  3679.149902  3681.919922  3676.469971  3677.879883  3677.879883    16168495
2022-10-17 09:52:00-04:00  3678.340088  3678.479980  3673.479980  3675.300049  3675.300049    14660822
2022-10-17 09:54:00-04:00  3675.429932  3677.399902  3673.350098  3673.750000  3673.750000    16063209
2022-10-17 09:56:00-04:00  3673.750000  3674.070068  3666.810059  3669.729980  3669.729980    13929890
2022-10-17 09:58:00-04:00  3669.699951  3670.699951  3666.659912  3668.620117  3668.620117    13723670
2022-10-17 10:00:00-04:00  3668.770020  3674.000000  3667.189941  3667.919922  3667.919922    18836215
2022-10-17 10:02:00-04:00  3668.040039  3672.379883  3668.040039  3672.330078  3672.330078    13352654
2022-10-17 10:04:00-04:00  3672.280029  3675.100098  3670.629883  3673.729980  3673.729980    14862629
2022-10-17 10:06:00-04:00  3673.340088  3675.639893  3670.620117  3675.639893  3675.639893    14481603
2022-10-17 10:08:00-04:00  3675.620117  3677.320068  3673.169922  3673.229980  3673.229980    13316461
2022-10-17 10:10:00-04:00  3673.129883  3680.500000  3673.050049  3679.709961  3679.709961    22878290
2022-10-17 10:12:00-04:00  3679.790039  3684.919922  3678.489990  3684.340088  3684.340088    13936660
2022-10-17 10:14:00-04:00  3684.520020  3689.120117  3684.370117  3688.340088  3688.340088    15447973
2022-10-17 10:16:00-04:00  3688.409912  3689.320068  3685.639893  3686.889893  3686.889893    13417248
2022-10-17 10:18:00-04:00  3686.889893  3686.889893  3684.919922  3685.580078  3685.580078    10766651
2022-10-17 10:20:00-04:00  3685.659912  3689.729980  3685.659912  3686.209961  3686.209961    12115239
2022-10-17 10:22:00-04:00  3685.949951  3685.949951  3680.989990  3681.979980  3681.979980    11081120
2022-10-17 10:24:00-04:00  3681.729980  3681.729980  3677.310059  3677.489990  3677.489990     9176965
2022-10-17 10:26:00-04:00  3677.479980  3678.419922  3677.350098  3678.239990  3678.239990     9335137
2022-10-17 10:28:00-04:00  3678.209961  3678.449951  3676.330078  3677.780029  3677.780029    12796640
2022-10-17 10:30:00-04:00  3677.750000  3678.889893  3675.129883  3676.649902  3676.649902    11694301
2022-10-17 10:32:00-04:00  3676.610107  3681.070068  3676.189941  3676.189941  3676.189941    11158707
2022-10-17 10:34:00-04:00  3676.159912  3679.760010  3673.189941  3679.459961  3679.459961    11588516
2022-10-17 10:36:00-04:00  3679.350098  3681.189941  3679.080078  3680.510010  3680.510010    10634612
2022-10-17 10:38:00-04:00  3680.580078  3680.580078  3677.330078  3678.729980  3678.729980    10141473
2022-10-17 10:40:00-04:00  3678.989990  3680.250000  3677.320068  3679.399902  3679.399902    10517371
2022-10-17 10:42:00-04:00  3679.409912  3680.129883  3677.860107  3679.540039  3679.540039     8833883
2022-10-17 10:44:00-04:00  3679.530029  3679.790039  3676.669922  3678.530029  3678.530029    13883441
2022-10-17 10:46:00-04:00  3678.530029  3678.850098  3676.750000  3677.229980  3677.229980     9937977
2022-10-17 10:48:00-04:00  3677.330078  3677.330078  3673.280029  3673.989990  3673.989990    10826757
2022-10-17 10:50:00-04:00  3674.780029  3674.780029  3663.179932  3665.550049  3665.550049    21238727
2022-10-17 10:52:00-04:00  3665.459961  3666.659912  3662.939941  3663.620117  3663.620117    18774990
2022-10-17 10:54:00-04:00  3663.639893  3665.669922  3661.850098  3665.550049  3665.550049    11973821
2022-10-17 10:56:00-04:00  3665.419922  3665.469971  3659.949951  3661.719971  3661.719971     8822750
2022-10-17 10:58:00-04:00  3663.739990  3665.120117  3663.620117  3664.600098  3664.600098    13198957
2022-10-17 11:00:00-04:00  3664.679932  3668.550049  3664.550049  3667.620117  3667.620117    11015214
2022-10-17 11:02:00-04:00  3667.419922  3670.760010  3666.790039  3670.110107  3670.110107     9576170
2022-10-17 11:04:00-04:00  3669.979980  3670.129883  3667.889893  3667.889893  3667.889893    10058635
2022-10-17 11:06:00-04:00  3667.889893  3667.989990  3664.889893  3664.889893  3664.889893    11750200
2022-10-17 11:08:00-04:00  3664.820068  3665.219971  3661.199951  3661.520020  3661.520020     9265227
2022-10-17 11:10:00-04:00  3661.580078  3662.409912  3661.489990  3662.370117  3662.370117     2382719
2022-10-17 11:12:00-04:00  3665.739990  3666.050049  3663.810059  3664.489990  3664.489990    17417533
2022-10-17 11:14:00-04:00  3664.530029  3664.530029  3659.969971  3660.060059  3660.060059     6809188
2022-10-17 11:16:00-04:00  3658.850098  3661.209961  3658.760010  3660.250000  3660.250000    12737758
2022-10-17 11:18:00-04:00  3660.139893  3660.179932  3657.820068  3658.679932  3658.679932     8721329
2022-10-17 11:20:00-04:00  3658.629883  3661.479980  3658.260010  3660.919922  3660.919922    10762464
2022-10-17 11:22:00-04:00  3661.100098  3666.229980  3660.590088  3666.090088  3666.090088     9840149
2022-10-17 11:24:00-04:00  3666.169922  3668.760010  3666.040039  3668.760010  3668.760010    10436965
2022-10-17 11:26:00-04:00  3668.709961  3669.739990  3667.919922  3669.560059  3669.560059     8862863
2022-10-17 11:28:00-04:00  3669.679932  3674.340088  3669.679932  3674.149902  3674.149902    10492628
2022-10-17 11:30:00-04:00  3674.129883  3674.689941  3671.909912  3673.760010  3673.760010    11285580
2022-10-17 11:32:00-04:00  3673.750000  3675.929932  3672.479980  3675.889893  3675.889893     9429288
2022-10-17 11:34:00-04:00  3675.659912  3676.389893  3674.110107  3675.030029  3675.030029     9707257
2022-10-17 11:36:00-04:00  3675.110107  3675.320068  3672.969971  3673.639893  3673.639893     7819158
2022-10-17 11:38:00-04:00  3673.689941  3676.739990  3673.500000  3676.729980  3676.729980     8163045
2022-10-17 11:40:00-04:00  3676.770020  3680.419922  3676.750000  3680.360107  3680.360107    10402926
2022-10-17 11:42:00-04:00  3680.340088  3682.070068  3677.350098  3677.530029  3677.530029     9520951
2022-10-17 11:44:00-04:00  3677.540039  3678.689941  3677.260010  3677.919922  3677.919922     6911207
2022-10-17 11:46:00-04:00  3677.919922  3678.159912  3677.209961  3677.870117  3677.870117     6134927
2022-10-17 11:48:00-04:00  3677.919922  3680.060059  3677.919922  3679.889893  3679.889893     7959483
2022-10-17 11:50:00-04:00  3679.840088  3680.149902  3678.340088  3680.060059  3680.060059     8857085
2022-10-17 11:52:00-04:00  3679.909912  3684.189941  3679.780029  3684.189941  3684.189941    10257404
2022-10-17 11:54:00-04:00  3684.260010  3685.020020  3680.760010  3680.760010  3680.760010    10133701
2022-10-17 11:56:00-04:00  3680.780029  3681.560059  3680.239990  3681.310059  3681.310059     7207655
2022-10-17 11:58:00-04:00  3681.330078  3681.389893  3679.409912  3679.870117  3679.870117     6839082
2022-10-17 12:00:00-04:00  3679.840088  3682.020020  3679.840088  3681.919922  3681.919922     7955352
2022-10-17 12:02:00-04:00  3682.040039  3682.419922  3679.070068  3679.120117  3679.120117     7777986
2022-10-17 12:04:00-04:00  3678.939941  3679.709961  3678.179932  3679.159912  3679.159912     4217300
2022-10-17 12:06:00-04:00  3679.620117  3684.810059  3679.620117  3684.580078  3684.580078  1027842997
2022-10-17 12:08:00-04:00  3684.620117  3686.199951  3684.270020  3686.090088  3686.090088     7753930
2022-10-17 12:10:00-04:00  3685.979980  3685.979980  3679.530029  3679.530029  3679.530029     8335725
2022-10-17 12:12:00-04:00  3679.580078  3679.580078  3675.159912  3676.649902  3676.649902     8344275
2022-10-17 12:14:00-04:00  3676.659912  3679.350098  3676.550049  3679.209961  3679.209961     6154366
2022-10-17 12:16:00-04:00  3679.169922  3679.379883  3676.800049  3677.139893  3677.139893     4503458
2022-10-17 12:18:00-04:00  3676.100098  3676.100098  3674.909912  3675.239990  3675.239990     7647751
2022-10-17 12:20:00-04:00  3675.149902  3675.320068  3673.500000  3673.929932  3673.929932     5587001
2022-10-17 12:22:00-04:00  3674.080078  3675.639893  3674.080078  3675.280029  3675.280029     8180426
2022-10-17 12:24:00-04:00  3675.250000  3676.300049  3675.110107  3675.909912  3675.909912     6775646
2022-10-17 12:26:00-04:00  3675.939941  3678.870117  3675.939941  3678.860107  3678.860107     8849484
2022-10-17 12:28:00-04:00  3678.899902  3680.629883  3678.899902  3679.229980  3679.229980     7216898
2022-10-17 12:30:00-04:00  3679.169922  3680.580078  3678.709961  3680.389893  3680.389893     7342886
2022-10-17 12:32:00-04:00  3680.459961  3683.110107  3679.620117  3683.110107  3683.110107     7836726
2022-10-17 12:34:00-04:00  3683.479980  3684.129883  3682.040039  3682.040039  3682.040039     8320975
2022-10-17 12:36:00-04:00  3682.050049  3682.350098  3678.469971  3679.379883  3679.379883     7226641
2022-10-17 12:38:00-04:00  3679.229980  3680.389893  3678.590088  3679.770020  3679.770020     5984298
2022-10-17 12:40:00-04:00  3679.889893  3679.909912  3677.399902  3677.770020  3677.770020     6822546
2022-10-17 12:42:00-04:00  3677.750000  3678.199951  3671.330078  3671.540039  3671.540039     8482593
2022-10-17 12:44:00-04:00  3671.530029  3675.280029  3670.790039  3671.110107  3671.110107     9512384
2022-10-17 12:46:00-04:00  3670.939941  3676.840088  3670.649902  3676.810059  3676.810059     7645212
2022-10-17 12:48:00-04:00  3676.590088  3677.159912  3674.770020  3676.020020  3676.020020  1183604562
2022-10-17 12:50:00-04:00  3676.070068  3676.939941  3674.840088  3676.679932  3676.679932     6375143
2022-10-17 12:52:00-04:00  3676.659912  3678.360107  3676.659912  3678.340088  3678.340088     5730454
2022-10-17 12:54:00-04:00  3678.300049  3679.250000  3677.520020  3677.540039  3677.540039     6384772
2022-10-17 12:56:00-04:00  3677.500000  3677.830078  3675.239990  3675.570068  3675.570068     6202099
2022-10-17 12:58:00-04:00  3675.080078  3676.620117  3674.379883  3676.000000  3676.000000     6811590
2022-10-17 13:00:00-04:00  3675.909912  3677.199951  3673.270020  3673.270020  3673.270020     6923547
2022-10-17 13:02:00-04:00  3673.270020  3673.399902  3670.780029  3673.399902  3673.399902     7264762
2022-10-17 13:04:00-04:00  3673.399902  3677.899902  3672.159912  3677.510010  3677.510010     8779328
2022-10-17 13:06:00-04:00  3677.429932  3678.530029  3676.090088  3678.520020  3678.520020     6860473
2022-10-17 13:08:00-04:00  3678.439941  3678.439941  3676.800049  3677.270020  3677.270020     5633554
2022-10-17 13:10:00-04:00  3676.919922  3677.120117  3675.899902  3676.939941  3676.939941     5917649
2022-10-17 13:12:00-04:00  3676.959961  3677.979980  3676.959961  3677.979980  3677.979980     2560759
2022-10-17 13:14:00-04:00  3677.770020  3677.959961  3676.639893  3677.840088  3677.840088  1264666020
2022-10-17 13:16:00-04:00  3678.750000  3680.520020  3677.820068  3677.820068  3677.820068  1277027733
2022-10-17 13:18:00-04:00  3677.830078  3677.830078  3674.669922  3674.729980  3674.729980     5000485
2022-10-17 13:20:00-04:00  3674.639893  3677.770020  3674.639893  3677.719971  3677.719971     9158486
2022-10-17 13:22:00-04:00  3677.840088  3680.459961  3677.709961  3680.459961  3680.459961     6638422
2022-10-17 13:24:00-04:00  3680.979980  3683.050049  3680.949951  3681.929932  3681.929932     7711453
2022-10-17 13:26:00-04:00  3681.889893  3681.969971  3680.399902  3681.770020  3681.770020     6252100
2022-10-17 13:28:00-04:00  3681.790039  3681.790039  3679.389893  3680.580078  3680.580078     6795278
2022-10-17 13:30:00-04:00  3680.580078  3681.639893  3680.090088  3680.620117  3680.620117     7248381
2022-10-17 13:32:00-04:00  3680.800049  3681.899902  3680.199951  3681.129883  3681.129883     7022291
2022-10-17 13:34:00-04:00  3681.080078  3681.790039  3680.820068  3681.469971  3681.469971     6625110
2022-10-17 13:36:00-04:00  3681.469971  3682.780029  3680.520020  3682.679932  3682.679932     6812322
2022-10-17 13:38:00-04:00  3682.669922  3682.909912  3682.330078  3682.709961  3682.709961     7616968
2022-10-17 13:40:00-04:00  3682.780029  3683.120117  3682.040039  3682.669922  3682.669922     6234108
2022-10-17 13:42:00-04:00  3682.659912  3682.659912  3680.899902  3682.030029  3682.030029     6975615
2022-10-17 13:44:00-04:00  3682.040039  3682.040039  3680.060059  3680.929932  3680.929932     5898196
2022-10-17 13:46:00-04:00  3680.929932  3683.959961  3680.889893  3683.719971  3683.719971     8163404
2022-10-17 13:48:00-04:00  3683.760010  3686.679932  3683.310059  3685.750000  3685.750000     8204509
2022-10-17 13:50:00-04:00  3685.729980  3686.979980  3684.739990  3686.800049  3686.800049     7438018
2022-10-17 13:52:00-04:00  3686.760010  3686.760010  3685.830078  3685.899902  3685.899902     6919128
2022-10-17 13:54:00-04:00  3685.850098  3685.850098  3683.629883  3683.629883  3683.629883     7328305
2022-10-17 13:56:00-04:00  3683.600098  3685.649902  3682.979980  3685.280029  3685.280029     7661166
2022-10-17 13:58:00-04:00  3685.330078  3685.330078  3684.060059  3684.550049  3684.550049     6143678
2022-10-17 14:00:00-04:00  3684.570068  3689.129883  3683.729980  3687.159912  3687.159912    13454881
2022-10-17 14:02:00-04:00  3687.149902  3687.149902  3684.550049  3684.610107  3684.610107     2693522
2022-10-17 14:04:00-04:00  3682.090088  3683.040039  3682.090088  3682.199951  3682.199951  1452020267
2022-10-17 14:06:00-04:00  3682.219971  3682.219971  3680.270020  3681.969971  3681.969971     7210675
2022-10-17 14:08:00-04:00  3681.959961  3683.219971  3681.860107  3682.949951  3682.949951     6673141
2022-10-17 14:10:00-04:00  3682.959961  3683.739990  3681.330078  3683.179932  3683.179932     8437885
2022-10-17 14:12:00-04:00  3683.149902  3683.560059  3679.590088  3680.189941  3680.189941     8820354
2022-10-17 14:14:00-04:00  3680.250000  3680.399902  3678.899902  3678.899902  3678.899902     7802401
2022-10-17 14:16:00-04:00  3678.879883  3680.399902  3678.429932  3678.520020  3678.520020     7595250
2022-10-17 14:18:00-04:00  3678.520020  3680.560059  3677.639893  3680.560059  3680.560059     7616412
2022-10-17 14:20:00-04:00  3680.580078  3680.580078  3677.110107  3677.110107  3677.110107     7488667
2022-10-17 14:22:00-04:00  3677.139893  3678.219971  3676.889893  3677.260010  3677.260010     6126827
2022-10-17 14:24:00-04:00  3677.030029  3677.030029  3673.570068  3673.939941  3673.939941     8213413
2022-10-17 14:26:00-04:00  3674.040039  3677.469971  3673.590088  3677.429932  3677.429932     8725693
2022-10-17 14:28:00-04:00  3677.429932  3678.320068  3676.489990  3677.550049  3677.550049     7302570
2022-10-17 14:30:00-04:00  3677.659912  3677.969971  3675.870117  3676.189941  3676.189941     7230567
2022-10-17 14:32:00-04:00  3675.860107  3676.860107  3674.629883  3676.860107  3676.860107     7960396
2022-10-17 14:34:00-04:00  3676.850098  3678.520020  3675.669922  3678.520020  3678.520020     7353414
2022-10-17 14:36:00-04:00  3678.510010  3680.330078  3678.280029  3680.189941  3680.189941     7945582
2022-10-17 14:38:00-04:00  3680.010010  3681.689941  3679.040039  3681.320068  3681.320068     7789775
2022-10-17 14:40:00-04:00  3681.370117  3682.459961  3680.729980  3681.870117  3681.870117     6585756
2022-10-17 14:42:00-04:00  3681.800049  3683.939941  3681.090088  3683.080078  3683.080078     7918296
2022-10-17 14:44:00-04:00  3683.169922  3683.560059  3681.250000  3683.560059  3683.560059     7759145
2022-10-17 14:46:00-04:00  3683.459961  3683.459961  3681.219971  3681.520020  3681.520020     6024198
2022-10-17 14:48:00-04:00  3681.629883  3682.550049  3680.810059  3681.979980  3681.979980     6124801
2022-10-17 14:50:00-04:00  3681.949951  3681.949951  3680.189941  3680.360107  3680.360107     6768105
2022-10-17 14:52:00-04:00  3680.370117  3680.969971  3678.459961  3679.310059  3679.310059     7349868
2022-10-17 14:54:00-04:00  3679.379883  3679.379883  3678.149902  3678.429932  3678.429932     6539395
2022-10-17 14:56:00-04:00  3678.639893  3681.330078  3678.580078  3679.899902  3679.899902     8156600
2022-10-17 14:58:00-04:00  3679.879883  3680.489990  3678.610107  3678.649902  3678.649902     7837816
2022-10-17 15:00:00-04:00  3678.689941  3680.540039  3676.449951  3680.379883  3680.379883    10326002
2022-10-17 15:02:00-04:00  3680.340088  3680.340088  3674.479980  3674.909912  3674.909912     9317556
2022-10-17 15:04:00-04:00  3675.000000  3678.989990  3674.989990  3675.959961  3675.959961    10783229
2022-10-17 15:06:00-04:00  3675.889893  3675.889893  3674.030029  3674.120117  3674.120117     8264262
2022-10-17 15:08:00-04:00  3674.139893  3675.959961  3673.949951  3675.409912  3675.409912     8078715
2022-10-17 15:10:00-04:00  3675.379883  3676.030029  3673.429932  3673.429932  3673.429932  1708927939
2022-10-17 15:12:00-04:00  3673.389893  3676.360107  3673.300049  3675.879883  3675.879883     9621651
2022-10-17 15:14:00-04:00  3675.899902  3677.560059  3675.169922  3677.080078  3677.080078    10141042
2022-10-17 15:16:00-04:00  3676.969971  3677.000000  3675.199951  3676.350098  3676.350098    11601798
2022-10-17 15:18:00-04:00  3676.310059  3676.770020  3673.159912  3676.760010  3676.760010    10570470
2022-10-17 15:20:00-04:00  3676.800049  3677.459961  3673.370117  3677.439941  3677.439941    10981878
2022-10-17 15:22:00-04:00  3677.300049  3679.659912  3677.209961  3678.780029  3678.780029    10131326
2022-10-17 15:24:00-04:00  3678.860107  3680.169922  3678.639893  3678.699951  3678.699951    10432460
2022-10-17 15:26:00-04:00  3678.689941  3680.100098  3678.129883  3678.129883  3678.129883    10297239
2022-10-17 15:28:00-04:00  3678.110107  3680.449951  3678.060059  3680.219971  3680.219971    11086314
2022-10-17 15:30:00-04:00  3680.280029  3680.810059  3678.239990  3680.760010  3680.760010    11936316
2022-10-17 15:32:00-04:00  3680.760010  3683.350098  3680.459961  3682.679932  3682.679932    11412695
2022-10-17 15:34:00-04:00  3682.669922  3682.840088  3680.070068  3681.219971  3681.219971    13384692
2022-10-17 15:36:00-04:00  3681.370117  3681.540039  3679.550049  3679.590088  3679.590088    11194583
2022-10-17 15:38:00-04:00  3679.550049  3681.239990  3679.449951  3679.909912  3679.909912    12150851
2022-10-17 15:40:00-04:00  3679.969971  3681.540039  3678.600098  3681.219971  3681.219971    14963546
2022-10-17 15:42:00-04:00  3681.209961  3683.469971  3681.120117  3682.949951  3682.949951    10421856
2022-10-17 15:44:00-04:00  3684.790039  3686.300049  3684.590088  3684.590088  3684.590088    12514274
2022-10-17 15:46:00-04:00  3684.870117  3685.229980  3682.760010  3682.800049  3682.800049  1929236752
2022-10-17 15:48:00-04:00  3682.729980  3683.409912  3681.699951  3681.870117  3681.870117    17505266
2022-10-17 15:50:00-04:00  3681.840088  3686.159912  3681.840088  3682.899902  3682.899902    32088113
2022-10-17 15:52:00-04:00  3682.989990  3683.689941  3681.770020  3683.120117  3683.120117    23909558
2022-10-17 15:54:00-04:00  3683.110107  3684.610107  3677.489990  3678.040039  3678.040039    43340745
2022-10-17 15:56:00-04:00  3677.979980  3679.090088  3674.560059  3675.149902  3675.149902    43140239
2022-10-17 15:58:00-04:00  3675.189941  3679.120117  3674.149902  3678.399902  3678.399902    62782553
2022-10-18 09:30:00-04:00  3746.260010  3762.139893  3746.260010  3758.139893  3758.139893    58343988
2022-10-18 09:32:00-04:00  3758.179932  3762.790039  3757.300049  3757.500000  3757.500000    29691684
2022-10-18 09:34:00-04:00  3757.850098  3761.070068  3754.179932  3758.969971  3758.969971    25239512
2022-10-18 09:36:00-04:00  3758.719971  3760.100098  3754.010010  3755.719971  3755.719971    22322551
2022-10-18 09:38:00-04:00  3755.629883  3758.510010  3755.129883  3756.040039  3756.040039    20938489
2022-10-18 09:40:00-04:00  3755.810059  3757.649902  3750.090088  3751.989990  3751.989990    23309513
2022-10-18 09:42:00-04:00  3752.060059  3753.629883  3750.659912  3751.620117  3751.620117    19616484
2022-10-18 09:44:00-04:00  3751.239990  3755.010010  3743.739990  3744.370117  3744.370117    21768011
2022-10-18 09:46:00-04:00  3744.270020  3749.030029  3743.989990  3745.629883  3745.629883    17089468
2022-10-18 09:48:00-04:00  3745.489990  3751.199951  3745.489990  3750.689941  3750.689941    16522917
2022-10-18 09:50:00-04:00  3750.540039  3753.070068  3748.750000  3748.770020  3748.770020    20605148
2022-10-18 09:52:00-04:00  3748.550049  3748.550049  3740.840088  3740.840088  3740.840088    17871495
2022-10-18 09:54:00-04:00  3740.699951  3742.879883  3735.290039  3742.610107  3742.610107    21136782
2022-10-18 09:56:00-04:00  3742.780029  3744.360107  3742.020020  3742.020020  3742.020020    13373578
2022-10-18 09:58:00-04:00  3742.050049  3742.500000  3737.820068  3740.649902  3740.649902    15125362
2022-10-18 10:00:00-04:00  3741.120117  3745.510010  3741.120117  3744.689941  3744.689941    20167286
2022-10-18 10:02:00-04:00  3744.659912  3749.929932  3744.370117  3748.550049  3748.550049    19353134
2022-10-18 10:04:00-04:00  3748.459961  3749.590088  3745.810059  3747.100098  3747.100098    15489337
2022-10-18 10:06:00-04:00  3747.110107  3748.419922  3745.060059  3748.370117  3748.370117    13804477
2022-10-18 10:08:00-04:00  3748.219971  3753.320068  3746.689941  3752.320068  3752.320068    14299076
2022-10-18 10:10:00-04:00  3752.300049  3753.830078  3751.469971  3752.979980  3752.979980    13901569
2022-10-18 10:12:00-04:00  3752.989990  3752.989990  3750.090088  3751.689941  3751.689941    12688998
2022-10-18 10:14:00-04:00  3751.760010  3751.760010  3744.870117  3747.060059  3747.060059    16456692
2022-10-18 10:16:00-04:00  3747.080078  3747.300049  3741.560059  3743.889893  3743.889893    15448096
2022-10-18 10:18:00-04:00  3743.729980  3746.000000  3743.159912  3744.169922  3744.169922    10596011
2022-10-18 10:20:00-04:00  3744.260010  3744.590088  3741.110107  3741.719971  3741.719971    24361711
2022-10-18 10:22:00-04:00  3741.719971  3743.280029  3738.000000  3738.669922  3738.669922    12346078
2022-10-18 10:24:00-04:00  3738.669922  3738.669922  3734.070068  3734.070068  3734.070068    13610977
2022-10-18 10:26:00-04:00  3734.260010  3735.250000  3730.129883  3732.219971  3732.219971    25101583
2022-10-18 10:28:00-04:00  3732.169922  3733.760010  3730.439941  3730.469971  3730.469971    12234141
2022-10-18 10:30:00-04:00  3730.449951  3731.899902  3728.010010  3728.169922  3728.169922    14182432
2022-10-18 10:32:00-04:00  3728.159912  3729.149902  3727.040039  3728.580078  3728.580078    12230372
2022-10-18 10:34:00-04:00  3728.610107  3730.060059  3726.989990  3729.449951  3729.449951    13841161
2022-10-18 10:36:00-04:00  3729.649902  3729.649902  3721.899902  3723.120117  3723.120117    14710296
2022-10-18 10:38:00-04:00  3723.090088  3723.709961  3720.520020  3721.679932  3721.679932    13917979
2022-10-18 10:40:00-04:00  3721.610107  3728.280029  3721.610107  3727.350098  3727.350098    12972974
2022-10-18 10:42:00-04:00  3727.370117  3728.189941  3725.739990  3727.830078  3727.830078    10378694
2022-10-18 10:44:00-04:00  3727.679932  3729.459961  3727.500000  3727.500000  3727.500000    10341498
2022-10-18 10:46:00-04:00  3727.689941  3731.590088  3727.050049  3731.550049  3731.550049    10754481
2022-10-18 10:48:00-04:00  3731.580078  3735.149902  3731.580078  3733.790039  3733.790039    12367591
2022-10-18 10:50:00-04:00  3733.659912  3733.659912  3731.459961  3731.899902  3731.899902     9851065
2022-10-18 10:52:00-04:00  3732.020020  3732.469971  3728.750000  3730.179932  3730.179932    15574592
2022-10-18 10:54:00-04:00  3730.090088  3730.719971  3728.610107  3729.330078  3729.330078     8580834
2022-10-18 10:56:00-04:00  3729.280029  3729.739990  3727.040039  3729.669922  3729.669922     8178851
2022-10-18 10:58:00-04:00  3726.750000  3727.350098  3725.750000  3726.439941  3726.439941    11651867
2022-10-18 11:00:00-04:00  3726.239990  3726.239990  3721.600098  3722.540039  3722.540039     7133172
2022-10-18 11:02:00-04:00  3723.610107  3726.550049  3722.080078  3726.330078  3726.330078   809794938
2022-10-18 11:04:00-04:00  3726.399902  3729.550049  3725.939941  3727.679932  3727.679932     9685361
2022-10-18 11:06:00-04:00  3727.639893  3727.639893  3717.610107  3717.610107  3717.610107    11673933
2022-10-18 11:08:00-04:00  3717.550049  3718.149902  3716.129883  3716.989990  3716.989990     9450200
2022-10-18 11:10:00-04:00  3716.959961  3718.290039  3716.550049  3716.550049  3716.550049    10091229
2022-10-18 11:12:00-04:00  3716.459961  3716.770020  3704.310059  3706.000000  3706.000000    15129051
2022-10-18 11:14:00-04:00  3706.000000  3707.209961  3704.310059  3704.350098  3704.350098    12903431
2022-10-18 11:16:00-04:00  3704.320068  3705.540039  3703.149902  3704.790039  3704.790039    11643822
2022-10-18 11:18:00-04:00  3704.870117  3708.229980  3703.260010  3703.260010  3703.260010    11394445
2022-10-18 11:20:00-04:00  3703.330078  3704.389893  3698.879883  3698.899902  3698.899902     9322783
2022-10-18 11:22:00-04:00  3698.889893  3699.939941  3696.439941  3699.739990  3699.739990    10203802
2022-10-18 11:24:00-04:00  3699.600098  3699.600098  3692.719971  3693.159912  3693.159912    12721460
2022-10-18 11:26:00-04:00  3693.129883  3699.199951  3692.189941  3696.929932  3696.929932    13230932
2022-10-18 11:28:00-04:00  3696.959961  3697.540039  3695.000000  3697.489990  3697.489990     9900365
2022-10-18 11:30:00-04:00  3697.429932  3698.290039  3694.620117  3696.780029  3696.780029     9726970
2022-10-18 11:32:00-04:00  3696.810059  3698.260010  3692.689941  3692.780029  3692.780029    10192988
2022-10-18 11:34:00-04:00  3693.000000  3697.570068  3692.939941  3695.939941  3695.939941     8703515
2022-10-18 11:36:00-04:00  3696.020020  3696.020020  3689.580078  3690.459961  3690.459961    11171061
2022-10-18 11:38:00-04:00  3690.270020  3691.590088  3686.530029  3691.570068  3691.570068    11077072
2022-10-18 11:40:00-04:00  3691.620117  3692.729980  3687.800049  3688.360107  3688.360107    11563956
2022-10-18 11:42:00-04:00  3688.449951  3689.610107  3687.340088  3689.590088  3689.590088    11268873
2022-10-18 11:44:00-04:00  3689.679932  3695.399902  3689.570068  3695.399902  3695.399902    10950903
2022-10-18 11:46:00-04:00  3695.449951  3697.889893  3694.919922  3697.469971  3697.469971     9737356
2022-10-18 11:48:00-04:00  3697.750000  3700.689941  3697.459961  3700.169922  3700.169922     8457600
2022-10-18 11:50:00-04:00  3700.229980  3702.000000  3699.209961  3702.000000  3702.000000     9738163
2022-10-18 11:52:00-04:00  3702.320068  3703.449951  3702.189941  3703.379883  3703.379883     7630983
2022-10-18 11:54:00-04:00  3703.340088  3703.689941  3698.510010  3698.510010  3698.510010    10480591
2022-10-18 11:56:00-04:00  3698.540039  3702.469971  3698.459961  3702.469971  3702.469971     8192815
2022-10-18 11:58:00-04:00  3702.629883  3703.560059  3702.610107  3703.139893  3703.139893     6849666
2022-10-18 12:00:00-04:00  3703.050049  3703.419922  3700.949951  3700.949951  3700.949951     9161645
2022-10-18 12:02:00-04:00  3700.989990  3703.139893  3700.989990  3702.989990  3702.989990     6865235
2022-10-18 12:04:00-04:00  3702.969971  3703.429932  3702.550049  3702.550049  3702.550049     7087947
2022-10-18 12:06:00-04:00  3702.409912  3704.250000  3696.989990  3699.110107  3699.110107    11422259
2022-10-18 12:08:00-04:00  3699.219971  3711.360107  3699.219971  3711.179932  3711.179932  1149416320
2022-10-18 12:10:00-04:00  3711.209961  3713.409912  3710.949951  3713.409912  3713.409912  1157825806
2022-10-18 12:12:00-04:00  3713.370117  3716.590088  3712.929932  3715.330078  3715.330078    10932806
2022-10-18 12:14:00-04:00  3715.580078  3715.679932  3712.399902  3712.399902  3712.399902     8642151
2022-10-18 12:16:00-04:00  3711.949951  3715.780029  3710.719971  3715.409912  3715.409912     8894787
2022-10-18 12:18:00-04:00  3715.389893  3718.260010  3715.110107  3715.989990  3715.989990    11258671
2022-10-18 12:20:00-04:00  3716.030029  3716.030029  3713.090088  3713.090088  3713.090088     7990892
2022-10-18 12:22:00-04:00  3713.179932  3713.370117  3710.489990  3710.659912  3710.659912     7053967
2022-10-18 12:24:00-04:00  3710.739990  3711.860107  3707.010010  3708.639893  3708.639893     9181861
2022-10-18 12:26:00-04:00  3708.469971  3708.500000  3705.879883  3707.689941  3707.689941     6456645
2022-10-18 12:28:00-04:00  3707.929932  3710.479980  3707.919922  3710.060059  3710.060059     7437170
2022-10-18 12:30:00-04:00  3710.050049  3710.129883  3707.250000  3708.580078  3708.580078     6383431
2022-10-18 12:32:00-04:00  3708.560059  3710.770020  3708.280029  3710.770020  3710.770020     4881404
2022-10-18 12:34:00-04:00  3710.840088  3714.760010  3710.159912  3714.689941  3714.689941     8026018
2022-10-18 12:36:00-04:00  3714.629883  3722.070068  3714.370117  3721.590088  3721.590088    11195620
2022-10-18 12:38:00-04:00  3722.239990  3722.239990  3720.879883  3721.459961  3721.459961     4079726
2022-10-18 12:40:00-04:00  3720.669922  3723.000000  3720.510010  3722.699951  3722.699951  1282365567
2022-10-18 12:42:00-04:00  3722.689941  3724.530029  3722.689941  3723.229980  3723.229980     8709783
2022-10-18 12:44:00-04:00  3723.189941  3723.979980  3716.129883  3716.129883  3716.129883    10021180
2022-10-18 12:46:00-04:00  3716.129883  3717.909912  3716.129883  3716.459961  3716.459961     6270874
2022-10-18 12:48:00-04:00  3716.500000  3718.239990  3715.699951  3718.169922  3718.169922     6041404
2022-10-18 12:50:00-04:00  3718.199951  3721.419922  3717.629883  3721.300049  3721.300049     7039577
2022-10-18 12:52:00-04:00  3721.370117  3722.340088  3719.669922  3721.709961  3721.709961     7574356
2022-10-18 12:54:00-04:00  3721.889893  3724.459961  3721.889893  3724.179932  3724.179932     6812445
2022-10-18 12:56:00-04:00  3724.139893  3724.139893  3718.850098  3718.899902  3718.899902     7672137
2022-10-18 12:58:00-04:00  3718.850098  3718.919922  3715.560059  3715.600098  3715.600098     6993021
2022-10-18 13:00:00-04:00  3715.479980  3716.719971  3710.360107  3710.639893  3710.639893    11557128
2022-10-18 13:02:00-04:00  3710.649902  3713.270020  3705.570068  3705.570068  3705.570068     9081251
2022-10-18 13:04:00-04:00  3705.189941  3709.270020  3703.350098  3709.139893  3709.139893    10017225
2022-10-18 13:06:00-04:00  3709.120117  3709.439941  3706.399902  3709.229980  3709.229980     4605545
2022-10-18 13:08:00-04:00  3711.360107  3712.899902  3709.250000  3709.580078  3709.580078     9432616
2022-10-18 13:10:00-04:00  3709.689941  3714.300049  3708.949951  3713.419922  3713.419922     7904676
2022-10-18 13:12:00-04:00  3713.590088  3715.280029  3713.590088  3715.280029  3715.280029     6543527
2022-10-18 13:14:00-04:00  3715.330078  3717.889893  3715.330078  3716.330078  3716.330078     5882430
2022-10-18 13:16:00-04:00  3717.090088  3718.429932  3716.949951  3718.300049  3718.300049     8478815
2022-10-18 13:18:00-04:00  3718.300049  3718.300049  3715.590088  3717.070068  3717.070068     6848968
2022-10-18 13:20:00-04:00  3717.060059  3719.969971  3716.229980  3716.750000  3716.750000     7724914
2022-10-18 13:22:00-04:00  3716.439941  3716.540039  3712.949951  3713.310059  3713.310059     7540429
2022-10-18 13:24:00-04:00  3713.179932  3719.500000  3713.149902  3717.949951  3717.949951     7553632
2022-10-18 13:26:00-04:00  3717.969971  3722.689941  3717.820068  3721.929932  3721.929932     8036876
2022-10-18 13:28:00-04:00  3721.909912  3721.909912  3719.330078  3721.510010  3721.510010     6511739
2022-10-18 13:30:00-04:00  3722.570068  3723.360107  3720.830078  3721.090088  3721.090088     7364932
2022-10-18 13:32:00-04:00  3721.090088  3728.040039  3721.090088  3728.040039  3728.040039    11270148
2022-10-18 13:34:00-04:00  3728.219971  3731.709961  3728.219971  3730.709961  3730.709961     8983597
2022-10-18 13:36:00-04:00  3730.750000  3731.399902  3729.189941  3729.189941  3729.189941     7630207
2022-10-18 13:38:00-04:00  3728.989990  3729.750000  3727.969971  3728.290039  3728.290039     6923670
2022-10-18 13:40:00-04:00  3728.879883  3730.330078  3727.219971  3727.219971  3727.219971     7904042
2022-10-18 13:42:00-04:00  3727.189941  3728.709961  3726.520020  3726.899902  3726.899902     7270235
2022-10-18 13:44:00-04:00  3726.979980  3728.489990  3726.610107  3727.260010  3727.260010     5663675
2022-10-18 13:46:00-04:00  3724.969971  3726.530029  3722.840088  3726.530029  3726.530029    10881037
2022-10-18 13:48:00-04:00  3726.649902  3728.979980  3726.649902  3728.870117  3728.870117     7818178
2022-10-18 13:50:00-04:00  3728.959961  3730.629883  3727.489990  3727.689941  3727.689941     8022566
2022-10-18 13:52:00-04:00  3727.659912  3730.129883  3727.090088  3729.679932  3729.679932     6595599
2022-10-18 13:54:00-04:00  3729.669922  3733.860107  3729.500000  3733.429932  3733.429932     9175990
2022-10-18 13:56:00-04:00  3733.409912  3733.409912  3728.439941  3729.360107  3729.360107     7866606
2022-10-18 13:58:00-04:00  3729.449951  3731.120117  3729.350098  3731.120117  3731.120117     5610368
2022-10-18 14:00:00-04:00  3730.969971  3732.649902  3729.689941  3731.000000  3731.000000     8396277
2022-10-18 14:02:00-04:00  3731.010010  3732.320068  3726.419922  3726.419922  3726.419922     8827577
2022-10-18 14:04:00-04:00  3726.459961  3726.850098  3723.719971  3724.110107  3724.110107     7932079
2022-10-18 14:06:00-04:00  3724.300049  3728.360107  3723.679932  3728.360107  3728.360107     7006463
2022-10-18 14:08:00-04:00  3728.320068  3729.439941  3724.810059  3724.909912  3724.909912     7527328
2022-10-18 14:10:00-04:00  3724.949951  3728.000000  3724.949951  3727.340088  3727.340088     6324271
2022-10-18 14:12:00-04:00  3727.270020  3727.570068  3725.580078  3727.500000  3727.500000     6631978
2022-10-18 14:14:00-04:00  3727.560059  3727.560059  3724.389893  3724.389893  3724.389893     4935083
2022-10-18 14:16:00-04:00  3725.250000  3726.100098  3724.760010  3725.550049  3725.550049     9004055
2022-10-18 14:18:00-04:00  3725.550049  3726.560059  3722.679932  3723.120117  3723.120117     6581806
2022-10-18 14:20:00-04:00  3723.159912  3724.300049  3721.629883  3723.610107  3723.610107     7156083
2022-10-18 14:22:00-04:00  3723.570068  3726.540039  3723.000000  3726.149902  3726.149902     6451077
2022-10-18 14:24:00-04:00  3726.139893  3727.489990  3725.260010  3725.469971  3725.469971     7464574
2022-10-18 14:26:00-04:00  3725.489990  3727.899902  3724.449951  3727.899902  3727.899902     6630973
2022-10-18 14:28:00-04:00  3727.879883  3729.879883  3727.500000  3729.820068  3729.820068     3698425
2022-10-18 14:30:00-04:00  3729.600098  3729.709961  3728.679932  3728.800049  3728.800049  1700492218
2022-10-18 14:32:00-04:00  3727.719971  3727.739990  3725.159912  3726.489990  3726.489990     8624928
2022-10-18 14:34:00-04:00  3726.459961  3728.120117  3726.320068  3727.939941  3727.939941     6151100
2022-10-18 14:36:00-04:00  3727.979980  3728.439941  3712.560059  3713.750000  3713.750000    17116806
2022-10-18 14:38:00-04:00  3713.360107  3715.209961  3713.239990  3713.520020  3713.520020  1743569409
2022-10-18 14:40:00-04:00  3713.750000  3714.360107  3708.929932  3709.820068  3709.820068    11189872
2022-10-18 14:42:00-04:00  3709.870117  3712.699951  3707.020020  3707.080078  3707.080078    10361377
2022-10-18 14:44:00-04:00  3706.909912  3706.909912  3698.629883  3699.870117  3699.870117    14881806
2022-10-18 14:46:00-04:00  3699.719971  3701.000000  3697.870117  3698.110107  3698.110107     4955852
2022-10-18 14:48:00-04:00  3693.429932  3700.050049  3692.520020  3699.070068  3699.070068  1805618346
2022-10-18 14:50:00-04:00  3698.979980  3699.449951  3695.489990  3698.209961  3698.209961    10664167
2022-10-18 14:52:00-04:00  3698.179932  3702.899902  3696.370117  3702.449951  3702.449951    11436897
2022-10-18 14:54:00-04:00  3702.629883  3703.129883  3700.810059  3701.010010  3701.010010     9417442
2022-10-18 14:56:00-04:00  3701.010010  3703.810059  3701.010010  3703.560059  3703.560059    10470936
2022-10-18 14:58:00-04:00  3703.570068  3706.550049  3703.090088  3704.929932  3704.929932     9274753
2022-10-18 15:00:00-04:00  3704.939941  3705.439941  3696.330078  3698.050049  3698.050049    12759761
2022-10-18 15:02:00-04:00  3698.030029  3703.290039  3697.750000  3700.979980  3700.979980     9563864
2022-10-18 15:04:00-04:00  3700.840088  3701.899902  3698.110107  3701.899902  3701.899902     8739402
2022-10-18 15:06:00-04:00  3701.669922  3704.000000  3701.120117  3703.600098  3703.600098     7072031
2022-10-18 15:08:00-04:00  3703.290039  3704.120117  3700.030029  3700.030029  3700.030029    10901939
2022-10-18 15:10:00-04:00  3699.939941  3702.600098  3698.370117  3700.260010  3700.260010    10044996
2022-10-18 15:12:00-04:00  3699.959961  3700.810059  3697.790039  3698.300049  3698.300049     8703566
2022-10-18 15:14:00-04:00  3698.239990  3698.580078  3695.889893  3696.379883  3696.379883    10762291
2022-10-18 15:16:00-04:00  3696.120117  3699.879883  3694.889893  3699.879883  3699.879883    10831961
2022-10-18 15:18:00-04:00  3699.790039  3701.989990  3699.790039  3700.959961  3700.959961     4551402
2022-10-18 15:20:00-04:00  3700.669922  3701.179932  3699.010010  3700.649902  3700.649902  1962531021
2022-10-18 15:22:00-04:00  3701.600098  3705.739990  3700.360107  3705.739990  3705.739990    11401662
2022-10-18 15:24:00-04:00  3705.479980  3706.340088  3703.520020  3704.739990  3704.739990    11813696
2022-10-18 15:26:00-04:00  3704.820068  3705.669922  3702.780029  3703.149902  3703.149902    10737151
2022-10-18 15:28:00-04:00  3703.100098  3708.139893  3703.100098  3706.260010  3706.260010  2006039590
2022-10-18 15:30:00-04:00  3707.060059  3715.379883  3707.060059  3715.379883  3715.379883    14855758
2022-10-18 15:32:00-04:00  3717.889893  3719.850098  3716.750000  3718.250000  3718.250000    19553986
2022-10-18 15:34:00-04:00  3718.679932  3719.459961  3714.139893  3714.760010  3714.760010    12911725
2022-10-18 15:36:00-04:00  3714.719971  3714.870117  3712.530029  3713.570068  3713.570068    11526998
2022-10-18 15:38:00-04:00  3713.540039  3716.139893  3712.030029  3715.709961  3715.709961    12401462
2022-10-18 15:40:00-04:00  3715.679932  3717.300049  3715.060059  3716.629883  3716.629883    13386752
2022-10-18 15:42:00-04:00  3716.649902  3720.250000  3714.899902  3719.149902  3719.149902    17080799
2022-10-18 15:44:00-04:00  3719.159912  3719.679932  3717.360107  3717.360107  3717.360107     5723395
2022-10-18 15:46:00-04:00  3717.320068  3718.179932  3715.800049  3716.120117  3716.120117  2138846329
2022-10-18 15:48:00-04:00  3715.959961  3718.429932  3714.570068  3717.610107  3717.610107    17179156
2022-10-18 15:50:00-04:00  3717.429932  3722.409912  3715.510010  3716.340088  3716.340088    33141987
2022-10-18 15:52:00-04:00  3716.300049  3717.620117  3714.699951  3716.879883  3716.879883    24854531
2022-10-18 15:54:00-04:00  3716.889893  3716.889893  3711.540039  3712.169922  3712.169922    35062428
2022-10-18 15:56:00-04:00  3712.169922  3715.830078  3711.699951  3714.620117  3714.620117    41136238
2022-10-18 15:58:00-04:00  3714.199951  3722.139893  3712.800049  3721.800049  3721.800049    62734782
2022-10-19 09:30:00-04:00  3703.110107  3704.709961  3699.169922  3704.399902  3704.399902    44740065
2022-10-19 09:32:00-04:00  3704.850098  3711.979980  3703.370117  3711.979980  3711.979980    15489563
2022-10-19 09:34:00-04:00  3714.639893  3717.629883  3713.439941  3716.850098  3716.850098    23748300
2022-10-19 09:36:00-04:00  3716.590088  3718.939941  3714.870117  3715.689941  3715.689941    17390225
2022-10-19 09:38:00-04:00  3715.810059  3715.810059  3710.750000  3711.709961  3711.709961    16116680
2022-10-19 09:40:00-04:00  3711.790039  3713.780029  3701.979980  3705.500000  3705.500000    18397494
2022-10-19 09:42:00-04:00  3705.449951  3705.449951  3697.080078  3700.469971  3700.469971    16793225
2022-10-19 09:44:00-04:00  3700.260010  3703.419922  3696.870117  3697.600098  3697.600098    15020727
2022-10-19 09:46:00-04:00  3697.530029  3702.770020  3696.580078  3697.399902  3697.399902    15721699
2022-10-19 09:48:00-04:00  3697.419922  3699.419922  3690.250000  3691.030029  3691.030029    16354597
2022-10-19 09:50:00-04:00  3690.909912  3702.360107  3690.689941  3701.040039  3701.040039    16735987
2022-10-19 09:52:00-04:00  3701.219971  3703.209961  3700.080078  3701.310059  3701.310059    13723578
2022-10-19 09:54:00-04:00  3700.689941  3704.719971  3699.389893  3701.159912  3701.159912    13381759
2022-10-19 09:56:00-04:00  3701.120117  3701.120117  3695.020020  3696.449951  3696.449951    24639066
2022-10-19 09:58:00-04:00  3696.649902  3698.919922  3695.330078  3696.560059  3696.560059    11851169
2022-10-19 10:00:00-04:00  3696.429932  3700.050049  3693.639893  3699.939941  3699.939941    15904149
2022-10-19 10:02:00-04:00  3699.909912  3700.729980  3697.080078  3700.290039  3700.290039    11134676
2022-10-19 10:04:00-04:00  3700.399902  3706.370117  3698.689941  3703.760010  3703.760010    14441051
2022-10-19 10:06:00-04:00  3703.669922  3706.850098  3703.489990  3705.449951  3705.449951    12661064
2022-10-19 10:08:00-04:00  3705.600098  3706.169922  3702.800049  3704.500000  3704.500000    11066452
2022-10-19 10:10:00-04:00  3704.530029  3706.929932  3699.719971  3701.120117  3701.120117    12267331
2022-10-19 10:12:00-04:00  3701.199951  3705.020020  3701.199951  3704.840088  3704.840088    10858723
2022-10-19 10:14:00-04:00  3705.120117  3718.219971  3705.120117  3717.729980  3717.729980    12554398
2022-10-19 10:16:00-04:00  3715.129883  3715.790039  3712.760010  3712.830078  3712.830078    14978586
2022-10-19 10:18:00-04:00  3712.760010  3715.320068  3712.040039  3714.540039  3714.540039    10860105
2022-10-19 10:20:00-04:00  3714.639893  3722.439941  3714.550049  3721.689941  3721.689941    15344323
2022-10-19 10:22:00-04:00  3721.760010  3725.129883  3721.149902  3724.689941  3724.689941    14573894
2022-10-19 10:24:00-04:00  3724.770020  3726.429932  3722.500000  3722.699951  3722.699951    13615378
2022-10-19 10:26:00-04:00  3722.840088  3725.489990  3722.800049  3724.300049  3724.300049    11721280
2022-10-19 10:28:00-04:00  3724.310059  3728.580078  3724.310059  3726.360107  3726.360107    11199386
2022-10-19 10:30:00-04:00  3726.370117  3728.580078  3724.030029  3724.179932  3724.179932    13374894
2022-10-19 10:32:00-04:00  3724.219971  3724.550049  3721.020020  3721.770020  3721.770020    12385608
2022-10-19 10:34:00-04:00  3721.659912  3722.159912  3718.919922  3719.409912  3719.409912    12040502
2022-10-19 10:36:00-04:00  3719.489990  3720.300049  3718.939941  3720.129883  3720.129883    10350056
2022-10-19 10:38:00-04:00  3720.090088  3722.800049  3719.840088  3722.520020  3722.520020    11229955
2022-10-19 10:40:00-04:00  3722.780029  3723.120117  3715.689941  3715.770020  3715.770020    11000174
2022-10-19 10:42:00-04:00  3715.739990  3717.199951  3713.399902  3713.989990  3713.989990    10865061
2022-10-19 10:44:00-04:00  3714.000000  3717.419922  3713.969971  3716.550049  3716.550049     9959589
2022-10-19 10:46:00-04:00  3716.540039  3716.939941  3715.280029  3716.739990  3716.739990     9732390
2022-10-19 10:48:00-04:00  3716.649902  3718.010010  3712.070068  3713.179932  3713.179932    11020286
2022-10-19 10:50:00-04:00  3713.189941  3714.550049  3711.570068  3712.399902  3712.399902     9529228
2022-10-19 10:52:00-04:00  3712.379883  3712.489990  3710.070068  3710.929932  3710.929932     5274494
2022-10-19 10:54:00-04:00  3708.709961  3708.979980  3705.949951  3705.949951  3705.949951   634941795
2022-10-19 10:56:00-04:00  3705.929932  3707.639893  3704.389893  3707.310059  3707.310059    11490794
2022-10-19 10:58:00-04:00  3707.370117  3707.590088  3704.439941  3707.270020  3707.270020    10501539
2022-10-19 11:00:00-04:00  3707.280029  3710.139893  3705.439941  3707.610107  3707.610107    11714608
2022-10-19 11:02:00-04:00  3707.590088  3707.780029  3704.129883  3704.229980  3704.229980     9222289
2022-10-19 11:04:00-04:00  3704.239990  3707.219971  3703.260010  3706.729980  3706.729980    10089580
2022-10-19 11:06:00-04:00  3706.840088  3710.500000  3705.560059  3710.159912  3710.159912     9267393
2022-10-19 11:08:00-04:00  3710.129883  3710.350098  3708.010010  3709.020020  3709.020020     8796844
2022-10-19 11:10:00-04:00  3709.050049  3715.330078  3708.629883  3715.239990  3715.239990    11134082
2022-10-19 11:12:00-04:00  3715.360107  3715.800049  3712.629883  3712.629883  3712.629883     9652544
2022-10-19 11:14:00-04:00  3712.699951  3715.100098  3712.030029  3715.100098  3715.100098     8667783
2022-10-19 11:16:00-04:00  3715.070068  3715.290039  3712.250000  3712.879883  3712.879883     7922786
2022-10-19 11:18:00-04:00  3712.929932  3717.350098  3712.709961  3715.760010  3715.760010     8611668
2022-10-19 11:20:00-04:00  3715.729980  3716.949951  3712.459961  3712.719971  3712.719971     6011224
2022-10-19 11:22:00-04:00  3712.889893  3713.719971  3712.209961  3712.209961  3712.209961     5503325
2022-10-19 11:24:00-04:00  3711.810059  3712.100098  3706.340088  3706.449951  3706.449951   778022481
2022-10-19 11:26:00-04:00  3706.370117  3706.590088  3704.340088  3705.080078  3705.080078     9150127
2022-10-19 11:28:00-04:00  3705.030029  3706.370117  3704.459961  3705.959961  3705.959961     7701439
2022-10-19 11:30:00-04:00  3706.060059  3706.120117  3702.239990  3705.979980  3705.979980    10703853
2022-10-19 11:32:00-04:00  3705.979980  3707.810059  3704.520020  3704.889893  3704.889893     7906880
2022-10-19 11:34:00-04:00  3704.699951  3705.310059  3698.929932  3699.790039  3699.790039     9408088
2022-10-19 11:36:00-04:00  3699.810059  3701.340088  3698.070068  3701.300049  3701.300049     8664938
2022-10-19 11:38:00-04:00  3701.330078  3707.110107  3701.330078  3707.110107  3707.110107     8688252
2022-10-19 11:40:00-04:00  3707.520020  3708.500000  3706.489990  3706.570068  3706.570068     7461311
2022-10-19 11:42:00-04:00  3706.590088  3706.810059  3704.580078  3705.320068  3705.320068     6908411
2022-10-19 11:44:00-04:00  3705.300049  3706.629883  3703.000000  3706.560059  3706.560059     8078915
2022-10-19 11:46:00-04:00  3706.780029  3708.000000  3705.709961  3707.850098  3707.850098     8059754
2022-10-19 11:48:00-04:00  3708.159912  3709.489990  3707.270020  3708.750000  3708.750000     7400955
2022-10-19 11:50:00-04:00  3708.659912  3711.409912  3707.149902  3711.250000  3711.250000     8261461
2022-10-19 11:52:00-04:00  3711.239990  3713.550049  3710.969971  3712.090088  3712.090088     7664765
2022-10-19 11:54:00-04:00  3712.090088  3713.020020  3712.050049  3712.899902  3712.899902     7404948
2022-10-19 11:56:00-04:00  3713.030029  3713.360107  3709.820068  3709.820068  3709.820068     8643377
2022-10-19 11:58:00-04:00  3709.760010  3709.959961  3707.989990  3708.100098  3708.100098     6664918
2022-10-19 12:00:00-04:00  3708.159912  3708.639893  3702.290039  3703.219971  3703.219971     9693238
2022-10-19 12:02:00-04:00  3703.610107  3703.620117  3702.169922  3703.510010  3703.510010     6559875
2022-10-19 12:04:00-04:00  3703.560059  3705.110107  3700.729980  3700.739990  3700.739990     8472492
2022-10-19 12:06:00-04:00  3700.679932  3701.659912  3698.639893  3698.679932  3698.679932     7841879
2022-10-19 12:08:00-04:00  3698.639893  3698.639893  3696.350098  3698.080078  3698.080078     7892997
2022-10-19 12:10:00-04:00  3698.050049  3699.679932  3695.449951  3696.649902  3696.649902     8126389
2022-10-19 12:12:00-04:00  3696.689941  3699.939941  3696.689941  3698.610107  3698.610107     6619390
2022-10-19 12:14:00-04:00  3698.750000  3698.750000  3696.350098  3696.350098  3696.350098     6442472
2022-10-19 12:16:00-04:00  3696.050049  3698.909912  3696.050049  3696.979980  3696.979980     4661135
2022-10-19 12:18:00-04:00  3698.689941  3700.100098  3698.689941  3699.939941  3699.939941     7540422
2022-10-19 12:20:00-04:00  3699.929932  3700.110107  3698.510010  3699.020020  3699.020020     6569678
2022-10-19 12:22:00-04:00  3699.139893  3699.649902  3696.250000  3698.610107  3698.610107     6471003
2022-10-19 12:24:00-04:00  3698.610107  3698.620117  3696.389893  3696.739990  3696.739990     5598630
2022-10-19 12:26:00-04:00  3696.550049  3696.550049  3692.620117  3692.810059  3692.810059           0
2022-10-19 12:28:00-04:00  3692.439941  3693.540039  3692.080078  3693.000000  3693.000000  1024875248
2022-10-19 12:30:00-04:00  3693.000000  3696.620117  3692.080078  3696.620117  3696.620117     7278744
2022-10-19 12:32:00-04:00  3696.649902  3697.600098  3696.360107  3696.389893  3696.389893     6281663
2022-10-19 12:34:00-04:00  3696.379883  3697.820068  3696.020020  3697.320068  3697.320068     5814172
2022-10-19 12:36:00-04:00  3697.439941  3699.479980  3695.639893  3695.639893  3695.639893     7756871
2022-10-19 12:38:00-04:00  3695.510010  3696.729980  3695.030029  3695.219971  3695.219971     6327745
2022-10-19 12:40:00-04:00  3695.199951  3695.580078  3689.389893  3689.489990  3689.489990     8421302
2022-10-19 12:42:00-04:00  3689.500000  3689.600098  3686.899902  3687.729980  3687.729980     9014990
2022-10-19 12:44:00-04:00  3687.709961  3687.840088  3683.419922  3683.419922  3683.419922     8276426
2022-10-19 12:46:00-04:00  3683.370117  3683.370117  3680.679932  3682.820068  3682.820068    10142486
2022-10-19 12:48:00-04:00  3682.629883  3682.929932  3680.000000  3681.090088  3681.090088     7100543
2022-10-19 12:50:00-04:00  3680.949951  3685.189941  3680.530029  3683.669922  3683.669922     8029259
2022-10-19 12:52:00-04:00  3683.610107  3684.260010  3682.830078  3683.439941  3683.439941     5900004
2022-10-19 12:54:00-04:00  3683.439941  3684.070068  3683.060059  3683.389893  3683.389893     5990344
2022-10-19 12:56:00-04:00  3683.350098  3683.350098  3680.669922  3682.689941  3682.689941     7211503
2022-10-19 12:58:00-04:00  3682.550049  3683.090088  3681.270020  3682.860107  3682.860107     5255372
2022-10-19 13:00:00-04:00  3682.830078  3684.719971  3681.719971  3684.300049  3684.300049     6717072
2022-10-19 13:02:00-04:00  3684.340088  3684.620117  3674.310059  3675.120117  3675.120117    14138864
2022-10-19 13:04:00-04:00  3674.750000  3675.280029  3666.510010  3667.830078  3667.830078    13700173
2022-10-19 13:06:00-04:00  3667.840088  3672.649902  3666.729980  3671.500000  3671.500000    11106299
2022-10-19 13:08:00-04:00  3671.090088  3672.040039  3669.300049  3671.780029  3671.780029  1188481310
2022-10-19 13:10:00-04:00  3671.739990  3673.719971  3670.280029  3671.780029  3671.780029     9204583
2022-10-19 13:12:00-04:00  3671.810059  3673.350098  3671.810059  3672.879883  3672.879883     6870991
2022-10-19 13:14:00-04:00  3672.870117  3674.379883  3671.780029  3672.350098  3672.350098     9413652
2022-10-19 13:16:00-04:00  3672.260010  3672.939941  3670.860107  3671.479980  3671.479980     7715845
2022-10-19 13:18:00-04:00  3671.550049  3673.550049  3671.489990  3672.389893  3672.389893     6704674
2022-10-19 13:20:00-04:00  3672.389893  3676.090088  3672.340088  3675.060059  3675.060059     9008869
2022-10-19 13:22:00-04:00  3675.139893  3676.909912  3673.510010  3673.750000  3673.750000     7632817
2022-10-19 13:24:00-04:00  3673.739990  3679.280029  3673.530029  3679.209961  3679.209961     7812016
2022-10-19 13:26:00-04:00  3679.219971  3681.330078  3677.870117  3677.929932  3677.929932     8514447
2022-10-19 13:28:00-04:00  3677.879883  3677.909912  3676.379883  3676.850098  3676.850098     5567681
2022-10-19 13:30:00-04:00  3676.820068  3678.969971  3675.419922  3676.429932  3676.429932     8125520
2022-10-19 13:32:00-04:00  3676.510010  3679.250000  3676.280029  3677.620117  3677.620117     6842735
2022-10-19 13:34:00-04:00  3677.760010  3678.699951  3676.649902  3678.159912  3678.159912     6740920
2022-10-19 13:36:00-04:00  3678.199951  3678.199951  3675.050049  3675.610107  3675.610107     6185232
2022-10-19 13:38:00-04:00  3675.659912  3676.100098  3673.209961  3675.090088  3675.090088     6706826
2022-10-19 13:40:00-04:00  3673.830078  3675.489990  3672.300049  3675.379883  3675.379883     9685072
2022-10-19 13:42:00-04:00  3675.310059  3678.030029  3675.310059  3677.379883  3677.379883     7269510
2022-10-19 13:44:00-04:00  3677.399902  3678.929932  3677.070068  3677.959961  3677.959961  1325006937
2022-10-19 13:46:00-04:00  3677.939941  3677.939941  3674.979980  3675.120117  3675.120117     5117982
2022-10-19 13:48:00-04:00  3675.179932  3675.870117  3674.510010  3674.800049  3674.800049     5195155
2022-10-19 13:50:00-04:00  3673.419922  3673.979980  3672.899902  3673.070068  3673.070068  1345905886
2022-10-19 13:52:00-04:00  3673.040039  3676.229980  3673.040039  3676.209961  3676.209961     6246198
2022-10-19 13:54:00-04:00  3676.310059  3678.590088  3675.899902  3675.929932  3675.929932     7831412
2022-10-19 13:56:00-04:00  3675.919922  3677.850098  3674.939941  3677.179932  3677.179932     6435279
2022-10-19 13:58:00-04:00  3677.169922  3680.139893  3677.000000  3680.050049  3680.050049     5793202
2022-10-19 14:00:00-04:00  3680.020020  3681.239990  3677.040039  3679.300049  3679.300049     8948263
2022-10-19 14:02:00-04:00  3679.340088  3686.179932  3679.169922  3686.179932  3686.179932     8746662
2022-10-19 14:04:00-04:00  3686.379883  3686.860107  3683.949951  3683.949951  3683.949951     8455721
2022-10-19 14:06:00-04:00  3683.939941  3686.590088  3683.909912  3685.500000  3685.500000     6597933
2022-10-19 14:08:00-04:00  3685.550049  3691.020020  3685.270020  3688.939941  3688.939941    10324444
2022-10-19 14:10:00-04:00  3688.959961  3689.689941  3686.939941  3689.679932  3689.679932     7012181
2022-10-19 14:12:00-04:00  3689.659912  3690.310059  3688.919922  3689.780029  3689.780029     6154060
2022-10-19 14:14:00-04:00  3689.770020  3691.830078  3688.530029  3691.699951  3691.699951     8469187
2022-10-19 14:16:00-04:00  3691.649902  3693.239990  3690.550049  3692.590088  3692.590088     9125812
2022-10-19 14:18:00-04:00  3692.600098  3694.870117  3690.449951  3690.479980  3690.479980     9800580
2022-10-19 14:20:00-04:00  3690.320068  3690.370117  3688.030029  3688.909912  3688.909912     7743283
2022-10-19 14:22:00-04:00  3688.879883  3689.189941  3687.550049  3687.850098  3687.850098     6949868
2022-10-19 14:24:00-04:00  3687.860107  3691.060059  3687.850098  3691.050049  3691.050049     7153270
2022-10-19 14:26:00-04:00  3691.050049  3692.110107  3688.110107  3688.570068  3688.570068     8333109
2022-10-19 14:28:00-04:00  3688.610107  3691.260010  3688.129883  3691.120117  3691.120117  1491441899
2022-10-19 14:30:00-04:00  3690.679932  3691.189941  3689.370117  3689.800049  3689.800049     8669497
2022-10-19 14:32:00-04:00  3689.820068  3691.699951  3689.739990  3691.280029  3691.280029     7838874
2022-10-19 14:34:00-04:00  3691.320068  3692.649902  3691.090088  3691.969971  3691.969971     5804567
2022-10-19 14:36:00-04:00  3691.949951  3692.159912  3688.709961  3689.550049  3689.550049     7112370
2022-10-19 14:38:00-04:00  3689.530029  3689.709961  3688.459961  3688.709961  3688.709961     5527984
2022-10-19 14:40:00-04:00  3688.689941  3688.939941  3686.070068  3686.129883  3686.129883     4094609
2022-10-19 14:42:00-04:00  3686.159912  3690.030029  3685.979980  3687.229980  3687.229980  1542742667
2022-10-19 14:44:00-04:00  3687.250000  3687.250000  3685.270020  3685.270020  3685.270020     6270644
2022-10-19 14:46:00-04:00  3685.270020  3685.860107  3683.550049  3684.489990  3684.489990     7261995
2022-10-19 14:48:00-04:00  3684.570068  3686.469971  3682.979980  3683.840088  3683.840088     8134640
2022-10-19 14:50:00-04:00  3683.810059  3684.040039  3682.649902  3682.699951  3682.699951     6248686
2022-10-19 14:52:00-04:00  3682.669922  3683.520020  3682.350098  3682.429932  3682.429932     6527564
2022-10-19 14:54:00-04:00  3682.370117  3683.100098  3682.129883  3682.679932  3682.679932     6440569
2022-10-19 14:56:00-04:00  3682.699951  3684.459961  3681.610107  3682.179932  3682.179932    10589961
2022-10-19 14:58:00-04:00  3682.120117  3682.620117  3681.750000  3682.409912  3682.409912     7886123
2022-10-19 15:00:00-04:00  3682.449951  3683.159912  3680.959961  3682.120117  3682.120117     9187461
2022-10-19 15:02:00-04:00  3682.090088  3687.800049  3681.949951  3687.050049  3687.050049    11400531
2022-10-19 15:04:00-04:00  3687.010010  3687.010010  3682.350098  3685.040039  3685.040039     9435326
2022-10-19 15:06:00-04:00  3684.850098  3684.860107  3680.219971  3680.679932  3680.679932     9116019
2022-10-19 15:08:00-04:00  3680.580078  3686.969971  3680.570068  3686.689941  3686.689941    10667407
2022-10-19 15:10:00-04:00  3686.790039  3688.959961  3686.790039  3688.560059  3688.560059     9967968
2022-10-19 15:12:00-04:00  3688.570068  3689.100098  3687.020020  3687.669922  3687.669922     8887047
2022-10-19 15:14:00-04:00  3687.719971  3693.330078  3687.719971  3693.330078  3693.330078    12748043
2022-10-19 15:16:00-04:00  3693.500000  3696.929932  3691.850098  3694.350098  3694.350098     8900012
2022-10-19 15:18:00-04:00  3695.219971  3695.840088  3694.330078  3695.540039  3695.540039    11357190
2022-10-19 15:20:00-04:00  3695.550049  3695.949951  3694.830078  3695.719971  3695.719971     8520301
2022-10-19 15:22:00-04:00  3695.699951  3696.060059  3691.959961  3692.209961  3692.209961           0
2022-10-19 15:24:00-04:00  3690.820068  3692.040039  3690.020020  3691.979980  3691.979980  1732617865
2022-10-19 15:26:00-04:00  3692.040039  3692.040039  3688.510010  3688.760010  3688.760010    12445623
2022-10-19 15:28:00-04:00  3688.719971  3688.719971  3685.729980  3687.610107  3687.610107    10577292
2022-10-19 15:30:00-04:00  3687.600098  3688.790039  3685.250000  3687.540039  3687.540039    13940382
2022-10-19 15:32:00-04:00  3687.729980  3688.919922  3686.610107  3688.149902  3688.149902    10953892
2022-10-19 15:34:00-04:00  3688.189941  3689.590088  3687.060059  3687.989990  3687.989990    11765538
2022-10-19 15:36:00-04:00  3687.969971  3690.929932  3687.750000  3690.800049  3690.800049    12976073
2022-10-19 15:38:00-04:00  3690.879883  3691.129883  3687.100098  3687.239990  3687.239990    14906758
2022-10-19 15:40:00-04:00  3687.290039  3691.739990  3687.239990  3690.320068  3690.320068    15121971
2022-10-19 15:42:00-04:00  3690.540039  3690.620117  3687.129883  3688.850098  3688.850098    14283674
2022-10-19 15:44:00-04:00  3688.879883  3689.669922  3687.919922  3687.919922  3687.919922     6847952
2022-10-19 15:46:00-04:00  3686.729980  3690.909912  3684.610107  3690.600098  3690.600098  1885411401
2022-10-19 15:48:00-04:00  3690.540039  3691.179932  3687.179932  3687.939941  3687.939941    16719785
2022-10-19 15:50:00-04:00  3687.909912  3690.520020  3685.399902  3686.209961  3686.209961    29527727
2022-10-19 15:52:00-04:00  3686.239990  3689.429932  3685.679932  3689.199951  3689.199951    24430689
2022-10-19 15:54:00-04:00  3689.159912  3692.949951  3689.159912  3692.280029  3692.280029    37363113
2022-10-19 15:56:00-04:00  3692.389893  3694.090088  3691.610107  3693.860107  3693.860107    37061631
2022-10-19 15:58:00-04:00  3693.889893  3696.949951  3692.989990  3695.959961  3695.959961    60334643
2022-10-20 09:30:00-04:00  3689.050049  3695.570068  3689.050049  3690.879883  3690.879883    14368142
2022-10-20 09:32:00-04:00  3690.760010  3693.379883  3685.580078  3693.360107  3693.360107    16509638
2022-10-20 09:34:00-04:00  3693.479980  3695.040039  3685.229980  3686.379883  3686.379883    28281898
2022-10-20 09:36:00-04:00  3686.629883  3689.570068  3682.649902  3683.800049  3683.800049    19243138
2022-10-20 09:38:00-04:00  3683.929932  3689.090088  3683.550049  3683.870117  3683.870117    20259245
2022-10-20 09:40:00-04:00  3683.620117  3690.100098  3680.590088  3689.870117  3689.870117    22969246
2022-10-20 09:42:00-04:00  3689.719971  3689.870117  3687.110107  3687.689941  3687.689941    19703524
2022-10-20 09:44:00-04:00  3687.899902  3695.870117  3685.189941  3695.600098  3695.600098    21988642
2022-10-20 09:46:00-04:00  3695.689941  3701.120117  3695.040039  3700.649902  3700.649902    21141586
2022-10-20 09:48:00-04:00  3700.590088  3700.590088  3696.100098  3699.300049  3699.300049    18961158
2022-10-20 09:50:00-04:00  3699.330078  3705.010010  3698.600098  3704.590088  3704.590088    19752164
2022-10-20 09:52:00-04:00  3704.580078  3707.070068  3704.189941  3705.159912  3705.159912    16598845
2022-10-20 09:54:00-04:00  3705.070068  3705.159912  3702.729980  3704.719971  3704.719971    13006607
2022-10-20 09:56:00-04:00  3705.840088  3708.090088  3705.760010  3706.600098  3706.600098    47975710
2022-10-20 09:58:00-04:00  3706.629883  3706.629883  3700.800049  3700.899902  3700.899902    15310359
2022-10-20 10:00:00-04:00  3700.850098  3707.729980  3700.280029  3707.030029  3707.030029    19518170
2022-10-20 10:02:00-04:00  3706.939941  3712.600098  3706.729980  3711.860107  3711.860107    16699913
2022-10-20 10:04:00-04:00  3711.929932  3717.659912  3711.929932  3717.520020  3717.520020    16726099
2022-10-20 10:06:00-04:00  3717.889893  3721.629883  3717.219971  3720.530029  3720.530029    17303130
2022-10-20 10:08:00-04:00  3720.600098  3725.570068  3719.000000  3724.610107  3724.610107    17593197
2022-10-20 10:10:00-04:00  3724.679932  3727.570068  3724.169922  3726.560059  3726.560059    16828808
2022-10-20 10:12:00-04:00  3726.580078  3726.780029  3723.419922  3723.620117  3723.620117    14581039
2022-10-20 10:14:00-04:00  3723.459961  3725.620117  3720.209961  3725.320068  3725.320068    17126485
2022-10-20 10:16:00-04:00  3725.320068  3725.770020  3721.800049  3725.489990  3725.489990    13643362
2022-10-20 10:18:00-04:00  3725.830078  3733.110107  3724.239990  3732.219971  3732.219971    11281037
2022-10-20 10:20:00-04:00  3735.350098  3735.389893  3733.040039  3735.189941  3735.189941    20312083
2022-10-20 10:22:00-04:00  3735.050049  3735.060059  3731.330078  3731.739990  3731.739990    12402336
2022-10-20 10:24:00-04:00  3731.729980  3734.030029  3730.610107  3730.610107  3730.610107    11531835
2022-10-20 10:26:00-04:00  3730.649902  3732.080078  3727.469971  3728.000000  3728.000000    11356825
2022-10-20 10:28:00-04:00  3727.939941  3731.719971  3727.939941  3731.510010  3731.510010    10667879
2022-10-20 10:30:00-04:00  3731.530029  3734.169922  3723.449951  3723.610107  3723.610107    15261756
2022-10-20 10:32:00-04:00  3723.370117  3723.370117  3720.949951  3721.429932  3721.429932    11959577
2022-10-20 10:34:00-04:00  3721.469971  3723.550049  3720.850098  3722.100098  3722.100098    11390862
2022-10-20 10:36:00-04:00  3722.209961  3723.820068  3721.620117  3722.719971  3722.719971    11370199
2022-10-20 10:38:00-04:00  3722.679932  3724.350098  3722.649902  3724.100098  3724.100098     5348009