                                  Open         High          Low        Close    Adj Close    Volume
Datetime                                                                                            
2022-11-16 10:54:00-05:00  3959.090088  3959.899902  3959.060059  3959.449951  3959.449951         0
2022-11-16 10:56:00-05:00  3959.320068  3961.550049  3958.909912  3961.370117  3961.370117   9649825
2022-11-16 10:58:00-05:00  3961.379883  3961.959961  3960.120117  3961.280029  3961.280029   8354091
2022-11-16 11:00:00-05:00  3961.270020  3964.899902  3960.489990  3964.399902  3964.399902   9434816
2022-11-16 11:02:00-05:00  3964.449951  3964.449951  3962.340088  3962.530029  3962.530029   8326482
2022-11-16 11:04:00-05:00  3962.530029  3964.649902  3962.530029  3964.620117  3964.620117   9342324
2022-11-16 11:06:00-05:00  3964.610107  3966.050049  3964.189941  3964.679932  3964.679932   9676719
2022-11-16 11:08:00-05:00  3964.570068  3964.669922  3962.709961  3963.479980  3963.479980   7531691
2022-11-16 11:10:00-05:00  3963.429932  3964.780029  3963.010010  3964.060059  3964.060059   7059775
2022-11-16 11:12:00-05:00  3964.070068  3965.250000  3961.110107  3964.870117  3964.870117   8798409
2022-11-16 11:14:00-05:00  3964.860107  3966.699951  3964.649902  3966.070068  3966.070068   8495259
2022-11-16 11:16:00-05:00  3966.040039  3966.260010  3964.699951  3964.699951  3964.699951   7571740
2022-11-16 11:18:00-05:00  3964.600098  3967.969971  3964.219971  3967.699951  3967.699951   8934187
2022-11-16 11:20:00-05:00  3967.729980  3969.489990  3966.540039  3967.020020  3967.020020   7611796
2022-11-16 11:22:00-05:00  3967.010010  3969.969971  3966.929932  3969.209961  3969.209961   9525146
2022-11-16 11:24:00-05:00  3969.300049  3969.699951  3968.199951  3969.419922  3969.419922   8861161
2022-11-16 11:26:00-05:00  3969.340088  3971.959961  3969.300049  3971.169922  3971.169922   8868277
2022-11-16 11:28:00-05:00  3971.179932  3972.550049  3970.820068  3970.820068  3970.820068   8710570
2022-11-16 11:30:00-05:00  3970.780029  3972.439941  3970.580078  3972.070068  3972.070068   8663766
2022-11-16 11:32:00-05:00  3972.139893  3974.459961  3971.989990  3972.060059  3972.060059   9537397
2022-11-16 11:34:00-05:00  3972.030029  3972.030029  3968.540039  3968.560059  3968.560059   8736494
2022-11-16 11:36:00-05:00  3968.550049  3969.620117  3967.719971  3968.159912  3968.159912   6829806
2022-11-16 11:38:00-05:00  3968.199951  3968.580078  3966.739990  3967.959961  3967.959961   7425694
2022-11-16 11:40:00-05:00  3967.939941  3971.270020  3967.820068  3969.860107  3969.860107   7786349
2022-11-16 11:42:00-05:00  3969.899902  3970.639893  3969.120117  3970.050049  3970.050049   6197627
2022-11-16 11:44:00-05:00  3970.139893  3971.760010  3969.040039  3971.600098  3971.600098   7221857
2022-11-16 11:46:00-05:00  3971.649902  3972.689941  3971.649902  3972.409912  3972.409912   6502410
2022-11-16 11:48:00-05:00  3972.469971  3972.949951  3970.860107  3972.350098  3972.350098   7641054
2022-11-16 11:50:00-05:00  3971.750000  3973.129883  3970.159912  3970.159912  3970.159912   7388002
2022-11-16 11:52:00-05:00  3970.090088  3970.810059  3969.040039  3970.810059  3970.810059   6805588
2022-11-16 11:54:00-05:00  3970.909912  3973.239990  3970.040039  3973.199951  3973.199951   6606741
2022-11-16 11:56:00-05:00  3973.229980  3975.080078  3972.629883  3972.919922  3972.919922   8072337
2022-11-16 11:58:00-05:00  3972.879883  3973.030029  3971.489990  3971.560059  3971.560059   6230027
2022-11-16 12:00:00-05:00  3971.580078  3971.679932  3968.370117  3968.379883  3968.379883   6329454
2022-11-16 12:02:00-05:00  3968.370117  3969.330078  3967.860107  3967.919922  3967.919922   6287903
2022-11-16 12:04:00-05:00  3967.929932  3968.939941  3967.199951  3968.449951  3968.449951   5745302
2022-11-16 12:06:00-05:00  3968.620117  3969.199951  3966.159912  3966.909912  3966.909912   6514323
2022-11-16 12:08:00-05:00  3966.870117  3971.959961  3966.820068  3971.540039  3971.540039   8143511
2022-11-16 12:10:00-05:00  3971.489990  3971.489990  3969.629883  3970.459961  3970.459961   6178952
2022-11-16 12:12:00-05:00  3970.530029  3971.409912  3967.989990  3968.500000  3968.500000   6955282
2022-11-16 12:14:00-05:00  3968.600098  3969.489990  3967.340088  3967.340088  3967.340088   6725705
2022-11-16 12:16:00-05:00  3967.020020  3968.419922  3966.959961  3967.320068  3967.320068   6450304
2022-11-16 12:18:00-05:00  3967.290039  3968.050049  3965.860107  3966.520020  3966.520020   6198225
2022-11-16 12:20:00-05:00  3966.500000  3967.939941  3964.770020  3964.770020  3964.770020   6849597
2022-11-16 12:22:00-05:00  3964.699951  3965.040039  3963.909912  3964.429932  3964.429932   6568975
2022-11-16 12:24:00-05:00  3964.370117  3968.139893  3963.820068  3967.280029  3967.280029  14057545
2022-11-16 12:26:00-05:00  3967.280029  3969.090088  3966.979980  3969.040039  3969.040039   6457839
2022-11-16 12:28:00-05:00  3969.159912  3969.689941  3968.070068  3968.860107  3968.860107   5210376
2022-11-16 12:30:00-05:00  3968.879883  3970.070068  3967.459961  3969.159912  3969.159912   5962235
2022-11-16 12:32:00-05:00  3969.159912  3970.860107  3968.969971  3969.510010  3969.510010   7033097
2022-11-16 12:34:00-05:00  3969.510010  3972.550049  3969.510010  3971.219971  3971.219971   7670632
2022-11-16 12:36:00-05:00  3971.169922  3972.649902  3970.760010  3972.500000  3972.500000   6038829
2022-11-16 12:38:00-05:00  3972.530029  3972.919922  3970.659912  3971.020020  3971.020020   5584664
2022-11-16 12:40:00-05:00  3971.010010  3971.689941  3970.419922  3971.360107  3971.360107   5707108
2022-11-16 12:42:00-05:00  3971.360107  3973.899902  3971.350098  3973.689941  3973.689941   5510304
2022-11-16 12:44:00-05:00  3973.659912  3981.979980  3973.550049  3980.169922  3980.169922  11200467
2022-11-16 12:46:00-05:00  3980.070068  3980.429932  3977.659912  3978.189941  3978.189941   7310550
2022-11-16 12:48:00-05:00  3978.219971  3979.020020  3977.800049  3978.139893  3978.139893   6039067
2022-11-16 12:50:00-05:00  3978.090088  3981.500000  3976.679932  3977.790039  3977.790039  11703112
2022-11-16 12:52:00-05:00  3977.729980  3977.780029  3974.229980  3974.560059  3974.560059   5468162
2022-11-16 12:54:00-05:00  3974.500000  3975.489990  3974.250000  3974.530029  3974.530029   5580118
2022-11-16 12:56:00-05:00  3974.510010  3975.479980  3973.899902  3975.280029  3975.280029   5665587
2022-11-16 12:58:00-05:00  3975.330078  3975.330078  3973.000000  3973.270020  3973.270020   5411923
2022-11-16 13:00:00-05:00  3973.260010  3973.260010  3968.989990  3972.379883  3972.379883  10617933
2022-11-16 13:02:00-05:00  3972.189941  3972.389893  3970.620117  3970.709961  3970.709961   5167835
2022-11-16 13:04:00-05:00  3970.760010  3972.320068  3970.760010  3971.120117  3971.120117   5686863
2022-11-16 13:06:00-05:00  3971.159912  3972.330078  3970.270020  3970.270020  3970.270020   5708056
2022-11-16 13:08:00-05:00  3970.270020  3972.020020  3969.810059  3972.020020  3972.020020   5743575
2022-11-16 13:10:00-05:00  3972.040039  3974.780029  3972.040039  3974.449951  3974.449951   6780137
2022-11-16 13:12:00-05:00  3974.409912  3974.659912  3971.790039  3971.810059  3971.810059   5704977
2022-11-16 13:14:00-05:00  3971.750000  3972.840088  3970.870117  3971.790039  3971.790039   5924165
2022-11-16 13:16:00-05:00  3972.010010  3973.129883  3971.169922  3971.709961  3971.709961   5336596
2022-11-16 13:18:00-05:00  3971.709961  3971.889893  3969.850098  3969.850098  3969.850098   5273102
2022-11-16 13:20:00-05:00  3969.860107  3970.679932  3969.110107  3970.550049  3970.550049   5738442
2022-11-16 13:22:00-05:00  3970.620117  3972.379883  3970.570068  3971.629883  3971.629883   6978818
2022-11-16 13:24:00-05:00  3971.620117  3971.870117  3969.629883  3970.080078  3970.080078   6499664
2022-11-16 13:26:00-05:00  3970.100098  3972.949951  3969.909912  3972.750000  3972.750000   5931324
2022-11-16 13:28:00-05:00  3972.699951  3972.820068  3969.179932  3969.649902  3969.649902   6869647
2022-11-16 13:30:00-05:00  3969.620117  3971.469971  3968.129883  3968.449951  3968.449951   6608373
2022-11-16 13:32:00-05:00  3968.429932  3968.620117  3962.379883  3962.610107  3962.610107   8405962
2022-11-16 13:34:00-05:00  3962.510010  3963.280029  3961.250000  3962.330078  3962.330078   7632303
2022-11-16 13:36:00-05:00  3962.350098  3962.370117  3960.939941  3961.709961  3961.709961   7714724
2022-11-16 13:38:00-05:00  3961.800049  3963.750000  3961.709961  3963.560059  3963.560059   7081680
2022-11-16 13:40:00-05:00  3963.550049  3964.030029  3963.120117  3963.500000  3963.500000   6518720
2022-11-16 13:42:00-05:00  3963.780029  3965.560059  3963.780029  3964.250000  3964.250000   7196454
2022-11-16 13:44:00-05:00  3964.310059  3965.280029  3963.560059  3963.560059  3963.560059   5833959
2022-11-16 13:46:00-05:00  3963.560059  3965.080078  3962.889893  3963.879883  3963.879883   6709089
2022-11-16 13:48:00-05:00  3963.840088  3963.889893  3962.270020  3962.389893  3962.389893   6105168
2022-11-16 13:50:00-05:00  3962.379883  3963.169922  3961.679932  3963.139893  3963.139893   5984953
2022-11-16 13:52:00-05:00  3963.169922  3963.199951  3960.830078  3961.739990  3961.739990   5829564
2022-11-16 13:54:00-05:00  3961.760010  3962.540039  3961.350098  3961.409912  3961.409912   6506178
2022-11-16 13:56:00-05:00  3961.429932  3962.189941  3958.110107  3958.110107  3958.110107   7063992
2022-11-16 13:58:00-05:00  3958.129883  3959.550049  3957.969971  3958.929932  3958.929932   5886174
2022-11-16 14:00:00-05:00  3958.929932  3959.270020  3957.580078  3959.270020  3959.270020   7410816
2022-11-16 14:02:00-05:00  3959.320068  3960.540039  3959.219971  3960.489990  3960.489990   6136580
2022-11-16 14:04:00-05:00  3960.500000  3962.580078  3960.500000  3961.250000  3961.250000   7189441
2022-11-16 14:06:00-05:00  3961.419922  3961.489990  3959.689941  3960.649902  3960.649902   6395652
2022-11-16 14:08:00-05:00  3960.649902  3962.959961  3960.649902  3962.959961  3962.959961   5543502
2022-11-16 14:10:00-05:00  3962.969971  3963.179932  3961.689941  3962.030029  3962.030029   5637663
2022-11-16 14:12:00-05:00  3962.030029  3962.260010  3960.870117  3961.090088  3961.090088   5158364
2022-11-16 14:14:00-05:00  3961.110107  3962.780029  3960.979980  3961.199951  3961.199951   7061145
2022-11-16 14:16:00-05:00  3961.139893  3961.139893  3959.199951  3959.199951  3959.199951   5765531
2022-11-16 14:18:00-05:00  3959.199951  3961.020020  3959.110107  3961.000000  3961.000000   5945923
2022-11-16 14:20:00-05:00  3960.979980  3963.310059  3960.739990  3962.429932  3962.429932   6874987
2022-11-16 14:22:00-05:00  3962.419922  3963.250000  3961.989990  3963.199951  3963.199951   5666319
2022-11-16 14:24:00-05:00  3963.510010  3965.320068  3963.280029  3965.290039  3965.290039   6092354
2022-11-16 14:26:00-05:00  3965.080078  3965.810059  3963.439941  3963.739990  3963.739990   6512090
2022-11-16 14:28:00-05:00  3963.570068  3964.040039  3962.879883  3963.580078  3963.580078   5001252
2022-11-16 14:30:00-05:00  3963.649902  3964.100098  3959.360107  3959.360107  3959.360107   7467622
2022-11-16 14:32:00-05:00  3959.270020  3959.270020  3955.959961  3957.879883  3957.879883   9181131
2022-11-16 14:34:00-05:00  3957.870117  3960.149902  3957.699951  3958.719971  3958.719971   6954285
2022-11-16 14:36:00-05:00  3958.719971  3967.439941  3958.699951  3966.659912  3966.659912   9647341
2022-11-16 14:38:00-05:00  3966.610107  3966.760010  3964.209961  3964.209961  3964.209961   6494997
2022-11-16 14:40:00-05:00  3964.179932  3966.209961  3963.790039  3965.510010  3965.510010   6905201
2022-11-16 14:42:00-05:00  3965.500000  3965.510010  3962.760010  3963.649902  3963.649902   6547969
2022-11-16 14:44:00-05:00  3963.699951  3964.239990  3962.800049  3963.909912  3963.909912   5304488
2022-11-16 14:46:00-05:00  3963.840088  3963.840088  3961.239990  3962.149902  3962.149902   6513185
2022-11-16 14:48:00-05:00  3962.260010  3962.330078  3961.399902  3961.600098  3961.600098   5980531
2022-11-16 14:50:00-05:00  3961.580078  3965.389893  3961.260010  3964.919922  3964.919922   6913004
2022-11-16 14:52:00-05:00  3964.969971  3966.929932  3964.479980  3965.729980  3965.729980   7416392
2022-11-16 14:54:00-05:00  3965.689941  3966.469971  3964.790039  3966.290039  3966.290039   5949540
2022-11-16 14:56:00-05:00  3966.239990  3966.280029  3964.590088  3966.250000  3966.250000   6919367
2022-11-16 14:58:00-05:00  3966.229980  3967.939941  3965.810059  3967.729980  3967.729980   6922769
2022-11-16 15:00:00-05:00  3967.770020  3968.449951  3967.050049  3967.850098  3967.850098   6954813
2022-11-16 15:02:00-05:00  3967.689941  3967.689941  3963.290039  3963.300049  3963.300049   8437645
2022-11-16 15:04:00-05:00  3963.310059  3964.449951  3962.629883  3964.139893  3964.139893   8454958
2022-11-16 15:06:00-05:00  3964.229980  3964.229980  3961.270020  3961.270020  3961.270020   9192680
2022-11-16 15:08:00-05:00  3961.270020  3961.270020  3955.429932  3956.689941  3956.689941  11582946
2022-11-16 15:10:00-05:00  3956.629883  3958.459961  3956.409912  3957.500000  3957.500000   9461574
2022-11-16 15:12:00-05:00  3957.419922  3958.439941  3956.820068  3957.570068  3957.570068   7775761
2022-11-16 15:14:00-05:00  3957.550049  3959.379883  3957.330078  3958.709961  3958.709961   9498235
2022-11-16 15:16:00-05:00  3958.739990  3959.340088  3955.699951  3956.219971  3956.219971   9742331
2022-11-16 15:18:00-05:00  3956.239990  3956.560059  3954.340088  3955.919922  3955.919922   9473339
2022-11-16 15:20:00-05:00  3955.939941  3958.780029  3955.790039  3957.750000  3957.750000  10982304
2022-11-16 15:22:00-05:00  3957.800049  3958.770020  3957.449951  3957.860107  3957.860107   9343255
2022-11-16 15:24:00-05:00  3957.719971  3960.540039  3957.020020  3959.409912  3959.409912  11737809
2022-11-16 15:26:00-05:00  3959.389893  3961.399902  3958.739990  3960.719971  3960.719971  11856801
2022-11-16 15:28:00-05:00  3960.479980  3960.560059  3959.129883  3959.449951  3959.449951  10209732
2022-11-16 15:30:00-05:00  3959.229980  3961.850098  3959.199951  3960.080078  3960.080078  14300137
2022-11-16 15:32:00-05:00  3960.080078  3960.189941  3956.169922  3956.550049  3956.550049  12663705
2022-11-16 15:34:00-05:00  3956.679932  3958.679932  3955.709961  3957.459961  3957.459961  13202663
2022-11-16 15:36:00-05:00  3957.469971  3958.449951  3955.899902  3958.449951  3958.449951  13359455
2022-11-16 15:38:00-05:00  3958.479980  3958.760010  3957.580078  3957.669922  3957.669922  13660633
2022-11-16 15:40:00-05:00  3957.909912  3962.260010  3956.159912  3961.689941  3961.689941  20009358
2022-11-16 15:42:00-05:00  3961.679932  3962.850098  3961.270020  3962.149902  3962.149902  13894538
2022-11-16 15:44:00-05:00  3962.120117  3964.070068  3961.139893  3961.699951  3961.699951  18258279
2022-11-16 15:46:00-05:00  3961.550049  3963.500000  3961.179932  3962.810059  3962.810059  14428465
2022-11-16 15:48:00-05:00  3962.800049  3963.639893  3962.060059  3963.260010  3963.260010  16829061
2022-11-16 15:50:00-05:00  3963.189941  3967.489990  3963.189941  3966.370117  3966.370117  31417845
2022-11-16 15:52:00-05:00  3965.550049  3968.070068  3964.189941  3967.800049  3967.800049  28114231
2022-11-16 15:54:00-05:00  3967.780029  3968.330078  3961.760010  3961.989990  3961.989990  41077018
2022-11-16 15:56:00-05:00  3961.909912  3961.909912  3959.580078  3959.679932  3959.679932  41854838
2022-11-16 15:58:00-05:00  3959.600098  3962.169922  3959.149902  3959.780029  3959.780029  57221223
2022-11-17 09:30:00-05:00  3919.260010  3919.260010  3910.790039  3916.479980  3916.479980  46549385
2022-11-17 09:32:00-05:00  3916.239990  3917.560059  3914.729980  3916.189941  3916.189941  18975888
2022-11-17 09:34:00-05:00  3916.409912  3916.889893  3913.159912  3916.629883  3916.629883  17059456
2022-11-17 09:36:00-05:00  3916.729980  3917.209961  3910.429932  3910.540039  3910.540039  14842524
2022-11-17 09:38:00-05:00  3910.600098  3914.310059  3910.330078  3912.479980  3912.479980  13171006
2022-11-17 09:40:00-05:00  3912.629883  3917.520020  3911.530029  3917.159912  3917.159912  16834464
2022-11-17 09:42:00-05:00  3917.149902  3917.149902  3914.669922  3915.350098  3915.350098  14198706
2022-11-17 09:44:00-05:00  3915.439941  3920.320068  3914.780029  3920.310059  3920.310059  15399018
2022-11-17 09:46:00-05:00  3920.360107  3921.669922  3919.739990  3921.489990  3921.489990  14616358
2022-11-17 09:48:00-05:00  3920.979980  3920.979980  3918.870117  3919.080078  3919.080078  13112296
2022-11-17 09:50:00-05:00  3919.189941  3921.110107  3918.699951  3919.409912  3919.409912  11904113
2022-11-17 09:52:00-05:00  3919.350098  3919.370117  3915.219971  3916.090088  3916.090088  12358983
2022-11-17 09:54:00-05:00  3916.000000  3916.000000  3913.080078  3913.260010  3913.260010  12992791
2022-11-17 09:56:00-05:00  3913.260010  3913.360107  3908.870117  3909.590088  3909.590088  12317711
2022-11-17 09:58:00-05:00  3909.520020  3912.300049  3907.770020  3907.969971  3907.969971  12918587
2022-11-17 10:00:00-05:00  3908.219971  3909.719971  3906.540039  3909.719971  3909.719971  13735768
2022-11-17 10:02:00-05:00  3909.820068  3911.459961  3908.800049  3911.149902  3911.149902  11884148
2022-11-17 10:04:00-05:00  3911.000000  3914.000000  3910.889893  3913.899902  3913.899902  14146070
2022-11-17 10:06:00-05:00  3914.040039  3915.550049  3912.270020  3915.550049  3915.550049  11382695
2022-11-17 10:08:00-05:00  3915.729980  3915.729980  3912.379883  3912.709961  3912.709961   9762374
2022-11-17 10:10:00-05:00  3912.590088  3916.270020  3912.120117  3913.379883  3913.379883  11787539
2022-11-17 10:12:00-05:00  3913.449951  3915.100098  3910.300049  3913.629883  3913.629883  11346663
2022-11-17 10:14:00-05:00  3913.659912  3918.000000  3913.659912  3916.580078  3916.580078  10871985
2022-11-17 10:16:00-05:00  3916.439941  3918.899902  3915.520020  3916.429932  3916.429932  11694206
2022-11-17 10:18:00-05:00  3916.489990  3922.550049  3916.129883  3922.350098  3922.350098  11858483
2022-11-17 10:20:00-05:00  3922.340088  3924.080078  3921.080078  3921.080078  3921.080078  12560719
2022-11-17 10:22:00-05:00  3921.169922  3923.870117  3921.149902  3921.500000  3921.500000  10049185
2022-11-17 10:24:00-05:00  3921.459961  3923.429932  3920.600098  3923.219971  3923.219971   8653145
2022-11-17 10:26:00-05:00  3923.300049  3926.709961  3922.429932  3925.120117  3925.120117  10446719
2022-11-17 10:28:00-05:00  3925.090088  3925.719971  3923.699951  3924.879883  3924.879883   9088451
2022-11-17 10:30:00-05:00  3924.899902  3924.949951  3921.949951  3922.050049  3922.050049   7261350
2022-11-17 10:32:00-05:00  3921.939941  3923.399902  3920.860107  3922.100098  3922.100098  11562314
2022-11-17 10:34:00-05:00  3922.179932  3922.189941  3919.370117  3920.080078  3920.080078   9900707
2022-11-17 10:36:00-05:00  3920.000000  3922.110107  3919.070068  3921.979980  3921.979980   9567695
2022-11-17 10:38:00-05:00  3921.959961  3922.310059  3919.449951  3919.449951  3919.449951   8301417
2022-11-17 10:40:00-05:00  3919.300049  3921.939941  3918.810059  3919.219971  3919.219971   9141165
2022-11-17 10:42:00-05:00  3919.100098  3919.689941  3917.919922  3919.620117  3919.620117   7985648
2022-11-17 10:44:00-05:00  3919.600098  3920.040039  3914.899902  3914.899902  3914.899902   9069732
2022-11-17 10:46:00-05:00  3914.530029  3916.469971  3914.479980  3914.790039  3914.790039   9490580
2022-11-17 10:48:00-05:00  3914.770020  3914.770020  3911.879883  3913.159912  3913.159912   9064668
2022-11-17 10:50:00-05:00  3913.290039  3914.949951  3912.800049  3914.320068  3914.320068   8318544
2022-11-17 10:52:00-05:00  3914.560059  3915.169922  3913.350098  3914.870117  3914.870117   7476185
2022-11-17 10:54:00-05:00  3914.889893  3914.889893  3912.020020  3912.510010  3912.510010   9189666
2022-11-17 10:56:00-05:00  3912.489990  3912.689941  3910.780029  3912.689941  3912.689941  11268311
2022-11-17 10:58:00-05:00  3912.800049  3912.919922  3910.679932  3911.110107  3911.110107   2222133
2022-11-17 11:00:00-05:00  3912.750000  3914.719971  3912.419922  3913.830078  3913.830078  14507505
2022-11-17 11:02:00-05:00  3913.530029  3914.100098  3912.810059  3912.820068  3912.820068   6569569
2022-11-17 11:04:00-05:00  3912.820068  3913.080078  3911.709961  3912.790039  3912.790039   7436502
2022-11-17 11:06:00-05:00  3912.800049  3916.719971  3912.669922  3916.479980  3916.479980   7984253
2022-11-17 11:08:00-05:00  3916.370117  3916.370117  3910.310059  3910.310059  3910.310059   8242556
2022-11-17 11:10:00-05:00  3910.290039  3911.270020  3909.620117  3911.169922  3911.169922   7489579
2022-11-17 11:12:00-05:00  3911.139893  3911.159912  3908.459961  3909.969971  3909.969971   7634744
2022-11-17 11:14:00-05:00  3909.919922  3912.439941  3909.919922  3911.000000  3911.000000   7238555
2022-11-17 11:16:00-05:00  3911.020020  3914.000000  3910.959961  3912.969971  3912.969971   6699199
2022-11-17 11:18:00-05:00  3912.959961  3914.320068  3912.300049  3913.060059  3913.060059   7705223
2022-11-17 11:20:00-05:00  3912.989990  3913.850098  3910.580078  3911.409912  3911.409912   8275298
2022-11-17 11:22:00-05:00  3911.370117  3913.060059  3909.689941  3912.889893  3912.889893   6880652
2022-11-17 11:24:00-05:00  3912.909912  3915.500000  3912.909912  3915.439941  3915.439941   8121566
2022-11-17 11:26:00-05:00  3915.489990  3918.110107  3914.800049  3917.649902  3917.649902   8397422
2022-11-17 11:28:00-05:00  3917.540039  3918.320068  3917.209961  3917.459961  3917.459961   7530659
2022-11-17 11:30:00-05:00  3917.500000  3918.040039  3915.959961  3916.629883  3916.629883   8243895
2022-11-17 11:32:00-05:00  3916.590088  3919.340088  3916.310059  3919.229980  3919.229980   7237564
2022-11-17 11:34:00-05:00  3919.239990  3920.840088  3918.550049  3920.530029  3920.530029   8070383
2022-11-17 11:36:00-05:00  3920.659912  3921.120117  3919.050049  3919.090088  3919.090088   7422831
2022-11-17 11:38:00-05:00  3919.050049  3921.739990  3919.050049  3920.379883  3920.379883   7297464
2022-11-17 11:40:00-05:00  3920.439941  3921.139893  3919.139893  3919.139893  3919.139893   6300512
2022-11-17 11:42:00-05:00  3919.169922  3921.090088  3919.139893  3920.679932  3920.679932   6673714
2022-11-17 11:44:00-05:00  3920.699951  3921.899902  3920.500000  3921.879883  3921.879883   6836690
2022-11-17 11:46:00-05:00  3921.860107  3923.179932  3921.479980  3922.239990  3922.239990   6386830
2022-11-17 11:48:00-05:00  3921.979980  3922.729980  3919.850098  3919.850098  3919.850098   6513952
2022-11-17 11:50:00-05:00  3919.939941  3922.719971  3919.679932  3922.290039  3922.290039   6982050
2022-11-17 11:52:00-05:00  3922.310059  3922.310059  3918.840088  3920.000000  3920.000000   8155625
2022-11-17 11:54:00-05:00  3920.000000  3932.110107  3919.899902  3931.590088  3931.590088  11014703
2022-11-17 11:56:00-05:00  3931.560059  3935.050049  3929.600098  3935.050049  3935.050049   9963234
2022-11-17 11:58:00-05:00  3934.959961  3936.540039  3934.520020  3936.169922  3936.169922  10000154
2022-11-17 12:00:00-05:00  3936.370117  3939.159912  3936.300049  3936.600098  3936.600098   9813727
2022-11-17 12:02:00-05:00  3936.489990  3940.429932  3936.489990  3940.330078  3940.330078   7270131
2022-11-17 12:04:00-05:00  3940.340088  3941.409912  3938.750000  3940.060059  3940.060059   7717703
2022-11-17 12:06:00-05:00  3940.080078  3940.080078  3937.739990  3937.939941  3937.939941   6718499
2022-11-17 12:08:00-05:00  3937.929932  3939.399902  3937.810059  3938.780029  3938.780029   7414160
2022-11-17 12:10:00-05:00  3938.810059  3941.000000  3938.179932  3939.899902  3939.899902   7938344
2022-11-17 12:12:00-05:00  3939.929932  3940.120117  3938.000000  3938.030029  3938.030029   6572540
2022-11-17 12:14:00-05:00  3937.889893  3938.320068  3936.199951  3936.600098  3936.600098   7044047
2022-11-17 12:16:00-05:00  3936.590088  3937.050049  3935.429932  3936.560059  3936.560059   7041356
2022-11-17 12:18:00-05:00  3936.879883  3938.969971  3936.879883  3938.969971  3938.969971   6441394
2022-11-17 12:20:00-05:00  3938.959961  3938.959961  3936.459961  3936.459961  3936.459961   6207290
2022-11-17 12:22:00-05:00  3936.459961  3938.139893  3935.919922  3936.010010  3936.010010   7013811
2022-11-17 12:24:00-05:00  3935.959961  3936.449951  3935.620117  3935.729980  3935.729980   5793216
2022-11-17 12:26:00-05:00  3935.870117  3937.260010  3935.600098  3936.050049  3936.050049   6166466
2022-11-17 12:28:00-05:00  3935.969971  3936.870117  3935.510010  3935.510010  3935.510010   5686025
2022-11-17 12:30:00-05:00  3935.419922  3938.550049  3935.330078  3938.379883  3938.379883   5550655
2022-11-17 12:32:00-05:00  3938.330078  3938.330078  3933.429932  3933.879883  3933.879883   6854675
2022-11-17 12:34:00-05:00  3933.919922  3934.169922  3933.090088  3933.889893  3933.889893   5219344
2022-11-17 12:36:00-05:00  3933.979980  3937.250000  3933.979980  3936.620117  3936.620117   7977701
2022-11-17 12:38:00-05:00  3936.560059  3937.080078  3935.739990  3937.080078  3937.080078   5839829
2022-11-17 12:40:00-05:00  3937.310059  3940.100098  3937.280029  3938.719971  3938.719971   8980690
2022-11-17 12:42:00-05:00  3938.699951  3938.760010  3937.229980  3938.500000  3938.500000   5894781
2022-11-17 12:44:00-05:00  3938.540039  3941.909912  3938.389893  3941.860107  3941.860107   6367598
2022-11-17 12:46:00-05:00  3941.850098  3941.850098  3940.699951  3940.909912  3940.909912   6044800
2022-11-17 12:48:00-05:00  3940.889893  3941.560059  3940.110107  3941.540039  3941.540039   6725292
2022-11-17 12:50:00-05:00  3941.540039  3948.030029  3941.540039  3946.649902  3946.649902  12221412
2022-11-17 12:52:00-05:00  3946.620117  3948.100098  3946.189941  3947.350098  3947.350098   6638462
2022-11-17 12:54:00-05:00  3947.330078  3947.330078  3945.889893  3946.760010  3946.760010   5856857
2022-11-17 12:56:00-05:00  3946.830078  3947.649902  3945.649902  3947.570068  3947.570068   7167743
2022-11-17 12:58:00-05:00  3947.550049  3950.129883  3946.739990  3948.620117  3948.620117   9794624
2022-11-17 13:00:00-05:00  3948.449951  3950.149902  3948.439941  3950.060059  3950.060059   6902928
2022-11-17 13:02:00-05:00  3950.020020  3950.600098  3948.850098  3948.989990  3948.989990   6224769
2022-11-17 13:04:00-05:00  3948.989990  3949.389893  3947.280029  3947.330078  3947.330078   5974703
2022-11-17 13:06:00-05:00  3947.330078  3949.909912  3947.260010  3947.280029  3947.280029   7013771
2022-11-17 13:08:00-05:00  3947.209961  3947.479980  3946.479980  3946.689941  3946.689941   6872273
2022-11-17 13:10:00-05:00  3946.689941  3950.199951  3946.689941  3949.820068  3949.820068   7169185
2022-11-17 13:12:00-05:00  3949.939941  3951.669922  3949.800049  3950.139893  3950.139893   6855185
2022-11-17 13:14:00-05:00  3949.770020  3951.050049  3948.840088  3951.050049  3951.050049   5982894
2022-11-17 13:16:00-05:00  3951.070068  3951.479980  3949.800049  3949.969971  3949.969971   5725473
2022-11-17 13:18:00-05:00  3950.040039  3953.560059  3949.530029  3953.449951  3953.449951   6601441
2022-11-17 13:20:00-05:00  3953.459961  3954.330078  3952.100098  3952.280029  3952.280029   7474786
2022-11-17 13:22:00-05:00  3952.399902  3952.469971  3951.189941  3951.760010  3951.760010   5722764
2022-11-17 13:24:00-05:00  3951.739990  3951.739990  3950.090088  3950.110107  3950.110107   5632839
2022-11-17 13:26:00-05:00  3950.120117  3950.320068  3948.820068  3949.719971  3949.719971   6048043
2022-11-17 13:28:00-05:00  3949.649902  3950.610107  3949.189941  3949.219971  3949.219971   5646585
2022-11-17 13:30:00-05:00  3949.320068  3950.139893  3947.159912  3947.300049  3947.300049   7404307
2022-11-17 13:32:00-05:00  3947.320068  3948.909912  3946.830078  3948.260010  3948.260010   5909996
2022-11-17 13:34:00-05:00  3948.290039  3950.899902  3948.250000  3950.580078  3950.580078   8063544
2022-11-17 13:36:00-05:00  3950.580078  3952.370117  3949.909912  3951.590088  3951.590088   6805665
2022-11-17 13:38:00-05:00  3951.610107  3953.659912  3951.350098  3953.330078  3953.330078   6654401
2022-11-17 13:40:00-05:00  3953.350098  3953.629883  3952.689941  3953.330078  3953.330078   5829662
2022-11-17 13:42:00-05:00  3953.469971  3953.489990  3950.139893  3950.449951  3950.449951   8021668
2022-11-17 13:44:00-05:00  3950.419922  3950.719971  3947.100098  3947.510010  3947.510010   8068657
2022-11-17 13:46:00-05:00  3947.520020  3948.830078  3947.510010  3948.689941  3948.689941   5200040
2022-11-17 13:48:00-05:00  3948.639893  3948.639893  3945.770020  3946.030029  3946.030029   6139536
2022-11-17 13:50:00-05:00  3945.959961  3946.330078  3944.570068  3944.590088  3944.590088   6121476
2022-11-17 13:52:00-05:00  3944.649902  3945.729980  3943.530029  3944.820068  3944.820068   7351713
2022-11-17 13:54:00-05:00  3944.689941  3945.330078  3944.080078  3944.139893  3944.139893   6264779
2022-11-17 13:56:00-05:00  3944.129883  3946.500000  3942.889893  3946.500000  3946.500000   6889230
2022-11-17 13:58:00-05:00  3946.469971  3947.969971  3946.469971  3947.489990  3947.489990   4989083
2022-11-17 14:00:00-05:00  3947.489990  3948.520020  3946.979980  3948.379883  3948.379883   6322409
2022-11-17 14:02:00-05:00  3948.459961  3951.379883  3948.459961  3951.139893  3951.139893   6523051
2022-11-17 14:04:00-05:00  3951.000000  3951.010010  3947.979980  3948.699951  3948.699951   6071153
2022-11-17 14:06:00-05:00  3948.820068  3949.330078  3945.969971  3946.030029  3946.030029   6495035
2022-11-17 14:08:00-05:00  3945.979980  3946.479980  3944.000000  3944.000000  3944.000000   6569635
2022-11-17 14:10:00-05:00  3943.959961  3943.959961  3940.110107  3940.379883  3940.379883   7552681
2022-11-17 14:12:00-05:00  3940.370117  3942.000000  3939.879883  3941.840088  3941.840088   6783297
2022-11-17 14:14:00-05:00  3941.810059  3941.939941  3939.010010  3939.010010  3939.010010   6295441
2022-11-17 14:16:00-05:00  3938.989990  3939.260010  3937.000000  3937.439941  3937.439941   6741793
2022-11-17 14:18:00-05:00  3937.459961  3937.800049  3936.780029  3937.199951  3937.199951   6629516
2022-11-17 14:20:00-05:00  3937.179932  3937.340088  3935.270020  3936.330078  3936.330078   7123060
2022-11-17 14:22:00-05:00  3936.300049  3936.729980  3934.389893  3936.729980  3936.729980   7694167
2022-11-17 14:24:00-05:00  3936.739990  3938.379883  3935.870117  3936.129883  3936.129883   7092947
2022-11-17 14:26:00-05:00  3936.110107  3938.050049  3936.110107  3937.770020  3937.770020   8590730
2022-11-17 14:28:00-05:00  3937.830078  3939.229980  3937.300049  3937.469971  3937.469971   7089326
2022-11-17 14:30:00-05:00  3937.560059  3939.040039  3936.389893  3938.750000  3938.750000   7208442
2022-11-17 14:32:00-05:00  3938.729980  3938.889893  3937.290039  3937.560059  3937.560059   6439783
2022-11-17 14:34:00-05:00  3937.570068  3938.429932  3935.889893  3935.889893  3935.889893   6026434
2022-11-17 14:36:00-05:00  3935.899902  3936.080078  3933.429932  3936.080078  3936.080078   7753478
2022-11-17 14:38:00-05:00  3936.270020  3937.030029  3935.600098  3936.209961  3936.209961   5697619
2022-11-17 14:40:00-05:00  3936.290039  3937.389893  3934.489990  3936.780029  3936.780029   7594361
2022-11-17 14:42:00-05:00  3936.750000  3936.889893  3934.209961  3934.209961  3934.209961   6634169
2022-11-17 14:44:00-05:00  3934.169922  3934.860107  3931.919922  3931.919922  3931.919922   8521972
2022-11-17 14:46:00-05:00  3931.850098  3933.590088  3930.969971  3932.669922  3932.669922   6529178
2022-11-17 14:48:00-05:00  3932.669922  3938.010010  3932.669922  3937.010010  3937.010010   9002943
2022-11-17 14:50:00-05:00  3936.989990  3937.439941  3935.979980  3936.030029  3936.030029   5579684
2022-11-17 14:52:00-05:00  3936.010010  3938.280029  3935.500000  3937.989990  3937.989990   6622651
2022-11-17 14:54:00-05:00  3937.989990  3939.139893  3937.350098  3937.830078  3937.830078   6738723
2022-11-17 14:56:00-05:00  3937.729980  3938.620117  3936.699951  3936.739990  3936.739990   6418870
2022-11-17 14:58:00-05:00  3936.760010  3937.729980  3936.639893  3936.870117  3936.870117   6302214
2022-11-17 15:00:00-05:00  3936.870117  3938.699951  3936.209961  3936.530029  3936.530029  11873207
2022-11-17 15:02:00-05:00  3936.439941  3936.580078  3933.389893  3935.179932  3935.179932  10600763
2022-11-17 15:04:00-05:00  3935.179932  3936.360107  3933.800049  3935.379883  3935.379883  10399850
2022-11-17 15:06:00-05:00  3935.399902  3938.270020  3935.399902  3936.500000  3936.500000   9236518
2022-11-17 15:08:00-05:00  3936.110107  3936.669922  3932.479980  3932.520020  3932.520020   8729360
2022-11-17 15:10:00-05:00  3932.770020  3932.909912  3930.110107  3930.260010  3930.260010   9133442
2022-11-17 15:12:00-05:00  3930.229980  3930.699951  3928.290039  3928.520020  3928.520020   9013884
2022-11-17 15:14:00-05:00  3928.439941  3929.179932  3926.250000  3926.300049  3926.300049   9134876
2022-11-17 15:16:00-05:00  3926.250000  3926.649902  3925.439941  3925.679932  3925.679932   8882934
2022-11-17 15:18:00-05:00  3925.719971  3927.479980  3924.790039  3924.790039  3924.790039   9135709
2022-11-17 15:20:00-05:00  3924.770020  3924.939941  3922.709961  3923.899902  3923.899902  10144130
2022-11-17 15:22:00-05:00  3923.860107  3926.199951  3923.770020  3926.149902  3926.149902   8851325
2022-11-17 15:24:00-05:00  3926.129883  3926.129883  3923.229980  3924.020020  3924.020020   9642328
2022-11-17 15:26:00-05:00  3924.060059  3925.050049  3922.139893  3925.050049  3925.050049   9792339
2022-11-17 15:28:00-05:00  3925.030029  3925.979980  3924.419922  3925.929932  3925.929932   9752275
2022-11-17 15:30:00-05:00  3925.879883  3928.530029  3925.199951  3928.090088  3928.090088  11729184
2022-11-17 15:32:00-05:00  3928.080078  3930.659912  3927.489990  3930.659912  3930.659912  11127703
2022-11-17 15:34:00-05:00  3930.590088  3930.590088  3928.689941  3929.800049  3929.800049  10797974
2022-11-17 15:36:00-05:00  3929.760010  3929.780029  3928.189941  3928.570068  3928.570068  10655172
2022-11-17 15:38:00-05:00  3928.610107  3930.989990  3928.610107  3930.850098  3930.850098  10211581
2022-11-17 15:40:00-05:00  3930.929932  3933.889893  3930.929932  3933.370117  3933.370117  13393057
2022-11-17 15:42:00-05:00  3933.500000  3933.889893  3932.590088  3932.989990  3932.989990  10768829
2022-11-17 15:44:00-05:00  3933.020020  3936.330078  3932.939941  3935.399902  3935.399902  16530643
2022-11-17 15:46:00-05:00  3935.810059  3937.219971  3935.620117  3937.030029  3937.030029  15890509
2022-11-17 15:48:00-05:00  3937.639893  3942.250000  3937.639893  3941.379883  3941.379883  18374911
2022-11-17 15:50:00-05:00  3941.360107  3943.300049  3938.120117  3940.419922  3940.419922  24793830
2022-11-17 15:52:00-05:00  3940.389893  3942.129883  3939.080078  3939.090088  3939.090088  23839248
2022-11-17 15:54:00-05:00  3939.090088  3940.429932  3936.870117  3939.159912  3939.159912  33105231
2022-11-17 15:56:00-05:00  3939.270020  3942.219971  3937.810059  3942.149902  3942.149902  39078550
2022-11-17 15:58:00-05:00  3942.389893  3948.500000  3941.409912  3947.620117  3947.620117  56848131
2022-11-18 09:30:00-05:00  3966.389893  3979.889893  3966.389893  3973.979980  3973.979980  11551467
2022-11-18 09:32:00-05:00  3973.760010  3976.489990  3970.340088  3971.020020  3971.020020  18387230
2022-11-18 09:34:00-05:00  3970.919922  3973.409912  3969.620117  3972.379883  3972.379883  17205710
2022-11-18 09:36:00-05:00  3972.429932  3973.060059  3967.889893  3969.149902  3969.149902  15072249
2022-11-18 09:38:00-05:00  3969.129883  3970.209961  3965.290039  3965.290039  3965.290039  12910361
2022-11-18 09:40:00-05:00  3965.270020  3967.969971  3965.110107  3967.969971  3967.969971  13945611
2022-11-18 09:42:00-05:00  3968.120117  3968.310059  3963.780029  3966.129883  3966.129883  14467094
2022-11-18 09:44:00-05:00  3966.189941  3969.250000  3965.850098  3969.000000  3969.000000  13703213
2022-11-18 09:46:00-05:00  3969.100098  3969.689941  3966.370117  3966.689941  3966.689941  21961739
2022-11-18 09:48:00-05:00  3966.040039  3966.040039  3961.030029  3961.030029  3961.030029  12132564
2022-11-18 09:50:00-05:00  3960.969971  3963.620117  3960.949951  3963.030029  3963.030029  12465719
2022-11-18 09:52:00-05:00  3963.060059  3964.780029  3962.610107  3964.500000  3964.500000  10145607
2022-11-18 09:54:00-05:00  3964.879883  3968.709961  3964.879883  3968.459961  3968.459961  11177960
2022-11-18 09:56:00-05:00  3968.479980  3969.580078  3967.679932  3967.820068  3967.820068  10268983
2022-11-18 09:58:00-05:00  3967.820068  3967.820068  3962.260010  3962.699951  3962.699951  12363761
2022-11-18 10:00:00-05:00  3962.780029  3964.110107  3958.000000  3958.479980  3958.479980  14881284
2022-11-18 10:02:00-05:00  3958.370117  3959.260010  3953.830078  3953.879883  3953.879883  11507245
2022-11-18 10:04:00-05:00  3953.899902  3957.300049  3953.899902  3956.260010  3956.260010  10504510
2022-11-18 10:06:00-05:00  3956.330078  3957.129883  3948.790039  3948.790039  3948.790039  11121262
2022-11-18 10:08:00-05:00  3948.909912  3953.530029  3948.449951  3953.459961  3953.459961   9918189
2022-11-18 10:10:00-05:00  3953.649902  3956.639893  3953.409912  3956.429932  3956.429932   9644395
2022-11-18 10:12:00-05:00  3956.429932  3957.189941  3954.419922  3954.419922  3954.419922  10247552
2022-11-18 10:14:00-05:00  3954.199951  3954.510010  3951.709961  3952.830078  3952.830078   9294779
2022-11-18 10:16:00-05:00  3953.020020  3956.729980  3953.020020  3956.679932  3956.679932   9232470
2022-11-18 10:18:00-05:00  3956.659912  3957.389893  3953.889893  3954.139893  3954.139893   9283801
2022-11-18 10:20:00-05:00  3954.159912  3958.489990  3954.110107  3958.419922  3958.419922   9557975
2022-11-18 10:22:00-05:00  3958.340088  3960.530029  3958.290039  3960.260010  3960.260010   7687258
2022-11-18 10:24:00-05:00  3960.179932  3960.179932  3956.679932  3956.949951  3956.949951   8577618
2022-11-18 10:26:00-05:00  3956.949951  3956.949951  3950.510010  3950.689941  3950.689941   9264257
2022-11-18 10:28:00-05:00  3950.659912  3958.199951  3950.590088  3958.199951  3958.199951   9756360
2022-11-18 10:30:00-05:00  3958.209961  3960.090088  3956.429932  3958.679932  3958.679932   8965097
2022-11-18 10:32:00-05:00  3958.639893  3958.959961  3955.399902  3956.409912  3956.409912   7780949
2022-11-18 10:34:00-05:00  3956.399902  3958.969971  3955.889893  3958.080078  3958.080078   8296280
2022-11-18 10:36:00-05:00  3958.120117  3959.949951  3955.270020  3959.719971  3959.719971   8152935
2022-11-18 10:38:00-05:00  3959.739990  3961.719971  3957.489990  3957.949951  3957.949951   9227388
2022-11-18 10:40:00-05:00  3957.820068  3960.129883  3957.600098  3959.850098  3959.850098   8271084
2022-11-18 10:42:00-05:00  3959.949951  3961.000000  3958.979980  3959.620117  3959.620117   8090948
2022-11-18 10:44:00-05:00  3959.629883  3959.989990  3955.540039  3955.540039  3955.540039   8430911
2022-11-18 10:46:00-05:00  3955.469971  3959.219971  3954.870117  3959.219971  3959.219971   7838345
2022-11-18 10:48:00-05:00  3959.199951  3960.020020  3958.489990  3959.780029  3959.780029   7136898
2022-11-18 10:50:00-05:00  3959.810059  3960.120117  3957.429932  3957.820068  3957.820068   8306931
2022-11-18 10:52:00-05:00  3957.969971  3959.770020  3957.250000  3959.770020  3959.770020   7749315
2022-11-18 10:54:00-05:00  3959.780029  3960.010010  3955.830078  3956.270020  3956.270020   7760668
2022-11-18 10:56:00-05:00  3956.310059  3956.360107  3949.120117  3950.050049  3950.050049  10427390
2022-11-18 10:58:00-05:00  3949.810059  3950.399902  3948.090088  3950.399902  3950.399902   8750608
2022-11-18 11:00:00-05:00  3950.409912  3952.080078  3948.840088  3948.840088  3948.840088   7044983
2022-11-18 11:02:00-05:00  3948.780029  3950.020020  3945.810059  3946.060059  3946.060059   8296342
2022-11-18 11:04:00-05:00  3946.050049  3949.209961  3945.989990  3949.209961  3949.209961   7327243
2022-11-18 11:06:00-05:00  3949.189941  3950.340088  3948.060059  3949.340088  3949.340088   7598595
2022-11-18 11:08:00-05:00  3949.399902  3951.590088  3949.399902  3951.590088  3951.590088   4879403
2022-11-18 11:10:00-05:00  3951.959961  3953.270020  3950.050049  3952.699951  3952.699951   9236819
2022-11-18 11:12:00-05:00  3952.800049  3954.189941  3951.689941  3953.520020  3953.520020   6938285
2022-11-18 11:14:00-05:00  3953.479980  3955.370117  3953.479980  3955.060059  3955.060059   7010070
2022-11-18 11:16:00-05:00  3955.060059  3955.879883  3954.610107  3955.689941  3955.689941   6591254
2022-11-18 11:18:00-05:00  3955.699951  3961.350098  3955.699951  3961.189941  3961.189941   9232106
2022-11-18 11:20:00-05:00  3961.169922  3961.949951  3960.510010  3961.120117  3961.120117   9057353
2022-11-18 11:22:00-05:00  3961.070068  3961.370117  3959.179932  3961.370117  3961.370117   7878790
2022-11-18 11:24:00-05:00  3961.429932  3963.040039  3959.699951  3960.139893  3960.139893   9145629
2022-11-18 11:26:00-05:00  3960.100098  3963.050049  3960.100098  3961.620117  3961.620117  10060787
2022-11-18 11:28:00-05:00  3961.530029  3961.639893  3959.429932  3959.919922  3959.919922   8189742
2022-11-18 11:30:00-05:00  3959.979980  3962.669922  3959.840088  3962.669922  3962.669922   7920156
2022-11-18 11:32:00-05:00  3962.600098  3964.300049  3961.239990  3961.320068  3961.320068   7238906
2022-11-18 11:34:00-05:00  3961.360107  3962.040039  3958.250000  3960.110107  3960.110107   7070678
2022-11-18 11:36:00-05:00  3960.290039  3961.800049  3958.239990  3958.239990  3958.239990   6189417
2022-11-18 11:38:00-05:00  3957.800049  3958.389893  3955.100098  3955.610107  3955.610107   7199389
2022-11-18 11:40:00-05:00  3955.620117  3957.360107  3954.820068  3955.250000  3955.250000   7397414
2022-11-18 11:42:00-05:00  3955.239990  3956.340088  3953.830078  3956.340088  3956.340088   6996949
2022-11-18 11:44:00-05:00  3956.399902  3957.070068  3955.489990  3955.820068  3955.820068   6265451
2022-11-18 11:46:00-05:00  3955.820068  3955.969971  3952.280029  3952.840088  3952.840088   7837396
2022-11-18 11:48:00-05:00  3952.780029  3953.330078  3951.459961  3951.590088  3951.590088   6422685
2022-11-18 11:50:00-05:00  3951.610107  3953.290039  3950.659912  3951.389893  3951.389893   7177510
2022-11-18 11:52:00-05:00  3951.489990  3953.850098  3951.419922  3953.489990  3953.489990   6252813
2022-11-18 11:54:00-05:00  3953.479980  3954.290039  3952.639893  3954.120117  3954.120117   6093563
2022-11-18 11:56:00-05:00  3954.159912  3956.620117  3954.159912  3954.810059  3954.810059   6946600
2022-11-18 11:58:00-05:00  3954.909912  3956.219971  3954.320068  3955.699951  3955.699951   5776895
2022-11-18 12:00:00-05:00  3955.949951  3957.370117  3955.209961  3956.729980  3956.729980   7304438
2022-11-18 12:02:00-05:00  3956.669922  3956.729980  3954.909912  3955.959961  3955.959961   7026721
2022-11-18 12:04:00-05:00  3955.929932  3956.969971  3953.860107  3953.879883  3953.879883   7343142
2022-11-18 12:06:00-05:00  3953.909912  3954.139893  3950.270020  3950.419922  3950.419922   7646564
2022-11-18 12:08:00-05:00  3950.360107  3951.020020  3948.780029  3950.479980  3950.479980   6910531
2022-11-18 12:10:00-05:00  3950.399902  3950.419922  3949.050049  3950.419922  3950.419922   5869698
2022-11-18 12:12:00-05:00  3950.600098  3951.129883  3949.260010  3951.030029  3951.030029   5431390
2022-11-18 12:14:00-05:00  3950.979980  3951.100098  3943.370117  3943.439941  3943.439941   8856846
2022-11-18 12:16:00-05:00  3943.389893  3943.389893  3939.080078  3941.590088  3941.590088  12983018
2022-11-18 12:18:00-05:00  3941.600098  3941.939941  3938.209961  3938.260010  3938.260010   6858604
2022-11-18 12:20:00-05:00  3938.300049  3939.199951  3937.169922  3938.780029  3938.780029   8164557
2022-11-18 12:22:00-05:00  3938.790039  3938.790039  3936.939941  3937.669922  3937.669922   6386397
2022-11-18 12:24:00-05:00  3937.699951  3939.360107  3935.979980  3939.340088  3939.340088   8050252
2022-11-18 12:26:00-05:00  3939.500000  3941.979980  3939.090088  3941.760010  3941.760010   6574555
2022-11-18 12:28:00-05:00  3941.780029  3943.510010  3941.719971  3943.500000  3943.500000   6701835
2022-11-18 12:30:00-05:00  3943.530029  3943.530029  3941.590088  3942.629883  3942.629883   6041840
2022-11-18 12:32:00-05:00  3942.719971  3943.080078  3940.850098  3940.949951  3940.949951   5940080
2022-11-18 12:34:00-05:00  3940.939941  3942.790039  3940.629883  3942.790039  3942.790039   5952922
2022-11-18 12:36:00-05:00  3942.699951  3944.590088  3942.439941  3944.570068  3944.570068   7243292
2022-11-18 12:38:00-05:00  3944.560059  3946.439941  3943.850098  3946.439941  3946.439941   5782925
2022-11-18 12:40:00-05:00  3946.409912  3946.510010  3945.179932  3945.879883  3945.879883   5502525
2022-11-18 12:42:00-05:00  3945.860107  3946.040039  3943.929932  3944.000000  3944.000000   5422169
2022-11-18 12:44:00-05:00  3944.010010  3944.010010  3942.060059  3942.949951  3942.949951   5993008
2022-11-18 12:46:00-05:00  3942.939941  3942.939941  3940.639893  3941.659912  3941.659912   5518571
2022-11-18 12:48:00-05:00  3941.659912  3942.860107  3941.600098  3941.750000  3941.750000   5959100
2022-11-18 12:50:00-05:00  3941.719971  3943.500000  3941.719971  3942.939941  3942.939941   5207306
2022-11-18 12:52:00-05:00  3942.929932  3942.929932  3937.330078  3938.030029  3938.030029   8597422
2022-11-18 12:54:00-05:00  3938.050049  3939.979980  3938.050049  3938.860107  3938.860107   5484040
2022-11-18 12:56:00-05:00  3938.830078  3942.770020  3938.679932  3942.580078  3942.580078   5742007
2022-11-18 12:58:00-05:00  3942.600098  3943.679932  3941.699951  3943.090088  3943.090088   5622139
2022-11-18 13:00:00-05:00  3943.090088  3944.290039  3942.020020  3943.949951  3943.949951   6056412
2022-11-18 13:02:00-05:00  3943.959961  3943.959961  3942.159912  3943.600098  3943.600098   5658066
2022-11-18 13:04:00-05:00  3943.620117  3943.919922  3942.939941  3943.310059  3943.310059   4698145
2022-11-18 13:06:00-05:00  3943.300049  3945.500000  3943.260010  3945.500000  3945.500000   5949645
2022-11-18 13:08:00-05:00  3945.479980  3949.629883  3945.229980  3949.419922  3949.419922   6833493
2022-11-18 13:10:00-05:00  3949.290039  3949.830078  3948.489990  3948.770020  3948.770020   6816906
2022-11-18 13:12:00-05:00  3948.810059  3949.669922  3948.250000  3949.260010  3949.260010   5583245
2022-11-18 13:14:00-05:00  3949.209961  3949.300049  3946.909912  3946.909912  3946.909912   5662438
2022-11-18 13:16:00-05:00  3946.939941  3947.010010  3944.909912  3945.659912  3945.659912   6666447
2022-11-18 13:18:00-05:00  3945.639893  3946.689941  3945.590088  3945.969971  3945.969971   5523958
2022-11-18 13:20:00-05:00  3945.979980  3946.949951  3943.149902  3943.399902  3943.399902   6362802
2022-11-18 13:22:00-05:00  3943.409912  3945.639893  3943.409912  3945.639893  3945.639893   5583846
2022-11-18 13:24:00-05:00  3945.629883  3948.120117  3945.389893  3947.419922  3947.419922   5926964
2022-11-18 13:26:00-05:00  3947.419922  3949.699951  3946.679932  3949.330078  3949.330078   5846962
2022-11-18 13:28:00-05:00  3949.300049  3952.409912  3949.250000  3952.300049  3952.300049   6465456
2022-11-18 13:30:00-05:00  3952.229980  3952.969971  3952.010010  3952.250000  3952.250000   5969626
2022-11-18 13:32:00-05:00  3952.280029  3953.139893  3951.209961  3951.209961  3951.209961   4966865
2022-11-18 13:34:00-05:00  3951.179932  3953.159912  3950.979980  3951.250000  3951.250000   6908925
2022-11-18 13:36:00-05:00  3951.320068  3951.570068  3949.000000  3949.169922  3949.169922   5256242
2022-11-18 13:38:00-05:00  3949.100098  3949.860107  3947.790039  3948.260010  3948.260010   5054724
2022-11-18 13:40:00-05:00  3948.250000  3948.800049  3947.090088  3947.090088  3947.090088   5163720
2022-11-18 13:42:00-05:00  3946.959961  3947.010010  3943.810059  3943.969971  3943.969971   6218954
2022-11-18 13:44:00-05:00  3943.949951  3944.060059  3941.199951  3942.570068  3942.570068   6565327
2022-11-18 13:46:00-05:00  3942.570068  3943.080078  3941.270020  3942.620117  3942.620117   5986741
2022-11-18 13:48:00-05:00  3942.560059  3942.560059  3940.929932  3940.989990  3940.989990   4638227
2022-11-18 13:50:00-05:00  3941.040039  3941.820068  3940.389893  3941.530029  3941.530029   5696634
2022-11-18 13:52:00-05:00  3941.530029  3941.530029  3939.510010  3939.540039  3939.540039   6210119
2022-11-18 13:54:00-05:00  3939.540039  3940.389893  3939.409912  3940.350098  3940.350098   5669556
2022-11-18 13:56:00-05:00  3940.370117  3942.719971  3940.330078  3942.719971  3942.719971   6490509
2022-11-18 13:58:00-05:00  3942.679932  3943.709961  3942.520020  3943.709961  3943.709961   5773837
2022-11-18 14:00:00-05:00  3943.729980  3946.590088  3943.600098  3946.590088  3946.590088   8427117
2022-11-18 14:02:00-05:00  3946.580078  3948.889893  3946.580078  3947.909912  3947.909912   6985944
2022-11-18 14:04:00-05:00  3947.919922  3949.350098  3947.919922  3949.110107  3949.110107   5977899
2022-11-18 14:06:00-05:00  3949.120117  3949.610107  3947.709961  3949.590088  3949.590088   5938954
2022-11-18 14:08:00-05:00  3949.600098  3949.760010  3947.739990  3948.479980  3948.479980   4937468
2022-11-18 14:10:00-05:00  3948.469971  3948.469971  3947.000000  3947.330078  3947.330078   5940838
2022-11-18 14:12:00-05:00  3947.209961  3949.000000  3947.149902  3947.459961  3947.459961   5648134
2022-11-18 14:14:00-05:00  3947.379883  3948.040039  3947.030029  3947.800049  3947.800049   7018818
2022-11-18 14:16:00-05:00  3947.810059  3951.610107  3947.760010  3951.250000  3951.250000   7306658
2022-11-18 14:18:00-05:00  3951.250000  3951.250000  3947.620117  3947.669922  3947.669922   7613305
2022-11-18 14:20:00-05:00  3947.709961  3949.600098  3947.659912  3949.469971  3949.469971   5733661
2022-11-18 14:22:00-05:00  3949.500000  3950.510010  3949.409912  3950.290039  3950.290039   5841796
2022-11-18 14:24:00-05:00  3950.379883  3950.620117  3948.840088  3949.760010  3949.760010   5755495
2022-11-18 14:26:00-05:00  3949.810059  3950.919922  3949.540039  3950.000000  3950.000000   6827826
2022-11-18 14:28:00-05:00  3950.000000  3950.379883  3949.070068  3949.469971  3949.469971   6746768
2022-11-18 14:30:00-05:00  3949.469971  3952.510010  3946.959961  3947.419922  3947.419922  11191792
2022-11-18 14:32:00-05:00  3947.429932  3949.659912  3946.459961  3949.659912  3949.659912   6882581
2022-11-18 14:34:00-05:00  3949.719971  3950.360107  3946.070068  3946.510010  3946.510010   6912752
2022-11-18 14:36:00-05:00  3946.489990  3946.550049  3945.350098  3945.510010  3945.510010   5075640
2022-11-18 14:38:00-05:00  3945.550049  3947.590088  3945.149902  3947.590088  3947.590088   6574387
2022-11-18 14:40:00-05:00  3947.600098  3948.629883  3946.899902  3948.629883  3948.629883   5293223
2022-11-18 14:42:00-05:00  3948.659912  3949.919922  3947.850098  3947.879883  3947.879883   6571197
2022-11-18 14:44:00-05:00  3947.850098  3947.899902  3946.409912  3946.620117  3946.620117   5788440
2022-11-18 14:46:00-05:00  3946.580078  3948.179932  3946.570068  3948.149902  3948.149902   6012308
2022-11-18 14:48:00-05:00  3948.149902  3948.709961  3946.030029  3946.790039  3946.790039   5932666
2022-11-18 14:50:00-05:00  3946.739990  3948.199951  3946.739990  3948.179932  3948.179932   5336474
2022-11-18 14:52:00-05:00  3948.260010  3949.379883  3947.580078  3949.020020  3949.020020   6039448
2022-11-18 14:54:00-05:00  3949.260010  3950.370117  3948.479980  3950.370117  3950.370117   6005661
2022-11-18 14:56:00-05:00  3950.389893  3951.129883  3950.070068  3951.129883  3951.129883   7432437
2022-11-18 14:58:00-05:00  3951.010010  3952.739990  3950.179932  3952.360107  3952.360107   6557477
2022-11-18 15:00:00-05:00  3952.159912  3954.340088  3951.780029  3954.209961  3954.209961   8024278
2022-11-18 15:02:00-05:00  3954.340088  3958.479980  3954.239990  3957.590088  3957.590088   9275835
2022-11-18 15:04:00-05:00  3957.570068  3959.679932  3957.500000  3959.639893  3959.639893   9476857
2022-11-18 15:06:00-05:00  3959.669922  3960.790039  3959.060059  3959.070068  3959.070068   9038086
2022-11-18 15:08:00-05:00  3958.889893  3960.260010  3957.689941  3960.260010  3960.260010   8098751
2022-11-18 15:10:00-05:00  3960.219971  3961.280029  3959.830078  3959.899902  3959.899902   8596184
2022-11-18 15:12:00-05:00  3959.870117  3961.780029  3959.860107  3960.850098  3960.850098   7051119
2022-11-18 15:14:00-05:00  3960.899902  3960.939941  3957.850098  3957.850098  3957.850098   8953560
2022-11-18 15:16:00-05:00  3957.850098  3958.409912  3956.330078  3957.229980  3957.229980   7632083
2022-11-18 15:18:00-05:00  3957.219971  3957.760010  3956.129883  3957.709961  3957.709961   7643933
2022-11-18 15:20:00-05:00  3957.739990  3957.810059  3953.929932  3954.409912  3954.409912   8905834
2022-11-18 15:22:00-05:00  3954.439941  3955.090088  3953.560059  3954.969971  3954.969971   7309354
2022-11-18 15:24:00-05:00  3954.989990  3957.669922  3954.989990  3957.669922  3957.669922   8666476
2022-11-18 15:26:00-05:00  3957.669922  3961.209961  3957.590088  3961.169922  3961.169922   9995827
2022-11-18 15:28:00-05:00  3961.330078  3963.919922  3961.000000  3963.889893  3963.889893   9011432
2022-11-18 15:30:00-05:00  3963.850098  3965.000000  3962.060059  3963.770020  3963.770020  13208189
2022-11-18 15:32:00-05:00  3963.760010  3964.030029  3962.790039  3962.860107  3962.860107   9124067
2022-11-18 15:34:00-05:00  3962.870117  3963.260010  3960.530029  3961.790039  3961.790039  10822593
2022-11-18 15:36:00-05:00  3961.810059  3964.379883  3961.250000  3964.260010  3964.260010  13573453
2022-11-18 15:38:00-05:00  3964.330078  3967.959961  3963.840088  3967.820068  3967.820068  13809626
2022-11-18 15:40:00-05:00  3967.810059  3968.179932  3966.459961  3968.179932  3968.179932  11647549
2022-11-18 15:42:00-05:00  3968.229980  3969.770020  3968.169922  3969.389893  3969.389893  13336292
2022-11-18 15:44:00-05:00  3969.489990  3969.959961  3966.520020  3967.500000  3967.500000  15538667
2022-11-18 15:46:00-05:00  3967.520020  3969.379883  3967.360107  3969.189941  3969.189941  15219393
2022-11-18 15:48:00-05:00  3969.139893  3971.689941  3968.689941  3971.169922  3971.169922  17284924
2022-11-18 15:50:00-05:00  3971.159912  3974.870117  3970.280029  3970.449951  3970.449951  27708887
2022-11-18 15:52:00-05:00  3970.699951  3970.699951  3963.540039  3963.540039  3963.540039  26163672
2022-11-18 15:54:00-05:00  3963.629883  3963.629883  3957.060059  3958.669922  3958.669922  39664884
2022-11-18 15:56:00-05:00  3958.750000  3959.969971  3957.560059  3958.510010  3958.510010  37726462
2022-11-18 15:58:00-05:00  3958.739990  3967.120117  3958.739990  3967.120117  3967.120117  63732079
2022-11-21 09:30:00-05:00  3956.229980  3961.489990  3952.209961  3961.020020  3961.020020  42811092
2022-11-21 09:32:00-05:00  3961.110107  3961.760010  3956.360107  3956.360107  3956.360107  16238148
2022-11-21 09:34:00-05:00  3956.260010  3956.260010  3951.040039  3952.699951  3952.699951  16763252
2022-11-21 09:36:00-05:00  3952.600098  3952.600098  3948.189941  3948.350098  3948.350098  14256848
2022-11-21 09:38:00-05:00  3948.020020  3950.649902  3947.520020  3948.639893  3948.639893  11737146
2022-11-21 09:40:00-05:00  3948.590088  3952.350098  3948.219971  3951.270020  3951.270020  15520191
2022-11-21 09:42:00-05:00  3951.370117  3953.199951  3949.919922  3950.310059  3950.310059  12464426
2022-11-21 09:44:00-05:00  3950.320068  3951.610107  3949.060059  3950.909912  3950.909912  13194192
2022-11-21 09:46:00-05:00  3950.860107  3958.379883  3950.860107  3957.989990  3957.989990  15437630
2022-11-21 09:48:00-05:00  3957.949951  3959.040039  3955.929932  3959.040039  3959.040039  11209147
2022-11-21 09:50:00-05:00  3959.000000  3961.489990  3957.270020  3960.169922  3960.169922  24403209
2022-11-21 09:52:00-05:00  3960.459961  3962.000000  3959.659912  3959.719971  3959.719971  10946403
2022-11-21 09:54:00-05:00  3959.879883  3960.360107  3956.860107  3957.439941  3957.439941  11023020
2022-11-21 09:56:00-05:00  3957.429932  3957.860107  3956.669922  3957.580078  3957.580078  11094669
2022-11-21 09:58:00-05:00  3957.610107  3957.610107  3955.659912  3956.459961  3956.459961   9974771
2022-11-21 10:00:00-05:00  3956.360107  3959.500000  3956.360107  3958.870117  3958.870117  13528218
2022-11-21 10:02:00-05:00  3958.850098  3958.899902  3953.870117  3954.389893  3954.389893  12148576
2022-11-21 10:04:00-05:00  3954.290039  3954.290039  3952.120117  3952.139893  3952.139893  11539958
2022-11-21 10:06:00-05:00  3952.120117  3952.860107  3948.689941  3949.379883  3949.379883  11458569
2022-11-21 10:08:00-05:00  3949.399902  3951.989990  3949.169922  3951.110107  3951.110107  10891918
2022-11-21 10:10:00-05:00  3951.239990  3952.000000  3949.929932  3951.620117  3951.620117   9422689
2022-11-21 10:12:00-05:00  3951.770020  3953.209961  3950.770020  3950.770020  3950.770020   9179458
2022-11-21 10:14:00-05:00  3950.739990  3951.459961  3949.179932  3950.100098  3950.100098   9124058
2022-11-21 10:16:00-05:00  3950.040039  3950.909912  3947.600098  3949.530029  3949.530029   9984386
2022-11-21 10:18:00-05:00  3949.379883  3951.899902  3948.739990  3950.600098  3950.600098  10293844
2022-11-21 10:20:00-05:00  3950.629883  3950.629883  3945.909912  3946.290039  3946.290039  10790926
2022-11-21 10:22:00-05:00  3946.199951  3946.199951  3940.989990  3943.040039  3943.040039  12688792
2022-11-21 10:24:00-05:00  3943.000000  3945.709961  3942.600098  3944.679932  3944.679932   9837932
2022-11-21 10:26:00-05:00  3944.719971  3945.010010  3943.929932  3944.209961  3944.209961   9638010
2022-11-21 10:28:00-05:00  3944.189941  3945.000000  3942.639893  3944.129883  3944.129883   9219768
2022-11-21 10:30:00-05:00  3944.040039  3945.790039  3941.959961  3944.860107  3944.860107  15003066
2022-11-21 10:32:00-05:00  3944.929932  3944.929932  3941.649902  3941.899902  3941.899902   9832047
2022-11-21 10:34:00-05:00  3941.919922  3943.270020  3941.219971  3942.919922  3942.919922   9922883
2022-11-21 10:36:00-05:00  3942.850098  3944.750000  3941.810059  3944.530029  3944.530029   9644804
2022-11-21 10:38:00-05:00  3944.520020  3944.520020  3942.250000  3942.560059  3942.560059   9046657
2022-11-21 10:40:00-05:00  3942.520020  3944.189941  3942.149902  3943.850098  3943.850098  10945947
2022-11-21 10:42:00-05:00  3943.830078  3943.830078  3940.699951  3940.699951  3940.699951  10683417
2022-11-21 10:44:00-05:00  3940.469971  3941.080078  3937.949951  3938.709961  3938.709961  12094314
2022-11-21 10:46:00-05:00  3938.729980  3939.090088  3937.030029  3937.800049  3937.800049  10130505
2022-11-21 10:48:00-05:00  3937.729980  3939.820068  3937.649902  3938.479980  3938.479980   9740516
2022-11-21 10:50:00-05:00  3938.520020  3938.929932  3937.050049  3938.310059  3938.310059   9415891
2022-11-21 10:52:00-05:00  3938.439941  3939.500000  3937.989990  3938.070068  3938.070068   9370803
2022-11-21 10:54:00-05:00  3938.010010  3939.820068  3937.520020  3939.689941  3939.689941  10882099
2022-11-21 10:56:00-05:00  3939.760010  3942.070068  3939.760010  3940.689941  3940.689941  10135406
2022-11-21 10:58:00-05:00  3940.760010  3943.489990  3940.360107  3943.219971  3943.219971   9979380
2022-11-21 11:00:00-05:00  3943.250000  3943.489990  3941.699951  3942.459961  3942.459961  10233194
2022-11-21 11:02:00-05:00  3942.469971  3942.719971  3940.810059  3941.719971  3941.719971   8620188
2022-11-21 11:04:00-05:00  3941.729980  3943.919922  3941.729980  3943.699951  3943.699951   8429853
2022-11-21 11:06:00-05:00  3943.770020  3945.100098  3942.760010  3945.100098  3945.100098   7985721
2022-11-21 11:08:00-05:00  3945.159912  3945.229980  3944.280029  3944.310059  3944.310059   7871100
2022-11-21 11:10:00-05:00  3944.229980  3944.290039  3942.689941  3943.110107  3943.110107   8315251
2022-11-21 11:12:00-05:00  3943.120117  3944.860107  3941.419922  3943.959961  3943.959961   9389368
2022-11-21 11:14:00-05:00  3943.929932  3945.080078  3943.149902  3944.989990  3944.989990   8192381
2022-11-21 11:16:00-05:00  3944.949951  3946.600098  3944.389893  3945.830078  3945.830078   8176378
2022-11-21 11:18:00-05:00  3945.790039  3946.199951  3943.149902  3943.179932  3943.179932   7991567
2022-11-21 11:20:00-05:00  3943.179932  3944.790039  3942.709961  3944.500000  3944.500000   7955778
2022-11-21 11:22:00-05:00  3944.580078  3946.449951  3943.820068  3945.939941  3945.939941   8048791
2022-11-21 11:24:00-05:00  3945.929932  3947.590088  3945.699951  3945.719971  3945.719971   9999898
2022-11-21 11:26:00-05:00  3945.790039  3946.209961  3942.790039  3942.790039  3942.790039   8446982
2022-11-21 11:28:00-05:00  3942.770020  3943.679932  3941.399902  3941.669922  3941.669922   7777828
2022-11-21 11:30:00-05:00  3942.090088  3943.139893  3941.459961  3941.459961  3941.459961   7352331
2022-11-21 11:32:00-05:00  3941.379883  3942.330078  3939.850098  3939.870117  3939.870117   7246490
2022-11-21 11:34:00-05:00  3939.989990  3942.449951  3939.070068  3942.219971  3942.219971   7634037
2022-11-21 11:36:00-05:00  3942.179932  3943.500000  3941.760010  3943.370117  3943.370117   6920391
2022-11-21 11:38:00-05:00  3943.429932  3944.100098  3941.370117  3941.729980  3941.729980   6478030
2022-11-21 11:40:00-05:00  3941.750000  3943.959961  3941.149902  3943.899902  3943.899902   6769729
2022-11-21 11:42:00-05:00  3943.830078  3944.010010  3941.250000  3941.760010  3941.760010   6371212
2022-11-21 11:44:00-05:00  3941.729980  3942.260010  3940.270020  3942.120117  3942.120117   7173326
2022-11-21 11:46:00-05:00  3942.179932  3942.909912  3941.830078  3942.290039  3942.290039   7211495
2022-11-21 11:48:00-05:00  3942.250000  3943.610107  3941.810059  3943.459961  3943.459961   6939222
2022-11-21 11:50:00-05:00  3943.419922  3944.139893  3941.729980  3942.649902  3942.649902   7327741
2022-11-21 11:52:00-05:00  3942.600098  3945.909912  3942.600098  3945.780029  3945.780029   7113645
2022-11-21 11:54:00-05:00  3945.760010  3945.760010  3941.770020  3941.780029  3941.780029   7279105
2022-11-21 11:56:00-05:00  3941.820068  3941.929932  3933.340088  3934.350098  3934.350098  12398652
2022-11-21 11:58:00-05:00  3934.270020  3937.250000  3934.120117  3936.909912  3936.909912   8475369
2022-11-21 12:00:00-05:00  3936.889893  3943.949951  3936.199951  3943.820068  3943.820068  11572101
2022-11-21 12:02:00-05:00  3943.899902  3943.899902  3941.770020  3941.770020  3941.770020  10365523
2022-11-21 12:04:00-05:00  3941.820068  3944.719971  3941.639893  3943.260010  3943.260010   9296439
2022-11-21 12:06:00-05:00  3943.060059  3944.030029  3942.239990  3942.580078  3942.580078   7754003
2022-11-21 12:08:00-05:00  3942.600098  3944.739990  3942.590088  3943.860107  3943.860107   7702768
2022-11-21 12:10:00-05:00  3943.899902  3945.750000  3943.270020  3945.350098  3945.350098   6861263
2022-11-21 12:12:00-05:00  3945.330078  3945.500000  3944.389893  3944.389893  3944.389893   5866400
2022-11-21 12:14:00-05:00  3944.389893  3944.449951  3942.919922  3943.889893  3943.889893   7427779
2022-11-21 12:16:00-05:00  3943.969971  3943.969971  3942.419922  3942.830078  3942.830078   5700021
2022-11-21 12:18:00-05:00  3942.679932  3942.679932  3940.830078  3942.199951  3942.199951   8312187
2022-11-21 12:20:00-05:00  3942.189941  3942.189941  3940.090088  3941.850098  3941.850098   8107370
2022-11-21 12:22:00-05:00  3941.800049  3942.479980  3941.199951  3942.479980  3942.479980   6848287
2022-11-21 12:24:00-05:00  3942.489990  3943.429932  3941.850098  3943.379883  3943.379883   6095061
2022-11-21 12:26:00-05:00  3943.739990  3943.879883  3941.260010  3941.389893  3941.389893   6740286
2022-11-21 12:28:00-05:00  3941.370117  3941.679932  3940.649902  3941.489990  3941.489990   6453879
2022-11-21 12:30:00-05:00  3941.429932  3943.360107  3941.020020  3942.830078  3942.830078   7288473
2022-11-21 12:32:00-05:00  3942.850098  3945.729980  3942.850098  3945.370117  3945.370117   6846779
2022-11-21 12:34:00-05:00  3945.360107  3947.699951  3945.330078  3947.489990  3947.489990   6441695
2022-11-21 12:36:00-05:00  3947.659912  3950.909912  3947.659912  3949.080078  3949.080078   8104656
2022-11-21 12:38:00-05:00  3949.120117  3949.330078  3947.320068  3947.409912  3947.409912   5997019
2022-11-21 12:40:00-05:00  3947.409912  3949.560059  3947.149902  3948.000000  3948.000000   6673278
2022-11-21 12:42:00-05:00  3948.070068  3948.709961  3948.000000  3948.290039  3948.290039   5229182
2022-11-21 12:44:00-05:00  3948.290039  3949.239990  3948.110107  3949.110107  3949.110107   5993999
2022-11-21 12:46:00-05:00  3949.100098  3949.750000  3947.100098  3947.370117  3947.370117   6162891
2022-11-21 12:48:00-05:00  3947.360107  3947.840088  3946.000000  3946.000000  3946.000000   5843163
2022-11-21 12:50:00-05:00  3945.989990  3946.030029  3943.959961  3945.330078  3945.330078   7498069
2022-11-21 12:52:00-05:00  3945.360107  3945.590088  3944.570068  3945.409912  3945.409912   5258113
2022-11-21 12:54:00-05:00  3945.419922  3945.439941  3944.149902  3945.110107  3945.110107   5123443
2022-11-21 12:56:00-05:00  3945.149902  3945.169922  3942.969971  3943.209961  3943.209961   5835542
2022-11-21 12:58:00-05:00  3943.239990  3943.739990  3942.080078  3943.699951  3943.699951   6014082
2022-11-21 13:00:00-05:00  3943.739990  3945.760010  3943.550049  3944.919922  3944.919922   6721214
2022-11-21 13:02:00-05:00  3944.969971  3946.399902  3944.429932  3946.239990  3946.239990   5845014
2022-11-21 13:04:00-05:00  3946.229980  3948.100098  3946.050049  3947.879883  3947.879883   5869346
2022-11-21 13:06:00-05:00  3947.830078  3950.000000  3947.770020  3949.629883  3949.629883   6983321
2022-11-21 13:08:00-05:00  3949.629883  3950.129883  3948.659912  3949.489990  3949.489990   6730998
2022-11-21 13:10:00-05:00  3949.580078  3951.810059  3949.580078  3951.760010  3951.760010   6679148
2022-11-21 13:12:00-05:00  3951.719971  3955.520020  3951.239990  3955.419922  3955.419922   8791660
2022-11-21 13:14:00-05:00  3955.399902  3956.659912  3953.659912  3953.810059  3953.810059   8752843
2022-11-21 13:16:00-05:00  3953.850098  3955.870117  3953.689941  3955.360107  3955.360107   6050055
2022-11-21 13:18:00-05:00  3955.360107  3955.600098  3954.199951  3954.699951  3954.699951   5674194
2022-11-21 13:20:00-05:00  3954.699951  3956.060059  3954.040039  3954.879883  3954.879883   7887217
2022-11-21 13:22:00-05:00  3954.889893  3954.919922  3952.969971  3953.409912  3953.409912   6122438
2022-11-21 13:24:00-05:00  3953.379883  3954.570068  3952.959961  3953.340088  3953.340088   6255457
2022-11-21 13:26:00-05:00  3953.360107  3954.449951  3952.790039  3954.229980  3954.229980   5918933
2022-11-21 13:28:00-05:00  3954.159912  3955.639893  3954.030029  3954.379883  3954.379883   6400576
2022-11-21 13:30:00-05:00  3954.409912  3955.570068  3953.969971  3954.020020  3954.020020   5502824
2022-11-21 13:32:00-05:00  3954.050049  3954.760010  3953.080078  3953.679932  3953.679932   5250637
2022-11-21 13:34:00-05:00  3953.669922  3955.169922  3953.600098  3954.169922  3954.169922   5999232
2022-11-21 13:36:00-05:00  3954.139893  3957.810059  3953.989990  3957.340088  3957.340088   7354175
2022-11-21 13:38:00-05:00  3957.340088  3960.219971  3957.169922  3960.189941  3960.189941   7168568
2022-11-21 13:40:00-05:00  3960.250000  3960.360107  3956.860107  3957.520020  3957.520020   7088756
2022-11-21 13:42:00-05:00  3957.610107  3959.479980  3957.189941  3959.459961  3959.459961   5729702
2022-11-21 13:44:00-05:00  3959.360107  3959.840088  3958.939941  3959.360107  3959.360107   5704264
2022-11-21 13:46:00-05:00  3959.310059  3959.310059  3955.979980  3956.300049  3956.300049   7700575
2022-11-21 13:48:00-05:00  3956.330078  3956.770020  3955.899902  3956.229980  3956.229980   5185118
2022-11-21 13:50:00-05:00  3956.229980  3957.070068  3955.780029  3956.290039  3956.290039   5042949
2022-11-21 13:52:00-05:00  3956.270020  3957.100098  3955.649902  3955.649902  3955.649902   5074058
2022-11-21 13:54:00-05:00  3955.520020  3955.520020  3954.610107  3955.100098  3955.100098   5471171
2022-11-21 13:56:00-05:00  3954.959961  3954.959961  3952.820068  3953.090088  3953.090088   5355333
2022-11-21 13:58:00-05:00  3953.179932  3953.800049  3952.320068  3952.320068  3952.320068   5280338
2022-11-21 14:00:00-05:00  3952.270020  3954.010010  3952.199951  3953.939941  3953.939941   5672089
2022-11-21 14:02:00-05:00  3953.969971  3955.850098  3953.909912  3955.649902  3955.649902   5261177
2022-11-21 14:04:00-05:00  3955.699951  3957.110107  3955.070068  3957.110107  3957.110107   5856648
2022-11-21 14:06:00-05:00  3957.060059  3957.830078  3956.540039  3956.659912  3956.659912   4987380
2022-11-21 14:08:00-05:00  3956.669922  3957.139893  3956.330078  3956.330078  3956.330078   4576473
2022-11-21 14:10:00-05:00  3956.360107  3956.489990  3953.469971  3953.770020  3953.770020   6561739
2022-11-21 14:12:00-05:00  3953.709961  3955.209961  3953.280029  3955.209961  3955.209961   5524099
2022-11-21 14:14:00-05:00  3955.129883  3957.030029  3955.010010  3956.879883  3956.879883   6385661
2022-11-21 14:16:00-05:00  3956.899902  3957.260010  3955.840088  3957.260010  3957.260010   6118920
2022-11-21 14:18:00-05:00  3957.090088  3957.489990  3956.629883  3956.830078  3956.830078   4382368
2022-11-21 14:20:00-05:00  3956.870117  3956.969971  3954.070068  3954.070068  3954.070068   6860714
2022-11-21 14:22:00-05:00  3954.040039  3954.040039  3950.300049  3951.110107  3951.110107   7519333
2022-11-21 14:24:00-05:00  3951.120117  3953.040039  3950.760010  3952.860107  3952.860107   6090794
2022-11-21 14:26:00-05:00  3952.860107  3952.939941  3951.719971  3952.469971  3952.469971   4856769
2022-11-21 14:28:00-05:00  3952.560059  3953.129883  3951.800049  3951.830078  3951.830078   5446327
2022-11-21 14:30:00-05:00  3951.610107  3953.629883  3951.030029  3952.879883  3952.879883   5921397
2022-11-21 14:32:00-05:00  3952.899902  3953.040039  3952.020020  3952.260010  3952.260010   5104344
2022-11-21 14:34:00-05:00  3952.199951  3952.239990  3949.939941  3949.959961  3949.959961   6387460
2022-11-21 14:36:00-05:00  3949.949951  3950.570068  3949.250000  3949.379883  3949.379883   5504231
2022-11-21 14:38:00-05:00  3949.500000  3951.959961  3949.260010  3951.800049  3951.800049   5825703
2022-11-21 14:40:00-05:00  3951.820068  3952.320068  3950.840088  3951.659912  3951.659912   5762760
2022-11-21 14:42:00-05:00  3951.679932  3951.780029  3950.209961  3950.530029  3950.530029   5160217
2022-11-21 14:44:00-05:00  3950.540039  3950.540039  3948.399902  3948.760010  3948.760010   5484770
2022-11-21 14:46:00-05:00  3948.570068  3950.399902  3948.169922  3950.399902  3950.399902   5617317
2022-11-21 14:48:00-05:00  3950.409912  3950.409912  3949.600098  3949.979980  3949.979980   5302076
2022-11-21 14:50:00-05:00  3949.979980  3950.590088  3949.560059  3949.590088  3949.590088   6725318
2022-11-21 14:52:00-05:00  3949.600098  3952.360107  3949.600098  3952.300049  3952.300049   6323488
2022-11-21 14:54:00-05:00  3952.449951  3953.300049  3951.739990  3952.320068  3952.320068   6888101
2022-11-21 14:56:00-05:00  3952.370117  3952.399902  3950.040039  3951.570068  3951.570068   6379417
2022-11-21 14:58:00-05:00  3951.560059  3951.560059  3950.000000  3950.110107  3950.110107   5501105
2022-11-21 15:00:00-05:00  3949.860107  3950.790039  3948.959961  3949.419922  3949.419922   6521668
2022-11-21 15:02:00-05:00  3949.739990  3952.889893  3949.560059  3952.310059  3952.310059   7829910
2022-11-21 15:04:00-05:00  3952.300049  3953.159912  3951.939941  3952.560059  3952.560059   6214978
2022-11-21 15:06:00-05:00  3952.530029  3952.530029  3950.090088  3950.790039  3950.790039   7288600
2022-11-21 15:08:00-05:00  3950.989990  3953.280029  3950.770020  3952.219971  3952.219971   7143715
2022-11-21 15:10:00-05:00  3952.189941  3952.199951  3950.139893  3950.139893  3950.139893   6304263
2022-11-21 15:12:00-05:00  3950.080078  3951.330078  3949.830078  3951.270020  3951.270020   7208053
2022-11-21 15:14:00-05:00  3951.270020  3953.310059  3951.110107  3952.649902  3952.649902   7654410
2022-11-21 15:16:00-05:00  3952.709961  3953.919922  3952.679932  3953.919922  3953.919922   6233848
2022-11-21 15:18:00-05:00  3953.959961  3954.060059  3952.340088  3953.360107  3953.360107   8177001
2022-11-21 15:20:00-05:00  3953.310059  3954.229980  3952.000000  3952.020020  3952.020020   7984963
2022-11-21 15:22:00-05:00  3952.010010  3952.350098  3950.209961  3950.500000  3950.500000   9036007
2022-11-21 15:24:00-05:00  3950.429932  3950.429932  3947.679932  3947.989990  3947.989990   8416584
2022-11-21 15:26:00-05:00  3947.949951  3947.989990  3945.239990  3946.590088  3946.590088   8918726
2022-11-21 15:28:00-05:00  3946.510010  3947.600098  3945.939941  3947.510010  3947.510010   7498951
2022-11-21 15:30:00-05:00  3947.500000  3950.429932  3946.929932  3950.100098  3950.100098  11661256
2022-11-21 15:32:00-05:00  3950.110107  3950.830078  3949.479980  3949.500000  3949.500000   9286173
2022-11-21 15:34:00-05:00  3949.469971  3949.520020  3947.250000  3948.989990  3948.989990  10465899
2022-11-21 15:36:00-05:00  3948.909912  3949.830078  3948.459961  3949.040039  3949.040039   9287544
2022-11-21 15:38:00-05:00  3949.060059  3949.669922  3947.520020  3947.830078  3947.830078  10336254
2022-11-21 15:40:00-05:00  3947.860107  3948.600098  3947.209961  3947.659912  3947.659912  11058326
2022-11-21 15:42:00-05:00  3947.649902  3948.080078  3946.090088  3946.129883  3946.129883  10700780
2022-11-21 15:44:00-05:00  3946.120117  3949.209961  3946.120117  3948.590088  3948.590088  15832784
2022-11-21 15:46:00-05:00  3948.500000  3950.429932  3948.429932  3950.399902  3950.399902  14545201
2022-11-21 15:48:00-05:00  3950.419922  3952.399902  3950.110107  3952.260010  3952.260010  15299058
2022-11-21 15:50:00-05:00  3952.250000  3953.459961  3950.389893  3952.129883  3952.129883  24228248
2022-11-21 15:52:00-05:00  3952.219971  3955.250000  3952.219971  3955.179932  3955.179932  20229549
2022-11-21 15:54:00-05:00  3955.199951  3955.679932  3951.120117  3951.399902  3951.399902  26278771
2022-11-21 15:56:00-05:00  3951.709961  3951.820068  3948.790039  3948.919922  3948.919922  27470617
2022-11-21 15:58:00-05:00  3948.909912  3952.219971  3948.629883  3950.250000  3950.250000  27910376
2022-11-22 09:30:00-05:00  3965.510010  3971.370117  3965.510010  3970.100098  3970.100098  39463430
2022-11-22 09:32:00-05:00  3970.239990  3970.239990  3964.889893  3965.689941  3965.689941  15889320
2022-11-22 09:34:00-05:00  3965.629883  3969.800049  3964.489990  3969.229980  3969.229980  14302052
2022-11-22 09:36:00-05:00  3969.159912  3969.729980  3966.659912  3966.800049  3966.800049  14542800
2022-11-22 09:38:00-05:00  3966.679932  3966.679932  3960.969971  3961.810059  3961.810059  12619202
2022-11-22 09:40:00-05:00  3961.709961  3963.219971  3956.879883  3958.320068  3958.320068  15433136
2022-11-22 09:42:00-05:00  3958.270020  3959.350098  3957.419922  3959.179932  3959.179932  12719794
2022-11-22 09:44:00-05:00  3959.179932  3962.560059  3958.729980  3961.639893  3961.639893  15330625
2022-11-22 09:46:00-05:00  3961.760010  3963.659912  3961.620117  3962.399902  3962.399902  12815388
2022-11-22 09:48:00-05:00  3962.560059  3963.979980  3959.800049  3961.909912  3961.909912  12553223
2022-11-22 09:50:00-05:00  3961.770020  3962.510010  3960.250000  3960.340088  3960.340088  11298204
2022-11-22 09:52:00-05:00  3960.239990  3963.199951  3960.239990  3960.489990  3960.489990  11878349
2022-11-22 09:54:00-05:00  3960.570068  3963.610107  3960.570068  3963.610107  3963.610107  11410327
2022-11-22 09:56:00-05:00  3963.580078  3964.770020  3963.310059  3963.939941  3963.939941  11152537
2022-11-22 09:58:00-05:00  3963.969971  3964.110107  3960.979980  3964.080078  3964.080078  12844667
2022-11-22 10:00:00-05:00  3964.000000  3968.060059  3962.149902  3968.060059  3968.060059  16413060
2022-11-22 10:02:00-05:00  3968.270020  3971.020020  3966.699951  3968.060059  3968.060059  13649674
2022-11-22 10:04:00-05:00  3968.020020  3972.270020  3967.879883  3972.270020  3972.270020  12262900
2022-11-22 10:06:00-05:00  3972.310059  3972.639893  3969.209961  3969.620117  3969.620117  12604688
2022-11-22 10:08:00-05:00  3969.419922  3971.469971  3969.409912  3970.449951  3970.449951  10132492
2022-11-22 10:10:00-05:00  3970.489990  3972.500000  3970.489990  3970.790039  3970.790039  11404429
2022-11-22 10:12:00-05:00  3970.770020  3974.770020  3970.510010  3974.669922  3974.669922  11571918
2022-11-22 10:14:00-05:00  3974.669922  3978.500000  3974.219971  3976.629883  3976.629883  11766986
2022-11-22 10:16:00-05:00  3976.449951  3976.580078  3975.229980  3975.610107  3975.610107   9497403
2022-11-22 10:18:00-05:00  3975.620117  3975.850098  3974.120117  3974.540039  3974.540039   8675284
2022-11-22 10:20:00-05:00  3974.520020  3975.889893  3974.000000  3974.409912  3974.409912   9575267
2022-11-22 10:22:00-05:00  3974.489990  3975.620117  3974.129883  3974.169922  3974.169922   9490351
2022-11-22 10:24:00-05:00  3974.250000  3974.899902  3973.840088  3974.080078  3974.080078   8541907
2022-11-22 10:26:00-05:00  3974.020020  3974.850098  3973.040039  3974.629883  3974.629883  10296654
2022-11-22 10:28:00-05:00  3974.659912  3976.399902  3974.540039  3975.550049  3975.550049  10534292
2022-11-22 10:30:00-05:00  3975.709961  3979.100098  3974.570068  3975.389893  3975.389893  12205548
2022-11-22 10:32:00-05:00  3975.250000  3975.409912  3972.379883  3974.449951  3974.449951   9851651
2022-11-22 10:34:00-05:00  3974.479980  3975.580078  3973.820068  3974.050049  3974.050049  10246862
2022-11-22 10:36:00-05:00  3974.149902  3974.429932  3973.010010  3973.719971  3973.719971   8435156
2022-11-22 10:38:00-05:00  3973.709961  3973.709961  3971.100098  3971.229980  3971.229980   9239748
2022-11-22 10:40:00-05:00  3971.250000  3972.699951  3970.840088  3972.149902  3972.149902   9242636
2022-11-22 10:42:00-05:00  3972.159912  3974.790039  3971.810059  3974.719971  3974.719971   8774476
2022-11-22 10:44:00-05:00  3974.709961  3975.479980  3973.760010  3974.550049  3974.550049   7747715
2022-11-22 10:46:00-05:00  3974.580078  3977.370117  3973.379883  3976.909912  3976.909912   9483904
2022-11-22 10:48:00-05:00  3976.899902  3980.500000  3976.899902  3979.659912  3979.659912   9426719
2022-11-22 10:50:00-05:00  3979.840088  3982.409912  3979.840088  3980.290039  3980.290039  11010045
2022-11-22 10:52:00-05:00  3980.320068  3980.989990  3979.959961  3979.959961  3979.959961   7266511
2022-11-22 10:54:00-05:00  3980.070068  3981.590088  3979.689941  3981.540039  3981.540039   9732583
2022-11-22 10:56:00-05:00  3981.570068  3982.409912  3978.250000  3979.290039  3979.290039  10727505
2022-11-22 10:58:00-05:00  3979.250000  3981.770020  3978.689941  3981.550049  3981.550049   7919455
2022-11-22 11:00:00-05:00  3981.560059  3982.020020  3978.330078  3978.750000  3978.750000   8553186
2022-11-22 11:02:00-05:00  3978.760010  3978.929932  3977.459961  3978.060059  3978.060059   7169072
2022-11-22 11:04:00-05:00  3978.090088  3978.610107  3977.429932  3977.590088  3977.590088   7135281
2022-11-22 11:06:00-05:00  3977.610107  3978.719971  3976.939941  3978.719971  3978.719971   7237169
2022-11-22 11:08:00-05:00  3978.689941  3979.739990  3978.580078  3979.560059  3979.560059   6873105
2022-11-22 11:10:00-05:00  3979.500000  3981.300049  3979.300049  3979.459961  3979.459961   7760270
2022-11-22 11:12:00-05:00  3979.500000  3980.090088  3979.050049  3979.360107  3979.360107   6255513
2022-11-22 11:14:00-05:00  3979.399902  3979.429932  3975.159912  3975.159912  3975.159912   8323398
2022-11-22 11:16:00-05:00  3975.090088  3976.399902  3972.860107  3976.399902  3976.399902   8718218
2022-11-22 11:18:00-05:00  3976.550049  3978.959961  3976.469971  3978.959961  3978.959961   6667374
2022-11-22 11:20:00-05:00  3979.020020  3979.719971  3977.739990  3979.389893  3979.389893   7199528
2022-11-22 11:22:00-05:00  3979.290039  3979.800049  3977.929932  3978.389893  3978.389893   6232665
2022-11-22 11:24:00-05:00  3978.449951  3980.199951  3977.689941  3980.129883  3980.129883   7710760
2022-11-22 11:26:00-05:00  3980.239990  3980.270020  3977.889893  3978.050049  3978.050049   7235662
2022-11-22 11:28:00-05:00  3978.110107  3979.510010  3977.590088  3978.399902  3978.399902   6560492
2022-11-22 11:30:00-05:00  3978.439941  3978.570068  3977.729980  3977.909912  3977.909912   6353121
2022-11-22 11:32:00-05:00  3977.949951  3978.020020  3976.280029  3976.320068  3976.320068   7472117
2022-11-22 11:34:00-05:00  3976.330078  3977.129883  3974.760010  3975.370117  3975.370117   7092434
2022-11-22 11:36:00-05:00  3975.320068  3975.360107  3973.790039  3974.060059  3974.060059   6509399
2022-11-22 11:38:00-05:00  3974.110107  3976.139893  3974.090088  3975.879883  3975.879883   6173568
2022-11-22 11:40:00-05:00  3975.840088  3977.760010  3975.810059  3977.459961  3977.459961   5511292
2022-11-22 11:42:00-05:00  3977.550049  3977.550049  3975.149902  3976.179932  3976.179932   6132039
2022-11-22 11:44:00-05:00  3976.199951  3976.560059  3974.879883  3974.939941  3974.939941   5000124
2022-11-22 11:46:00-05:00  3974.909912  3975.530029  3974.449951  3975.530029  3975.530029   5973527
2022-11-22 11:48:00-05:00  3975.520020  3977.020020  3974.600098  3976.870117  3976.870117   5456355
2022-11-22 11:50:00-05:00  3976.830078  3977.110107  3975.969971  3976.750000  3976.750000   5936724
2022-11-22 11:52:00-05:00  3976.760010  3977.969971  3975.219971  3977.919922  3977.919922   7654175
2022-11-22 11:54:00-05:00  3977.899902  3978.199951  3977.399902  3977.870117  3977.870117   5018351
2022-11-22 11:56:00-05:00  3977.909912  3979.810059  3977.820068  3979.330078  3979.330078   6708088
2022-11-22 11:58:00-05:00  3979.340088  3979.629883  3978.699951  3979.389893  3979.389893   5554720
2022-11-22 12:00:00-05:00  3979.379883  3980.929932  3979.280029  3980.830078  3980.830078   7252998
2022-11-22 12:02:00-05:00  3980.860107  3981.689941  3980.199951  3980.760010  3980.760010   6020033
2022-11-22 12:04:00-05:00  3980.800049  3982.750000  3980.719971  3981.290039  3981.290039   8134039
2022-11-22 12:06:00-05:00  3981.290039  3981.520020  3979.060059  3979.060059  3979.060059   6215183
2022-11-22 12:08:00-05:00  3978.989990  3979.520020  3978.479980  3979.439941  3979.439941   5300458
2022-11-22 12:10:00-05:00  3979.389893  3981.010010  3979.219971  3980.800049  3980.800049   6046929
2022-11-22 12:12:00-05:00  3980.780029  3981.540039  3980.379883  3980.850098  3980.850098   5861601
2022-11-22 12:14:00-05:00  3980.979980  3981.510010  3980.389893  3981.510010  3981.510010   5317179
2022-11-22 12:16:00-05:00  3981.510010  3983.280029  3981.429932  3983.120117  3983.120117   6189021
2022-11-22 12:18:00-05:00  3983.110107  3983.219971  3981.780029  3981.820068  3981.820068   5711354
2022-11-22 12:20:00-05:00  3981.810059  3981.979980  3980.560059  3980.750000  3980.750000   5746911
2022-11-22 12:22:00-05:00  3980.699951  3981.370117  3980.520020  3981.370117  3981.370117   5206952
2022-11-22 12:24:00-05:00  3981.389893  3981.389893  3978.379883  3979.280029  3979.280029   8131097
2022-11-22 12:26:00-05:00  3979.260010  3979.449951  3977.979980  3978.360107  3978.360107   5808392
2022-11-22 12:28:00-05:00  3978.389893  3979.610107  3978.389893  3979.379883  3979.379883   4801425
2022-11-22 12:30:00-05:00  3979.330078  3980.540039  3978.689941  3980.540039  3980.540039   5885675
2022-11-22 12:32:00-05:00  3980.530029  3980.540039  3979.679932  3979.729980  3979.729980   4813738
2022-11-22 12:34:00-05:00  3979.709961  3980.580078  3979.709961  3980.439941  3980.439941   4574074
2022-11-22 12:36:00-05:00  3980.489990  3981.459961  3980.489990  3981.020020  3981.020020   5194196
2022-11-22 12:38:00-05:00  3980.989990  3981.459961  3980.800049  3981.389893  3981.389893   4984406
2022-11-22 12:40:00-05:00  3981.340088  3981.780029  3979.350098  3979.350098  3979.350098   5987482
2022-11-22 12:42:00-05:00  3979.090088  3980.219971  3978.709961  3980.110107  3980.110107   5715707
2022-11-22 12:44:00-05:00  3980.100098  3982.330078  3979.989990  3982.179932  3982.179932   5511383
2022-11-22 12:46:00-05:00  3982.179932  3982.260010  3980.679932  3980.939941  3980.939941   5449444
2022-11-22 12:48:00-05:00  3980.879883  3981.239990  3980.649902  3980.750000  3980.750000   4800262
2022-11-22 12:50:00-05:00  3980.709961  3981.000000  3979.469971  3979.479980  3979.479980   5153021
2022-11-22 12:52:00-05:00  3979.429932  3980.100098  3979.010010  3979.909912  3979.909912   4691060
2022-11-22 12:54:00-05:00  3979.899902  3979.949951  3978.709961  3978.709961  3978.709961   4532242
2022-11-22 12:56:00-05:00  3978.689941  3979.899902  3978.580078  3979.800049  3979.800049   4615108
2022-11-22 12:58:00-05:00  3979.790039  3979.820068  3978.870117  3979.350098  3979.350098   4476065
2022-11-22 13:00:00-05:00  3979.360107  3980.750000  3979.360107  3980.580078  3980.580078   5834917
2022-11-22 13:02:00-05:00  3980.570068  3980.570068  3978.479980  3979.939941  3979.939941   6574589
2022-11-22 13:04:00-05:00  3979.989990  3981.750000  3979.560059  3979.729980  3979.729980   6354768
2022-11-22 13:06:00-05:00  3979.709961  3984.090088  3979.679932  3983.590088  3983.590088   7915420
2022-11-22 13:08:00-05:00  3983.590088  3985.459961  3983.590088  3985.270020  3985.270020   5483971
2022-11-22 13:10:00-05:00  3985.290039  3986.889893  3985.040039  3986.889893  3986.889893   6678855
2022-11-22 13:12:00-05:00  3986.889893  3987.689941  3986.889893  3987.120117  3987.120117   5684231
2022-11-22 13:14:00-05:00  3987.179932  3988.280029  3986.979980  3988.280029  3988.280029   5221766
2022-11-22 13:16:00-05:00  3988.360107  3988.520020  3987.000000  3987.179932  3987.179932   4735193
2022-11-22 13:18:00-05:00  3987.169922  3987.909912  3986.899902  3987.750000  3987.750000   5840622
2022-11-22 13:20:00-05:00  3987.750000  3987.810059  3986.110107  3986.120117  3986.120117   4960662
2022-11-22 13:22:00-05:00  3986.149902  3988.330078  3986.100098  3988.199951  3988.199951   5183312
2022-11-22 13:24:00-05:00  3988.129883  3988.310059  3987.719971  3987.760010  3987.760010   4306045
2022-11-22 13:26:00-05:00  3987.729980  3988.489990  3987.520020  3988.489990  3988.489990   4038054
2022-11-22 13:28:00-05:00  3988.479980  3989.840088  3988.479980  3989.340088  3989.340088   5111466
2022-11-22 13:30:00-05:00  3989.310059  3989.899902  3989.310059  3989.649902  3989.649902   4925366
2022-11-22 13:32:00-05:00  3989.659912  3990.090088  3988.989990  3989.530029  3989.530029   5973234
2022-11-22 13:34:00-05:00  3989.550049  3990.139893  3987.479980  3987.479980  3987.479980   7778546
2022-11-22 13:36:00-05:00  3987.479980  3987.639893  3986.770020  3987.520020  3987.520020   7842218
2022-11-22 13:38:00-05:00  3987.530029  3987.719971  3987.070068  3987.610107  3987.610107   4580190
2022-11-22 13:40:00-05:00  3987.620117  3987.919922  3987.110107  3987.739990  3987.739990   4717089
2022-11-22 13:42:00-05:00  3987.739990  3988.419922  3987.739990  3988.300049  3988.300049   4863431
2022-11-22 13:44:00-05:00  3988.429932  3988.860107  3988.260010  3988.530029  3988.530029   5063930
2022-11-22 13:46:00-05:00  3988.540039  3989.419922  3988.149902  3989.419922  3989.419922   5868618
2022-11-22 13:48:00-05:00  3989.429932  3989.669922  3988.949951  3989.459961  3989.459961   5122250
2022-11-22 13:50:00-05:00  3989.479980  3990.129883  3989.110107  3990.129883  3990.129883   6199342
2022-11-22 13:52:00-05:00  3990.129883  3991.389893  3989.979980  3990.949951  3990.949951   5020778
2022-11-22 13:54:00-05:00  3990.959961  3991.219971  3990.120117  3990.189941  3990.189941   5544419
2022-11-22 13:56:00-05:00  3990.189941  3990.360107  3989.320068  3989.840088  3989.840088   6210890
2022-11-22 13:58:00-05:00  3989.889893  3990.350098  3989.830078  3989.949951  3989.949951   4883703
2022-11-22 14:00:00-05:00  3989.919922  3990.909912  3989.919922  3990.860107  3990.860107   6010093
2022-11-22 14:02:00-05:00  3990.860107  3991.899902  3988.620117  3989.260010  3989.260010   7789166
2022-11-22 14:04:00-05:00  3989.250000  3990.879883  3989.020020  3990.419922  3990.419922   5278127
2022-11-22 14:06:00-05:00  3990.439941  3990.500000  3988.540039  3988.629883  3988.629883   5505070
2022-11-22 14:08:00-05:00  3988.639893  3988.649902  3987.290039  3987.290039  3987.290039   5743401
2022-11-22 14:10:00-05:00  3987.270020  3988.590088  3987.270020  3987.989990  3987.989990   5459815
2022-11-22 14:12:00-05:00  3987.979980  3988.159912  3986.610107  3986.879883  3986.879883   5257162
2022-11-22 14:14:00-05:00  3986.870117  3987.050049  3986.580078  3986.860107  3986.860107   5473047
2022-11-22 14:16:00-05:00  3986.860107  3988.260010  3986.739990  3988.250000  3988.250000   5769701
2022-11-22 14:18:00-05:00  3988.260010  3989.320068  3987.969971  3988.770020  3988.770020   5993167
2022-11-22 14:20:00-05:00  3988.780029  3989.830078  3988.610107  3989.409912  3989.409912   6612751
2022-11-22 14:22:00-05:00  3989.419922  3989.679932  3989.040039  3989.239990  3989.239990   5023997
2022-11-22 14:24:00-05:00  3989.290039  3990.129883  3989.229980  3989.810059  3989.810059   5204763
2022-11-22 14:26:00-05:00  3989.800049  3989.909912  3989.060059  3989.659912  3989.659912   5198012
2022-11-22 14:28:00-05:00  3989.679932  3990.600098  3989.590088  3990.219971  3990.219971   5327411
2022-11-22 14:30:00-05:00  3990.040039  3990.129883  3988.439941  3988.530029  3988.530029   6103854
2022-11-22 14:32:00-05:00  3988.530029  3989.159912  3988.340088  3988.500000  3988.500000   5158938
2022-11-22 14:34:00-05:00  3988.489990  3988.719971  3988.060059  3988.719971  3988.719971   5523918
2022-11-22 14:36:00-05:00  3988.699951  3993.189941  3988.669922  3992.590088  3992.590088   7962332
2022-11-22 14:38:00-05:00  3992.600098  3992.959961  3992.080078  3992.770020  3992.770020   5330371
2022-11-22 14:40:00-05:00  3992.780029  3992.929932  3992.149902  3992.219971  3992.219971   5452028
2022-11-22 14:42:00-05:00  3992.219971  3992.219971  3989.469971  3990.250000  3990.250000   6736420
2022-11-22 14:44:00-05:00  3990.250000  3990.260010  3988.840088  3989.699951  3989.699951   5562349
2022-11-22 14:46:00-05:00  3989.770020  3990.969971  3989.770020  3990.300049  3990.300049   5463900
2022-11-22 14:48:00-05:00  3990.300049  3991.510010  3990.120117  3991.510010  3991.510010   4963863
2022-11-22 14:50:00-05:00  3991.500000  3991.899902  3991.340088  3991.879883  3991.879883   5082343
2022-11-22 14:52:00-05:00  3991.889893  3993.129883  3991.889893  3993.020020  3993.020020   6512638
2022-11-22 14:54:00-05:00  3993.300049  3994.209961  3993.239990  3993.330078  3993.330078   6124094
2022-11-22 14:56:00-05:00  3993.320068  3994.260010  3993.159912  3994.179932  3994.179932   6489008
2022-11-22 14:58:00-05:00  3994.260010  3994.820068  3993.810059  3994.030029  3994.030029   5822299
2022-11-22 15:00:00-05:00  3994.030029  3996.000000  3993.399902  3995.899902  3995.899902   7860821
2022-11-22 15:02:00-05:00  3995.850098  3997.469971  3995.800049  3997.459961  3997.459961   6336409
2022-11-22 15:04:00-05:00  3997.419922  3998.949951  3997.419922  3998.370117  3998.370117   7196361
2022-11-22 15:06:00-05:00  3998.409912  3998.629883  3997.270020  3997.790039  3997.790039   7982633
2022-11-22 15:08:00-05:00  3997.860107  3998.360107  3997.649902  3998.179932  3998.179932   6511554
2022-11-22 15:10:00-05:00  3998.199951  3998.550049  3996.489990  3996.489990  3996.489990   6602417
2022-11-22 15:12:00-05:00  3996.459961  3998.659912  3996.459961  3998.639893  3998.639893   7476013
2022-11-22 15:14:00-05:00  3998.679932  3999.540039  3998.290039  3998.729980  3998.729980   7058749
2022-11-22 15:16:00-05:00  3998.760010  3998.780029  3997.209961  3997.350098  3997.350098   7801669
2022-11-22 15:18:00-05:00  3997.399902  3997.429932  3996.590088  3996.840088  3996.840088   6980786
2022-11-22 15:20:00-05:00  3996.879883  3998.929932  3996.879883  3998.919922  3998.919922   7953569
2022-11-22 15:22:00-05:00  3998.949951  3999.270020  3998.580078  3999.159912  3999.159912   7887903
2022-11-22 15:24:00-05:00  3999.189941  4000.120117  3999.169922  3999.590088  3999.590088   8384113
2022-11-22 15:26:00-05:00  3999.600098  3999.949951  3998.310059  3998.350098  3998.350098   8105611
2022-11-22 15:28:00-05:00  3998.290039  4000.010010  3998.260010  3999.500000  3999.500000   9237701
2022-11-22 15:30:00-05:00  3999.489990  3999.860107  3998.659912  3999.649902  3999.649902  10399419
2022-11-22 15:32:00-05:00  3999.659912  4000.699951  3999.659912  4000.260010  4000.260010   9144239
2022-11-22 15:34:00-05:00  4000.260010  4001.399902  4000.169922  4000.850098  4000.850098  10120217
2022-11-22 15:36:00-05:00  4000.889893  4001.780029  4000.889893  4001.360107  4001.360107  10043732
2022-11-22 15:38:00-05:00  4001.360107  4001.479980  3999.919922  4001.270020  4001.270020  11397407
2022-11-22 15:40:00-05:00  4001.280029  4001.560059  4000.669922  4000.669922  4000.669922  10886424
2022-11-22 15:42:00-05:00  4000.699951  4000.830078  4000.129883  4000.479980  4000.479980  10911696
2022-11-22 15:44:00-05:00  4000.469971  4002.459961  4000.290039  4002.459961  4002.459961  15655085
2022-11-22 15:46:00-05:00  4002.510010  4002.709961  4001.969971  4002.199951  4002.199951  13835041
2022-11-22 15:48:00-05:00  4002.090088  4002.649902  4001.500000  4001.850098  4001.850098  14352093
2022-11-22 15:50:00-05:00  4001.959961  4003.969971  4000.149902  4002.120117  4002.120117  28805362
2022-11-22 15:52:00-05:00  4002.439941  4003.600098  4001.699951  4003.409912  4003.409912  21028044
2022-11-22 15:54:00-05:00  4003.479980  4004.219971  4000.649902  4002.550049  4002.550049  33395089
2022-11-22 15:56:00-05:00  4002.570068  4005.159912  4002.570068  4004.820068  4004.820068  38327306
2022-11-22 15:58:00-05:00  4004.860107  4005.879883  4003.159912  4003.649902  4003.649902  55872958
2022-11-23 09:30:00-05:00  4000.300049  4005.320068  3999.120117  4003.750000  4003.750000  32932462
2022-11-23 09:32:00-05:00  4003.639893  4007.399902  4003.100098  4007.399902  4007.399902  13056413
2022-11-23 09:34:00-05:00  4007.409912  4010.729980  4007.409912  4010.439941  4010.439941  12141709
2022-11-23 09:36:00-05:00  4010.510010  4011.179932  4009.080078  4010.050049  4010.050049  11420747
2022-11-23 09:38:00-05:00  4010.120117  4013.080078  4009.590088  4013.050049  4013.050049   9849414
2022-11-23 09:40:00-05:00  4013.010010  4013.020020  4010.520020  4010.709961  4010.709961  12184041
2022-11-23 09:42:00-05:00  4010.870117  4011.939941  4009.020020  4009.270020  4009.270020  10220110
2022-11-23 09:44:00-05:00  4009.469971  4020.560059  4009.419922  4013.489990  4013.489990  15589975
2022-11-23 09:46:00-05:00  4013.510010  4016.739990  4011.689941  4016.679932  4016.679932  10155603
2022-11-23 09:48:00-05:00  4016.729980  4020.620117  4016.729980  4017.239990  4017.239990  10771142
2022-11-23 09:50:00-05:00  4017.209961  4022.459961  4017.120117  4021.580078  4021.580078  11526368
2022-11-23 09:52:00-05:00  4021.469971  4022.370117  4021.110107  4022.370117  4022.370117  27981048
2022-11-23 09:54:00-05:00  4022.370117  4022.810059  4019.179932  4019.649902  4019.649902   9923978
2022-11-23 09:56:00-05:00  4019.590088  4020.659912  4018.419922  4018.439941  4018.439941   9447351
2022-11-23 09:58:00-05:00  4018.439941  4018.689941  4017.219971  4018.560059  4018.560059   8173992
2022-11-23 10:00:00-05:00  4018.479980  4021.060059  4012.739990  4017.120117  4017.120117  13272798
2022-11-23 10:02:00-05:00  4017.030029  4020.219971  4017.030029  4020.120117  4020.120117  10987509
2022-11-23 10:04:00-05:00  4020.330078  4021.050049  4019.429932  4021.050049  4021.050049   9253207
2022-11-23 10:06:00-05:00  4021.060059  4025.389893  4020.909912  4024.719971  4024.719971  11481495
2022-11-23 10:08:00-05:00  4024.719971  4024.719971  4020.989990  4021.590088  4021.590088   9553196
2022-11-23 10:10:00-05:00  4021.689941  4022.889893  4021.300049  4021.510010  4021.510010   9387540
2022-11-23 10:12:00-05:00  4021.469971  4023.290039  4020.739990  4023.290039  4023.290039   8475858
2022-11-23 10:14:00-05:00  4023.110107  4023.639893  4019.270020  4019.270020  4019.270020   9734774
2022-11-23 10:16:00-05:00  4019.229980  4019.479980  4016.979980  4017.969971  4017.969971   9048224
2022-11-23 10:18:00-05:00  4017.899902  4020.389893  4017.840088  4019.939941  4019.939941   7696958
2022-11-23 10:20:00-05:00  4019.939941  4020.169922  4018.669922  4018.750000  4018.750000   7282856
2022-11-23 10:22:00-05:00  4018.729980  4020.520020  4018.520020  4019.820068  4019.820068   8182538
2022-11-23 10:24:00-05:00  4019.860107  4023.810059  4019.679932  4022.929932  4022.929932   8477395
2022-11-23 10:26:00-05:00  4022.959961  4023.899902  4021.320068  4021.699951  4021.699951   8540935
2022-11-23 10:28:00-05:00  4021.760010  4023.979980  4021.250000  4023.560059  4023.560059   6825796
2022-11-23 10:30:00-05:00  4023.610107  4024.879883  4023.439941  4024.879883  4024.879883   8378877
2022-11-23 10:32:00-05:00  4024.899902  4027.159912  4024.899902  4025.790039  4025.790039  10319022
2022-11-23 10:34:00-05:00  4025.830078  4026.350098  4025.330078  4025.429932  4025.429932   9590894
2022-11-23 10:36:00-05:00  4025.429932  4026.060059  4025.149902  4025.179932  4025.179932   8114988
2022-11-23 10:38:00-05:00  4025.159912  4025.159912  4024.530029  4024.570068  4024.570068   4065935