                                  Open         High          Low        Close    Adj Close     Volume
Datetime                                                                                             
2023-02-16 10:54:00-05:00  4121.479980  4121.560059  4119.419922  4120.049805  4120.049805          0
2023-02-16 10:56:00-05:00  4119.959961  4120.189941  4118.049805  4118.120117  4118.120117    9291990
2023-02-16 10:58:00-05:00  4118.109863  4121.319824  4118.060059  4121.180176  4121.180176    8163352
2023-02-16 11:00:00-05:00  4121.319824  4124.669922  4120.930176  4124.279785  4124.279785    8076442
2023-02-16 11:02:00-05:00  4124.330078  4126.100098  4124.120117  4124.629883  4124.629883    8167112
2023-02-16 11:04:00-05:00  4124.569824  4125.529785  4123.330078  4123.350098  4123.350098    7856551
2023-02-16 11:06:00-05:00  4123.319824  4124.799805  4120.620117  4120.689941  4120.689941    8054798
2023-02-16 11:08:00-05:00  4120.750000  4121.089844  4117.040039  4120.569824  4120.569824    9436502
2023-02-16 11:10:00-05:00  4120.549805  4122.540039  4118.259766  4118.259766  4118.259766    8416423
2023-02-16 11:12:00-05:00  4117.750000  4120.080078  4117.450195  4120.060059  4120.060059    7639772
2023-02-16 11:14:00-05:00  4120.140137  4121.020020  4119.700195  4119.700195  4119.700195    7704734
2023-02-16 11:16:00-05:00  4119.660156  4120.959961  4118.609863  4118.790039  4118.790039    8885316
2023-02-16 11:18:00-05:00  4118.879883  4122.229980  4118.870117  4121.830078  4121.830078    6928360
2023-02-16 11:20:00-05:00  4121.740234  4122.240234  4119.470215  4120.200195  4120.200195    6675338
2023-02-16 11:22:00-05:00  4120.009766  4120.220215  4116.580078  4118.870117  4118.870117    8781326
2023-02-16 11:24:00-05:00  4118.930176  4119.910156  4117.359863  4118.220215  4118.220215    6888447
2023-02-16 11:26:00-05:00  4118.290039  4119.240234  4117.330078  4118.419922  4118.419922    6086156
2023-02-16 11:28:00-05:00  4118.319824  4122.910156  4117.419922  4121.799805  4121.799805    8667128
2023-02-16 11:30:00-05:00  4121.819824  4125.339844  4121.759766  4122.770020  4122.770020    8953056
2023-02-16 11:32:00-05:00  4122.779785  4124.140137  4121.049805  4123.500000  4123.500000    7746415
2023-02-16 11:34:00-05:00  4123.560059  4123.569824  4119.810059  4119.810059  4119.810059    7026341
2023-02-16 11:36:00-05:00  4119.919922  4120.640137  4118.509766  4120.490234  4120.490234    6606972
2023-02-16 11:38:00-05:00  4120.470215  4120.490234  4118.160156  4120.169922  4120.169922    6588365
2023-02-16 11:40:00-05:00  4120.120117  4122.370117  4120.120117  4120.990234  4120.990234    6737482
2023-02-16 11:42:00-05:00  4120.930176  4122.950195  4119.890137  4122.779785  4122.779785    6961932
2023-02-16 11:44:00-05:00  4122.830078  4125.319824  4121.839844  4125.250000  4125.250000    7529585
2023-02-16 11:46:00-05:00  4125.270020  4126.779785  4125.069824  4125.259766  4125.259766    7618062
2023-02-16 11:48:00-05:00  4125.229980  4127.720215  4124.390137  4126.270020  4126.270020    6457879
2023-02-16 11:50:00-05:00  4126.310059  4126.549805  4124.410156  4126.549805  4126.549805    6861196
2023-02-16 11:52:00-05:00  4126.569824  4126.799805  4123.450195  4123.560059  4123.560059    6812951
2023-02-16 11:54:00-05:00  4123.549805  4124.569824  4123.169922  4123.819824  4123.819824    5912025
2023-02-16 11:56:00-05:00  4123.919922  4125.520020  4123.350098  4123.379883  4123.379883    6837449
2023-02-16 11:58:00-05:00  4123.370117  4123.779785  4122.200195  4122.410156  4122.410156    6398256
2023-02-16 12:00:00-05:00  4122.339844  4123.759766  4122.160156  4122.950195  4122.950195    5994189
2023-02-16 12:02:00-05:00  4123.020020  4123.720215  4121.339844  4121.520020  4121.520020    5942106
2023-02-16 12:04:00-05:00  4121.560059  4122.930176  4120.990234  4122.930176  4122.930176    6527499
2023-02-16 12:06:00-05:00  4122.899902  4124.609863  4122.899902  4123.870117  4123.870117    5325384
2023-02-16 12:08:00-05:00  4123.850098  4123.850098  4121.609863  4123.520020  4123.520020    6252582
2023-02-16 12:10:00-05:00  4123.520020  4125.310059  4123.509766  4124.490234  4124.490234    5334083
2023-02-16 12:12:00-05:00  4124.500000  4126.609863  4124.500000  4125.569824  4125.569824    5161045
2023-02-16 12:14:00-05:00  4125.560059  4126.299805  4125.000000  4125.700195  4125.700195    5774279
2023-02-16 12:16:00-05:00  4125.669922  4125.970215  4123.180176  4123.310059  4123.310059    7628924
2023-02-16 12:18:00-05:00  4123.319824  4123.379883  4117.850098  4117.850098  4117.850098   10072763
2023-02-16 12:20:00-05:00  4117.189941  4121.629883  4116.919922  4121.629883  4121.629883    7800610
2023-02-16 12:22:00-05:00  4121.629883  4123.330078  4121.629883  4123.220215  4123.220215    5562599
2023-02-16 12:24:00-05:00  4123.229980  4128.919922  4123.229980  4127.799805  4127.799805    9251770
2023-02-16 12:26:00-05:00  4127.770020  4128.580078  4126.299805  4126.709961  4126.709961    5602097
2023-02-16 12:28:00-05:00  4126.709961  4127.819824  4126.689941  4127.149902  4127.149902    5459910
2023-02-16 12:30:00-05:00  4127.169922  4128.660156  4127.020020  4127.390137  4127.390137    6337893
2023-02-16 12:32:00-05:00  4127.410156  4129.180176  4126.709961  4129.029785  4129.029785    6454366
2023-02-16 12:34:00-05:00  4128.839844  4134.680176  4128.839844  4133.370117  4133.370117    9555413
2023-02-16 12:36:00-05:00  4133.370117  4133.830078  4132.189941  4133.129883  4133.129883    5313668
2023-02-16 12:38:00-05:00  4133.279785  4133.740234  4132.209961  4132.720215  4132.720215    5955110
2023-02-16 12:40:00-05:00  4132.740234  4133.759766  4132.290039  4133.189941  4133.189941    4994694
2023-02-16 12:42:00-05:00  4133.149902  4133.209961  4132.259766  4132.950195  4132.950195    5361616
2023-02-16 12:44:00-05:00  4133.020020  4136.240234  4133.020020  4135.029785  4135.029785    8141425
2023-02-16 12:46:00-05:00  4135.020020  4135.149902  4133.509766  4134.819824  4134.819824    7411555
2023-02-16 12:48:00-05:00  4134.910156  4136.009766  4134.890137  4134.890137  4134.890137    6572960
2023-02-16 12:50:00-05:00  4134.819824  4134.879883  4133.209961  4134.250000  4134.250000    6859709
2023-02-16 12:52:00-05:00  4134.169922  4135.220215  4131.339844  4132.620117  4132.620117    9646029
2023-02-16 12:54:00-05:00  4132.549805  4132.700195  4130.410156  4131.620117  4131.620117    7911993
2023-02-16 12:56:00-05:00  4131.620117  4132.370117  4129.069824  4129.290039  4129.290039    8658457
2023-02-16 12:58:00-05:00  4129.399902  4129.899902  4127.810059  4129.060059  4129.060059    8185916
2023-02-16 13:00:00-05:00  4129.080078  4131.359863  4129.080078  4131.189941  4131.189941    7447074
2023-02-16 13:02:00-05:00  4131.250000  4133.839844  4126.560059  4126.560059  4126.560059   11237309
2023-02-16 13:04:00-05:00  4126.520020  4130.220215  4126.310059  4129.209961  4129.209961    5942591
2023-02-16 13:06:00-05:00  4129.240234  4131.689941  4128.850098  4131.330078  4131.330078    6260956
2023-02-16 13:08:00-05:00  4131.410156  4131.479980  4130.430176  4131.379883  4131.379883    4694363
2023-02-16 13:10:00-05:00  4131.390137  4131.750000  4129.080078  4129.270020  4129.270020    6288670
2023-02-16 13:12:00-05:00  4129.330078  4130.859863  4129.310059  4129.419922  4129.419922    5710596
2023-02-16 13:14:00-05:00  4129.399902  4129.419922  4125.870117  4125.910156  4125.910156    7107880
2023-02-16 13:16:00-05:00  4125.899902  4128.299805  4125.899902  4126.509766  4126.509766    7177393
2023-02-16 13:18:00-05:00  4126.490234  4126.560059  4124.180176  4126.439941  4126.439941    7201817
2023-02-16 13:20:00-05:00  4126.470215  4127.259766  4126.040039  4126.529785  4126.529785    5723519
2023-02-16 13:22:00-05:00  4126.479980  4126.759766  4124.790039  4124.790039  4124.790039    6675967
2023-02-16 13:24:00-05:00  4124.810059  4126.189941  4122.439941  4126.169922  4126.169922    8407735
2023-02-16 13:26:00-05:00  4126.189941  4126.520020  4123.799805  4123.850098  4123.850098    6235626
2023-02-16 13:28:00-05:00  4123.899902  4124.169922  4122.089844  4122.470215  4122.470215    5487143
2023-02-16 13:30:00-05:00  4122.520020  4123.410156  4121.160156  4121.270020  4121.270020    6980679
2023-02-16 13:32:00-05:00  4121.279785  4124.290039  4121.270020  4123.700195  4123.700195    6585634
2023-02-16 13:34:00-05:00  4123.629883  4127.419922  4123.479980  4126.879883  4126.879883    6792206
2023-02-16 13:36:00-05:00  4126.899902  4129.240234  4126.899902  4128.270020  4128.270020    6831543
2023-02-16 13:38:00-05:00  4128.279785  4129.569824  4128.259766  4128.870117  4128.870117    6327428
2023-02-16 13:40:00-05:00  4128.799805  4128.930176  4127.109863  4127.410156  4127.410156    5854103
2023-02-16 13:42:00-05:00  4127.529785  4128.970215  4127.259766  4128.970215  4128.970215    6215916
2023-02-16 13:44:00-05:00  4129.029785  4130.770020  4128.629883  4128.740234  4128.740234    7880833
2023-02-16 13:46:00-05:00  4128.770020  4129.520020  4127.419922  4128.709961  4128.709961    6395140
2023-02-16 13:48:00-05:00  4128.689941  4131.750000  4128.689941  4129.879883  4129.879883    7732064
2023-02-16 13:50:00-05:00  4129.939941  4130.359863  4127.839844  4128.029785  4128.029785    6171074
2023-02-16 13:52:00-05:00  4128.049805  4128.509766  4126.689941  4128.000000  4128.000000    6183905
2023-02-16 13:54:00-05:00  4127.970215  4128.930176  4127.620117  4128.109863  4128.109863    5999064
2023-02-16 13:56:00-05:00  4128.120117  4129.560059  4128.120117  4128.709961  4128.709961    5213109
2023-02-16 13:58:00-05:00  4128.680176  4129.310059  4128.020020  4129.169922  4129.169922    5064531
2023-02-16 14:00:00-05:00  4129.189941  4132.520020  4129.189941  4132.089844  4132.089844    8155754
2023-02-16 14:02:00-05:00  4132.140137  4132.990234  4131.229980  4132.990234  4132.990234    6457525
2023-02-16 14:04:00-05:00  4133.020020  4133.490234  4132.629883  4133.390137  4133.390137    6899408
2023-02-16 14:06:00-05:00  4133.390137  4133.390137  4130.259766  4130.330078  4130.330078    6676529
2023-02-16 14:08:00-05:00  4130.270020  4131.799805  4130.040039  4130.620117  4130.620117    6408545
2023-02-16 14:10:00-05:00  4130.640137  4132.180176  4130.189941  4131.000000  4131.000000    6655285
2023-02-16 14:12:00-05:00  4131.000000  4131.290039  4130.160156  4131.080078  4131.080078    6559339
2023-02-16 14:14:00-05:00  4131.120117  4131.490234  4129.779785  4130.669922  4130.669922    6093353
2023-02-16 14:16:00-05:00  4130.649902  4133.319824  4130.479980  4132.979980  4132.979980    7153830
2023-02-16 14:18:00-05:00  4132.970215  4132.970215  4131.680176  4131.970215  4131.970215    6430554
2023-02-16 14:20:00-05:00  4132.009766  4132.089844  4126.770020  4127.910156  4127.910156    9118862
2023-02-16 14:22:00-05:00  4127.970215  4130.299805  4127.709961  4130.259766  4130.259766    6014896
2023-02-16 14:24:00-05:00  4130.259766  4133.290039  4130.169922  4132.979980  4132.979980    7758848
2023-02-16 14:26:00-05:00  4132.939941  4134.509766  4132.939941  4134.319824  4134.319824    7152293
2023-02-16 14:28:00-05:00  4134.299805  4134.310059  4132.959961  4133.040039  4133.040039    6659116
2023-02-16 14:30:00-05:00  4133.000000  4134.379883  4132.790039  4133.250000  4133.250000    6255704
2023-02-16 14:32:00-05:00  4133.259766  4134.890137  4133.259766  4134.609863  4134.609863    6195923
2023-02-16 14:34:00-05:00  4134.609863  4135.509766  4134.000000  4135.000000  4135.000000    6188157
2023-02-16 14:36:00-05:00  4135.009766  4136.540039  4134.939941  4135.669922  4135.669922    6758945
2023-02-16 14:38:00-05:00  4135.689941  4135.689941  4134.520020  4134.750000  4134.750000    5742723
2023-02-16 14:40:00-05:00  4134.700195  4134.839844  4131.450195  4131.839844  4131.839844    8497968
2023-02-16 14:42:00-05:00  4131.839844  4133.250000  4130.149902  4132.009766  4132.009766    8103614
2023-02-16 14:44:00-05:00  4131.970215  4131.970215  4130.790039  4130.959961  4130.959961    5429837
2023-02-16 14:46:00-05:00  4130.959961  4132.080078  4130.569824  4131.740234  4131.740234    5625570
2023-02-16 14:48:00-05:00  4131.720215  4131.790039  4130.350098  4131.359863  4131.359863    6710474
2023-02-16 14:50:00-05:00  4131.330078  4131.600098  4130.279785  4130.319824  4130.319824    6673795
2023-02-16 14:52:00-05:00  4130.290039  4131.490234  4129.450195  4131.330078  4131.330078    6682812
2023-02-16 14:54:00-05:00  4131.370117  4132.250000  4130.899902  4132.089844  4132.089844    6224701
2023-02-16 14:56:00-05:00  4132.109863  4132.160156  4130.379883  4130.379883  4130.379883    6000760
2023-02-16 14:58:00-05:00  4130.410156  4131.120117  4129.859863  4129.870117  4129.870117    6598729
2023-02-16 15:00:00-05:00  4129.839844  4130.600098  4128.209961  4128.339844  4128.339844    7408016
2023-02-16 15:02:00-05:00  4128.399902  4128.830078  4125.410156  4125.620117  4125.620117    8006064
2023-02-16 15:04:00-05:00  4125.580078  4125.640137  4116.770020  4121.450195  4121.450195   18689511
2023-02-16 15:06:00-05:00  4121.399902  4121.399902  4117.120117  4120.410156  4120.410156   15905064
2023-02-16 15:08:00-05:00  4120.379883  4122.649902  4119.919922  4121.459961  4121.459961    6828657
2023-02-16 15:10:00-05:00  4121.450195  4122.430176  4120.229980  4120.339844  4120.339844    8178643
2023-02-16 15:12:00-05:00  4120.279785  4121.259766  4118.339844  4121.120117  4121.120117    9243802
2023-02-16 15:14:00-05:00  4121.149902  4121.979980  4115.410156  4115.410156  4115.410156   11606611
2023-02-16 15:16:00-05:00  4115.370117  4115.419922  4110.069824  4110.759766  4110.759766   12769799
2023-02-16 15:18:00-05:00  4110.750000  4111.100098  4109.350098  4109.680176  4109.680176   10320993
2023-02-16 15:20:00-05:00  4109.729980  4109.729980  4103.879883  4105.310059  4105.310059   14955841
2023-02-16 15:22:00-05:00  4105.310059  4110.129883  4104.689941  4108.479980  4108.479980   12277956
2023-02-16 15:24:00-05:00  4108.339844  4109.209961  4106.290039  4108.379883  4108.379883   10956523
2023-02-16 15:26:00-05:00  4108.399902  4109.680176  4104.870117  4105.080078  4105.080078   11047798
2023-02-16 15:28:00-05:00  4105.049805  4105.049805  4101.479980  4101.609863  4101.609863   13667982
2023-02-16 15:30:00-05:00  4101.339844  4101.509766  4096.529785  4097.169922  4097.169922   17669758
2023-02-16 15:32:00-05:00  4097.109863  4097.819824  4094.629883  4097.649902  4097.649902   15592297
2023-02-16 15:34:00-05:00  4097.669922  4099.430176  4095.600098  4099.370117  4099.370117   15520255
2023-02-16 15:36:00-05:00  4099.319824  4102.459961  4099.029785  4099.359863  4099.359863   14323930
2023-02-16 15:38:00-05:00  4099.350098  4099.870117  4097.990234  4098.060059  4098.060059   11498598
2023-02-16 15:40:00-05:00  4098.040039  4098.040039  4091.000000  4091.439941  4091.439941   16409287
2023-02-16 15:42:00-05:00  4091.500000  4098.540039  4091.500000  4097.830078  4097.830078   16361003
2023-02-16 15:44:00-05:00  4097.729980  4099.020020  4096.350098  4096.410156  4096.410156   16407914
2023-02-16 15:46:00-05:00  4096.330078  4096.330078  4093.179932  4095.270020  4095.270020   18678442
2023-02-16 15:48:00-05:00  4095.149902  4098.160156  4094.229980  4098.120117  4098.120117   16758210
2023-02-16 15:50:00-05:00  4098.259766  4101.000000  4094.580078  4100.439941  4100.439941   26614081
2023-02-16 15:52:00-05:00  4100.500000  4102.250000  4097.439941  4098.250000  4098.250000   27039382
2023-02-16 15:54:00-05:00  4098.319824  4099.589844  4093.550049  4093.649902  4093.649902   24764281
2023-02-16 15:56:00-05:00  4093.600098  4094.199951  4090.110107  4092.300049  4092.300049   27390780
2023-02-16 15:58:00-05:00  4092.290039  4092.409912  4089.489990  4090.270020  4090.270020   28786239
2023-02-17 09:30:00-05:00  4077.389893  4077.389893  4065.570068  4066.290039  4066.290039   67941494
2023-02-17 09:32:00-05:00  4066.229980  4069.120117  4066.229980  4068.639893  4068.639893   16890054
2023-02-17 09:34:00-05:00  4068.469971  4074.100098  4068.350098  4071.610107  4071.610107   16493303
2023-02-17 09:36:00-05:00  4071.719971  4071.719971  4065.639893  4066.919922  4066.919922   15488969
2023-02-17 09:38:00-05:00  4066.959961  4068.070068  4064.239990  4064.379883  4064.379883   16209735
2023-02-17 09:40:00-05:00  4064.340088  4064.729980  4061.629883  4062.459961  4062.459961   16568905
2023-02-17 09:42:00-05:00  4062.439941  4066.090088  4062.439941  4062.729980  4062.729980   13860295
2023-02-17 09:44:00-05:00  4062.679932  4063.870117  4057.600098  4057.600098  4057.600098   15807689
2023-02-17 09:46:00-05:00  4057.500000  4060.629883  4056.060059  4059.899902  4059.899902   15711250
2023-02-17 09:48:00-05:00  4059.770020  4059.770020  4055.149902  4056.330078  4056.330078   15749142
2023-02-17 09:50:00-05:00  4056.239990  4057.110107  4054.629883  4056.080078  4056.080078   13585747
2023-02-17 09:52:00-05:00  4055.879883  4055.879883  4051.860107  4051.909912  4051.909912   17098395
2023-02-17 09:54:00-05:00  4051.879883  4052.020020  4049.370117  4050.540039  4050.540039   13445329
2023-02-17 09:56:00-05:00  4050.550049  4053.110107  4049.139893  4051.189941  4051.189941   14460602
2023-02-17 09:58:00-05:00  4051.280029  4054.719971  4051.050049  4054.659912  4054.659912   11684196
2023-02-17 10:00:00-05:00  4054.810059  4059.459961  4054.469971  4057.120117  4057.120117   14016455
2023-02-17 10:02:00-05:00  4057.129883  4063.000000  4057.129883  4062.159912  4062.159912   12251958
2023-02-17 10:04:00-05:00  4062.050049  4063.229980  4061.790039  4062.250000  4062.250000   11496456
2023-02-17 10:06:00-05:00  4062.159912  4063.540039  4060.489990  4063.300049  4063.300049   10743377
2023-02-17 10:08:00-05:00  4063.409912  4064.209961  4059.800049  4061.229980  4061.229980   10846767
2023-02-17 10:10:00-05:00  4061.100098  4063.689941  4058.889893  4062.689941  4062.689941   10476280
2023-02-17 10:12:00-05:00  4062.469971  4067.729980  4062.159912  4064.909912  4064.909912   10936851
2023-02-17 10:14:00-05:00  4064.850098  4066.580078  4062.629883  4062.800049  4062.800049   11748317
2023-02-17 10:16:00-05:00  4062.879883  4067.500000  4062.870117  4067.500000  4067.500000   11687852
2023-02-17 10:18:00-05:00  4067.469971  4073.830078  4067.469971  4072.330078  4072.330078   13553107
2023-02-17 10:20:00-05:00  4072.340088  4076.550049  4071.989990  4075.000000  4075.000000   11037737
2023-02-17 10:22:00-05:00  4074.860107  4074.979980  4069.459961  4070.060059  4070.060059   10205034
2023-02-17 10:24:00-05:00  4070.129883  4070.699951  4067.909912  4068.860107  4068.860107   10099876
2023-02-17 10:26:00-05:00  4068.669922  4069.540039  4066.139893  4069.149902  4069.149902    9662583
2023-02-17 10:28:00-05:00  4069.219971  4069.290039  4065.949951  4066.290039  4066.290039    9399406
2023-02-17 10:30:00-05:00  4066.389893  4069.350098  4065.280029  4069.350098  4069.350098   10024059
2023-02-17 10:32:00-05:00  4069.360107  4072.770020  4069.330078  4072.770020  4072.770020    9609744
2023-02-17 10:34:00-05:00  4072.590088  4074.139893  4071.080078  4074.020020  4074.020020    9062719
2023-02-17 10:36:00-05:00  4074.090088  4078.489990  4073.010010  4073.040039  4073.040039   12735710
2023-02-17 10:38:00-05:00  4072.949951  4072.949951  4068.629883  4069.899902  4069.899902   10489712
2023-02-17 10:40:00-05:00  4069.959961  4070.050049  4064.689941  4066.250000  4066.250000   11132855
2023-02-17 10:42:00-05:00  4066.300049  4066.629883  4061.179932  4061.729980  4061.729980   10442911
2023-02-17 10:44:00-05:00  4061.760010  4063.030029  4060.260010  4062.750000  4062.750000    9056694
2023-02-17 10:46:00-05:00  4062.739990  4062.739990  4059.139893  4059.179932  4059.179932   10123329
2023-02-17 10:48:00-05:00  4059.159912  4061.949951  4058.199951  4060.719971  4060.719971    9008123
2023-02-17 10:50:00-05:00  4060.770020  4061.060059  4059.360107  4060.800049  4060.800049    9673273
2023-02-17 10:52:00-05:00  4060.669922  4060.669922  4057.209961  4057.209961  4057.209961    9637872
2023-02-17 10:54:00-05:00  4057.389893  4059.879883  4057.320068  4059.459961  4059.459961    9515966
2023-02-17 10:56:00-05:00  4059.449951  4059.639893  4056.800049  4056.939941  4056.939941    8930118
2023-02-17 10:58:00-05:00  4056.909912  4057.129883  4055.219971  4056.320068  4056.320068    8367716
2023-02-17 11:00:00-05:00  4056.250000  4056.419922  4054.870117  4055.050049  4055.050049    9571606
2023-02-17 11:02:00-05:00  4055.040039  4055.489990  4053.219971  4053.310059  4053.310059    9597161
2023-02-17 11:04:00-05:00  4053.350098  4056.770020  4052.409912  4056.550049  4056.550049   10170243
2023-02-17 11:06:00-05:00  4056.550049  4059.649902  4055.669922  4059.419922  4059.419922    8061423
2023-02-17 11:08:00-05:00  4059.449951  4059.979980  4056.479980  4056.500000  4056.500000    7561686
2023-02-17 11:10:00-05:00  4056.489990  4059.169922  4056.389893  4058.909912  4058.909912    7928929
2023-02-17 11:12:00-05:00  4058.889893  4059.699951  4057.129883  4058.110107  4058.110107    7265996
2023-02-17 11:14:00-05:00  4058.000000  4058.870117  4056.889893  4057.439941  4057.439941    7186512
2023-02-17 11:16:00-05:00  4057.439941  4057.610107  4054.820068  4055.139893  4055.139893    7397618
2023-02-17 11:18:00-05:00  4055.189941  4056.649902  4055.189941  4055.810059  4055.810059    7214640
2023-02-17 11:20:00-05:00  4055.780029  4055.780029  4051.080078  4051.409912  4051.409912    9329960
2023-02-17 11:22:00-05:00  4051.379883  4053.219971  4050.560059  4053.219971  4053.219971    7803570
2023-02-17 11:24:00-05:00  4053.290039  4053.320068  4049.889893  4052.810059  4052.810059    8667503
2023-02-17 11:26:00-05:00  4052.820068  4052.820068  4050.260010  4051.790039  4051.790039    9121403
2023-02-17 11:28:00-05:00  4051.719971  4051.830078  4049.939941  4051.419922  4051.419922    8597104
2023-02-17 11:30:00-05:00  4051.409912  4051.409912  4049.370117  4050.370117  4050.370117    9622600
2023-02-17 11:32:00-05:00  4050.379883  4051.979980  4048.399902  4050.620117  4050.620117   12909131
2023-02-17 11:34:00-05:00  4050.629883  4052.270020  4049.370117  4051.909912  4051.909912    9749987
2023-02-17 11:36:00-05:00  4051.889893  4055.139893  4051.520020  4054.820068  4054.820068   11954964
2023-02-17 11:38:00-05:00  4054.800049  4056.110107  4053.600098  4055.830078  4055.830078    8829969
2023-02-17 11:40:00-05:00  4055.780029  4057.350098  4055.260010  4056.250000  4056.250000    8211847
2023-02-17 11:42:00-05:00  4056.280029  4057.389893  4055.030029  4056.919922  4056.919922    6559332
2023-02-17 11:44:00-05:00  4056.919922  4059.560059  4056.830078  4059.399902  4059.399902    8836283
2023-02-17 11:46:00-05:00  4059.399902  4061.580078  4059.310059  4060.610107  4060.610107   14013115
2023-02-17 11:48:00-05:00  4060.590088  4060.679932  4058.679932  4058.989990  4058.989990    6602518
2023-02-17 11:50:00-05:00  4058.919922  4058.919922  4056.370117  4056.540039  4056.540039    8129769
2023-02-17 11:52:00-05:00  4056.550049  4056.750000  4054.020020  4054.020020  4054.020020    6356528
2023-02-17 11:54:00-05:00  4054.090088  4054.090088  4052.530029  4052.629883  4052.629883    7624044
2023-02-17 11:56:00-05:00  4052.639893  4052.649902  4050.830078  4051.860107  4051.860107    6851112
2023-02-17 11:58:00-05:00  4051.860107  4054.780029  4051.639893  4054.679932  4054.679932    7223979
2023-02-17 12:00:00-05:00  4054.669922  4059.260010  4054.610107  4059.080078  4059.080078    8517301
2023-02-17 12:02:00-05:00  4059.139893  4060.429932  4057.719971  4057.719971  4057.719971    7456257
2023-02-17 12:04:00-05:00  4057.729980  4060.149902  4057.709961  4059.820068  4059.820068    8047236
2023-02-17 12:06:00-05:00  4059.870117  4060.560059  4059.810059  4060.379883  4060.379883    6201466
2023-02-17 12:08:00-05:00  4060.459961  4062.889893  4060.459961  4062.030029  4062.030029    7041540
2023-02-17 12:10:00-05:00  4062.070068  4066.010010  4062.070068  4066.010010  4066.010010    7997505
2023-02-17 12:12:00-05:00  4066.020020  4066.080078  4064.159912  4064.389893  4064.389893    7596770
2023-02-17 12:14:00-05:00  4064.419922  4065.419922  4063.419922  4064.560059  4064.560059    8030116
2023-02-17 12:16:00-05:00  4064.530029  4065.209961  4062.939941  4063.040039  4063.040039    6206868
2023-02-17 12:18:00-05:00  4063.030029  4063.669922  4061.250000  4061.250000  4061.250000    7179341
2023-02-17 12:20:00-05:00  4061.070068  4062.110107  4060.969971  4061.800049  4061.800049    6848851
2023-02-17 12:22:00-05:00  4061.770020  4061.780029  4059.370117  4061.760010  4061.760010    7326300
2023-02-17 12:24:00-05:00  4061.800049  4062.469971  4060.830078  4062.469971  4062.469971    5965805
2023-02-17 12:26:00-05:00  4062.449951  4063.979980  4060.979980  4061.449951  4061.449951    8202800
2023-02-17 12:28:00-05:00  4061.439941  4062.649902  4061.350098  4061.989990  4061.989990    5605073
2023-02-17 12:30:00-05:00  4061.750000  4061.750000  4059.260010  4060.080078  4060.080078    7007619
2023-02-17 12:32:00-05:00  4060.030029  4061.790039  4059.840088  4059.850098  4059.850098    5388443
2023-02-17 12:34:00-05:00  4059.899902  4060.310059  4059.229980  4060.030029  4060.030029    5878670
2023-02-17 12:36:00-05:00  4060.010010  4060.959961  4059.060059  4059.060059  4059.060059    5918756
2023-02-17 12:38:00-05:00  4059.020020  4059.040039  4057.889893  4058.449951  4058.449951    5351896
2023-02-17 12:40:00-05:00  4058.469971  4059.310059  4056.909912  4057.000000  4057.000000    6987915
2023-02-17 12:42:00-05:00  4057.030029  4057.030029  4055.350098  4055.629883  4055.629883    8513916
2023-02-17 12:44:00-05:00  4055.669922  4057.169922  4055.659912  4057.120117  4057.120117    5746736
2023-02-17 12:46:00-05:00  4057.149902  4057.149902  4055.379883  4055.770020  4055.770020    6523916
2023-02-17 12:48:00-05:00  4055.689941  4055.689941  4053.600098  4053.659912  4053.659912    6568751
2023-02-17 12:50:00-05:00  4053.679932  4054.120117  4052.879883  4053.179932  4053.179932    5714594
2023-02-17 12:52:00-05:00  4053.169922  4053.399902  4047.949951  4049.239990  4049.239990    9231099
2023-02-17 12:54:00-05:00  4049.229980  4049.370117  4047.989990  4048.649902  4048.649902    5454877
2023-02-17 12:56:00-05:00  4048.620117  4052.169922  4048.620117  4052.159912  4052.159912    7215686
2023-02-17 12:58:00-05:00  4052.179932  4052.389893  4051.389893  4051.610107  4051.610107    5235511
2023-02-17 13:00:00-05:00  4051.580078  4052.580078  4050.389893  4050.389893  4050.389893    6264689
2023-02-17 13:02:00-05:00  4050.399902  4051.780029  4049.899902  4051.030029  4051.030029    5580568
2023-02-17 13:04:00-05:00  4050.850098  4053.280029  4050.679932  4052.270020  4052.270020    6690896
2023-02-17 13:06:00-05:00  4052.169922  4052.580078  4051.110107  4052.370117  4052.370117    5705183
2023-02-17 13:08:00-05:00  4052.439941  4056.389893  4052.439941  4056.110107  4056.110107    6998602
2023-02-17 13:10:00-05:00  4056.110107  4058.639893  4056.010010  4058.590088  4058.590088    7295625
2023-02-17 13:12:00-05:00  4058.610107  4058.919922  4057.679932  4057.870117  4057.870117    6288277
2023-02-17 13:14:00-05:00  4057.870117  4060.320068  4057.550049  4060.219971  4060.219971    7140213
2023-02-17 13:16:00-05:00  4060.219971  4060.719971  4059.169922  4060.500000  4060.500000    5457363
2023-02-17 13:18:00-05:00  4060.469971  4060.899902  4058.889893  4058.889893  4058.889893    5544496
2023-02-17 13:20:00-05:00  4058.860107  4058.909912  4054.939941  4055.909912  4055.909912    7147147
2023-02-17 13:22:00-05:00  4055.969971  4056.310059  4055.120117  4055.479980  4055.479980    5595384
2023-02-17 13:24:00-05:00  4055.459961  4055.459961  4052.800049  4052.909912  4052.909912    7009158
2023-02-17 13:26:00-05:00  4052.870117  4053.300049  4051.350098  4053.000000  4053.000000    6384238
2023-02-17 13:28:00-05:00  4053.070068  4054.340088  4053.070068  4053.570068  4053.570068    5788047
2023-02-17 13:30:00-05:00  4053.620117  4053.770020  4052.669922  4053.139893  4053.139893    5448890
2023-02-17 13:32:00-05:00  4053.139893  4053.580078  4051.360107  4052.620117  4052.620117    6007376
2023-02-17 13:34:00-05:00  4052.679932  4055.610107  4052.679932  4054.810059  4054.810059    8956843
2023-02-17 13:36:00-05:00  4054.830078  4056.830078  4054.830078  4056.800049  4056.800049    6248173
2023-02-17 13:38:00-05:00  4056.879883  4057.050049  4056.050049  4056.080078  4056.080078    5582272
2023-02-17 13:40:00-05:00  4056.139893  4058.090088  4055.600098  4057.919922  4057.919922    6524619
2023-02-17 13:42:00-05:00  4057.959961  4058.120117  4056.840088  4058.120117  4058.120117    6438726
2023-02-17 13:44:00-05:00  4058.120117  4058.270020  4057.250000  4057.820068  4057.820068    5683019
2023-02-17 13:46:00-05:00  4057.850098  4058.709961  4057.330078  4058.260010  4058.260010    5139753
2023-02-17 13:48:00-05:00  4058.429932  4059.679932  4057.919922  4058.540039  4058.540039    7375648
2023-02-17 13:50:00-05:00  4058.500000  4058.500000  4055.149902  4056.050049  4056.050049    6848855
2023-02-17 13:52:00-05:00  4056.139893  4059.120117  4055.080078  4057.179932  4057.179932    6775055
2023-02-17 13:54:00-05:00  4057.159912  4057.159912  4055.629883  4056.229980  4056.229980    4108162
2023-02-17 13:56:00-05:00  4056.209961  4056.550049  4054.830078  4055.459961  4055.459961    5227480
2023-02-17 13:58:00-05:00  4055.409912  4058.360107  4055.320068  4058.360107  4058.360107    5556922
2023-02-17 14:00:00-05:00  4058.389893  4061.760010  4058.389893  4061.760010  4061.760010    8180524
2023-02-17 14:02:00-05:00  4061.800049  4064.129883  4061.610107  4061.610107  4061.610107    7922539
2023-02-17 14:04:00-05:00  4061.590088  4063.459961  4061.080078  4063.389893  4063.389893    5587541
2023-02-17 14:06:00-05:00  4063.360107  4064.300049  4062.879883  4063.679932  4063.679932    6217507
2023-02-17 14:08:00-05:00  4063.719971  4064.300049  4063.310059  4063.340088  4063.340088    5789796
2023-02-17 14:10:00-05:00  4063.330078  4064.659912  4062.840088  4063.209961  4063.209961    7181205
2023-02-17 14:12:00-05:00  4063.250000  4063.250000  4059.860107  4060.090088  4060.090088    6680060
2023-02-17 14:14:00-05:00  4060.090088  4060.090088  4058.219971  4059.000000  4059.000000    7288149
2023-02-17 14:16:00-05:00  4058.969971  4062.399902  4058.790039  4061.989990  4061.989990    6905788
2023-02-17 14:18:00-05:00  4062.030029  4062.040039  4060.280029  4060.919922  4060.919922    5943536
2023-02-17 14:20:00-05:00  4060.899902  4063.860107  4060.820068  4063.719971  4063.719971    6705953
2023-02-17 14:22:00-05:00  4063.699951  4068.439941  4063.679932  4068.050049  4068.050049   10505215
2023-02-17 14:24:00-05:00  4068.070068  4070.280029  4067.919922  4069.889893  4069.889893    9793599
2023-02-17 14:26:00-05:00  4069.659912  4069.929932  4067.580078  4067.689941  4067.689941    5826687
2023-02-17 14:28:00-05:00  4067.719971  4068.669922  4067.199951  4067.639893  4067.639893    6221263
2023-02-17 14:30:00-05:00  4067.659912  4069.850098  4067.659912  4069.719971  4069.719971    7345817
2023-02-17 14:32:00-05:00  4069.699951  4071.860107  4069.699951  4070.459961  4070.459961    8436552
2023-02-17 14:34:00-05:00  4070.449951  4072.080078  4070.419922  4071.419922  4071.419922    7804842
2023-02-17 14:36:00-05:00  4071.449951  4072.870117  4070.909912  4072.729980  4072.729980    6390785
2023-02-17 14:38:00-05:00  4072.709961  4074.060059  4072.709961  4073.959961  4073.959961    6662594
2023-02-17 14:40:00-05:00  4073.929932  4073.989990  4069.449951  4069.570068  4069.570068    8608180
2023-02-17 14:42:00-05:00  4069.520020  4071.699951  4069.330078  4070.860107  4070.860107    6813727
2023-02-17 14:44:00-05:00  4070.879883  4071.139893  4067.959961  4067.959961  4067.959961    6572544
2023-02-17 14:46:00-05:00  4067.959961  4071.580078  4067.959961  4071.580078  4071.580078    7310923
2023-02-17 14:48:00-05:00  4071.570068  4072.969971  4071.570068  4072.899902  4072.899902    6136045
2023-02-17 14:50:00-05:00  4072.889893  4075.879883  4072.889893  4075.530029  4075.530029    8382021
2023-02-17 14:52:00-05:00  4075.600098  4076.719971  4074.949951  4074.979980  4074.979980    8116302
2023-02-17 14:54:00-05:00  4074.889893  4077.840088  4074.889893  4077.790039  4077.790039    8085316
2023-02-17 14:56:00-05:00  4077.780029  4079.129883  4077.149902  4078.219971  4078.219971    9528784
2023-02-17 14:58:00-05:00  4078.199951  4078.330078  4076.159912  4077.899902  4077.899902    7551740
2023-02-17 15:00:00-05:00  4077.889893  4080.629883  4077.830078  4079.520020  4079.520020    8662023
2023-02-17 15:02:00-05:00  4079.530029  4080.520020  4078.459961  4079.909912  4079.909912    8191245
2023-02-17 15:04:00-05:00  4080.010010  4081.510010  4077.179932  4078.199951  4078.199951   11440091
2023-02-17 15:06:00-05:00  4078.199951  4078.280029  4076.350098  4076.350098  4076.350098    8522392
2023-02-17 15:08:00-05:00  4076.290039  4080.120117  4074.550049  4080.050049  4080.050049    9947580
2023-02-17 15:10:00-05:00  4080.090088  4080.810059  4076.550049  4076.800049  4076.800049    8953775
2023-02-17 15:12:00-05:00  4076.790039  4077.800049  4075.570068  4075.909912  4075.909912    8809911
2023-02-17 15:14:00-05:00  4075.879883  4079.320068  4075.879883  4078.909912  4078.909912    8357589
2023-02-17 15:16:00-05:00  4078.919922  4079.399902  4074.070068  4074.199951  4074.199951    9070039
2023-02-17 15:18:00-05:00  4074.370117  4076.340088  4074.300049  4075.560059  4075.560059    7949782
2023-02-17 15:20:00-05:00  4075.590088  4077.580078  4074.649902  4077.449951  4077.449951    8994746
2023-02-17 15:22:00-05:00  4077.360107  4077.360107  4072.320068  4072.449951  4072.449951   10418551
2023-02-17 15:24:00-05:00  4072.500000  4075.969971  4072.500000  4075.760010  4075.760010    9221908
2023-02-17 15:26:00-05:00  4075.870117  4076.830078  4075.459961  4075.870117  4075.870117    8286260
2023-02-17 15:28:00-05:00  4076.320068  4076.510010  4071.100098  4072.409912  4072.409912   10304368
2023-02-17 15:30:00-05:00  4072.290039  4075.580078  4071.219971  4075.469971  4075.469971   12289783
2023-02-17 15:32:00-05:00  4075.429932  4075.699951  4073.070068  4074.209961  4074.209961   11178238
2023-02-17 15:34:00-05:00  4074.199951  4079.679932  4074.149902  4079.540039  4079.540039   13392339
2023-02-17 15:36:00-05:00  4079.669922  4081.159912  4078.600098  4078.899902  4078.899902   12679454
2023-02-17 15:38:00-05:00  4078.899902  4078.899902  4074.889893  4075.659912  4075.659912   11483759
2023-02-17 15:40:00-05:00  4075.659912  4077.649902  4074.949951  4076.979980  4076.979980   14539388
2023-02-17 15:42:00-05:00  4077.020020  4077.020020  4075.100098  4075.340088  4075.340088   12483570
2023-02-17 15:44:00-05:00  4075.439941  4076.110107  4072.689941  4074.199951  4074.199951   17138385
2023-02-17 15:46:00-05:00  4074.179932  4075.870117  4071.750000  4071.750000  4071.750000   18107791
2023-02-17 15:48:00-05:00  4071.780029  4073.439941  4071.120117  4071.120117  4071.120117   15688321
2023-02-17 15:50:00-05:00  4071.149902  4079.060059  4071.149902  4078.010010  4078.010010   29322775
2023-02-17 15:52:00-05:00  4077.899902  4078.639893  4075.850098  4075.969971  4075.969971   26942649
2023-02-17 15:54:00-05:00  4076.010010  4080.419922  4075.250000  4079.320068  4079.320068   26253578
2023-02-17 15:56:00-05:00  4079.179932  4079.699951  4076.340088  4076.770020  4076.770020   28865761
2023-02-17 15:58:00-05:00  4076.810059  4079.250000  4076.179932  4078.979980  4078.979980   27889839
2023-02-21 09:30:00-05:00  4052.350098  4052.350098  4039.360107  4039.790039  4039.790039   10442367
2023-02-21 09:32:00-05:00  4040.010010  4045.250000  4039.010010  4045.149902  4045.149902   18233912
2023-02-21 09:34:00-05:00  4045.139893  4045.870117  4043.669922  4044.580078  4044.580078   16669035
2023-02-21 09:36:00-05:00  4044.760010  4045.179932  4042.870117  4043.030029  4043.030029   14172895
2023-02-21 09:38:00-05:00  4043.080078  4043.540039  4040.590088  4043.540039  4043.540039   17817195
2023-02-21 09:40:00-05:00  4043.800049  4046.300049  4042.949951  4046.300049  4046.300049   16997423
2023-02-21 09:42:00-05:00  4046.300049  4047.919922  4046.129883  4046.949951  4046.949951   13749685
2023-02-21 09:44:00-05:00  4046.979980  4047.520020  4041.189941  4047.100098  4047.100098   17210361
2023-02-21 09:46:00-05:00  4047.000000  4047.100098  4040.530029  4042.209961  4042.209961   14786058
2023-02-21 09:48:00-05:00  4041.989990  4042.189941  4035.540039  4036.250000  4036.250000   15847898
2023-02-21 09:50:00-05:00  4036.260010  4037.689941  4032.500000  4034.020020  4034.020020   15314280
2023-02-21 09:52:00-05:00  4034.239990  4040.949951  4033.520020  4040.659912  4040.659912   13620997
2023-02-21 09:54:00-05:00  4040.689941  4040.879883  4036.500000  4036.689941  4036.689941   13296801
2023-02-21 09:56:00-05:00  4036.520020  4037.409912  4032.560059  4036.629883  4036.629883   12800325
2023-02-21 09:58:00-05:00  4036.729980  4036.729980  4030.370117  4032.429932  4032.429932   14332586
2023-02-21 10:00:00-05:00  4032.350098  4034.750000  4028.469971  4032.879883  4032.879883   14332357
2023-02-21 10:02:00-05:00  4032.820068  4032.820068  4029.909912  4031.770020  4031.770020   11062983
2023-02-21 10:04:00-05:00  4031.479980  4032.510010  4029.580078  4030.800049  4030.800049   12406337
2023-02-21 10:06:00-05:00  4031.080078  4035.399902  4031.080078  4033.699951  4033.699951   11175615
2023-02-21 10:08:00-05:00  4033.620117  4034.139893  4030.489990  4030.489990  4030.489990   10802103
2023-02-21 10:10:00-05:00  4030.639893  4031.459961  4027.719971  4027.889893  4027.889893   12383620
2023-02-21 10:12:00-05:00  4027.870117  4027.879883  4024.229980  4024.629883  4024.629883   12154184
2023-02-21 10:14:00-05:00  4024.590088  4025.139893  4023.149902  4024.439941  4024.439941   10678069
2023-02-21 10:16:00-05:00  4024.399902  4028.729980  4024.239990  4026.300049  4026.300049   14388016
2023-02-21 10:18:00-05:00  4026.300049  4027.169922  4024.379883  4026.500000  4026.500000   10832036
2023-02-21 10:20:00-05:00  4026.469971  4027.540039  4025.409912  4025.409912  4025.409912    9561303
2023-02-21 10:22:00-05:00  4025.320068  4028.399902  4023.770020  4028.379883  4028.379883   12154444
2023-02-21 10:24:00-05:00  4028.449951  4028.929932  4024.810059  4025.899902  4025.899902    9628446
2023-02-21 10:26:00-05:00  4025.899902  4026.149902  4023.260010  4023.469971  4023.469971   10340920
2023-02-21 10:28:00-05:00  4023.459961  4024.409912  4022.149902  4023.889893  4023.889893   10122759
2023-02-21 10:30:00-05:00  4023.860107  4024.830078  4022.129883  4022.659912  4022.659912   10485021
2023-02-21 10:32:00-05:00  4022.709961  4026.600098  4022.459961  4026.360107  4026.360107   10209866
2023-02-21 10:34:00-05:00  4026.139893  4026.489990  4024.800049  4026.179932  4026.179932   10304377
2023-02-21 10:36:00-05:00  4026.139893  4028.989990  4026.050049  4027.810059  4027.810059   10789744
2023-02-21 10:38:00-05:00  4027.179932  4028.379883  4024.250000  4025.330078  4025.330078    9913127
2023-02-21 10:40:00-05:00  4025.350098  4030.469971  4025.159912  4029.969971  4029.969971    9695895
2023-02-21 10:42:00-05:00  4030.020020  4031.949951  4029.699951  4029.929932  4029.929932    9542016
2023-02-21 10:44:00-05:00  4029.899902  4029.899902  4025.729980  4027.139893  4027.139893    9621379
2023-02-21 10:46:00-05:00  4027.159912  4028.189941  4023.679932  4024.050049  4024.050049    9237647
2023-02-21 10:48:00-05:00  4024.030029  4024.030029  4021.899902  4023.280029  4023.280029    9519821
2023-02-21 10:50:00-05:00  4023.219971  4024.310059  4022.360107  4023.409912  4023.409912    8825735
2023-02-21 10:52:00-05:00  4023.260010  4023.419922  4020.699951  4021.479980  4021.479980    9854831
2023-02-21 10:54:00-05:00  4021.479980  4021.479980  4019.699951  4019.699951  4019.699951    9771706
2023-02-21 10:56:00-05:00  4019.699951  4021.969971  4019.659912  4020.260010  4020.260010    9246631
2023-02-21 10:58:00-05:00  4020.280029  4021.280029  4019.949951  4020.310059  4020.310059    7936520
2023-02-21 11:00:00-05:00  4020.370117  4023.760010  4020.370117  4022.979980  4022.979980    8964358
2023-02-21 11:02:00-05:00  4022.909912  4023.760010  4022.050049  4022.169922  4022.169922    7033239
2023-02-21 11:04:00-05:00  4022.080078  4022.080078  4019.580078  4020.100098  4020.100098    8620887
2023-02-21 11:06:00-05:00  4019.729980  4020.270020  4018.500000  4019.610107  4019.610107    8049994
2023-02-21 11:08:00-05:00  4019.580078  4019.909912  4017.050049  4017.070068  4017.070068    7785836
2023-02-21 11:10:00-05:00  4017.100098  4017.699951  4016.610107  4016.620117  4016.620117    8224953
2023-02-21 11:12:00-05:00  4016.560059  4018.030029  4016.320068  4016.689941  4016.689941    8135623
2023-02-21 11:14:00-05:00  4016.689941  4019.739990  4016.209961  4017.379883  4017.379883    9083879
2023-02-21 11:16:00-05:00  4017.370117  4018.310059  4016.979980  4017.050049  4017.050049    7853535
2023-02-21 11:18:00-05:00  4016.909912  4017.979980  4015.270020  4016.709961  4016.709961    9635650
2023-02-21 11:20:00-05:00  4016.679932  4017.709961  4015.899902  4017.320068  4017.320068    8250993
2023-02-21 11:22:00-05:00  4017.340088  4017.340088  4015.590088  4016.419922  4016.419922    8353337
2023-02-21 11:24:00-05:00  4016.419922  4017.560059  4014.879883  4016.310059  4016.310059    8693358
2023-02-21 11:26:00-05:00  4016.360107  4016.360107  4014.669922  4015.750000  4015.750000    7843307
2023-02-21 11:28:00-05:00  4015.760010  4015.939941  4013.600098  4014.479980  4014.479980    8903952
2023-02-21 11:30:00-05:00  4014.459961  4016.149902  4013.310059  4013.310059  4013.310059    8981569
2023-02-21 11:32:00-05:00  4013.310059  4013.310059  4010.860107  4012.750000  4012.750000    9891630
2023-02-21 11:34:00-05:00  4012.679932  4015.239990  4011.540039  4015.159912  4015.159912    9026944
2023-02-21 11:36:00-05:00  4015.179932  4016.159912  4015.090088  4015.179932  4015.179932    7368602
2023-02-21 11:38:00-05:00  4015.050049  4015.149902  4012.679932  4012.830078  4012.830078    7508993
2023-02-21 11:40:00-05:00  4012.780029  4014.120117  4011.580078  4014.120117  4014.120117    7755555
2023-02-21 11:42:00-05:00  4014.169922  4016.590088  4014.169922  4016.330078  4016.330078    7251490
2023-02-21 11:44:00-05:00  4016.260010  4016.959961  4014.969971  4016.189941  4016.189941    7373148
2023-02-21 11:46:00-05:00  4016.179932  4016.949951  4014.649902  4016.429932  4016.429932    7160509
2023-02-21 11:48:00-05:00  4016.520020  4017.199951  4015.479980  4015.580078  4015.580078    6541081
2023-02-21 11:50:00-05:00  4015.560059  4015.560059  4013.520020  4013.800049  4013.800049    7328877
2023-02-21 11:52:00-05:00  4013.820068  4013.939941  4011.669922  4012.969971  4012.969971    7394206
2023-02-21 11:54:00-05:00  4012.969971  4012.969971  4011.479980  4011.780029  4011.780029    6800853
2023-02-21 11:56:00-05:00  4011.760010  4014.270020  4010.060059  4013.570068  4013.570068    9891927
2023-02-21 11:58:00-05:00  4013.560059  4013.800049  4011.540039  4011.889893  4011.889893    7012526
2023-02-21 12:00:00-05:00  4011.780029  4012.850098  4010.449951  4012.489990  4012.489990   11452850
2023-02-21 12:02:00-05:00  4012.510010  4012.510010  4010.830078  4012.020020  4012.020020    6866077
2023-02-21 12:04:00-05:00  4012.020020  4014.350098  4011.520020  4014.280029  4014.280029    8612483
2023-02-21 12:06:00-05:00  4014.409912  4014.409912  4013.080078  4013.080078  4013.080078    7009650
2023-02-21 12:08:00-05:00  4012.959961  4012.959961  4011.840088  4012.729980  4012.729980    5955041
2023-02-21 12:10:00-05:00  4012.729980  4013.189941  4011.840088  4012.489990  4012.489990    5766601
2023-02-21 12:12:00-05:00  4012.489990  4012.540039  4009.459961  4010.290039  4010.290039   13214416
2023-02-21 12:14:00-05:00  4010.340088  4010.870117  4009.659912  4009.659912  4009.659912    6196339
2023-02-21 12:16:00-05:00  4009.689941  4010.330078  4008.320068  4010.330078  4010.330078    8244434
2023-02-21 12:18:00-05:00  4010.409912  4012.040039  4010.379883  4012.040039  4012.040039    7358239
2023-02-21 12:20:00-05:00  4012.040039  4013.060059  4011.600098  4011.929932  4011.929932    7117525
2023-02-21 12:22:00-05:00  4011.899902  4012.000000  4010.290039  4010.770020  4010.770020    6396451
2023-02-21 12:24:00-05:00  4010.790039  4011.489990  4009.629883  4009.989990  4009.989990    7965268
2023-02-21 12:26:00-05:00  4010.010010  4010.320068  4008.409912  4009.790039  4009.790039    7168169
2023-02-21 12:28:00-05:00  4009.820068  4010.250000  4008.969971  4009.620117  4009.620117    5824428
2023-02-21 12:30:00-05:00  4009.610107  4010.169922  4008.820068  4009.419922  4009.419922    7227756
2023-02-21 12:32:00-05:00  4009.439941  4009.989990  4008.260010  4008.689941  4008.689941    6089891
2023-02-21 12:34:00-05:00  4008.699951  4011.350098  4008.699951  4011.340088  4011.340088    6900551
2023-02-21 12:36:00-05:00  4011.610107  4012.959961  4011.459961  4011.689941  4011.689941    6336726
2023-02-21 12:38:00-05:00  4011.679932  4012.040039  4009.879883  4011.919922  4011.919922    6481268
2023-02-21 12:40:00-05:00  4011.969971  4014.159912  4011.969971  4012.780029  4012.780029    6735427
2023-02-21 12:42:00-05:00  4012.550049  4013.179932  4010.850098  4013.179932  4013.179932    7075157
2023-02-21 12:44:00-05:00  4013.239990  4013.699951  4010.729980  4011.030029  4011.030029    6921036
2023-02-21 12:46:00-05:00  4011.050049  4013.159912  4010.350098  4012.530029  4012.530029    6674269
2023-02-21 12:48:00-05:00  4012.540039  4013.070068  4010.679932  4013.050049  4013.050049    7487974
2023-02-21 12:50:00-05:00  4013.020020  4014.870117  4012.739990  4014.330078  4014.330078    8705712
2023-02-21 12:52:00-05:00  4014.370117  4015.429932  4014.370117  4015.340088  4015.340088    6649945
2023-02-21 12:54:00-05:00  4015.350098  4015.439941  4013.870117  4015.050049  4015.050049    5966396
2023-02-21 12:56:00-05:00  4015.040039  4015.500000  4014.520020  4014.550049  4014.550049    5905709
2023-02-21 12:58:00-05:00  4014.580078  4016.060059  4014.570068  4015.909912  4015.909912    6525816
2023-02-21 13:00:00-05:00  4015.830078  4016.260010  4014.139893  4014.139893  4014.139893    7613010
2023-02-21 13:02:00-05:00  4014.169922  4015.610107  4014.050049  4015.060059  4015.060059    6120855
2023-02-21 13:04:00-05:00  4014.979980  4015.709961  4014.580078  4014.929932  4014.929932    5644302
2023-02-21 13:06:00-05:00  4014.889893  4015.159912  4013.479980  4013.530029  4013.530029    7138319
2023-02-21 13:08:00-05:00  4013.530029  4013.899902  4011.389893  4011.550049  4011.550049    6622924
2023-02-21 13:10:00-05:00  4011.550049  4011.580078  4009.639893  4010.469971  4010.469971    6688194
2023-02-21 13:12:00-05:00  4010.459961  4011.080078  4009.550049  4010.189941  4010.189941    5509543
2023-02-21 13:14:00-05:00  4010.270020  4011.629883  4009.629883  4011.629883  4011.629883    6956530
2023-02-21 13:16:00-05:00  4011.669922  4011.810059  4009.790039  4009.790039  4009.790039    5527940
2023-02-21 13:18:00-05:00  4009.780029  4010.750000  4008.719971  4009.899902  4009.899902    6637680
2023-02-21 13:20:00-05:00  4009.919922  4010.469971  4009.020020  4010.469971  4010.469971    6221403
2023-02-21 13:22:00-05:00  4010.500000  4011.570068  4010.330078  4010.820068  4010.820068    5857088
2023-02-21 13:24:00-05:00  4010.840088  4010.840088  4009.000000  4009.040039  4009.040039    5486748
2023-02-21 13:26:00-05:00  4009.070068  4009.479980  4005.959961  4006.639893  4006.639893    8106642
2023-02-21 13:28:00-05:00  4006.629883  4007.100098  4005.679932  4007.020020  4007.020020    7512413
2023-02-21 13:30:00-05:00  4007.050049  4007.080078  4006.060059  4006.070068  4006.070068    6067509
2023-02-21 13:32:00-05:00  4006.080078  4006.080078  4004.550049  4004.750000  4004.750000    6705666
2023-02-21 13:34:00-05:00  4004.800049  4004.939941  4003.810059  4003.850098  4003.850098    6921426
2023-02-21 13:36:00-05:00  4003.860107  4004.389893  4003.580078  4003.709961  4003.709961    7198567
2023-02-21 13:38:00-05:00  4003.760010  4004.419922  4003.429932  4003.530029  4003.530029    6108526
2023-02-21 13:40:00-05:00  4003.479980  4004.219971  4002.459961  4004.219971  4004.219971    6542272
2023-02-21 13:42:00-05:00  4004.229980  4005.540039  4004.020020  4004.020020  4004.020020    6902347
2023-02-21 13:44:00-05:00  4004.030029  4005.870117  4003.899902  4005.820068  4005.820068    6571685
2023-02-21 13:46:00-05:00  4005.879883  4007.050049  4005.820068  4006.750000  4006.750000    5997635
2023-02-21 13:48:00-05:00  4006.719971  4007.290039  4004.500000  4004.550049  4004.550049    6305526
2023-02-21 13:50:00-05:00  4004.520020  4004.520020  4003.419922  4004.270020  4004.270020    6045131
2023-02-21 13:52:00-05:00  4004.239990  4004.379883  4002.580078  4003.060059  4003.060059    5881396
2023-02-21 13:54:00-05:00  4002.959961  4003.199951  4001.939941  4001.969971  4001.969971    6066583
2023-02-21 13:56:00-05:00  4002.050049  4003.120117  4001.959961  4003.030029  4003.030029    6357415
2023-02-21 13:58:00-05:00  4003.020020  4003.179932  4002.169922  4003.149902  4003.149902    5269394
2023-02-21 14:00:00-05:00  4003.209961  4003.260010  4001.629883  4001.689941  4001.689941    7100548
2023-02-21 14:02:00-05:00  4001.719971  4001.899902  4000.699951  4001.080078  4001.080078    6422823
2023-02-21 14:04:00-05:00  4001.090088  4002.750000  4001.090088  4001.389893  4001.389893    6845574
2023-02-21 14:06:00-05:00  4001.379883  4002.669922  4001.229980  4001.350098  4001.350098    7103922
2023-02-21 14:08:00-05:00  4001.219971  4001.250000  3999.899902  3999.899902  3999.899902    6872316
2023-02-21 14:10:00-05:00  3999.909912  3999.969971  3997.959961  3998.040039  3998.040039    7147830
2023-02-21 14:12:00-05:00  3998.020020  3999.199951  3997.350098  3998.860107  3998.860107    7346352
2023-02-21 14:14:00-05:00  3998.739990  3999.110107  3997.850098  3998.110107  3998.110107    6216721
2023-02-21 14:16:00-05:00  3998.100098  3998.669922  3997.379883  3997.379883  3997.379883    8436255
2023-02-21 14:18:00-05:00  3997.350098  3998.159912  3996.189941  3996.189941  3996.189941    8123551
2023-02-21 14:20:00-05:00  3996.139893  3996.709961  3995.330078  3996.699951  3996.699951    7843171
2023-02-21 14:22:00-05:00  3996.760010  3996.939941  3995.610107  3995.919922  3995.919922    5510455
2023-02-21 14:24:00-05:00  3995.850098  3997.939941  3995.189941  3997.879883  3997.879883    7767632
2023-02-21 14:26:00-05:00  3997.850098  4000.600098  3997.760010  4000.600098  4000.600098    7067119
2023-02-21 14:28:00-05:00  4000.639893  4000.639893  3998.510010  3999.669922  3999.669922    6738410
2023-02-21 14:30:00-05:00  3999.600098  4003.189941  3998.620117  4002.989990  4002.989990   10580235
2023-02-21 14:32:00-05:00  4002.929932  4003.500000  4002.360107  4002.409912  4002.409912    7440258
2023-02-21 14:34:00-05:00  4002.419922  4004.389893  4002.419922  4003.699951  4003.699951    7023910
2023-02-21 14:36:00-05:00  4003.709961  4003.729980  4000.929932  4002.659912  4002.659912    6612975
2023-02-21 14:38:00-05:00  4002.669922  4003.570068  4001.860107  4003.489990  4003.489990    6311358
2023-02-21 14:40:00-05:00  4003.530029  4003.770020  4000.310059  4000.659912  4000.659912    7602345
2023-02-21 14:42:00-05:00  4000.679932  4005.610107  4000.320068  4004.110107  4004.110107   10623577
2023-02-21 14:44:00-05:00  4004.169922  4006.719971  4004.169922  4006.669922  4006.669922    7018855
2023-02-21 14:46:00-05:00  4006.590088  4007.120117  4005.060059  4005.060059  4005.060059    7385463
2023-02-21 14:48:00-05:00  4005.030029  4005.860107  4004.169922  4005.330078  4005.330078    6331780
2023-02-21 14:50:00-05:00  4005.330078  4005.330078  4003.219971  4004.050049  4004.050049    7011065
2023-02-21 14:52:00-05:00  4003.830078  4004.159912  4003.209961  4003.949951  4003.949951    5617132
2023-02-21 14:54:00-05:00  4003.939941  4005.229980  4003.229980  4004.649902  4004.649902    6738747
2023-02-21 14:56:00-05:00  4004.560059  4004.560059  4001.699951  4001.800049  4001.800049    7359470
2023-02-21 14:58:00-05:00  4001.850098  4004.219971  4001.449951  4003.699951  4003.699951    7294197
2023-02-21 15:00:00-05:00  4003.709961  4005.100098  4002.810059  4002.810059  4002.810059    7170751
2023-02-21 15:02:00-05:00  4002.840088  4005.449951  4002.840088  4004.909912  4004.909912    7334583
2023-02-21 15:04:00-05:00  4005.010010  4007.560059  4005.010010  4007.229980  4007.229980    7599418
2023-02-21 15:06:00-05:00  4007.199951  4007.199951  4003.379883  4003.419922  4003.419922    8300435
2023-02-21 15:08:00-05:00  4003.409912  4004.100098  4002.310059  4002.459961  4002.459961    7462595
2023-02-21 15:10:00-05:00  4002.429932  4002.800049  4000.250000  4001.500000  4001.500000    8814349
2023-02-21 15:12:00-05:00  4001.439941  4002.510010  4000.770020  4001.100098  4001.100098    7677554
2023-02-21 15:14:00-05:00  4001.070068  4002.149902  4000.939941  4002.010010  4002.010010    7173033
2023-02-21 15:16:00-05:00  4001.979980  4001.979980  3999.959961  4000.520020  4000.520020    8002540
2023-02-21 15:18:00-05:00  4000.469971  4002.379883  3999.889893  4001.479980  4001.479980    8699562
2023-02-21 15:20:00-05:00  4001.320068  4001.320068  3999.399902  4000.729980  4000.729980   10000103
2023-02-21 15:22:00-05:00  4000.719971  4003.409912  4000.560059  4003.409912  4003.409912    8640297
2023-02-21 15:24:00-05:00  4003.379883  4003.939941  4001.510010  4001.510010  4001.510010    9764284
2023-02-21 15:26:00-05:00  4001.530029  4002.489990  4000.639893  4000.899902  4000.899902    8946734
2023-02-21 15:28:00-05:00  4000.899902  4002.219971  4000.479980  4002.219971  4002.219971    9694277
2023-02-21 15:30:00-05:00  4002.239990  4005.290039  4002.239990  4004.750000  4004.750000   11982996
2023-02-21 15:32:00-05:00  4004.790039  4007.860107  4004.790039  4007.489990  4007.489990   12477216
2023-02-21 15:34:00-05:00  4007.459961  4007.459961  4006.030029  4007.050049  4007.050049   12282263
2023-02-21 15:36:00-05:00  4007.020020  4007.020020  4003.389893  4003.770020  4003.770020   12631120
2023-02-21 15:38:00-05:00  4003.790039  4003.790039  4002.080078  4003.010010  4003.010010   11291078
2023-02-21 15:40:00-05:00  4003.050049  4004.139893  4001.040039  4001.040039  4001.040039   14525492
2023-02-21 15:42:00-05:00  4001.030029  4004.139893  4001.030029  4002.500000  4002.500000   14396968
2023-02-21 15:44:00-05:00  4002.510010  4006.239990  4002.469971  4005.709961  4005.709961   16409986
2023-02-21 15:46:00-05:00  4005.719971  4005.780029  4003.330078  4003.330078  4003.330078   17070540
2023-02-21 15:48:00-05:00  4003.149902  4006.310059  4003.010010  4004.840088  4004.840088   17560622
2023-02-21 15:50:00-05:00  4004.840088  4004.860107  4000.310059  4000.320068  4000.320068   33580051
2023-02-21 15:52:00-05:00  4000.010010  4000.010010  3998.260010  3998.419922  3998.419922   26960646
2023-02-21 15:54:00-05:00  3998.520020  4001.330078  3998.280029  4000.750000  4000.750000   40769976
2023-02-21 15:56:00-05:00  4000.620117  4000.620117  3996.860107  3997.169922  3997.169922   42008948
2023-02-21 15:58:00-05:00  3997.159912  3998.229980  3996.159912  3997.239990  3997.239990   57760067
2023-02-22 09:30:00-05:00  4001.830078  4004.239990  4000.500000  4004.239990  4004.239990   42760118
2023-02-22 09:32:00-05:00  4004.159912  4006.060059  4003.850098  4004.969971  4004.969971   17550295
2023-02-22 09:34:00-05:00  4004.760010  4005.350098  4000.919922  4001.479980  4001.479980   14344249
2023-02-22 09:36:00-05:00  4001.479980  4004.229980  4000.100098  4001.419922  4001.419922   12854821
2023-02-22 09:38:00-05:00  4001.060059  4005.719971  4000.070068  4005.520020  4005.520020   14514526
2023-02-22 09:40:00-05:00  4005.439941  4007.870117  4004.280029  4007.209961  4007.209961   13110322
2023-02-22 09:42:00-05:00  4006.949951  4008.270020  4004.689941  4006.909912  4006.909912   14068450
2023-02-22 09:44:00-05:00  4007.610107  4010.179932  4006.879883  4009.969971  4009.969971   14422793
2023-02-22 09:46:00-05:00  4010.070068  4010.729980  4007.000000  4007.159912  4007.159912   15122051
2023-02-22 09:48:00-05:00  4007.260010  4010.729980  4006.229980  4010.149902  4010.149902   13339789
2023-02-22 09:50:00-05:00  4009.939941  4010.290039  4005.429932  4007.570068  4007.570068   14327211
2023-02-22 09:52:00-05:00  4007.750000  4009.639893  4005.800049  4006.169922  4006.169922   11747699
2023-02-22 09:54:00-05:00  4006.250000  4006.989990  4004.179932  4005.820068  4005.820068   10835061
2023-02-22 09:56:00-05:00  4005.860107  4007.709961  4004.419922  4005.909912  4005.909912   12086443
2023-02-22 09:58:00-05:00  4005.949951  4006.469971  4003.899902  4003.899902  4003.899902   11221447
2023-02-22 10:00:00-05:00  4004.250000  4004.719971  4001.260010  4001.260010  4001.260010   13017321
2023-02-22 10:02:00-05:00  4001.310059  4001.310059  3998.379883  3999.060059  3999.060059   12049335
2023-02-22 10:04:00-05:00  3999.000000  4000.300049  3998.010010  4000.300049  4000.300049   13245238
2023-02-22 10:06:00-05:00  4000.209961  4000.250000  3998.520020  3999.459961  3999.459961   10134472
2023-02-22 10:08:00-05:00  3999.379883  4000.340088  3996.530029  3996.530029  3996.530029   11758135
2023-02-22 10:10:00-05:00  3996.719971  3996.719971  3989.360107  3989.360107  3989.360107   14658253
2023-02-22 10:12:00-05:00  3989.379883  3991.270020  3988.659912  3991.270020  3991.270020   13233582
2023-02-22 10:14:00-05:00  3991.270020  3991.419922  3989.360107  3989.360107  3989.360107   11306781
2023-02-22 10:16:00-05:00  3988.949951  3989.860107  3985.969971  3988.929932  3988.929932   12688492
2023-02-22 10:18:00-05:00  3988.790039  3990.169922  3987.139893  3988.280029  3988.280029   10778478
2023-02-22 10:20:00-05:00  3988.379883  3991.389893  3988.379883  3991.229980  3991.229980   11246203
2023-02-22 10:22:00-05:00  3991.229980  3995.379883  3991.100098  3995.379883  3995.379883   10862020
2023-02-22 10:24:00-05:00  3995.389893  3998.189941  3994.790039  3998.189941  3998.189941   11229148
2023-02-22 10:26:00-05:00  3998.149902  3998.189941  3996.719971  3997.520020  3997.520020   10067124
2023-02-22 10:28:00-05:00  3997.500000  3998.060059  3992.040039  3992.040039  3992.040039   10374726
2023-02-22 10:30:00-05:00  3991.709961  3991.770020  3986.530029  3986.659912  3986.659912   11543304
2023-02-22 10:32:00-05:00  3986.689941  3987.419922  3984.010010  3985.560059  3985.560059   11499154
2023-02-22 10:34:00-05:00  3985.419922  3985.870117  3984.330078  3985.870117  3985.870117   10906217
2023-02-22 10:36:00-05:00  3985.939941  3987.469971  3985.389893  3986.300049  3986.300049   11542494
2023-02-22 10:38:00-05:00  3986.229980  3987.000000  3983.310059  3984.139893  3984.139893   10618166
2023-02-22 10:40:00-05:00  3984.159912  3987.790039  3984.159912  3987.530029  3987.530029   11581678
2023-02-22 10:42:00-05:00  3987.530029  3989.689941  3986.810059  3988.350098  3988.350098    9498243
2023-02-22 10:44:00-05:00  3988.330078  3992.590088  3988.290039  3992.479980  3992.479980    9747259
2023-02-22 10:46:00-05:00  3992.449951  3992.570068  3989.530029  3991.189941  3991.189941    9346699
2023-02-22 10:48:00-05:00  3991.290039  3992.989990  3991.169922  3992.580078  3992.580078    8054060
2023-02-22 10:50:00-05:00  3992.560059  3994.449951  3992.560059  3994.449951  3994.449951    8812635
2023-02-22 10:52:00-05:00  3994.379883  3995.280029  3994.280029  3994.639893  3994.639893  554339592
2023-02-22 10:54:00-05:00  3994.580078  3997.280029  3994.580078  3996.639893  3996.639893    8855390
2023-02-22 10:56:00-05:00  3996.739990  4000.159912  3996.739990  3998.699951  3998.699951    9636890
2023-02-22 10:58:00-05:00  3998.729980  3999.399902  3997.550049  3997.780029  3997.780029    8494437
2023-02-22 11:00:00-05:00  3997.750000  3999.219971  3997.260010  3997.510010  3997.510010    7895358
2023-02-22 11:02:00-05:00  3997.810059  4000.550049  3997.810059  3999.260010  3999.260010    7803268
2023-02-22 11:04:00-05:00  3999.399902  4000.610107  3998.350098  3999.620117  3999.620117    7679314
2023-02-22 11:06:00-05:00  3999.580078  4000.260010  3997.929932  3998.659912  3998.659912    7124290
2023-02-22 11:08:00-05:00  3998.659912  3999.409912  3997.070068  3999.409912  3999.409912    7619062
2023-02-22 11:10:00-05:00  3999.409912  3999.879883  3998.290039  3998.760010  3998.760010    7359472
2023-02-22 11:12:00-05:00  3998.810059  3998.879883  3994.639893  3994.790039  3994.790039    7462157
2023-02-22 11:14:00-05:00  3994.979980  3995.590088  3994.360107  3994.449951  3994.449951    6535349
2023-02-22 11:16:00-05:00  3994.540039  3995.000000  3993.360107  3993.800049  3993.800049    7377547
2023-02-22 11:18:00-05:00  3993.810059  3994.300049  3992.820068  3994.300049  3994.300049    7053125
2023-02-22 11:20:00-05:00  3994.500000  3998.159912  3994.500000  3996.560059  3996.560059    8801962
2023-02-22 11:22:00-05:00  3996.550049  3999.120117  3996.439941  3998.629883  3998.629883    7230304
2023-02-22 11:24:00-05:00  3998.620117  3998.790039  3997.090088  3997.590088  3997.590088    7580035
2023-02-22 11:26:00-05:00  3997.580078  3998.500000  3995.949951  3998.459961  3998.459961    8310946
2023-02-22 11:28:00-05:00  3998.419922  3998.419922  3996.300049  3996.800049  3996.800049    6348676
2023-02-22 11:30:00-05:00  3996.830078  3998.379883  3996.229980  3998.229980  3998.229980    6756549
2023-02-22 11:32:00-05:00  3998.179932  3999.810059  3997.919922  3998.919922  3998.919922    6949328
2023-02-22 11:34:00-05:00  3998.959961  4001.959961  3998.429932  4000.679932  4000.679932    8232602
2023-02-22 11:36:00-05:00  4000.469971  4001.530029  3999.260010  3999.629883  3999.629883    7436407
2023-02-22 11:38:00-05:00  3999.409912  3999.469971  3995.510010  3995.590088  3995.590088    7044834
2023-02-22 11:40:00-05:00  3995.610107  3998.340088  3995.610107  3998.000000  3998.000000    5790609
2023-02-22 11:42:00-05:00  3997.919922  3999.229980  3996.830078  3999.070068  3999.070068    6557343
2023-02-22 11:44:00-05:00  3999.070068  4000.209961  3998.520020  4000.129883  4000.129883    6589918
2023-02-22 11:46:00-05:00  4000.050049  4000.050049  3998.780029  3998.989990  3998.989990    5558787
2023-02-22 11:48:00-05:00  3999.010010  3999.010010  3995.909912  3996.709961  3996.709961    6389154
2023-02-22 11:50:00-05:00  3996.669922  3998.939941  3996.610107  3998.939941  3998.939941    6405275
2023-02-22 11:52:00-05:00  3999.000000  4000.629883  3997.790039  3997.790039  3997.790039    6983611
2023-02-22 11:54:00-05:00  3997.909912  3997.909912  3996.239990  3997.750000  3997.750000    6497669
2023-02-22 11:56:00-05:00  3997.770020  3999.330078  3997.770020  3998.100098  3998.100098    6002718
2023-02-22 11:58:00-05:00  3998.100098  4001.000000  3997.989990  4001.000000  4001.000000    6272376
2023-02-22 12:00:00-05:00  4000.979980  4001.120117  3998.120117  3999.030029  3999.030029    6551745
2023-02-22 12:02:00-05:00  3999.030029  3999.419922  3997.879883  3999.120117  3999.120117    6337811
2023-02-22 12:04:00-05:00  3999.139893  4000.959961  3998.610107  4000.449951  4000.449951    7013181
2023-02-22 12:06:00-05:00  4000.459961  4001.429932  3999.989990  4001.300049  4001.300049    5718821
2023-02-22 12:08:00-05:00  4001.320068  4003.270020  4001.310059  4001.429932  4001.429932    6651628
2023-02-22 12:10:00-05:00  4001.429932  4001.429932  3998.169922  3998.280029  3998.280029    6293906
2023-02-22 12:12:00-05:00  3998.330078  4000.000000  3998.080078  3999.340088  3999.340088    5327190
2023-02-22 12:14:00-05:00  3999.370117  4000.550049  3998.070068  4000.550049  4000.550049    5652258
2023-02-22 12:16:00-05:00  4000.520020  4003.830078  4000.520020  4003.239990  4003.239990    6948506
2023-02-22 12:18:00-05:00  4003.229980  4005.850098  4003.100098  4005.320068  4005.320068    7073926
2023-02-22 12:20:00-05:00  4005.409912  4006.379883  4005.030029  4005.860107  4005.860107    6337430
2023-02-22 12:22:00-05:00  4005.870117  4006.530029  4005.600098  4005.629883  4005.629883    4899385
2023-02-22 12:24:00-05:00  4005.770020  4008.139893  4005.770020  4007.600098  4007.600098    7464258
2023-02-22 12:26:00-05:00  4007.669922  4008.159912  4006.610107  4006.800049  4006.800049    5198618
2023-02-22 12:28:00-05:00  4006.810059  4006.949951  4005.489990  4005.489990  4005.489990    5506129
2023-02-22 12:30:00-05:00  4005.489990  4007.419922  4005.489990  4005.969971  4005.969971    6735717
2023-02-22 12:32:00-05:00  4006.010010  4007.770020  4006.010010  4007.669922  4007.669922    5396143
2023-02-22 12:34:00-05:00  4007.649902  4008.290039  4006.540039  4006.540039  4006.540039    7688090
2023-02-22 12:36:00-05:00  4006.610107  4008.060059  4006.340088  4008.030029  4008.030029    5875616
2023-02-22 12:38:00-05:00  4008.050049  4009.949951  4007.919922  4008.270020  4008.270020    8133718
2023-02-22 12:40:00-05:00  4008.300049  4010.159912  4008.129883  4010.159912  4010.159912    7674376
2023-02-22 12:42:00-05:00  4010.179932  4011.050049  4010.139893  4010.689941  4010.689941    6997729
2023-02-22 12:44:00-05:00  4010.739990  4011.570068  4010.739990  4010.939941  4010.939941    6855415
2023-02-22 12:46:00-05:00  4011.070068  4011.959961  4010.300049  4010.530029  4010.530029    6098889
2023-02-22 12:48:00-05:00  4010.580078  4010.760010  4007.959961  4008.360107  4008.360107    6738924
2023-02-22 12:50:00-05:00  4008.370117  4009.030029  4007.689941  4008.270020  4008.270020    5542987
2023-02-22 12:52:00-05:00  4008.250000  4009.139893  4008.030029  4008.820068  4008.820068    8225647
2023-02-22 12:54:00-05:00  4008.830078  4008.919922  4008.030029  4008.229980  4008.229980    4998034
2023-02-22 12:56:00-05:00  4008.229980  4008.820068  4007.189941  4007.250000  4007.250000    5734839
2023-02-22 12:58:00-05:00  4007.250000  4008.709961  4007.209961  4007.830078  4007.830078    5611815
2023-02-22 13:00:00-05:00  4007.879883  4007.979980  4006.379883  4007.169922  4007.169922    7957133
2023-02-22 13:02:00-05:00  4007.100098  4007.449951  4005.239990  4006.399902  4006.399902    6924745
2023-02-22 13:04:00-05:00  4006.419922  4008.739990  4006.419922  4008.379883  4008.379883    5559048
2023-02-22 13:06:00-05:00  4008.379883  4009.560059  4008.149902  4008.520020  4008.520020    5271654
2023-02-22 13:08:00-05:00  4008.600098  4010.729980  4008.409912  4010.199951  4010.199951    5482397
2023-02-22 13:10:00-05:00  4010.189941  4010.659912  4009.320068  4009.979980  4009.979980    5266917
2023-02-22 13:12:00-05:00  4009.919922  4009.989990  4007.899902  4007.899902  4007.899902    5596110
2023-02-22 13:14:00-05:00  4007.879883  4010.540039  4007.879883  4010.540039  4010.540039    6316290
2023-02-22 13:16:00-05:00  4010.530029  4010.739990  4010.030029  4010.330078  4010.330078    4950625
2023-02-22 13:18:00-05:00  4010.350098  4011.510010  4010.209961  4011.199951  4011.199951    4759679
2023-02-22 13:20:00-05:00  4011.179932  4012.250000  4010.639893  4011.860107  4011.860107    5196974
2023-02-22 13:22:00-05:00  4011.709961  4012.100098  4011.149902  4011.770020  4011.770020    5185400
2023-02-22 13:24:00-05:00  4011.840088  4012.959961  4011.830078  4012.860107  4012.860107    5202585
2023-02-22 13:26:00-05:00  4012.870117  4015.000000  4012.810059  4014.760010  4014.760010    5830647
2023-02-22 13:28:00-05:00  4014.719971  4015.179932  4014.689941  4014.739990  4014.739990    5487494
2023-02-22 13:30:00-05:00  4014.709961  4015.139893  4012.580078  4012.760010  4012.760010    7638725
2023-02-22 13:32:00-05:00  4012.770020  4012.780029  4010.090088  4011.030029  4011.030029    6324983
2023-02-22 13:34:00-05:00  4010.969971  4012.129883  4010.969971  4011.340088  4011.340088    5663370
2023-02-22 13:36:00-05:00  4011.310059  4012.560059  4010.459961  4012.560059  4012.560059    5621268
2023-02-22 13:38:00-05:00  4012.580078  4014.550049  4012.449951  4014.280029  4014.280029    6143358
2023-02-22 13:40:00-05:00  4014.270020  4014.879883  4013.479980  4013.570068  4013.570068    5641358
2023-02-22 13:42:00-05:00  4013.580078  4015.020020  4013.580078  4014.090088  4014.090088    5832598
2023-02-22 13:44:00-05:00  4014.129883  4014.610107  4011.969971  4012.159912  4012.159912    6072560
2023-02-22 13:46:00-05:00  4012.169922  4012.310059  4010.949951  4011.550049  4011.550049    5225113
2023-02-22 13:48:00-05:00  4011.550049  4012.889893  4011.300049  4012.270020  4012.270020    5013191
2023-02-22 13:50:00-05:00  4012.290039  4012.290039  4010.459961  4010.479980  4010.479980    5364284
2023-02-22 13:52:00-05:00  4010.479980  4010.889893  4008.770020  4008.790039  4008.790039    6267744
2023-02-22 13:54:00-05:00  4008.780029  4008.909912  4007.169922  4008.469971  4008.469971    6038155
2023-02-22 13:56:00-05:00  4008.479980  4009.280029  4008.100098  4009.149902  4009.149902    5307332
2023-02-22 13:58:00-05:00  4009.090088  4010.820068  4009.060059  4009.830078  4009.830078    6351891
2023-02-22 14:00:00-05:00  4009.840088  4014.750000  4002.699951  4002.739990  4002.739990   21974801
2023-02-22 14:02:00-05:00  4001.699951  4006.790039  3999.489990  4006.459961  4006.459961   11226643
2023-02-22 14:04:00-05:00  4006.520020  4013.030029  4006.489990  4010.620117  4010.620117   11019804
2023-02-22 14:06:00-05:00  4010.669922  4017.370117  4008.540039  4009.469971  4009.469971   13321118
2023-02-22 14:08:00-05:00  4009.669922  4010.580078  4005.629883  4010.580078  4010.580078    7406668
2023-02-22 14:10:00-05:00  4010.820068  4014.070068  4003.830078  4003.830078  4003.830078   10143038
2023-02-22 14:12:00-05:00  4003.919922  4004.080078  3999.409912  3999.699951  3999.699951   10124497
2023-02-22 14:14:00-05:00  3999.540039  4002.959961  3995.659912  3995.889893  3995.889893    9204809
2023-02-22 14:16:00-05:00  3995.879883  4000.409912  3993.489990  4000.409912  4000.409912   10581448
2023-02-22 14:18:00-05:00  4000.570068  4005.429932  4000.570068  4005.340088  4005.340088    8600048
2023-02-22 14:20:00-05:00  4005.439941  4009.399902  4004.889893  4009.159912  4009.159912    8739700
2023-02-22 14:22:00-05:00  4009.149902  4009.790039  4002.500000  4002.800049  4002.800049    8401342
2023-02-22 14:24:00-05:00  4002.239990  4002.290039  3999.250000  3999.949951  3999.949951    7510711
2023-02-22 14:26:00-05:00  3999.840088  4001.669922  3997.800049  3999.939941  3999.939941    7791721
2023-02-22 14:28:00-05:00  3999.949951  4002.449951  3998.810059  3999.570068  3999.570068    7131656
2023-02-22 14:30:00-05:00  3999.139893  3999.159912  3997.280029  3997.770020  3997.770020    7552616
2023-02-22 14:32:00-05:00  3997.719971  3997.889893  3990.790039  3994.070068  3994.070068   11054658
2023-02-22 14:34:00-05:00  3994.090088  3994.770020  3991.760010  3992.560059  3992.560059    9093103
2023-02-22 14:36:00-05:00  3992.550049  3995.379883  3991.530029  3993.469971  3993.469971    8146806
2023-02-22 14:38:00-05:00  3993.520020  3995.409912  3990.479980  3992.169922  3992.169922   10233010
2023-02-22 14:40:00-05:00  3992.149902  3993.219971  3991.100098  3992.399902  3992.399902    6251207
2023-02-22 14:42:00-05:00  3992.399902  3992.399902  3986.360107  3987.300049  3987.300049    9553107
2023-02-22 14:44:00-05:00  3987.469971  3991.280029  3987.250000  3987.959961  3987.959961    8184347
2023-02-22 14:46:00-05:00  3987.949951  3992.989990  3986.340088  3992.939941  3992.939941    9392280
2023-02-22 14:48:00-05:00  3992.959961  3997.219971  3992.449951  3996.929932  3996.929932    8870038
2023-02-22 14:50:00-05:00  3996.909912  3997.520020  3990.280029  3991.729980  3991.729980   13064629
2023-02-22 14:52:00-05:00  3991.780029  3992.489990  3990.639893  3990.679932  3990.679932    6489505
2023-02-22 14:54:00-05:00  3990.739990  3991.050049  3983.689941  3984.280029  3984.280029   10378474
2023-02-22 14:56:00-05:00  3984.260010  3985.969971  3982.449951  3985.459961  3985.459961    8119672
2023-02-22 14:58:00-05:00  3985.520020  3987.209961  3982.280029  3982.479980  3982.479980    8415067
2023-02-22 15:00:00-05:00  3982.469971  3984.909912  3981.840088  3983.639893  3983.639893    8989659
2023-02-22 15:02:00-05:00  3983.479980  3983.479980  3980.040039  3980.280029  3980.280029    8239769
2023-02-22 15:04:00-05:00  3980.320068  3985.169922  3980.320068  3982.239990  3982.239990   10122888
2023-02-22 15:06:00-05:00  3982.229980  3984.439941  3981.310059  3984.439941  3984.439941    7297925
2023-02-22 15:08:00-05:00  3984.439941  3984.500000  3982.080078  3984.060059  3984.060059    8059878
2023-02-22 15:10:00-05:00  3984.050049  3986.870117  3983.919922  3984.810059  3984.810059   10709898
2023-02-22 15:12:00-05:00  3984.820068  3985.300049  3981.139893  3982.550049  3982.550049    8638654
2023-02-22 15:14:00-05:00  3982.610107  3985.199951  3981.360107  3985.129883  3985.129883    9970700
2023-02-22 15:16:00-05:00  3985.080078  3987.639893  3985.080078  3986.429932  3986.429932    8926886
2023-02-22 15:18:00-05:00  3986.360107  3987.020020  3983.590088  3984.080078  3984.080078    9493546
2023-02-22 15:20:00-05:00  3984.149902  3985.979980  3983.070068  3983.219971  3983.219971    9546653
2023-02-22 15:22:00-05:00  3983.250000  3987.219971  3981.260010  3986.870117  3986.870117   11450013
2023-02-22 15:24:00-05:00  3986.939941  3990.070068  3986.919922  3988.870117  3988.870117   10764530
2023-02-22 15:26:00-05:00  3988.820068  3989.850098  3986.550049  3988.110107  3988.110107    9927098
2023-02-22 15:28:00-05:00  3988.100098  3988.169922  3982.580078  3982.669922  3982.669922    8709669
2023-02-22 15:30:00-05:00  3982.560059  3983.629883  3980.620117  3983.139893  3983.139893   13421352
2023-02-22 15:32:00-05:00  3983.149902  3986.250000  3983.149902  3984.419922  3984.419922   10982159
2023-02-22 15:34:00-05:00  3984.439941  3986.510010  3981.870117  3981.899902  3981.899902   11808712
2023-02-22 15:36:00-05:00  3981.889893  3982.050049  3980.229980  3980.350098  3980.350098   11287086
2023-02-22 15:38:00-05:00  3980.370117  3980.439941  3978.760010  3978.760010  3978.760010   12533220
2023-02-22 15:40:00-05:00  3978.939941  3981.479980  3978.590088  3981.479980  3981.479980   13940737
2023-02-22 15:42:00-05:00  3981.469971  3983.629883  3980.310059  3980.310059  3980.310059   15639088
2023-02-22 15:44:00-05:00  3980.360107  3982.250000  3978.899902  3979.310059  3979.310059   15959655
2023-02-22 15:46:00-05:00  3979.439941  3982.270020  3979.149902  3981.520020  3981.520020   14378024
2023-02-22 15:48:00-05:00  3981.479980  3984.060059  3980.929932  3982.010010  3982.010010   16958586
2023-02-22 15:50:00-05:00  3982.050049  3985.689941  3976.899902  3985.250000  3985.250000   31301402
2023-02-22 15:52:00-05:00  3985.060059  3985.979980  3983.060059  3985.169922  3985.169922   24219055
2023-02-22 15:54:00-05:00  3985.320068  3989.149902  3984.780029  3985.389893  3985.389893   36327291
2023-02-22 15:56:00-05:00  3985.239990  3987.639893  3983.840088  3986.979980  3986.979980   38245152
2023-02-22 15:58:00-05:00  3986.989990  3991.610107  3986.739990  3991.520020  3991.520020   55161425
2023-02-23 09:30:00-05:00  4018.600098  4022.320068  4018.600098  4020.790039  4020.790039   46350197
2023-02-23 09:32:00-05:00  4020.750000  4023.040039  4018.659912  4022.169922  4022.169922   21556372
2023-02-23 09:34:00-05:00  4022.209961  4022.790039  4018.159912  4019.030029  4019.030029   18673386
2023-02-23 09:36:00-05:00  4018.989990  4018.989990  4016.300049  4017.739990  4017.739990   15571711
2023-02-23 09:38:00-05:00  4017.770020  4017.909912  4015.949951  4016.709961  4016.709961   15310608
2023-02-23 09:40:00-05:00  4016.669922  4020.149902  4015.500000  4017.010010  4017.010010   15575425
2023-02-23 09:42:00-05:00  4017.229980  4018.439941  4014.949951  4016.399902  4016.399902   14736392
2023-02-23 09:44:00-05:00  4016.409912  4019.040039  4014.629883  4019.000000  4019.000000   14412063
2023-02-23 09:46:00-05:00  4018.939941  4025.179932  4018.939941  4024.080078  4024.080078   19876160
2023-02-23 09:48:00-05:00  4023.919922  4027.320068  4023.919922  4024.840088  4024.840088   15155668
2023-02-23 09:50:00-05:00  4024.879883  4026.510010  4023.669922  4025.629883  4025.629883   14832800
2023-02-23 09:52:00-05:00  4025.669922  4027.060059  4023.419922  4027.060059  4027.060059   12765225
2023-02-23 09:54:00-05:00  4026.979980  4028.300049  4026.679932  4027.320068  4027.320068   13991448
2023-02-23 09:56:00-05:00  4027.310059  4028.030029  4025.489990  4026.070068  4026.070068   13395699
2023-02-23 09:58:00-05:00  4025.770020  4027.820068  4023.610107  4024.520020  4024.520020   15428425
2023-02-23 10:00:00-05:00  4024.959961  4027.729980  4024.719971  4024.719971  4024.719971   13954062
2023-02-23 10:02:00-05:00  4024.449951  4024.449951  4019.919922  4020.479980  4020.479980   14373427
2023-02-23 10:04:00-05:00  4020.520020  4020.820068  4019.229980  4019.330078  4019.330078   13291278
2023-02-23 10:06:00-05:00  4019.360107  4019.429932  4012.429932  4012.429932  4012.429932   16229161
2023-02-23 10:08:00-05:00  4012.620117  4016.250000  4011.840088  4016.100098  4016.100098   13648322
2023-02-23 10:10:00-05:00  4016.149902  4016.439941  4011.699951  4012.860107  4012.860107   12641186
2023-02-23 10:12:00-05:00  4012.949951  4015.070068  4012.889893  4014.699951  4014.699951   10923207
2023-02-23 10:14:00-05:00  4014.639893  4017.679932  4014.510010  4017.310059  4017.310059   11252040
2023-02-23 10:16:00-05:00  4017.350098  4017.350098  4014.139893  4016.340088  4016.340088   11181288
2023-02-23 10:18:00-05:00  4016.370117  4017.489990  4014.020020  4014.110107  4014.110107   10258803
2023-02-23 10:20:00-05:00  4014.489990  4016.489990  4013.699951  4016.209961  4016.209961   11162028
2023-02-23 10:22:00-05:00  4016.169922  4016.330078  4014.409912  4016.030029  4016.030029    8961943
2023-02-23 10:24:00-05:00  4016.010010  4017.929932  4014.939941  4016.550049  4016.550049   10903888
2023-02-23 10:26:00-05:00  4016.389893  4018.080078  4015.409912  4017.159912  4017.159912    9508100
2023-02-23 10:28:00-05:00  4017.129883  4018.899902  4016.459961  4016.739990  4016.739990   10109393
2023-02-23 10:30:00-05:00  4016.719971  4017.340088  4008.600098  4009.840088  4009.840088   14243421
2023-02-23 10:32:00-05:00  4009.939941  4014.350098  4009.760010  4014.090088  4014.090088   10535365
2023-02-23 10:34:00-05:00  4014.239990  4018.510010  4014.239990  4017.500000  4017.500000   11140083
2023-02-23 10:36:00-05:00  4017.530029  4018.139893  4014.629883  4016.639893  4016.639893    9364762
2023-02-23 10:38:00-05:00  4016.669922  4017.290039  4015.919922  4016.919922  4016.919922    4252576