                                  Open         High          Low        Close    Adj Close      Volume
Datetime                                                                                              
2022-11-09 10:54:00-05:00  3790.959961  3792.959961  3788.709961  3791.110107  3791.110107           0
2022-11-09 10:56:00-05:00  3787.949951  3787.949951  3786.739990  3786.760010  3786.760010     7788739
2022-11-09 10:58:00-05:00  3788.959961  3791.159912  3788.959961  3789.620117  3789.620117   669700822
2022-11-09 11:00:00-05:00  3789.620117  3794.320068  3789.570068  3792.979980  3792.979980     9888523
2022-11-09 11:02:00-05:00  3793.360107  3795.270020  3793.360107  3794.639893  3794.639893     8627394
2022-11-09 11:04:00-05:00  3794.620117  3794.729980  3791.600098  3791.879883  3791.879883     8680403
2022-11-09 11:06:00-05:00  3791.909912  3796.270020  3790.830078  3793.979980  3793.979980     9646926
2022-11-09 11:08:00-05:00  3793.909912  3800.629883  3793.149902  3799.669922  3799.669922    11145528
2022-11-09 11:10:00-05:00  3799.590088  3799.590088  3797.320068  3798.830078  3798.830078   726082560
2022-11-09 11:12:00-05:00  3798.840088  3799.459961  3797.459961  3799.459961  3799.459961     8629121
2022-11-09 11:14:00-05:00  3799.409912  3802.909912  3798.030029  3802.800049  3802.800049     9502913
2022-11-09 11:16:00-05:00  3802.929932  3803.709961  3800.129883  3800.159912  3800.159912     9322343
2022-11-09 11:18:00-05:00  3800.169922  3801.820068  3799.949951  3800.830078  3800.830078     7119592
2022-11-09 11:20:00-05:00  3800.790039  3801.800049  3798.050049  3798.489990  3798.489990     8909736
2022-11-09 11:22:00-05:00  3798.469971  3798.469971  3793.800049  3793.810059  3793.810059     8181839
2022-11-09 11:24:00-05:00  3793.879883  3799.679932  3793.610107  3799.679932  3799.679932     9603229
2022-11-09 11:26:00-05:00  3799.679932  3802.239990  3799.679932  3801.770020  3801.770020     8827979
2022-11-09 11:28:00-05:00  3802.189941  3802.500000  3799.229980  3799.229980  3799.229980     7365525
2022-11-09 11:30:00-05:00  3799.169922  3799.169922  3794.620117  3795.250000  3795.250000     9445898
2022-11-09 11:32:00-05:00  3795.280029  3796.250000  3793.679932  3793.820068  3793.820068     7622461
2022-11-09 11:34:00-05:00  3793.780029  3796.090088  3793.669922  3794.709961  3794.709961     8385279
2022-11-09 11:36:00-05:00  3794.629883  3797.110107  3793.729980  3796.909912  3796.909912     7691776
2022-11-09 11:38:00-05:00  3796.889893  3797.830078  3795.500000  3795.949951  3795.949951     7410666
2022-11-09 11:40:00-05:00  3795.959961  3800.409912  3795.149902  3798.790039  3798.790039     8912792
2022-11-09 11:42:00-05:00  3798.870117  3805.330078  3798.669922  3805.000000  3805.000000     9487305
2022-11-09 11:44:00-05:00  3805.090088  3809.179932  3804.659912  3807.100098  3807.100098    10488660
2022-11-09 11:46:00-05:00  3807.110107  3808.969971  3806.889893  3808.780029  3808.780029     7125812
2022-11-09 11:48:00-05:00  3808.959961  3809.260010  3805.870117  3805.929932  3805.929932     9362755
2022-11-09 11:50:00-05:00  3805.870117  3808.290039  3805.540039  3805.969971  3805.969971     8323694
2022-11-09 11:52:00-05:00  3805.939941  3806.899902  3804.969971  3804.979980  3804.979980     7133193
2022-11-09 11:54:00-05:00  3804.969971  3805.129883  3802.159912  3802.159912  3802.159912     6626539
2022-11-09 11:56:00-05:00  3802.070068  3802.070068  3799.459961  3799.489990  3799.489990     6999046
2022-11-09 11:58:00-05:00  3799.489990  3799.820068  3797.540039  3798.219971  3798.219971     7285219
2022-11-09 12:00:00-05:00  3798.229980  3800.050049  3798.159912  3798.219971  3798.219971     6868553
2022-11-09 12:02:00-05:00  3798.139893  3799.199951  3797.000000  3797.679932  3797.679932     6406702
2022-11-09 12:04:00-05:00  3797.659912  3798.689941  3796.270020  3796.280029  3796.280029     6427486
2022-11-09 12:06:00-05:00  3796.250000  3798.120117  3795.550049  3795.959961  3795.959961     7508814
2022-11-09 12:08:00-05:00  3795.949951  3795.949951  3792.510010  3794.679932  3794.679932     7993079
2022-11-09 12:10:00-05:00  3794.719971  3795.260010  3792.889893  3793.419922  3793.419922     7032836
2022-11-09 12:12:00-05:00  3793.409912  3794.820068  3792.629883  3793.979980  3793.979980     6518426
2022-11-09 12:14:00-05:00  3794.129883  3794.459961  3792.209961  3793.560059  3793.560059     7049709
2022-11-09 12:16:00-05:00  3793.100098  3793.629883  3790.189941  3793.629883  3793.629883     8286264
2022-11-09 12:18:00-05:00  3793.610107  3795.030029  3793.590088  3794.379883  3794.379883     6062790
2022-11-09 12:20:00-05:00  3794.320068  3795.479980  3793.719971  3795.370117  3795.370117     6387107
2022-11-09 12:22:00-05:00  3795.370117  3795.669922  3793.090088  3793.580078  3793.580078     6865530
2022-11-09 12:24:00-05:00  3793.580078  3793.610107  3791.520020  3791.520020  3791.520020     6875767
2022-11-09 12:26:00-05:00  3791.429932  3791.489990  3788.699951  3791.439941  3791.439941     8325356
2022-11-09 12:28:00-05:00  3791.409912  3791.830078  3790.169922  3790.909912  3790.909912     5918733
2022-11-09 12:30:00-05:00  3790.820068  3794.110107  3790.399902  3793.790039  3793.790039     6898542
2022-11-09 12:32:00-05:00  3793.760010  3795.899902  3793.689941  3795.719971  3795.719971     6939647
2022-11-09 12:34:00-05:00  3795.679932  3796.659912  3794.969971  3795.600098  3795.600098    18369730
2022-11-09 12:36:00-05:00  3795.629883  3795.770020  3791.919922  3792.750000  3792.750000     6761585
2022-11-09 12:38:00-05:00  3792.689941  3792.689941  3789.129883  3789.129883  3789.129883     6651543
2022-11-09 12:40:00-05:00  3789.110107  3790.750000  3788.600098  3788.820068  3788.820068     7721841
2022-11-09 12:42:00-05:00  3788.780029  3790.120117  3787.060059  3787.169922  3787.169922     8644892
2022-11-09 12:44:00-05:00  3787.250000  3788.810059  3787.209961  3787.750000  3787.750000     6432088
2022-11-09 12:46:00-05:00  3787.870117  3789.030029  3787.590088  3788.370117  3788.370117     6304983
2022-11-09 12:48:00-05:00  3788.370117  3790.770020  3788.370117  3790.399902  3790.399902     6787914
2022-11-09 12:50:00-05:00  3790.389893  3791.139893  3789.739990  3790.959961  3790.959961     6529872
2022-11-09 12:52:00-05:00  3791.010010  3792.649902  3790.179932  3790.179932  3790.179932     6465731
2022-11-09 12:54:00-05:00  3790.169922  3790.540039  3789.750000  3790.409912  3790.409912     5569477
2022-11-09 12:56:00-05:00  3790.120117  3791.110107  3788.260010  3790.629883  3790.629883     7547366
2022-11-09 12:58:00-05:00  3790.719971  3792.260010  3790.479980  3792.219971  3792.219971     6264980
2022-11-09 13:00:00-05:00  3792.239990  3794.679932  3788.979980  3794.629883  3794.629883     9098688
2022-11-09 13:02:00-05:00  3794.639893  3794.639893  3784.199951  3789.030029  3789.030029    14092430
2022-11-09 13:04:00-05:00  3789.110107  3789.810059  3784.590088  3785.899902  3785.899902     7618468
2022-11-09 13:06:00-05:00  3785.870117  3787.899902  3784.330078  3787.169922  3787.169922     6444696
2022-11-09 13:08:00-05:00  3787.189941  3787.189941  3784.100098  3786.229980  3786.229980     6859797
2022-11-09 13:10:00-05:00  3786.290039  3787.139893  3780.699951  3783.050049  3783.050049     9687337
2022-11-09 13:12:00-05:00  3783.209961  3787.699951  3782.830078  3786.830078  3786.830078     6994050
2022-11-09 13:14:00-05:00  3786.790039  3787.250000  3784.899902  3786.350098  3786.350098     9020115
2022-11-09 13:16:00-05:00  3786.280029  3787.260010  3785.750000  3786.290039  3786.290039     5770131
2022-11-09 13:18:00-05:00  3786.379883  3788.629883  3785.929932  3785.979980  3785.979980     7108363
2022-11-09 13:20:00-05:00  3785.969971  3787.040039  3785.459961  3786.770020  3786.770020     6764566
2022-11-09 13:22:00-05:00  3786.790039  3786.790039  3783.449951  3783.739990  3783.739990     7483365
2022-11-09 13:24:00-05:00  3783.770020  3784.040039  3781.350098  3783.169922  3783.169922     7517044
2022-11-09 13:26:00-05:00  3783.179932  3784.000000  3781.469971  3781.489990  3781.489990     7260636
2022-11-09 13:28:00-05:00  3781.489990  3781.489990  3779.209961  3779.909912  3779.909912     7834853
2022-11-09 13:30:00-05:00  3779.929932  3779.929932  3772.070068  3772.479980  3772.479980    13776585
2022-11-09 13:32:00-05:00  3772.590088  3773.719971  3771.100098  3773.419922  3773.419922    10349599
2022-11-09 13:34:00-05:00  3773.330078  3773.409912  3768.199951  3769.340088  3769.340088     9982439
2022-11-09 13:36:00-05:00  3769.300049  3769.300049  3766.330078  3766.370117  3766.370117     8982305
2022-11-09 13:38:00-05:00  3766.340088  3768.149902  3766.330078  3766.979980  3766.979980     9698473
2022-11-09 13:40:00-05:00  3767.010010  3767.209961  3766.030029  3766.409912  3766.409912     8819068
2022-11-09 13:42:00-05:00  3766.370117  3771.260010  3766.370117  3769.820068  3769.820068    10760168
2022-11-09 13:44:00-05:00  3769.830078  3769.830078  3767.100098  3767.479980  3767.479980     8086381
2022-11-09 13:46:00-05:00  3767.510010  3767.510010  3764.219971  3764.399902  3764.399902     8731426
2022-11-09 13:48:00-05:00  3764.669922  3767.709961  3763.909912  3766.280029  3766.280029     8805777
2022-11-09 13:50:00-05:00  3766.280029  3766.729980  3765.350098  3765.350098  3765.350098     6650553
2022-11-09 13:52:00-05:00  3764.600098  3765.610107  3764.189941  3764.969971  3764.969971     7482950
2022-11-09 13:54:00-05:00  3764.979980  3765.030029  3763.760010  3763.760010  3763.760010     6993928
2022-11-09 13:56:00-05:00  3763.770020  3763.969971  3762.320068  3762.620117  3762.620117     8073119
2022-11-09 13:58:00-05:00  3762.590088  3768.449951  3762.550049  3768.409912  3768.409912    10220418
2022-11-09 14:00:00-05:00  3768.389893  3768.419922  3767.209961  3767.219971  3767.219971     8874465
2022-11-09 14:02:00-05:00  3766.899902  3766.899902  3765.399902  3765.570068  3765.570068     7438255
2022-11-09 14:04:00-05:00  3765.469971  3769.209961  3764.949951  3768.580078  3768.580078     8694354
2022-11-09 14:06:00-05:00  3768.540039  3769.340088  3767.129883  3769.320068  3769.320068     7406676
2022-11-09 14:08:00-05:00  3769.260010  3774.649902  3769.020020  3773.489990  3773.489990    10206937
2022-11-09 14:10:00-05:00  3773.469971  3775.239990  3772.540039  3772.659912  3772.659912     7789186
2022-11-09 14:12:00-05:00  3772.570068  3774.379883  3770.169922  3773.659912  3773.659912     7877602
2022-11-09 14:14:00-05:00  3773.620117  3774.760010  3771.560059  3771.590088  3771.590088     6651472
2022-11-09 14:16:00-05:00  3771.550049  3771.550049  3770.050049  3770.459961  3770.459961     6736447
2022-11-09 14:18:00-05:00  3770.379883  3773.129883  3770.379883  3772.929932  3772.929932     8158229
2022-11-09 14:20:00-05:00  3773.000000  3773.929932  3771.199951  3771.199951  3771.199951     6559847
2022-11-09 14:22:00-05:00  3771.020020  3771.020020  3768.139893  3770.620117  3770.620117     8044830
2022-11-09 14:24:00-05:00  3770.679932  3771.479980  3769.649902  3771.310059  3771.310059     8142882
2022-11-09 14:26:00-05:00  3771.419922  3772.429932  3770.810059  3770.810059  3770.810059     7663672
2022-11-09 14:28:00-05:00  3770.770020  3772.750000  3770.770020  3771.350098  3771.350098     6634138
2022-11-09 14:30:00-05:00  3771.379883  3771.379883  3764.229980  3764.879883  3764.879883    11352013
2022-11-09 14:32:00-05:00  3764.780029  3764.790039  3763.050049  3763.620117  3763.620117     8706595
2022-11-09 14:34:00-05:00  3763.530029  3763.530029  3762.149902  3762.149902  3762.149902     8167089
2022-11-09 14:36:00-05:00  3761.969971  3762.620117  3761.110107  3761.229980  3761.229980     8151000
2022-11-09 14:38:00-05:00  3761.260010  3761.550049  3758.810059  3759.639893  3759.639893     8275431
2022-11-09 14:40:00-05:00  3759.550049  3762.000000  3758.340088  3760.629883  3760.629883     9116037
2022-11-09 14:42:00-05:00  3760.610107  3764.110107  3760.610107  3764.000000  3764.000000     8495173
2022-11-09 14:44:00-05:00  3763.889893  3764.260010  3762.550049  3763.500000  3763.500000     8515165
2022-11-09 14:46:00-05:00  3763.439941  3763.959961  3762.419922  3762.419922  3762.419922     7042491
2022-11-09 14:48:00-05:00  3761.969971  3761.989990  3756.280029  3758.000000  3758.000000     9881216
2022-11-09 14:50:00-05:00  3758.290039  3758.290039  3753.719971  3753.919922  3753.919922     8665703
2022-11-09 14:52:00-05:00  3753.939941  3755.459961  3753.939941  3755.459961  3755.459961     7550468
2022-11-09 14:54:00-05:00  3755.830078  3757.540039  3753.840088  3754.550049  3754.550049     9571912
2022-11-09 14:56:00-05:00  3754.570068  3755.000000  3753.780029  3753.870117  3753.870117     8284250
2022-11-09 14:58:00-05:00  3753.969971  3755.870117  3753.790039  3755.750000  3755.750000     8672459
2022-11-09 15:00:00-05:00  3755.739990  3759.169922  3754.639893  3757.669922  3757.669922    10512787
2022-11-09 15:02:00-05:00  3757.649902  3759.550049  3757.290039  3758.929932  3758.929932     9432758
2022-11-09 15:04:00-05:00  3758.879883  3764.449951  3758.750000  3764.270020  3764.270020     9607329
2022-11-09 15:06:00-05:00  3764.300049  3764.350098  3763.479980  3763.629883  3763.629883     7899295
2022-11-09 15:08:00-05:00  3763.649902  3768.919922  3763.530029  3766.439941  3766.439941    12218690
2022-11-09 15:10:00-05:00  3766.350098  3766.350098  3764.209961  3764.860107  3764.860107     8850769
2022-11-09 15:12:00-05:00  3764.860107  3764.929932  3762.409912  3762.409912  3762.409912     9384618
2022-11-09 15:14:00-05:00  3762.429932  3763.179932  3760.719971  3763.179932  3763.179932    10312351
2022-11-09 15:16:00-05:00  3763.219971  3763.629883  3761.469971  3761.770020  3761.770020     9101837
2022-11-09 15:18:00-05:00  3761.719971  3763.699951  3761.689941  3763.699951  3763.699951    10255319
2022-11-09 15:20:00-05:00  3764.189941  3764.209961  3761.389893  3761.389893  3761.389893    11340524
2022-11-09 15:22:00-05:00  3761.020020  3762.310059  3759.389893  3760.250000  3760.250000    11328139
2022-11-09 15:24:00-05:00  3760.209961  3760.739990  3758.659912  3759.729980  3759.729980    11597827
2022-11-09 15:26:00-05:00  3759.739990  3760.580078  3759.020020  3759.560059  3759.560059     9265539
2022-11-09 15:28:00-05:00  3759.560059  3761.969971  3758.129883  3760.780029  3760.780029    11655071
2022-11-09 15:30:00-05:00  3760.830078  3761.219971  3755.199951  3756.270020  3756.270020    15315802
2022-11-09 15:32:00-05:00  3755.929932  3759.500000  3755.800049  3759.310059  3759.310059    12849614
2022-11-09 15:34:00-05:00  3759.209961  3761.020020  3758.389893  3758.790039  3758.790039    14668273
2022-11-09 15:36:00-05:00  3758.689941  3760.070068  3756.810059  3756.909912  3756.909912    13210228
2022-11-09 15:38:00-05:00  3756.919922  3758.419922  3754.979980  3754.979980  3754.979980    13353741
2022-11-09 15:40:00-05:00  3754.909912  3754.909912  3751.419922  3751.919922  3751.919922    17517708
2022-11-09 15:42:00-05:00  3751.929932  3754.590088  3751.899902  3753.709961  3753.709961    15795389
2022-11-09 15:44:00-05:00  3753.750000  3754.290039  3750.250000  3752.520020  3752.520020    19780325
2022-11-09 15:46:00-05:00  3752.570068  3752.620117  3749.189941  3749.699951  3749.699951    20195392
2022-11-09 15:48:00-05:00  3749.620117  3749.620117  3744.219971  3745.209961  3745.209961    22320840
2022-11-09 15:50:00-05:00  3745.320068  3752.639893  3745.320068  3749.110107  3749.110107    35739057
2022-11-09 15:52:00-05:00  3749.219971  3753.439941  3749.219971  3751.429932  3751.429932    27796841
2022-11-09 15:54:00-05:00  3751.270020  3751.330078  3747.050049  3747.879883  3747.879883    26467169
2022-11-09 15:56:00-05:00  3747.820068  3750.790039  3747.300049  3749.429932  3749.429932    28363076
2022-11-09 15:58:00-05:00  3749.139893  3751.000000  3747.790039  3749.159912  3749.159912    27706346
2022-11-10 09:30:00-05:00  3859.889893  3886.219971  3859.889893  3877.689941  3877.689941    57163454
2022-11-10 09:32:00-05:00  3878.030029  3881.969971  3876.659912  3877.449951  3877.449951    35567744
2022-11-10 09:34:00-05:00  3877.840088  3882.429932  3873.750000  3882.030029  3882.030029    41392103
2022-11-10 09:36:00-05:00  3882.080078  3882.479980  3871.159912  3871.219971  3871.219971    28456443
2022-11-10 09:38:00-05:00  3871.530029  3876.340088  3870.729980  3876.340088  3876.340088    25797041
2022-11-10 09:40:00-05:00  3876.159912  3878.270020  3866.110107  3866.840088  3866.840088    25649192
2022-11-10 09:42:00-05:00  3866.959961  3874.639893  3864.750000  3874.639893  3874.639893    24857158
2022-11-10 09:44:00-05:00  3874.510010  3882.810059  3873.189941  3881.959961  3881.959961    25800472
2022-11-10 09:46:00-05:00  3881.909912  3884.669922  3877.270020  3884.439941  3884.439941    25783457
2022-11-10 09:48:00-05:00  3884.439941  3889.379883  3882.669922  3889.330078  3889.330078    25414657
2022-11-10 09:50:00-05:00  3889.149902  3893.649902  3885.639893  3886.000000  3886.000000    25421580
2022-11-10 09:52:00-05:00  3885.419922  3889.169922  3883.250000  3889.169922  3889.169922    21672457
2022-11-10 09:54:00-05:00  3889.379883  3895.969971  3887.030029  3895.760010  3895.760010    19330974
2022-11-10 09:56:00-05:00  3896.199951  3896.389893  3893.500000  3895.850098  3895.850098    18564374
2022-11-10 09:58:00-05:00  3896.040039  3905.290039  3896.040039  3905.290039  3905.290039    20962631
2022-11-10 10:00:00-05:00  3905.949951  3909.419922  3905.040039  3909.370117  3909.370117    25287134
2022-11-10 10:02:00-05:00  3909.409912  3912.139893  3903.050049  3903.050049  3903.050049    21764716
2022-11-10 10:04:00-05:00  3902.929932  3905.989990  3901.060059  3902.780029  3902.780029    20760544
2022-11-10 10:06:00-05:00  3902.929932  3904.560059  3901.689941  3904.459961  3904.459961    18625086
2022-11-10 10:08:00-05:00  3904.320068  3908.070068  3904.199951  3906.120117  3906.120117    18956923
2022-11-10 10:10:00-05:00  3905.889893  3907.129883  3901.199951  3901.300049  3901.300049    18171635
2022-11-10 10:12:00-05:00  3900.800049  3903.189941  3899.929932  3900.639893  3900.639893    15880776
2022-11-10 10:14:00-05:00  3900.790039  3900.939941  3896.689941  3900.939941  3900.939941    16118070
2022-11-10 10:16:00-05:00  3901.179932  3903.050049  3897.750000  3901.189941  3901.189941    17463333
2022-11-10 10:18:00-05:00  3901.149902  3901.520020  3897.600098  3899.290039  3899.290039    15240602
2022-11-10 10:20:00-05:00  3899.429932  3904.919922  3897.229980  3904.919922  3904.919922    18832536
2022-11-10 10:22:00-05:00  3904.760010  3906.030029  3903.320068  3905.229980  3905.229980    16693020
2022-11-10 10:24:00-05:00  3905.179932  3908.030029  3902.649902  3904.270020  3904.270020    16849497
2022-11-10 10:26:00-05:00  3904.909912  3905.800049  3902.739990  3905.530029  3905.530029    16320484
2022-11-10 10:28:00-05:00  3905.550049  3906.179932  3903.830078  3905.110107  3905.110107    14608692
2022-11-10 10:30:00-05:00  3905.070068  3907.120117  3894.800049  3899.000000  3899.000000    20650121
2022-11-10 10:32:00-05:00  3899.080078  3899.649902  3896.979980  3897.169922  3897.169922    14098508
2022-11-10 10:34:00-05:00  3897.370117  3898.860107  3895.139893  3897.969971  3897.969971    15699359
2022-11-10 10:36:00-05:00  3898.020020  3898.020020  3891.790039  3892.469971  3892.469971    14299753
2022-11-10 10:38:00-05:00  3892.689941  3895.590088  3889.800049  3889.800049  3889.800049    14258326
2022-11-10 10:40:00-05:00  3889.790039  3895.229980  3887.709961  3894.469971  3894.469971    15988245
2022-11-10 10:42:00-05:00  3894.399902  3900.989990  3894.399902  3900.459961  3900.459961    14862063
2022-11-10 10:44:00-05:00  3900.659912  3902.530029  3897.139893  3900.070068  3900.070068    13516348
2022-11-10 10:46:00-05:00  3900.179932  3904.159912  3900.179932  3904.040039  3904.040039    14348043
2022-11-10 10:48:00-05:00  3904.090088  3907.860107  3902.949951  3907.860107  3907.860107    15054587
2022-11-10 10:50:00-05:00  3907.830078  3909.659912  3906.750000  3909.629883  3909.629883    16357766
2022-11-10 10:52:00-05:00  3909.750000  3910.830078  3907.679932  3907.679932  3907.679932    15326076
2022-11-10 10:54:00-05:00  3907.770020  3910.260010  3905.610107  3906.739990  3906.739990    17081283
2022-11-10 10:56:00-05:00  3906.699951  3911.050049  3906.139893  3910.760010  3910.760010    14457563
2022-11-10 10:58:00-05:00  3910.590088  3913.889893  3910.179932  3912.020020  3912.020020    13056587
2022-11-10 11:00:00-05:00  3912.209961  3913.850098  3907.870117  3908.620117  3908.620117    14482789
2022-11-10 11:02:00-05:00  3908.750000  3908.750000  3906.620117  3907.989990  3907.989990    14615924
2022-11-10 11:04:00-05:00  3907.929932  3909.479980  3905.830078  3908.320068  3908.320068    14371798
2022-11-10 11:06:00-05:00  3908.370117  3910.899902  3905.800049  3906.189941  3906.189941    14298602
2022-11-10 11:08:00-05:00  3906.189941  3906.320068  3902.629883  3904.060059  3904.060059    12110025
2022-11-10 11:10:00-05:00  3903.919922  3906.159912  3903.899902  3905.229980  3905.229980     5487902
2022-11-10 11:12:00-05:00  3904.520020  3909.820068  3904.429932  3909.699951  3909.699951  1071405458
2022-11-10 11:14:00-05:00  3909.790039  3911.659912  3905.500000  3907.100098  3907.100098    14690740
2022-11-10 11:16:00-05:00  3907.010010  3910.179932  3906.530029  3909.379883  3909.379883     9786303
2022-11-10 11:18:00-05:00  3909.439941  3909.979980  3908.379883  3909.979980  3909.979980    11478932
2022-11-10 11:20:00-05:00  3909.949951  3913.820068  3909.439941  3913.459961  3913.459961    10758256
2022-11-10 11:22:00-05:00  3913.439941  3915.699951  3912.419922  3913.379883  3913.379883    12525956
2022-11-10 11:24:00-05:00  3913.340088  3914.159912  3910.899902  3912.030029  3912.030029    11995833
2022-11-10 11:26:00-05:00  3912.120117  3914.290039  3912.120117  3912.149902  3912.149902    11779232
2022-11-10 11:28:00-05:00  3912.149902  3915.399902  3911.770020  3914.969971  3914.969971    11552650
2022-11-10 11:30:00-05:00  3915.179932  3920.550049  3915.179932  3920.550049  3920.550049    15667636
2022-11-10 11:32:00-05:00  3920.550049  3922.590088  3920.510010  3922.070068  3922.070068    13948684
2022-11-10 11:34:00-05:00  3922.040039  3922.489990  3919.419922  3920.209961  3920.209961    13443958
2022-11-10 11:36:00-05:00  3920.219971  3922.000000  3920.090088  3921.929932  3921.929932    11222892
2022-11-10 11:38:00-05:00  3921.909912  3924.389893  3921.879883  3924.389893  3924.389893    11648268
2022-11-10 11:40:00-05:00  3924.419922  3924.669922  3922.449951  3922.459961  3922.459961    11664465
2022-11-10 11:42:00-05:00  3922.370117  3922.370117  3919.820068  3920.340088  3920.340088    10792369
2022-11-10 11:44:00-05:00  3920.389893  3921.120117  3918.350098  3919.219971  3919.219971     5427198
2022-11-10 11:46:00-05:00  3919.689941  3921.669922  3919.250000  3920.449951  3920.449951  1276368183
2022-11-10 11:48:00-05:00  3920.439941  3921.929932  3920.360107  3921.760010  3921.760010    10843314
2022-11-10 11:50:00-05:00  3921.699951  3924.010010  3921.560059  3923.070068  3923.070068    11038954
2022-11-10 11:52:00-05:00  3923.139893  3923.889893  3921.370117  3922.149902  3922.149902    11390814
2022-11-10 11:54:00-05:00  3921.929932  3925.649902  3921.209961  3925.649902  3925.649902    11272197
2022-11-10 11:56:00-05:00  3925.600098  3926.800049  3925.030029  3926.800049  3926.800049    11785956
2022-11-10 11:58:00-05:00  3926.870117  3927.610107  3925.270020  3926.280029  3926.280029    11007756
2022-11-10 12:00:00-05:00  3926.310059  3926.310059  3921.969971  3922.090088  3922.090088    13558119
2022-11-10 12:02:00-05:00  3922.199951  3925.620117  3922.199951  3925.489990  3925.489990    10229760
2022-11-10 12:04:00-05:00  3925.570068  3925.840088  3919.739990  3919.959961  3919.959961    11978186
2022-11-10 12:06:00-05:00  3919.879883  3919.989990  3918.090088  3918.159912  3918.159912    11708303
2022-11-10 12:08:00-05:00  3918.139893  3920.929932  3917.540039  3918.800049  3918.800049    11926601
2022-11-10 12:10:00-05:00  3918.729980  3919.139893  3918.060059  3918.129883  3918.129883     9652673
2022-11-10 12:12:00-05:00  3918.169922  3918.320068  3916.929932  3917.020020  3917.020020    10267199
2022-11-10 12:14:00-05:00  3917.010010  3918.929932  3915.429932  3918.409912  3918.409912    11341189
2022-11-10 12:16:00-05:00  3918.500000  3920.020020  3918.500000  3920.020020  3920.020020    11842641
2022-11-10 12:18:00-05:00  3920.120117  3922.050049  3920.120117  3921.489990  3921.489990    10171880
2022-11-10 12:20:00-05:00  3921.479980  3921.590088  3917.320068  3917.459961  3917.459961     8831797
2022-11-10 12:22:00-05:00  3917.399902  3917.949951  3916.729980  3917.159912  3917.159912     8909358
2022-11-10 12:24:00-05:00  3917.149902  3918.520020  3916.159912  3916.590088  3916.590088    10025630
2022-11-10 12:26:00-05:00  3916.659912  3917.040039  3913.899902  3914.010010  3914.010010     9999467
2022-11-10 12:28:00-05:00  3913.840088  3914.840088  3913.060059  3913.870117  3913.870117     9631403
2022-11-10 12:30:00-05:00  3914.050049  3914.050049  3907.489990  3907.489990  3907.489990    11061212
2022-11-10 12:32:00-05:00  3907.159912  3909.020020  3905.580078  3905.929932  3905.929932    11794222
2022-11-10 12:34:00-05:00  3905.919922  3910.850098  3905.780029  3908.620117  3908.620117    12453894
2022-11-10 12:36:00-05:00  3908.689941  3909.709961  3907.469971  3908.040039  3908.040039     8864734
2022-11-10 12:38:00-05:00  3908.000000  3908.310059  3904.510010  3904.679932  3904.679932     8766519
2022-11-10 12:40:00-05:00  3904.760010  3905.520020  3902.899902  3903.020020  3903.020020     9743755
2022-11-10 12:42:00-05:00  3902.939941  3908.010010  3901.989990  3907.979980  3907.979980    10407257
2022-11-10 12:44:00-05:00  3908.080078  3910.110107  3906.030029  3906.090088  3906.090088    10435021
2022-11-10 12:46:00-05:00  3906.050049  3906.050049  3902.510010  3902.510010  3902.510010     8255212
2022-11-10 12:48:00-05:00  3902.520020  3904.129883  3900.010010  3902.479980  3902.479980    11577943
2022-11-10 12:50:00-05:00  3902.489990  3905.169922  3900.290039  3901.520020  3901.520020     8696396
2022-11-10 12:52:00-05:00  3901.379883  3902.709961  3900.459961  3902.560059  3902.560059     8755078
2022-11-10 12:54:00-05:00  3902.399902  3902.810059  3898.699951  3899.620117  3899.620117     8559871
2022-11-10 12:56:00-05:00  3899.659912  3902.179932  3898.169922  3902.179932  3902.179932     9102119
2022-11-10 12:58:00-05:00  3902.189941  3902.189941  3897.820068  3898.469971  3898.469971     9218381
2022-11-10 13:00:00-05:00  3898.409912  3901.370117  3898.409912  3900.709961  3900.709961    10783698
2022-11-10 13:02:00-05:00  3901.110107  3908.530029  3901.110107  3908.459961  3908.459961    14632764
2022-11-10 13:04:00-05:00  3908.379883  3908.719971  3906.290039  3906.830078  3906.830078     8337894
2022-11-10 13:06:00-05:00  3906.949951  3909.320068  3906.610107  3908.800049  3908.800049     9290946
2022-11-10 13:08:00-05:00  3908.780029  3910.110107  3907.310059  3909.500000  3909.500000     8717771
2022-11-10 13:10:00-05:00  3909.540039  3909.810059  3908.000000  3908.479980  3908.479980     8078596
2022-11-10 13:12:00-05:00  3908.459961  3912.070068  3907.209961  3911.209961  3911.209961    10247190
2022-11-10 13:14:00-05:00  3911.179932  3914.709961  3911.169922  3914.530029  3914.530029     9600616
2022-11-10 13:16:00-05:00  3914.520020  3916.219971  3913.179932  3913.629883  3913.629883     9470078
2022-11-10 13:18:00-05:00  3913.639893  3913.729980  3911.370117  3912.689941  3912.689941     7342494
2022-11-10 13:20:00-05:00  3912.699951  3913.270020  3911.750000  3912.899902  3912.899902     6982233
2022-11-10 13:22:00-05:00  3912.820068  3913.939941  3906.520020  3906.760010  3906.760010     8690799
2022-11-10 13:24:00-05:00  3906.719971  3908.189941  3906.379883  3908.040039  3908.040039     7405355
2022-11-10 13:26:00-05:00  3907.959961  3910.919922  3907.110107  3910.149902  3910.149902     7611944
2022-11-10 13:28:00-05:00  3910.139893  3913.639893  3909.459961  3913.590088  3913.590088     7519092
2022-11-10 13:30:00-05:00  3913.540039  3915.199951  3913.110107  3914.590088  3914.590088     7647650
2022-11-10 13:32:00-05:00  3914.580078  3914.649902  3908.969971  3909.449951  3909.449951     8711667
2022-11-10 13:34:00-05:00  3909.429932  3912.199951  3909.429932  3911.889893  3911.889893     7834353
2022-11-10 13:36:00-05:00  3911.790039  3911.790039  3910.229980  3910.570068  3910.570068     5796089
2022-11-10 13:38:00-05:00  3910.530029  3913.229980  3910.530029  3912.070068  3912.070068     9039279
2022-11-10 13:40:00-05:00  3912.139893  3916.030029  3910.729980  3915.850098  3915.850098     9845175
2022-11-10 13:42:00-05:00  3915.800049  3917.239990  3915.389893  3916.379883  3916.379883     8415507
2022-11-10 13:44:00-05:00  3916.350098  3918.409912  3916.330078  3918.239990  3918.239990     3934707
2022-11-10 13:46:00-05:00  3918.479980  3921.489990  3918.129883  3921.020020  3921.020020  1861691048
2022-11-10 13:48:00-05:00  3920.959961  3922.469971  3920.840088  3921.310059  3921.310059     8757243
2022-11-10 13:50:00-05:00  3921.219971  3921.580078  3916.800049  3919.419922  3919.419922     9272591
2022-11-10 13:52:00-05:00  3919.379883  3921.050049  3919.379883  3921.050049  3921.050049     7657414
2022-11-10 13:54:00-05:00  3921.050049  3921.050049  3918.760010  3920.280029  3920.280029     7626528
2022-11-10 13:56:00-05:00  3920.189941  3922.739990  3919.969971  3922.739990  3922.739990     8830566
2022-11-10 13:58:00-05:00  3922.729980  3922.899902  3919.080078  3920.570068  3920.570068     8011975
2022-11-10 14:00:00-05:00  3920.560059  3922.810059  3919.919922  3922.399902  3922.399902     7944430
2022-11-10 14:02:00-05:00  3922.790039  3924.729980  3922.540039  3924.530029  3924.530029     8187945
2022-11-10 14:04:00-05:00  3924.510010  3925.080078  3921.939941  3923.520020  3923.520020     8867148
2022-11-10 14:06:00-05:00  3923.739990  3925.409912  3923.540039  3924.250000  3924.250000     8890300
2022-11-10 14:08:00-05:00  3924.310059  3925.260010  3923.129883  3924.979980  3924.979980     8729789
2022-11-10 14:10:00-05:00  3924.909912  3925.360107  3924.360107  3924.959961  3924.959961     8345559
2022-11-10 14:12:00-05:00  3924.979980  3925.699951  3924.540039  3925.310059  3925.310059     8725563
2022-11-10 14:14:00-05:00  3925.260010  3925.610107  3924.090088  3924.929932  3924.929932     8258879
2022-11-10 14:16:00-05:00  3924.969971  3925.459961  3923.850098  3924.629883  3924.629883     9114522
2022-11-10 14:18:00-05:00  3924.620117  3924.709961  3922.219971  3922.239990  3922.239990     8989931
2022-11-10 14:20:00-05:00  3922.159912  3922.159912  3918.709961  3918.709961  3918.709961     9701697
2022-11-10 14:22:00-05:00  3918.620117  3919.840088  3917.669922  3919.800049  3919.800049     8464701
2022-11-10 14:24:00-05:00  3919.850098  3923.080078  3919.850098  3922.989990  3922.989990     9429504
2022-11-10 14:26:00-05:00  3923.149902  3924.090088  3922.860107  3923.709961  3923.709961     8277886
2022-11-10 14:28:00-05:00  3923.669922  3925.550049  3923.659912  3924.120117  3924.120117     9018754
2022-11-10 14:30:00-05:00  3924.080078  3924.159912  3920.810059  3921.290039  3921.290039     9512016
2022-11-10 14:32:00-05:00  3921.179932  3924.379883  3920.800049  3923.949951  3923.949951     9070980
2022-11-10 14:34:00-05:00  3923.969971  3924.260010  3922.439941  3923.179932  3923.179932     8061299
2022-11-10 14:36:00-05:00  3923.209961  3924.090088  3921.780029  3924.090088  3924.090088     8219114
2022-11-10 14:38:00-05:00  3924.070068  3924.800049  3923.389893  3923.860107  3923.860107     8841303
2022-11-10 14:40:00-05:00  3923.879883  3924.330078  3922.429932  3923.929932  3923.929932     9262152
2022-11-10 14:42:00-05:00  3923.929932  3924.540039  3921.139893  3921.239990  3921.239990     8766155
2022-11-10 14:44:00-05:00  3921.169922  3924.280029  3920.699951  3924.280029  3924.280029     9118494
2022-11-10 14:46:00-05:00  3924.179932  3924.719971  3923.580078  3923.629883  3923.629883     8261009
2022-11-10 14:48:00-05:00  3923.629883  3924.209961  3921.989990  3922.830078  3922.830078     8104508
2022-11-10 14:50:00-05:00  3922.840088  3924.489990  3921.840088  3924.449951  3924.449951     7539682
2022-11-10 14:52:00-05:00  3924.469971  3928.590088  3924.389893  3928.590088  3928.590088     9949618
2022-11-10 14:54:00-05:00  3928.750000  3929.060059  3927.699951  3928.770020  3928.770020     9059730
2022-11-10 14:56:00-05:00  3928.739990  3930.070068  3928.739990  3929.560059  3929.560059     8973917
2022-11-10 14:58:00-05:00  3929.129883  3930.979980  3928.949951  3930.409912  3930.409912     9330622
2022-11-10 15:00:00-05:00  3930.409912  3930.989990  3927.939941  3930.570068  3930.570068    11008258
2022-11-10 15:02:00-05:00  3930.610107  3931.570068  3928.949951  3929.949951  3929.949951     9745158
2022-11-10 15:04:00-05:00  3929.870117  3930.840088  3928.659912  3930.770020  3930.770020     9493344
2022-11-10 15:06:00-05:00  3930.750000  3933.899902  3930.750000  3933.870117  3933.870117    12103841
2022-11-10 15:08:00-05:00  3933.850098  3937.370117  3933.270020  3937.370117  3937.370117    12907359
2022-11-10 15:10:00-05:00  3937.429932  3939.469971  3937.320068  3938.020020  3938.020020    14665738
2022-11-10 15:12:00-05:00  3938.040039  3939.239990  3936.840088  3939.239990  3939.239990    11613732
2022-11-10 15:14:00-05:00  3939.409912  3941.110107  3939.300049  3940.989990  3940.989990    12998135
2022-11-10 15:16:00-05:00  3940.949951  3941.770020  3939.250000  3939.250000  3939.250000    12110929
2022-11-10 15:18:00-05:00  3939.159912  3939.189941  3937.530029  3937.580078  3937.580078    12989250
2022-11-10 15:20:00-05:00  3937.600098  3938.679932  3936.639893  3938.500000  3938.500000    12693480
2022-11-10 15:22:00-05:00  3938.520020  3941.100098  3938.520020  3940.530029  3940.530029    13356660
2022-11-10 15:24:00-05:00  3940.520020  3940.770020  3939.070068  3939.199951  3939.199951    12662568
2022-11-10 15:26:00-05:00  3939.129883  3940.040039  3937.689941  3937.780029  3937.780029    13667869
2022-11-10 15:28:00-05:00  3937.790039  3942.919922  3937.790039  3942.389893  3942.389893    16598154
2022-11-10 15:30:00-05:00  3942.409912  3945.570068  3942.040039  3945.340088  3945.340088    19208897
2022-11-10 15:32:00-05:00  3945.350098  3945.350098  3941.510010  3941.510010  3941.510010    16636776
2022-11-10 15:34:00-05:00  3941.560059  3942.820068  3940.669922  3942.489990  3942.489990    16540004
2022-11-10 15:36:00-05:00  3942.520020  3943.310059  3941.750000  3941.830078  3941.830078    16123896
2022-11-10 15:38:00-05:00  3941.830078  3942.899902  3940.739990  3942.889893  3942.889893    18477130
2022-11-10 15:40:00-05:00  3942.899902  3944.719971  3941.489990  3944.719971  3944.719971    21972354
2022-11-10 15:42:00-05:00  3944.780029  3948.820068  3944.580078  3946.699951  3946.699951    23666898
2022-11-10 15:44:00-05:00  3946.689941  3947.719971  3944.929932  3946.919922  3946.919922    26654150
2022-11-10 15:46:00-05:00  3946.969971  3949.300049  3946.540039  3948.699951  3948.699951    25857353
2022-11-10 15:48:00-05:00  3948.500000  3949.919922  3947.879883  3949.270020  3949.270020    24596522
2022-11-10 15:50:00-05:00  3949.110107  3952.699951  3949.110107  3951.600098  3951.600098    30112751
2022-11-10 15:52:00-05:00  3951.669922  3956.120117  3951.639893  3955.760010  3955.760010    37842708
2022-11-10 15:54:00-05:00  3955.699951  3958.310059  3953.500000  3953.500000  3953.500000    31081989
2022-11-10 15:56:00-05:00  3953.489990  3954.260010  3951.419922  3951.649902  3951.649902    39149455
2022-11-10 15:58:00-05:00  3951.820068  3958.330078  3951.820068  3954.340088  3954.340088    33999282
2022-11-11 09:30:00-05:00  3963.719971  3966.229980  3962.350098  3962.550049  3962.550049    30063630
2022-11-11 09:32:00-05:00  3955.790039  3960.820068  3954.570068  3957.830078  3957.830078    51039028
2022-11-11 09:34:00-05:00  3957.830078  3959.800049  3955.149902  3955.189941  3955.189941    24298172
2022-11-11 09:36:00-05:00  3955.100098  3956.060059  3952.439941  3955.540039  3955.540039    20350411
2022-11-11 09:38:00-05:00  3955.540039  3958.750000  3949.489990  3949.489990  3949.489990    20038652
2022-11-11 09:40:00-05:00  3949.590088  3951.800049  3948.060059  3949.810059  3949.810059    20113539
2022-11-11 09:42:00-05:00  3949.929932  3951.719971  3944.820068  3945.770020  3945.770020    20305348
2022-11-11 09:44:00-05:00  3946.090088  3958.330078  3945.979980  3956.719971  3956.719971    22585772
2022-11-11 09:46:00-05:00  3956.909912  3959.590088  3956.020020  3958.870117  3958.870117    20630334
2022-11-11 09:48:00-05:00  3958.959961  3963.790039  3958.419922  3963.510010  3963.510010    19463305
2022-11-11 09:50:00-05:00  3963.429932  3967.500000  3963.429932  3967.020020  3967.020020    18828780
2022-11-11 09:52:00-05:00  3966.979980  3968.870117  3964.709961  3965.989990  3965.989990    19414536
2022-11-11 09:54:00-05:00  3966.090088  3966.090088  3958.030029  3958.979980  3958.979980    17717868
2022-11-11 09:56:00-05:00  3959.209961  3967.320068  3959.050049  3959.060059  3959.060059    18763487
2022-11-11 09:58:00-05:00  3959.189941  3960.580078  3958.510010  3959.270020  3959.270020    15202570
2022-11-11 10:00:00-05:00  3959.139893  3967.189941  3946.600098  3959.310059  3959.310059    28684763
2022-11-11 10:02:00-05:00  3959.459961  3963.280029  3957.840088  3963.229980  3963.229980    16505124
2022-11-11 10:04:00-05:00  3963.219971  3966.840088  3960.820068  3966.820068  3966.820068    15444326
2022-11-11 10:06:00-05:00  3966.840088  3970.889893  3956.639893  3956.870117  3956.870117    19658751
2022-11-11 10:08:00-05:00  3957.489990  3962.179932  3954.389893  3959.360107  3959.360107    14897119
2022-11-11 10:10:00-05:00  3959.709961  3967.669922  3958.929932  3967.590088  3967.590088    15132187
2022-11-11 10:12:00-05:00  3967.550049  3970.020020  3967.080078  3969.540039  3969.540039    16822244
2022-11-11 10:14:00-05:00  3969.820068  3975.060059  3969.820068  3973.520020  3973.520020    18314048
2022-11-11 10:16:00-05:00  3973.409912  3977.459961  3972.189941  3977.459961  3977.459961    18527016
2022-11-11 10:18:00-05:00  3977.360107  3978.699951  3976.560059  3976.770020  3976.770020    40726662
2022-11-11 10:20:00-05:00  3976.899902  3981.679932  3976.330078  3981.679932  3981.679932    18885211
2022-11-11 10:22:00-05:00  3981.590088  3983.090088  3980.939941  3981.949951  3981.949951    15265759
2022-11-11 10:24:00-05:00  3981.959961  3981.979980  3975.330078  3979.810059  3979.810059    19006032
2022-11-11 10:26:00-05:00  3979.840088  3980.979980  3978.040039  3979.600098  3979.600098    13630210
2022-11-11 10:28:00-05:00  3979.469971  3981.070068  3978.389893  3978.580078  3978.580078    13662381
2022-11-11 10:30:00-05:00  3978.280029  3979.669922  3973.679932  3974.010010  3974.010010    15997346
2022-11-11 10:32:00-05:00  3973.840088  3975.479980  3973.729980  3975.120117  3975.120117    13421085
2022-11-11 10:34:00-05:00  3975.209961  3976.189941  3969.870117  3969.870117  3969.870117    16112975
2022-11-11 10:36:00-05:00  3970.320068  3970.530029  3966.840088  3967.439941  3967.439941    14927396
2022-11-11 10:38:00-05:00  3968.060059  3973.419922  3968.000000  3971.179932  3971.179932    14171638
2022-11-11 10:40:00-05:00  3971.100098  3971.899902  3967.570068  3969.270020  3969.270020    12918900
2022-11-11 10:42:00-05:00  3969.270020  3971.219971  3967.350098  3969.389893  3969.389893    13075592
2022-11-11 10:44:00-05:00  3969.520020  3973.850098  3969.520020  3973.389893  3973.389893    14302991
2022-11-11 10:46:00-05:00  3973.340088  3976.179932  3972.350098  3975.959961  3975.959961    13326433
2022-11-11 10:48:00-05:00  3975.830078  3980.060059  3975.679932  3979.830078  3979.830078    15285091
2022-11-11 10:50:00-05:00  3979.830078  3981.459961  3979.020020  3979.040039  3979.040039    14937614
2022-11-11 10:52:00-05:00  3978.919922  3978.919922  3975.580078  3975.770020  3975.770020    14574914
2022-11-11 10:54:00-05:00  3975.750000  3976.270020  3972.459961  3973.459961  3973.459961    14308622
2022-11-11 10:56:00-05:00  3973.370117  3973.560059  3970.439941  3970.439941  3970.439941   853247902
2022-11-11 10:58:00-05:00  3970.439941  3972.739990  3970.419922  3971.330078  3971.330078    12564847
2022-11-11 11:00:00-05:00  3971.290039  3977.219971  3971.290039  3974.399902  3974.399902    14675307
2022-11-11 11:02:00-05:00  3974.459961  3977.409912  3973.590088  3977.409912  3977.409912    12017001
2022-11-11 11:04:00-05:00  3977.379883  3978.540039  3975.790039  3975.790039  3975.790039    12808014
2022-11-11 11:06:00-05:00  3976.280029  3976.290039  3973.120117  3973.800049  3973.800049    14205217
2022-11-11 11:08:00-05:00  3973.729980  3973.840088  3962.189941  3962.919922  3962.919922    14762274
2022-11-11 11:10:00-05:00  3962.800049  3963.719971  3958.290039  3959.379883  3959.379883    14927698
2022-11-11 11:12:00-05:00  3959.469971  3963.320068  3959.209961  3962.020020  3962.020020    13420805
2022-11-11 11:14:00-05:00  3962.080078  3962.760010  3956.919922  3957.239990  3957.239990    13123065
2022-11-11 11:16:00-05:00  3957.169922  3962.169922  3956.139893  3962.000000  3962.000000    13679301
2022-11-11 11:18:00-05:00  3962.139893  3964.820068  3961.639893  3964.679932  3964.679932    11903965
2022-11-11 11:20:00-05:00  3964.620117  3965.250000  3962.669922  3963.100098  3963.100098    11206146
2022-11-11 11:22:00-05:00  3963.179932  3964.159912  3959.719971  3959.719971  3959.719971    11669641
2022-11-11 11:24:00-05:00  3959.689941  3960.100098  3957.250000  3959.280029  3959.280029    12691035
2022-11-11 11:26:00-05:00  3959.389893  3961.580078  3954.209961  3954.209961  3954.209961    12293732
2022-11-11 11:28:00-05:00  3954.209961  3955.030029  3952.090088  3952.090088  3952.090088    11603215
2022-11-11 11:30:00-05:00  3952.030029  3953.750000  3948.750000  3953.229980  3953.229980    16191819
2022-11-11 11:32:00-05:00  3953.060059  3955.929932  3952.659912  3953.620117  3953.620117    11387997
2022-11-11 11:34:00-05:00  3953.610107  3954.780029  3952.000000  3954.689941  3954.689941    13051860
2022-11-11 11:36:00-05:00  3954.669922  3957.169922  3954.030029  3957.070068  3957.070068    10995064
2022-11-11 11:38:00-05:00  3957.050049  3957.979980  3954.149902  3954.149902  3954.149902    11336728
2022-11-11 11:40:00-05:00  3953.889893  3960.300049  3952.709961  3960.129883  3960.129883    12539531
2022-11-11 11:42:00-05:00  3960.239990  3960.580078  3958.729980  3959.580078  3959.580078    10529698
2022-11-11 11:44:00-05:00  3959.860107  3959.929932  3955.850098  3955.889893  3955.889893     9933698
2022-11-11 11:46:00-05:00  3955.800049  3955.979980  3953.510010  3955.090088  3955.090088    10797449
2022-11-11 11:48:00-05:00  3955.120117  3961.179932  3955.070068  3961.010010  3961.010010    11243234
2022-11-11 11:50:00-05:00  3961.159912  3964.260010  3961.120117  3963.330078  3963.330078    11391421
2022-11-11 11:52:00-05:00  3963.419922  3964.310059  3961.560059  3961.770020  3961.770020    11165900
2022-11-11 11:54:00-05:00  3962.300049  3962.300049  3959.590088  3959.689941  3959.689941     9356352
2022-11-11 11:56:00-05:00  3959.520020  3961.889893  3958.320068  3961.669922  3961.669922     9678134
2022-11-11 11:58:00-05:00  3961.739990  3963.350098  3960.290039  3960.290039  3960.290039     9554974
2022-11-11 12:00:00-05:00  3960.169922  3960.169922  3957.379883  3959.540039  3959.540039    11125691
2022-11-11 12:02:00-05:00  3959.590088  3960.139893  3955.070068  3958.030029  3958.030029    10421246
2022-11-11 12:04:00-05:00  3958.399902  3959.939941  3957.320068  3958.879883  3958.879883    10424608
2022-11-11 12:06:00-05:00  3958.760010  3960.219971  3956.850098  3956.929932  3956.929932     8384817
2022-11-11 12:08:00-05:00  3956.919922  3959.580078  3955.620117  3959.580078  3959.580078     9285100
2022-11-11 12:10:00-05:00  3959.600098  3966.530029  3959.570068  3966.530029  3966.530029    12848027
2022-11-11 12:12:00-05:00  3966.550049  3967.780029  3966.280029  3966.629883  3966.629883    10253011
2022-11-11 12:14:00-05:00  3966.760010  3969.860107  3965.449951  3969.830078  3969.830078    10801116
2022-11-11 12:16:00-05:00  3969.830078  3969.830078  3967.739990  3969.090088  3969.090088    10718677
2022-11-11 12:18:00-05:00  3969.100098  3969.469971  3967.290039  3967.580078  3967.580078     9510963
2022-11-11 12:20:00-05:00  3967.610107  3967.889893  3965.909912  3966.050049  3966.050049     8565729
2022-11-11 12:22:00-05:00  3966.060059  3968.409912  3965.840088  3967.250000  3967.250000     9029987
2022-11-11 12:24:00-05:00  3967.239990  3967.719971  3966.239990  3966.239990  3966.239990     7107534
2022-11-11 12:26:00-05:00  3966.250000  3968.560059  3966.239990  3967.080078  3967.080078     9262116
2022-11-11 12:28:00-05:00  3967.120117  3968.659912  3966.850098  3967.370117  3967.370117     7701279
2022-11-11 12:30:00-05:00  3967.469971  3971.340088  3966.860107  3971.330078  3971.330078     9854478
2022-11-11 12:32:00-05:00  3971.260010  3971.820068  3965.070068  3966.489990  3966.489990    12231218
2022-11-11 12:34:00-05:00  3966.360107  3967.040039  3964.780029  3966.260010  3966.260010     8887546
2022-11-11 12:36:00-05:00  3966.280029  3968.600098  3966.280029  3967.639893  3967.639893     8650941
2022-11-11 12:38:00-05:00  3967.600098  3967.929932  3965.020020  3965.020020  3965.020020     8207390
2022-11-11 12:40:00-05:00  3964.929932  3965.620117  3961.530029  3961.780029  3961.780029     9649513
2022-11-11 12:42:00-05:00  3961.770020  3964.199951  3961.560059  3963.770020  3963.770020     8098947
2022-11-11 12:44:00-05:00  3963.709961  3966.770020  3963.699951  3966.500000  3966.500000     9550440
2022-11-11 12:46:00-05:00  3966.600098  3968.179932  3965.699951  3968.139893  3968.139893     8586643
2022-11-11 12:48:00-05:00  3968.110107  3968.159912  3964.760010  3965.139893  3965.139893    10470127
2022-11-11 12:50:00-05:00  3965.199951  3966.800049  3964.739990  3965.580078  3965.580078    10104376
2022-11-11 12:52:00-05:00  3966.060059  3968.129883  3966.060059  3968.090088  3968.090088     7991567
2022-11-11 12:54:00-05:00  3968.090088  3969.739990  3967.120117  3969.270020  3969.270020     8117840
2022-11-11 12:56:00-05:00  3969.290039  3973.909912  3969.260010  3972.979980  3972.979980    11308933
2022-11-11 12:58:00-05:00  3973.020020  3973.310059  3969.909912  3969.909912  3969.909912     8651397
2022-11-11 13:00:00-05:00  3969.909912  3973.620117  3969.639893  3973.070068  3973.070068     9021261
2022-11-11 13:02:00-05:00  3973.070068  3975.330078  3972.860107  3974.270020  3974.270020     9643820
2022-11-11 13:04:00-05:00  3974.280029  3975.370117  3973.870117  3974.669922  3974.669922     8762928
2022-11-11 13:06:00-05:00  3974.580078  3975.379883  3974.300049  3975.090088  3975.090088     7343225
2022-11-11 13:08:00-05:00  3975.129883  3977.870117  3975.070068  3977.449951  3977.449951     8993928
2022-11-11 13:10:00-05:00  3977.419922  3981.290039  3977.419922  3980.810059  3980.810059    10326279
2022-11-11 13:12:00-05:00  3980.830078  3981.199951  3979.909912  3979.939941  3979.939941     8990952
2022-11-11 13:14:00-05:00  3979.959961  3979.979980  3976.469971  3977.100098  3977.100098     9764315
2022-11-11 13:16:00-05:00  3977.199951  3981.199951  3977.199951  3981.199951  3981.199951    10400585
2022-11-11 13:18:00-05:00  3981.250000  3982.649902  3980.659912  3981.659912  3981.659912    10032023
2022-11-11 13:20:00-05:00  3981.639893  3981.639893  3978.909912  3980.239990  3980.239990    11091781
2022-11-11 13:22:00-05:00  3980.300049  3981.760010  3979.370117  3981.760010  3981.760010     8750037
2022-11-11 13:24:00-05:00  3981.739990  3984.149902  3981.659912  3982.050049  3982.050049    10827076
2022-11-11 13:26:00-05:00  3982.060059  3983.939941  3981.879883  3983.649902  3983.649902     9194237
2022-11-11 13:28:00-05:00  3983.679932  3985.570068  3983.169922  3985.429932  3985.429932     9410641
2022-11-11 13:30:00-05:00  3985.449951  3987.899902  3984.669922  3987.860107  3987.860107    11310793
2022-11-11 13:32:00-05:00  3987.800049  3989.540039  3987.610107  3987.780029  3987.780029    10884745
2022-11-11 13:34:00-05:00  3987.840088  3989.219971  3986.550049  3986.550049  3986.550049     9878056
2022-11-11 13:36:00-05:00  3986.500000  3987.100098  3982.469971  3982.560059  3982.560059    11457530
2022-11-11 13:38:00-05:00  3982.540039  3983.929932  3980.909912  3983.629883  3983.629883    10281419
2022-11-11 13:40:00-05:00  3983.629883  3986.179932  3983.219971  3983.340088  3983.340088     9628071
2022-11-11 13:42:00-05:00  3983.389893  3983.689941  3981.570068  3983.449951  3983.449951     9961365
2022-11-11 13:44:00-05:00  3983.370117  3984.689941  3983.050049  3983.639893  3983.639893     9614582
2022-11-11 13:46:00-05:00  3983.629883  3983.629883  3982.080078  3983.100098  3983.100098     8366227
2022-11-11 13:48:00-05:00  3983.120117  3985.929932  3981.590088  3985.929932  3985.929932     9769907
2022-11-11 13:50:00-05:00  3985.939941  3989.169922  3985.629883  3989.169922  3989.169922     9443572
2022-11-11 13:52:00-05:00  3989.189941  3990.149902  3988.239990  3989.739990  3989.739990     8995306
2022-11-11 13:54:00-05:00  3989.750000  3989.800049  3987.659912  3988.469971  3988.469971    10464270
2022-11-11 13:56:00-05:00  3988.449951  3990.989990  3988.449951  3989.520020  3989.520020     9571994
2022-11-11 13:58:00-05:00  3989.530029  3990.080078  3987.840088  3989.750000  3989.750000     8445546
2022-11-11 14:00:00-05:00  3989.750000  3991.169922  3988.100098  3988.219971  3988.219971    10060727
2022-11-11 14:02:00-05:00  3988.159912  3988.979980  3987.260010  3988.709961  3988.709961     9044142
2022-11-11 14:04:00-05:00  3988.860107  3994.149902  3988.860107  3994.110107  3994.110107    11007046
2022-11-11 14:06:00-05:00  3994.050049  3994.050049  3989.580078  3992.479980  3992.479980    10941644
2022-11-11 14:08:00-05:00  3992.520020  3993.080078  3990.949951  3992.239990  3992.239990     8742478
2022-11-11 14:10:00-05:00  3992.129883  3992.620117  3989.260010  3989.379883  3989.379883     9100020
2022-11-11 14:12:00-05:00  3989.260010  3990.810059  3988.270020  3989.159912  3989.159912     8782122
2022-11-11 14:14:00-05:00  3988.979980  3990.010010  3988.110107  3989.030029  3989.030029     8231398
2022-11-11 14:16:00-05:00  3989.020020  3990.100098  3985.860107  3985.860107  3985.860107     8802221
2022-11-11 14:18:00-05:00  3986.080078  3987.350098  3985.189941  3986.729980  3986.729980    10065080
2022-11-11 14:20:00-05:00  3986.719971  3992.610107  3986.699951  3992.610107  3992.610107    10095864
2022-11-11 14:22:00-05:00  3992.379883  3993.449951  3990.879883  3992.979980  3992.979980    11032611
2022-11-11 14:24:00-05:00  3993.020020  3993.310059  3991.639893  3992.679932  3992.679932     9391148
2022-11-11 14:26:00-05:00  3992.729980  3993.250000  3991.959961  3991.959961  3991.959961     8682063
2022-11-11 14:28:00-05:00  3992.100098  3996.610107  3992.100098  3996.330078  3996.330078    11266564
2022-11-11 14:30:00-05:00  3996.139893  3996.419922  3995.090088  3996.419922  3996.419922     9867840
2022-11-11 14:32:00-05:00  3996.560059  3998.310059  3996.560059  3998.290039  3998.290039    10799349
2022-11-11 14:34:00-05:00  3998.239990  3998.260010  3996.629883  3997.620117  3997.620117     9290129
2022-11-11 14:36:00-05:00  3997.659912  3997.659912  3996.010010  3996.629883  3996.629883     8950261
2022-11-11 14:38:00-05:00  3996.620117  3998.169922  3996.550049  3998.120117  3998.120117    10817459
2022-11-11 14:40:00-05:00  3998.090088  3999.389893  3997.600098  3998.459961  3998.459961    11999615
2022-11-11 14:42:00-05:00  3998.459961  3999.810059  3997.729980  3999.439941  3999.439941     9621956
2022-11-11 14:44:00-05:00  3999.489990  4000.080078  3999.110107  3999.500000  3999.500000     8201123
2022-11-11 14:46:00-05:00  3999.500000  4000.169922  3997.219971  3997.219971  3997.219971     9992412
2022-11-11 14:48:00-05:00  3997.169922  3997.780029  3996.330078  3996.570068  3996.570068     9359616
2022-11-11 14:50:00-05:00  3996.540039  3997.729980  3995.550049  3996.820068  3996.820068    10533778
2022-11-11 14:52:00-05:00  3996.820068  3999.439941  3996.540039  3999.439941  3999.439941     8936216
2022-11-11 14:54:00-05:00  3999.479980  3999.889893  3998.570068  3999.540039  3999.540039     9393185
2022-11-11 14:56:00-05:00  3999.520020  3999.929932  3997.169922  3998.989990  3998.989990    10649418
2022-11-11 14:58:00-05:00  3998.979980  4001.479980  3998.919922  4000.379883  4000.379883     9730181
2022-11-11 15:00:00-05:00  4000.340088  4000.790039  3996.889893  3997.459961  3997.459961    11084243
2022-11-11 15:02:00-05:00  3997.399902  3998.969971  3994.409912  3994.409912  3994.409912    12196562
2022-11-11 15:04:00-05:00  3994.389893  3995.149902  3992.280029  3992.280029  3992.280029    12440216
2022-11-11 15:06:00-05:00  3991.969971  3992.870117  3988.149902  3988.270020  3988.270020    13844254
2022-11-11 15:08:00-05:00  3988.399902  3991.100098  3987.820068  3988.909912  3988.909912    12448362
2022-11-11 15:10:00-05:00  3988.879883  3989.129883  3983.550049  3983.550049  3983.550049    15808902
2022-11-11 15:12:00-05:00  3983.530029  3986.780029  3982.270020  3986.629883  3986.629883    13467733
2022-11-11 15:14:00-05:00  3986.620117  3986.620117  3981.929932  3982.419922  3982.419922    13795133
2022-11-11 15:16:00-05:00  3982.419922  3984.300049  3982.149902  3984.189941  3984.189941    12870547
2022-11-11 15:18:00-05:00  3984.350098  3987.830078  3983.800049  3987.360107  3987.360107    12775211
2022-11-11 15:20:00-05:00  3987.360107  3989.260010  3987.080078  3989.229980  3989.229980    12175345
2022-11-11 15:22:00-05:00  3989.280029  3991.080078  3988.129883  3988.629883  3988.629883    12607822
2022-11-11 15:24:00-05:00  3988.669922  3990.870117  3986.719971  3990.570068  3990.570068    13318861
2022-11-11 15:26:00-05:00  3990.550049  3994.060059  3990.149902  3993.540039  3993.540039    14837046
2022-11-11 15:28:00-05:00  3993.540039  3995.129883  3993.199951  3993.939941  3993.939941    12435700
2022-11-11 15:30:00-05:00  3993.949951  3997.360107  3993.750000  3997.239990  3997.239990    14901796
2022-11-11 15:32:00-05:00  3997.239990  3997.379883  3994.260010  3995.040039  3995.040039    14898708
2022-11-11 15:34:00-05:00  3995.070068  3995.219971  3988.739990  3988.739990  3988.739990    14955468
2022-11-11 15:36:00-05:00  3988.719971  3990.399902  3988.080078  3990.250000  3990.250000    14441060
2022-11-11 15:38:00-05:00  3990.199951  3993.149902  3988.750000  3993.149902  3993.149902    15513694
2022-11-11 15:40:00-05:00  3993.169922  3996.030029  3992.469971  3995.840088  3995.840088    16913198
2022-11-11 15:42:00-05:00  3995.860107  3996.320068  3994.409912  3995.719971  3995.719971    16363417
2022-11-11 15:44:00-05:00  3995.729980  3997.879883  3995.610107  3997.820068  3997.820068    20913549
2022-11-11 15:46:00-05:00  3997.870117  3998.360107  3996.350098  3996.830078  3996.830078    23445011
2022-11-11 15:48:00-05:00  3996.909912  3998.530029  3996.239990  3998.530029  3998.530029    21117082
2022-11-11 15:50:00-05:00  3998.570068  4001.280029  3994.580078  3996.959961  3996.959961    30220996
2022-11-11 15:52:00-05:00  3997.149902  4000.290039  3996.820068  3999.439941  3999.439941    29941715
2022-11-11 15:54:00-05:00  3999.459961  3999.540039  3993.020020  3994.290039  3994.290039    27442646
2022-11-11 15:56:00-05:00  3994.290039  3994.389893  3990.520020  3990.699951  3990.699951    28247699
2022-11-11 15:58:00-05:00  3990.780029  3994.159912  3990.159912  3992.209961  3992.209961    34964211
2022-11-14 09:30:00-05:00  3977.969971  3980.590088  3973.820068  3980.060059  3980.060059    50801166
2022-11-14 09:32:00-05:00  3979.810059  3981.679932  3977.229980  3979.070068  3979.070068    21663868
2022-11-14 09:34:00-05:00  3979.520020  3980.929932  3975.300049  3976.959961  3976.959961    18580262
2022-11-14 09:36:00-05:00  3976.590088  3980.409912  3974.790039  3978.669922  3978.669922    18219852
2022-11-14 09:38:00-05:00  3978.469971  3983.790039  3978.469971  3983.530029  3983.530029    16227400
2022-11-14 09:40:00-05:00  3983.500000  3984.300049  3977.669922  3977.669922  3977.669922    17664872
2022-11-14 09:42:00-05:00  3977.530029  3978.300049  3972.610107  3972.709961  3972.709961    16433889
2022-11-14 09:44:00-05:00  3972.459961  3973.560059  3969.000000  3969.239990  3969.239990    18740311
2022-11-14 09:46:00-05:00  3969.219971  3974.070068  3968.389893  3970.810059  3970.810059    18126672
2022-11-14 09:48:00-05:00  3970.870117  3973.629883  3966.389893  3973.149902  3973.149902    17604310
2022-11-14 09:50:00-05:00  3973.120117  3976.560059  3972.820068  3975.639893  3975.639893    17875532
2022-11-14 09:52:00-05:00  3975.600098  3977.520020  3974.520020  3976.270020  3976.270020    15446183
2022-11-14 09:54:00-05:00  3975.659912  3977.629883  3973.770020  3973.770020  3973.770020    13188729
2022-11-14 09:56:00-05:00  3973.979980  3977.889893  3973.979980  3977.889893  3977.889893    47884100
2022-11-14 09:58:00-05:00  3977.889893  3979.149902  3976.260010  3977.739990  3977.739990    12805117
2022-11-14 10:00:00-05:00  3977.929932  3984.739990  3977.929932  3983.060059  3983.060059    17069909
2022-11-14 10:02:00-05:00  3983.250000  3985.550049  3981.270020  3984.409912  3984.409912    14698997
2022-11-14 10:04:00-05:00  3984.530029  3984.629883  3979.969971  3980.199951  3980.199951    13481820
2022-11-14 10:06:00-05:00  3980.340088  3986.830078  3979.719971  3985.830078  3985.830078    15248215
2022-11-14 10:08:00-05:00  3985.669922  3989.270020  3985.439941  3987.830078  3987.830078    14674928
2022-11-14 10:10:00-05:00  3987.709961  3991.649902  3985.489990  3985.800049  3985.800049    16069168
2022-11-14 10:12:00-05:00  3986.280029  3989.330078  3986.280029  3989.280029  3989.280029    12023500
2022-11-14 10:14:00-05:00  3989.379883  3994.820068  3989.030029  3994.820068  3994.820068    13665539
2022-11-14 10:16:00-05:00  3995.239990  3996.479980  3994.080078  3994.870117  3994.870117    11936650
2022-11-14 10:18:00-05:00  3994.870117  3995.340088  3992.459961  3992.510010  3992.510010    12256318
2022-11-14 10:20:00-05:00  3992.429932  3994.070068  3991.929932  3991.929932  3991.929932    12459799
2022-11-14 10:22:00-05:00  3992.010010  3995.179932  3991.739990  3992.729980  3992.729980    12038025
2022-11-14 10:24:00-05:00  3992.739990  3992.790039  3988.689941  3988.760010  3988.760010    11933602
2022-11-14 10:26:00-05:00  3988.689941  3988.709961  3984.189941  3984.620117  3984.620117    11624857
2022-11-14 10:28:00-05:00  3984.500000  3986.689941  3983.229980  3986.290039  3986.290039    10381228
2022-11-14 10:30:00-05:00  3986.260010  3987.020020  3984.790039  3984.939941  3984.939941    11578288
2022-11-14 10:32:00-05:00  3984.939941  3990.290039  3984.270020  3990.270020  3990.270020    11818202
2022-11-14 10:34:00-05:00  3990.270020  3991.760010  3987.280029  3987.540039  3987.540039    12259484
2022-11-14 10:36:00-05:00  3987.520020  3989.340088  3986.020020  3988.439941  3988.439941    12302323
2022-11-14 10:38:00-05:00  3988.350098  3990.139893  3987.389893  3989.610107  3989.610107    11896751
2022-11-14 10:40:00-05:00  3989.610107  3994.050049  3989.530029  3993.439941  3993.439941    12310300
2022-11-14 10:42:00-05:00  3993.489990  3993.610107  3990.750000  3992.469971  3992.469971     9744203
2022-11-14 10:44:00-05:00  3992.439941  3992.439941  3988.280029  3988.770020  3988.770020    12187472
2022-11-14 10:46:00-05:00  3988.760010  3990.320068  3988.169922  3988.260010  3988.260010    10043446
2022-11-14 10:48:00-05:00  3987.909912  3989.800049  3987.899902  3988.439941  3988.439941     9513085
2022-11-14 10:50:00-05:00  3988.399902  3988.939941  3986.719971  3988.250000  3988.250000    10185339
2022-11-14 10:52:00-05:00  3988.260010  3990.459961  3988.110107  3988.340088  3988.340088    10055688
2022-11-14 10:54:00-05:00  3988.310059  3992.149902  3987.770020  3992.120117  3992.120117    12928286
2022-11-14 10:56:00-05:00  3992.020020  3993.550049  3991.370117  3993.550049  3993.550049    11392774
2022-11-14 10:58:00-05:00  3993.520020  3995.050049  3991.229980  3991.699951  3991.699951    11314634
2022-11-14 11:00:00-05:00  3991.500000  3993.199951  3985.860107  3986.949951  3986.949951    17088299
2022-11-14 11:02:00-05:00  3986.729980  3988.360107  3985.919922  3986.040039  3986.040039     9385246
2022-11-14 11:04:00-05:00  3986.070068  3988.610107  3984.830078  3984.889893  3984.889893    10317458
2022-11-14 11:06:00-05:00  3984.959961  3986.830078  3984.379883  3986.310059  3986.310059     8795828
2022-11-14 11:08:00-05:00  3986.360107  3987.649902  3985.760010  3987.110107  3987.110107     8139804
2022-11-14 11:10:00-05:00  3987.100098  3987.370117  3979.310059  3979.500000  3979.500000    11357611
2022-11-14 11:12:00-05:00  3979.389893  3979.639893  3976.739990  3976.870117  3976.870117     9890759
2022-11-14 11:14:00-05:00  3976.909912  3978.520020  3976.370117  3976.590088  3976.590088     9874058
2022-11-14 11:16:00-05:00  3976.620117  3976.620117  3974.340088  3974.340088  3974.340088     8754061
2022-11-14 11:18:00-05:00  3974.320068  3974.810059  3971.389893  3973.379883  3973.379883    10980331
2022-11-14 11:20:00-05:00  3973.439941  3975.209961  3972.780029  3974.379883  3974.379883    10180820
2022-11-14 11:22:00-05:00  3974.399902  3976.810059  3974.399902  3976.379883  3976.379883    11074449
2022-11-14 11:24:00-05:00  3976.399902  3976.780029  3974.530029  3976.139893  3976.139893    10559241
2022-11-14 11:26:00-05:00  3976.110107  3977.469971  3975.719971  3976.360107  3976.360107     9821383
2022-11-14 11:28:00-05:00  3976.340088  3976.560059  3974.629883  3975.510010  3975.510010     8001054
2022-11-14 11:30:00-05:00  3975.409912  3978.550049  3973.629883  3978.270020  3978.270020     9666039
2022-11-14 11:32:00-05:00  3978.290039  3980.610107  3976.590088  3980.610107  3980.610107    10274368
2022-11-14 11:34:00-05:00  3980.909912  3989.100098  3980.909912  3989.060059  3989.060059    15099566
2022-11-14 11:36:00-05:00  3989.090088  3990.860107  3988.330078  3988.330078  3988.330078     9337263
2022-11-14 11:38:00-05:00  3988.340088  3988.979980  3987.000000  3987.000000  3987.000000     8802209
2022-11-14 11:40:00-05:00  3987.010010  3988.899902  3985.560059  3988.800049  3988.800049     9715309
2022-11-14 11:42:00-05:00  3988.689941  3989.159912  3987.000000  3987.709961  3987.709961     7542437
2022-11-14 11:44:00-05:00  3987.810059  3989.000000  3986.370117  3987.560059  3987.560059     8590127
2022-11-14 11:46:00-05:00  3987.540039  3991.649902  3987.500000  3989.379883  3989.379883    10028190
2022-11-14 11:48:00-05:00  3989.389893  3991.659912  3989.290039  3990.010010  3990.010010     8124490
2022-11-14 11:50:00-05:00  3989.989990  3990.790039  3988.360107  3988.830078  3988.830078     7712640
2022-11-14 11:52:00-05:00  3988.639893  3988.639893  3984.290039  3984.300049  3984.300049     9938364
2022-11-14 11:54:00-05:00  3984.189941  3986.050049  3984.189941  3985.560059  3985.560059     7726313
2022-11-14 11:56:00-05:00  3985.540039  3986.709961  3983.669922  3986.709961  3986.709961     9413130
2022-11-14 11:58:00-05:00  3986.729980  3986.870117  3985.379883  3985.909912  3985.909912     8121898
2022-11-14 12:00:00-05:00  3985.939941  3988.270020  3984.350098  3987.699951  3987.699951     9116723
2022-11-14 12:02:00-05:00  3987.840088  3993.270020  3987.570068  3991.929932  3991.929932    10471977
2022-11-14 12:04:00-05:00  3991.889893  3991.989990  3990.080078  3991.179932  3991.179932     8408151
2022-11-14 12:06:00-05:00  3991.169922  3992.989990  3990.260010  3991.510010  3991.510010     9469662
2022-11-14 12:08:00-05:00  3991.510010  3992.379883  3990.870117  3991.510010  3991.510010     8434705
2022-11-14 12:10:00-05:00  3991.649902  3991.800049  3989.760010  3990.939941  3990.939941     8204479
2022-11-14 12:12:00-05:00  3990.919922  3993.669922  3990.840088  3992.870117  3992.870117     7450040
2022-11-14 12:14:00-05:00  3992.709961  3993.080078  3991.090088  3991.699951  3991.699951     7872432
2022-11-14 12:16:00-05:00  3991.689941  3993.669922  3991.120117  3991.729980  3991.729980     8512614
2022-11-14 12:18:00-05:00  3991.719971  3991.899902  3989.070068  3989.070068  3989.070068     8686284
2022-11-14 12:20:00-05:00  3988.969971  3988.969971  3982.270020  3984.270020  3984.270020    10682564
2022-11-14 12:22:00-05:00  3984.260010  3987.419922  3984.080078  3987.239990  3987.239990     7241880
2022-11-14 12:24:00-05:00  3987.280029  3988.729980  3986.899902  3988.040039  3988.040039     7637625
2022-11-14 12:26:00-05:00  3987.989990  3989.590088  3987.110107  3988.600098  3988.600098     7429455
2022-11-14 12:28:00-05:00  3988.590088  3991.870117  3988.590088  3991.610107  3991.610107     6944585
2022-11-14 12:30:00-05:00  3991.550049  3993.020020  3991.199951  3992.199951  3992.199951     6271120
2022-11-14 12:32:00-05:00  3992.219971  3996.000000  3992.060059  3995.540039  3995.540039     8056967
2022-11-14 12:34:00-05:00  3995.530029  3995.610107  3994.489990  3994.719971  3994.719971     6795948
2022-11-14 12:36:00-05:00  3994.750000  3998.340088  3994.750000  3998.340088  3998.340088     9562166
2022-11-14 12:38:00-05:00  3998.310059  3999.310059  3997.310059  3999.310059  3999.310059     6877812
2022-11-14 12:40:00-05:00  3999.310059  3999.310059  3996.050049  3997.280029  3997.280029     9057907
2022-11-14 12:42:00-05:00  3997.260010  3998.169922  3996.500000  3997.280029  3997.280029     6990278
2022-11-14 12:44:00-05:00  3997.300049  3998.530029  3995.860107  3997.270020  3997.270020     8465059
2022-11-14 12:46:00-05:00  3997.229980  3998.929932  3995.689941  3997.790039  3997.790039     7011560
2022-11-14 12:48:00-05:00  3997.800049  3998.820068  3997.520020  3998.020020  3998.020020     5604398
2022-11-14 12:50:00-05:00  3997.969971  3998.310059  3996.530029  3998.020020  3998.020020     7164841
2022-11-14 12:52:00-05:00  3998.149902  3998.469971  3997.090088  3997.439941  3997.439941     6885350
2022-11-14 12:54:00-05:00  3997.459961  3997.520020  3994.719971  3994.719971  3994.719971     7455854
2022-11-14 12:56:00-05:00  3994.209961  3994.879883  3991.699951  3994.709961  3994.709961     8310981
2022-11-14 12:58:00-05:00  3994.719971  3994.719971  3993.399902  3993.550049  3993.550049     7534209
2022-11-14 13:00:00-05:00  3993.530029  3994.189941  3991.790039  3993.800049  3993.800049     8235055
2022-11-14 13:02:00-05:00  3993.729980  3995.550049  3992.709961  3994.919922  3994.919922     6333550
2022-11-14 13:04:00-05:00  3994.929932  3995.300049  3994.149902  3995.060059  3995.060059     6303159
2022-11-14 13:06:00-05:00  3995.030029  3996.699951  3994.540039  3996.649902  3996.649902     7193592
2022-11-14 13:08:00-05:00  3996.459961  3996.459961  3993.409912  3994.479980  3994.479980     7344545
2022-11-14 13:10:00-05:00  3994.590088  3997.159912  3994.590088  3995.889893  3995.889893     7720334
2022-11-14 13:12:00-05:00  3995.780029  3998.000000  3995.520020  3997.850098  3997.850098     6132391
2022-11-14 13:14:00-05:00  3997.870117  3998.909912  3997.449951  3998.800049  3998.800049     7180348
2022-11-14 13:16:00-05:00  3998.790039  3999.820068  3998.629883  3998.979980  3998.979980     6074707
2022-11-14 13:18:00-05:00  3998.989990  4000.760010  3998.989990  4000.760010  4000.760010     6297280
2022-11-14 13:20:00-05:00  4000.810059  4004.000000  4000.590088  4003.780029  4003.780029     8323045
2022-11-14 13:22:00-05:00  4003.729980  4003.729980  4002.510010  4003.340088  4003.340088     7025023
2022-11-14 13:24:00-05:00  4003.360107  4005.260010  4003.060059  4005.159912  4005.159912     8471718
2022-11-14 13:26:00-05:00  4005.179932  4006.280029  4005.169922  4006.110107  4006.110107     8031161
2022-11-14 13:28:00-05:00  4006.110107  4008.110107  4006.080078  4007.360107  4007.360107     7131522
2022-11-14 13:30:00-05:00  4007.360107  4007.399902  4004.540039  4004.860107  4004.860107     8745794
2022-11-14 13:32:00-05:00  4004.929932  4006.260010  4004.860107  4006.199951  4006.199951     7173441
2022-11-14 13:34:00-05:00  4006.169922  4008.100098  4006.169922  4008.010010  4008.010010     8815169
2022-11-14 13:36:00-05:00  4007.989990  4008.209961  4007.169922  4008.139893  4008.139893     7518494
2022-11-14 13:38:00-05:00  4008.169922  4008.719971  4005.479980  4007.070068  4007.070068     9668545
2022-11-14 13:40:00-05:00  4006.989990  4007.020020  4004.989990  4005.020020  4005.020020     6381861
2022-11-14 13:42:00-05:00  4004.989990  4006.469971  4004.949951  4005.899902  4005.899902     6696837
2022-11-14 13:44:00-05:00  4005.899902  4006.520020  4004.270020  4004.830078  4004.830078     6982288
2022-11-14 13:46:00-05:00  4004.790039  4005.540039  4004.260010  4004.610107  4004.610107     5870905
2022-11-14 13:48:00-05:00  4004.610107  4005.489990  4004.110107  4005.489990  4005.489990     7146504
2022-11-14 13:50:00-05:00  4005.590088  4007.510010  4005.229980  4007.510010  4007.510010     7583460
2022-11-14 13:52:00-05:00  4007.489990  4008.790039  4007.479980  4008.790039  4008.790039     8089311
2022-11-14 13:54:00-05:00  4008.820068  4008.820068  4007.379883  4007.870117  4007.870117     6390321
2022-11-14 13:56:00-05:00  4007.820068  4007.919922  4007.090088  4007.469971  4007.469971     6321604
2022-11-14 13:58:00-05:00  4007.510010  4008.739990  4007.129883  4008.649902  4008.649902     7186485
2022-11-14 14:00:00-05:00  4008.629883  4008.969971  4006.639893  4006.659912  4006.659912    10987572
2022-11-14 14:02:00-05:00  4006.639893  4008.409912  4006.540039  4007.080078  4007.080078     8176794
2022-11-14 14:04:00-05:00  4007.060059  4007.060059  4004.479980  4004.620117  4004.620117     8010873
2022-11-14 14:06:00-05:00  4004.689941  4004.959961  4002.229980  4003.429932  4003.429932     8121585
2022-11-14 14:08:00-05:00  4003.489990  4004.989990  4003.270020  4004.020020  4004.020020     6475686
2022-11-14 14:10:00-05:00  4004.040039  4004.120117  4002.560059  4002.560059  4002.560059     6316764
2022-11-14 14:12:00-05:00  4002.469971  4003.209961  4002.239990  4002.820068  4002.820068     7049390
2022-11-14 14:14:00-05:00  4002.810059  4004.689941  4002.550049  4002.820068  4002.820068     8044162
2022-11-14 14:16:00-05:00  4002.810059  4002.860107  3999.810059  4001.219971  4001.219971     9522012
2022-11-14 14:18:00-05:00  4001.270020  4003.260010  4001.270020  4002.449951  4002.449951     8002558
2022-11-14 14:20:00-05:00  4002.479980  4002.479980  4000.280029  4001.250000  4001.250000     8062616
2022-11-14 14:22:00-05:00  4001.250000  4002.830078  4001.159912  4001.399902  4001.399902     6596397
2022-11-14 14:24:00-05:00  4001.419922  4002.370117  4000.719971  4001.399902  4001.399902     7554487
2022-11-14 14:26:00-05:00  4001.209961  4002.719971  4001.030029  4001.560059  4001.560059     8037571
2022-11-14 14:28:00-05:00  4001.629883  4005.020020  4001.629883  4005.020020  4005.020020     8581481
2022-11-14 14:30:00-05:00  4005.040039  4005.739990  4003.860107  4005.340088  4005.340088     8384830
2022-11-14 14:32:00-05:00  4005.340088  4005.879883  4004.479980  4004.479980  4004.479980     7519933
2022-11-14 14:34:00-05:00  4004.469971  4004.489990  4000.939941  4002.229980  4002.229980     9730087
2022-11-14 14:36:00-05:00  4002.239990  4002.560059  4001.290039  4001.810059  4001.810059     7629262
2022-11-14 14:38:00-05:00  4001.760010  4002.000000  3998.699951  3998.699951  3998.699951     8358433
2022-11-14 14:40:00-05:00  3998.659912  4000.050049  3998.439941  3999.429932  3999.429932     8335456
2022-11-14 14:42:00-05:00  3999.179932  3999.560059  3996.379883  3997.800049  3997.800049    10049488
2022-11-14 14:44:00-05:00  3997.870117  3998.860107  3997.830078  3998.050049  3998.050049     7399659
2022-11-14 14:46:00-05:00  3998.040039  3998.040039  3994.350098  3995.120117  3995.120117     9480293
2022-11-14 14:48:00-05:00  3994.949951  3995.340088  3993.090088  3994.199951  3994.199951     9450070
2022-11-14 14:50:00-05:00  3994.139893  3996.709961  3993.810059  3996.209961  3996.209961     9702415
2022-11-14 14:52:00-05:00  3996.260010  3996.280029  3994.219971  3994.219971  3994.219971     7519100
2022-11-14 14:54:00-05:00  3994.179932  3995.760010  3993.830078  3994.520020  3994.520020     8351905
2022-11-14 14:56:00-05:00  3994.600098  3996.649902  3994.560059  3995.409912  3995.409912     8254196
2022-11-14 14:58:00-05:00  3995.370117  3995.949951  3994.689941  3994.870117  3994.870117     7017397
2022-11-14 15:00:00-05:00  3994.830078  3998.860107  3994.830078  3998.860107  3998.860107    11624377
2022-11-14 15:02:00-05:00  3998.850098  3999.260010  3997.790039  3998.639893  3998.639893     7288267
2022-11-14 15:04:00-05:00  3998.600098  4000.949951  3997.969971  4000.860107  4000.860107     8762274
2022-11-14 15:06:00-05:00  4000.879883  4002.090088  4000.000000  4000.179932  4000.179932     8868796
2022-11-14 15:08:00-05:00  4000.139893  4000.159912  3995.780029  3995.790039  3995.790039    10288476
2022-11-14 15:10:00-05:00  3995.820068  3996.290039  3990.120117  3990.610107  3990.610107    11662757
2022-11-14 15:12:00-05:00  3990.409912  3991.530029  3984.719971  3984.830078  3984.830078    12315550
2022-11-14 15:14:00-05:00  3984.850098  3985.610107  3982.649902  3982.860107  3982.860107    10515107
2022-11-14 15:16:00-05:00  3982.850098  3983.860107  3982.540039  3982.620117  3982.620117    10080152
2022-11-14 15:18:00-05:00  3982.689941  3985.919922  3982.149902  3985.780029  3985.780029    11827194
2022-11-14 15:20:00-05:00  3985.629883  3987.209961  3985.110107  3986.649902  3986.649902     9974182
2022-11-14 15:22:00-05:00  3986.520020  3988.310059  3986.320068  3986.570068  3986.570068     9826573
2022-11-14 15:24:00-05:00  3986.479980  3988.340088  3985.780029  3987.060059  3987.060059     9705516
2022-11-14 15:26:00-05:00  3987.000000  3989.139893  3987.000000  3988.620117  3988.620117     9746813
2022-11-14 15:28:00-05:00  3988.629883  3988.709961  3986.000000  3986.010010  3986.010010     9864941
2022-11-14 15:30:00-05:00  3986.010010  3986.040039  3983.600098  3983.600098  3983.600098    14747611
2022-11-14 15:32:00-05:00  3983.510010  3986.379883  3981.139893  3981.489990  3981.489990    14432019
2022-11-14 15:34:00-05:00  3981.330078  3982.370117  3979.719971  3981.030029  3981.030029    14918452
2022-11-14 15:36:00-05:00  3981.020020  3983.969971  3980.620117  3981.389893  3981.389893    13809412
2022-11-14 15:38:00-05:00  3981.409912  3982.879883  3979.469971  3982.379883  3982.379883    14002866
2022-11-14 15:40:00-05:00  3982.379883  3983.739990  3982.050049  3982.149902  3982.149902    14139928
2022-11-14 15:42:00-05:00  3982.090088  3982.820068  3979.110107  3979.419922  3979.419922    14713552
2022-11-14 15:44:00-05:00  3979.459961  3979.540039  3977.120117  3977.649902  3977.649902    17445302
2022-11-14 15:46:00-05:00  3977.659912  3977.850098  3973.350098  3973.350098  3973.350098    20595390
2022-11-14 15:48:00-05:00  3973.290039  3973.949951  3972.340088  3972.580078  3972.580078    17479409
2022-11-14 15:50:00-05:00  3972.639893  3974.629883  3971.760010  3973.600098  3973.600098    31478167
2022-11-14 15:52:00-05:00  3973.620117  3974.060059  3968.919922  3968.939941  3968.939941    28473314
2022-11-14 15:54:00-05:00  3968.969971  3968.969971  3960.040039  3960.879883  3960.879883    43742046
2022-11-14 15:56:00-05:00  3961.020020  3961.020020  3957.080078  3958.929932  3958.929932    50561782
2022-11-14 15:58:00-05:00  3958.860107  3960.919922  3956.399902  3957.350098  3957.350098    61341304
2022-11-15 09:30:00-05:00  4006.409912  4024.659912  4006.409912  4022.679932  4022.679932    58235556
2022-11-15 09:32:00-05:00  4022.979980  4028.340088  4022.979980  4024.419922  4024.419922    25780224
2022-11-15 09:34:00-05:00  4024.169922  4028.840088  4021.219971  4028.340088  4028.340088    22751472
2022-11-15 09:36:00-05:00  4028.199951  4028.250000  4021.219971  4021.929932  4021.929932    20374236
2022-11-15 09:38:00-05:00  4021.830078  4024.399902  4021.610107  4021.679932  4021.679932    17211866
2022-11-15 09:40:00-05:00  4021.810059  4024.439941  4019.139893  4022.030029  4022.030029    20949009
2022-11-15 09:42:00-05:00  4022.189941  4025.169922  4020.189941  4020.189941  4020.189941    17189467
2022-11-15 09:44:00-05:00  4020.070068  4021.610107  4016.010010  4018.090088  4018.090088    18548192
2022-11-15 09:46:00-05:00  4018.350098  4018.800049  4012.229980  4013.260010  4013.260010    17443252
2022-11-15 09:48:00-05:00  4013.229980  4013.719971  4007.439941  4010.629883  4010.629883    16952937
2022-11-15 09:50:00-05:00  4010.649902  4014.340088  4010.649902  4013.139893  4013.139893    16898787
2022-11-15 09:52:00-05:00  4012.979980  4015.100098  4012.979980  4014.939941  4014.939941    13909664
2022-11-15 09:54:00-05:00  4015.050049  4016.379883  4010.850098  4015.489990  4015.489990    14702161
2022-11-15 09:56:00-05:00  4015.149902  4023.350098  4014.850098  4023.229980  4023.229980    16153538
2022-11-15 09:58:00-05:00  4023.139893  4023.689941  4022.250000  4022.989990  4022.989990    27022288
2022-11-15 10:00:00-05:00  4023.040039  4027.120117  4022.300049  4027.120117  4027.120117    18981013
2022-11-15 10:02:00-05:00  4027.100098  4028.370117  4026.370117  4026.679932  4026.679932    17054329
2022-11-15 10:04:00-05:00  4026.739990  4027.040039  4024.379883  4027.040039  4027.040039    14573391
2022-11-15 10:06:00-05:00  4027.139893  4027.139893  4016.760010  4016.860107  4016.860107    17339449
2022-11-15 10:08:00-05:00  4016.899902  4018.870117  4015.860107  4016.179932  4016.179932    13741106
2022-11-15 10:10:00-05:00  4016.270020  4019.889893  4013.979980  4019.530029  4019.530029    14490054
2022-11-15 10:12:00-05:00  4019.469971  4019.659912  4016.520020  4016.790039  4016.790039    13767764
2022-11-15 10:14:00-05:00  4016.879883  4018.370117  4015.540039  4018.270020  4018.270020    12845345
2022-11-15 10:16:00-05:00  4018.139893  4018.959961  4015.870117  4016.699951  4016.699951    10551419
2022-11-15 10:18:00-05:00  4016.719971  4018.360107  4011.610107  4012.010010  4012.010010    13034696
2022-11-15 10:20:00-05:00  4012.290039  4012.780029  4009.689941  4011.179932  4011.179932    12513510
2022-11-15 10:22:00-05:00  4011.379883  4016.919922  4011.149902  4016.879883  4016.879883     9069952
2022-11-15 10:24:00-05:00  4017.959961  4022.419922  4017.959961  4022.419922  4022.419922    15222088
2022-11-15 10:26:00-05:00  4022.479980  4022.689941  4021.010010  4022.669922  4022.669922    11541926
2022-11-15 10:28:00-05:00  4022.729980  4024.840088  4022.229980  4022.639893  4022.639893    11710299
2022-11-15 10:30:00-05:00  4022.840088  4022.959961  4020.479980  4022.000000  4022.000000    13680429
2022-11-15 10:32:00-05:00  4022.000000  4025.350098  4020.620117  4024.850098  4024.850098    11003292
2022-11-15 10:34:00-05:00  4024.939941  4025.939941  4021.850098  4022.219971  4022.219971    11709829
2022-11-15 10:36:00-05:00  4022.129883  4022.169922  4017.500000  4020.239990  4020.239990    11270230
2022-11-15 10:38:00-05:00  4020.169922  4020.629883  4018.189941  4018.790039  4018.790039     9614878
2022-11-15 10:40:00-05:00  4018.739990  4019.570068  4016.389893  4019.570068  4019.570068     9888682
2022-11-15 10:42:00-05:00  4019.659912  4022.469971  4018.899902  4022.469971  4022.469971    11876791
2022-11-15 10:44:00-05:00  4022.479980  4022.810059  4019.270020  4022.510010  4022.510010    10379902
2022-11-15 10:46:00-05:00  4022.290039  4023.770020  4013.489990  4013.780029  4013.780029    13168818
2022-11-15 10:48:00-05:00  4013.709961  4014.510010  4010.469971  4011.129883  4011.129883    11370552
2022-11-15 10:50:00-05:00  4011.169922  4011.169922  4006.500000  4006.500000  4006.500000   694041758
2022-11-15 10:52:00-05:00  4006.489990  4011.719971  4006.300049  4011.479980  4011.479980    10516939
2022-11-15 10:54:00-05:00  4011.620117  4017.469971  4011.459961  4016.760010  4016.760010    12137416
2022-11-15 10:56:00-05:00  4016.780029  4017.000000  4013.399902  4014.969971  4014.969971    11144152
2022-11-15 10:58:00-05:00  4014.969971  4015.320068  4011.050049  4011.080078  4011.080078     9768202
2022-11-15 11:00:00-05:00  4010.600098  4010.600098  4004.879883  4005.129883  4005.129883    16983376
2022-11-15 11:02:00-05:00  4005.100098  4006.860107  4001.790039  4006.860107  4006.860107    12766521
2022-11-15 11:04:00-05:00  4007.169922  4009.899902  4005.879883  4009.899902  4009.899902     9504923
2022-11-15 11:06:00-05:00  4009.909912  4013.729980  4007.820068  4012.419922  4012.419922    11566101
2022-11-15 11:08:00-05:00  4012.709961  4013.189941  4009.610107  4009.659912  4009.659912     9186820
2022-11-15 11:10:00-05:00  4009.580078  4012.419922  4008.600098  4009.909912  4009.909912    10014182
2022-11-15 11:12:00-05:00  4009.830078  4010.550049  4007.550049  4009.979980  4009.979980     8951741
2022-11-15 11:14:00-05:00  4009.959961  4014.750000  4009.360107  4014.489990  4014.489990    10119366
2022-11-15 11:16:00-05:00  4014.510010  4014.510010  4012.629883  4013.899902  4013.899902     7936117
2022-11-15 11:18:00-05:00  4013.830078  4014.639893  4006.449951  4008.760010  4008.760010    10862927
2022-11-15 11:20:00-05:00  4008.780029  4014.419922  4008.719971  4013.489990  4013.489990     8839267
2022-11-15 11:22:00-05:00  4013.850098  4013.850098  4009.790039  4012.639893  4012.639893     8039326
2022-11-15 11:24:00-05:00  4012.570068  4012.610107  4008.610107  4008.610107  4008.610107     8507899
2022-11-15 11:26:00-05:00  4008.750000  4012.159912  4008.709961  4008.750000  4008.750000     9834781
2022-11-15 11:28:00-05:00  4008.750000  4010.260010  4007.760010  4009.360107  4009.360107     9459807
2022-11-15 11:30:00-05:00  4009.320068  4020.639893  4009.290039  4019.209961  4019.209961    13354152
2022-11-15 11:32:00-05:00  4019.350098  4022.320068  4018.449951  4022.169922  4022.169922    11045584
2022-11-15 11:34:00-05:00  4022.199951  4023.010010  4018.649902  4018.669922  4018.669922    10672745
2022-11-15 11:36:00-05:00  4018.540039  4019.699951  4017.300049  4017.300049  4017.300049    10670695
2022-11-15 11:38:00-05:00  4017.340088  4018.520020  4015.459961  4018.429932  4018.429932     8053372
2022-11-15 11:40:00-05:00  4018.350098  4021.139893  4018.290039  4020.719971  4020.719971     8556612
2022-11-15 11:42:00-05:00  4020.620117  4021.149902  4017.620117  4017.620117  4017.620117     7948196
2022-11-15 11:44:00-05:00  4017.530029  4018.050049  4015.290039  4017.820068  4017.820068     9338846
2022-11-15 11:46:00-05:00  4017.649902  4018.169922  4013.949951  4016.159912  4016.159912     8669078
2022-11-15 11:48:00-05:00  4016.300049  4017.989990  4015.219971  4016.340088  4016.340088     9073891
2022-11-15 11:50:00-05:00  4016.330078  4017.689941  4015.459961  4016.639893  4016.639893     7391765
2022-11-15 11:52:00-05:00  4016.810059  4017.350098  4014.600098  4015.100098  4015.100098     7997122
2022-11-15 11:54:00-05:00  4015.090088  4016.870117  4014.899902  4016.340088  4016.340088     7751087
2022-11-15 11:56:00-05:00  4016.360107  4016.649902  4015.399902  4016.060059  4016.060059     6608718
2022-11-15 11:58:00-05:00  4016.040039  4019.649902  4015.649902  4019.120117  4019.120117     8418867
2022-11-15 12:00:00-05:00  4019.199951  4019.989990  4010.500000  4010.840088  4010.840088    12247440
2022-11-15 12:02:00-05:00  4011.000000  4012.399902  4008.320068  4011.179932  4011.179932     9565451
2022-11-15 12:04:00-05:00  4011.270020  4012.889893  4009.320068  4009.389893  4009.389893     7803296
2022-11-15 12:06:00-05:00  4009.389893  4013.489990  4009.379883  4011.719971  4011.719971     7608340
2022-11-15 12:08:00-05:00  4011.790039  4013.860107  4011.689941  4013.350098  4013.350098     6950252
2022-11-15 12:10:00-05:00  4013.280029  4015.870117  4013.280029  4015.620117  4015.620117     7905577
2022-11-15 12:12:00-05:00  4015.489990  4017.510010  4014.659912  4015.040039  4015.040039     7865634
2022-11-15 12:14:00-05:00  4015.030029  4015.030029  4010.370117  4012.229980  4012.229980     9973646
2022-11-15 12:16:00-05:00  4012.149902  4012.840088  4011.500000  4011.709961  4011.709961     6141048
2022-11-15 12:18:00-05:00  4011.739990  4011.739990  4010.010010  4010.820068  4010.820068     6606650
2022-11-15 12:20:00-05:00  4010.719971  4012.360107  4010.310059  4010.840088  4010.840088     6463903
2022-11-15 12:22:00-05:00  4010.719971  4010.729980  4008.219971  4008.409912  4008.409912     6923902
2022-11-15 12:24:00-05:00  4008.429932  4010.659912  4008.179932  4008.679932  4008.679932     7578210
2022-11-15 12:26:00-05:00  4008.739990  4009.949951  4007.889893  4007.979980  4007.979980     5984523
2022-11-15 12:28:00-05:00  4007.979980  4009.280029  4007.229980  4007.399902  4007.399902     6807412
2022-11-15 12:30:00-05:00  4007.439941  4007.659912  4005.399902  4005.610107  4005.610107     7035042
2022-11-15 12:32:00-05:00  4005.649902  4012.159912  4005.550049  4011.909912  4011.909912     8255376
2022-11-15 12:34:00-05:00  4011.959961  4011.959961  4010.040039  4011.189941  4011.189941     6457884
2022-11-15 12:36:00-05:00  4011.239990  4011.679932  4008.780029  4008.780029  4008.780029     6988238
2022-11-15 12:38:00-05:00  4008.750000  4010.530029  4008.679932  4009.770020  4009.770020     6338790
2022-11-15 12:40:00-05:00  4009.800049  4011.020020  4008.060059  4008.060059  4008.060059     7261341
2022-11-15 12:42:00-05:00  4007.540039  4007.810059  4004.229980  4006.659912  4006.659912     8156477
2022-11-15 12:44:00-05:00  4006.610107  4006.879883  4004.739990  4005.050049  4005.050049     7236616
2022-11-15 12:46:00-05:00  4004.989990  4005.040039  4001.820068  4003.850098  4003.850098     7547995
2022-11-15 12:48:00-05:00  4003.820068  4008.649902  4003.820068  4008.649902  4008.649902     9453900
2022-11-15 12:50:00-05:00  4008.679932  4008.679932  4005.530029  4005.620117  4005.620117     7514619
2022-11-15 12:52:00-05:00  4005.629883  4007.250000  4005.489990  4005.780029  4005.780029     6153294
2022-11-15 12:54:00-05:00  4005.750000  4006.010010  4002.679932  4003.199951  4003.199951     7324383
2022-11-15 12:56:00-05:00  4003.239990  4006.070068  4003.219971  4005.830078  4005.830078     8644759
2022-11-15 12:58:00-05:00  4005.840088  4006.699951  4004.320068  4006.699951  4006.699951     6203552
2022-11-15 13:00:00-05:00  4006.810059  4009.780029  4006.229980  4009.360107  4009.360107     8029343
2022-11-15 13:02:00-05:00  4009.389893  4009.429932  4006.909912  4008.260010  4008.260010     6348096
2022-11-15 13:04:00-05:00  4008.219971  4009.659912  4008.219971  4008.649902  4008.649902     6570934
2022-11-15 13:06:00-05:00  4008.469971  4009.260010  4008.290039  4008.340088  4008.340088     6133496
2022-11-15 13:08:00-05:00  4008.370117  4009.330078  4005.580078  4005.629883  4005.629883     7018327
2022-11-15 13:10:00-05:00  4005.729980  4006.290039  4004.300049  4004.760010  4004.760010     6687427
2022-11-15 13:12:00-05:00  4004.760010  4005.070068  4002.689941  4004.969971  4004.969971     7878207
2022-11-15 13:14:00-05:00  4004.889893  4005.790039  3998.699951  3998.699951  3998.699951     8716693
2022-11-15 13:16:00-05:00  3998.709961  4000.209961  3998.330078  3998.330078  3998.330078     7802571
2022-11-15 13:18:00-05:00  3998.310059  3998.629883  3990.219971  3990.689941  3990.689941    14890465
2022-11-15 13:20:00-05:00  3990.540039  3990.540039  3986.709961  3986.760010  3986.760010     9727858
2022-11-15 13:22:00-05:00  3986.719971  3986.719971  3974.149902  3976.949951  3976.949951    16369997
2022-11-15 13:24:00-05:00  3976.760010  3984.719971  3975.820068  3981.110107  3981.110107    14284699
2022-11-15 13:26:00-05:00  3980.360107  3980.500000  3968.909912  3969.500000  3969.500000    18559609
2022-11-15 13:28:00-05:00  3969.219971  3972.030029  3967.699951  3970.879883  3970.879883    13242685
2022-11-15 13:30:00-05:00  3970.879883  3976.909912  3968.510010  3969.310059  3969.310059    13811773
2022-11-15 13:32:00-05:00  3969.540039  3971.239990  3964.139893  3968.270020  3968.270020    13879967
2022-11-15 13:34:00-05:00  3968.350098  3971.860107  3962.060059  3968.909912  3968.909912    16561456
2022-11-15 13:36:00-05:00  3968.350098  3968.639893  3961.330078  3961.770020  3961.770020    12165531
2022-11-15 13:38:00-05:00  3961.129883  3961.889893  3956.479980  3961.320068  3961.320068    13858907
2022-11-15 13:40:00-05:00  3961.340088  3963.439941  3953.169922  3960.110107  3960.110107    15876633
2022-11-15 13:42:00-05:00  3960.090088  3971.409912  3960.090088  3971.090088  3971.090088    14680599
2022-11-15 13:44:00-05:00  3970.959961  3976.679932  3970.479980  3972.830078  3972.830078    14449350
2022-11-15 13:46:00-05:00  3972.770020  3979.560059  3969.800049  3973.260010  3973.260010    12948012
2022-11-15 13:48:00-05:00  3973.149902  3973.169922  3965.300049  3965.429932  3965.429932    10590326
2022-11-15 13:50:00-05:00  3964.840088  3972.419922  3964.840088  3971.010010  3971.010010    10286719
2022-11-15 13:52:00-05:00  3970.939941  3972.989990  3968.320068  3968.580078  3968.580078     9099760
2022-11-15 13:54:00-05:00  3968.560059  3975.379883  3968.560059  3972.389893  3972.389893    11317121
2022-11-15 13:56:00-05:00  3972.270020  3980.500000  3972.270020  3976.830078  3976.830078    11270253
2022-11-15 13:58:00-05:00  3976.739990  3977.199951  3972.370117  3972.370117  3972.370117     7902625
2022-11-15 14:00:00-05:00  3972.370117  3975.439941  3968.590088  3970.239990  3970.239990    12170644
2022-11-15 14:02:00-05:00  3970.290039  3970.479980  3960.020020  3960.139893  3960.139893    11559030
2022-11-15 14:04:00-05:00  3959.830078  3965.310059  3957.489990  3963.780029  3963.780029    12622096
2022-11-15 14:06:00-05:00  3963.469971  3969.840088  3963.340088  3965.270020  3965.270020    11183273
2022-11-15 14:08:00-05:00  3965.179932  3971.610107  3963.209961  3971.580078  3971.580078    11516940
2022-11-15 14:10:00-05:00  3971.909912  3990.110107  3971.909912  3984.510010  3984.510010    24593586
2022-11-15 14:12:00-05:00  3984.429932  3985.979980  3978.750000  3983.199951  3983.199951    10695524
2022-11-15 14:14:00-05:00  3983.270020  3983.520020  3977.000000  3978.679932  3978.679932    10098542
2022-11-15 14:16:00-05:00  3978.770020  3983.899902  3977.500000  3982.929932  3982.929932    10455525
2022-11-15 14:18:00-05:00  3982.739990  3987.850098  3979.489990  3984.739990  3984.739990    10222308
2022-11-15 14:20:00-05:00  3985.169922  3994.290039  3985.169922  3991.229980  3991.229980    14225837
2022-11-15 14:22:00-05:00  3991.209961  3993.600098  3988.669922  3990.239990  3990.239990     9025168
2022-11-15 14:24:00-05:00  3990.149902  3996.129883  3990.129883  3994.209961  3994.209961    10117678
2022-11-15 14:26:00-05:00  3994.120117  3995.370117  3987.300049  3987.300049  3987.300049     9835999
2022-11-15 14:28:00-05:00  3987.239990  3991.830078  3985.790039  3990.500000  3990.500000     9356504
2022-11-15 14:30:00-05:00  3990.629883  3992.320068  3987.290039  3988.370117  3988.370117     8537242
2022-11-15 14:32:00-05:00  3988.429932  3991.510010  3988.250000  3988.250000  3988.250000     7339444
2022-11-15 14:34:00-05:00  3988.050049  3988.409912  3983.139893  3987.280029  3987.280029     8972569
2022-11-15 14:36:00-05:00  3987.229980  3988.520020  3985.010010  3985.159912  3985.159912     6770991
2022-11-15 14:38:00-05:00  3985.169922  3992.770020  3984.770020  3986.610107  3986.610107     9263071
2022-11-15 14:40:00-05:00  3986.620117  3991.949951  3986.620117  3989.189941  3989.189941     8223136
2022-11-15 14:42:00-05:00  3989.189941  3991.149902  3987.929932  3988.040039  3988.040039     7451489
2022-11-15 14:44:00-05:00  3988.000000  3990.459961  3985.709961  3989.739990  3989.739990     8252088
2022-11-15 14:46:00-05:00  3989.729980  3989.729980  3984.800049  3985.709961  3985.709961     7697606
2022-11-15 14:48:00-05:00  3985.860107  3986.419922  3981.330078  3982.050049  3982.050049     7828623
2022-11-15 14:50:00-05:00  3982.080078  3985.330078  3980.679932  3982.409912  3982.409912     8900491
2022-11-15 14:52:00-05:00  3982.370117  3985.800049  3982.169922  3983.270020  3983.270020     7299007
2022-11-15 14:54:00-05:00  3983.229980  3988.600098  3980.669922  3988.120117  3988.120117     9589714
2022-11-15 14:56:00-05:00  3988.090088  3997.780029  3987.870117  3996.370117  3996.370117    15331443
2022-11-15 14:58:00-05:00  3996.439941  3998.090088  3993.510010  3994.090088  3994.090088     8719958
2022-11-15 15:00:00-05:00  3994.199951  3997.219971  3993.040039  3995.899902  3995.899902    10177373
2022-11-15 15:02:00-05:00  3995.929932  4000.379883  3995.709961  4000.290039  4000.290039    10155783
2022-11-15 15:04:00-05:00  4000.419922  4000.840088  3995.389893  3995.919922  3995.919922     8852543
2022-11-15 15:06:00-05:00  3996.060059  3996.060059  3990.770020  3992.409912  3992.409912     9334531
2022-11-15 15:08:00-05:00  3992.409912  3995.459961  3992.199951  3992.850098  3992.850098     8205534
2022-11-15 15:10:00-05:00  3992.959961  3995.149902  3989.399902  3989.439941  3989.439941    11527895
2022-11-15 15:12:00-05:00  3989.600098  3994.489990  3989.600098  3994.320068  3994.320068     7651669
2022-11-15 15:14:00-05:00  3994.209961  3994.399902  3990.860107  3994.350098  3994.350098     9105520
2022-11-15 15:16:00-05:00  3994.399902  3999.439941  3994.379883  3998.040039  3998.040039    11266684
2022-11-15 15:18:00-05:00  3998.090088  3999.459961  3995.989990  3998.129883  3998.129883    10752448
2022-11-15 15:20:00-05:00  3998.129883  3999.229980  3995.879883  3997.709961  3997.709961    10386960
2022-11-15 15:22:00-05:00  3997.709961  4001.340088  3997.709961  4001.209961  4001.209961    10249947
2022-11-15 15:24:00-05:00  4001.250000  4002.189941  3999.199951  3999.239990  3999.239990     9744843
2022-11-15 15:26:00-05:00  3999.300049  4000.219971  3996.580078  3997.899902  3997.899902    11379070
2022-11-15 15:28:00-05:00  3997.860107  3997.860107  3995.600098  3996.770020  3996.770020     9846964
2022-11-15 15:30:00-05:00  3996.739990  3996.739990  3988.709961  3990.050049  3990.050049    15381466
2022-11-15 15:32:00-05:00  3990.060059  3992.280029  3989.389893  3990.419922  3990.419922    12061012
2022-11-15 15:34:00-05:00  3990.489990  3990.570068  3986.270020  3990.020020  3990.020020    13779806
2022-11-15 15:36:00-05:00  3990.090088  3992.159912  3990.090088  3991.530029  3991.530029    12670833
2022-11-15 15:38:00-05:00  3991.570068  3998.020020  3991.570068  3997.350098  3997.350098    13919567
2022-11-15 15:40:00-05:00  3997.310059  3999.530029  3996.360107  3996.360107  3996.360107    14379406
2022-11-15 15:42:00-05:00  3996.139893  3998.649902  3995.110107  3998.330078  3998.330078    13436283
2022-11-15 15:44:00-05:00  3998.520020  3999.149902  3992.399902  3992.399902  3992.399902    17460893
2022-11-15 15:46:00-05:00  3992.399902  3996.219971  3991.800049  3995.489990  3995.489990    17764743
2022-11-15 15:48:00-05:00  3995.340088  3995.340088  3991.399902  3992.219971  3992.219971    18243127
2022-11-15 15:50:00-05:00  3992.030029  3992.550049  3984.649902  3984.850098  3984.850098    31073245
2022-11-15 15:52:00-05:00  3984.830078  3988.179932  3984.340088  3984.340088  3984.340088    25015211
2022-11-15 15:54:00-05:00  3984.389893  3988.199951  3982.350098  3988.090088  3988.090088    36638306
2022-11-15 15:56:00-05:00  3987.889893  3988.800049  3986.419922  3988.469971  3988.469971    42701600
2022-11-15 15:58:00-05:00  3988.399902  3992.419922  3988.239990  3991.830078  3991.830078    57339163
2022-11-16 09:30:00-05:00  3976.820068  3978.189941  3972.620117  3977.979980  3977.979980    47944364
2022-11-16 09:32:00-05:00  3978.189941  3980.489990  3976.449951  3979.340088  3979.340088    23751818
2022-11-16 09:34:00-05:00  3979.770020  3983.090088  3977.459961  3978.300049  3978.300049    19661016
2022-11-16 09:36:00-05:00  3978.459961  3979.050049  3976.209961  3977.959961  3977.959961    15811318
2022-11-16 09:38:00-05:00  3977.939941  3979.560059  3975.639893  3979.209961  3979.209961    14088919
2022-11-16 09:40:00-05:00  3978.929932  3978.969971  3974.590088  3976.250000  3976.250000    15977520
2022-11-16 09:42:00-05:00  3976.129883  3978.870117  3974.840088  3977.560059  3977.560059    14552796
2022-11-16 09:44:00-05:00  3977.479980  3980.479980  3976.229980  3980.360107  3980.360107    16863074
2022-11-16 09:46:00-05:00  3980.300049  3980.350098  3971.870117  3971.979980  3971.979980    17020958
2022-11-16 09:48:00-05:00  3971.919922  3972.959961  3966.560059  3967.219971  3967.219971    15635060
2022-11-16 09:50:00-05:00  3967.370117  3970.800049  3965.520020  3966.429932  3966.429932    15950081
2022-11-16 09:52:00-05:00  3966.280029  3969.239990  3965.830078  3968.699951  3968.699951    46431919
2022-11-16 09:54:00-05:00  3968.810059  3969.659912  3966.340088  3968.860107  3968.860107    13506166
2022-11-16 09:56:00-05:00  3968.750000  3968.750000  3964.120117  3967.370117  3967.370117    13175896
2022-11-16 09:58:00-05:00  3967.419922  3970.629883  3967.169922  3970.000000  3970.000000    13902022
2022-11-16 10:00:00-05:00  3970.040039  3974.760010  3969.570068  3973.149902  3973.149902    16716971
2022-11-16 10:02:00-05:00  3972.840088  3973.469971  3970.830078  3970.830078  3970.830078    11019956
2022-11-16 10:04:00-05:00  3970.709961  3972.120117  3969.560059  3970.820068  3970.820068    12412668
2022-11-16 10:06:00-05:00  3970.810059  3974.370117  3966.669922  3968.110107  3968.110107    15794731
2022-11-16 10:08:00-05:00  3968.110107  3969.760010  3965.889893  3968.020020  3968.020020    11653562
2022-11-16 10:10:00-05:00  3968.129883  3970.510010  3968.070068  3969.500000  3969.500000    11828788
2022-11-16 10:12:00-05:00  3970.149902  3975.750000  3970.149902  3973.070068  3973.070068    13305936
2022-11-16 10:14:00-05:00  3972.530029  3972.530029  3967.320068  3967.320068  3967.320068    13278377
2022-11-16 10:16:00-05:00  3967.389893  3968.969971  3964.979980  3965.270020  3965.270020    12240520
2022-11-16 10:18:00-05:00  3965.280029  3966.889893  3964.409912  3965.479980  3965.479980    12007943
2022-11-16 10:20:00-05:00  3965.560059  3970.090088  3965.540039  3969.449951  3969.449951    13798850
2022-11-16 10:22:00-05:00  3969.120117  3970.550049  3966.909912  3970.550049  3970.550049    11395405
2022-11-16 10:24:00-05:00  3970.560059  3972.750000  3969.409912  3971.820068  3971.820068    11253193
2022-11-16 10:26:00-05:00  3971.739990  3973.889893  3970.340088  3970.659912  3970.659912    10755134
2022-11-16 10:28:00-05:00  3970.649902  3970.800049  3968.629883  3969.750000  3969.750000     9124268
2022-11-16 10:30:00-05:00  3969.510010  3971.919922  3968.229980  3971.659912  3971.659912    11004258
2022-11-16 10:32:00-05:00  3971.469971  3975.919922  3970.489990  3975.459961  3975.459961    10551883
2022-11-16 10:34:00-05:00  3975.489990  3977.439941  3973.040039  3973.040039  3973.040039    10943179
2022-11-16 10:36:00-05:00  3972.989990  3972.989990  3970.590088  3971.199951  3971.199951    10266555
2022-11-16 10:38:00-05:00  3971.149902  3972.469971  3970.370117  3971.570068  3971.570068     5256846