                                  Open         High          Low        Close    Adj Close    Volume
Datetime                                                                                            
2023-02-13 09:30:00-05:00  4096.620117  4099.399902  4095.739990  4096.450195  4096.450195  10161484
2023-02-13 09:32:00-05:00  4096.220215  4100.419922  4093.989990  4096.040039  4096.040039  17484116
2023-02-13 09:34:00-05:00  4096.060059  4096.779785  4093.189941  4093.860107  4093.860107  15176558
2023-02-13 09:36:00-05:00  4093.800049  4096.589844  4092.669922  4094.649902  4094.649902  13697205
2023-02-13 09:38:00-05:00  4094.739990  4100.419922  4094.739990  4100.259766  4100.259766  12204555
2023-02-13 09:40:00-05:00  4100.430176  4103.709961  4100.430176  4102.180176  4102.180176  13927878
2023-02-13 09:42:00-05:00  4102.470215  4105.140137  4097.899902  4104.770020  4104.770020  14800834
2023-02-13 09:44:00-05:00  4104.569824  4105.069824  4102.359863  4103.040039  4103.040039  13076170
2023-02-13 09:46:00-05:00  4103.080078  4106.669922  4102.209961  4102.209961  4102.209961  13524103
2023-02-13 09:48:00-05:00  4102.180176  4104.629883  4101.060059  4104.629883  4104.629883  10788791
2023-02-13 09:50:00-05:00  4104.729980  4107.299805  4104.339844  4104.740234  4104.740234  11050453
2023-02-13 09:52:00-05:00  4104.509766  4104.509766  4100.740234  4103.250000  4103.250000  12508131
2023-02-13 09:54:00-05:00  4103.189941  4107.509766  4103.109863  4107.509766  4107.509766  10461029
2023-02-13 09:56:00-05:00  4107.600098  4110.490234  4106.990234  4110.279785  4110.279785  10657538
2023-02-13 09:58:00-05:00  4110.390137  4113.509766  4110.390137  4113.209961  4113.209961  11757945
2023-02-13 10:00:00-05:00  4113.169922  4115.419922  4113.169922  4115.040039  4115.040039  12407873
2023-02-13 10:02:00-05:00  4115.109863  4115.529785  4112.459961  4113.270020  4113.270020  11046540
2023-02-13 10:04:00-05:00  4112.810059  4114.169922  4111.620117  4112.270020  4112.270020  10587713
2023-02-13 10:06:00-05:00  4112.319824  4113.939941  4110.740234  4113.450195  4113.450195  10020446
2023-02-13 10:08:00-05:00  4113.419922  4114.509766  4111.419922  4112.979980  4112.979980  10804075
2023-02-13 10:10:00-05:00  4113.020020  4113.540039  4111.009766  4112.229980  4112.229980   8456451
2023-02-13 10:12:00-05:00  4112.220215  4112.560059  4109.299805  4111.520020  4111.520020   9895924
2023-02-13 10:14:00-05:00  4111.589844  4112.910156  4110.799805  4110.939941  4110.939941   9450894
2023-02-13 10:16:00-05:00  4110.990234  4113.759766  4110.799805  4111.770020  4111.770020   9075430
2023-02-13 10:18:00-05:00  4111.600098  4113.319824  4110.450195  4112.830078  4112.830078   8618143
2023-02-13 10:20:00-05:00  4112.819824  4114.720215  4112.819824  4114.500000  4114.500000   9010872
2023-02-13 10:22:00-05:00  4114.430176  4114.450195  4112.180176  4113.009766  4113.009766   7918245
2023-02-13 10:24:00-05:00  4113.069824  4114.509766  4111.330078  4114.509766  4114.509766   8449854
2023-02-13 10:26:00-05:00  4114.549805  4117.419922  4114.450195  4116.950195  4116.950195  10219636
2023-02-13 10:28:00-05:00  4117.029785  4118.700195  4116.109863  4118.660156  4118.660156   8935822
2023-02-13 10:30:00-05:00  4118.700195  4119.580078  4117.160156  4117.339844  4117.339844   9840487
2023-02-13 10:32:00-05:00  4117.399902  4118.569824  4116.680176  4116.819824  4116.819824   7756718
2023-02-13 10:34:00-05:00  4116.729980  4119.700195  4116.640137  4118.930176  4118.930176   9584769
2023-02-13 10:36:00-05:00  4119.040039  4119.689941  4118.750000  4119.439941  4119.439941   8139200
2023-02-13 10:38:00-05:00  4119.470215  4120.049805  4117.040039  4117.169922  4117.169922   8747593
2023-02-13 10:40:00-05:00  4117.189941  4118.779785  4116.560059  4116.930176  4116.930176   9636757
2023-02-13 10:42:00-05:00  4116.950195  4119.209961  4116.810059  4118.580078  4118.580078   7213215
2023-02-13 10:44:00-05:00  4118.669922  4119.620117  4118.020020  4118.850098  4118.850098   7921095
2023-02-13 10:46:00-05:00  4119.049805  4120.240234  4118.790039  4119.629883  4119.629883   9126280
2023-02-13 10:48:00-05:00  4119.640137  4123.759766  4119.169922  4123.729980  4123.729980  10552516
2023-02-13 10:50:00-05:00  4123.819824  4125.640137  4123.819824  4125.330078  4125.330078  10055968
2023-02-13 10:52:00-05:00  4125.359863  4126.620117  4124.370117  4124.660156  4124.660156   9375597
2023-02-13 10:54:00-05:00  4124.609863  4127.580078  4124.450195  4127.569824  4127.569824  10510957
2023-02-13 10:56:00-05:00  4127.479980  4127.879883  4125.709961  4126.129883  4126.129883   9207588
2023-02-13 10:58:00-05:00  4126.319824  4126.319824  4124.220215  4124.220215  4124.220215   8218353
2023-02-13 11:00:00-05:00  4124.240234  4126.200195  4124.240234  4124.759766  4124.759766   9117051
2023-02-13 11:02:00-05:00  4124.859863  4127.029785  4124.640137  4126.189941  4126.189941   7423354
2023-02-13 11:04:00-05:00  4126.189941  4127.410156  4126.189941  4126.669922  4126.669922   8512875
2023-02-13 11:06:00-05:00  4126.759766  4127.040039  4124.680176  4124.839844  4124.839844   7839379
2023-02-13 11:08:00-05:00  4124.979980  4126.740234  4124.740234  4125.850098  4125.850098   7729660
2023-02-13 11:10:00-05:00  4125.839844  4126.080078  4124.819824  4124.979980  4124.979980   8041006
2023-02-13 11:12:00-05:00  4124.990234  4126.390137  4124.270020  4126.189941  4126.189941   7589839
2023-02-13 11:14:00-05:00  4126.160156  4129.450195  4125.870117  4128.589844  4128.589844  11010484
2023-02-13 11:16:00-05:00  4128.629883  4129.109863  4126.759766  4126.979980  4126.979980   7880923
2023-02-13 11:18:00-05:00  4127.020020  4127.509766  4126.520020  4126.930176  4126.930176   6566563
2023-02-13 11:20:00-05:00  4126.919922  4128.060059  4126.390137  4126.569824  4126.569824   7920760
2023-02-13 11:22:00-05:00  4126.560059  4126.560059  4124.850098  4125.169922  4125.169922   7385019
2023-02-13 11:24:00-05:00  4125.169922  4125.810059  4124.919922  4125.370117  4125.370117   6555201
2023-02-13 11:26:00-05:00  4125.359863  4125.439941  4124.810059  4124.959961  4124.959961   7160411
2023-02-13 11:28:00-05:00  4124.970215  4126.290039  4124.569824  4126.069824  4126.069824   7161828
2023-02-13 11:30:00-05:00  4126.129883  4126.759766  4124.520020  4124.520020  4124.520020   8211717
2023-02-13 11:32:00-05:00  4124.629883  4124.680176  4122.140137  4122.330078  4122.330078   8471381
2023-02-13 11:34:00-05:00  4122.359863  4122.899902  4121.779785  4122.020020  4122.020020   8239253
2023-02-13 11:36:00-05:00  4122.000000  4122.859863  4121.680176  4122.069824  4122.069824   6578104
2023-02-13 11:38:00-05:00  4122.080078  4123.240234  4121.100098  4122.919922  4122.919922   6743563
2023-02-13 11:40:00-05:00  4122.950195  4125.069824  4122.950195  4124.979980  4124.979980   7207476
2023-02-13 11:42:00-05:00  4124.939941  4129.939941  4124.509766  4129.939941  4129.939941   9132867
2023-02-13 11:44:00-05:00  4129.970215  4131.169922  4129.740234  4129.950195  4129.950195   7282755
2023-02-13 11:46:00-05:00  4129.930176  4132.959961  4129.930176  4132.399902  4132.399902   7978071
2023-02-13 11:48:00-05:00  4132.390137  4132.629883  4131.459961  4131.549805  4131.549805   6161252
2023-02-13 11:50:00-05:00  4131.540039  4131.600098  4128.720215  4129.009766  4129.009766   7840499
2023-02-13 11:52:00-05:00  4129.049805  4129.089844  4127.160156  4127.229980  4127.229980   8584367
2023-02-13 11:54:00-05:00  4127.319824  4127.620117  4125.529785  4125.549805  4125.549805   6966035
2023-02-13 11:56:00-05:00  4125.459961  4127.120117  4125.459961  4126.390137  4126.390137   6488702
2023-02-13 11:58:00-05:00  4126.379883  4128.490234  4126.379883  4128.399902  4128.399902   6595652
2023-02-13 12:00:00-05:00  4128.509766  4129.060059  4127.819824  4128.669922  4128.669922   6596248
2023-02-13 12:02:00-05:00  4128.649902  4129.359863  4128.540039  4129.240234  4129.240234   6606724
2023-02-13 12:04:00-05:00  4129.240234  4129.439941  4128.319824  4128.459961  4128.459961   7128676
2023-02-13 12:06:00-05:00  4128.419922  4129.750000  4128.419922  4129.549805  4129.549805   6898757
2023-02-13 12:08:00-05:00  4129.689941  4131.490234  4129.689941  4130.500000  4130.500000   6858352
2023-02-13 12:10:00-05:00  4130.529785  4131.160156  4130.279785  4130.569824  4130.569824   8001042
2023-02-13 12:12:00-05:00  4130.689941  4131.370117  4129.399902  4129.410156  4129.410156   6627210
2023-02-13 12:14:00-05:00  4129.399902  4131.959961  4129.330078  4131.629883  4131.629883   6980958
2023-02-13 12:16:00-05:00  4131.529785  4131.729980  4131.000000  4131.259766  4131.259766   5314676
2023-02-13 12:18:00-05:00  4131.259766  4132.569824  4130.990234  4132.419922  4132.419922   6633079
2023-02-13 12:20:00-05:00  4132.370117  4132.609863  4131.069824  4131.779785  4131.779785   7459151
2023-02-13 12:22:00-05:00  4131.859863  4132.740234  4131.490234  4132.439941  4132.439941   6034963
2023-02-13 12:24:00-05:00  4132.419922  4133.709961  4131.330078  4131.330078  4131.330078   6545716
2023-02-13 12:26:00-05:00  4131.370117  4132.200195  4130.609863  4130.629883  4130.629883   5916151
2023-02-13 12:28:00-05:00  4130.609863  4131.319824  4129.709961  4131.319824  4131.319824   5955672
2023-02-13 12:30:00-05:00  4131.359863  4131.589844  4130.379883  4130.850098  4130.850098   6573696
2023-02-13 12:32:00-05:00  4130.450195  4130.799805  4129.310059  4130.419922  4130.419922   5712842
2023-02-13 12:34:00-05:00  4130.399902  4131.419922  4130.399902  4130.870117  4130.870117   6621584
2023-02-13 12:36:00-05:00  4130.500000  4131.600098  4130.419922  4131.000000  4131.000000   6625833
2023-02-13 12:38:00-05:00  4130.990234  4132.799805  4130.959961  4132.580078  4132.580078   7050259
2023-02-13 12:40:00-05:00  4132.620117  4132.950195  4131.970215  4132.790039  4132.790039   6751810
2023-02-13 12:42:00-05:00  4132.819824  4133.370117  4132.500000  4132.649902  4132.649902   5752790
2023-02-13 12:44:00-05:00  4132.640137  4133.649902  4132.589844  4132.770020  4132.770020   6085851
2023-02-13 12:46:00-05:00  4132.750000  4134.709961  4132.750000  4133.879883  4133.879883   6844449
2023-02-13 12:48:00-05:00  4133.919922  4134.270020  4133.399902  4133.779785  4133.779785   6823405
2023-02-13 12:50:00-05:00  4133.810059  4134.430176  4133.029785  4133.029785  4133.029785   6165307
2023-02-13 12:52:00-05:00  4133.040039  4134.109863  4133.029785  4133.890137  4133.890137   5783996
2023-02-13 12:54:00-05:00  4133.899902  4134.250000  4132.229980  4132.229980  4132.229980   6768641
2023-02-13 12:56:00-05:00  4132.180176  4132.660156  4131.240234  4132.259766  4132.259766   5827905
2023-02-13 12:58:00-05:00  4132.259766  4132.259766  4130.540039  4131.259766  4131.259766   6413277
2023-02-13 13:00:00-05:00  4131.299805  4131.500000  4130.029785  4131.479980  4131.479980   5617650
2023-02-13 13:02:00-05:00  4131.459961  4132.729980  4131.120117  4131.120117  4131.120117   6115112
2023-02-13 13:04:00-05:00  4131.100098  4131.240234  4128.979980  4128.979980  4128.979980   5810563
2023-02-13 13:06:00-05:00  4129.049805  4129.120117  4127.750000  4128.109863  4128.109863   6427224
2023-02-13 13:08:00-05:00  4128.100098  4128.240234  4127.129883  4127.209961  4127.209961   5443416
2023-02-13 13:10:00-05:00  4127.259766  4127.899902  4126.799805  4127.189941  4127.189941   5642938
2023-02-13 13:12:00-05:00  4127.129883  4127.600098  4126.189941  4127.600098  4127.600098   6382740
2023-02-13 13:14:00-05:00  4127.620117  4128.609863  4127.310059  4128.520020  4128.520020   5755698
2023-02-13 13:16:00-05:00  4128.540039  4130.620117  4128.540039  4130.569824  4130.569824   7613842
2023-02-13 13:18:00-05:00  4130.569824  4130.689941  4129.850098  4130.120117  4130.120117   5278917
2023-02-13 13:20:00-05:00  4130.120117  4130.229980  4129.189941  4130.040039  4130.040039   5030838
2023-02-13 13:22:00-05:00  4130.020020  4130.620117  4129.419922  4130.319824  4130.319824   4332244
2023-02-13 13:24:00-05:00  4130.350098  4131.919922  4129.319824  4131.919922  4131.919922   6440532
2023-02-13 13:26:00-05:00  4132.000000  4133.720215  4132.000000  4133.629883  4133.629883   6402834
2023-02-13 13:28:00-05:00  4133.580078  4134.299805  4133.339844  4133.439941  4133.439941   6122419
2023-02-13 13:30:00-05:00  4133.520020  4136.129883  4133.520020  4135.839844  4135.839844   6052413
2023-02-13 13:32:00-05:00  4135.839844  4137.140137  4135.649902  4135.649902  4135.649902   6116930
2023-02-13 13:34:00-05:00  4135.640137  4135.759766  4133.890137  4134.450195  4134.450195   6330746
2023-02-13 13:36:00-05:00  4134.470215  4134.720215  4133.509766  4134.240234  4134.240234   5988999
2023-02-13 13:38:00-05:00  4134.259766  4134.770020  4133.939941  4134.000000  4134.000000   5578601
2023-02-13 13:40:00-05:00  4134.069824  4134.399902  4132.359863  4132.560059  4132.560059   6191923
2023-02-13 13:42:00-05:00  4132.540039  4133.740234  4132.439941  4133.569824  4133.569824   5880231
2023-02-13 13:44:00-05:00  4133.750000  4133.779785  4132.379883  4132.830078  4132.830078   5577247
2023-02-13 13:46:00-05:00  4132.830078  4134.689941  4132.830078  4134.390137  4134.390137   5368144
2023-02-13 13:48:00-05:00  4134.390137  4135.589844  4134.390137  4135.060059  4135.060059   5870410
2023-02-13 13:50:00-05:00  4135.080078  4135.859863  4134.819824  4135.859863  4135.859863   5706898
2023-02-13 13:52:00-05:00  4135.939941  4136.390137  4135.040039  4135.129883  4135.129883   6130274
2023-02-13 13:54:00-05:00  4135.120117  4136.500000  4134.529785  4136.180176  4136.180176   5683983
2023-02-13 13:56:00-05:00  4136.180176  4136.830078  4135.770020  4136.759766  4136.759766   6147493
2023-02-13 13:58:00-05:00  4136.879883  4137.589844  4136.770020  4137.459961  4137.459961   5943723
2023-02-13 14:00:00-05:00  4137.459961  4138.899902  4137.129883  4138.319824  4138.319824   7446539
2023-02-13 14:02:00-05:00  4138.270020  4138.359863  4136.649902  4137.009766  4137.009766   7188175
2023-02-13 14:04:00-05:00  4136.990234  4137.169922  4136.370117  4136.399902  4136.399902   6767054
2023-02-13 14:06:00-05:00  4136.399902  4137.029785  4134.209961  4134.209961  4134.209961   6352337
2023-02-13 14:08:00-05:00  4134.180176  4135.060059  4134.169922  4134.810059  4134.810059   5834052
2023-02-13 14:10:00-05:00  4134.870117  4135.209961  4133.189941  4133.240234  4133.240234   7049683
2023-02-13 14:12:00-05:00  4133.250000  4133.930176  4131.870117  4131.870117  4131.870117   6830291
2023-02-13 14:14:00-05:00  4131.620117  4132.410156  4131.259766  4131.629883  4131.629883   5622884
2023-02-13 14:16:00-05:00  4131.640137  4133.859863  4131.640137  4133.770020  4133.770020   6344757
2023-02-13 14:18:00-05:00  4133.779785  4133.810059  4132.350098  4132.819824  4132.819824   6665817
2023-02-13 14:20:00-05:00  4132.819824  4133.620117  4132.240234  4133.330078  4133.330078   6325559
2023-02-13 14:22:00-05:00  4133.290039  4133.330078  4131.810059  4132.069824  4132.069824   5671324
2023-02-13 14:24:00-05:00  4131.970215  4132.589844  4131.029785  4131.870117  4131.870117   6413980
2023-02-13 14:26:00-05:00  4131.859863  4131.910156  4129.759766  4129.930176  4129.930176   5911808
2023-02-13 14:28:00-05:00  4129.979980  4130.359863  4127.689941  4128.229980  4128.229980   7158962
2023-02-13 14:30:00-05:00  4128.250000  4128.950195  4127.350098  4127.899902  4127.899902   7683003
2023-02-13 14:32:00-05:00  4127.910156  4128.290039  4125.589844  4125.589844  4125.589844   7929755
2023-02-13 14:34:00-05:00  4125.549805  4126.640137  4124.029785  4126.609863  4126.609863   9741902
2023-02-13 14:36:00-05:00  4126.609863  4129.089844  4126.609863  4127.609863  4127.609863   7976594
2023-02-13 14:38:00-05:00  4127.700195  4127.700195  4125.879883  4126.430176  4126.430176   5810865
2023-02-13 14:40:00-05:00  4126.540039  4126.629883  4124.330078  4124.330078  4124.330078   6039453
2023-02-13 14:42:00-05:00  4124.299805  4124.319824  4122.160156  4124.149902  4124.149902   7383981
2023-02-13 14:44:00-05:00  4124.149902  4125.750000  4123.740234  4124.790039  4124.790039   5881660
2023-02-13 14:46:00-05:00  4124.790039  4125.250000  4122.080078  4122.479980  4122.479980   6237839
2023-02-13 14:48:00-05:00  4122.490234  4123.279785  4121.490234  4122.330078  4122.330078   6476689
2023-02-13 14:50:00-05:00  4122.310059  4124.310059  4121.770020  4124.310059  4124.310059   5997590
2023-02-13 14:52:00-05:00  4124.390137  4126.149902  4124.310059  4126.149902  4126.149902   5978842
2023-02-13 14:54:00-05:00  4126.149902  4126.569824  4125.129883  4125.390137  4125.390137   6380456
2023-02-13 14:56:00-05:00  4125.439941  4126.049805  4124.839844  4126.049805  4126.049805   6206654
2023-02-13 14:58:00-05:00  4125.839844  4127.189941  4125.589844  4127.169922  4127.169922   5852861
2023-02-13 15:00:00-05:00  4127.149902  4127.149902  4122.540039  4122.540039  4122.540039   8963292
2023-02-13 15:02:00-05:00  4122.359863  4123.680176  4121.020020  4123.629883  4123.629883   9502900
2023-02-13 15:04:00-05:00  4123.500000  4125.479980  4123.490234  4125.250000  4125.250000   7924446
2023-02-13 15:06:00-05:00  4125.270020  4127.399902  4124.089844  4127.229980  4127.229980   7640279
2023-02-13 15:08:00-05:00  4127.169922  4127.669922  4125.970215  4127.009766  4127.009766   7394228
2023-02-13 15:10:00-05:00  4127.060059  4127.589844  4125.970215  4127.140137  4127.140137   8514638
2023-02-13 15:12:00-05:00  4127.169922  4128.490234  4126.379883  4126.660156  4126.660156   8960195
2023-02-13 15:14:00-05:00  4126.660156  4127.779785  4126.589844  4127.410156  4127.410156   6713317
2023-02-13 15:16:00-05:00  4127.399902  4127.470215  4125.270020  4125.479980  4125.479980   7107330
2023-02-13 15:18:00-05:00  4125.500000  4128.060059  4125.089844  4128.060059  4128.060059   8138438
2023-02-13 15:20:00-05:00  4128.120117  4129.709961  4127.500000  4129.299805  4129.299805   8032008
2023-02-13 15:22:00-05:00  4129.310059  4129.310059  4127.919922  4128.549805  4128.549805   8354127
2023-02-13 15:24:00-05:00  4128.560059  4129.700195  4128.379883  4129.520020  4129.520020   7412509
2023-02-13 15:26:00-05:00  4129.509766  4129.669922  4128.129883  4128.799805  4128.799805   9521201
2023-02-13 15:28:00-05:00  4128.799805  4129.919922  4128.109863  4129.250000  4129.250000   8975184
2023-02-13 15:30:00-05:00  4129.299805  4132.379883  4129.299805  4131.890137  4131.890137  11001268
2023-02-13 15:32:00-05:00  4131.819824  4132.899902  4131.399902  4132.200195  4132.200195  10879889
2023-02-13 15:34:00-05:00  4132.169922  4133.439941  4131.229980  4133.330078  4133.330078  11112583
2023-02-13 15:36:00-05:00  4133.129883  4134.040039  4132.660156  4133.720215  4133.720215  10384948
2023-02-13 15:38:00-05:00  4133.729980  4135.490234  4133.209961  4135.220215  4135.220215  11788202
2023-02-13 15:40:00-05:00  4135.259766  4136.600098  4135.040039  4136.549805  4136.549805  11066623
2023-02-13 15:42:00-05:00  4136.589844  4136.589844  4134.759766  4134.790039  4134.790039  12477489
2023-02-13 15:44:00-05:00  4134.459961  4135.779785  4133.669922  4134.490234  4134.490234  16592948
2023-02-13 15:46:00-05:00  4134.240234  4134.580078  4132.600098  4133.089844  4133.089844  14922309
2023-02-13 15:48:00-05:00  4133.089844  4135.859863  4133.089844  4135.339844  4135.339844  16294140
2023-02-13 15:50:00-05:00  4135.390137  4135.390137  4129.609863  4130.750000  4130.750000  28409717
2023-02-13 15:52:00-05:00  4130.720215  4131.799805  4129.240234  4130.410156  4130.410156  25983484
2023-02-13 15:54:00-05:00  4130.509766  4133.419922  4130.450195  4133.100098  4133.100098  25412872
2023-02-13 15:56:00-05:00  4133.220215  4134.689941  4132.709961  4134.310059  4134.310059  28296330
2023-02-13 15:58:00-05:00  4134.330078  4137.060059  4132.819824  4136.959961  4136.959961  27161497
2023-02-14 09:30:00-05:00  4126.700195  4126.700195  4107.279785  4108.370117  4108.370117  38835030
2023-02-14 09:32:00-05:00  4107.799805  4110.779785  4105.609863  4106.740234  4106.740234  15932956
2023-02-14 09:34:00-05:00  4106.930176  4114.549805  4106.930176  4111.180176  4111.180176  15480586
2023-02-14 09:36:00-05:00  4111.229980  4117.390137  4110.470215  4115.330078  4115.330078  15703225
2023-02-14 09:38:00-05:00  4115.189941  4117.799805  4111.740234  4117.799805  4117.799805  14751761
2023-02-14 09:40:00-05:00  4117.600098  4122.470215  4114.870117  4122.439941  4122.439941  14872801
2023-02-14 09:42:00-05:00  4121.979980  4122.020020  4116.310059  4118.069824  4118.069824  13963350
2023-02-14 09:44:00-05:00  4118.040039  4127.819824  4118.040039  4127.819824  4127.819824  15304194
2023-02-14 09:46:00-05:00  4128.209961  4134.430176  4127.879883  4134.000000  4134.000000  15748834
2023-02-14 09:48:00-05:00  4133.910156  4134.259766  4129.750000  4131.580078  4131.580078  13923504
2023-02-14 09:50:00-05:00  4131.220215  4135.520020  4129.879883  4133.220215  4133.220215  12937236
2023-02-14 09:52:00-05:00  4133.040039  4134.069824  4129.029785  4129.080078  4129.080078  11587043
2023-02-14 09:54:00-05:00  4129.490234  4140.120117  4129.279785  4140.049805  4140.049805  13851961
2023-02-14 09:56:00-05:00  4140.419922  4143.979980  4138.399902  4143.979980  4143.979980  14629388
2023-02-14 09:58:00-05:00  4143.970215  4145.770020  4142.529785  4142.529785  4142.529785  12769133
2023-02-14 10:00:00-05:00  4142.580078  4147.180176  4142.580078  4147.109863  4147.109863  16365490
2023-02-14 10:02:00-05:00  4147.299805  4151.669922  4147.299805  4150.250000  4150.250000  14917145
2023-02-14 10:04:00-05:00  4150.399902  4151.129883  4148.430176  4150.390137  4150.390137  12837008
2023-02-14 10:06:00-05:00  4150.410156  4152.720215  4149.359863  4152.379883  4152.379883  12217997
2023-02-14 10:08:00-05:00  4152.419922  4152.890137  4150.350098  4151.799805  4151.799805   9999088
2023-02-14 10:10:00-05:00  4151.910156  4158.660156  4149.640137  4158.470215  4158.470215  16401485
2023-02-14 10:12:00-05:00  4158.859863  4159.520020  4154.609863  4154.959961  4154.959961  12878729
2023-02-14 10:14:00-05:00  4155.500000  4158.169922  4155.089844  4157.410156  4157.410156  10411462
2023-02-14 10:16:00-05:00  4157.549805  4159.770020  4155.419922  4156.839844  4156.839844  13828283
2023-02-14 10:18:00-05:00  4156.870117  4157.339844  4152.089844  4152.390137  4152.390137  11656292
2023-02-14 10:20:00-05:00  4152.540039  4155.520020  4151.990234  4154.350098  4154.350098  10293514
2023-02-14 10:22:00-05:00  4154.330078  4157.149902  4154.319824  4156.520020  4156.520020   7991891
2023-02-14 10:24:00-05:00  4156.709961  4156.799805  4153.209961  4153.779785  4153.779785   8914769
2023-02-14 10:26:00-05:00  4153.819824  4154.879883  4151.399902  4151.819824  4151.819824   9311714
2023-02-14 10:28:00-05:00  4151.930176  4152.109863  4143.169922  4143.479980  4143.479980  14513934
2023-02-14 10:30:00-05:00  4143.350098  4146.299805  4139.879883  4139.979980  4139.979980  12554763
2023-02-14 10:32:00-05:00  4140.040039  4140.850098  4137.930176  4138.410156  4138.410156  11201488
2023-02-14 10:34:00-05:00  4138.390137  4139.890137  4129.729980  4129.970215  4129.970215  13507244
2023-02-14 10:36:00-05:00  4129.520020  4129.520020  4120.950195  4121.689941  4121.689941  16603178
2023-02-14 10:38:00-05:00  4121.899902  4122.919922  4116.560059  4116.620117  4116.620117  13289664
2023-02-14 10:40:00-05:00  4115.930176  4117.509766  4112.299805  4113.890137  4113.890137  14131858
2023-02-14 10:42:00-05:00  4114.160156  4115.750000  4112.669922  4115.479980  4115.479980  10197928
2023-02-14 10:44:00-05:00  4115.529785  4117.750000  4108.819824  4108.819824  4108.819824  13402215
2023-02-14 10:46:00-05:00  4108.870117  4112.939941  4103.399902  4112.939941  4112.939941  16279954
2023-02-14 10:48:00-05:00  4113.240234  4118.169922  4113.240234  4117.020020  4117.020020  10556810
2023-02-14 10:50:00-05:00  4117.020020  4117.020020  4110.850098  4112.470215  4112.470215  10990924
2023-02-14 10:52:00-05:00  4112.399902  4112.399902  4109.279785  4109.279785  4109.279785   8571427
2023-02-14 10:54:00-05:00  4109.569824  4110.209961  4106.629883  4109.120117  4109.120117  10244187
2023-02-14 10:56:00-05:00  4109.299805  4115.259766  4109.299805  4115.029785  4115.029785  10003711
2023-02-14 10:58:00-05:00  4115.120117  4116.560059  4113.910156  4114.229980  4114.229980   8871727
2023-02-14 11:00:00-05:00  4114.270020  4124.569824  4113.339844  4124.089844  4124.089844  12806859
2023-02-14 11:02:00-05:00  4124.279785  4125.000000  4122.240234  4123.779785  4123.779785   8688047
2023-02-14 11:04:00-05:00  4123.759766  4124.720215  4122.950195  4124.129883  4124.129883   6825922
2023-02-14 11:06:00-05:00  4124.049805  4127.910156  4122.390137  4126.850098  4126.850098   8536914
2023-02-14 11:08:00-05:00  4126.819824  4126.899902  4119.799805  4119.979980  4119.979980   9044175
2023-02-14 11:10:00-05:00  4119.830078  4123.089844  4119.180176  4123.089844  4123.089844   7119784
2023-02-14 11:12:00-05:00  4123.089844  4124.609863  4120.040039  4120.379883  4120.379883   7551205
2023-02-14 11:14:00-05:00  4120.430176  4121.500000  4119.720215  4121.259766  4121.259766   7197414
2023-02-14 11:16:00-05:00  4121.370117  4124.169922  4120.299805  4120.870117  4120.870117   7333404
2023-02-14 11:18:00-05:00  4120.839844  4126.500000  4120.839844  4126.189941  4126.189941   7431007
2023-02-14 11:20:00-05:00  4126.189941  4126.689941  4124.009766  4126.220215  4126.220215   7894979
2023-02-14 11:22:00-05:00  4126.049805  4126.410156  4123.549805  4126.410156  4126.410156   6683083
2023-02-14 11:24:00-05:00  4126.459961  4127.959961  4123.750000  4123.979980  4123.979980   7796235
2023-02-14 11:26:00-05:00  4124.149902  4124.509766  4113.959961  4117.279785  4117.279785  12758285
2023-02-14 11:28:00-05:00  4117.279785  4117.490234  4107.660156  4108.520020  4108.520020   9664756
2023-02-14 11:30:00-05:00  4108.560059  4108.560059  4100.189941  4100.209961  4100.209961  14471828
2023-02-14 11:32:00-05:00  4100.240234  4102.049805  4097.759766  4097.759766  4097.759766   9300193
2023-02-14 11:34:00-05:00  4097.379883  4103.919922  4096.729980  4103.899902  4103.899902  10400856
2023-02-14 11:36:00-05:00  4103.879883  4104.060059  4101.939941  4102.580078  4102.580078   6754526
2023-02-14 11:38:00-05:00  4102.500000  4102.959961  4100.149902  4100.310059  4100.310059   7393701
2023-02-14 11:40:00-05:00  4100.299805  4102.069824  4098.390137  4100.750000  4100.750000   7826650
2023-02-14 11:42:00-05:00  4100.750000  4100.950195  4096.049805  4096.270020  4096.270020   8483578
2023-02-14 11:44:00-05:00  4096.000000  4099.120117  4095.949951  4099.120117  4099.120117   7191609
2023-02-14 11:46:00-05:00  4098.959961  4102.430176  4098.640137  4100.330078  4100.330078   7385569
2023-02-14 11:48:00-05:00  4100.319824  4105.930176  4100.270020  4104.339844  4104.339844   7317371
2023-02-14 11:50:00-05:00  4104.450195  4104.450195  4100.399902  4101.069824  4101.069824   6845680
2023-02-14 11:52:00-05:00  4101.100098  4101.459961  4095.010010  4096.589844  4096.589844   7699476
2023-02-14 11:54:00-05:00  4096.709961  4100.910156  4096.410156  4100.560059  4100.560059   6457673
2023-02-14 11:56:00-05:00  4100.490234  4103.419922  4099.799805  4099.939941  4099.939941   6682135
2023-02-14 11:58:00-05:00  4099.970215  4105.810059  4099.009766  4105.220215  4105.220215   7867249
2023-02-14 12:00:00-05:00  4105.049805  4108.220215  4103.509766  4108.220215  4108.220215   7832214
2023-02-14 12:02:00-05:00  4109.470215  4109.529785  4105.839844  4107.640137  4107.640137   7509734
2023-02-14 12:04:00-05:00  4107.640137  4108.089844  4105.709961  4107.669922  4107.669922   6026174
2023-02-14 12:06:00-05:00  4107.680176  4108.399902  4106.459961  4107.990234  4107.990234   5230851
2023-02-14 12:08:00-05:00  4108.009766  4109.250000  4107.939941  4109.060059  4109.060059   5024904
2023-02-14 12:10:00-05:00  4109.109863  4115.029785  4108.740234  4113.120117  4113.120117   8786897
2023-02-14 12:12:00-05:00  4113.009766  4115.520020  4113.009766  4114.979980  4114.979980   5971168
2023-02-14 12:14:00-05:00  4114.979980  4115.979980  4114.549805  4115.580078  4115.580078   5166798
2023-02-14 12:16:00-05:00  4115.569824  4115.910156  4113.209961  4114.390137  4114.390137   6664990
2023-02-14 12:18:00-05:00  4113.399902  4114.950195  4113.029785  4114.770020  4114.770020   5857281
2023-02-14 12:20:00-05:00  4114.729980  4118.629883  4114.350098  4114.810059  4114.810059   6982408
2023-02-14 12:22:00-05:00  4114.810059  4114.859863  4112.620117  4113.629883  4113.629883   4934509
2023-02-14 12:24:00-05:00  4113.669922  4115.430176  4111.919922  4115.149902  4115.149902   5695838
2023-02-14 12:26:00-05:00  4115.250000  4118.209961  4115.109863  4117.720215  4117.720215   5408535
2023-02-14 12:28:00-05:00  4117.520020  4117.520020  4114.439941  4114.459961  4114.459961   5441726
2023-02-14 12:30:00-05:00  4114.470215  4116.479980  4113.529785  4116.390137  4116.390137   7832574
2023-02-14 12:32:00-05:00  4116.390137  4118.779785  4116.120117  4118.779785  4118.779785   7538888
2023-02-14 12:34:00-05:00  4118.870117  4119.779785  4118.709961  4118.830078  4118.830078   8759285
2023-02-14 12:36:00-05:00  4118.830078  4119.089844  4116.419922  4117.089844  4117.089844   8558003
2023-02-14 12:38:00-05:00  4117.069824  4117.069824  4114.580078  4115.839844  4115.839844   7773921
2023-02-14 12:40:00-05:00  4115.830078  4117.500000  4115.089844  4116.479980  4116.479980   6757102
2023-02-14 12:42:00-05:00  4116.439941  4119.500000  4116.029785  4116.649902  4116.649902   6502448
2023-02-14 12:44:00-05:00  4116.620117  4116.620117  4114.899902  4115.919922  4115.919922   5749762
2023-02-14 12:46:00-05:00  4115.870117  4118.700195  4115.770020  4118.080078  4118.080078   5324775
2023-02-14 12:48:00-05:00  4118.000000  4118.689941  4115.950195  4117.359863  4117.359863   5930307
2023-02-14 12:50:00-05:00  4117.359863  4117.359863  4113.919922  4114.660156  4114.660156   6231118
2023-02-14 12:52:00-05:00  4114.720215  4116.589844  4113.240234  4113.729980  4113.729980   5505387
2023-02-14 12:54:00-05:00  4113.740234  4116.609863  4113.740234  4116.589844  4116.589844   5371210
2023-02-14 12:56:00-05:00  4116.589844  4121.229980  4116.250000  4120.709961  4120.709961   7438821
2023-02-14 12:58:00-05:00  4120.729980  4120.939941  4119.279785  4120.020020  4120.020020   4542189
2023-02-14 13:00:00-05:00  4120.000000  4130.339844  4119.330078  4130.339844  4130.339844  11911138
2023-02-14 13:02:00-05:00  4130.459961  4135.390137  4130.459961  4132.910156  4132.910156  12098508
2023-02-14 13:04:00-05:00  4132.689941  4136.229980  4132.600098  4135.220215  4135.220215   6940908
2023-02-14 13:06:00-05:00  4135.430176  4138.740234  4134.799805  4135.009766  4135.009766   8781978
2023-02-14 13:08:00-05:00  4135.060059  4136.109863  4133.950195  4134.009766  4134.009766   6356361
2023-02-14 13:10:00-05:00  4133.799805  4134.419922  4131.330078  4132.080078  4132.080078   6648861
2023-02-14 13:12:00-05:00  4132.029785  4133.890137  4131.020020  4133.890137  4133.890137   6017016
2023-02-14 13:14:00-05:00  4133.890137  4136.629883  4133.129883  4136.250000  4136.250000   6004476
2023-02-14 13:16:00-05:00  4136.259766  4139.879883  4134.379883  4139.879883  4139.879883   7919300
2023-02-14 13:18:00-05:00  4140.819824  4143.859863  4137.660156  4137.790039  4137.790039  10851886
2023-02-14 13:20:00-05:00  4137.910156  4139.899902  4137.169922  4137.450195  4137.450195   6269754
2023-02-14 13:22:00-05:00  4137.319824  4138.479980  4136.330078  4136.339844  4136.339844   5041220
2023-02-14 13:24:00-05:00  4136.339844  4136.459961  4133.589844  4134.529785  4134.529785   7587770
2023-02-14 13:26:00-05:00  4134.520020  4134.669922  4131.970215  4132.399902  4132.399902   5567181
2023-02-14 13:28:00-05:00  4132.419922  4135.640137  4132.419922  4134.399902  4134.399902   6589875
2023-02-14 13:30:00-05:00  4134.470215  4136.109863  4134.250000  4135.600098  4135.600098   5428291
2023-02-14 13:32:00-05:00  4135.629883  4136.379883  4134.279785  4136.089844  4136.089844   5407785
2023-02-14 13:34:00-05:00  4136.100098  4138.240234  4136.100098  4137.129883  4137.129883   6022583
2023-02-14 13:36:00-05:00  4137.180176  4137.290039  4133.589844  4133.740234  4133.740234   6705896
2023-02-14 13:38:00-05:00  4133.850098  4136.509766  4133.850098  4135.580078  4135.580078   5284219
2023-02-14 13:40:00-05:00  4135.569824  4136.859863  4131.569824  4131.959961  4131.959961   7085376
2023-02-14 13:42:00-05:00  4131.970215  4134.109863  4131.859863  4133.089844  4133.089844   5637603
2023-02-14 13:44:00-05:00  4132.990234  4132.990234  4127.950195  4130.750000  4130.750000   7757238
2023-02-14 13:46:00-05:00  4130.910156  4134.169922  4130.850098  4134.049805  4134.049805   4993466
2023-02-14 13:48:00-05:00  4133.870117  4134.799805  4133.700195  4133.859863  4133.859863   5599117
2023-02-14 13:50:00-05:00  4133.779785  4134.979980  4132.830078  4133.330078  4133.330078   5413718
2023-02-14 13:52:00-05:00  4133.359863  4135.890137  4133.080078  4135.669922  4135.669922   5099988
2023-02-14 13:54:00-05:00  4135.640137  4136.959961  4134.379883  4136.700195  4136.700195   5441222
2023-02-14 13:56:00-05:00  4136.770020  4137.529785  4135.660156  4135.660156  4135.660156   4942106
2023-02-14 13:58:00-05:00  4135.589844  4135.669922  4132.180176  4133.750000  4133.750000   5961055
2023-02-14 14:00:00-05:00  4133.759766  4134.080078  4131.160156  4133.209961  4133.209961   7455349
2023-02-14 14:02:00-05:00  4133.240234  4138.520020  4133.240234  4137.870117  4137.870117   7517326
2023-02-14 14:04:00-05:00  4137.870117  4138.330078  4125.669922  4128.879883  4128.879883  11601820
2023-02-14 14:06:00-05:00  4128.770020  4128.770020  4122.470215  4122.810059  4122.810059   7232886
2023-02-14 14:08:00-05:00  4122.810059  4127.029785  4122.810059  4126.689941  4126.689941   6308552
2023-02-14 14:10:00-05:00  4126.560059  4129.580078  4126.560059  4129.009766  4129.009766   6045732
2023-02-14 14:12:00-05:00  4128.959961  4130.310059  4128.490234  4128.649902  4128.649902   4757387
2023-02-14 14:14:00-05:00  4128.689941  4132.009766  4128.689941  4131.810059  4131.810059   5727323
2023-02-14 14:16:00-05:00  4131.819824  4133.629883  4131.799805  4133.629883  4133.629883   5413607
2023-02-14 14:18:00-05:00  4133.560059  4136.100098  4133.169922  4135.000000  4135.000000   6142151
2023-02-14 14:20:00-05:00  4135.009766  4136.819824  4134.569824  4136.109863  4136.109863   6107651
2023-02-14 14:22:00-05:00  4136.140137  4136.140137  4133.270020  4134.589844  4134.589844   6176078
2023-02-14 14:24:00-05:00  4134.609863  4135.479980  4134.330078  4134.439941  4134.439941   4714609
2023-02-14 14:26:00-05:00  4134.490234  4134.819824  4131.990234  4133.750000  4133.750000   6416072
2023-02-14 14:28:00-05:00  4133.750000  4134.819824  4133.419922  4134.240234  4134.240234   5218936
2023-02-14 14:30:00-05:00  4134.299805  4138.790039  4134.279785  4137.660156  4137.660156   8448670
2023-02-14 14:32:00-05:00  4137.779785  4138.959961  4137.629883  4138.080078  4138.080078   6691833
2023-02-14 14:34:00-05:00  4138.089844  4143.339844  4138.080078  4142.180176  4142.180176   9669510
2023-02-14 14:36:00-05:00  4142.189941  4144.870117  4141.470215  4144.180176  4144.180176   7533582
2023-02-14 14:38:00-05:00  4144.220215  4144.270020  4141.470215  4141.959961  4141.959961   7316049
2023-02-14 14:40:00-05:00  4142.000000  4144.160156  4141.970215  4143.410156  4143.410156   6295435
2023-02-14 14:42:00-05:00  4143.419922  4143.970215  4142.600098  4142.830078  4142.830078   5985996
2023-02-14 14:44:00-05:00  4143.080078  4143.669922  4141.890137  4142.020020  4142.020020   6121191
2023-02-14 14:46:00-05:00  4142.029785  4144.189941  4140.990234  4144.189941  4144.189941   6450170
2023-02-14 14:48:00-05:00  4144.160156  4144.250000  4143.189941  4143.240234  4143.240234   5955982
2023-02-14 14:50:00-05:00  4143.379883  4145.470215  4142.990234  4143.049805  4143.049805   7270277
2023-02-14 14:52:00-05:00  4143.049805  4143.049805  4139.509766  4139.819824  4139.819824   7162355
2023-02-14 14:54:00-05:00  4139.859863  4141.310059  4139.859863  4140.990234  4140.990234   5514171
2023-02-14 14:56:00-05:00  4140.649902  4143.100098  4139.390137  4141.529785  4141.529785   7425944
2023-02-14 14:58:00-05:00  4141.580078  4141.930176  4140.580078  4140.810059  4140.810059   5598833
2023-02-14 15:00:00-05:00  4140.810059  4143.000000  4140.500000  4142.870117  4142.870117   8315978
2023-02-14 15:02:00-05:00  4142.899902  4143.689941  4139.439941  4139.439941  4139.439941   7323487
2023-02-14 15:04:00-05:00  4139.509766  4140.169922  4138.669922  4138.890137  4138.890137   6471271
2023-02-14 15:06:00-05:00  4138.229980  4140.250000  4137.660156  4138.859863  4138.859863   6971769
2023-02-14 15:08:00-05:00  4138.950195  4139.500000  4137.930176  4138.229980  4138.229980   6645338
2023-02-14 15:10:00-05:00  4138.279785  4138.279785  4133.839844  4136.930176  4136.930176   9689649
2023-02-14 15:12:00-05:00  4136.950195  4140.100098  4136.700195  4139.859863  4139.859863   7551336
2023-02-14 15:14:00-05:00  4139.910156  4140.080078  4137.049805  4137.390137  4137.390137   7611926
2023-02-14 15:16:00-05:00  4137.370117  4138.209961  4136.680176  4136.970215  4136.970215   7218449
2023-02-14 15:18:00-05:00  4137.040039  4140.779785  4137.040039  4139.689941  4139.689941  10059699
2023-02-14 15:20:00-05:00  4139.709961  4141.020020  4138.830078  4140.569824  4140.569824   8525765
2023-02-14 15:22:00-05:00  4140.370117  4141.750000  4140.000000  4141.240234  4141.240234   7717429
2023-02-14 15:24:00-05:00  4141.140137  4143.569824  4141.080078  4143.069824  4143.069824  10044136
2023-02-14 15:26:00-05:00  4143.040039  4143.669922  4141.279785  4142.330078  4142.330078  10587956
2023-02-14 15:28:00-05:00  4142.600098  4142.600098  4140.060059  4140.319824  4140.319824   8637255
2023-02-14 15:30:00-05:00  4140.319824  4143.109863  4138.180176  4143.080078  4143.080078  13277084
2023-02-14 15:32:00-05:00  4143.029785  4143.029785  4137.819824  4139.270020  4139.270020  11029269
2023-02-14 15:34:00-05:00  4139.339844  4141.830078  4139.339844  4141.189941  4141.189941   9918934
2023-02-14 15:36:00-05:00  4141.270020  4141.580078  4139.629883  4141.220215  4141.220215   9919292
2023-02-14 15:38:00-05:00  4141.270020  4143.330078  4140.950195  4142.140137  4142.140137  14380827
2023-02-14 15:40:00-05:00  4142.240234  4143.399902  4141.240234  4143.089844  4143.089844  12273168
2023-02-14 15:42:00-05:00  4143.160156  4144.240234  4142.169922  4144.180176  4144.180176  12317105
2023-02-14 15:44:00-05:00  4144.229980  4145.470215  4143.069824  4144.140137  4144.140137  15553435
2023-02-14 15:46:00-05:00  4144.259766  4144.259766  4142.000000  4142.979980  4142.979980  14227213
2023-02-14 15:48:00-05:00  4142.870117  4145.209961  4142.229980  4144.390137  4144.390137  15242950
2023-02-14 15:50:00-05:00  4144.450195  4144.450195  4139.839844  4141.080078  4141.080078  26810047
2023-02-14 15:52:00-05:00  4141.080078  4143.930176  4140.370117  4143.669922  4143.669922  22553055
2023-02-14 15:54:00-05:00  4143.660156  4145.959961  4141.240234  4144.189941  4144.189941  26501785
2023-02-14 15:56:00-05:00  4144.120117  4144.910156  4138.720215  4139.750000  4139.750000  28735109
2023-02-14 15:58:00-05:00  4139.700195  4139.700195  4135.129883  4136.029785  4136.029785  29566433
2023-02-15 09:30:00-05:00  4119.500000  4119.500000  4110.149902  4115.560059  4115.560059  42306425
2023-02-15 09:32:00-05:00  4115.229980  4117.600098  4115.049805  4117.600098  4117.600098  16980580
2023-02-15 09:34:00-05:00  4117.390137  4118.419922  4115.509766  4116.240234  4116.240234  16382327
2023-02-15 09:36:00-05:00  4116.060059  4119.600098  4115.479980  4119.040039  4119.040039  15621429
2023-02-15 09:38:00-05:00  4118.959961  4118.959961  4114.720215  4114.720215  4114.720215  14795493
2023-02-15 09:40:00-05:00  4114.740234  4118.560059  4112.790039  4118.419922  4118.419922  15342815
2023-02-15 09:42:00-05:00  4118.359863  4122.720215  4117.020020  4119.620117  4119.620117  14298350
2023-02-15 09:44:00-05:00  4119.700195  4120.799805  4116.799805  4118.430176  4118.430176  11894223
2023-02-15 09:46:00-05:00  4118.350098  4122.379883  4116.819824  4121.950195  4121.950195  12176277
2023-02-15 09:48:00-05:00  4121.729980  4123.080078  4119.729980  4123.080078  4123.080078  11803643
2023-02-15 09:50:00-05:00  4123.100098  4124.299805  4119.459961  4119.919922  4119.919922  13130194
2023-02-15 09:52:00-05:00  4119.919922  4119.919922  4109.240234  4110.160156  4110.160156  15292824
2023-02-15 09:54:00-05:00  4110.120117  4112.919922  4106.459961  4111.430176  4111.430176  15319000
2023-02-15 09:56:00-05:00  4111.270020  4112.080078  4107.770020  4108.740234  4108.740234  12406862
2023-02-15 09:58:00-05:00  4108.859863  4112.200195  4108.850098  4111.450195  4111.450195  10224597
2023-02-15 10:00:00-05:00  4111.490234  4117.439941  4110.589844  4114.950195  4114.950195  13430900
2023-02-15 10:02:00-05:00  4115.229980  4116.319824  4111.689941  4115.509766  4115.509766  11109163
2023-02-15 10:04:00-05:00  4115.350098  4117.660156  4114.740234  4115.609863  4115.609863  11165619
2023-02-15 10:06:00-05:00  4115.540039  4117.350098  4110.620117  4111.109863  4111.109863  11739713
2023-02-15 10:08:00-05:00  4111.060059  4112.109863  4107.069824  4109.990234  4109.990234  12320320
2023-02-15 10:10:00-05:00  4109.879883  4111.240234  4107.790039  4108.370117  4108.370117  12152715
2023-02-15 10:12:00-05:00  4108.089844  4111.220215  4103.979980  4111.160156  4111.160156  12967395
2023-02-15 10:14:00-05:00  4111.290039  4113.080078  4110.959961  4112.509766  4112.509766  10582554
2023-02-15 10:16:00-05:00  4112.560059  4118.189941  4112.560059  4118.120117  4118.120117  10964721
2023-02-15 10:18:00-05:00  4118.259766  4120.879883  4117.959961  4120.560059  4120.560059  11264386
2023-02-15 10:20:00-05:00  4120.470215  4122.229980  4120.209961  4120.839844  4120.839844   9655212
2023-02-15 10:22:00-05:00  4120.569824  4122.029785  4116.720215  4117.089844  4117.089844   9001659
2023-02-15 10:24:00-05:00  4117.220215  4117.770020  4114.870117  4117.649902  4117.649902   8883854
2023-02-15 10:26:00-05:00  4117.459961  4117.930176  4115.569824  4116.759766  4116.759766   8151644
2023-02-15 10:28:00-05:00  4116.830078  4119.490234  4116.410156  4116.919922  4116.919922   9162158
2023-02-15 10:30:00-05:00  4117.169922  4121.049805  4115.290039  4120.669922  4120.669922  11411279
2023-02-15 10:32:00-05:00  4120.609863  4122.600098  4120.250000  4121.689941  4121.689941  11654578
2023-02-15 10:34:00-05:00  4121.819824  4124.609863  4121.729980  4121.830078  4121.830078  12104221
2023-02-15 10:36:00-05:00  4121.890137  4121.899902  4119.549805  4121.439941  4121.439941   8928202
2023-02-15 10:38:00-05:00  4121.520020  4123.680176  4121.520020  4121.839844  4121.839844   8925305
2023-02-15 10:40:00-05:00  4121.839844  4123.080078  4119.189941  4119.319824  4119.319824   8742799
2023-02-15 10:42:00-05:00  4119.319824  4119.569824  4116.259766  4118.990234  4118.990234   8389266
2023-02-15 10:44:00-05:00  4118.979980  4119.069824  4113.620117  4115.390137  4115.390137  11524545
2023-02-15 10:46:00-05:00  4115.490234  4115.490234  4113.990234  4115.120117  4115.120117   8750811
2023-02-15 10:48:00-05:00  4115.259766  4116.919922  4114.540039  4114.870117  4114.870117   8273506
2023-02-15 10:50:00-05:00  4114.810059  4115.479980  4113.660156  4114.899902  4114.899902   8487946
2023-02-15 10:52:00-05:00  4114.850098  4118.000000  4114.709961  4117.819824  4117.819824   7771801
2023-02-15 10:54:00-05:00  4117.830078  4118.189941  4115.890137  4117.149902  4117.149902   8008969
2023-02-15 10:56:00-05:00  4117.160156  4119.649902  4117.160156  4117.979980  4117.979980   9253272
2023-02-15 10:58:00-05:00  4117.979980  4118.209961  4114.549805  4115.180176  4115.180176   7598401
2023-02-15 11:00:00-05:00  4115.180176  4117.410156  4114.490234  4116.270020  4116.270020   8288586
2023-02-15 11:02:00-05:00  4116.319824  4118.100098  4115.680176  4117.879883  4117.879883   8064668
2023-02-15 11:04:00-05:00  4117.899902  4121.379883  4117.879883  4120.660156  4120.660156   9031429
2023-02-15 11:06:00-05:00  4120.779785  4127.109863  4120.759766  4125.830078  4125.830078  12275479
2023-02-15 11:08:00-05:00  4125.830078  4126.240234  4123.959961  4124.819824  4124.819824   8068989
2023-02-15 11:10:00-05:00  4124.799805  4125.959961  4124.589844  4125.290039  4125.290039   7054934
2023-02-15 11:12:00-05:00  4125.379883  4127.120117  4124.779785  4125.180176  4125.180176   7538859
2023-02-15 11:14:00-05:00  4125.160156  4126.350098  4125.000000  4126.129883  4126.129883   6448304
2023-02-15 11:16:00-05:00  4126.359863  4127.000000  4122.060059  4122.120117  4122.120117   8447864
2023-02-15 11:18:00-05:00  4122.069824  4123.450195  4122.069824  4123.390137  4123.390137   7103705
2023-02-15 11:20:00-05:00  4123.600098  4124.540039  4123.169922  4124.279785  4124.279785   7658890
2023-02-15 11:22:00-05:00  4124.270020  4124.270020  4122.279785  4122.899902  4122.899902   8507209
2023-02-15 11:24:00-05:00  4122.930176  4124.080078  4121.990234  4123.609863  4123.609863   7514892
2023-02-15 11:26:00-05:00  4123.589844  4127.270020  4123.310059  4126.660156  4126.660156   8998760
2023-02-15 11:28:00-05:00  4126.629883  4129.540039  4125.370117  4129.330078  4129.330078   9235626
2023-02-15 11:30:00-05:00  4129.319824  4129.890137  4123.379883  4123.959961  4123.959961  12406276
2023-02-15 11:32:00-05:00  4124.000000  4125.120117  4123.799805  4124.379883  4124.379883   6644491
2023-02-15 11:34:00-05:00  4124.430176  4124.859863  4123.089844  4124.209961  4124.209961   6174286
2023-02-15 11:36:00-05:00  4124.399902  4126.779785  4124.359863  4126.069824  4126.069824   6956435
2023-02-15 11:38:00-05:00  4126.069824  4127.979980  4125.709961  4127.450195  4127.450195   5971249
2023-02-15 11:40:00-05:00  4127.359863  4130.520020  4127.299805  4129.970215  4129.970215   7329859
2023-02-15 11:42:00-05:00  4129.930176  4132.669922  4129.890137  4132.069824  4132.069824   8982470
2023-02-15 11:44:00-05:00  4132.049805  4132.930176  4131.580078  4131.790039  4131.790039   8846100
2023-02-15 11:46:00-05:00  4131.810059  4132.729980  4131.479980  4132.149902  4132.149902   7488453
2023-02-15 11:48:00-05:00  4132.459961  4135.750000  4132.459961  4134.169922  4134.169922   9246056
2023-02-15 11:50:00-05:00  4134.149902  4135.439941  4133.959961  4134.549805  4134.549805   6830024
2023-02-15 11:52:00-05:00  4134.729980  4134.770020  4133.959961  4133.979980  4133.979980   7259014
2023-02-15 11:54:00-05:00  4133.919922  4135.240234  4133.169922  4134.859863  4134.859863   8020384
2023-02-15 11:56:00-05:00  4134.879883  4134.939941  4132.450195  4132.589844  4132.589844   7217023
2023-02-15 11:58:00-05:00  4132.540039  4132.890137  4129.669922  4129.669922  4129.669922   9122901
2023-02-15 12:00:00-05:00  4129.680176  4131.069824  4128.500000  4128.500000  4128.500000   8256506
2023-02-15 12:02:00-05:00  4128.459961  4129.379883  4127.879883  4128.620117  4128.620117   6682803
2023-02-15 12:04:00-05:00  4128.580078  4128.850098  4127.580078  4128.069824  4128.069824   6173725
2023-02-15 12:06:00-05:00  4128.089844  4128.240234  4120.379883  4122.830078  4122.830078  11570394
2023-02-15 12:08:00-05:00  4122.950195  4124.520020  4122.759766  4123.520020  4123.520020   7450334
2023-02-15 12:10:00-05:00  4123.549805  4124.720215  4122.540039  4122.620117  4122.620117   7049742
2023-02-15 12:12:00-05:00  4122.700195  4123.680176  4122.419922  4122.479980  4122.479980   6167366
2023-02-15 12:14:00-05:00  4122.500000  4123.109863  4120.810059  4121.850098  4121.850098   7450936
2023-02-15 12:16:00-05:00  4121.709961  4122.810059  4121.330078  4121.740234  4121.740234   6721794
2023-02-15 12:18:00-05:00  4121.779785  4123.250000  4121.450195  4122.120117  4122.120117   6741237
2023-02-15 12:20:00-05:00  4122.129883  4122.129883  4120.350098  4121.890137  4121.890137   6630417
2023-02-15 12:22:00-05:00  4121.859863  4122.040039  4119.149902  4120.359863  4120.359863   7197630
2023-02-15 12:24:00-05:00  4120.209961  4121.229980  4118.779785  4118.910156  4118.910156   7528287
2023-02-15 12:26:00-05:00  4119.020020  4122.759766  4119.020020  4122.009766  4122.009766   7205728
2023-02-15 12:28:00-05:00  4122.089844  4122.089844  4117.990234  4118.229980  4118.229980   7579302
2023-02-15 12:30:00-05:00  4118.209961  4119.020020  4117.910156  4118.060059  4118.060059   6023646
2023-02-15 12:32:00-05:00  4118.109863  4119.299805  4118.109863  4118.890137  4118.890137   5819517
2023-02-15 12:34:00-05:00  4118.939941  4122.209961  4118.750000  4121.120117  4121.120117   8389753
2023-02-15 12:36:00-05:00  4121.029785  4123.609863  4117.259766  4119.500000  4119.500000  10345248
2023-02-15 12:38:00-05:00  4119.319824  4120.209961  4118.000000  4119.979980  4119.979980   6469374
2023-02-15 12:40:00-05:00  4119.970215  4122.180176  4119.859863  4122.180176  4122.180176   5772031
2023-02-15 12:42:00-05:00  4122.209961  4124.279785  4122.140137  4124.040039  4124.040039   5962474
2023-02-15 12:44:00-05:00  4124.069824  4124.540039  4123.720215  4123.879883  4123.879883   5185739
2023-02-15 12:46:00-05:00  4124.080078  4124.399902  4122.540039  4123.750000  4123.750000   6060857
2023-02-15 12:48:00-05:00  4123.700195  4124.089844  4122.819824  4123.990234  4123.990234   5292077
2023-02-15 12:50:00-05:00  4124.020020  4124.450195  4123.640137  4124.270020  4124.270020   4917431
2023-02-15 12:52:00-05:00  4124.259766  4126.259766  4124.069824  4125.950195  4125.950195   5747072
2023-02-15 12:54:00-05:00  4125.939941  4126.669922  4124.009766  4124.009766  4124.009766   5801299
2023-02-15 12:56:00-05:00  4123.979980  4124.209961  4123.120117  4124.189941  4124.189941   5516719
2023-02-15 12:58:00-05:00  4124.319824  4124.910156  4122.080078  4123.200195  4123.200195   5867457
2023-02-15 13:00:00-05:00  4123.299805  4125.609863  4123.259766  4125.509766  4125.509766   5320675
2023-02-15 13:02:00-05:00  4125.540039  4126.080078  4124.290039  4124.580078  4124.580078   4718598
2023-02-15 13:04:00-05:00  4124.580078  4124.669922  4120.899902  4121.580078  4121.580078   6358598
2023-02-15 13:06:00-05:00  4121.810059  4121.810059  4120.419922  4121.709961  4121.709961   5583278
2023-02-15 13:08:00-05:00  4121.700195  4125.620117  4121.259766  4125.620117  4125.620117   5690571
2023-02-15 13:10:00-05:00  4125.669922  4127.399902  4125.609863  4127.200195  4127.200195   6750822
2023-02-15 13:12:00-05:00  4127.189941  4128.399902  4126.770020  4128.149902  4128.149902   4806304
2023-02-15 13:14:00-05:00  4128.129883  4128.270020  4127.680176  4128.140137  4128.140137   4643099
2023-02-15 13:16:00-05:00  4128.140137  4128.779785  4126.600098  4126.899902  4126.899902   6500349
2023-02-15 13:18:00-05:00  4126.830078  4129.100098  4126.759766  4129.009766  4129.009766   5818415
2023-02-15 13:20:00-05:00  4129.000000  4130.250000  4128.799805  4129.729980  4129.729980   5974697
2023-02-15 13:22:00-05:00  4129.720215  4130.669922  4129.459961  4129.479980  4129.479980   4897607
2023-02-15 13:24:00-05:00  4129.490234  4131.259766  4129.490234  4130.419922  4130.419922   5945039
2023-02-15 13:26:00-05:00  4130.470215  4131.180176  4130.339844  4131.089844  4131.089844   5061641
2023-02-15 13:28:00-05:00  4131.060059  4131.959961  4131.000000  4131.660156  4131.660156   5349104
2023-02-15 13:30:00-05:00  4131.649902  4132.850098  4131.649902  4132.009766  4132.009766   6646355
2023-02-15 13:32:00-05:00  4131.990234  4132.000000  4129.479980  4130.720215  4130.720215   6407805
2023-02-15 13:34:00-05:00  4130.759766  4132.020020  4130.399902  4131.740234  4131.740234   5591194
2023-02-15 13:36:00-05:00  4131.720215  4132.399902  4130.729980  4132.120117  4132.120117   5822303
2023-02-15 13:38:00-05:00  4132.100098  4132.709961  4131.899902  4132.279785  4132.279785   5057008
2023-02-15 13:40:00-05:00  4132.240234  4133.209961  4132.220215  4132.930176  4132.930176   6116693
2023-02-15 13:42:00-05:00  4132.899902  4136.259766  4132.689941  4136.209961  4136.209961   7530853
2023-02-15 13:44:00-05:00  4136.189941  4137.149902  4135.500000  4136.810059  4136.810059   7029810
2023-02-15 13:46:00-05:00  4136.810059  4137.209961  4135.910156  4135.910156  4135.910156   5552020
2023-02-15 13:48:00-05:00  4135.859863  4136.330078  4135.600098  4136.120117  4136.120117   5411866
2023-02-15 13:50:00-05:00  4136.109863  4136.250000  4134.330078  4134.919922  4134.919922   6005214
2023-02-15 13:52:00-05:00  4134.919922  4137.100098  4134.779785  4136.750000  4136.750000   6641510
2023-02-15 13:54:00-05:00  4136.799805  4137.520020  4136.620117  4136.669922  4136.669922   5266845
2023-02-15 13:56:00-05:00  4136.689941  4137.399902  4136.240234  4136.709961  4136.709961   5791889
2023-02-15 13:58:00-05:00  4136.700195  4137.740234  4136.649902  4137.700195  4137.700195   6898043
2023-02-15 14:00:00-05:00  4137.759766  4138.839844  4137.020020  4137.490234  4137.490234   7498936
2023-02-15 14:02:00-05:00  4137.549805  4138.160156  4137.270020  4137.270020  4137.270020   4929895
2023-02-15 14:04:00-05:00  4137.310059  4137.879883  4136.950195  4137.540039  4137.540039   6673038
2023-02-15 14:06:00-05:00  4137.520020  4138.240234  4137.520020  4138.109863  4138.109863   6946219
2023-02-15 14:08:00-05:00  4138.069824  4141.569824  4138.000000  4140.859863  4140.859863   8100996
2023-02-15 14:10:00-05:00  4140.779785  4141.379883  4139.740234  4141.379883  4141.379883   6711778
2023-02-15 14:12:00-05:00  4141.390137  4142.410156  4141.040039  4141.419922  4141.419922   7120622
2023-02-15 14:14:00-05:00  4141.450195  4143.229980  4141.450195  4142.810059  4142.810059   6609385
2023-02-15 14:16:00-05:00  4142.819824  4142.899902  4141.209961  4141.250000  4141.250000   7370124
2023-02-15 14:18:00-05:00  4141.259766  4141.419922  4139.359863  4139.359863  4139.359863   7079544
2023-02-15 14:20:00-05:00  4139.370117  4140.700195  4139.370117  4140.700195  4140.700195   6823123
2023-02-15 14:22:00-05:00  4140.660156  4141.209961  4139.359863  4139.930176  4139.930176   6440436
2023-02-15 14:24:00-05:00  4139.950195  4140.129883  4138.240234  4138.240234  4138.240234   6388211
2023-02-15 14:26:00-05:00  4138.279785  4138.680176  4137.479980  4138.370117  4138.370117   6442193
2023-02-15 14:28:00-05:00  4138.379883  4140.520020  4138.189941  4140.209961  4140.209961   6549413
2023-02-15 14:30:00-05:00  4140.209961  4141.839844  4140.209961  4141.100098  4141.100098   8130923
2023-02-15 14:32:00-05:00  4141.109863  4141.490234  4139.529785  4139.649902  4139.649902   6518231
2023-02-15 14:34:00-05:00  4139.640137  4141.290039  4139.609863  4140.089844  4140.089844   6526875
2023-02-15 14:36:00-05:00  4140.069824  4140.259766  4139.040039  4140.259766  4140.259766   7092277
2023-02-15 14:38:00-05:00  4140.290039  4141.080078  4140.290039  4140.709961  4140.709961   5760128
2023-02-15 14:40:00-05:00  4140.709961  4140.879883  4139.799805  4140.069824  4140.069824   5755922
2023-02-15 14:42:00-05:00  4140.100098  4141.870117  4140.100098  4141.839844  4141.839844   6173616
2023-02-15 14:44:00-05:00  4142.049805  4142.660156  4141.450195  4141.879883  4141.879883   6116405
2023-02-15 14:46:00-05:00  4141.850098  4143.169922  4141.850098  4142.149902  4142.149902   6481972
2023-02-15 14:48:00-05:00  4142.160156  4142.379883  4138.609863  4138.830078  4138.830078   7301022
2023-02-15 14:50:00-05:00  4138.819824  4139.810059  4137.270020  4137.270020  4137.270020   7230202
2023-02-15 14:52:00-05:00  4137.189941  4137.819824  4136.350098  4136.410156  4136.410156   7592935
2023-02-15 14:54:00-05:00  4136.439941  4136.459961  4134.149902  4134.149902  4134.149902   9215059
2023-02-15 14:56:00-05:00  4134.149902  4134.819824  4133.669922  4134.479980  4134.479980   7899327
2023-02-15 14:58:00-05:00  4134.470215  4134.470215  4131.580078  4132.229980  4132.229980   8792432
2023-02-15 15:00:00-05:00  4132.370117  4134.879883  4132.370117  4133.870117  4133.870117   8703768
2023-02-15 15:02:00-05:00  4134.129883  4134.959961  4133.770020  4134.890137  4134.890137   7497361
2023-02-15 15:04:00-05:00  4135.100098  4136.970215  4134.950195  4136.540039  4136.540039   7723042
2023-02-15 15:06:00-05:00  4136.589844  4137.859863  4136.589844  4137.540039  4137.540039   7302193
2023-02-15 15:08:00-05:00  4137.529785  4138.509766  4137.450195  4138.270020  4138.270020   8140477
2023-02-15 15:10:00-05:00  4138.200195  4138.259766  4136.709961  4138.129883  4138.129883   7619830
2023-02-15 15:12:00-05:00  4138.149902  4138.319824  4135.770020  4135.799805  4135.799805   7705871
2023-02-15 15:14:00-05:00  4135.689941  4137.189941  4134.839844  4135.479980  4135.479980   8680772
2023-02-15 15:16:00-05:00  4135.500000  4137.479980  4135.100098  4135.109863  4135.109863   8878404
2023-02-15 15:18:00-05:00  4135.100098  4135.770020  4133.859863  4134.390137  4134.390137   8538283
2023-02-15 15:20:00-05:00  4134.459961  4136.660156  4134.430176  4135.649902  4135.649902   8459945
2023-02-15 15:22:00-05:00  4135.620117  4136.240234  4133.140137  4133.729980  4133.729980   9431253
2023-02-15 15:24:00-05:00  4133.729980  4134.569824  4132.839844  4134.549805  4134.549805   9024931
2023-02-15 15:26:00-05:00  4134.529785  4136.299805  4134.419922  4135.580078  4135.580078   9979842
2023-02-15 15:28:00-05:00  4135.560059  4136.459961  4135.560059  4136.299805  4136.299805   9393688
2023-02-15 15:30:00-05:00  4136.310059  4138.850098  4135.870117  4138.049805  4138.049805  12978389
2023-02-15 15:32:00-05:00  4138.000000  4138.700195  4137.060059  4138.700195  4138.700195   9939983
2023-02-15 15:34:00-05:00  4138.729980  4139.319824  4138.009766  4138.479980  4138.479980  10870793
2023-02-15 15:36:00-05:00  4138.589844  4139.660156  4137.709961  4138.399902  4138.399902  11033722
2023-02-15 15:38:00-05:00  4138.370117  4139.959961  4138.049805  4139.240234  4139.240234  10344932
2023-02-15 15:40:00-05:00  4139.279785  4140.700195  4137.370117  4137.479980  4137.479980  13522691
2023-02-15 15:42:00-05:00  4137.479980  4139.399902  4136.470215  4138.810059  4138.810059  12757372
2023-02-15 15:44:00-05:00  4138.790039  4139.689941  4137.540039  4139.689941  4139.689941  14296428
2023-02-15 15:46:00-05:00  4139.830078  4141.520020  4139.819824  4141.000000  4141.000000  14417331
2023-02-15 15:48:00-05:00  4140.959961  4141.120117  4139.879883  4141.040039  4141.040039  15526591
2023-02-15 15:50:00-05:00  4141.149902  4143.529785  4140.660156  4140.729980  4140.729980  26319809
2023-02-15 15:52:00-05:00  4140.660156  4140.660156  4137.709961  4139.220215  4139.220215  23799734
2023-02-15 15:54:00-05:00  4139.279785  4141.049805  4138.580078  4141.049805  4141.049805  26016492
2023-02-15 15:56:00-05:00  4141.060059  4144.709961  4141.060059  4144.339844  4144.339844  27636150
2023-02-15 15:58:00-05:00  4144.339844  4147.720215  4143.520020  4147.479980  4147.479980  27105203
2023-02-16 09:30:00-05:00  4114.750000  4114.750000  4098.950195  4101.020020  4101.020020  12914792
2023-02-16 09:32:00-05:00  4101.009766  4102.450195  4099.899902  4100.680176  4100.680176  18825888
2023-02-16 09:34:00-05:00  4100.879883  4101.859863  4096.330078  4096.919922  4096.919922  17241986
2023-02-16 09:36:00-05:00  4096.890137  4097.520020  4091.389893  4091.850098  4091.850098  19918593
2023-02-16 09:38:00-05:00  4091.729980  4100.740234  4091.070068  4100.740234  4100.740234  16572027
2023-02-16 09:40:00-05:00  4100.850098  4103.790039  4100.689941  4102.430176  4102.430176  17826929
2023-02-16 09:42:00-05:00  4102.250000  4102.410156  4094.989990  4100.390137  4100.390137  17159289
2023-02-16 09:44:00-05:00  4100.500000  4102.189941  4096.669922  4100.140137  4100.140137  14810169
2023-02-16 09:46:00-05:00  4100.049805  4104.189941  4098.040039  4103.410156  4103.410156  14254246
2023-02-16 09:48:00-05:00  4103.509766  4103.990234  4100.000000  4100.720215  4100.720215  14533639
2023-02-16 09:50:00-05:00  4100.729980  4104.629883  4098.430176  4102.020020  4102.020020  14349819
2023-02-16 09:52:00-05:00  4102.129883  4103.279785  4100.240234  4102.939941  4102.939941  14333885
2023-02-16 09:54:00-05:00  4102.990234  4102.990234  4097.629883  4098.560059  4098.560059  13989759
2023-02-16 09:56:00-05:00  4098.529785  4101.899902  4097.729980  4101.729980  4101.729980  12556789
2023-02-16 09:58:00-05:00  4101.589844  4102.479980  4096.259766  4096.689941  4096.689941  12532733
2023-02-16 10:00:00-05:00  4096.669922  4098.149902  4093.419922  4093.909912  4093.909912  15252412
2023-02-16 10:02:00-05:00  4093.830078  4097.060059  4092.669922  4095.709961  4095.709961  12352774
2023-02-16 10:04:00-05:00  4095.699951  4098.529785  4095.260010  4097.930176  4097.930176  10739015
2023-02-16 10:06:00-05:00  4097.959961  4103.029785  4097.959961  4102.100098  4102.100098  11171940
2023-02-16 10:08:00-05:00  4101.939941  4103.270020  4099.770020  4101.979980  4101.979980  11045712
2023-02-16 10:10:00-05:00  4101.979980  4105.560059  4101.209961  4104.390137  4104.390137  11060112
2023-02-16 10:12:00-05:00  4104.430176  4108.169922  4104.430176  4107.790039  4107.790039  11240940
2023-02-16 10:14:00-05:00  4108.089844  4108.089844  4102.529785  4102.580078  4102.580078  11155779
2023-02-16 10:16:00-05:00  4102.490234  4108.220215  4101.870117  4107.439941  4107.439941  10284593
2023-02-16 10:18:00-05:00  4107.419922  4109.919922  4106.859863  4109.439941  4109.439941   9490288
2023-02-16 10:20:00-05:00  4109.560059  4114.279785  4109.319824  4113.799805  4113.799805  12981656
2023-02-16 10:22:00-05:00  4113.810059  4114.140137  4112.740234  4113.299805  4113.299805   8938429
2023-02-16 10:24:00-05:00  4113.339844  4113.339844  4109.600098  4112.149902  4112.149902   9875129
2023-02-16 10:26:00-05:00  4112.120117  4112.910156  4108.069824  4109.180176  4109.180176   9819414
2023-02-16 10:28:00-05:00  4109.140137  4112.859863  4108.549805  4112.859863  4112.859863   8609956
2023-02-16 10:30:00-05:00  4112.899902  4115.229980  4112.370117  4114.290039  4114.290039  10240074
2023-02-16 10:32:00-05:00  4114.310059  4115.799805  4113.839844  4113.839844  4113.839844   8952460
2023-02-16 10:34:00-05:00  4113.850098  4116.529785  4113.379883  4113.819824  4113.819824  10660945
2023-02-16 10:36:00-05:00  4113.770020  4117.180176  4113.770020  4116.709961  4116.709961   7716054
2023-02-16 10:38:00-05:00  4116.770020  4120.839844  4116.770020  4119.180176  4119.180176  11785010
2023-02-16 10:40:00-05:00  4119.169922  4119.250000  4116.609863  4117.850098  4117.850098   9918333
2023-02-16 10:42:00-05:00  4118.009766  4121.060059  4118.009766  4119.109863  4119.109863   9744636
2023-02-16 10:44:00-05:00  4118.939941  4119.029785  4116.270020  4117.799805  4117.799805  10423380
2023-02-16 10:46:00-05:00  4117.859863  4122.200195  4117.859863  4122.200195  4122.200195   9656174
2023-02-16 10:48:00-05:00  4122.220215  4123.750000  4121.009766  4123.750000  4123.750000   8909161
2023-02-16 10:50:00-05:00  4123.759766  4124.560059  4120.750000  4120.979980  4120.979980  10285282
2023-02-16 10:52:00-05:00  4120.970215  4123.160156  4119.879883  4120.569824  4120.569824   9312224
2023-02-16 10:54:00-05:00  4120.620117  4121.870117  4119.419922  4120.049805  4120.049805   8513100
2023-02-16 10:56:00-05:00  4119.959961  4120.189941  4118.049805  4118.120117  4118.120117   9291990
2023-02-16 10:58:00-05:00  4118.109863  4121.319824  4118.060059  4121.180176  4121.180176   8163352
2023-02-16 11:00:00-05:00  4121.319824  4124.669922  4120.930176  4124.279785  4124.279785   8076442
2023-02-16 11:02:00-05:00  4124.330078  4126.100098  4124.120117  4124.629883  4124.629883   8167112
2023-02-16 11:04:00-05:00  4124.569824  4125.529785  4123.330078  4123.350098  4123.350098   7856551
2023-02-16 11:06:00-05:00  4123.319824  4124.799805  4120.620117  4120.689941  4120.689941   8054798
2023-02-16 11:08:00-05:00  4120.750000  4121.089844  4117.040039  4120.569824  4120.569824   9436502
2023-02-16 11:10:00-05:00  4120.549805  4122.540039  4118.259766  4118.259766  4118.259766   8416423
2023-02-16 11:12:00-05:00  4117.750000  4120.080078  4117.450195  4120.060059  4120.060059   7639772
2023-02-16 11:14:00-05:00  4120.140137  4121.020020  4119.700195  4119.700195  4119.700195   7704734
2023-02-16 11:16:00-05:00  4119.660156  4120.959961  4118.609863  4118.790039  4118.790039   8885316
2023-02-16 11:18:00-05:00  4118.879883  4122.229980  4118.870117  4121.830078  4121.830078   6928360
2023-02-16 11:20:00-05:00  4121.740234  4122.240234  4119.470215  4120.200195  4120.200195   6675338
2023-02-16 11:22:00-05:00  4120.009766  4120.220215  4116.580078  4118.870117  4118.870117   8781326
2023-02-16 11:24:00-05:00  4118.930176  4119.910156  4117.359863  4118.220215  4118.220215   6888447
2023-02-16 11:26:00-05:00  4118.290039  4119.240234  4117.330078  4118.419922  4118.419922   6086156
2023-02-16 11:28:00-05:00  4118.319824  4122.910156  4117.419922  4121.799805  4121.799805   8667128
2023-02-16 11:30:00-05:00  4121.819824  4125.339844  4121.759766  4122.770020  4122.770020   8953056
2023-02-16 11:32:00-05:00  4122.779785  4124.140137  4121.049805  4123.500000  4123.500000   7746415
2023-02-16 11:34:00-05:00  4123.560059  4123.569824  4119.810059  4119.810059  4119.810059   7026341
2023-02-16 11:36:00-05:00  4119.919922  4120.640137  4118.509766  4120.490234  4120.490234   6606972
2023-02-16 11:38:00-05:00  4120.470215  4120.490234  4118.160156  4120.169922  4120.169922   6588365
2023-02-16 11:40:00-05:00  4120.120117  4122.370117  4120.120117  4120.990234  4120.990234   6737482
2023-02-16 11:42:00-05:00  4120.930176  4122.950195  4119.890137  4122.779785  4122.779785   6961932
2023-02-16 11:44:00-05:00  4122.830078  4125.319824  4121.839844  4125.250000  4125.250000   7529585
2023-02-16 11:46:00-05:00  4125.270020  4126.779785  4125.069824  4125.259766  4125.259766   7618062
2023-02-16 11:48:00-05:00  4125.229980  4127.720215  4124.390137  4126.270020  4126.270020   6457879
2023-02-16 11:50:00-05:00  4126.310059  4126.549805  4124.410156  4126.549805  4126.549805   6861196
2023-02-16 11:52:00-05:00  4126.569824  4126.799805  4123.450195  4123.560059  4123.560059   6812951
2023-02-16 11:54:00-05:00  4123.549805  4124.569824  4123.169922  4123.819824  4123.819824   5912025
2023-02-16 11:56:00-05:00  4123.919922  4125.520020  4123.350098  4123.379883  4123.379883   6837449
2023-02-16 11:58:00-05:00  4123.370117  4123.779785  4122.200195  4122.410156  4122.410156   6398256
2023-02-16 12:00:00-05:00  4122.339844  4123.759766  4122.160156  4122.950195  4122.950195   5994189
2023-02-16 12:02:00-05:00  4123.020020  4123.720215  4121.339844  4121.520020  4121.520020   5942106
2023-02-16 12:04:00-05:00  4121.560059  4122.930176  4120.990234  4122.930176  4122.930176   6527499
2023-02-16 12:06:00-05:00  4122.899902  4124.609863  4122.899902  4123.870117  4123.870117   5325384
2023-02-16 12:08:00-05:00  4123.850098  4123.850098  4121.609863  4123.520020  4123.520020   6252582
2023-02-16 12:10:00-05:00  4123.520020  4125.310059  4123.509766  4124.490234  4124.490234   5334083
2023-02-16 12:12:00-05:00  4124.500000  4126.609863  4124.500000  4125.569824  4125.569824   5161045
2023-02-16 12:14:00-05:00  4125.560059  4126.299805  4125.000000  4125.700195  4125.700195   5774279
2023-02-16 12:16:00-05:00  4125.669922  4125.970215  4123.180176  4123.310059  4123.310059   7628924
2023-02-16 12:18:00-05:00  4123.319824  4123.379883  4117.850098  4117.850098  4117.850098  10072763
2023-02-16 12:20:00-05:00  4117.189941  4121.629883  4116.919922  4121.629883  4121.629883   7800610
2023-02-16 12:22:00-05:00  4121.629883  4123.330078  4121.629883  4123.220215  4123.220215   5562599
2023-02-16 12:24:00-05:00  4123.229980  4128.919922  4123.229980  4127.799805  4127.799805   9251770
2023-02-16 12:26:00-05:00  4127.770020  4128.580078  4126.299805  4126.709961  4126.709961   5602097
2023-02-16 12:28:00-05:00  4126.709961  4127.819824  4126.689941  4127.149902  4127.149902   5459910
2023-02-16 12:30:00-05:00  4127.169922  4128.660156  4127.020020  4127.390137  4127.390137   6337893
2023-02-16 12:32:00-05:00  4127.410156  4129.180176  4126.709961  4129.029785  4129.029785   6454366
2023-02-16 12:34:00-05:00  4128.839844  4134.680176  4128.839844  4133.370117  4133.370117   9555413
2023-02-16 12:36:00-05:00  4133.370117  4133.830078  4132.189941  4133.129883  4133.129883   5313668
2023-02-16 12:38:00-05:00  4133.279785  4133.740234  4132.209961  4132.720215  4132.720215   5955110
2023-02-16 12:40:00-05:00  4132.740234  4133.759766  4132.290039  4133.189941  4133.189941   4994694
2023-02-16 12:42:00-05:00  4133.149902  4133.209961  4132.259766  4132.950195  4132.950195   5361616
2023-02-16 12:44:00-05:00  4133.020020  4136.240234  4133.020020  4135.029785  4135.029785   8141425
2023-02-16 12:46:00-05:00  4135.020020  4135.149902  4133.509766  4134.819824  4134.819824   7411555
2023-02-16 12:48:00-05:00  4134.910156  4136.009766  4134.890137  4134.890137  4134.890137   6572960
2023-02-16 12:50:00-05:00  4134.819824  4134.879883  4133.209961  4134.250000  4134.250000   6859709
2023-02-16 12:52:00-05:00  4134.169922  4135.220215  4131.339844  4132.620117  4132.620117   9646029
2023-02-16 12:54:00-05:00  4132.549805  4132.700195  4130.410156  4131.620117  4131.620117   7911993
2023-02-16 12:56:00-05:00  4131.620117  4132.370117  4129.069824  4129.290039  4129.290039   8658457
2023-02-16 12:58:00-05:00  4129.399902  4129.899902  4127.810059  4129.060059  4129.060059   8185916
2023-02-16 13:00:00-05:00  4129.080078  4131.359863  4129.080078  4131.189941  4131.189941   7447074
2023-02-16 13:02:00-05:00  4131.250000  4133.839844  4126.560059  4126.560059  4126.560059  11237309
2023-02-16 13:04:00-05:00  4126.520020  4130.220215  4126.310059  4129.209961  4129.209961   5942591
2023-02-16 13:06:00-05:00  4129.240234  4131.689941  4128.850098  4131.330078  4131.330078   6260956
2023-02-16 13:08:00-05:00  4131.410156  4131.479980  4130.430176  4131.379883  4131.379883   4694363
2023-02-16 13:10:00-05:00  4131.390137  4131.750000  4129.080078  4129.270020  4129.270020   6288670
2023-02-16 13:12:00-05:00  4129.330078  4130.859863  4129.310059  4129.419922  4129.419922   5710596
2023-02-16 13:14:00-05:00  4129.399902  4129.419922  4125.870117  4125.910156  4125.910156   7107880
2023-02-16 13:16:00-05:00  4125.899902  4128.299805  4125.899902  4126.509766  4126.509766   7177393
2023-02-16 13:18:00-05:00  4126.490234  4126.560059  4124.180176  4126.439941  4126.439941   7201817
2023-02-16 13:20:00-05:00  4126.470215  4127.259766  4126.040039  4126.529785  4126.529785   5723519
2023-02-16 13:22:00-05:00  4126.479980  4126.759766  4124.790039  4124.790039  4124.790039   6675967
2023-02-16 13:24:00-05:00  4124.810059  4126.189941  4122.439941  4126.169922  4126.169922   8407735
2023-02-16 13:26:00-05:00  4126.189941  4126.520020  4123.799805  4123.850098  4123.850098   6235626
2023-02-16 13:28:00-05:00  4123.899902  4124.169922  4122.089844  4122.470215  4122.470215   5487143
2023-02-16 13:30:00-05:00  4122.520020  4123.410156  4121.160156  4121.270020  4121.270020   6980679
2023-02-16 13:32:00-05:00  4121.279785  4124.290039  4121.270020  4123.700195  4123.700195   6585634
2023-02-16 13:34:00-05:00  4123.629883  4127.419922  4123.479980  4126.879883  4126.879883   6792206
2023-02-16 13:36:00-05:00  4126.899902  4129.240234  4126.899902  4128.270020  4128.270020   6831543
2023-02-16 13:38:00-05:00  4128.279785  4129.569824  4128.259766  4128.870117  4128.870117   6327428
2023-02-16 13:40:00-05:00  4128.799805  4128.930176  4127.109863  4127.410156  4127.410156   5854103
2023-02-16 13:42:00-05:00  4127.529785  4128.970215  4127.259766  4128.970215  4128.970215   6215916
2023-02-16 13:44:00-05:00  4129.029785  4130.770020  4128.629883  4128.740234  4128.740234   7880833
2023-02-16 13:46:00-05:00  4128.770020  4129.520020  4127.419922  4128.709961  4128.709961   6395140
2023-02-16 13:48:00-05:00  4128.689941  4131.750000  4128.689941  4129.879883  4129.879883   7732064
2023-02-16 13:50:00-05:00  4129.939941  4130.359863  4127.839844  4128.029785  4128.029785   6171074
2023-02-16 13:52:00-05:00  4128.049805  4128.509766  4126.689941  4128.000000  4128.000000   6183905
2023-02-16 13:54:00-05:00  4127.970215  4128.930176  4127.620117  4128.109863  4128.109863   5999064
2023-02-16 13:56:00-05:00  4128.120117  4129.560059  4128.120117  4128.709961  4128.709961   5213109
2023-02-16 13:58:00-05:00  4128.680176  4129.310059  4128.020020  4129.169922  4129.169922   5064531
2023-02-16 14:00:00-05:00  4129.189941  4132.520020  4129.189941  4132.089844  4132.089844   8155754
2023-02-16 14:02:00-05:00  4132.140137  4132.990234  4131.229980  4132.990234  4132.990234   6457525
2023-02-16 14:04:00-05:00  4133.020020  4133.490234  4132.629883  4133.390137  4133.390137   6899408
2023-02-16 14:06:00-05:00  4133.390137  4133.390137  4130.259766  4130.330078  4130.330078   6676529
2023-02-16 14:08:00-05:00  4130.270020  4131.799805  4130.040039  4130.620117  4130.620117   6408545
2023-02-16 14:10:00-05:00  4130.640137  4132.180176  4130.189941  4131.000000  4131.000000   6655285
2023-02-16 14:12:00-05:00  4131.000000  4131.290039  4130.160156  4131.080078  4131.080078   6559339
2023-02-16 14:14:00-05:00  4131.120117  4131.490234  4129.779785  4130.669922  4130.669922   6093353
2023-02-16 14:16:00-05:00  4130.649902  4133.319824  4130.479980  4132.979980  4132.979980   7153830
2023-02-16 14:18:00-05:00  4132.970215  4132.970215  4131.680176  4131.970215  4131.970215   6430554
2023-02-16 14:20:00-05:00  4132.009766  4132.089844  4126.770020  4127.910156  4127.910156   9118862
2023-02-16 14:22:00-05:00  4127.970215  4130.299805  4127.709961  4130.259766  4130.259766   6014896
2023-02-16 14:24:00-05:00  4130.259766  4133.290039  4130.169922  4132.979980  4132.979980   7758848
2023-02-16 14:26:00-05:00  4132.939941  4134.509766  4132.939941  4134.319824  4134.319824   7152293
2023-02-16 14:28:00-05:00  4134.299805  4134.310059  4132.959961  4133.040039  4133.040039   6659116
2023-02-16 14:30:00-05:00  4133.000000  4134.379883  4132.790039  4133.250000  4133.250000   6255704
2023-02-16 14:32:00-05:00  4133.259766  4134.890137  4133.259766  4134.609863  4134.609863   6195923
2023-02-16 14:34:00-05:00  4134.609863  4135.509766  4134.000000  4135.000000  4135.000000   6188157
2023-02-16 14:36:00-05:00  4135.009766  4136.540039  4134.939941  4135.669922  4135.669922   6758945
2023-02-16 14:38:00-05:00  4135.689941  4135.689941  4134.520020  4134.750000  4134.750000   5742723
2023-02-16 14:40:00-05:00  4134.700195  4134.839844  4131.450195  4131.839844  4131.839844   8497968
2023-02-16 14:42:00-05:00  4131.839844  4133.250000  4130.149902  4132.009766  4132.009766   8103614
2023-02-16 14:44:00-05:00  4131.970215  4131.970215  4130.790039  4130.959961  4130.959961   5429837
2023-02-16 14:46:00-05:00  4130.959961  4132.080078  4130.569824  4131.740234  4131.740234   5625570
2023-02-16 14:48:00-05:00  4131.720215  4131.790039  4130.350098  4131.359863  4131.359863   6710474
2023-02-16 14:50:00-05:00  4131.330078  4131.600098  4130.279785  4130.319824  4130.319824   6673795
2023-02-16 14:52:00-05:00  4130.290039  4131.490234  4129.450195  4131.330078  4131.330078   6682812
2023-02-16 14:54:00-05:00  4131.370117  4132.250000  4130.899902  4132.089844  4132.089844   6224701
2023-02-16 14:56:00-05:00  4132.109863  4132.160156  4130.379883  4130.379883  4130.379883   6000760
2023-02-16 14:58:00-05:00  4130.410156  4131.120117  4129.859863  4129.870117  4129.870117   6598729
2023-02-16 15:00:00-05:00  4129.839844  4130.600098  4128.209961  4128.339844  4128.339844   7408016
2023-02-16 15:02:00-05:00  4128.399902  4128.830078  4125.410156  4125.620117  4125.620117   8006064
2023-02-16 15:04:00-05:00  4125.580078  4125.640137  4116.770020  4121.450195  4121.450195  18689511
2023-02-16 15:06:00-05:00  4121.399902  4121.399902  4117.120117  4120.410156  4120.410156  15905064
2023-02-16 15:08:00-05:00  4120.379883  4122.649902  4119.919922  4121.459961  4121.459961   6828657
2023-02-16 15:10:00-05:00  4121.450195  4122.430176  4120.229980  4120.339844  4120.339844   8178643
2023-02-16 15:12:00-05:00  4120.279785  4121.259766  4118.339844  4121.120117  4121.120117   9243802
2023-02-16 15:14:00-05:00  4121.149902  4121.979980  4115.410156  4115.410156  4115.410156  11606611
2023-02-16 15:16:00-05:00  4115.370117  4115.419922  4110.069824  4110.759766  4110.759766  12769799
2023-02-16 15:18:00-05:00  4110.750000  4111.100098  4109.350098  4109.680176  4109.680176  10320993
2023-02-16 15:20:00-05:00  4109.729980  4109.729980  4103.879883  4105.310059  4105.310059  14955841
2023-02-16 15:22:00-05:00  4105.310059  4110.129883  4104.689941  4108.479980  4108.479980  12277956
2023-02-16 15:24:00-05:00  4108.339844  4109.209961  4106.290039  4108.379883  4108.379883  10956523
2023-02-16 15:26:00-05:00  4108.399902  4109.680176  4104.870117  4105.080078  4105.080078  11047798
2023-02-16 15:28:00-05:00  4105.049805  4105.049805  4101.479980  4101.609863  4101.609863  13667982
2023-02-16 15:30:00-05:00  4101.339844  4101.509766  4096.529785  4097.169922  4097.169922  17669758
2023-02-16 15:32:00-05:00  4097.109863  4097.819824  4094.629883  4097.649902  4097.649902  15592297
2023-02-16 15:34:00-05:00  4097.669922  4099.430176  4095.600098  4099.370117  4099.370117  15520255
2023-02-16 15:36:00-05:00  4099.319824  4102.459961  4099.029785  4099.359863  4099.359863  14323930
2023-02-16 15:38:00-05:00  4099.350098  4099.870117  4097.990234  4098.060059  4098.060059  11498598
2023-02-16 15:40:00-05:00  4098.040039  4098.040039  4091.000000  4091.439941  4091.439941  16409287
2023-02-16 15:42:00-05:00  4091.500000  4098.540039  4091.500000  4097.830078  4097.830078  16361003
2023-02-16 15:44:00-05:00  4097.729980  4099.020020  4096.350098  4096.410156  4096.410156  16407914
2023-02-16 15:46:00-05:00  4096.330078  4096.330078  4093.179932  4095.270020  4095.270020  18678442
2023-02-16 15:48:00-05:00  4095.149902  4098.160156  4094.229980  4098.120117  4098.120117  16758210
2023-02-16 15:50:00-05:00  4098.259766  4101.000000  4094.580078  4100.439941  4100.439941  26614081
2023-02-16 15:52:00-05:00  4100.500000  4102.250000  4097.439941  4098.250000  4098.250000  27039382
2023-02-16 15:54:00-05:00  4098.319824  4099.589844  4093.550049  4093.649902  4093.649902  24764281
2023-02-16 15:56:00-05:00  4093.600098  4094.199951  4090.110107  4092.300049  4092.300049  27390780
2023-02-16 15:58:00-05:00  4092.290039  4092.409912  4089.489990  4090.270020  4090.270020  28786239
2023-02-17 09:30:00-05:00  4077.389893  4077.389893  4065.570068  4066.290039  4066.290039  67941494
2023-02-17 09:32:00-05:00  4066.229980  4069.120117  4066.229980  4068.639893  4068.639893  16890054
2023-02-17 09:34:00-05:00  4068.469971  4074.100098  4068.350098  4071.610107  4071.610107  16493303
2023-02-17 09:36:00-05:00  4071.719971  4071.719971  4065.639893  4066.919922  4066.919922  15488969
2023-02-17 09:38:00-05:00  4066.959961  4068.070068  4064.239990  4064.379883  4064.379883  16209735
2023-02-17 09:40:00-05:00  4064.340088  4064.729980  4061.629883  4062.459961  4062.459961  16568905
2023-02-17 09:42:00-05:00  4062.439941  4066.090088  4062.439941  4062.729980  4062.729980  13860295
2023-02-17 09:44:00-05:00  4062.679932  4063.870117  4057.600098  4057.600098  4057.600098  15807689
2023-02-17 09:46:00-05:00  4057.500000  4060.629883  4056.060059  4059.899902  4059.899902  15711250
2023-02-17 09:48:00-05:00  4059.770020  4059.770020  4055.149902  4056.330078  4056.330078  15749142
2023-02-17 09:50:00-05:00  4056.239990  4057.110107  4054.629883  4056.080078  4056.080078  13585747
2023-02-17 09:52:00-05:00  4055.879883  4055.879883  4051.860107  4051.909912  4051.909912  17098395
2023-02-17 09:54:00-05:00  4051.879883  4052.020020  4049.370117  4050.540039  4050.540039  13445329
2023-02-17 09:56:00-05:00  4050.550049  4053.110107  4049.139893  4051.189941  4051.189941  14460602
2023-02-17 09:58:00-05:00  4051.280029  4054.719971  4051.050049  4054.659912  4054.659912  11684196
2023-02-17 10:00:00-05:00  4054.810059  4059.459961  4054.469971  4057.120117  4057.120117  14016455
2023-02-17 10:02:00-05:00  4057.129883  4063.000000  4057.129883  4062.159912  4062.159912  12251958
2023-02-17 10:04:00-05:00  4062.050049  4063.229980  4061.790039  4062.250000  4062.250000  11496456
2023-02-17 10:06:00-05:00  4062.159912  4063.540039  4060.489990  4063.300049  4063.300049  10743377
2023-02-17 10:08:00-05:00  4063.409912  4064.209961  4059.800049  4061.229980  4061.229980  10846767
2023-02-17 10:10:00-05:00  4061.100098  4063.689941  4058.889893  4062.689941  4062.689941  10476280
2023-02-17 10:12:00-05:00  4062.469971  4067.729980  4062.159912  4064.909912  4064.909912  10936851
2023-02-17 10:14:00-05:00  4064.850098  4066.580078  4062.629883  4062.800049  4062.800049  11748317
2023-02-17 10:16:00-05:00  4062.879883  4067.500000  4062.870117  4067.500000  4067.500000  11687852
2023-02-17 10:18:00-05:00  4067.469971  4073.830078  4067.469971  4072.330078  4072.330078  13553107
2023-02-17 10:20:00-05:00  4072.340088  4076.550049  4071.989990  4075.000000  4075.000000  11037737
2023-02-17 10:22:00-05:00  4074.860107  4074.979980  4069.459961  4070.060059  4070.060059  10205034
2023-02-17 10:24:00-05:00  4070.129883  4070.699951  4067.909912  4068.860107  4068.860107  10099876
2023-02-17 10:26:00-05:00  4068.669922  4069.540039  4066.139893  4069.149902  4069.149902   9662583
2023-02-17 10:28:00-05:00  4069.219971  4069.290039  4065.949951  4066.290039  4066.290039   9399406
2023-02-17 10:30:00-05:00  4066.389893  4069.350098  4065.280029  4069.350098  4069.350098  10024059
2023-02-17 10:32:00-05:00  4069.360107  4072.770020  4069.330078  4072.770020  4072.770020   9609744
2023-02-17 10:34:00-05:00  4072.590088  4074.139893  4071.080078  4074.020020  4074.020020   9062719
2023-02-17 10:36:00-05:00  4074.090088  4078.489990  4073.010010  4073.040039  4073.040039  12735710
2023-02-17 10:38:00-05:00  4072.949951  4072.949951  4068.629883  4069.899902  4069.899902  10489712
2023-02-17 10:40:00-05:00  4069.959961  4070.050049  4064.689941  4066.250000  4066.250000  11132855
2023-02-17 10:42:00-05:00  4066.300049  4066.629883  4061.179932  4061.729980  4061.729980  10442911
2023-02-17 10:44:00-05:00  4061.760010  4063.030029  4060.260010  4062.750000  4062.750000   9056694
2023-02-17 10:46:00-05:00  4062.739990  4062.739990  4059.139893  4059.179932  4059.179932  10123329
2023-02-17 10:48:00-05:00  4059.159912  4061.949951  4058.199951  4060.719971  4060.719971   9008123
2023-02-17 10:50:00-05:00  4060.770020  4061.060059  4059.360107  4060.800049  4060.800049   9673273
2023-02-17 10:52:00-05:00  4060.669922  4060.669922  4057.209961  4057.209961  4057.209961   9637872
2023-02-17 10:54:00-05:00  4057.389893  4059.879883  4057.320068  4059.459961  4059.459961   9515966
2023-02-17 10:56:00-05:00  4059.449951  4059.639893  4056.800049  4056.939941  4056.939941   8930118
2023-02-17 10:58:00-05:00  4056.909912  4057.129883  4055.219971  4056.320068  4056.320068   8367716
2023-02-17 11:00:00-05:00  4056.250000  4056.419922  4054.870117  4055.050049  4055.050049   9571606
2023-02-17 11:02:00-05:00  4055.040039  4055.489990  4053.219971  4053.310059  4053.310059   9597161
2023-02-17 11:04:00-05:00  4053.350098  4056.770020  4052.409912  4056.550049  4056.550049  10170243
2023-02-17 11:06:00-05:00  4056.550049  4059.649902  4055.669922  4059.419922  4059.419922   8061423
2023-02-17 11:08:00-05:00  4059.449951  4059.979980  4056.479980  4056.500000  4056.500000   7561686
2023-02-17 11:10:00-05:00  4056.489990  4059.169922  4056.389893  4058.909912  4058.909912   7928929
2023-02-17 11:12:00-05:00  4058.889893  4059.699951  4057.129883  4058.110107  4058.110107   7265996
2023-02-17 11:14:00-05:00  4058.000000  4058.870117  4056.889893  4057.439941  4057.439941   7186512
2023-02-17 11:16:00-05:00  4057.439941  4057.610107  4054.820068  4055.139893  4055.139893   7397618
2023-02-17 11:18:00-05:00  4055.189941  4056.649902  4055.189941  4055.810059  4055.810059   7214640
2023-02-17 11:20:00-05:00  4055.780029  4055.780029  4051.080078  4051.409912  4051.409912   9329960
2023-02-17 11:22:00-05:00  4051.379883  4053.219971  4050.560059  4053.219971  4053.219971   7803570
2023-02-17 11:24:00-05:00  4053.290039  4053.320068  4049.889893  4052.810059  4052.810059   8667503
2023-02-17 11:26:00-05:00  4052.820068  4052.820068  4050.260010  4051.790039  4051.790039   9121403
2023-02-17 11:28:00-05:00  4051.719971  4051.830078  4049.939941  4051.419922  4051.419922   8597104
2023-02-17 11:30:00-05:00  4051.409912  4051.409912  4049.370117  4050.370117  4050.370117   9622600
2023-02-17 11:32:00-05:00  4050.379883  4051.979980  4048.399902  4050.620117  4050.620117  12909131
2023-02-17 11:34:00-05:00  4050.629883  4052.270020  4049.370117  4051.909912  4051.909912   9749987
2023-02-17 11:36:00-05:00  4051.889893  4055.139893  4051.520020  4054.820068  4054.820068  11954964
2023-02-17 11:38:00-05:00  4054.800049  4056.110107  4053.600098  4055.830078  4055.830078   8829969
2023-02-17 11:40:00-05:00  4055.780029  4057.350098  4055.260010  4056.250000  4056.250000   8211847
2023-02-17 11:42:00-05:00  4056.280029  4057.389893  4055.030029  4056.919922  4056.919922   6559332
2023-02-17 11:44:00-05:00  4056.919922  4059.560059  4056.830078  4059.399902  4059.399902   8836283
2023-02-17 11:46:00-05:00  4059.399902  4061.580078  4059.310059  4060.610107  4060.610107  14013115
2023-02-17 11:48:00-05:00  4060.590088  4060.679932  4058.679932  4058.989990  4058.989990   6602518
2023-02-17 11:50:00-05:00  4058.919922  4058.919922  4056.370117  4056.540039  4056.540039   8129769
2023-02-17 11:52:00-05:00  4056.550049  4056.750000  4054.020020  4054.020020  4054.020020   6356528
2023-02-17 11:54:00-05:00  4054.090088  4054.090088  4052.530029  4052.629883  4052.629883   7624044
2023-02-17 11:56:00-05:00  4052.639893  4052.649902  4050.830078  4051.860107  4051.860107   6851112
2023-02-17 11:58:00-05:00  4051.860107  4054.780029  4051.639893  4054.679932  4054.679932   7223979
2023-02-17 12:00:00-05:00  4054.669922  4059.260010  4054.610107  4059.080078  4059.080078   8517301
2023-02-17 12:02:00-05:00  4059.139893  4060.429932  4057.719971  4057.719971  4057.719971   7456257
2023-02-17 12:04:00-05:00  4057.729980  4060.149902  4057.709961  4059.820068  4059.820068   8047236
2023-02-17 12:06:00-05:00  4059.870117  4060.560059  4059.810059  4060.379883  4060.379883   6201466
2023-02-17 12:08:00-05:00  4060.459961  4062.889893  4060.459961  4062.030029  4062.030029   7041540
2023-02-17 12:10:00-05:00  4062.070068  4066.010010  4062.070068  4066.010010  4066.010010   7997505
2023-02-17 12:12:00-05:00  4066.020020  4066.080078  4064.159912  4064.389893  4064.389893   7596770
2023-02-17 12:14:00-05:00  4064.419922  4065.419922  4063.419922  4064.560059  4064.560059   8030116
2023-02-17 12:16:00-05:00  4064.530029  4065.209961  4062.939941  4063.040039  4063.040039   6206868
2023-02-17 12:18:00-05:00  4063.030029  4063.669922  4061.250000  4061.250000  4061.250000   7179341
2023-02-17 12:20:00-05:00  4061.070068  4062.110107  4060.969971  4061.800049  4061.800049   6848851
2023-02-17 12:22:00-05:00  4061.770020  4061.780029  4059.370117  4061.760010  4061.760010   7326300
2023-02-17 12:24:00-05:00  4061.800049  4062.469971  4060.830078  4062.469971  4062.469971   5965805
2023-02-17 12:26:00-05:00  4062.449951  4063.979980  4060.979980  4061.449951  4061.449951   8202800
2023-02-17 12:28:00-05:00  4061.439941  4062.649902  4061.350098  4061.989990  4061.989990   5605073
2023-02-17 12:30:00-05:00  4061.750000  4061.750000  4059.260010  4060.080078  4060.080078   7007619
2023-02-17 12:32:00-05:00  4060.030029  4061.790039  4059.840088  4059.850098  4059.850098   5388443
2023-02-17 12:34:00-05:00  4059.899902  4060.310059  4059.229980  4060.030029  4060.030029   5878670
2023-02-17 12:36:00-05:00  4060.010010  4060.959961  4059.060059  4059.060059  4059.060059   5918756
2023-02-17 12:38:00-05:00  4059.020020  4059.040039  4057.889893  4058.449951  4058.449951   5351896
2023-02-17 12:40:00-05:00  4058.469971  4059.310059  4056.909912  4057.000000  4057.000000   6987915
2023-02-17 12:42:00-05:00  4057.030029  4057.030029  4055.350098  4055.629883  4055.629883   8513916
2023-02-17 12:44:00-05:00  4055.669922  4057.169922  4055.659912  4057.120117  4057.120117   5746736
2023-02-17 12:46:00-05:00  4057.149902  4057.149902  4055.379883  4055.770020  4055.770020   6523916
2023-02-17 12:48:00-05:00  4055.689941  4055.689941  4053.600098  4053.659912  4053.659912   6568751
2023-02-17 12:50:00-05:00  4053.679932  4054.120117  4052.879883  4053.179932  4053.179932   5714594
2023-02-17 12:52:00-05:00  4053.169922  4053.399902  4047.949951  4049.239990  4049.239990   9231099
2023-02-17 12:54:00-05:00  4049.229980  4049.370117  4047.989990  4048.649902  4048.649902   5454877
2023-02-17 12:56:00-05:00  4048.620117  4052.169922  4048.620117  4052.159912  4052.159912   7215686
2023-02-17 12:58:00-05:00  4052.179932  4052.389893  4051.389893  4051.610107  4051.610107   5235511
2023-02-17 13:00:00-05:00  4051.580078  4052.580078  4050.389893  4050.389893  4050.389893   6264689
2023-02-17 13:02:00-05:00  4050.399902  4051.780029  4049.899902  4051.030029  4051.030029   5580568
2023-02-17 13:04:00-05:00  4050.850098  4053.280029  4050.679932  4052.270020  4052.270020   6690896
2023-02-17 13:06:00-05:00  4052.169922  4052.580078  4051.110107  4052.370117  4052.370117   5705183
2023-02-17 13:08:00-05:00  4052.439941  4056.389893  4052.439941  4056.110107  4056.110107   6998602
2023-02-17 13:10:00-05:00  4056.110107  4058.639893  4056.010010  4058.590088  4058.590088   7295625
2023-02-17 13:12:00-05:00  4058.610107  4058.919922  4057.679932  4057.870117  4057.870117   6288277
2023-02-17 13:14:00-05:00  4057.870117  4060.320068  4057.550049  4060.219971  4060.219971   7140213
2023-02-17 13:16:00-05:00  4060.219971  4060.719971  4059.169922  4060.500000  4060.500000   5457363
2023-02-17 13:18:00-05:00  4060.469971  4060.899902  4058.889893  4058.889893  4058.889893   5544496
2023-02-17 13:20:00-05:00  4058.860107  4058.909912  4054.939941  4055.909912  4055.909912   7147147
2023-02-17 13:22:00-05:00  4055.969971  4056.310059  4055.120117  4055.479980  4055.479980   5595384
2023-02-17 13:24:00-05:00  4055.459961  4055.459961  4052.800049  4052.909912  4052.909912   7009158
2023-02-17 13:26:00-05:00  4052.870117  4053.300049  4051.350098  4053.000000  4053.000000   6384238
2023-02-17 13:28:00-05:00  4053.070068  4054.340088  4053.070068  4053.570068  4053.570068   5788047
2023-02-17 13:30:00-05:00  4053.620117  4053.770020  4052.669922  4053.139893  4053.139893   5448890
2023-02-17 13:32:00-05:00  4053.139893  4053.580078  4051.360107  4052.620117  4052.620117   6007376
2023-02-17 13:34:00-05:00  4052.679932  4055.610107  4052.679932  4054.810059  4054.810059   8956843
2023-02-17 13:36:00-05:00  4054.830078  4056.830078  4054.830078  4056.800049  4056.800049   6248173
2023-02-17 13:38:00-05:00  4056.879883  4057.050049  4056.050049  4056.080078  4056.080078   5582272
2023-02-17 13:40:00-05:00  4056.139893  4058.090088  4055.600098  4057.919922  4057.919922   6524619
2023-02-17 13:42:00-05:00  4057.959961  4058.120117  4056.840088  4058.120117  4058.120117   6438726
2023-02-17 13:44:00-05:00  4058.120117  4058.270020  4057.250000  4057.820068  4057.820068   5683019
2023-02-17 13:46:00-05:00  4057.850098  4058.709961  4057.330078  4058.260010  4058.260010   5139753
2023-02-17 13:48:00-05:00  4058.429932  4059.679932  4057.919922  4058.540039  4058.540039   7375648
2023-02-17 13:50:00-05:00  4058.500000  4058.500000  4055.149902  4056.050049  4056.050049   6848855
2023-02-17 13:52:00-05:00  4056.139893  4059.120117  4055.080078  4057.179932  4057.179932   6775055
2023-02-17 13:54:00-05:00  4057.159912  4057.159912  4055.629883  4056.229980  4056.229980   4108162
2023-02-17 13:56:00-05:00  4056.209961  4056.550049  4054.830078  4055.459961  4055.459961   5227480
2023-02-17 13:58:00-05:00  4055.409912  4058.360107  4055.320068  4058.360107  4058.360107   5556922
2023-02-17 14:00:00-05:00  4058.389893  4061.760010  4058.389893  4061.760010  4061.760010   8180524
2023-02-17 14:02:00-05:00  4061.800049  4064.129883  4061.610107  4061.610107  4061.610107   7922539
2023-02-17 14:04:00-05:00  4061.590088  4063.459961  4061.080078  4063.389893  4063.389893   5587541
2023-02-17 14:06:00-05:00  4063.360107  4064.300049  4062.879883  4063.679932  4063.679932   6217507
2023-02-17 14:08:00-05:00  4063.719971  4064.300049  4063.310059  4063.340088  4063.340088   5789796
2023-02-17 14:10:00-05:00  4063.330078  4064.659912  4062.840088  4063.209961  4063.209961   7181205
2023-02-17 14:12:00-05:00  4063.250000  4063.250000  4059.860107  4060.090088  4060.090088   6680060
2023-02-17 14:14:00-05:00  4060.090088  4060.090088  4058.219971  4059.000000  4059.000000   7288149
2023-02-17 14:16:00-05:00  4058.969971  4062.399902  4058.790039  4061.989990  4061.989990   6905788
2023-02-17 14:18:00-05:00  4062.030029  4062.040039  4060.280029  4060.919922  4060.919922   5943536
2023-02-17 14:20:00-05:00  4060.899902  4063.860107  4060.820068  4063.719971  4063.719971   6705953
2023-02-17 14:22:00-05:00  4063.699951  4068.439941  4063.679932  4068.050049  4068.050049  10505215
2023-02-17 14:24:00-05:00  4068.070068  4070.280029  4067.919922  4069.889893  4069.889893   9793599
2023-02-17 14:26:00-05:00  4069.659912  4069.929932  4067.580078  4067.689941  4067.689941   5826687
2023-02-17 14:28:00-05:00  4067.719971  4068.669922  4067.199951  4067.639893  4067.639893   6221263
2023-02-17 14:30:00-05:00  4067.659912  4069.850098  4067.659912  4069.719971  4069.719971   7345817
2023-02-17 14:32:00-05:00  4069.699951  4071.860107  4069.699951  4070.459961  4070.459961   8436552
2023-02-17 14:34:00-05:00  4070.449951  4072.080078  4070.419922  4071.419922  4071.419922   7804842
2023-02-17 14:36:00-05:00  4071.449951  4072.870117  4070.909912  4072.729980  4072.729980   6390785
2023-02-17 14:38:00-05:00  4072.709961  4074.060059  4072.709961  4073.959961  4073.959961   6662594
2023-02-17 14:40:00-05:00  4073.929932  4073.989990  4069.449951  4069.570068  4069.570068   8608180
2023-02-17 14:42:00-05:00  4069.520020  4071.699951  4069.330078  4070.860107  4070.860107   6813727
2023-02-17 14:44:00-05:00  4070.879883  4071.139893  4067.959961  4067.959961  4067.959961   6572544
2023-02-17 14:46:00-05:00  4067.959961  4071.580078  4067.959961  4071.580078  4071.580078   7310923
2023-02-17 14:48:00-05:00  4071.570068  4072.969971  4071.570068  4072.899902  4072.899902   6136045
2023-02-17 14:50:00-05:00  4072.889893  4075.879883  4072.889893  4075.530029  4075.530029   8382021
2023-02-17 14:52:00-05:00  4075.600098  4076.719971  4074.949951  4074.979980  4074.979980   8116302
2023-02-17 14:54:00-05:00  4074.889893  4077.840088  4074.889893  4077.790039  4077.790039   8085316
2023-02-17 14:56:00-05:00  4077.780029  4079.129883  4077.149902  4078.219971  4078.219971   9528784
2023-02-17 14:58:00-05:00  4078.199951  4078.330078  4076.159912  4077.899902  4077.899902   7551740
2023-02-17 15:00:00-05:00  4077.889893  4080.629883  4077.830078  4079.520020  4079.520020   8662023
2023-02-17 15:02:00-05:00  4079.530029  4080.520020  4078.459961  4079.909912  4079.909912   8191245
2023-02-17 15:04:00-05:00  4080.010010  4081.510010  4077.179932  4078.199951  4078.199951  11440091
2023-02-17 15:06:00-05:00  4078.199951  4078.280029  4076.350098  4076.350098  4076.350098   8522392
2023-02-17 15:08:00-05:00  4076.290039  4080.120117  4074.550049  4080.050049  4080.050049   9947580
2023-02-17 15:10:00-05:00  4080.090088  4080.810059  4076.550049  4076.800049  4076.800049   8953775
2023-02-17 15:12:00-05:00  4076.790039  4077.800049  4075.570068  4075.909912  4075.909912   8809911
2023-02-17 15:14:00-05:00  4075.879883  4079.320068  4075.879883  4078.909912  4078.909912   8357589
2023-02-17 15:16:00-05:00  4078.919922  4079.399902  4074.070068  4074.199951  4074.199951   9070039
2023-02-17 15:18:00-05:00  4074.370117  4076.340088  4074.300049  4075.560059  4075.560059   7949782
2023-02-17 15:20:00-05:00  4075.590088  4077.580078  4074.649902  4077.449951  4077.449951   8994746
2023-02-17 15:22:00-05:00  4077.360107  4077.360107  4072.320068  4072.449951  4072.449951  10418551
2023-02-17 15:24:00-05:00  4072.500000  4075.969971  4072.500000  4075.760010  4075.760010   9221908
2023-02-17 15:26:00-05:00  4075.870117  4076.830078  4075.459961  4075.870117  4075.870117   8286260
2023-02-17 15:28:00-05:00  4076.320068  4076.510010  4071.100098  4072.409912  4072.409912  10304368
2023-02-17 15:30:00-05:00  4072.290039  4075.580078  4071.219971  4075.469971  4075.469971  12289783
2023-02-17 15:32:00-05:00  4075.429932  4075.699951  4073.070068  4074.209961  4074.209961  11178238
2023-02-17 15:34:00-05:00  4074.199951  4079.679932  4074.149902  4079.540039  4079.540039  13392339
2023-02-17 15:36:00-05:00  4079.669922  4081.159912  4078.600098  4078.899902  4078.899902  12679454
2023-02-17 15:38:00-05:00  4078.899902  4078.899902  4074.889893  4075.659912  4075.659912  11483759
2023-02-17 15:40:00-05:00  4075.659912  4077.649902  4074.949951  4076.979980  4076.979980  14539388
2023-02-17 15:42:00-05:00  4077.020020  4077.020020  4075.100098  4075.340088  4075.340088  12483570
2023-02-17 15:44:00-05:00  4075.439941  4076.110107  4072.689941  4074.199951  4074.199951  17138385
2023-02-17 15:46:00-05:00  4074.179932  4075.870117  4071.750000  4071.750000  4071.750000  18107791
2023-02-17 15:48:00-05:00  4071.780029  4073.439941  4071.120117  4071.120117  4071.120117  15688321
2023-02-17 15:50:00-05:00  4071.149902  4079.060059  4071.149902  4078.010010  4078.010010  29322775
2023-02-17 15:52:00-05:00  4077.899902  4078.639893  4075.850098  4075.969971  4075.969971  26942649
2023-02-17 15:54:00-05:00  4076.010010  4080.419922  4075.250000  4079.320068  4079.320068  26253578
2023-02-17 15:56:00-05:00  4079.179932  4079.699951  4076.340088  4076.770020  4076.770020  28865761
2023-02-17 15:58:00-05:00  4076.810059  4079.250000  4076.179932  4078.979980  4078.979980  27889839
2023-02-17 16:00:00-05:00  4079.090088  4079.090088  4079.090088  4079.090088  4079.090088         0