                                  Open         High          Low        Close    Adj Close      Volume
Datetime                                                                                              
2023-03-20 10:54:00-04:00  3941.199951  3942.439941  3940.479980  3942.419922  3942.419922           0
2023-03-20 10:56:00-04:00  3942.489990  3944.540039  3942.300049  3944.469971  3944.469971    11974877
2023-03-20 10:58:00-04:00  3944.550049  3947.110107  3944.550049  3946.459961  3946.459961    11010390
2023-03-20 11:00:00-04:00  3946.360107  3949.840088  3946.260010  3949.610107  3949.610107    12005222
2023-03-20 11:02:00-04:00  3949.610107  3952.580078  3949.040039  3950.350098  3950.350098    13175974
2023-03-20 11:04:00-04:00  3950.320068  3950.729980  3949.610107  3950.679932  3950.679932    10774017
2023-03-20 11:06:00-04:00  3950.770020  3951.989990  3950.310059  3950.399902  3950.399902    14158949
2023-03-20 11:08:00-04:00  3950.540039  3950.540039  3949.330078  3949.669922  3949.669922    10008043
2023-03-20 11:10:00-04:00  3949.590088  3949.780029  3944.260010  3945.719971  3945.719971    13712305
2023-03-20 11:12:00-04:00  3946.139893  3947.739990  3944.489990  3947.360107  3947.360107    11570257
2023-03-20 11:14:00-04:00  3947.360107  3947.899902  3946.300049  3946.550049  3946.550049     8046053
2023-03-20 11:16:00-04:00  3946.620117  3946.639893  3943.280029  3945.560059  3945.560059     9581784
2023-03-20 11:18:00-04:00  3945.689941  3947.860107  3945.689941  3947.399902  3947.399902     9177966
2023-03-20 11:20:00-04:00  3947.479980  3948.370117  3946.760010  3947.050049  3947.050049     8521527
2023-03-20 11:22:00-04:00  3947.229980  3949.010010  3947.229980  3948.889893  3948.889893     7833096
2023-03-20 11:24:00-04:00  3948.879883  3949.790039  3946.850098  3949.500000  3949.500000    10207915
2023-03-20 11:26:00-04:00  3949.540039  3950.459961  3949.090088  3949.770020  3949.770020     8290673
2023-03-20 11:28:00-04:00  3949.770020  3956.530029  3949.760010  3955.770020  3955.770020    14744340
2023-03-20 11:30:00-04:00  3955.870117  3956.620117  3954.669922  3954.739990  3954.739990     9284358
2023-03-20 11:32:00-04:00  3954.770020  3955.090088  3950.120117  3950.510010  3950.510010    10079943
2023-03-20 11:34:00-04:00  3950.500000  3951.959961  3950.360107  3951.679932  3951.679932     8324048
2023-03-20 11:36:00-04:00  3951.709961  3952.719971  3950.239990  3950.909912  3950.909912     8217132
2023-03-20 11:38:00-04:00  3950.850098  3952.040039  3949.540039  3951.530029  3951.530029     8389439
2023-03-20 11:40:00-04:00  3951.540039  3951.979980  3950.459961  3951.439941  3951.439941     8707557
2023-03-20 11:42:00-04:00  3951.439941  3951.909912  3948.209961  3949.270020  3949.270020     9532802
2023-03-20 11:44:00-04:00  3949.300049  3950.209961  3946.389893  3948.449951  3948.449951     9341725
2023-03-20 11:46:00-04:00  3948.699951  3949.120117  3946.239990  3946.560059  3946.560059     8230105
2023-03-20 11:48:00-04:00  3946.669922  3947.189941  3946.010010  3946.320068  3946.320068    10539779
2023-03-20 11:50:00-04:00  3946.360107  3948.709961  3946.149902  3947.070068  3947.070068     9646074
2023-03-20 11:52:00-04:00  3947.080078  3947.879883  3942.550049  3943.959961  3943.959961    12228441
2023-03-20 11:54:00-04:00  3944.229980  3944.760010  3943.219971  3944.489990  3944.489990     9571270
2023-03-20 11:56:00-04:00  3944.409912  3944.500000  3939.870117  3939.870117  3939.870117    11188778
2023-03-20 11:58:00-04:00  3939.889893  3942.679932  3939.760010  3940.020020  3940.020020    14924091
2023-03-20 12:00:00-04:00  3940.050049  3940.909912  3939.300049  3939.919922  3939.919922     9239651
2023-03-20 12:02:00-04:00  3939.979980  3941.590088  3938.760010  3940.550049  3940.550049    12003569
2023-03-20 12:04:00-04:00  3940.560059  3940.689941  3939.320068  3940.419922  3940.419922    10452837
2023-03-20 12:06:00-04:00  3940.419922  3940.419922  3936.860107  3936.969971  3936.969971    10870710
2023-03-20 12:08:00-04:00  3936.959961  3936.959961  3931.510010  3931.510010  3931.510010    11771223
2023-03-20 12:10:00-04:00  3931.520020  3931.709961  3929.790039  3930.600098  3930.600098     9988195
2023-03-20 12:12:00-04:00  3926.489990  3926.489990  3923.379883  3925.300049  3925.300049    18109975
2023-03-20 12:14:00-04:00  3925.270020  3930.139893  3925.270020  3930.139893  3930.139893    10147088
2023-03-20 12:16:00-04:00  3930.229980  3931.010010  3928.919922  3930.090088  3930.090088    12374619
2023-03-20 12:18:00-04:00  3930.010010  3930.350098  3926.610107  3928.399902  3928.399902     8957769
2023-03-20 12:20:00-04:00  3928.439941  3929.669922  3927.590088  3929.330078  3929.330078     8576095
2023-03-20 12:22:00-04:00  3929.250000  3932.989990  3929.250000  3931.530029  3931.530029    12242406
2023-03-20 12:24:00-04:00  3931.620117  3932.370117  3930.090088  3930.820068  3930.820068     7063276
2023-03-20 12:26:00-04:00  3930.780029  3930.780029  3928.120117  3929.780029  3929.780029     9172985
2023-03-20 12:28:00-04:00  3929.899902  3932.969971  3929.899902  3932.889893  3932.889893     9908266
2023-03-20 12:30:00-04:00  3932.959961  3935.590088  3932.840088  3933.520020  3933.520020     8795247
2023-03-20 12:32:00-04:00  3933.449951  3933.909912  3932.770020  3933.189941  3933.189941     9095336
2023-03-20 12:34:00-04:00  3933.189941  3935.479980  3932.750000  3934.199951  3934.199951    10265695
2023-03-20 12:36:00-04:00  3934.169922  3935.840088  3933.370117  3934.360107  3934.360107     8255987
2023-03-20 12:38:00-04:00  3934.070068  3935.969971  3934.030029  3935.939941  3935.939941     7223405
2023-03-20 12:40:00-04:00  3935.939941  3936.580078  3935.270020  3936.030029  3936.030029    10521482
2023-03-20 12:42:00-04:00  3936.169922  3936.830078  3933.580078  3934.419922  3934.419922    10996672
2023-03-20 12:44:00-04:00  3934.500000  3935.810059  3934.149902  3934.149902  3934.149902     8288734
2023-03-20 12:46:00-04:00  3934.050049  3936.090088  3933.439941  3936.090088  3936.090088     8490806
2023-03-20 12:48:00-04:00  3936.070068  3938.469971  3936.060059  3937.320068  3937.320068     8960253
2023-03-20 12:50:00-04:00  3937.360107  3942.959961  3937.360107  3942.919922  3942.919922     9952771
2023-03-20 12:52:00-04:00  3943.000000  3943.500000  3941.780029  3942.760010  3942.760010     7429534
2023-03-20 12:54:00-04:00  3942.870117  3943.659912  3942.870117  3942.949951  3942.949951     9100594
2023-03-20 12:56:00-04:00  3942.919922  3947.179932  3942.919922  3945.340088  3945.340088    11280654
2023-03-20 12:58:00-04:00  3945.310059  3945.439941  3943.939941  3944.790039  3944.790039     7571147
2023-03-20 13:00:00-04:00  3944.739990  3946.050049  3944.350098  3945.669922  3945.669922     7450307
2023-03-20 13:02:00-04:00  3945.639893  3947.439941  3945.510010  3947.310059  3947.310059     8967772
2023-03-20 13:04:00-04:00  3947.250000  3947.389893  3946.179932  3947.350098  3947.350098     7431429
2023-03-20 13:06:00-04:00  3947.330078  3952.870117  3947.330078  3950.090088  3950.090088    14902120
2023-03-20 13:08:00-04:00  3950.090088  3951.060059  3948.370117  3949.409912  3949.409912     8191624
2023-03-20 13:10:00-04:00  3949.340088  3950.370117  3949.310059  3949.929932  3949.929932     7148928
2023-03-20 13:12:00-04:00  3949.969971  3951.429932  3949.889893  3950.540039  3950.540039     7297181
2023-03-20 13:14:00-04:00  3950.510010  3952.699951  3950.489990  3952.610107  3952.610107     8035272
2023-03-20 13:16:00-04:00  3952.709961  3953.580078  3951.399902  3951.399902  3951.399902     8760241
2023-03-20 13:18:00-04:00  3951.429932  3952.310059  3950.939941  3952.129883  3952.129883     8476439
2023-03-20 13:20:00-04:00  3952.209961  3952.429932  3950.229980  3950.469971  3950.469971     8192517
2023-03-20 13:22:00-04:00  3950.270020  3951.750000  3949.979980  3951.580078  3951.580078     8323172
2023-03-20 13:24:00-04:00  3951.560059  3952.149902  3951.110107  3951.449951  3951.449951     6741891
2023-03-20 13:26:00-04:00  3951.409912  3951.830078  3949.959961  3949.959961  3949.959961     8005850
2023-03-20 13:28:00-04:00  3949.860107  3950.169922  3948.179932  3948.689941  3948.689941     8789423
2023-03-20 13:30:00-04:00  3948.659912  3951.040039  3948.409912  3950.709961  3950.709961     7202981
2023-03-20 13:32:00-04:00  3950.729980  3952.199951  3950.590088  3950.850098  3950.850098     6915409
2023-03-20 13:34:00-04:00  3950.860107  3950.919922  3946.889893  3947.639893  3947.639893     9509285
2023-03-20 13:36:00-04:00  3947.629883  3947.629883  3945.760010  3946.689941  3946.689941     9046821
2023-03-20 13:38:00-04:00  3946.719971  3947.590088  3945.219971  3947.590088  3947.590088     9615458
2023-03-20 13:40:00-04:00  3947.620117  3951.330078  3947.620117  3951.139893  3951.139893    10465136
2023-03-20 13:42:00-04:00  3951.139893  3951.139893  3949.540039  3949.540039  3949.540039     8787430
2023-03-20 13:44:00-04:00  3949.520020  3950.080078  3947.790039  3947.929932  3947.929932    10051158
2023-03-20 13:46:00-04:00  3947.889893  3948.909912  3947.000000  3947.070068  3947.070068     6051686
2023-03-20 13:48:00-04:00  3947.070068  3948.750000  3946.479980  3948.350098  3948.350098     7655367
2023-03-20 13:50:00-04:00  3948.360107  3948.360107  3945.239990  3945.270020  3945.270020     7783829
2023-03-20 13:52:00-04:00  3945.270020  3946.169922  3944.340088  3945.360107  3945.360107     8749091
2023-03-20 13:54:00-04:00  3945.330078  3945.729980  3943.709961  3945.250000  3945.250000     7697508
2023-03-20 13:56:00-04:00  3945.280029  3945.969971  3944.060059  3944.270020  3944.270020     7135092
2023-03-20 13:58:00-04:00  3944.260010  3947.030029  3944.110107  3945.790039  3945.790039     7897340
2023-03-20 14:00:00-04:00  3945.780029  3946.959961  3943.679932  3944.449951  3944.449951     8539535
2023-03-20 14:02:00-04:00  3944.370117  3945.969971  3943.159912  3943.159912  3943.159912     8007077
2023-03-20 14:04:00-04:00  3943.179932  3943.199951  3941.260010  3941.439941  3941.439941     9395895
2023-03-20 14:06:00-04:00  3941.370117  3943.260010  3940.739990  3941.040039  3941.040039     8132055
2023-03-20 14:08:00-04:00  3941.090088  3941.449951  3939.350098  3939.750000  3939.750000     7657476
2023-03-20 14:10:00-04:00  3939.770020  3943.169922  3939.610107  3943.159912  3943.159912     7855140
2023-03-20 14:12:00-04:00  3943.139893  3943.739990  3941.419922  3941.439941  3941.439941     8270083
2023-03-20 14:14:00-04:00  3941.399902  3942.060059  3940.320068  3940.330078  3940.330078     9529974
2023-03-20 14:16:00-04:00  3940.290039  3941.399902  3940.060059  3940.810059  3940.810059     8810294
2023-03-20 14:18:00-04:00  3940.770020  3944.260010  3940.540039  3943.810059  3943.810059     8937850
2023-03-20 14:20:00-04:00  3943.790039  3946.550049  3943.469971  3946.550049  3946.550049     9302714
2023-03-20 14:22:00-04:00  3946.620117  3948.229980  3946.620117  3947.489990  3947.489990     9242379
2023-03-20 14:24:00-04:00  3947.620117  3947.919922  3946.110107  3946.110107  3946.110107     7874459
2023-03-20 14:26:00-04:00  3945.979980  3947.290039  3945.979980  3946.669922  3946.669922     9720178
2023-03-20 14:28:00-04:00  3946.719971  3948.050049  3945.010010  3945.129883  3945.129883    11283006
2023-03-20 14:30:00-04:00  3945.209961  3946.100098  3940.449951  3942.270020  3942.270020    12863231
2023-03-20 14:32:00-04:00  3942.290039  3942.290039  3939.939941  3941.360107  3941.360107     9149106
2023-03-20 14:34:00-04:00  3941.620117  3942.110107  3940.159912  3940.290039  3940.290039     8108033
2023-03-20 14:36:00-04:00  3940.389893  3940.540039  3937.060059  3937.979980  3937.979980    10864628
2023-03-20 14:38:00-04:00  3938.270020  3939.350098  3937.159912  3937.159912  3937.159912     7583923
2023-03-20 14:40:00-04:00  3937.219971  3937.810059  3935.639893  3936.770020  3936.770020     8834372
2023-03-20 14:42:00-04:00  3936.760010  3940.500000  3935.810059  3940.350098  3940.350098     8557222
2023-03-20 14:44:00-04:00  3940.379883  3941.860107  3939.159912  3941.360107  3941.360107     8493029
2023-03-20 14:46:00-04:00  3941.350098  3942.219971  3941.320068  3941.600098  3941.600098     7553229
2023-03-20 14:48:00-04:00  3941.620117  3942.909912  3941.620117  3942.340088  3942.340088     7718024
2023-03-20 14:50:00-04:00  3942.310059  3947.719971  3942.310059  3946.679932  3946.679932    14458781
2023-03-20 14:52:00-04:00  3946.709961  3946.729980  3943.560059  3945.040039  3945.040039     8924183
2023-03-20 14:54:00-04:00  3945.010010  3945.459961  3943.840088  3945.100098  3945.100098     8398354
2023-03-20 14:56:00-04:00  3945.139893  3945.729980  3943.479980  3943.479980  3943.479980     9225363
2023-03-20 14:58:00-04:00  3943.050049  3943.370117  3941.090088  3942.620117  3942.620117     9450271
2023-03-20 15:00:00-04:00  3942.570068  3942.820068  3940.419922  3942.800049  3942.800049     9456192
2023-03-20 15:02:00-04:00  3943.010010  3944.639893  3942.540039  3944.229980  3944.229980     9363070
2023-03-20 15:04:00-04:00  3944.239990  3944.469971  3942.489990  3944.469971  3944.469971     9843600
2023-03-20 15:06:00-04:00  3944.540039  3945.500000  3942.699951  3942.699951  3942.699951    10726457
2023-03-20 15:08:00-04:00  3942.709961  3943.860107  3940.620117  3940.929932  3940.929932    10885055
2023-03-20 15:10:00-04:00  3940.939941  3942.659912  3939.540039  3940.409912  3940.409912    11109249
2023-03-20 15:12:00-04:00  3940.429932  3940.919922  3939.250000  3940.580078  3940.580078    10146632
2023-03-20 15:14:00-04:00  3940.550049  3941.669922  3939.530029  3940.239990  3940.239990    11388947
2023-03-20 15:16:00-04:00  3940.429932  3941.860107  3940.070068  3940.070068  3940.070068     9167170
2023-03-20 15:18:00-04:00  3940.060059  3944.439941  3939.639893  3943.989990  3943.989990    12571897
2023-03-20 15:20:00-04:00  3944.010010  3944.290039  3938.570068  3938.639893  3938.639893    12445843
2023-03-20 15:22:00-04:00  3938.770020  3941.370117  3938.729980  3940.590088  3940.590088    10778577
2023-03-20 15:24:00-04:00  3940.520020  3944.090088  3940.120117  3944.080078  3944.080078    11197048
2023-03-20 15:26:00-04:00  3944.060059  3946.090088  3943.800049  3944.689941  3944.689941    13025129
2023-03-20 15:28:00-04:00  3944.659912  3946.449951  3944.270020  3945.270020  3945.270020    11586935
2023-03-20 15:30:00-04:00  3945.209961  3947.860107  3943.850098  3947.500000  3947.500000    14323474
2023-03-20 15:32:00-04:00  3947.570068  3948.879883  3946.840088  3948.399902  3948.399902    13967383
2023-03-20 15:34:00-04:00  3948.139893  3949.409912  3945.060059  3947.080078  3947.080078    20238571
2023-03-20 15:36:00-04:00  3947.100098  3948.580078  3946.260010  3946.739990  3946.739990    13737403
2023-03-20 15:38:00-04:00  3946.780029  3948.600098  3946.469971  3947.739990  3947.739990    12863955
2023-03-20 15:40:00-04:00  3947.679932  3949.060059  3946.629883  3948.469971  3948.469971    16268865
2023-03-20 15:42:00-04:00  3948.449951  3950.340088  3948.169922  3949.250000  3949.250000    16300752
2023-03-20 15:44:00-04:00  3949.169922  3949.820068  3946.370117  3948.379883  3948.379883    20374658
2023-03-20 15:46:00-04:00  3948.419922  3952.040039  3947.879883  3951.889893  3951.889893    22471529
2023-03-20 15:48:00-04:00  3951.820068  3951.889893  3949.649902  3950.969971  3950.969971    20256246
2023-03-20 15:50:00-04:00  3951.020020  3956.270020  3951.020020  3954.590088  3954.590088    35870837
2023-03-20 15:52:00-04:00  3954.590088  3954.590088  3952.320068  3953.389893  3953.389893    29178887
2023-03-20 15:54:00-04:00  3953.320068  3953.320068  3949.949951  3949.949951  3949.949951    41057109
2023-03-20 15:56:00-04:00  3949.899902  3951.439941  3949.620117  3950.949951  3950.949951    43360139
2023-03-20 15:58:00-04:00  3950.979980  3951.379883  3950.010010  3950.830078  3950.830078    59185385
2023-03-21 09:30:00-04:00  3975.889893  3993.949951  3975.889893  3993.340088  3993.340088    12756804
2023-03-21 09:32:00-04:00  3993.419922  3995.340088  3993.149902  3994.209961  3994.209961    23124838
2023-03-21 09:34:00-04:00  3994.060059  3995.610107  3991.979980  3992.219971  3992.219971    23736590
2023-03-21 09:36:00-04:00  3992.090088  3993.669922  3991.340088  3992.149902  3992.149902    18403549
2023-03-21 09:38:00-04:00  3992.189941  3992.979980  3990.919922  3990.919922  3990.919922    19539177
2023-03-21 09:40:00-04:00  3990.929932  3992.060059  3990.060059  3990.060059  3990.060059    18776778
2023-03-21 09:42:00-04:00  3989.810059  3993.679932  3989.810059  3991.620117  3991.620117    18043061
2023-03-21 09:44:00-04:00  3991.489990  3992.850098  3989.520020  3992.850098  3992.850098    17655681
2023-03-21 09:46:00-04:00  3992.709961  3993.600098  3990.780029  3990.899902  3990.899902    19373827
2023-03-21 09:48:00-04:00  3990.889893  3991.850098  3987.110107  3989.830078  3989.830078    20796086
2023-03-21 09:50:00-04:00  3989.979980  3991.189941  3989.040039  3989.040039  3989.040039    17261026
2023-03-21 09:52:00-04:00  3989.120117  3990.560059  3988.889893  3989.290039  3989.290039    18499125
2023-03-21 09:54:00-04:00  3989.280029  3992.060059  3989.209961  3992.000000  3992.000000    17471101
2023-03-21 09:56:00-04:00  3992.070068  3993.929932  3991.979980  3992.580078  3992.580078    18358928
2023-03-21 09:58:00-04:00  3992.629883  3995.120117  3992.629883  3994.449951  3994.449951    15338944
2023-03-21 10:00:00-04:00  3994.590088  3998.510010  3994.590088  3997.370117  3997.370117    18246634
2023-03-21 10:02:00-04:00  3997.260010  3997.260010  3993.790039  3993.889893  3993.889893    18596859
2023-03-21 10:04:00-04:00  3993.709961  3994.770020  3988.000000  3988.060059  3988.060059    18718837
2023-03-21 10:06:00-04:00  3988.010010  3988.250000  3984.949951  3987.840088  3987.840088    16678373
2023-03-21 10:08:00-04:00  3987.689941  3987.760010  3986.409912  3987.760010  3987.760010    16010187
2023-03-21 10:10:00-04:00  3987.689941  3992.840088  3987.689941  3990.739990  3990.739990    18278699
2023-03-21 10:12:00-04:00  3990.729980  3990.820068  3987.790039  3988.899902  3988.899902    15436438
2023-03-21 10:14:00-04:00  3988.840088  3988.840088  3982.879883  3983.399902  3983.399902    16692379
2023-03-21 10:16:00-04:00  3983.399902  3985.929932  3981.649902  3985.300049  3985.300049    16049843
2023-03-21 10:18:00-04:00  3985.209961  3985.250000  3982.060059  3983.639893  3983.639893    13385909
2023-03-21 10:20:00-04:00  3983.500000  3984.139893  3982.570068  3983.699951  3983.699951    13117448
2023-03-21 10:22:00-04:00  3983.629883  3983.629883  3979.360107  3980.290039  3980.290039    16621867
2023-03-21 10:24:00-04:00  3980.300049  3980.300049  3976.550049  3977.550049  3977.550049    14944520
2023-03-21 10:26:00-04:00  3977.419922  3978.370117  3976.010010  3977.000000  3977.000000    13991133
2023-03-21 10:28:00-04:00  3977.060059  3980.219971  3977.020020  3979.610107  3979.610107    13247218
2023-03-21 10:30:00-04:00  3979.639893  3980.879883  3978.770020  3980.629883  3980.629883    13643312
2023-03-21 10:32:00-04:00  3980.709961  3981.510010  3978.850098  3979.840088  3979.840088    13092896
2023-03-21 10:34:00-04:00  3979.889893  3979.889893  3976.629883  3977.010010  3977.010010    13921650
2023-03-21 10:36:00-04:00  3976.679932  3978.290039  3975.120117  3978.290039  3978.290039    14651769
2023-03-21 10:38:00-04:00  3978.300049  3981.399902  3978.219971  3980.820068  3980.820068    11653989
2023-03-21 10:40:00-04:00  3980.989990  3982.620117  3980.699951  3981.239990  3981.239990    11309772
2023-03-21 10:42:00-04:00  3981.209961  3981.780029  3977.729980  3978.679932  3978.679932    11507863
2023-03-21 10:44:00-04:00  3978.820068  3983.020020  3978.820068  3982.949951  3982.949951    11846232
2023-03-21 10:46:00-04:00  3983.010010  3984.530029  3982.899902  3983.870117  3983.870117    14466923
2023-03-21 10:48:00-04:00  3983.889893  3985.419922  3983.850098  3984.800049  3984.800049    11098924
2023-03-21 10:50:00-04:00  3984.780029  3984.870117  3979.550049  3979.800049  3979.800049    11387774
2023-03-21 10:52:00-04:00  3979.850098  3979.850098  3976.139893  3977.229980  3977.229980    14218647
2023-03-21 10:54:00-04:00  3977.260010  3977.540039  3976.330078  3977.260010  3977.260010    12928149
2023-03-21 10:56:00-04:00  3977.250000  3977.629883  3976.260010  3976.979980  3976.979980    10573585
2023-03-21 10:58:00-04:00  3976.939941  3978.659912  3974.280029  3977.590088  3977.590088    13942386
2023-03-21 11:00:00-04:00  3977.739990  3979.159912  3976.989990  3979.159912  3979.159912    10274453
2023-03-21 11:02:00-04:00  3979.169922  3980.050049  3978.189941  3978.429932  3978.429932    10114784
2023-03-21 11:04:00-04:00  3978.590088  3979.669922  3977.479980  3979.500000  3979.500000    10753636
2023-03-21 11:06:00-04:00  3979.550049  3980.050049  3977.469971  3979.750000  3979.750000    10874833
2023-03-21 11:08:00-04:00  3979.889893  3981.820068  3979.459961  3981.330078  3981.330078    10017970
2023-03-21 11:10:00-04:00  3981.340088  3983.610107  3981.340088  3983.580078  3983.580078    11203624
2023-03-21 11:12:00-04:00  3983.550049  3984.760010  3983.060059  3984.580078  3984.580078    10784076
2023-03-21 11:14:00-04:00  3984.540039  3987.370117  3984.540039  3986.889893  3986.889893    12787241
2023-03-21 11:16:00-04:00  3986.830078  3987.760010  3986.649902  3986.959961  3986.959961    10550193
2023-03-21 11:18:00-04:00  3986.919922  3987.729980  3985.979980  3987.689941  3987.689941     9975121
2023-03-21 11:20:00-04:00  3987.629883  3988.120117  3985.959961  3986.030029  3986.030029    10778296
2023-03-21 11:22:00-04:00  3986.000000  3986.939941  3985.939941  3986.659912  3986.659912     9512858
2023-03-21 11:24:00-04:00  3986.639893  3987.459961  3986.290039  3986.820068  3986.820068    11790352
2023-03-21 11:26:00-04:00  3986.850098  3987.050049  3983.379883  3984.699951  3984.699951    11014016
2023-03-21 11:28:00-04:00  3984.679932  3986.360107  3983.929932  3984.419922  3984.419922    10298642
2023-03-21 11:30:00-04:00  3984.389893  3985.699951  3984.199951  3985.350098  3985.350098    10479137
2023-03-21 11:32:00-04:00  3985.320068  3987.939941  3985.300049  3987.239990  3987.239990     9411867
2023-03-21 11:34:00-04:00  3986.729980  3986.929932  3984.719971  3984.719971  3984.719971    13126817
2023-03-21 11:36:00-04:00  3984.719971  3984.959961  3982.350098  3984.540039  3984.540039    12077535
2023-03-21 11:38:00-04:00  3984.709961  3985.360107  3977.760010  3978.760010  3978.760010    14506662
2023-03-21 11:40:00-04:00  3978.860107  3979.620117  3973.770020  3975.459961  3975.459961    13469628
2023-03-21 11:42:00-04:00  3975.489990  3979.110107  3975.489990  3977.899902  3977.899902    10815314
2023-03-21 11:44:00-04:00  3977.820068  3978.030029  3973.409912  3974.709961  3974.709961    12749307
2023-03-21 11:46:00-04:00  3974.739990  3974.820068  3971.189941  3974.010010  3974.010010    12774325
2023-03-21 11:48:00-04:00  3973.979980  3975.209961  3973.629883  3975.060059  3975.060059    10129881
2023-03-21 11:50:00-04:00  3975.129883  3977.389893  3975.129883  3976.820068  3976.820068     2910811
2023-03-21 11:52:00-04:00  3974.879883  3975.600098  3974.540039  3975.540039  3975.540039    17970605
2023-03-21 11:54:00-04:00  3975.679932  3977.209961  3975.330078  3976.250000  3976.250000     9242227
2023-03-21 11:56:00-04:00  3976.120117  3976.669922  3974.719971  3975.290039  3975.290039     8466505
2023-03-21 11:58:00-04:00  3975.330078  3975.330078  3973.709961  3974.429932  3974.429932     8744165
2023-03-21 12:00:00-04:00  3974.340088  3975.300049  3972.090088  3972.540039  3972.540039    10391736
2023-03-21 12:02:00-04:00  3972.520020  3975.560059  3972.409912  3975.100098  3975.100098     8274039
2023-03-21 12:04:00-04:00  3975.139893  3975.510010  3973.159912  3975.449951  3975.449951     8274682
2023-03-21 12:06:00-04:00  3975.459961  3976.449951  3974.479980  3975.070068  3975.070068     9985542
2023-03-21 12:08:00-04:00  3975.129883  3976.439941  3974.939941  3976.129883  3976.129883     8129543
2023-03-21 12:10:00-04:00  3976.120117  3979.639893  3976.120117  3979.399902  3979.399902     8933101
2023-03-21 12:12:00-04:00  3979.320068  3979.429932  3978.229980  3979.120117  3979.120117     8032445
2023-03-21 12:14:00-04:00  3979.169922  3979.169922  3977.629883  3978.270020  3978.270020     8426143
2023-03-21 12:16:00-04:00  3978.429932  3980.010010  3978.429932  3979.379883  3979.379883     8558466
2023-03-21 12:18:00-04:00  3979.300049  3979.300049  3977.260010  3977.889893  3977.889893     7290379
2023-03-21 12:20:00-04:00  3978.010010  3978.830078  3977.239990  3978.830078  3978.830078     7249758
2023-03-21 12:22:00-04:00  3978.860107  3979.389893  3978.149902  3979.389893  3979.389893     7617181
2023-03-21 12:24:00-04:00  3979.439941  3980.000000  3978.429932  3978.850098  3978.850098     8140542
2023-03-21 12:26:00-04:00  3978.770020  3981.909912  3978.770020  3981.050049  3981.050049     9259916
2023-03-21 12:28:00-04:00  3980.820068  3981.350098  3980.689941  3980.800049  3980.800049     7374612
2023-03-21 12:30:00-04:00  3980.600098  3982.669922  3980.570068  3982.669922  3982.669922     8860972
2023-03-21 12:32:00-04:00  3982.610107  3984.280029  3982.610107  3983.179932  3983.179932     9803225
2023-03-21 12:34:00-04:00  3983.129883  3983.629883  3980.370117  3980.760010  3980.760010    10772963
2023-03-21 12:36:00-04:00  3980.850098  3982.310059  3980.409912  3981.629883  3981.629883     8414201
2023-03-21 12:38:00-04:00  3981.629883  3981.679932  3979.350098  3979.379883  3979.379883     7062764
2023-03-21 12:40:00-04:00  3979.449951  3979.629883  3978.199951  3979.169922  3979.169922     7671858
2023-03-21 12:42:00-04:00  3979.250000  3979.469971  3978.320068  3978.649902  3978.649902     7244829
2023-03-21 12:44:00-04:00  3978.770020  3978.919922  3977.239990  3977.250000  3977.250000     7409165
2023-03-21 12:46:00-04:00  3977.229980  3978.979980  3976.310059  3978.860107  3978.860107     7922270
2023-03-21 12:48:00-04:00  3978.889893  3979.620117  3977.840088  3978.500000  3978.500000     7936758
2023-03-21 12:50:00-04:00  3978.560059  3980.320068  3978.520020  3980.320068  3980.320068     7212562
2023-03-21 12:52:00-04:00  3980.379883  3981.729980  3980.350098  3981.629883  3981.629883     9070970
2023-03-21 12:54:00-04:00  3981.610107  3981.939941  3979.459961  3980.300049  3980.300049     8153429
2023-03-21 12:56:00-04:00  3980.310059  3981.629883  3980.199951  3981.629883  3981.629883     7715982
2023-03-21 12:58:00-04:00  3981.669922  3982.050049  3979.090088  3979.500000  3979.500000    11142246
2023-03-21 13:00:00-04:00  3979.479980  3980.159912  3977.750000  3977.750000  3977.750000     8384878
2023-03-21 13:02:00-04:00  3977.760010  3978.719971  3977.689941  3977.929932  3977.929932  1391473105
2023-03-21 13:04:00-04:00  3977.909912  3978.530029  3977.570068  3977.570068  3977.570068     7939445
2023-03-21 13:06:00-04:00  3977.540039  3979.729980  3977.129883  3979.530029  3979.530029     7800046
2023-03-21 13:08:00-04:00  3979.510010  3980.100098  3979.060059  3979.820068  3979.820068     7775084
2023-03-21 13:10:00-04:00  3979.790039  3982.820068  3979.560059  3981.840088  3981.840088    10742922
2023-03-21 13:12:00-04:00  3981.870117  3982.870117  3981.379883  3982.760010  3982.760010     8910657
2023-03-21 13:14:00-04:00  3982.719971  3983.360107  3981.959961  3982.679932  3982.679932     9027935
2023-03-21 13:16:00-04:00  3982.629883  3983.399902  3982.090088  3982.159912  3982.159912     7601635
2023-03-21 13:18:00-04:00  3982.169922  3984.129883  3981.709961  3983.409912  3983.409912    10577926
2023-03-21 13:20:00-04:00  3983.370117  3983.939941  3982.770020  3982.790039  3982.790039     8800591
2023-03-21 13:22:00-04:00  3982.939941  3983.469971  3982.080078  3982.300049  3982.300049     9153223
2023-03-21 13:24:00-04:00  3982.419922  3983.219971  3981.520020  3982.449951  3982.449951     8520155
2023-03-21 13:26:00-04:00  3982.429932  3983.729980  3982.350098  3983.060059  3983.060059     7546331
2023-03-21 13:28:00-04:00  3983.100098  3985.330078  3983.100098  3984.750000  3984.750000     7808708
2023-03-21 13:30:00-04:00  3984.770020  3987.070068  3984.770020  3986.070068  3986.070068     9258275
2023-03-21 13:32:00-04:00  3986.250000  3987.439941  3986.129883  3987.439941  3987.439941     8105703
2023-03-21 13:34:00-04:00  3987.530029  3987.659912  3986.629883  3987.360107  3987.360107     8366524
2023-03-21 13:36:00-04:00  3987.419922  3989.040039  3987.419922  3988.370117  3988.370117     8603158
2023-03-21 13:38:00-04:00  3988.360107  3988.419922  3986.290039  3986.570068  3986.570068     9117893
2023-03-21 13:40:00-04:00  3986.570068  3986.919922  3984.969971  3985.229980  3985.229980     8512503
2023-03-21 13:42:00-04:00  3985.250000  3987.310059  3985.250000  3986.919922  3986.919922     7583354
2023-03-21 13:44:00-04:00  3986.959961  3987.219971  3986.080078  3986.550049  3986.550049     7629204
2023-03-21 13:46:00-04:00  3986.600098  3987.199951  3986.199951  3986.489990  3986.489990     8533064
2023-03-21 13:48:00-04:00  3986.500000  3986.709961  3984.919922  3985.360107  3985.360107     7942010
2023-03-21 13:50:00-04:00  3985.320068  3985.320068  3983.639893  3984.530029  3984.530029     7552511
2023-03-21 13:52:00-04:00  3984.540039  3984.560059  3982.419922  3982.979980  3982.979980     9617365
2023-03-21 13:54:00-04:00  3982.979980  3983.280029  3982.290039  3982.520020  3982.520020     8835030
2023-03-21 13:56:00-04:00  3982.590088  3982.800049  3978.469971  3978.790039  3978.790039    12238216
2023-03-21 13:58:00-04:00  3978.780029  3979.379883  3978.120117  3978.129883  3978.129883     9714482
2023-03-21 14:00:00-04:00  3978.100098  3979.510010  3977.909912  3978.840088  3978.840088     9815254
2023-03-21 14:02:00-04:00  3978.919922  3979.199951  3978.189941  3978.479980  3978.479980     8576504
2023-03-21 14:04:00-04:00  3978.540039  3981.530029  3978.540039  3981.300049  3981.300049    10219967
2023-03-21 14:06:00-04:00  3981.080078  3981.350098  3979.010010  3979.010010  3979.010010     9290450
2023-03-21 14:08:00-04:00  3978.870117  3979.959961  3978.540039  3979.580078  3979.580078     7426141
2023-03-21 14:10:00-04:00  3979.570068  3980.399902  3979.510010  3979.939941  3979.939941     8168726
2023-03-21 14:12:00-04:00  3980.010010  3980.860107  3978.959961  3980.860107  3980.860107     9844031
2023-03-21 14:14:00-04:00  3981.000000  3981.000000  3979.860107  3980.399902  3980.399902     8379872
2023-03-21 14:16:00-04:00  3980.379883  3982.600098  3980.280029  3982.110107  3982.110107     9778546
2023-03-21 14:18:00-04:00  3982.120117  3982.780029  3981.360107  3981.550049  3981.550049     8606238
2023-03-21 14:20:00-04:00  3981.570068  3982.820068  3981.530029  3982.219971  3982.219971     9881123
2023-03-21 14:22:00-04:00  3982.219971  3983.389893  3982.219971  3983.389893  3983.389893     7516223
2023-03-21 14:24:00-04:00  3983.379883  3984.169922  3983.129883  3983.729980  3983.729980     9207588
2023-03-21 14:26:00-04:00  3983.770020  3985.699951  3983.330078  3985.659912  3985.659912     9182511
2023-03-21 14:28:00-04:00  3985.629883  3986.639893  3985.429932  3985.790039  3985.790039     9780388
2023-03-21 14:30:00-04:00  3985.810059  3986.790039  3985.729980  3985.820068  3985.820068     9799472
2023-03-21 14:32:00-04:00  3985.820068  3987.310059  3985.649902  3986.909912  3986.909912     9094613
2023-03-21 14:34:00-04:00  3986.919922  3987.489990  3986.159912  3986.860107  3986.860107     9936100
2023-03-21 14:36:00-04:00  3986.830078  3987.919922  3986.129883  3987.110107  3987.110107     9173594
2023-03-21 14:38:00-04:00  3987.129883  3987.290039  3984.479980  3984.850098  3984.850098     8561631
2023-03-21 14:40:00-04:00  3984.929932  3986.139893  3984.850098  3986.090088  3986.090088     8412123
2023-03-21 14:42:00-04:00  3986.050049  3987.389893  3986.030029  3986.750000  3986.750000     8583695
2023-03-21 14:44:00-04:00  3986.780029  3989.439941  3986.699951  3989.439941  3989.439941     8667431
2023-03-21 14:46:00-04:00  3989.520020  3989.699951  3988.580078  3988.860107  3988.860107     8757629
2023-03-21 14:48:00-04:00  3988.909912  3990.229980  3988.370117  3989.820068  3989.820068     8582274
2023-03-21 14:50:00-04:00  3989.780029  3990.080078  3989.360107  3989.639893  3989.639893     8792598
2023-03-21 14:52:00-04:00  3989.679932  3989.810059  3987.649902  3987.979980  3987.979980     9381380
2023-03-21 14:54:00-04:00  3987.989990  3989.780029  3987.989990  3989.770020  3989.770020     9636855
2023-03-21 14:56:00-04:00  3989.770020  3992.989990  3989.770020  3992.899902  3992.899902    10696348
2023-03-21 14:58:00-04:00  3992.899902  3994.239990  3992.090088  3992.100098  3992.100098    10342864
2023-03-21 15:00:00-04:00  3992.060059  3995.209961  3991.570068  3995.110107  3995.110107    10758128
2023-03-21 15:02:00-04:00  3995.040039  3995.320068  3994.070068  3995.189941  3995.189941     9993839
2023-03-21 15:04:00-04:00  3995.229980  3995.570068  3994.699951  3995.110107  3995.110107    11440503
2023-03-21 15:06:00-04:00  3995.090088  3995.370117  3994.199951  3994.929932  3994.929932    11351615
2023-03-21 15:08:00-04:00  3995.020020  3995.590088  3994.879883  3995.530029  3995.530029     9626180
2023-03-21 15:10:00-04:00  3995.510010  3995.830078  3995.010010  3995.610107  3995.610107     8714452
2023-03-21 15:12:00-04:00  3995.610107  3998.919922  3995.610107  3997.870117  3997.870117    13872169
2023-03-21 15:14:00-04:00  3997.879883  3998.469971  3995.959961  3995.959961  3995.959961    11198988
2023-03-21 15:16:00-04:00  3995.939941  3997.590088  3995.870117  3997.530029  3997.530029    10439159
2023-03-21 15:18:00-04:00  3997.370117  3998.899902  3997.290039  3998.629883  3998.629883    10392295
2023-03-21 15:20:00-04:00  3998.669922  3999.679932  3998.669922  3999.320068  3999.320068    11245654
2023-03-21 15:22:00-04:00  3999.350098  4000.159912  3998.310059  3998.320068  3998.320068    11936358
2023-03-21 15:24:00-04:00  3998.310059  3998.379883  3995.540039  3995.540039  3995.540039    12121482
2023-03-21 15:26:00-04:00  3995.469971  3996.800049  3995.080078  3996.649902  3996.649902    12240367
2023-03-21 15:28:00-04:00  3996.669922  3997.889893  3996.199951  3997.659912  3997.659912    11347765
2023-03-21 15:30:00-04:00  3997.620117  3998.889893  3997.540039  3998.479980  3998.479980    13348908
2023-03-21 15:32:00-04:00  3998.550049  3999.040039  3997.110107  3997.510010  3997.510010    13301347
2023-03-21 15:34:00-04:00  3997.500000  3997.639893  3995.879883  3996.389893  3996.389893    13660015
2023-03-21 15:36:00-04:00  3996.379883  3999.290039  3996.320068  3999.100098  3999.100098    14161019
2023-03-21 15:38:00-04:00  3999.080078  4003.669922  3999.040039  4003.669922  4003.669922    16629591
2023-03-21 15:40:00-04:00  4003.610107  4006.969971  4003.610107  4005.010010  4005.010010    19469987
2023-03-21 15:42:00-04:00  4004.969971  4006.699951  4004.550049  4006.699951  4006.699951    18874751
2023-03-21 15:44:00-04:00  4006.949951  4009.080078  4006.389893  4007.389893  4007.389893    23025354
2023-03-21 15:46:00-04:00  4007.469971  4008.389893  4006.530029  4008.320068  4008.320068    20147725
2023-03-21 15:48:00-04:00  4008.290039  4008.290039  4006.239990  4006.830078  4006.830078    20099184
2023-03-21 15:50:00-04:00  4006.850098  4006.850098  4003.889893  4005.189941  4005.189941    33705275
2023-03-21 15:52:00-04:00  4004.949951  4007.250000  4004.500000  4005.949951  4005.949951    30167871
2023-03-21 15:54:00-04:00  4005.889893  4006.159912  4004.120117  4004.199951  4004.199951    40125631
2023-03-21 15:56:00-04:00  4004.149902  4004.510010  4001.909912  4002.000000  4002.000000    46506754
2023-03-21 15:58:00-04:00  4002.120117  4002.409912  3999.929932  4002.409912  4002.409912    58109832
2023-03-22 09:30:00-04:00  4002.040039  4003.989990  3999.080078  3999.260010  3999.260010    10309978
2023-03-22 09:32:00-04:00  3999.409912  3999.409912  3996.659912  3996.790039  3996.790039    14961809
2023-03-22 09:34:00-04:00  3996.840088  3999.330078  3996.790039  3997.560059  3997.560059    15135445
2023-03-22 09:36:00-04:00  3997.500000  4001.949951  3997.129883  4001.760010  4001.760010    15142661
2023-03-22 09:38:00-04:00  4001.600098  4001.850098  4000.159912  4000.560059  4000.560059    13044292
2023-03-22 09:40:00-04:00  4000.729980  4000.879883  3997.600098  3997.830078  3997.830078    15748175
2023-03-22 09:42:00-04:00  3997.689941  3998.459961  3996.189941  3997.830078  3997.830078    14480430
2023-03-22 09:44:00-04:00  3997.909912  3998.540039  3995.699951  3997.500000  3997.500000    14555704
2023-03-22 09:46:00-04:00  3997.379883  3997.639893  3996.040039  3997.129883  3997.129883    12177886
2023-03-22 09:48:00-04:00  3997.129883  4000.290039  3996.409912  3998.610107  3998.610107    13773833
2023-03-22 09:50:00-04:00  3998.639893  4003.149902  3998.639893  4000.870117  4000.870117    15091018
2023-03-22 09:52:00-04:00  4000.899902  4000.979980  3998.239990  3998.600098  3998.600098    12290138
2023-03-22 09:54:00-04:00  3998.610107  3999.909912  3997.820068  3998.739990  3998.739990    12437290
2023-03-22 09:56:00-04:00  3998.780029  4000.879883  3998.100098  4000.489990  4000.489990    10708987
2023-03-22 09:58:00-04:00  4000.350098  4001.439941  4000.110107  4001.000000  4001.000000     9516119
2023-03-22 10:00:00-04:00  4000.899902  4002.199951  4000.550049  4001.100098  4001.100098    10781101
2023-03-22 10:02:00-04:00  4001.030029  4001.459961  3999.500000  4001.320068  4001.320068     9950779
2023-03-22 10:04:00-04:00  4001.270020  4001.979980  4000.399902  4000.550049  4000.550049    12274452
2023-03-22 10:06:00-04:00  4000.679932  4002.020020  4000.389893  4002.020020  4002.020020    11379222
2023-03-22 10:08:00-04:00  4002.020020  4002.729980  4000.370117  4001.600098  4001.600098    13729284
2023-03-22 10:10:00-04:00  4001.600098  4002.899902  4000.739990  4000.830078  4000.830078    11297676
2023-03-22 10:12:00-04:00  4000.860107  4000.860107  3998.919922  3999.229980  3999.229980    11161175
2023-03-22 10:14:00-04:00  3999.260010  4001.159912  3998.570068  4001.159912  4001.159912    11083507
2023-03-22 10:16:00-04:00  4001.330078  4002.540039  4000.620117  4002.350098  4002.350098     9156969
2023-03-22 10:18:00-04:00  4002.389893  4003.889893  4002.360107  4003.169922  4003.169922     8906771
2023-03-22 10:20:00-04:00  4003.199951  4007.419922  4003.199951  4006.209961  4006.209961    10711321
2023-03-22 10:22:00-04:00  4006.169922  4006.919922  4006.100098  4006.310059  4006.310059     8896983
2023-03-22 10:24:00-04:00  4006.310059  4007.000000  4006.050049  4006.570068  4006.570068     9329787
2023-03-22 10:26:00-04:00  4006.679932  4008.219971  4006.669922  4007.449951  4007.449951     9806468
2023-03-22 10:28:00-04:00  4007.439941  4013.429932  4007.399902  4013.030029  4013.030029    12820930
2023-03-22 10:30:00-04:00  4012.879883  4014.110107  4012.850098  4013.139893  4013.139893    12701603
2023-03-22 10:32:00-04:00  4013.199951  4013.550049  4010.979980  4011.399902  4011.399902    11084609
2023-03-22 10:34:00-04:00  4011.350098  4012.300049  4010.320068  4010.399902  4010.399902    10491677
2023-03-22 10:36:00-04:00  4010.389893  4011.090088  4009.739990  4010.149902  4010.149902     9112224
2023-03-22 10:38:00-04:00  4010.199951  4010.979980  4009.889893  4010.719971  4010.719971     8474907
2023-03-22 10:40:00-04:00  4010.709961  4011.000000  4010.000000  4010.600098  4010.600098     8205805
2023-03-22 10:42:00-04:00  4010.610107  4011.560059  4010.060059  4010.949951  4010.949951     7874614
2023-03-22 10:44:00-04:00  4011.090088  4012.000000  4010.590088  4011.989990  4011.989990     8374063
2023-03-22 10:46:00-04:00  4011.989990  4012.229980  4009.830078  4010.179932  4010.179932     8789278
2023-03-22 10:48:00-04:00  4010.199951  4010.959961  4008.580078  4009.260010  4009.260010     9740994
2023-03-22 10:50:00-04:00  4009.169922  4010.350098  4008.699951  4008.699951  4008.699951     9448317
2023-03-22 10:52:00-04:00  4008.620117  4008.860107  4006.719971  4008.229980  4008.229980     9238631
2023-03-22 10:54:00-04:00  4008.239990  4009.459961  4007.889893  4008.560059  4008.560059     8767268
2023-03-22 10:56:00-04:00  4008.530029  4009.060059  4007.590088  4007.750000  4007.750000     8118507
2023-03-22 10:58:00-04:00  4007.699951  4008.320068  4007.469971  4007.979980  4007.979980     7822092
2023-03-22 11:00:00-04:00  4007.899902  4008.969971  4006.520020  4007.070068  4007.070068     9388190
2023-03-22 11:02:00-04:00  4007.129883  4007.919922  4006.750000  4006.919922  4006.919922     9277182
2023-03-22 11:04:00-04:00  4006.860107  4006.879883  4005.850098  4006.360107  4006.360107     7223325
2023-03-22 11:06:00-04:00  4006.419922  4006.729980  4005.830078  4006.280029  4006.280029     7753429
2023-03-22 11:08:00-04:00  4006.330078  4006.689941  4004.149902  4004.179932  4004.179932     8409750
2023-03-22 11:10:00-04:00  4004.139893  4005.570068  4003.969971  4004.179932  4004.179932     7867255
2023-03-22 11:12:00-04:00  4004.199951  4004.270020  3999.820068  4000.469971  4000.469971    10638596
2023-03-22 11:14:00-04:00  4000.370117  4002.820068  4000.270020  4002.439941  4002.439941     9080214
2023-03-22 11:16:00-04:00  4002.389893  4003.090088  4001.750000  4002.850098  4002.850098     8049350
2023-03-22 11:18:00-04:00  4002.810059  4003.100098  4001.790039  4001.959961  4001.959961     7290828
2023-03-22 11:20:00-04:00  4001.969971  4003.179932  4001.800049  4003.010010  4003.010010     6912139
2023-03-22 11:22:00-04:00  4003.000000  4004.060059  4002.399902  4004.060059  4004.060059     6620426
2023-03-22 11:24:00-04:00  4003.979980  4005.899902  4003.979980  4005.030029  4005.030029     8259134
2023-03-22 11:26:00-04:00  4005.100098  4005.370117  4003.699951  4003.780029  4003.780029     7446050
2023-03-22 11:28:00-04:00  4003.770020  4004.659912  4003.260010  4003.860107  4003.860107     8271335
2023-03-22 11:30:00-04:00  4003.860107  4006.350098  4003.860107  4006.239990  4006.239990     8399546
2023-03-22 11:32:00-04:00  4006.209961  4006.639893  4005.439941  4005.550049  4005.550049     7128846
2023-03-22 11:34:00-04:00  4005.540039  4006.399902  4005.370117  4006.159912  4006.159912     7243651
2023-03-22 11:36:00-04:00  4006.189941  4006.469971  4004.189941  4004.419922  4004.419922     8755867
2023-03-22 11:38:00-04:00  4004.340088  4006.719971  4003.830078  4005.979980  4005.979980     8259046
2023-03-22 11:40:00-04:00  4005.979980  4006.679932  4005.379883  4005.379883  4005.379883     5964503
2023-03-22 11:42:00-04:00  4005.330078  4005.330078  4003.010010  4003.409912  4003.409912    10960528
2023-03-22 11:44:00-04:00  4003.419922  4003.909912  4002.760010  4003.629883  4003.629883     8151079
2023-03-22 11:46:00-04:00  4003.649902  4005.659912  4003.649902  4005.540039  4005.540039     8252545
2023-03-22 11:48:00-04:00  4005.520020  4005.949951  4004.439941  4004.620117  4004.620117     7605611
2023-03-22 11:50:00-04:00  4004.750000  4005.820068  4004.229980  4005.820068  4005.820068     7917893
2023-03-22 11:52:00-04:00  4005.739990  4005.780029  4004.989990  4005.429932  4005.429932     6411666
2023-03-22 11:54:00-04:00  4005.479980  4006.080078  4004.709961  4004.709961  4004.709961     7990769
2023-03-22 11:56:00-04:00  4004.790039  4005.429932  4004.030029  4005.310059  4005.310059     6975284
2023-03-22 11:58:00-04:00  4005.399902  4005.580078  4004.010010  4004.280029  4004.280029     7073274
2023-03-22 12:00:00-04:00  4004.270020  4004.580078  4002.620117  4002.780029  4002.780029     7801012
2023-03-22 12:02:00-04:00  4002.719971  4003.629883  4002.360107  4003.610107  4003.610107     6887088
2023-03-22 12:04:00-04:00  4003.620117  4003.620117  4002.350098  4002.629883  4002.629883     5913078
2023-03-22 12:06:00-04:00  4002.560059  4002.560059  4001.750000  4001.830078  4001.830078     4137728
2023-03-22 12:08:00-04:00  4000.870117  4001.270020  4000.139893  4000.520020  4000.520020   835953998
2023-03-22 12:10:00-04:00  4000.570068  4000.679932  3998.300049  3998.409912  3998.409912     7298491
2023-03-22 12:12:00-04:00  3998.429932  3998.760010  3997.820068  3997.820068  3997.820068     7312757
2023-03-22 12:14:00-04:00  3997.840088  3998.719971  3997.570068  3998.590088  3998.590088     6724088
2023-03-22 12:16:00-04:00  3998.600098  3998.610107  3996.590088  3997.419922  3997.419922     6860117
2023-03-22 12:18:00-04:00  3997.429932  3997.739990  3996.590088  3997.489990  3997.489990     6680336
2023-03-22 12:20:00-04:00  3997.479980  3998.340088  3996.409912  3996.889893  3996.889893     8911510
2023-03-22 12:22:00-04:00  3996.879883  3997.260010  3995.679932  3997.030029  3997.030029     8149334
2023-03-22 12:24:00-04:00  3997.010010  3998.830078  3996.860107  3997.979980  3997.979980     7153808
2023-03-22 12:26:00-04:00  3997.879883  3999.159912  3997.879883  3998.889893  3998.889893     7270169
2023-03-22 12:28:00-04:00  3998.850098  3999.840088  3997.770020  3997.770020  3997.770020     7564928
2023-03-22 12:30:00-04:00  3997.739990  3998.649902  3997.110107  3998.479980  3998.479980     7051254
2023-03-22 12:32:00-04:00  3998.530029  3998.530029  3995.969971  3995.969971  3995.969971     6618774
2023-03-22 12:34:00-04:00  3996.000000  3996.949951  3995.899902  3996.500000  3996.500000     6524640
2023-03-22 12:36:00-04:00  3996.479980  3996.870117  3995.229980  3995.679932  3995.679932     7734576
2023-03-22 12:38:00-04:00  3995.649902  3995.679932  3994.879883  3995.600098  3995.600098     6439524
2023-03-22 12:40:00-04:00  3995.629883  3996.120117  3994.699951  3996.100098  3996.100098     7005827
2023-03-22 12:42:00-04:00  3996.100098  3996.760010  3995.830078  3996.750000  3996.750000     6452141
2023-03-22 12:44:00-04:00  3996.770020  3996.939941  3996.199951  3996.840088  3996.840088     5679118
2023-03-22 12:46:00-04:00  3996.840088  3996.929932  3994.300049  3994.860107  3994.860107     6588428
2023-03-22 12:48:00-04:00  3994.929932  3995.370117  3994.590088  3995.340088  3995.340088     5200334
2023-03-22 12:50:00-04:00  3995.310059  3996.209961  3995.129883  3996.050049  3996.050049     6049067
2023-03-22 12:52:00-04:00  3996.020020  3997.040039  3995.870117  3996.610107  3996.610107     6033369
2023-03-22 12:54:00-04:00  3996.600098  3996.620117  3995.060059  3995.070068  3995.070068     6116003
2023-03-22 12:56:00-04:00  3995.070068  3995.189941  3993.780029  3994.280029  3994.280029     7099456
2023-03-22 12:58:00-04:00  3994.260010  3995.520020  3993.979980  3994.620117  3994.620117     6159731
2023-03-22 13:00:00-04:00  3994.620117  3994.699951  3992.610107  3992.679932  3992.679932     6298993
2023-03-22 13:02:00-04:00  3992.699951  3992.699951  3990.800049  3991.489990  3991.489990     7096563
2023-03-22 13:04:00-04:00  3991.469971  3992.330078  3990.669922  3990.939941  3990.939941     6950464
2023-03-22 13:06:00-04:00  3990.949951  3992.139893  3989.189941  3991.919922  3991.919922     7351422
2023-03-22 13:08:00-04:00  3991.969971  3991.969971  3990.030029  3990.570068  3990.570068     5420650
2023-03-22 13:10:00-04:00  3990.590088  3991.939941  3990.149902  3991.939941  3991.939941     6255253
2023-03-22 13:12:00-04:00  3991.959961  3992.459961  3991.610107  3992.229980  3992.229980     6694720
2023-03-22 13:14:00-04:00  3992.219971  3993.199951  3992.209961  3993.110107  3993.110107     5380397
2023-03-22 13:16:00-04:00  3993.129883  3994.510010  3993.080078  3993.689941  3993.689941     6243241
2023-03-22 13:18:00-04:00  3993.560059  3994.709961  3993.449951  3994.479980  3994.479980     5602828
2023-03-22 13:20:00-04:00  3994.489990  3995.989990  3994.110107  3995.860107  3995.860107     6203620
2023-03-22 13:22:00-04:00  3995.860107  3996.000000  3994.979980  3995.290039  3995.290039     6111636
2023-03-22 13:24:00-04:00  3995.280029  3995.840088  3995.070068  3995.229980  3995.229980     6485476
2023-03-22 13:26:00-04:00  3995.239990  3996.610107  3995.070068  3996.590088  3996.590088     6162678
2023-03-22 13:28:00-04:00  3996.600098  3997.479980  3996.389893  3997.149902  3997.149902     5769423
2023-03-22 13:30:00-04:00  3997.169922  3999.070068  3997.169922  3998.580078  3998.580078     7508044
2023-03-22 13:32:00-04:00  3998.590088  3999.379883  3997.459961  3998.129883  3998.129883     6518758
2023-03-22 13:34:00-04:00  3998.120117  3998.629883  3997.820068  3998.409912  3998.409912     6391760
2023-03-22 13:36:00-04:00  3998.389893  3998.530029  3996.429932  3997.399902  3997.399902     7518946
2023-03-22 13:38:00-04:00  3997.360107  3998.149902  3997.120117  3997.750000  3997.750000     5754997
2023-03-22 13:40:00-04:00  3997.699951  3997.879883  3996.870117  3997.330078  3997.330078     5836112
2023-03-22 13:42:00-04:00  3997.209961  3998.229980  3997.189941  3998.159912  3998.159912     7143977
2023-03-22 13:44:00-04:00  3998.090088  3999.370117  3997.800049  3998.989990  3998.989990     7034747
2023-03-22 13:46:00-04:00  3999.000000  3999.580078  3998.830078  3999.520020  3999.520020     6532076
2023-03-22 13:48:00-04:00  3999.520020  3999.590088  3998.879883  3999.300049  3999.300049     5812880
2023-03-22 13:50:00-04:00  3999.300049  4000.040039  3999.300049  3999.489990  3999.489990     6916103
2023-03-22 13:52:00-04:00  3999.469971  4000.260010  3999.429932  4000.129883  4000.129883     6763083
2023-03-22 13:54:00-04:00  4000.129883  4000.639893  3999.879883  4000.639893  4000.639893     6206876
2023-03-22 13:56:00-04:00  4000.590088  4002.360107  4000.310059  4001.189941  4001.189941     8184890
2023-03-22 13:58:00-04:00  4001.189941  4002.250000  4000.250000  4000.870117  4000.870117     8215520
2023-03-22 14:00:00-04:00  4000.909912  4019.739990  4000.489990  4016.060059  4016.060059    29004352
2023-03-22 14:02:00-04:00  4015.969971  4015.969971  4005.919922  4013.739990  4013.739990    13158311
2023-03-22 14:04:00-04:00  4013.860107  4025.820068  4013.860107  4025.379883  4025.379883    19945470
2023-03-22 14:06:00-04:00  4025.209961  4031.429932  4023.469971  4023.550049  4023.550049    19283991
2023-03-22 14:08:00-04:00  4023.429932  4023.429932  4015.330078  4015.550049  4015.550049    13553027
2023-03-22 14:10:00-04:00  4015.879883  4018.409912  4011.669922  4012.300049  4012.300049    13975768
2023-03-22 14:12:00-04:00  4012.350098  4017.129883  4004.459961  4006.370117  4006.370117    17600932
2023-03-22 14:14:00-04:00  4006.689941  4011.270020  4003.060059  4010.939941  4010.939941    14461253
2023-03-22 14:16:00-04:00  4010.860107  4010.899902  4006.639893  4008.110107  4008.110107    11025867
2023-03-22 14:18:00-04:00  4008.120117  4017.469971  4007.199951  4016.209961  4016.209961    12801673
2023-03-22 14:20:00-04:00  4016.189941  4016.399902  4009.379883  4012.750000  4012.750000    10992920
2023-03-22 14:22:00-04:00  4012.879883  4012.879883  4009.469971  4010.620117  4010.620117     7974062
2023-03-22 14:24:00-04:00  4010.610107  4010.810059  4005.899902  4009.340088  4009.340088    10209009
2023-03-22 14:26:00-04:00  4009.370117  4014.100098  4009.260010  4013.820068  4013.820068    11220366
2023-03-22 14:28:00-04:00  4013.870117  4015.469971  4013.060059  4014.540039  4014.540039     9734490
2023-03-22 14:30:00-04:00  4014.459961  4021.110107  4008.709961  4019.159912  4019.159912    18732740
2023-03-22 14:32:00-04:00  4019.060059  4022.439941  4007.770020  4010.260010  4010.260010    16310916
2023-03-22 14:34:00-04:00  4010.159912  4012.939941  3997.959961  3998.419922  3998.419922    16209375
2023-03-22 14:36:00-04:00  3998.729980  4008.310059  3990.590088  4007.350098  4007.350098    26095993
2023-03-22 14:38:00-04:00  4007.270020  4014.610107  4007.209961  4008.760010  4008.760010    13665592
2023-03-22 14:40:00-04:00  4008.770020  4023.360107  4008.530029  4023.149902  4023.149902    18601073
2023-03-22 14:42:00-04:00  4023.030029  4029.110107  4022.510010  4029.110107  4029.110107    17091262
2023-03-22 14:44:00-04:00  4028.870117  4030.040039  4022.639893  4026.389893  4026.389893    14650146
2023-03-22 14:46:00-04:00  4026.330078  4035.270020  4026.330078  4034.959961  4034.959961    18369591
2023-03-22 14:48:00-04:00  4036.719971  4039.489990  4032.899902  4033.409912  4033.409912    18839767
2023-03-22 14:50:00-04:00  4032.889893  4035.800049  4031.169922  4032.469971  4032.469971    13696946
2023-03-22 14:52:00-04:00  4032.489990  4034.949951  4022.439941  4022.770020  4022.770020    15783005
2023-03-22 14:54:00-04:00  4022.560059  4026.489990  4016.540039  4018.260010  4018.260010    16415079
2023-03-22 14:56:00-04:00  4018.159912  4018.159912  4010.820068  4010.820068  4010.820068    14014077
2023-03-22 14:58:00-04:00  4011.179932  4011.600098  4000.379883  4001.169922  4001.169922    17279479
2023-03-22 15:00:00-04:00  4001.199951  4005.040039  3993.169922  3995.020020  3995.020020    18418264
2023-03-22 15:02:00-04:00  3995.020020  3998.750000  3992.810059  3996.439941  3996.439941    15295962
2023-03-22 15:04:00-04:00  3996.020020  3996.020020  3984.020020  3984.320068  3984.320068    20854923
2023-03-22 15:06:00-04:00  3984.139893  3986.879883  3981.770020  3982.520020  3982.520020    16444748
2023-03-22 15:08:00-04:00  3982.280029  3982.280029  3972.810059  3978.689941  3978.689941    20195521
2023-03-22 15:10:00-04:00  3979.760010  3985.570068  3976.969971  3977.080078  3977.080078    18206698
2023-03-22 15:12:00-04:00  3977.199951  3982.820068  3975.270020  3980.840088  3980.840088    15276717
2023-03-22 15:14:00-04:00  3980.790039  3992.169922  3980.340088  3990.399902  3990.399902    17704605
2023-03-22 15:16:00-04:00  3990.810059  3999.780029  3990.169922  3998.570068  3998.570068    15982638
2023-03-22 15:18:00-04:00  3998.989990  3999.379883  3995.040039  3995.209961  3995.209961    13726184
2023-03-22 15:20:00-04:00  3995.459961  4012.080078  3994.010010  4009.840088  4009.840088    21628607
2023-03-22 15:22:00-04:00  4009.780029  4013.090088  4003.810059  4003.899902  4003.899902    15483651
2023-03-22 15:24:00-04:00  4004.250000  4006.760010  4001.070068  4001.370117  4001.370117    13437469
2023-03-22 15:26:00-04:00  4001.090088  4002.040039  3996.000000  4002.040039  4002.040039    15283831
2023-03-22 15:28:00-04:00  4001.929932  4007.100098  4001.919922  4004.500000  4004.500000    12489220
2023-03-22 15:30:00-04:00  4004.540039  4006.280029  3992.469971  3994.179932  3994.179932    18653267
2023-03-22 15:32:00-04:00  3994.050049  3996.050049  3990.600098  3991.020020  3991.020020    15273327
2023-03-22 15:34:00-04:00  3991.250000  3991.810059  3986.760010  3986.760010  3986.760010    18315859
2023-03-22 15:36:00-04:00  3986.629883  3986.629883  3979.939941  3983.649902  3983.649902    19291286
2023-03-22 15:38:00-04:00  3983.179932  3983.669922  3979.350098  3983.100098  3983.100098    17244163
2023-03-22 15:40:00-04:00  3983.179932  3987.790039  3981.469971  3982.270020  3982.270020    21309663
2023-03-22 15:42:00-04:00  3982.239990  3988.689941  3981.959961  3987.320068  3987.320068    18835729
2023-03-22 15:44:00-04:00  3987.379883  3987.580078  3971.820068  3972.580078  3972.580078    26548127
2023-03-22 15:46:00-04:00  3972.790039  3976.070068  3970.280029  3971.820068  3971.820068    25568738
2023-03-22 15:48:00-04:00  3971.709961  3971.709961  3966.679932  3971.340088  3971.340088    24541221
2023-03-22 15:50:00-04:00  3971.300049  3971.300049  3962.479980  3963.760010  3963.760010    33173913
2023-03-22 15:52:00-04:00  3963.010010  3963.010010  3951.919922  3955.139893  3955.139893    34988252
2023-03-22 15:54:00-04:00  3954.939941  3955.370117  3943.100098  3949.080078  3949.080078    47646761
2023-03-22 15:56:00-04:00  3948.929932  3951.969971  3947.199951  3948.570068  3948.570068    46632621
2023-03-22 15:58:00-04:00  3948.590088  3948.949951  3936.340088  3936.520020  3936.520020    53733126
2023-03-23 09:30:00-04:00  3959.209961  3971.810059  3959.209961  3970.770020  3970.770020    45083647
2023-03-23 09:32:00-04:00  3970.560059  3972.550049  3969.070068  3969.840088  3969.840088    19995878
2023-03-23 09:34:00-04:00  3970.020020  3971.050049  3968.419922  3968.580078  3968.580078    16261592
2023-03-23 09:36:00-04:00  3968.520020  3970.010010  3966.909912  3968.810059  3968.810059    15740721
2023-03-23 09:38:00-04:00  3968.889893  3970.479980  3968.050049  3968.139893  3968.139893    15381552
2023-03-23 09:40:00-04:00  3968.179932  3968.959961  3964.780029  3966.139893  3966.139893    17937612
2023-03-23 09:42:00-04:00  3966.070068  3975.320068  3966.070068  3974.040039  3974.040039    17252634
2023-03-23 09:44:00-04:00  3974.169922  3975.760010  3973.399902  3974.870117  3974.870117    16044775
2023-03-23 09:46:00-04:00  3974.979980  3976.709961  3971.850098  3971.850098  3971.850098    14454185
2023-03-23 09:48:00-04:00  3971.949951  3974.260010  3969.699951  3974.260010  3974.260010    13798247
2023-03-23 09:50:00-04:00  3974.310059  3975.669922  3972.409912  3974.149902  3974.149902    12503265
2023-03-23 09:52:00-04:00  3974.239990  3976.149902  3973.709961  3973.709961  3973.709961    11343249
2023-03-23 09:54:00-04:00  3973.750000  3975.649902  3973.209961  3973.780029  3973.780029    12629570
2023-03-23 09:56:00-04:00  3974.060059  3974.399902  3971.739990  3973.500000  3973.500000    13431491
2023-03-23 09:58:00-04:00  3973.520020  3975.300049  3973.520020  3974.310059  3974.310059    12402755
2023-03-23 10:00:00-04:00  3974.560059  3980.080078  3974.560059  3979.929932  3979.929932    14530360
2023-03-23 10:02:00-04:00  3979.969971  3980.469971  3976.889893  3979.149902  3979.149902    13583177
2023-03-23 10:04:00-04:00  3979.100098  3979.219971  3974.469971  3977.340088  3977.340088    14565521
2023-03-23 10:06:00-04:00  3977.300049  3978.550049  3976.310059  3977.459961  3977.459961    11485873
2023-03-23 10:08:00-04:00  3977.459961  3979.320068  3977.300049  3979.189941  3979.189941    11245210
2023-03-23 10:10:00-04:00  3979.290039  3984.919922  3979.219971  3983.979980  3983.979980    14371423
2023-03-23 10:12:00-04:00  3983.979980  3984.419922  3980.750000  3982.570068  3982.570068    12152939
2023-03-23 10:14:00-04:00  3982.629883  3986.610107  3981.949951  3986.310059  3986.310059    13599291
2023-03-23 10:16:00-04:00  3986.219971  3986.290039  3983.830078  3984.360107  3984.360107    11930505
2023-03-23 10:18:00-04:00  3984.270020  3984.669922  3982.689941  3982.909912  3982.909912    10925727
2023-03-23 10:20:00-04:00  3982.790039  3982.790039  3978.770020  3978.939941  3978.939941    12890377
2023-03-23 10:22:00-04:00  3978.939941  3980.449951  3978.479980  3979.770020  3979.770020    10000133
2023-03-23 10:24:00-04:00  3979.840088  3983.719971  3979.840088  3983.550049  3983.550049    10837128
2023-03-23 10:26:00-04:00  3983.550049  3987.330078  3983.419922  3985.370117  3985.370117    12786455
2023-03-23 10:28:00-04:00  3985.469971  3985.469971  3982.000000  3982.050049  3982.050049     9441263
2023-03-23 10:30:00-04:00  3982.060059  3983.500000  3981.100098  3981.199951  3981.199951    11373219
2023-03-23 10:32:00-04:00  3981.340088  3981.580078  3979.219971  3979.899902  3979.899902    13759933
2023-03-23 10:34:00-04:00  3979.919922  3981.169922  3979.020020  3981.169922  3981.169922     9650442
2023-03-23 10:36:00-04:00  3981.110107  3981.639893  3979.330078  3979.540039  3979.540039     9501330
2023-03-23 10:38:00-04:00  3979.580078  3984.010010  3979.050049  3983.969971  3983.969971    10845726
2023-03-23 10:40:00-04:00  3984.020020  3985.770020  3983.370117  3985.110107  3985.110107     8576260
2023-03-23 10:42:00-04:00  3985.310059  3986.350098  3985.020020  3986.320068  3986.320068     9591997
2023-03-23 10:44:00-04:00  3986.360107  3988.169922  3985.800049  3988.120117  3988.120117     9610327
2023-03-23 10:46:00-04:00  3988.250000  3994.100098  3988.250000  3992.659912  3992.659912    13527684
2023-03-23 10:48:00-04:00  3992.669922  3995.729980  3992.090088  3995.479980  3995.479980    11018810
2023-03-23 10:50:00-04:00  3995.469971  3995.989990  3994.590088  3995.760010  3995.760010    10768020
2023-03-23 10:52:00-04:00  3995.750000  3999.629883  3995.750000  3999.580078  3999.580078    10554415
2023-03-23 10:54:00-04:00  3999.629883  4000.250000  3998.570068  3999.090088  3999.090088    10036411
2023-03-23 10:56:00-04:00  3999.209961  3999.379883  3996.610107  3997.399902  3997.399902    11130131
2023-03-23 10:58:00-04:00  3997.449951  3999.310059  3996.270020  3998.949951  3998.949951    10016822
2023-03-23 11:00:00-04:00  3999.000000  4003.489990  3999.000000  4003.389893  4003.389893    12066790
2023-03-23 11:02:00-04:00  4003.340088  4003.409912  4001.699951  4002.209961  4002.209961     9786053
2023-03-23 11:04:00-04:00  4002.239990  4002.810059  4001.729980  4002.810059  4002.810059    10128847
2023-03-23 11:06:00-04:00  4002.750000  4005.229980  4002.750000  4005.229980  4005.229980    10027687
2023-03-23 11:08:00-04:00  4005.250000  4007.659912  4003.560059  4003.949951  4003.949951    14123893
2023-03-23 11:10:00-04:00  4004.000000  4005.100098  4003.530029  4005.100098  4005.100098     8330829
2023-03-23 11:12:00-04:00  4005.189941  4005.889893  4004.760010  4004.760010  4004.760010     7709420
2023-03-23 11:14:00-04:00  4004.540039  4004.729980  4002.860107  4003.350098  4003.350098    12016860
2023-03-23 11:16:00-04:00  4003.479980  4003.649902  4001.260010  4001.620117  4001.620117     9719140
2023-03-23 11:18:00-04:00  4001.570068  4001.649902  3998.100098  3998.209961  3998.209961    10784644
2023-03-23 11:20:00-04:00  3998.239990  3999.979980  3997.659912  3999.860107  3999.860107    10273257
2023-03-23 11:22:00-04:00  3999.830078  4000.649902  3999.300049  4000.260010  4000.260010     7899590
2023-03-23 11:24:00-04:00  4000.280029  4001.750000  3999.290039  3999.370117  3999.370117     9071708
2023-03-23 11:26:00-04:00  3999.419922  3999.679932  3996.139893  3996.389893  3996.389893    11162083
2023-03-23 11:28:00-04:00  3996.489990  3997.020020  3994.010010  3994.340088  3994.340088    10621930
2023-03-23 11:30:00-04:00  3994.350098  3998.189941  3994.350098  3998.110107  3998.110107    10142626
2023-03-23 11:32:00-04:00  3998.209961  4000.320068  3996.409912  3997.280029  3997.280029     9496542
2023-03-23 11:34:00-04:00  3997.280029  3997.540039  3995.699951  3997.459961  3997.459961     8071392
2023-03-23 11:36:00-04:00  3997.489990  4000.709961  3997.489990  4000.439941  4000.439941     8641597
2023-03-23 11:38:00-04:00  4000.419922  4001.110107  3998.610107  3998.610107  3998.610107     7532858
2023-03-23 11:40:00-04:00  3998.629883  4000.409912  3998.419922  3999.600098  3999.600098     7280964
2023-03-23 11:42:00-04:00  3999.629883  3999.679932  3994.520020  3994.520020  3994.520020     9801878
2023-03-23 11:44:00-04:00  3994.610107  3994.649902  3993.409912  3993.409912  3993.409912    11166716
2023-03-23 11:46:00-04:00  3993.350098  3997.050049  3992.959961  3996.409912  3996.409912    10418799
2023-03-23 11:48:00-04:00  3996.409912  3997.870117  3996.409912  3997.360107  3997.360107     7780800
2023-03-23 11:50:00-04:00  3997.340088  4000.239990  3997.340088  3998.320068  3998.320068     9064647
2023-03-23 11:52:00-04:00  3998.199951  4000.560059  3997.979980  4000.520020  4000.520020     4207305
2023-03-23 11:54:00-04:00  3999.449951  3999.510010  3998.100098  3999.110107  3999.110107   893672571
2023-03-23 11:56:00-04:00  3999.129883  4000.479980  3996.899902  3997.600098  3997.600098     9481277
2023-03-23 11:58:00-04:00  3997.590088  3997.590088  3994.870117  3995.679932  3995.679932     8791184
2023-03-23 12:00:00-04:00  3995.479980  3995.479980  3993.909912  3995.020020  3995.020020     5072937
2023-03-23 12:02:00-04:00  3994.909912  3995.149902  3994.219971  3994.239990  3994.239990   929370217
2023-03-23 12:04:00-04:00  3994.260010  3995.780029  3993.149902  3994.830078  3994.830078     8745528
2023-03-23 12:06:00-04:00  3994.879883  3997.280029  3993.959961  3997.189941  3997.189941     7508805
2023-03-23 12:08:00-04:00  3997.219971  3997.989990  3996.689941  3997.340088  3997.340088     8395516
2023-03-23 12:10:00-04:00  3997.360107  3997.360107  3992.669922  3993.010010  3993.010010    12946147
2023-03-23 12:12:00-04:00  3992.959961  3993.830078  3990.219971  3990.219971  3990.219971    10986879
2023-03-23 12:14:00-04:00  3990.179932  3991.270020  3989.270020  3989.419922  3989.419922    11433746
2023-03-23 12:16:00-04:00  3989.370117  3991.270020  3989.360107  3990.199951  3990.199951     8933794
2023-03-23 12:18:00-04:00  3990.209961  3990.270020  3987.889893  3989.719971  3989.719971    10086592
2023-03-23 12:20:00-04:00  3989.969971  3990.139893  3986.760010  3987.000000  3987.000000     9413591
2023-03-23 12:22:00-04:00  3986.989990  3990.439941  3986.580078  3989.770020  3989.770020     9670097
2023-03-23 12:24:00-04:00  3989.780029  3991.260010  3989.780029  3991.209961  3991.209961     7359390
2023-03-23 12:26:00-04:00  3991.280029  3993.919922  3991.280029  3992.949951  3992.949951     9983571
2023-03-23 12:28:00-04:00  3992.959961  3993.649902  3990.709961  3991.280029  3991.280029     8074254
2023-03-23 12:30:00-04:00  3991.280029  3993.979980  3991.280029  3993.719971  3993.719971     8509335
2023-03-23 12:32:00-04:00  3993.709961  3994.689941  3993.080078  3993.250000  3993.250000     7587132
2023-03-23 12:34:00-04:00  3993.229980  3993.459961  3990.679932  3990.699951  3990.699951     9554670
2023-03-23 12:36:00-04:00  3990.709961  3991.090088  3988.889893  3989.219971  3989.219971     7656919
2023-03-23 12:38:00-04:00  3989.209961  3989.479980  3987.689941  3987.979980  3987.979980     8170988
2023-03-23 12:40:00-04:00  3987.949951  3987.949951  3983.989990  3983.989990  3983.989990     9602203
2023-03-23 12:42:00-04:00  3983.979980  3985.959961  3983.889893  3985.909912  3985.909912    10949029
2023-03-23 12:44:00-04:00  3985.909912  3988.100098  3985.909912  3987.179932  3987.179932     8760462
2023-03-23 12:46:00-04:00  3986.689941  3986.689941  3981.469971  3982.939941  3982.939941    11537708
2023-03-23 12:48:00-04:00  3983.320068  3985.709961  3982.429932  3985.709961  3985.709961     8167785
2023-03-23 12:50:00-04:00  3985.729980  3985.780029  3983.719971  3983.719971  3983.719971     6846381
2023-03-23 12:52:00-04:00  3983.689941  3985.310059  3982.270020  3985.310059  3985.310059     7294678
2023-03-23 12:54:00-04:00  3985.320068  3985.320068  3982.300049  3983.090088  3983.090088     7085004
2023-03-23 12:56:00-04:00  3983.070068  3983.739990  3980.750000  3981.060059  3981.060059     8030797
2023-03-23 12:58:00-04:00  3981.020020  3983.270020  3980.560059  3982.229980  3982.229980     8004631
2023-03-23 13:00:00-04:00  3982.229980  3982.229980  3979.899902  3980.449951  3980.449951     7612539
2023-03-23 13:02:00-04:00  3980.429932  3981.300049  3979.429932  3979.689941  3979.689941     6510152
2023-03-23 13:04:00-04:00  3979.739990  3984.939941  3979.649902  3984.750000  3984.750000     9973400
2023-03-23 13:06:00-04:00  3984.989990  3985.399902  3982.939941  3983.689941  3983.689941     7564024
2023-03-23 13:08:00-04:00  3983.590088  3983.590088  3978.100098  3978.810059  3978.810059     8283643
2023-03-23 13:10:00-04:00  3978.840088  3979.729980  3974.219971  3974.330078  3974.330078     9287787
2023-03-23 13:12:00-04:00  3974.330078  3974.469971  3971.879883  3973.889893  3973.889893    10092004
2023-03-23 13:14:00-04:00  3973.909912  3975.979980  3973.050049  3973.060059  3973.060059     8350986
2023-03-23 13:16:00-04:00  3973.030029  3973.870117  3970.129883  3973.050049  3973.050049    11128568
2023-03-23 13:18:00-04:00  3973.030029  3973.300049  3971.659912  3973.020020  3973.020020     7933724
2023-03-23 13:20:00-04:00  3972.800049  3975.459961  3972.500000  3974.610107  3974.610107     8923082
2023-03-23 13:22:00-04:00  3974.639893  3977.520020  3974.520020  3977.110107  3977.110107     8270629
2023-03-23 13:24:00-04:00  3977.169922  3977.520020  3967.350098  3967.350098  3967.350098    16482218
2023-03-23 13:26:00-04:00  3967.270020  3967.530029  3963.159912  3963.820068  3963.820068    13270235
2023-03-23 13:28:00-04:00  3963.850098  3969.489990  3963.850098  3967.899902  3967.899902    10818314
2023-03-23 13:30:00-04:00  3967.870117  3971.879883  3967.040039  3971.159912  3971.159912     8490077
2023-03-23 13:32:00-04:00  3971.120117  3971.120117  3969.070068  3970.419922  3970.419922     6835306
2023-03-23 13:34:00-04:00  3970.340088  3970.340088  3967.409912  3968.939941  3968.939941     8920004
2023-03-23 13:36:00-04:00  3969.000000  3971.429932  3967.159912  3971.060059  3971.060059     9162433
2023-03-23 13:38:00-04:00  3971.060059  3971.419922  3969.649902  3971.239990  3971.239990     8343396
2023-03-23 13:40:00-04:00  3971.290039  3974.860107  3970.639893  3974.780029  3974.780029     8979740
2023-03-23 13:42:00-04:00  3974.739990  3975.080078  3973.810059  3974.500000  3974.500000     6453357
2023-03-23 13:44:00-04:00  3974.530029  3976.149902  3974.530029  3975.389893  3975.389893     6862435
2023-03-23 13:46:00-04:00  3975.399902  3975.399902  3967.610107  3968.729980  3968.729980     9820323
2023-03-23 13:48:00-04:00  3968.750000  3969.050049  3966.469971  3968.850098  3968.850098     8029448
2023-03-23 13:50:00-04:00  3968.860107  3969.239990  3965.770020  3966.469971  3966.469971     8995387
2023-03-23 13:52:00-04:00  3966.360107  3968.030029  3963.439941  3968.030029  3968.030029     8921297
2023-03-23 13:54:00-04:00  3968.080078  3968.320068  3965.239990  3965.590088  3965.590088     7014902
2023-03-23 13:56:00-04:00  3965.719971  3966.489990  3964.820068  3965.010010  3965.010010     7400175
2023-03-23 13:58:00-04:00  3965.020020  3965.060059  3961.959961  3962.719971  3962.719971    10307222
2023-03-23 14:00:00-04:00  3962.790039  3967.760010  3962.790039  3967.409912  3967.409912     9892997
2023-03-23 14:02:00-04:00  3966.919922  3967.770020  3962.389893  3963.070068  3963.070068     8794419
2023-03-23 14:04:00-04:00  3963.000000  3964.080078  3961.090088  3961.810059  3961.810059    10421656
2023-03-23 14:06:00-04:00  3961.629883  3963.389893  3961.239990  3963.239990  3963.239990     8781158
2023-03-23 14:08:00-04:00  3963.229980  3963.260010  3959.889893  3959.899902  3959.899902     8328671
2023-03-23 14:10:00-04:00  3960.060059  3961.459961  3959.439941  3960.040039  3960.040039     8610798
2023-03-23 14:12:00-04:00  3960.050049  3964.280029  3960.010010  3964.280029  3964.280029     9379193
2023-03-23 14:14:00-04:00  3964.250000  3964.459961  3962.699951  3963.310059  3963.310059     8088729
2023-03-23 14:16:00-04:00  3963.199951  3964.860107  3960.870117  3960.870117  3960.870117     8508273
2023-03-23 14:18:00-04:00  3960.909912  3963.979980  3960.219971  3962.010010  3962.010010     7616945
2023-03-23 14:20:00-04:00  3961.830078  3962.070068  3956.489990  3956.679932  3956.679932    10086247
2023-03-23 14:22:00-04:00  3956.719971  3959.169922  3956.229980  3956.229980  3956.229980     9643173
2023-03-23 14:24:00-04:00  3956.270020  3956.270020  3948.479980  3948.479980  3948.479980    13155425
2023-03-23 14:26:00-04:00  3948.260010  3951.080078  3947.929932  3948.149902  3948.149902    10245754
2023-03-23 14:28:00-04:00  3948.129883  3948.129883  3943.290039  3943.290039  3943.290039    10564412
2023-03-23 14:30:00-04:00  3943.219971  3947.489990  3943.080078  3945.959961  3945.959961    11042995
2023-03-23 14:32:00-04:00  3945.919922  3945.919922  3941.620117  3942.590088  3942.590088    12040743
2023-03-23 14:34:00-04:00  3942.550049  3947.229980  3940.530029  3947.229980  3947.229980    13798793
2023-03-23 14:36:00-04:00  3947.199951  3947.580078  3944.229980  3944.449951  3944.449951     9327224
2023-03-23 14:38:00-04:00  3944.350098  3945.840088  3938.100098  3938.100098  3938.100098    12510527
2023-03-23 14:40:00-04:00  3937.979980  3939.110107  3931.760010  3931.939941  3931.939941    14035399
2023-03-23 14:42:00-04:00  3932.020020  3932.949951  3928.070068  3928.070068  3928.070068    11754000
2023-03-23 14:44:00-04:00  3928.050049  3933.669922  3925.469971  3933.199951  3933.199951    16142070
2023-03-23 14:46:00-04:00  3933.360107  3933.899902  3925.790039  3925.800049  3925.800049    12353803
2023-03-23 14:48:00-04:00  3925.959961  3930.439941  3924.520020  3930.439941  3930.439941    13778981
2023-03-23 14:50:00-04:00  3930.169922  3931.590088  3926.489990  3931.590088  3931.590088    12697521
2023-03-23 14:52:00-04:00  3931.510010  3932.000000  3926.959961  3928.649902  3928.649902    11246483
2023-03-23 14:54:00-04:00  3928.610107  3928.610107  3922.120117  3923.189941  3923.189941    12801433
2023-03-23 14:56:00-04:00  3923.179932  3928.520020  3920.610107  3927.600098  3927.600098    12922656
2023-03-23 14:58:00-04:00  3927.270020  3937.129883  3926.669922  3937.030029  3937.030029    14063993
2023-03-23 15:00:00-04:00  3937.050049  3960.820068  3937.050049  3953.810059  3953.810059    42227225
2023-03-23 15:02:00-04:00  3953.010010  3953.050049  3943.070068  3949.580078  3949.580078    16763331
2023-03-23 15:04:00-04:00  3949.090088  3949.270020  3942.120117  3942.229980  3942.229980    12974573
2023-03-23 15:06:00-04:00  3942.060059  3944.929932  3937.100098  3937.370117  3937.370117    12592190
2023-03-23 15:08:00-04:00  3937.310059  3945.850098  3936.310059  3945.850098  3945.850098    13838341
2023-03-23 15:10:00-04:00  3945.669922  3948.840088  3943.840088  3943.840088  3943.840088    12006654
2023-03-23 15:12:00-04:00  3943.270020  3945.159912  3937.250000  3938.219971  3938.219971    14215476
2023-03-23 15:14:00-04:00  3938.090088  3944.149902  3936.979980  3939.310059  3939.310059    12771311
2023-03-23 15:16:00-04:00  3939.129883  3940.870117  3936.520020  3938.300049  3938.300049    12670425
2023-03-23 15:18:00-04:00  3938.040039  3939.139893  3928.050049  3928.959961  3928.959961    18402601
2023-03-23 15:20:00-04:00  3928.969971  3929.030029  3919.050049  3919.959961  3919.959961    17432621
2023-03-23 15:22:00-04:00  3919.850098  3934.270020  3919.469971  3933.760010  3933.760010    16232846
2023-03-23 15:24:00-04:00  3933.629883  3937.040039  3931.489990  3935.459961  3935.459961    12946696
2023-03-23 15:26:00-04:00  3935.550049  3938.750000  3933.810059  3936.659912  3936.659912    13194939
2023-03-23 15:28:00-04:00  3936.389893  3937.370117  3932.870117  3933.030029  3933.030029    13174054
2023-03-23 15:30:00-04:00  3933.100098  3934.260010  3927.620117  3929.919922  3929.919922    16038928
2023-03-23 15:32:00-04:00  3929.810059  3935.179932  3929.610107  3932.469971  3932.469971    14593210
2023-03-23 15:34:00-04:00  3932.560059  3940.860107  3932.379883  3939.389893  3939.389893    16949158
2023-03-23 15:36:00-04:00  3939.370117  3944.580078  3937.729980  3942.500000  3942.500000    15663033
2023-03-23 15:38:00-04:00  3942.500000  3942.500000  3938.439941  3941.120117  3941.120117    13849538
2023-03-23 15:40:00-04:00  3940.929932  3942.239990  3937.429932  3941.320068  3941.320068    16871084
2023-03-23 15:42:00-04:00  3941.239990  3945.239990  3939.270020  3944.270020  3944.270020    16866965
2023-03-23 15:44:00-04:00  3944.600098  3950.800049  3941.770020  3948.750000  3948.750000    21549110
2023-03-23 15:46:00-04:00  3948.350098  3955.570068  3948.030029  3955.409912  3955.409912    22605314
2023-03-23 15:48:00-04:00  3955.310059  3955.310059  3948.290039  3949.429932  3949.429932    21465717
2023-03-23 15:50:00-04:00  3949.379883  3963.540039  3949.379883  3956.449951  3956.449951    40120078
2023-03-23 15:52:00-04:00  3956.300049  3956.719971  3952.870117  3956.050049  3956.050049    30190996
2023-03-23 15:54:00-04:00  3956.379883  3956.860107  3950.110107  3951.739990  3951.739990    41424270
2023-03-23 15:56:00-04:00  3952.110107  3955.350098  3951.899902  3955.350098  3955.350098    44171668
2023-03-23 15:58:00-04:00  3955.370117  3955.419922  3947.790039  3947.790039  3947.790039    58122218
2023-03-24 09:30:00-04:00  3939.209961  3939.209961  3928.709961  3928.709961  3928.709961    12777863
2023-03-24 09:32:00-04:00  3928.500000  3929.090088  3922.629883  3923.389893  3923.389893    17554083
2023-03-24 09:34:00-04:00  3923.699951  3928.800049  3923.699951  3928.250000  3928.250000    16330214
2023-03-24 09:36:00-04:00  3928.340088  3928.340088  3925.040039  3925.810059  3925.810059    17131016
2023-03-24 09:38:00-04:00  3925.600098  3927.219971  3923.929932  3925.229980  3925.229980    16105178
2023-03-24 09:40:00-04:00  3925.189941  3927.360107  3918.830078  3918.949951  3918.949951    17697794
2023-03-24 09:42:00-04:00  3919.139893  3920.010010  3915.510010  3919.139893  3919.139893    18198723
2023-03-24 09:44:00-04:00  3919.520020  3921.800049  3916.080078  3917.719971  3917.719971    18548252
2023-03-24 09:46:00-04:00  3918.070068  3920.000000  3910.570068  3911.419922  3911.419922    20304495
2023-03-24 09:48:00-04:00  3911.350098  3914.189941  3909.979980  3914.189941  3914.189941    16355959
2023-03-24 09:50:00-04:00  3914.070068  3919.750000  3913.639893  3917.659912  3917.659912    17521414
2023-03-24 09:52:00-04:00  3917.479980  3927.120117  3916.600098  3926.320068  3926.320068    17099406
2023-03-24 09:54:00-04:00  3926.199951  3930.280029  3923.629883  3928.909912  3928.909912    15327419
2023-03-24 09:56:00-04:00  3928.989990  3932.050049  3928.750000  3928.810059  3928.810059    14619220
2023-03-24 09:58:00-04:00  3928.790039  3931.510010  3928.050049  3931.040039  3931.040039    12799463
2023-03-24 10:00:00-04:00  3930.949951  3936.290039  3929.919922  3932.739990  3932.739990    20129628
2023-03-24 10:02:00-04:00  3932.679932  3934.100098  3929.510010  3930.100098  3930.100098    14015930
2023-03-24 10:04:00-04:00  3930.179932  3934.300049  3929.290039  3932.969971  3932.969971    14894313
2023-03-24 10:06:00-04:00  3933.149902  3936.120117  3929.239990  3930.949951  3930.949951    14733779
2023-03-24 10:08:00-04:00  3931.010010  3931.010010  3925.919922  3928.280029  3928.280029    13411986
2023-03-24 10:10:00-04:00  3928.300049  3929.540039  3927.419922  3928.280029  3928.280029    11008937
2023-03-24 10:12:00-04:00  3928.300049  3936.020020  3926.989990  3935.800049  3935.800049    15405307
2023-03-24 10:14:00-04:00  3935.699951  3939.090088  3926.510010  3927.169922  3927.169922    16853171
2023-03-24 10:16:00-04:00  3927.310059  3928.469971  3923.229980  3926.290039  3926.290039    12030931
2023-03-24 10:18:00-04:00  3926.419922  3929.129883  3922.489990  3924.469971  3924.469971    12029164
2023-03-24 10:20:00-04:00  3924.399902  3924.820068  3919.310059  3919.310059  3919.310059    12083617
2023-03-24 10:22:00-04:00  3919.300049  3922.570068  3917.649902  3921.570068  3921.570068    12061536
2023-03-24 10:24:00-04:00  3921.479980  3928.260010  3920.840088  3926.679932  3926.679932    12429569
2023-03-24 10:26:00-04:00  3926.530029  3935.090088  3926.530029  3934.649902  3934.649902    15549786
2023-03-24 10:28:00-04:00  3934.649902  3940.129883  3932.139893  3938.639893  3938.639893    13772037
2023-03-24 10:30:00-04:00  3938.790039  3943.330078  3937.689941  3940.419922  3940.419922    14558620
2023-03-24 10:32:00-04:00  3940.340088  3940.969971  3937.070068  3940.530029  3940.530029    11542912
2023-03-24 10:34:00-04:00  3940.520020  3940.820068  3933.909912  3934.840088  3934.840088    12540475
2023-03-24 10:36:00-04:00  3934.750000  3935.969971  3932.000000  3935.969971  3935.969971    10852757
2023-03-24 10:38:00-04:00  3935.939941  3937.050049  3932.850098  3933.129883  3933.129883     9817683
2023-03-24 10:40:00-04:00  3933.070068  3933.070068  3928.510010  3929.669922  3929.669922    11318064
2023-03-24 10:42:00-04:00  3929.570068  3929.719971  3926.550049  3926.550049  3926.550049    11407550
2023-03-24 10:44:00-04:00  3926.530029  3929.770020  3926.000000  3928.770020  3928.770020    10298222
2023-03-24 10:46:00-04:00  3928.719971  3928.719971  3924.429932  3925.399902  3925.399902    11839576
2023-03-24 10:48:00-04:00  3925.389893  3929.090088  3924.270020  3924.969971  3924.969971    12041442
2023-03-24 10:50:00-04:00  3924.820068  3926.510010  3923.479980  3924.379883  3924.379883     9269456
2023-03-24 10:52:00-04:00  3924.419922  3926.129883  3923.030029  3925.520020  3925.520020    10854384
2023-03-24 10:54:00-04:00  3925.370117  3927.080078  3923.810059  3927.080078  3927.080078    11405441
2023-03-24 10:56:00-04:00  3927.050049  3930.669922  3926.959961  3928.929932  3928.929932    10176539
2023-03-24 10:58:00-04:00  3928.919922  3929.979980  3927.260010  3929.489990  3929.489990    10577886
2023-03-24 11:00:00-04:00  3929.669922  3931.350098  3926.570068  3926.600098  3926.600098    10980885
2023-03-24 11:02:00-04:00  3926.639893  3929.969971  3925.850098  3929.479980  3929.479980     9129868
2023-03-24 11:04:00-04:00  3929.459961  3933.669922  3929.459961  3932.010010  3932.010010    10455623
2023-03-24 11:06:00-04:00  3931.949951  3931.979980  3925.590088  3925.590088  3925.590088    12748352
2023-03-24 11:08:00-04:00  3925.620117  3925.620117  3921.350098  3921.590088  3921.590088    11177581
2023-03-24 11:10:00-04:00  3921.580078  3921.580078  3914.830078  3915.500000  3915.500000    13364864
2023-03-24 11:12:00-04:00  3915.330078  3918.020020  3914.239990  3916.199951  3916.199951    13433023
2023-03-24 11:14:00-04:00  3916.189941  3920.370117  3914.750000  3920.330078  3920.330078    11068289
2023-03-24 11:16:00-04:00  3920.260010  3921.949951  3918.860107  3919.479980  3919.479980     8834687
2023-03-24 11:18:00-04:00  3919.709961  3920.929932  3917.159912  3917.489990  3917.489990    10830543
2023-03-24 11:20:00-04:00  3917.550049  3923.169922  3916.409912  3920.310059  3920.310059    15616496
2023-03-24 11:22:00-04:00  3920.290039  3920.290039  3917.870117  3919.040039  3919.040039     8275498
2023-03-24 11:24:00-04:00  3918.979980  3923.189941  3918.860107  3922.939941  3922.939941     9446596
2023-03-24 11:26:00-04:00  3922.949951  3924.870117  3922.300049  3923.070068  3923.070068     9584610
2023-03-24 11:28:00-04:00  3923.080078  3923.520020  3921.770020  3922.870117  3922.870117     7401622
2023-03-24 11:30:00-04:00  3922.719971  3923.419922  3919.570068  3920.370117  3920.370117     9948131
2023-03-24 11:32:00-04:00  3920.399902  3922.000000  3918.989990  3921.110107  3921.110107    10304480
2023-03-24 11:34:00-04:00  3921.090088  3926.669922  3921.080078  3926.669922  3926.669922    11276528
2023-03-24 11:36:00-04:00  3926.969971  3927.419922  3925.010010  3925.169922  3925.169922     8425287
2023-03-24 11:38:00-04:00  3925.189941  3925.810059  3924.270020  3925.379883  3925.379883     7669883
2023-03-24 11:40:00-04:00  3925.429932  3928.219971  3925.429932  3926.989990  3926.989990     8846040
2023-03-24 11:42:00-04:00  3927.120117  3928.520020  3926.689941  3928.179932  3928.179932     7223982
2023-03-24 11:44:00-04:00  3928.340088  3937.360107  3927.350098  3937.360107  3937.360107    13626598
2023-03-24 11:46:00-04:00  3937.479980  3945.530029  3937.479980  3942.750000  3942.750000    16340726
2023-03-24 11:48:00-04:00  3942.370117  3942.639893  3940.139893  3940.250000  3940.250000    10118820
2023-03-24 11:50:00-04:00  3940.209961  3940.250000  3938.010010  3939.159912  3939.159912    10419719
2023-03-24 11:52:00-04:00  3939.159912  3940.060059  3938.149902  3940.060059  3940.060059     9275245
2023-03-24 11:54:00-04:00  3939.820068  3940.790039  3937.639893  3940.669922  3940.669922    11046072
2023-03-24 11:56:00-04:00  3940.669922  3946.669922  3940.669922  3943.580078  3943.580078    14811223
2023-03-24 11:58:00-04:00  3943.719971  3945.850098  3943.239990  3945.810059  3945.810059    10298881
2023-03-24 12:00:00-04:00  3945.790039  3953.290039  3944.850098  3952.909912  3952.909912    16116490
2023-03-24 12:02:00-04:00  3952.909912  3954.129883  3949.030029  3949.800049  3949.800049    13784927
2023-03-24 12:04:00-04:00  3949.800049  3949.860107  3943.070068  3943.399902  3943.399902    13140832
2023-03-24 12:06:00-04:00  3943.379883  3944.189941  3942.090088  3943.959961  3943.959961     8091128
2023-03-24 12:08:00-04:00  3943.929932  3944.199951  3937.830078  3937.899902  3937.899902    10465579
2023-03-24 12:10:00-04:00  3937.979980  3940.360107  3937.649902  3939.489990  3939.489990     8509139
2023-03-24 12:12:00-04:00  3939.530029  3939.629883  3938.139893  3938.689941  3938.689941     7461008
2023-03-24 12:14:00-04:00  3938.760010  3939.040039  3937.830078  3938.760010  3938.760010     3787478
2023-03-24 12:16:00-04:00  3937.879883  3938.169922  3935.989990  3936.239990  3936.239990  1113579732
2023-03-24 12:18:00-04:00  3936.179932  3936.340088  3932.030029  3934.830078  3934.830078    11314768
2023-03-24 12:20:00-04:00  3935.010010  3936.639893  3932.820068  3933.340088  3933.340088     8347576
2023-03-24 12:22:00-04:00  3933.419922  3935.810059  3933.050049  3934.520020  3934.520020     6426799
2023-03-24 12:24:00-04:00  3934.540039  3937.590088  3934.290039  3936.189941  3936.189941     7984449
2023-03-24 12:26:00-04:00  3936.060059  3936.250000  3934.179932  3936.050049  3936.050049     7743514
2023-03-24 12:28:00-04:00  3936.080078  3937.820068  3935.729980  3937.820068  3937.820068     8473571
2023-03-24 12:30:00-04:00  3937.820068  3940.110107  3936.689941  3938.459961  3938.459961    10252522
2023-03-24 12:32:00-04:00  3938.459961  3940.159912  3937.639893  3937.669922  3937.669922     6971092
2023-03-24 12:34:00-04:00  3937.639893  3940.189941  3937.639893  3938.719971  3938.719971     7498432
2023-03-24 12:36:00-04:00  3938.750000  3943.239990  3938.750000  3942.209961  3942.209961     8361964
2023-03-24 12:38:00-04:00  3942.159912  3944.169922  3941.159912  3942.020020  3942.020020     7122532
2023-03-24 12:40:00-04:00  3942.010010  3944.199951  3939.550049  3942.209961  3942.209961     8034568
2023-03-24 12:42:00-04:00  3942.199951  3945.070068  3942.199951  3944.750000  3944.750000     6511695
2023-03-24 12:44:00-04:00  3944.790039  3947.669922  3944.719971  3947.520020  3947.520020     8364264
2023-03-24 12:46:00-04:00  3947.510010  3950.899902  3947.510010  3949.860107  3949.860107     9197017
2023-03-24 12:48:00-04:00  3949.860107  3951.360107  3948.729980  3949.679932  3949.679932     8610776
2023-03-24 12:50:00-04:00  3949.679932  3950.300049  3947.659912  3947.800049  3947.800049     6529813
2023-03-24 12:52:00-04:00  3947.840088  3947.919922  3945.750000  3945.879883  3945.879883     8076468
2023-03-24 12:54:00-04:00  3945.870117  3949.169922  3945.870117  3948.350098  3948.350098     7035470
2023-03-24 12:56:00-04:00  3948.239990  3950.280029  3947.709961  3950.179932  3950.179932     6671542
2023-03-24 12:58:00-04:00  3950.129883  3952.219971  3947.310059  3947.500000  3947.500000     8587836
2023-03-24 13:00:00-04:00  3947.530029  3950.699951  3947.530029  3948.739990  3948.739990     7382596
2023-03-24 13:02:00-04:00  3948.760010  3948.790039  3945.540039  3946.560059  3946.560059     8090813
2023-03-24 13:04:00-04:00  3946.570068  3949.689941  3946.360107  3949.600098  3949.600098     7277394
2023-03-24 13:06:00-04:00  3949.500000  3950.189941  3944.639893  3945.280029  3945.280029     8109389
2023-03-24 13:08:00-04:00  3945.250000  3945.699951  3943.919922  3945.270020  3945.270020     6083456
2023-03-24 13:10:00-04:00  3945.219971  3946.159912  3943.550049  3943.780029  3943.780029     6604325
2023-03-24 13:12:00-04:00  3943.909912  3946.750000  3943.830078  3946.550049  3946.550049     6390373
2023-03-24 13:14:00-04:00  3946.479980  3948.040039  3946.449951  3947.790039  3947.790039     6163813
2023-03-24 13:16:00-04:00  3947.739990  3947.739990  3944.570068  3944.699951  3944.699951     6074784
2023-03-24 13:18:00-04:00  3944.689941  3944.979980  3941.959961  3942.250000  3942.250000     6455033
2023-03-24 13:20:00-04:00  3942.610107  3947.120117  3942.189941  3946.010010  3946.010010     7773724
2023-03-24 13:22:00-04:00  3945.969971  3948.120117  3945.350098  3945.580078  3945.580078     7263360
2023-03-24 13:24:00-04:00  3945.629883  3948.110107  3943.750000  3948.110107  3948.110107     8108273
2023-03-24 13:26:00-04:00  3949.239990  3955.110107  3949.239990  3952.469971  3952.469971    11627823
2023-03-24 13:28:00-04:00  3952.629883  3953.570068  3949.260010  3950.439941  3950.439941    12973232
2023-03-24 13:30:00-04:00  3950.479980  3952.699951  3950.429932  3951.459961  3951.459961     6786683
2023-03-24 13:32:00-04:00  3951.800049  3955.149902  3951.800049  3954.000000  3954.000000     7761239
2023-03-24 13:34:00-04:00  3954.000000  3954.159912  3951.639893  3954.159912  3954.159912     7930123
2023-03-24 13:36:00-04:00  3954.239990  3956.810059  3954.239990  3956.209961  3956.209961    10402821
2023-03-24 13:38:00-04:00  3956.189941  3957.790039  3955.229980  3956.199951  3956.199951    10078518
2023-03-24 13:40:00-04:00  3956.250000  3957.919922  3952.780029  3952.780029  3952.780029    10829309
2023-03-24 13:42:00-04:00  3952.780029  3954.409912  3951.750000  3953.169922  3953.169922     7833574
2023-03-24 13:44:00-04:00  3953.219971  3953.699951  3951.239990  3951.290039  3951.290039     7864130
2023-03-24 13:46:00-04:00  3951.389893  3952.439941  3948.780029  3948.780029  3948.780029     8048980
2023-03-24 13:48:00-04:00  3948.659912  3948.659912  3946.560059  3946.560059  3946.560059     7816259
2023-03-24 13:50:00-04:00  3946.620117  3947.489990  3945.330078  3945.820068  3945.820068     7948736
2023-03-24 13:52:00-04:00  3945.750000  3946.350098  3945.520020  3945.699951  3945.699951     6090284
2023-03-24 13:54:00-04:00  3945.669922  3947.649902  3945.590088  3946.560059  3946.560059     7084531
2023-03-24 13:56:00-04:00  3946.489990  3948.530029  3945.560059  3948.360107  3948.360107     7318023
2023-03-24 13:58:00-04:00  3948.370117  3950.409912  3948.370117  3950.199951  3950.199951     6251634
2023-03-24 14:00:00-04:00  3950.159912  3953.040039  3950.159912  3952.580078  3952.580078     7294412
2023-03-24 14:02:00-04:00  3952.449951  3954.409912  3952.449951  3953.870117  3953.870117     6516306
2023-03-24 14:04:00-04:00  3953.870117  3954.219971  3951.310059  3951.399902  3951.399902     6860983
2023-03-24 14:06:00-04:00  3951.399902  3951.449951  3949.070068  3950.669922  3950.669922     6577830
2023-03-24 14:08:00-04:00  3950.689941  3954.320068  3950.689941  3953.379883  3953.379883     7297890
2023-03-24 14:10:00-04:00  3953.399902  3955.399902  3952.620117  3954.080078  3954.080078     7855130
2023-03-24 14:12:00-04:00  3954.080078  3956.939941  3953.790039  3956.840088  3956.840088     6943429
2023-03-24 14:14:00-04:00  3956.820068  3959.100098  3956.139893  3958.959961  3958.959961     8567689
2023-03-24 14:16:00-04:00  3958.949951  3960.199951  3956.899902  3957.879883  3957.879883     8799837
2023-03-24 14:18:00-04:00  3957.889893  3957.889893  3955.090088  3956.699951  3956.699951     7804279
2023-03-24 14:20:00-04:00  3956.780029  3958.169922  3956.719971  3958.129883  3958.129883     5865944
2023-03-24 14:22:00-04:00  3958.199951  3958.780029  3955.820068  3957.199951  3957.199951     7198406
2023-03-24 14:24:00-04:00  3957.199951  3958.459961  3954.250000  3955.080078  3955.080078     9891040
2023-03-24 14:26:00-04:00  3954.830078  3955.780029  3954.439941  3954.449951  3954.449951     5878350
2023-03-24 14:28:00-04:00  3954.469971  3956.330078  3954.010010  3956.189941  3956.189941     6017485
2023-03-24 14:30:00-04:00  3956.179932  3958.060059  3955.709961  3957.110107  3957.110107     7306597
2023-03-24 14:32:00-04:00  3957.110107  3958.800049  3956.439941  3958.800049  3958.800049     6217543
2023-03-24 14:34:00-04:00  3958.729980  3964.110107  3958.719971  3960.590088  3960.590088    13041159
2023-03-24 14:36:00-04:00  3960.560059  3961.209961  3958.939941  3960.219971  3960.219971     6525355
2023-03-24 14:38:00-04:00  3960.300049  3963.979980  3960.300049  3962.750000  3962.750000     7271222
2023-03-24 14:40:00-04:00  3962.750000  3963.929932  3960.580078  3961.389893  3961.389893     9362871
2023-03-24 14:42:00-04:00  3961.389893  3963.600098  3960.669922  3963.600098  3963.600098     6591216
2023-03-24 14:44:00-04:00  3963.590088  3965.639893  3963.330078  3964.899902  3964.899902     7750020
2023-03-24 14:46:00-04:00  3964.959961  3965.129883  3962.260010  3963.780029  3963.780029     7789273
2023-03-24 14:48:00-04:00  3963.840088  3965.449951  3962.879883  3963.600098  3963.600098     7917250
2023-03-24 14:50:00-04:00  3963.580078  3963.580078  3961.449951  3961.669922  3961.669922     7952292
2023-03-24 14:52:00-04:00  3961.699951  3961.729980  3959.300049  3960.840088  3960.840088     8594155
2023-03-24 14:54:00-04:00  3960.830078  3963.330078  3960.050049  3963.330078  3963.330078     8433690
2023-03-24 14:56:00-04:00  3963.209961  3963.719971  3961.399902  3962.209961  3962.209961     6659156
2023-03-24 14:58:00-04:00  3962.209961  3962.860107  3960.830078  3961.219971  3961.219971     5586593
2023-03-24 15:00:00-04:00  3960.870117  3961.129883  3960.570068  3960.949951  3960.949951    11833191
2023-03-24 15:02:00-04:00  3960.929932  3960.929932  3956.399902  3958.300049  3958.300049     9182873
2023-03-24 15:04:00-04:00  3958.239990  3958.889893  3956.459961  3958.780029  3958.780029     7914405
2023-03-24 15:06:00-04:00  3958.820068  3959.510010  3957.969971  3959.199951  3959.199951     7802703
2023-03-24 15:08:00-04:00  3959.189941  3959.310059  3955.810059  3956.810059  3956.810059     7533169
2023-03-24 15:10:00-04:00  3956.889893  3959.810059  3955.639893  3959.719971  3959.719971    10565122
2023-03-24 15:12:00-04:00  3959.719971  3959.840088  3957.800049  3958.899902  3958.899902     7201450
2023-03-24 15:14:00-04:00  3958.899902  3958.909912  3956.699951  3958.510010  3958.510010     8621235
2023-03-24 15:16:00-04:00  3958.409912  3963.239990  3958.409912  3963.239990  3963.239990    10255443
2023-03-24 15:18:00-04:00  3963.219971  3965.000000  3961.949951  3964.350098  3964.350098    10363072
2023-03-24 15:20:00-04:00  3964.310059  3969.070068  3964.310059  3969.020020  3969.020020    11425129
2023-03-24 15:22:00-04:00  3969.010010  3971.669922  3968.989990  3969.699951  3969.699951    12953743
2023-03-24 15:24:00-04:00  3968.379883  3969.250000  3966.689941  3967.149902  3967.149902    11432005
2023-03-24 15:26:00-04:00  3967.060059  3968.360107  3965.840088  3965.840088  3965.840088    11478857
2023-03-24 15:28:00-04:00  3965.820068  3970.560059  3965.820068  3969.320068  3969.320068    10224424
2023-03-24 15:30:00-04:00  3969.310059  3970.909912  3968.989990  3970.899902  3970.899902    13674225
2023-03-24 15:32:00-04:00  3970.860107  3971.179932  3967.060059  3967.989990  3967.989990    13299062
2023-03-24 15:34:00-04:00  3968.129883  3968.830078  3967.080078  3967.340088  3967.340088    10419318
2023-03-24 15:36:00-04:00  3967.360107  3970.850098  3967.360107  3970.850098  3970.850098    13097112
2023-03-24 15:38:00-04:00  3970.870117  3972.739990  3967.290039  3968.300049  3968.300049    17815080
2023-03-24 15:40:00-04:00  3968.770020  3969.389893  3967.379883  3967.860107  3967.860107    13548477
2023-03-24 15:42:00-04:00  3967.870117  3970.270020  3967.000000  3969.669922  3969.669922    13391541
2023-03-24 15:44:00-04:00  3969.679932  3969.709961  3967.320068  3967.760010  3967.760010    15835065
2023-03-24 15:46:00-04:00  3967.699951  3967.699951  3963.520020  3963.649902  3963.649902    17851257
2023-03-24 15:48:00-04:00  3963.610107  3965.770020  3962.889893  3964.939941  3964.939941    19000089
2023-03-24 15:50:00-04:00  3964.919922  3966.100098  3962.469971  3965.110107  3965.110107    27921780
2023-03-24 15:52:00-04:00  3965.080078  3965.260010  3961.629883  3962.350098  3962.350098    23888621
2023-03-24 15:54:00-04:00  3962.260010  3962.560059  3959.199951  3959.729980  3959.729980    36800053
2023-03-24 15:56:00-04:00  3959.760010  3967.790039  3959.760010  3967.729980  3967.729980    45474219
2023-03-24 15:58:00-04:00  3967.719971  3971.439941  3967.639893  3971.350098  3971.350098    54012405
2023-03-27 09:30:00-04:00  3982.929932  3995.929932  3982.929932  3994.860107  3994.860107    59475451
2023-03-27 09:32:00-04:00  3994.709961  3998.459961  3994.709961  3997.459961  3997.459961    22435612
2023-03-27 09:34:00-04:00  3997.500000  4001.469971  3996.760010  4000.479980  4000.479980    19719526
2023-03-27 09:36:00-04:00  4000.300049  4000.300049  3994.530029  3995.070068  3995.070068    20084203
2023-03-27 09:38:00-04:00  3994.989990  3995.020020  3989.600098  3990.219971  3990.219971    18465920
2023-03-27 09:40:00-04:00  3990.139893  3996.949951  3990.000000  3996.810059  3996.810059    18994241
2023-03-27 09:42:00-04:00  3996.620117  3999.610107  3996.620117  3999.300049  3999.300049    17450319
2023-03-27 09:44:00-04:00  3999.409912  4000.790039  3998.810059  4000.679932  4000.679932    16382422
2023-03-27 09:46:00-04:00  4000.629883  4003.489990  4000.350098  4000.919922  4000.919922    17973393
2023-03-27 09:48:00-04:00  4001.070068  4003.439941  4001.070068  4001.340088  4001.340088    17486974
2023-03-27 09:50:00-04:00  4001.300049  4003.830078  4000.830078  4003.510010  4003.510010    17461948
2023-03-27 09:52:00-04:00  4003.510010  4003.659912  3999.600098  4000.389893  4000.389893    15020846
2023-03-27 09:54:00-04:00  4000.389893  4000.389893  3995.580078  3997.330078  3997.330078    13311033
2023-03-27 09:56:00-04:00  3997.260010  3998.899902  3991.580078  3992.030029  3992.030029    16921947
2023-03-27 09:58:00-04:00  3991.689941  3995.830078  3991.429932  3995.550049  3995.550049    12341502
2023-03-27 10:00:00-04:00  3995.290039  3996.510010  3993.350098  3993.350098  3993.350098    14577582
2023-03-27 10:02:00-04:00  3993.330078  3994.989990  3993.320068  3994.750000  3994.750000    12391448
2023-03-27 10:04:00-04:00  3994.929932  3995.560059  3993.790039  3994.540039  3994.540039    18779341
2023-03-27 10:06:00-04:00  3994.370117  3994.370117  3990.770020  3992.649902  3992.649902    13280705
2023-03-27 10:08:00-04:00  3992.689941  3993.540039  3992.479980  3993.159912  3993.159912    11923371
2023-03-27 10:10:00-04:00  3993.139893  3995.489990  3993.139893  3995.199951  3995.199951    12558466
2023-03-27 10:12:00-04:00  3995.189941  3995.189941  3993.610107  3993.699951  3993.699951    10811230
2023-03-27 10:14:00-04:00  3993.679932  3995.639893  3990.750000  3995.639893  3995.639893    11497710
2023-03-27 10:16:00-04:00  3995.620117  3995.949951  3985.879883  3988.879883  3988.879883    15663206
2023-03-27 10:18:00-04:00  3988.860107  3990.610107  3987.909912  3990.169922  3990.169922     9467042
2023-03-27 10:20:00-04:00  3990.120117  3991.929932  3990.120117  3991.429932  3991.429932     8959634
2023-03-27 10:22:00-04:00  3991.389893  3993.469971  3990.899902  3992.479980  3992.479980     9647730
2023-03-27 10:24:00-04:00  3992.469971  3992.479980  3988.600098  3988.679932  3988.679932    10449021
2023-03-27 10:26:00-04:00  3988.620117  3989.169922  3986.889893  3989.120117  3989.120117    10515816
2023-03-27 10:28:00-04:00  3989.030029  3989.040039  3985.520020  3986.239990  3986.239990    10173744
2023-03-27 10:30:00-04:00  3986.219971  3986.219971  3981.520020  3982.350098  3982.350098    12924578
2023-03-27 10:32:00-04:00  3982.360107  3984.080078  3982.020020  3982.149902  3982.149902    10871968
2023-03-27 10:34:00-04:00  3982.149902  3982.149902  3979.250000  3979.479980  3979.479980    11972529
2023-03-27 10:36:00-04:00  3979.520020  3983.189941  3978.739990  3982.409912  3982.409912    10565596
2023-03-27 10:38:00-04:00  3982.439941  3982.620117  3980.270020  3981.610107  3981.610107     5813785