                                  Open         High          Low        Close    Adj Close      Volume
Datetime                                                                                              
2023-03-16 10:54:00-04:00  3915.189941  3920.530029  3914.909912  3919.250000  3919.250000           0
2023-03-16 10:56:00-04:00  3919.409912  3919.489990  3914.139893  3914.419922  3914.419922    21436169
2023-03-16 10:58:00-04:00  3914.439941  3917.679932  3914.439941  3916.729980  3916.729980    17327812
2023-03-16 11:00:00-04:00  3916.810059  3919.600098  3913.100098  3913.100098  3913.100098    20638025
2023-03-16 11:02:00-04:00  3913.270020  3914.810059  3911.320068  3911.399902  3911.399902    13316165
2023-03-16 11:04:00-04:00  3911.300049  3911.989990  3909.290039  3911.989990  3911.989990    14198148
2023-03-16 11:06:00-04:00  3912.280029  3916.250000  3912.280029  3915.639893  3915.639893    16484418
2023-03-16 11:08:00-04:00  3915.679932  3923.879883  3915.479980  3919.719971  3919.719971    20718166
2023-03-16 11:10:00-04:00  3919.699951  3922.189941  3919.669922  3920.360107  3920.360107    14581664
2023-03-16 11:12:00-04:00  3920.429932  3921.159912  3917.209961  3917.429932  3917.429932    17029082
2023-03-16 11:14:00-04:00  3917.330078  3920.679932  3916.439941  3920.050049  3920.050049    14870883
2023-03-16 11:16:00-04:00  3920.060059  3922.169922  3920.060059  3922.169922  3922.169922    15915225
2023-03-16 11:18:00-04:00  3922.250000  3922.250000  3919.389893  3921.050049  3921.050049    16051793
2023-03-16 11:20:00-04:00  3921.260010  3925.840088  3921.030029  3923.110107  3923.110107    16955189
2023-03-16 11:22:00-04:00  3922.969971  3924.679932  3920.250000  3923.250000  3923.250000    14532210
2023-03-16 11:24:00-04:00  3923.199951  3928.399902  3923.050049  3928.080078  3928.080078    18189662
2023-03-16 11:26:00-04:00  3928.020020  3932.830078  3928.020020  3931.469971  3931.469971    18211426
2023-03-16 11:28:00-04:00  3931.550049  3933.320068  3928.979980  3930.179932  3930.179932    20442801
2023-03-16 11:30:00-04:00  3930.590088  3932.459961  3928.459961  3928.520020  3928.520020    15291024
2023-03-16 11:32:00-04:00  3928.199951  3929.770020  3926.459961  3928.100098  3928.100098    15867673
2023-03-16 11:34:00-04:00  3928.199951  3928.350098  3926.669922  3928.300049  3928.300049    12736665
2023-03-16 11:36:00-04:00  3928.229980  3930.689941  3928.229980  3930.459961  3930.459961    14368532
2023-03-16 11:38:00-04:00  3930.459961  3931.199951  3928.050049  3929.879883  3929.879883    12538353
2023-03-16 11:40:00-04:00  3929.870117  3933.439941  3929.429932  3933.300049  3933.300049    13369218
2023-03-16 11:42:00-04:00  3933.340088  3937.120117  3933.270020  3935.750000  3935.750000    16021927
2023-03-16 11:44:00-04:00  3935.830078  3936.100098  3931.149902  3931.739990  3931.739990    15096151
2023-03-16 11:46:00-04:00  3932.010010  3933.250000  3931.540039  3932.429932  3932.429932    10953221
2023-03-16 11:48:00-04:00  3932.439941  3935.879883  3932.360107  3935.879883  3935.879883    13551885
2023-03-16 11:50:00-04:00  3935.850098  3935.850098  3934.739990  3935.239990  3935.239990    10227604
2023-03-16 11:52:00-04:00  3935.469971  3938.929932  3935.199951  3938.929932  3938.929932    19051600
2023-03-16 11:54:00-04:00  3938.780029  3939.439941  3937.659912  3938.219971  3938.219971    15434371
2023-03-16 11:56:00-04:00  3938.100098  3944.550049  3938.100098  3944.520020  3944.520020    19063876
2023-03-16 11:58:00-04:00  3944.489990  3944.709961  3938.919922  3939.399902  3939.399902    15501305
2023-03-16 12:00:00-04:00  3939.370117  3940.939941  3938.399902  3940.540039  3940.540039    12181171
2023-03-16 12:02:00-04:00  3940.449951  3940.459961  3933.649902  3934.189941  3934.189941    15852823
2023-03-16 12:04:00-04:00  3934.139893  3936.060059  3934.020020  3934.719971  3934.719971     6831745
2023-03-16 12:06:00-04:00  3936.520020  3936.669922  3934.620117  3935.219971  3935.219971  1420529545
2023-03-16 12:08:00-04:00  3935.199951  3935.679932  3930.899902  3931.179932  3931.179932    15915369
2023-03-16 12:10:00-04:00  3931.050049  3932.080078  3929.290039  3929.290039  3929.290039    14554761
2023-03-16 12:12:00-04:00  3929.340088  3930.120117  3925.850098  3928.120117  3928.120117    13879243
2023-03-16 12:14:00-04:00  3927.979980  3932.030029  3927.879883  3932.030029  3932.030029    12499803
2023-03-16 12:16:00-04:00  3932.060059  3933.870117  3932.060059  3932.820068  3932.820068    12575874
2023-03-16 12:18:00-04:00  3933.239990  3935.689941  3933.239990  3935.370117  3935.370117     9730344
2023-03-16 12:20:00-04:00  3935.370117  3936.610107  3935.360107  3936.610107  3936.610107    10152011
2023-03-16 12:22:00-04:00  3936.600098  3936.709961  3934.090088  3936.149902  3936.149902    10881809
2023-03-16 12:24:00-04:00  3936.179932  3936.949951  3934.979980  3936.949951  3936.949951    11701491
2023-03-16 12:26:00-04:00  3936.760010  3938.260010  3935.639893  3938.250000  3938.250000    13033261
2023-03-16 12:28:00-04:00  3938.229980  3939.229980  3936.489990  3938.510010  3938.510010    12562316
2023-03-16 12:30:00-04:00  3938.419922  3939.050049  3936.120117  3936.939941  3936.939941    12044066
2023-03-16 12:32:00-04:00  3936.899902  3938.209961  3936.040039  3936.090088  3936.090088    11901379
2023-03-16 12:34:00-04:00  3936.129883  3936.419922  3932.209961  3933.399902  3933.399902    12445067
2023-03-16 12:36:00-04:00  3933.419922  3934.110107  3930.959961  3932.010010  3932.010010    12970861
2023-03-16 12:38:00-04:00  3932.040039  3936.939941  3932.030029  3936.550049  3936.550049    10505594
2023-03-16 12:40:00-04:00  3936.570068  3936.629883  3934.729980  3935.889893  3935.889893    10216402
2023-03-16 12:42:00-04:00  3935.939941  3938.209961  3935.939941  3937.750000  3937.750000     9641949
2023-03-16 12:44:00-04:00  3937.729980  3938.770020  3937.139893  3938.139893  3938.139893    11119287
2023-03-16 12:46:00-04:00  3938.060059  3942.050049  3937.649902  3938.889893  3938.889893    15648108
2023-03-16 12:48:00-04:00  3939.330078  3943.560059  3939.330078  3943.560059  3943.560059    13071719
2023-03-16 12:50:00-04:00  3943.550049  3952.590088  3943.550049  3951.620117  3951.620117    24310952
2023-03-16 12:52:00-04:00  3951.500000  3954.770020  3948.750000  3949.959961  3949.959961    17017372
2023-03-16 12:54:00-04:00  3949.889893  3950.570068  3946.129883  3950.570068  3950.570068    17173361
2023-03-16 12:56:00-04:00  3950.620117  3951.949951  3949.310059  3951.949951  3951.949951    12525341
2023-03-16 12:58:00-04:00  3951.929932  3953.260010  3951.929932  3953.260010  3953.260010    11676276
2023-03-16 13:00:00-04:00  3953.030029  3955.229980  3952.979980  3954.429932  3954.429932    17423364
2023-03-16 13:02:00-04:00  3954.530029  3957.110107  3954.260010  3956.510010  3956.510010    15388430
2023-03-16 13:04:00-04:00  3956.479980  3959.590088  3955.469971  3959.239990  3959.239990    18197666
2023-03-16 13:06:00-04:00  3959.169922  3961.510010  3958.250000  3961.239990  3961.239990    16469665
2023-03-16 13:08:00-04:00  3961.040039  3961.040039  3956.530029  3956.560059  3956.560059    14231612
2023-03-16 13:10:00-04:00  3956.629883  3956.909912  3955.030029  3956.229980  3956.229980    14690336
2023-03-16 13:12:00-04:00  3956.399902  3957.760010  3955.560059  3955.560059  3955.560059    12505437
2023-03-16 13:14:00-04:00  3955.580078  3956.840088  3949.770020  3950.350098  3950.350098    17273240
2023-03-16 13:16:00-04:00  3950.379883  3951.250000  3947.860107  3947.949951  3947.949951    13094371
2023-03-16 13:18:00-04:00  3947.989990  3949.060059  3946.719971  3948.840088  3948.840088    12147912
2023-03-16 13:20:00-04:00  3948.889893  3951.020020  3948.139893  3951.020020  3951.020020    10422310
2023-03-16 13:22:00-04:00  3950.939941  3952.949951  3950.659912  3950.879883  3950.879883    12012237
2023-03-16 13:24:00-04:00  3950.929932  3954.229980  3950.929932  3953.449951  3953.449951    12200582
2023-03-16 13:26:00-04:00  3953.600098  3953.600098  3952.020020  3952.570068  3952.570068    10318946
2023-03-16 13:28:00-04:00  3952.600098  3954.570068  3952.080078  3952.080078  3952.080078     9915193
2023-03-16 13:30:00-04:00  3951.979980  3952.719971  3951.199951  3951.959961  3951.959961     9400067
2023-03-16 13:32:00-04:00  3952.040039  3952.270020  3948.060059  3949.020020  3949.020020    11840724
2023-03-16 13:34:00-04:00  3949.020020  3950.100098  3948.000000  3948.080078  3948.080078    10298170
2023-03-16 13:36:00-04:00  3948.110107  3948.469971  3947.090088  3947.550049  3947.550049     9970031
2023-03-16 13:38:00-04:00  3947.600098  3949.570068  3946.860107  3949.570068  3949.570068    10916789
2023-03-16 13:40:00-04:00  3949.689941  3952.600098  3949.379883  3952.510010  3952.510010    13035138
2023-03-16 13:42:00-04:00  3952.469971  3953.370117  3949.149902  3949.600098  3949.600098    12646010
2023-03-16 13:44:00-04:00  3950.090088  3951.540039  3950.070068  3950.139893  3950.139893     8703759
2023-03-16 13:46:00-04:00  3950.100098  3952.800049  3950.100098  3952.090088  3952.090088    10647091
2023-03-16 13:48:00-04:00  3952.189941  3953.020020  3950.800049  3950.800049  3950.800049    13862729
2023-03-16 13:50:00-04:00  3950.709961  3951.300049  3945.040039  3949.719971  3949.719971    18084283
2023-03-16 13:52:00-04:00  3949.679932  3952.040039  3949.530029  3949.590088  3949.590088     9494096
2023-03-16 13:54:00-04:00  3949.530029  3951.379883  3948.830078  3950.790039  3950.790039    11629329
2023-03-16 13:56:00-04:00  3950.780029  3952.979980  3949.449951  3951.250000  3951.250000    10968242
2023-03-16 13:58:00-04:00  3951.360107  3951.830078  3950.399902  3950.790039  3950.790039     9244909
2023-03-16 14:00:00-04:00  3950.780029  3950.800049  3947.620117  3948.689941  3948.689941    10425927
2023-03-16 14:02:00-04:00  3949.120117  3949.199951  3947.030029  3948.399902  3948.399902    11542973
2023-03-16 14:04:00-04:00  3948.419922  3948.590088  3946.159912  3946.159912  3946.159912    12366252
2023-03-16 14:06:00-04:00  3946.199951  3946.209961  3942.100098  3944.909912  3944.909912    13070094
2023-03-16 14:08:00-04:00  3944.879883  3947.790039  3944.139893  3947.550049  3947.550049    10913154
2023-03-16 14:10:00-04:00  3947.590088  3948.669922  3946.959961  3947.239990  3947.239990     9512908
2023-03-16 14:12:00-04:00  3947.179932  3947.179932  3945.050049  3945.340088  3945.340088     9568397
2023-03-16 14:14:00-04:00  3945.350098  3945.679932  3943.090088  3944.270020  3944.270020    10162612
2023-03-16 14:16:00-04:00  3944.260010  3945.209961  3941.090088  3942.979980  3942.979980    11376969
2023-03-16 14:18:00-04:00  3943.070068  3945.750000  3943.070068  3944.510010  3944.510010    10539760
2023-03-16 14:20:00-04:00  3944.500000  3946.169922  3944.500000  3945.530029  3945.530029     9434539
2023-03-16 14:22:00-04:00  3945.489990  3945.699951  3944.419922  3945.669922  3945.669922     8942253
2023-03-16 14:24:00-04:00  3945.659912  3945.790039  3942.830078  3943.439941  3943.439941    10032798
2023-03-16 14:26:00-04:00  3943.399902  3944.919922  3942.949951  3944.570068  3944.570068     9586442
2023-03-16 14:28:00-04:00  3944.610107  3947.729980  3944.350098  3947.540039  3947.540039    11451979
2023-03-16 14:30:00-04:00  3947.500000  3947.669922  3945.290039  3946.699951  3946.699951    10266807
2023-03-16 14:32:00-04:00  3946.679932  3946.679932  3940.209961  3940.370117  3940.370117    13641599
2023-03-16 14:34:00-04:00  3940.379883  3941.780029  3937.489990  3941.760010  3941.760010    14619395
2023-03-16 14:36:00-04:00  3941.790039  3944.570068  3941.590088  3943.320068  3943.320068    10376060
2023-03-16 14:38:00-04:00  3943.290039  3945.489990  3943.290039  3945.000000  3945.000000     8380870
2023-03-16 14:40:00-04:00  3945.020020  3947.179932  3944.719971  3945.909912  3945.909912    11339986
2023-03-16 14:42:00-04:00  3945.870117  3946.179932  3944.800049  3945.709961  3945.709961    10959331
2023-03-16 14:44:00-04:00  3945.780029  3949.409912  3945.780029  3947.850098  3947.850098    11842900
2023-03-16 14:46:00-04:00  3947.820068  3948.360107  3946.610107  3946.979980  3946.979980     9352600
2023-03-16 14:48:00-04:00  3946.969971  3947.340088  3945.540039  3946.429932  3946.429932    10660282
2023-03-16 14:50:00-04:00  3946.429932  3946.889893  3945.889893  3946.530029  3946.530029     9681482
2023-03-16 14:52:00-04:00  3946.550049  3947.560059  3945.949951  3946.790039  3946.790039    11093193
2023-03-16 14:54:00-04:00  3946.870117  3950.280029  3946.590088  3950.040039  3950.040039    11596399
2023-03-16 14:56:00-04:00  3950.010010  3952.449951  3950.010010  3952.270020  3952.270020    12169792
2023-03-16 14:58:00-04:00  3952.280029  3952.689941  3951.090088  3952.620117  3952.620117    11359660
2023-03-16 15:00:00-04:00  3952.620117  3954.330078  3952.209961  3954.280029  3954.280029    13681935
2023-03-16 15:02:00-04:00  3954.239990  3954.239990  3952.060059  3953.169922  3953.169922    10700092
2023-03-16 15:04:00-04:00  3953.159912  3955.260010  3952.399902  3955.199951  3955.199951    12932246
2023-03-16 15:06:00-04:00  3955.139893  3957.389893  3955.139893  3956.949951  3956.949951    13254430
2023-03-16 15:08:00-04:00  3957.010010  3957.760010  3954.300049  3954.530029  3954.530029    13120297
2023-03-16 15:10:00-04:00  3954.639893  3956.500000  3954.310059  3955.709961  3955.709961    12894420
2023-03-16 15:12:00-04:00  3955.739990  3957.159912  3955.560059  3955.800049  3955.800049    11086594
2023-03-16 15:14:00-04:00  3955.790039  3956.129883  3951.719971  3952.959961  3952.959961    14871268
2023-03-16 15:16:00-04:00  3953.060059  3955.209961  3953.060059  3954.659912  3954.659912    11837238
2023-03-16 15:18:00-04:00  3954.570068  3955.659912  3953.639893  3954.070068  3954.070068    14120231
2023-03-16 15:20:00-04:00  3954.080078  3957.310059  3953.750000  3956.800049  3956.800049    15861742
2023-03-16 15:22:00-04:00  3956.800049  3959.260010  3956.639893  3958.739990  3958.739990    16814232
2023-03-16 15:24:00-04:00  3958.750000  3961.110107  3958.750000  3959.850098  3959.850098    18650172
2023-03-16 15:26:00-04:00  3959.739990  3959.810059  3956.659912  3959.070068  3959.070068    16940725
2023-03-16 15:28:00-04:00  3959.080078  3961.189941  3958.899902  3960.370117  3960.370117    16871285
2023-03-16 15:30:00-04:00  3960.449951  3960.810059  3957.330078  3958.040039  3958.040039    20465216
2023-03-16 15:32:00-04:00  3958.110107  3959.989990  3956.729980  3957.090088  3957.090088    18196879
2023-03-16 15:34:00-04:00  3957.129883  3959.600098  3956.699951  3956.959961  3956.959961    18276692
2023-03-16 15:36:00-04:00  3957.000000  3958.010010  3954.530029  3956.030029  3956.030029    17930464
2023-03-16 15:38:00-04:00  3956.030029  3957.469971  3954.679932  3957.469971  3957.469971    17148587
2023-03-16 15:40:00-04:00  3957.550049  3959.370117  3957.030029  3958.929932  3958.929932    19013413
2023-03-16 15:42:00-04:00  3958.889893  3963.939941  3958.889893  3963.620117  3963.620117    22890219
2023-03-16 15:44:00-04:00  3963.679932  3964.459961  3960.189941  3961.959961  3961.959961    26113672
2023-03-16 15:46:00-04:00  3961.870117  3963.350098  3957.899902  3957.899902  3957.899902    28711388
2023-03-16 15:48:00-04:00  3957.709961  3959.959961  3956.120117  3959.939941  3959.939941    27785207
2023-03-16 15:50:00-04:00  3959.820068  3961.830078  3956.649902  3958.280029  3958.280029    41854123
2023-03-16 15:52:00-04:00  3958.320068  3959.360107  3956.110107  3958.310059  3958.310059    38805972
2023-03-16 15:54:00-04:00  3958.379883  3958.520020  3953.899902  3954.530029  3954.530029    48006477
2023-03-16 15:56:00-04:00  3954.520020  3962.100098  3954.219971  3961.580078  3961.580078    55579578
2023-03-16 15:58:00-04:00  3961.500000  3962.229980  3959.489990  3959.709961  3959.709961    59996729
2023-03-17 09:30:00-04:00  3958.689941  3958.689941  3950.639893  3951.370117  3951.370117   366382197
2023-03-17 09:32:00-04:00  3951.199951  3953.000000  3948.850098  3949.040039  3949.040039    37017109
2023-03-17 09:34:00-04:00  3949.159912  3950.449951  3943.689941  3943.729980  3943.729980    29227675
2023-03-17 09:36:00-04:00  3944.070068  3951.000000  3943.060059  3950.479980  3950.479980    20051516
2023-03-17 09:38:00-04:00  3950.489990  3954.360107  3949.419922  3954.030029  3954.030029    19620993
2023-03-17 09:40:00-04:00  3954.280029  3957.229980  3949.350098  3949.350098  3949.350098    23056729
2023-03-17 09:42:00-04:00  3949.729980  3949.729980  3944.310059  3946.850098  3946.850098    19867076
2023-03-17 09:44:00-04:00  3946.969971  3949.179932  3943.189941  3943.399902  3943.399902    20608983
2023-03-17 09:46:00-04:00  3943.510010  3944.729980  3941.790039  3941.959961  3941.959961    18564456
2023-03-17 09:48:00-04:00  3942.989990  3945.360107  3939.600098  3939.600098  3939.600098    18782161
2023-03-17 09:50:00-04:00  3939.500000  3945.290039  3938.550049  3944.590088  3944.590088    20750231
2023-03-17 09:52:00-04:00  3944.649902  3946.300049  3941.449951  3941.699951  3941.699951    16650600
2023-03-17 09:54:00-04:00  3941.629883  3944.479980  3941.389893  3942.570068  3942.570068    17402848
2023-03-17 09:56:00-04:00  3942.659912  3944.310059  3940.659912  3944.310059  3944.310059    17974190
2023-03-17 09:58:00-04:00  3944.300049  3944.399902  3941.439941  3942.350098  3942.350098    12954492
2023-03-17 10:00:00-04:00  3942.530029  3954.870117  3942.530029  3952.820068  3952.820068    21543120
2023-03-17 10:02:00-04:00  3952.959961  3955.810059  3952.540039  3955.489990  3955.489990    18592672
2023-03-17 10:04:00-04:00  3956.520020  3958.909912  3953.530029  3955.020020  3955.020020    18576362
2023-03-17 10:06:00-04:00  3954.979980  3955.959961  3950.770020  3950.770020  3950.770020    16969311
2023-03-17 10:08:00-04:00  3950.709961  3952.129883  3945.850098  3947.580078  3947.580078    16115364
2023-03-17 10:10:00-04:00  3947.600098  3947.600098  3942.629883  3943.399902  3943.399902    17154949
2023-03-17 10:12:00-04:00  3943.199951  3943.310059  3940.580078  3941.409912  3941.409912    16162397
2023-03-17 10:14:00-04:00  3941.370117  3943.959961  3939.610107  3942.550049  3942.550049    15405191
2023-03-17 10:16:00-04:00  3942.469971  3945.840088  3942.300049  3942.889893  3942.889893    15285726
2023-03-17 10:18:00-04:00  3942.909912  3942.909912  3934.870117  3935.040039  3935.040039    20044727
2023-03-17 10:20:00-04:00  3935.030029  3936.229980  3933.870117  3934.760010  3934.760010    14660930
2023-03-17 10:22:00-04:00  3934.760010  3936.000000  3930.459961  3931.629883  3931.629883    15913637
2023-03-17 10:24:00-04:00  3931.679932  3931.679932  3926.949951  3929.489990  3929.489990    16232887
2023-03-17 10:26:00-04:00  3929.510010  3929.510010  3921.570068  3923.909912  3923.909912    19728781
2023-03-17 10:28:00-04:00  3923.750000  3928.360107  3922.469971  3927.010010  3927.010010    15524916
2023-03-17 10:30:00-04:00  3927.120117  3929.510010  3926.639893  3927.350098  3927.350098    16708486
2023-03-17 10:32:00-04:00  3927.399902  3928.790039  3922.979980  3922.979980  3922.979980    17646663
2023-03-17 10:34:00-04:00  3922.669922  3922.669922  3914.580078  3914.989990  3914.989990    19821082
2023-03-17 10:36:00-04:00  3914.790039  3920.290039  3914.500000  3920.270020  3920.270020    15603456
2023-03-17 10:38:00-04:00  3920.459961  3922.780029  3919.889893  3921.659912  3921.659912    13742502
2023-03-17 10:40:00-04:00  3921.459961  3921.889893  3915.770020  3918.080078  3918.080078    16988052
2023-03-17 10:42:00-04:00  3918.020020  3918.469971  3914.860107  3916.429932  3916.429932    14677766
2023-03-17 10:44:00-04:00  3916.399902  3917.229980  3910.979980  3910.979980  3910.979980    16992820
2023-03-17 10:46:00-04:00  3910.979980  3914.270020  3909.899902  3914.270020  3914.270020    13872052
2023-03-17 10:48:00-04:00  3916.310059  3918.510010  3916.080078  3918.510010  3918.510010    18600434
2023-03-17 10:50:00-04:00  3918.580078  3918.840088  3916.770020  3916.860107  3916.860107    13720169
2023-03-17 10:52:00-04:00  3916.689941  3916.689941  3911.120117  3914.919922  3914.919922    14913519
2023-03-17 10:54:00-04:00  3914.530029  3915.110107  3912.100098  3912.280029  3912.280029    10966092
2023-03-17 10:56:00-04:00  3912.159912  3918.489990  3912.159912  3918.399902  3918.399902    14401489
2023-03-17 10:58:00-04:00  3918.409912  3920.629883  3918.050049  3918.229980  3918.229980    14824160
2023-03-17 11:00:00-04:00  3918.050049  3918.050049  3912.270020  3913.090088  3913.090088    14414258
2023-03-17 11:02:00-04:00  3913.209961  3914.179932  3911.020020  3911.020020  3911.020020    10514807
2023-03-17 11:04:00-04:00  3910.750000  3913.520020  3909.860107  3911.239990  3911.239990    13279308
2023-03-17 11:06:00-04:00  3911.229980  3917.209961  3910.209961  3917.169922  3917.169922    12413851
2023-03-17 11:08:00-04:00  3917.090088  3919.750000  3916.639893  3917.149902  3917.149902    11695164
2023-03-17 11:10:00-04:00  3917.189941  3917.189941  3914.209961  3914.209961  3914.209961    11192895
2023-03-17 11:12:00-04:00  3914.060059  3920.219971  3914.060059  3919.770020  3919.770020    11186360
2023-03-17 11:14:00-04:00  3919.699951  3920.320068  3917.239990  3920.250000  3920.250000    11373768
2023-03-17 11:16:00-04:00  3920.229980  3924.689941  3920.229980  3922.550049  3922.550049    12979860
2023-03-17 11:18:00-04:00  3922.530029  3923.050049  3920.560059  3921.149902  3921.149902    10977524
2023-03-17 11:20:00-04:00  3921.189941  3922.850098  3920.090088  3921.189941  3921.189941    11134824
2023-03-17 11:22:00-04:00  3920.959961  3920.959961  3910.370117  3911.159912  3911.159912    16253158
2023-03-17 11:24:00-04:00  3911.060059  3912.189941  3905.830078  3905.979980  3905.979980    13347936
2023-03-17 11:26:00-04:00  3906.060059  3910.449951  3905.649902  3910.260010  3910.260010    12389565
2023-03-17 11:28:00-04:00  3910.050049  3911.719971  3909.560059  3910.989990  3910.989990     9292902
2023-03-17 11:30:00-04:00  3910.939941  3911.350098  3909.459961  3911.070068  3911.070068    10675734
2023-03-17 11:32:00-04:00  3910.830078  3917.209961  3910.649902  3916.560059  3916.560059    13030231
2023-03-17 11:34:00-04:00  3916.459961  3917.459961  3915.929932  3916.679932  3916.679932    10316230
2023-03-17 11:36:00-04:00  3916.719971  3917.020020  3912.149902  3912.750000  3912.750000    10774103
2023-03-17 11:38:00-04:00  3912.580078  3912.580078  3906.840088  3907.000000  3907.000000     9831990
2023-03-17 11:40:00-04:00  3907.010010  3908.159912  3905.810059  3907.050049  3907.050049     9890012
2023-03-17 11:42:00-04:00  3906.840088  3907.000000  3901.679932  3902.330078  3902.330078    12971079
2023-03-17 11:44:00-04:00  3902.300049  3908.810059  3902.030029  3907.750000  3907.750000    12502631
2023-03-17 11:46:00-04:00  3907.770020  3908.639893  3906.909912  3907.679932  3907.679932     9455059
2023-03-17 11:48:00-04:00  3907.679932  3909.790039  3907.510010  3909.610107  3909.610107    10667533
2023-03-17 11:50:00-04:00  3909.600098  3912.790039  3909.159912  3911.790039  3911.790039    11284492
2023-03-17 11:52:00-04:00  3911.830078  3912.879883  3911.070068  3911.409912  3911.409912     9867221
2023-03-17 11:54:00-04:00  3911.530029  3911.739990  3906.949951  3908.679932  3908.679932  1515936348
2023-03-17 11:56:00-04:00  3908.850098  3910.959961  3907.699951  3908.050049  3908.050049    12281988
2023-03-17 11:58:00-04:00  3907.959961  3910.899902  3906.679932  3910.780029  3910.780029    10355664
2023-03-17 12:00:00-04:00  3910.820068  3915.479980  3910.709961  3915.449951  3915.449951    10516175
2023-03-17 12:02:00-04:00  3915.290039  3915.489990  3912.139893  3915.340088  3915.340088     9397662
2023-03-17 12:04:00-04:00  3915.459961  3916.550049  3912.080078  3912.080078  3912.080078    10799035
2023-03-17 12:06:00-04:00  3911.939941  3918.590088  3910.939941  3917.360107  3917.360107    11579264
2023-03-17 12:08:00-04:00  3917.379883  3921.580078  3916.800049  3921.290039  3921.290039     9201303
2023-03-17 12:10:00-04:00  3921.129883  3921.330078  3918.179932  3918.280029  3918.280029    11846740
2023-03-17 12:12:00-04:00  3918.360107  3920.580078  3917.989990  3918.959961  3918.959961    10512990
2023-03-17 12:14:00-04:00  3918.979980  3920.310059  3917.969971  3918.080078  3918.080078     8786661
2023-03-17 12:16:00-04:00  3918.090088  3921.929932  3917.639893  3920.870117  3920.870117    11111675
2023-03-17 12:18:00-04:00  3920.760010  3921.209961  3916.020020  3917.459961  3917.459961     9010545
2023-03-17 12:20:00-04:00  3917.370117  3918.719971  3914.810059  3914.810059  3914.810059    10393717
2023-03-17 12:22:00-04:00  3914.790039  3916.600098  3913.750000  3916.229980  3916.229980     9232207
2023-03-17 12:24:00-04:00  3916.409912  3917.989990  3916.000000  3917.560059  3917.560059     8730504
2023-03-17 12:26:00-04:00  3917.590088  3921.929932  3917.590088  3921.919922  3921.919922     9574015
2023-03-17 12:28:00-04:00  3921.899902  3923.229980  3920.280029  3922.389893  3922.389893    10671697
2023-03-17 12:30:00-04:00  3922.399902  3931.439941  3922.399902  3929.570068  3929.570068    17655828
2023-03-17 12:32:00-04:00  3929.939941  3932.469971  3926.899902  3926.899902  3926.899902    12780602
2023-03-17 12:34:00-04:00  3926.830078  3926.830078  3923.070068  3923.139893  3923.139893     9543055
2023-03-17 12:36:00-04:00  3923.139893  3925.219971  3922.370117  3922.870117  3922.870117     8982894
2023-03-17 12:38:00-04:00  3922.989990  3923.590088  3921.159912  3921.659912  3921.659912     8214970
2023-03-17 12:40:00-04:00  3921.659912  3923.570068  3921.139893  3921.850098  3921.850098     8788451
2023-03-17 12:42:00-04:00  3921.810059  3923.139893  3921.229980  3922.000000  3922.000000     7870538
2023-03-17 12:44:00-04:00  3921.959961  3922.800049  3919.500000  3919.500000  3919.500000     9557617
2023-03-17 12:46:00-04:00  3919.310059  3922.449951  3918.820068  3922.449951  3922.449951     9701364
2023-03-17 12:48:00-04:00  3922.310059  3922.649902  3919.669922  3919.770020  3919.770020     8608061
2023-03-17 12:50:00-04:00  3919.689941  3923.159912  3919.629883  3920.639893  3920.639893    10121330
2023-03-17 12:52:00-04:00  3920.600098  3920.719971  3917.040039  3917.040039  3917.040039     9921727
2023-03-17 12:54:00-04:00  3916.939941  3917.449951  3914.709961  3916.620117  3916.620117    10984650
2023-03-17 12:56:00-04:00  3916.659912  3920.739990  3916.610107  3920.739990  3920.739990     8645112
2023-03-17 12:58:00-04:00  3920.820068  3920.820068  3918.469971  3918.719971  3918.719971     6890823
2023-03-17 13:00:00-04:00  3918.790039  3919.689941  3918.330078  3918.969971  3918.969971     6820505
2023-03-17 13:02:00-04:00  3918.949951  3920.489990  3917.959961  3917.959961  3917.959961     8480876
2023-03-17 13:04:00-04:00  3917.979980  3923.310059  3917.639893  3923.310059  3923.310059     9641655
2023-03-17 13:06:00-04:00  3923.899902  3924.540039  3922.139893  3923.610107  3923.610107     8548920
2023-03-17 13:08:00-04:00  3923.600098  3924.939941  3922.790039  3924.560059  3924.560059     8234589
2023-03-17 13:10:00-04:00  3924.590088  3926.139893  3923.120117  3925.250000  3925.250000     9616709
2023-03-17 13:12:00-04:00  3925.250000  3926.770020  3924.800049  3926.169922  3926.169922     9471572
2023-03-17 13:14:00-04:00  3926.189941  3926.739990  3925.969971  3925.969971  3925.969971     9237923
2023-03-17 13:16:00-04:00  3926.090088  3927.050049  3922.320068  3922.419922  3922.419922     8888311
2023-03-17 13:18:00-04:00  3922.520020  3924.070068  3921.570068  3924.070068  3924.070068     9177811
2023-03-17 13:20:00-04:00  3924.209961  3930.800049  3923.800049  3929.489990  3929.489990    10963555
2023-03-17 13:22:00-04:00  3929.649902  3930.760010  3927.639893  3927.639893  3927.639893     8331251
2023-03-17 13:24:00-04:00  3927.610107  3927.610107  3924.300049  3925.179932  3925.179932     8639299
2023-03-17 13:26:00-04:00  3925.139893  3925.139893  3923.229980  3924.669922  3924.669922     8691057
2023-03-17 13:28:00-04:00  3924.810059  3924.810059  3922.800049  3924.379883  3924.379883     8852838
2023-03-17 13:30:00-04:00  3924.389893  3926.570068  3923.399902  3925.879883  3925.879883    10713190
2023-03-17 13:32:00-04:00  3925.870117  3929.449951  3924.449951  3924.449951  3924.449951    14211748
2023-03-17 13:34:00-04:00  3924.610107  3924.610107  3919.800049  3919.870117  3919.870117    10644059
2023-03-17 13:36:00-04:00  3919.870117  3921.290039  3919.280029  3920.050049  3920.050049     8980302
2023-03-17 13:38:00-04:00  3920.040039  3924.500000  3919.360107  3924.179932  3924.179932     9393669
2023-03-17 13:40:00-04:00  3924.560059  3924.580078  3918.219971  3918.780029  3918.780029    13993201
2023-03-17 13:42:00-04:00  3918.570068  3920.020020  3918.149902  3919.659912  3919.659912     9667886
2023-03-17 13:44:00-04:00  3919.719971  3923.830078  3919.719971  3923.530029  3923.530029    10240542
2023-03-17 13:46:00-04:00  3923.550049  3923.550049  3921.179932  3923.270020  3923.270020     9163964
2023-03-17 13:48:00-04:00  3923.310059  3926.229980  3923.310059  3924.270020  3924.270020    11865866
2023-03-17 13:50:00-04:00  3924.270020  3925.949951  3922.830078  3922.959961  3922.959961    10313399
2023-03-17 13:52:00-04:00  3922.969971  3923.280029  3920.989990  3920.989990  3920.989990     8567219
2023-03-17 13:54:00-04:00  3920.979980  3923.770020  3920.840088  3923.080078  3923.080078     8681031
2023-03-17 13:56:00-04:00  3923.060059  3923.060059  3919.929932  3920.790039  3920.790039     9288959
2023-03-17 13:58:00-04:00  3921.129883  3924.889893  3921.129883  3924.889893  3924.889893     8872397
2023-03-17 14:00:00-04:00  3925.120117  3929.409912  3925.120117  3926.659912  3926.659912    13987772
2023-03-17 14:02:00-04:00  3926.639893  3929.370117  3924.820068  3924.879883  3924.879883    11411880
2023-03-17 14:04:00-04:00  3924.929932  3924.929932  3922.330078  3923.139893  3923.139893     9891083
2023-03-17 14:06:00-04:00  3923.229980  3923.229980  3917.159912  3917.750000  3917.750000    13720516
2023-03-17 14:08:00-04:00  3917.629883  3919.389893  3916.550049  3918.239990  3918.239990    10035572
2023-03-17 14:10:00-04:00  3918.290039  3918.760010  3915.550049  3916.280029  3916.280029     9889719
2023-03-17 14:12:00-04:00  3916.320068  3917.649902  3915.790039  3916.110107  3916.110107     9374079
2023-03-17 14:14:00-04:00  3916.159912  3916.840088  3912.419922  3912.699951  3912.699951    13654635
2023-03-17 14:16:00-04:00  3912.699951  3916.949951  3912.459961  3915.989990  3915.989990    11494824
2023-03-17 14:18:00-04:00  3916.050049  3916.729980  3913.229980  3913.639893  3913.639893     9486774
2023-03-17 14:20:00-04:00  3913.620117  3914.989990  3912.030029  3912.459961  3912.459961     9625442
2023-03-17 14:22:00-04:00  3912.399902  3912.399902  3910.639893  3910.639893  3910.639893     9902936
2023-03-17 14:24:00-04:00  3910.629883  3910.830078  3905.179932  3905.219971  3905.219971    12578426
2023-03-17 14:26:00-04:00  3905.110107  3907.219971  3905.090088  3906.199951  3906.199951    11077297
2023-03-17 14:28:00-04:00  3906.189941  3907.199951  3905.889893  3906.479980  3906.479980     9417440
2023-03-17 14:30:00-04:00  3906.260010  3908.629883  3905.550049  3908.629883  3908.629883    13057017
2023-03-17 14:32:00-04:00  3908.560059  3910.989990  3908.310059  3910.780029  3910.780029    10616157
2023-03-17 14:34:00-04:00  3910.810059  3911.219971  3909.179932  3909.419922  3909.419922     9352855
2023-03-17 14:36:00-04:00  3909.560059  3910.459961  3907.899902  3907.919922  3907.919922     9751140
2023-03-17 14:38:00-04:00  3907.570068  3908.360107  3905.489990  3908.300049  3908.300049    10089429
2023-03-17 14:40:00-04:00  3908.310059  3908.639893  3905.770020  3907.310059  3907.310059    11281428
2023-03-17 14:42:00-04:00  3907.330078  3909.389893  3907.290039  3909.260010  3909.260010     9114440
2023-03-17 14:44:00-04:00  3909.310059  3909.530029  3905.840088  3905.840088  3905.840088    12463773
2023-03-17 14:46:00-04:00  3905.850098  3907.189941  3905.360107  3905.850098  3905.850098    11512945
2023-03-17 14:48:00-04:00  3905.689941  3908.520020  3905.439941  3907.209961  3907.209961    11691642
2023-03-17 14:50:00-04:00  3907.290039  3907.290039  3901.479980  3901.800049  3901.800049    14324550
2023-03-17 14:52:00-04:00  3901.860107  3907.870117  3901.270020  3907.870117  3907.870117    14743097
2023-03-17 14:54:00-04:00  3907.889893  3915.209961  3907.889893  3912.699951  3912.699951    16347604
2023-03-17 14:56:00-04:00  3912.620117  3914.540039  3911.639893  3913.649902  3913.649902    13521622
2023-03-17 14:58:00-04:00  3913.679932  3913.840088  3911.080078  3911.750000  3911.750000    13441434
2023-03-17 15:00:00-04:00  3911.840088  3913.590088  3910.550049  3910.879883  3910.879883    12692252
2023-03-17 15:02:00-04:00  3910.909912  3911.870117  3908.239990  3909.929932  3909.929932    11749620
2023-03-17 15:04:00-04:00  3909.840088  3912.389893  3909.110107  3911.429932  3911.429932    12942606
2023-03-17 15:06:00-04:00  3911.469971  3913.590088  3908.459961  3910.350098  3910.350098    15578005
2023-03-17 15:08:00-04:00  3910.479980  3912.820068  3910.479980  3911.879883  3911.879883    11560224
2023-03-17 15:10:00-04:00  3911.860107  3914.770020  3911.120117  3912.169922  3912.169922    13905973
2023-03-17 15:12:00-04:00  3912.149902  3916.850098  3911.709961  3916.850098  3916.850098    16960657
2023-03-17 15:14:00-04:00  3916.879883  3916.879883  3914.000000  3914.030029  3914.030029    13611786
2023-03-17 15:16:00-04:00  3914.139893  3921.469971  3912.370117  3920.949951  3920.949951    19293167
2023-03-17 15:18:00-04:00  3921.090088  3921.449951  3917.550049  3918.159912  3918.159912    14379118
2023-03-17 15:20:00-04:00  3918.189941  3918.750000  3916.199951  3916.989990  3916.989990    13890231
2023-03-17 15:22:00-04:00  3917.020020  3921.300049  3916.310059  3921.300049  3921.300049    15259456
2023-03-17 15:24:00-04:00  3921.300049  3922.080078  3919.659912  3919.760010  3919.760010    14359781
2023-03-17 15:26:00-04:00  3919.729980  3920.360107  3918.540039  3920.169922  3920.169922    14846839
2023-03-17 15:28:00-04:00  3920.320068  3923.739990  3920.320068  3922.639893  3922.639893    16047858
2023-03-17 15:30:00-04:00  3922.780029  3922.860107  3918.229980  3919.209961  3919.209961    18109994
2023-03-17 15:32:00-04:00  3919.010010  3919.010010  3911.939941  3912.939941  3912.939941    19944044
2023-03-17 15:34:00-04:00  3912.800049  3917.379883  3912.800049  3914.929932  3914.929932    19525216
2023-03-17 15:36:00-04:00  3914.929932  3916.959961  3913.699951  3915.790039  3915.790039    20691015
2023-03-17 15:38:00-04:00  3915.780029  3915.780029  3913.939941  3914.669922  3914.669922    21012842
2023-03-17 15:40:00-04:00  3914.560059  3917.770020  3914.300049  3916.250000  3916.250000    23596145
2023-03-17 15:42:00-04:00  3916.409912  3917.659912  3915.229980  3917.659912  3917.659912    22644329
2023-03-17 15:44:00-04:00  3917.679932  3920.270020  3915.439941  3916.270020  3916.270020    28914137
2023-03-17 15:46:00-04:00  3916.219971  3916.629883  3910.600098  3911.199951  3911.199951    29219083
2023-03-17 15:48:00-04:00  3911.389893  3912.540039  3910.510010  3911.060059  3911.060059    30443792
2023-03-17 15:50:00-04:00  3911.100098  3917.040039  3910.360107  3916.679932  3916.679932    62157933
2023-03-17 15:52:00-04:00  3916.610107  3919.199951  3915.969971  3917.310059  3917.310059    50970737
2023-03-17 15:54:00-04:00  3917.370117  3920.919922  3915.719971  3919.320068  3919.320068    54763067
2023-03-17 15:56:00-04:00  3919.320068  3919.320068  3913.320068  3913.830078  3913.830078    61255439
2023-03-17 15:58:00-04:00  3913.939941  3916.520020  3913.870117  3916.469971  3916.469971    57975618
2023-03-20 09:30:00-04:00  3917.469971  3925.770020  3917.469971  3921.919922  3921.919922    50294595
2023-03-20 09:32:00-04:00  3922.090088  3932.989990  3921.550049  3932.989990  3932.989990    22472320
2023-03-20 09:34:00-04:00  3932.790039  3933.919922  3922.879883  3924.129883  3924.129883    22351228
2023-03-20 09:36:00-04:00  3923.429932  3923.429932  3917.800049  3919.929932  3919.929932    19988486
2023-03-20 09:38:00-04:00  3919.919922  3927.219971  3919.919922  3925.979980  3925.979980    17270324
2023-03-20 09:40:00-04:00  3925.669922  3929.989990  3924.699951  3929.840088  3929.840088    17444140
2023-03-20 09:42:00-04:00  3930.080078  3930.949951  3921.479980  3923.030029  3923.030029    21958393
2023-03-20 09:44:00-04:00  3923.330078  3927.520020  3922.419922  3925.159912  3925.159912    18585667
2023-03-20 09:46:00-04:00  3925.169922  3926.719971  3922.280029  3925.340088  3925.340088    16147513
2023-03-20 09:48:00-04:00  3924.699951  3928.530029  3916.889893  3928.080078  3928.080078    23346685
2023-03-20 09:50:00-04:00  3927.959961  3934.939941  3927.959961  3934.070068  3934.070068    20642854
2023-03-20 09:52:00-04:00  3934.310059  3935.260010  3931.750000  3933.469971  3933.469971    17452803
2023-03-20 09:54:00-04:00  3933.840088  3935.810059  3928.689941  3931.790039  3931.790039    20647185
2023-03-20 09:56:00-04:00  3931.860107  3934.219971  3930.239990  3932.600098  3932.600098    16398456
2023-03-20 09:58:00-04:00  3932.820068  3933.909912  3931.270020  3931.830078  3931.830078    16725432
2023-03-20 10:00:00-04:00  3932.090088  3939.989990  3932.090088  3939.399902  3939.399902    19903873
2023-03-20 10:02:00-04:00  3939.830078  3941.600098  3937.909912  3939.489990  3939.489990    15652614
2023-03-20 10:04:00-04:00  3939.840088  3942.199951  3939.530029  3941.000000  3941.000000    17593884
2023-03-20 10:06:00-04:00  3940.770020  3940.770020  3934.760010  3934.929932  3934.929932    16498955
2023-03-20 10:08:00-04:00  3934.969971  3935.129883  3929.830078  3931.449951  3931.449951    15985987
2023-03-20 10:10:00-04:00  3931.479980  3932.489990  3928.939941  3930.239990  3930.239990    13807790
2023-03-20 10:12:00-04:00  3930.330078  3936.860107  3930.330078  3936.239990  3936.239990    14884440
2023-03-20 10:14:00-04:00  3936.000000  3936.000000  3932.580078  3935.280029  3935.280029    12006158
2023-03-20 10:16:00-04:00  3935.229980  3935.520020  3929.360107  3930.909912  3930.909912    13590040
2023-03-20 10:18:00-04:00  3931.000000  3932.449951  3925.659912  3926.100098  3926.100098    14020957
2023-03-20 10:20:00-04:00  3926.250000  3929.530029  3925.159912  3928.760010  3928.760010    12798199
2023-03-20 10:22:00-04:00  3929.070068  3933.919922  3929.020020  3933.320068  3933.320068    13344163
2023-03-20 10:24:00-04:00  3933.409912  3938.770020  3933.409912  3937.169922  3937.169922    14589903
2023-03-20 10:26:00-04:00  3937.280029  3937.979980  3935.459961  3936.989990  3936.989990    11995144
2023-03-20 10:28:00-04:00  3936.969971  3940.030029  3936.969971  3939.010010  3939.010010    13343647
2023-03-20 10:30:00-04:00  3939.070068  3941.709961  3938.979980  3941.360107  3941.360107    15094227
2023-03-20 10:32:00-04:00  3941.389893  3941.399902  3936.739990  3939.310059  3939.310059    14090321
2023-03-20 10:34:00-04:00  3939.300049  3941.250000  3937.830078  3940.750000  3940.750000    15706070
2023-03-20 10:36:00-04:00  3940.939941  3942.310059  3937.580078  3938.360107  3938.360107    13163477
2023-03-20 10:38:00-04:00  3938.340088  3938.340088  3933.979980  3934.919922  3934.919922    14223167
2023-03-20 10:40:00-04:00  3934.770020  3939.290039  3933.969971  3937.810059  3937.810059    14267556
2023-03-20 10:42:00-04:00  3937.590088  3937.889893  3936.030029  3936.149902  3936.149902    10723088
2023-03-20 10:44:00-04:00  3936.209961  3937.290039  3933.860107  3937.270020  3937.270020    12723480
2023-03-20 10:46:00-04:00  3937.219971  3938.270020  3935.360107  3938.219971  3938.219971    11178308
2023-03-20 10:48:00-04:00  3938.350098  3943.919922  3938.350098  3943.919922  3943.919922    13717311
2023-03-20 10:50:00-04:00  3944.080078  3944.689941  3940.379883  3941.239990  3941.239990    13230604
2023-03-20 10:52:00-04:00  3941.379883  3942.729980  3940.919922  3941.120117  3941.120117    10056036
2023-03-20 10:54:00-04:00  3940.939941  3942.439941  3939.290039  3942.419922  3942.419922    12359345
2023-03-20 10:56:00-04:00  3942.489990  3944.540039  3942.300049  3944.469971  3944.469971    11974877
2023-03-20 10:58:00-04:00  3944.550049  3947.110107  3944.550049  3946.459961  3946.459961    11010390
2023-03-20 11:00:00-04:00  3946.360107  3949.840088  3946.260010  3949.610107  3949.610107    12005222
2023-03-20 11:02:00-04:00  3949.610107  3952.580078  3949.040039  3950.350098  3950.350098    13175974
2023-03-20 11:04:00-04:00  3950.320068  3950.729980  3949.610107  3950.679932  3950.679932    10774017
2023-03-20 11:06:00-04:00  3950.770020  3951.989990  3950.310059  3950.399902  3950.399902    14158949
2023-03-20 11:08:00-04:00  3950.540039  3950.540039  3949.330078  3949.669922  3949.669922    10008043
2023-03-20 11:10:00-04:00  3949.590088  3949.780029  3944.260010  3945.719971  3945.719971    13712305
2023-03-20 11:12:00-04:00  3946.139893  3947.739990  3944.489990  3947.360107  3947.360107    11570257
2023-03-20 11:14:00-04:00  3947.360107  3947.899902  3946.300049  3946.550049  3946.550049     8046053
2023-03-20 11:16:00-04:00  3946.620117  3946.639893  3943.280029  3945.560059  3945.560059     9581784
2023-03-20 11:18:00-04:00  3945.689941  3947.860107  3945.689941  3947.399902  3947.399902     9177966
2023-03-20 11:20:00-04:00  3947.479980  3948.370117  3946.760010  3947.050049  3947.050049     8521527
2023-03-20 11:22:00-04:00  3947.229980  3949.010010  3947.229980  3948.889893  3948.889893     7833096
2023-03-20 11:24:00-04:00  3948.879883  3949.790039  3946.850098  3949.500000  3949.500000    10207915
2023-03-20 11:26:00-04:00  3949.540039  3950.459961  3949.090088  3949.770020  3949.770020     8290673
2023-03-20 11:28:00-04:00  3949.770020  3956.530029  3949.760010  3955.770020  3955.770020    14744340
2023-03-20 11:30:00-04:00  3955.870117  3956.620117  3954.669922  3954.739990  3954.739990     9284358
2023-03-20 11:32:00-04:00  3954.770020  3955.090088  3950.120117  3950.510010  3950.510010    10079943
2023-03-20 11:34:00-04:00  3950.500000  3951.959961  3950.360107  3951.679932  3951.679932     8324048
2023-03-20 11:36:00-04:00  3951.709961  3952.719971  3950.239990  3950.909912  3950.909912     8217132
2023-03-20 11:38:00-04:00  3950.850098  3952.040039  3949.540039  3951.530029  3951.530029     8389439
2023-03-20 11:40:00-04:00  3951.540039  3951.979980  3950.459961  3951.439941  3951.439941     8707557
2023-03-20 11:42:00-04:00  3951.439941  3951.909912  3948.209961  3949.270020  3949.270020     9532802
2023-03-20 11:44:00-04:00  3949.300049  3950.209961  3946.389893  3948.449951  3948.449951     9341725
2023-03-20 11:46:00-04:00  3948.699951  3949.120117  3946.239990  3946.560059  3946.560059     8230105
2023-03-20 11:48:00-04:00  3946.669922  3947.189941  3946.010010  3946.320068  3946.320068    10539779
2023-03-20 11:50:00-04:00  3946.360107  3948.709961  3946.149902  3947.070068  3947.070068     9646074
2023-03-20 11:52:00-04:00  3947.080078  3947.879883  3942.550049  3943.959961  3943.959961    12228441
2023-03-20 11:54:00-04:00  3944.229980  3944.760010  3943.219971  3944.489990  3944.489990     9571270
2023-03-20 11:56:00-04:00  3944.409912  3944.500000  3939.870117  3939.870117  3939.870117    11188778
2023-03-20 11:58:00-04:00  3939.889893  3942.679932  3939.760010  3940.020020  3940.020020    14924091
2023-03-20 12:00:00-04:00  3940.050049  3940.909912  3939.300049  3939.919922  3939.919922     9239651
2023-03-20 12:02:00-04:00  3939.979980  3941.590088  3938.760010  3940.550049  3940.550049    12003569
2023-03-20 12:04:00-04:00  3940.560059  3940.689941  3939.320068  3940.419922  3940.419922    10452837
2023-03-20 12:06:00-04:00  3940.419922  3940.419922  3936.860107  3936.969971  3936.969971    10870710
2023-03-20 12:08:00-04:00  3936.959961  3936.959961  3931.510010  3931.510010  3931.510010    11771223
2023-03-20 12:10:00-04:00  3931.520020  3931.709961  3929.790039  3930.600098  3930.600098     9988195
2023-03-20 12:12:00-04:00  3926.489990  3926.489990  3923.379883  3925.300049  3925.300049    18109975
2023-03-20 12:14:00-04:00  3925.270020  3930.139893  3925.270020  3930.139893  3930.139893    10147088
2023-03-20 12:16:00-04:00  3930.229980  3931.010010  3928.919922  3930.090088  3930.090088    12374619
2023-03-20 12:18:00-04:00  3930.010010  3930.350098  3926.610107  3928.399902  3928.399902     8957769
2023-03-20 12:20:00-04:00  3928.439941  3929.669922  3927.590088  3929.330078  3929.330078     8576095
2023-03-20 12:22:00-04:00  3929.250000  3932.989990  3929.250000  3931.530029  3931.530029    12242406
2023-03-20 12:24:00-04:00  3931.620117  3932.370117  3930.090088  3930.820068  3930.820068     7063276
2023-03-20 12:26:00-04:00  3930.780029  3930.780029  3928.120117  3929.780029  3929.780029     9172985
2023-03-20 12:28:00-04:00  3929.899902  3932.969971  3929.899902  3932.889893  3932.889893     9908266
2023-03-20 12:30:00-04:00  3932.959961  3935.590088  3932.840088  3933.520020  3933.520020     8795247
2023-03-20 12:32:00-04:00  3933.449951  3933.909912  3932.770020  3933.189941  3933.189941     9095336
2023-03-20 12:34:00-04:00  3933.189941  3935.479980  3932.750000  3934.199951  3934.199951    10265695
2023-03-20 12:36:00-04:00  3934.169922  3935.840088  3933.370117  3934.360107  3934.360107     8255987
2023-03-20 12:38:00-04:00  3934.070068  3935.969971  3934.030029  3935.939941  3935.939941     7223405
2023-03-20 12:40:00-04:00  3935.939941  3936.580078  3935.270020  3936.030029  3936.030029    10521482
2023-03-20 12:42:00-04:00  3936.169922  3936.830078  3933.580078  3934.419922  3934.419922    10996672
2023-03-20 12:44:00-04:00  3934.500000  3935.810059  3934.149902  3934.149902  3934.149902     8288734
2023-03-20 12:46:00-04:00  3934.050049  3936.090088  3933.439941  3936.090088  3936.090088     8490806
2023-03-20 12:48:00-04:00  3936.070068  3938.469971  3936.060059  3937.320068  3937.320068     8960253
2023-03-20 12:50:00-04:00  3937.360107  3942.959961  3937.360107  3942.919922  3942.919922     9952771
2023-03-20 12:52:00-04:00  3943.000000  3943.500000  3941.780029  3942.760010  3942.760010     7429534
2023-03-20 12:54:00-04:00  3942.870117  3943.659912  3942.870117  3942.949951  3942.949951     9100594
2023-03-20 12:56:00-04:00  3942.919922  3947.179932  3942.919922  3945.340088  3945.340088    11280654
2023-03-20 12:58:00-04:00  3945.310059  3945.439941  3943.939941  3944.790039  3944.790039     7571147
2023-03-20 13:00:00-04:00  3944.739990  3946.050049  3944.350098  3945.669922  3945.669922     7450307
2023-03-20 13:02:00-04:00  3945.639893  3947.439941  3945.510010  3947.310059  3947.310059     8967772
2023-03-20 13:04:00-04:00  3947.250000  3947.389893  3946.179932  3947.350098  3947.350098     7431429
2023-03-20 13:06:00-04:00  3947.330078  3952.870117  3947.330078  3950.090088  3950.090088    14902120
2023-03-20 13:08:00-04:00  3950.090088  3951.060059  3948.370117  3949.409912  3949.409912     8191624
2023-03-20 13:10:00-04:00  3949.340088  3950.370117  3949.310059  3949.929932  3949.929932     7148928
2023-03-20 13:12:00-04:00  3949.969971  3951.429932  3949.889893  3950.540039  3950.540039     7297181
2023-03-20 13:14:00-04:00  3950.510010  3952.699951  3950.489990  3952.610107  3952.610107     8035272
2023-03-20 13:16:00-04:00  3952.709961  3953.580078  3951.399902  3951.399902  3951.399902     8760241
2023-03-20 13:18:00-04:00  3951.429932  3952.310059  3950.939941  3952.129883  3952.129883     8476439
2023-03-20 13:20:00-04:00  3952.209961  3952.429932  3950.229980  3950.469971  3950.469971     8192517
2023-03-20 13:22:00-04:00  3950.270020  3951.750000  3949.979980  3951.580078  3951.580078     8323172
2023-03-20 13:24:00-04:00  3951.560059  3952.149902  3951.110107  3951.449951  3951.449951     6741891
2023-03-20 13:26:00-04:00  3951.409912  3951.830078  3949.959961  3949.959961  3949.959961     8005850
2023-03-20 13:28:00-04:00  3949.860107  3950.169922  3948.179932  3948.689941  3948.689941     8789423
2023-03-20 13:30:00-04:00  3948.659912  3951.040039  3948.409912  3950.709961  3950.709961     7202981
2023-03-20 13:32:00-04:00  3950.729980  3952.199951  3950.590088  3950.850098  3950.850098     6915409
2023-03-20 13:34:00-04:00  3950.860107  3950.919922  3946.889893  3947.639893  3947.639893     9509285
2023-03-20 13:36:00-04:00  3947.629883  3947.629883  3945.760010  3946.689941  3946.689941     9046821
2023-03-20 13:38:00-04:00  3946.719971  3947.590088  3945.219971  3947.590088  3947.590088     9615458
2023-03-20 13:40:00-04:00  3947.620117  3951.330078  3947.620117  3951.139893  3951.139893    10465136
2023-03-20 13:42:00-04:00  3951.139893  3951.139893  3949.540039  3949.540039  3949.540039     8787430
2023-03-20 13:44:00-04:00  3949.520020  3950.080078  3947.790039  3947.929932  3947.929932    10051158
2023-03-20 13:46:00-04:00  3947.889893  3948.909912  3947.000000  3947.070068  3947.070068     6051686
2023-03-20 13:48:00-04:00  3947.070068  3948.750000  3946.479980  3948.350098  3948.350098     7655367
2023-03-20 13:50:00-04:00  3948.360107  3948.360107  3945.239990  3945.270020  3945.270020     7783829
2023-03-20 13:52:00-04:00  3945.270020  3946.169922  3944.340088  3945.360107  3945.360107     8749091
2023-03-20 13:54:00-04:00  3945.330078  3945.729980  3943.709961  3945.250000  3945.250000     7697508
2023-03-20 13:56:00-04:00  3945.280029  3945.969971  3944.060059  3944.270020  3944.270020     7135092
2023-03-20 13:58:00-04:00  3944.260010  3947.030029  3944.110107  3945.790039  3945.790039     7897340
2023-03-20 14:00:00-04:00  3945.780029  3946.959961  3943.679932  3944.449951  3944.449951     8539535
2023-03-20 14:02:00-04:00  3944.370117  3945.969971  3943.159912  3943.159912  3943.159912     8007077
2023-03-20 14:04:00-04:00  3943.179932  3943.199951  3941.260010  3941.439941  3941.439941     9395895
2023-03-20 14:06:00-04:00  3941.370117  3943.260010  3940.739990  3941.040039  3941.040039     8132055
2023-03-20 14:08:00-04:00  3941.090088  3941.449951  3939.350098  3939.750000  3939.750000     7657476
2023-03-20 14:10:00-04:00  3939.770020  3943.169922  3939.610107  3943.159912  3943.159912     7855140
2023-03-20 14:12:00-04:00  3943.139893  3943.739990  3941.419922  3941.439941  3941.439941     8270083
2023-03-20 14:14:00-04:00  3941.399902  3942.060059  3940.320068  3940.330078  3940.330078     9529974
2023-03-20 14:16:00-04:00  3940.290039  3941.399902  3940.060059  3940.810059  3940.810059     8810294
2023-03-20 14:18:00-04:00  3940.770020  3944.260010  3940.540039  3943.810059  3943.810059     8937850
2023-03-20 14:20:00-04:00  3943.790039  3946.550049  3943.469971  3946.550049  3946.550049     9302714
2023-03-20 14:22:00-04:00  3946.620117  3948.229980  3946.620117  3947.489990  3947.489990     9242379
2023-03-20 14:24:00-04:00  3947.620117  3947.919922  3946.110107  3946.110107  3946.110107     7874459
2023-03-20 14:26:00-04:00  3945.979980  3947.290039  3945.979980  3946.669922  3946.669922     9720178
2023-03-20 14:28:00-04:00  3946.719971  3948.050049  3945.010010  3945.129883  3945.129883    11283006
2023-03-20 14:30:00-04:00  3945.209961  3946.100098  3940.449951  3942.270020  3942.270020    12863231
2023-03-20 14:32:00-04:00  3942.290039  3942.290039  3939.939941  3941.360107  3941.360107     9149106
2023-03-20 14:34:00-04:00  3941.620117  3942.110107  3940.159912  3940.290039  3940.290039     8108033
2023-03-20 14:36:00-04:00  3940.389893  3940.540039  3937.060059  3937.979980  3937.979980    10864628
2023-03-20 14:38:00-04:00  3938.270020  3939.350098  3937.159912  3937.159912  3937.159912     7583923
2023-03-20 14:40:00-04:00  3937.219971  3937.810059  3935.639893  3936.770020  3936.770020     8834372
2023-03-20 14:42:00-04:00  3936.760010  3940.500000  3935.810059  3940.350098  3940.350098     8557222
2023-03-20 14:44:00-04:00  3940.379883  3941.860107  3939.159912  3941.360107  3941.360107     8493029
2023-03-20 14:46:00-04:00  3941.350098  3942.219971  3941.320068  3941.600098  3941.600098     7553229
2023-03-20 14:48:00-04:00  3941.620117  3942.909912  3941.620117  3942.340088  3942.340088     7718024
2023-03-20 14:50:00-04:00  3942.310059  3947.719971  3942.310059  3946.679932  3946.679932    14458781
2023-03-20 14:52:00-04:00  3946.709961  3946.729980  3943.560059  3945.040039  3945.040039     8924183
2023-03-20 14:54:00-04:00  3945.010010  3945.459961  3943.840088  3945.100098  3945.100098     8398354
2023-03-20 14:56:00-04:00  3945.139893  3945.729980  3943.479980  3943.479980  3943.479980     9225363
2023-03-20 14:58:00-04:00  3943.050049  3943.370117  3941.090088  3942.620117  3942.620117     9450271
2023-03-20 15:00:00-04:00  3942.570068  3942.820068  3940.419922  3942.800049  3942.800049     9456192
2023-03-20 15:02:00-04:00  3943.010010  3944.639893  3942.540039  3944.229980  3944.229980     9363070
2023-03-20 15:04:00-04:00  3944.239990  3944.469971  3942.489990  3944.469971  3944.469971     9843600
2023-03-20 15:06:00-04:00  3944.540039  3945.500000  3942.699951  3942.699951  3942.699951    10726457
2023-03-20 15:08:00-04:00  3942.709961  3943.860107  3940.620117  3940.929932  3940.929932    10885055
2023-03-20 15:10:00-04:00  3940.939941  3942.659912  3939.540039  3940.409912  3940.409912    11109249
2023-03-20 15:12:00-04:00  3940.429932  3940.919922  3939.250000  3940.580078  3940.580078    10146632
2023-03-20 15:14:00-04:00  3940.550049  3941.669922  3939.530029  3940.239990  3940.239990    11388947
2023-03-20 15:16:00-04:00  3940.429932  3941.860107  3940.070068  3940.070068  3940.070068     9167170
2023-03-20 15:18:00-04:00  3940.060059  3944.439941  3939.639893  3943.989990  3943.989990    12571897
2023-03-20 15:20:00-04:00  3944.010010  3944.290039  3938.570068  3938.639893  3938.639893    12445843
2023-03-20 15:22:00-04:00  3938.770020  3941.370117  3938.729980  3940.590088  3940.590088    10778577
2023-03-20 15:24:00-04:00  3940.520020  3944.090088  3940.120117  3944.080078  3944.080078    11197048
2023-03-20 15:26:00-04:00  3944.060059  3946.090088  3943.800049  3944.689941  3944.689941    13025129
2023-03-20 15:28:00-04:00  3944.659912  3946.449951  3944.270020  3945.270020  3945.270020    11586935
2023-03-20 15:30:00-04:00  3945.209961  3947.860107  3943.850098  3947.500000  3947.500000    14323474
2023-03-20 15:32:00-04:00  3947.570068  3948.879883  3946.840088  3948.399902  3948.399902    13967383
2023-03-20 15:34:00-04:00  3948.139893  3949.409912  3945.060059  3947.080078  3947.080078    20238571
2023-03-20 15:36:00-04:00  3947.100098  3948.580078  3946.260010  3946.739990  3946.739990    13737403
2023-03-20 15:38:00-04:00  3946.780029  3948.600098  3946.469971  3947.739990  3947.739990    12863955
2023-03-20 15:40:00-04:00  3947.679932  3949.060059  3946.629883  3948.469971  3948.469971    16268865
2023-03-20 15:42:00-04:00  3948.449951  3950.340088  3948.169922  3949.250000  3949.250000    16300752
2023-03-20 15:44:00-04:00  3949.169922  3949.820068  3946.370117  3948.379883  3948.379883    20374658
2023-03-20 15:46:00-04:00  3948.419922  3952.040039  3947.879883  3951.889893  3951.889893    22471529
2023-03-20 15:48:00-04:00  3951.820068  3951.889893  3949.649902  3950.969971  3950.969971    20256246
2023-03-20 15:50:00-04:00  3951.020020  3956.270020  3951.020020  3954.590088  3954.590088    35870837
2023-03-20 15:52:00-04:00  3954.590088  3954.590088  3952.320068  3953.389893  3953.389893    29178887
2023-03-20 15:54:00-04:00  3953.320068  3953.320068  3949.949951  3949.949951  3949.949951    41057109
2023-03-20 15:56:00-04:00  3949.899902  3951.439941  3949.620117  3950.949951  3950.949951    43360139
2023-03-20 15:58:00-04:00  3950.979980  3951.379883  3950.010010  3950.830078  3950.830078    59185385
2023-03-21 09:30:00-04:00  3975.889893  3993.949951  3975.889893  3993.340088  3993.340088    12756804
2023-03-21 09:32:00-04:00  3993.419922  3995.340088  3993.149902  3994.209961  3994.209961    23124838
2023-03-21 09:34:00-04:00  3994.060059  3995.610107  3991.979980  3992.219971  3992.219971    23736590
2023-03-21 09:36:00-04:00  3992.090088  3993.669922  3991.340088  3992.149902  3992.149902    18403549
2023-03-21 09:38:00-04:00  3992.189941  3992.979980  3990.919922  3990.919922  3990.919922    19539177
2023-03-21 09:40:00-04:00  3990.929932  3992.060059  3990.060059  3990.060059  3990.060059    18776778
2023-03-21 09:42:00-04:00  3989.810059  3993.679932  3989.810059  3991.620117  3991.620117    18043061
2023-03-21 09:44:00-04:00  3991.489990  3992.850098  3989.520020  3992.850098  3992.850098    17655681
2023-03-21 09:46:00-04:00  3992.709961  3993.600098  3990.780029  3990.899902  3990.899902    19373827
2023-03-21 09:48:00-04:00  3990.889893  3991.850098  3987.110107  3989.830078  3989.830078    20796086
2023-03-21 09:50:00-04:00  3989.979980  3991.189941  3989.040039  3989.040039  3989.040039    17261026
2023-03-21 09:52:00-04:00  3989.120117  3990.560059  3988.889893  3989.290039  3989.290039    18499125
2023-03-21 09:54:00-04:00  3989.280029  3992.060059  3989.209961  3992.000000  3992.000000    17471101
2023-03-21 09:56:00-04:00  3992.070068  3993.929932  3991.979980  3992.580078  3992.580078    18358928
2023-03-21 09:58:00-04:00  3992.629883  3995.120117  3992.629883  3994.449951  3994.449951    15338944
2023-03-21 10:00:00-04:00  3994.590088  3998.510010  3994.590088  3997.370117  3997.370117    18246634
2023-03-21 10:02:00-04:00  3997.260010  3997.260010  3993.790039  3993.889893  3993.889893    18596859
2023-03-21 10:04:00-04:00  3993.709961  3994.770020  3988.000000  3988.060059  3988.060059    18718837
2023-03-21 10:06:00-04:00  3988.010010  3988.250000  3984.949951  3987.840088  3987.840088    16678373
2023-03-21 10:08:00-04:00  3987.689941  3987.760010  3986.409912  3987.760010  3987.760010    16010187
2023-03-21 10:10:00-04:00  3987.689941  3992.840088  3987.689941  3990.739990  3990.739990    18278699
2023-03-21 10:12:00-04:00  3990.729980  3990.820068  3987.790039  3988.899902  3988.899902    15436438
2023-03-21 10:14:00-04:00  3988.840088  3988.840088  3982.879883  3983.399902  3983.399902    16692379
2023-03-21 10:16:00-04:00  3983.399902  3985.929932  3981.649902  3985.300049  3985.300049    16049843
2023-03-21 10:18:00-04:00  3985.209961  3985.250000  3982.060059  3983.639893  3983.639893    13385909
2023-03-21 10:20:00-04:00  3983.500000  3984.139893  3982.570068  3983.699951  3983.699951    13117448
2023-03-21 10:22:00-04:00  3983.629883  3983.629883  3979.360107  3980.290039  3980.290039    16621867
2023-03-21 10:24:00-04:00  3980.300049  3980.300049  3976.550049  3977.550049  3977.550049    14944520
2023-03-21 10:26:00-04:00  3977.419922  3978.370117  3976.010010  3977.000000  3977.000000    13991133
2023-03-21 10:28:00-04:00  3977.060059  3980.219971  3977.020020  3979.610107  3979.610107    13247218
2023-03-21 10:30:00-04:00  3979.639893  3980.879883  3978.770020  3980.629883  3980.629883    13643312
2023-03-21 10:32:00-04:00  3980.709961  3981.510010  3978.850098  3979.840088  3979.840088    13092896
2023-03-21 10:34:00-04:00  3979.889893  3979.889893  3976.629883  3977.010010  3977.010010    13921650
2023-03-21 10:36:00-04:00  3976.679932  3978.290039  3975.120117  3978.290039  3978.290039    14651769
2023-03-21 10:38:00-04:00  3978.300049  3981.399902  3978.219971  3980.820068  3980.820068    11653989
2023-03-21 10:40:00-04:00  3980.989990  3982.620117  3980.699951  3981.239990  3981.239990    11309772
2023-03-21 10:42:00-04:00  3981.209961  3981.780029  3977.729980  3978.679932  3978.679932    11507863
2023-03-21 10:44:00-04:00  3978.820068  3983.020020  3978.820068  3982.949951  3982.949951    11846232
2023-03-21 10:46:00-04:00  3983.010010  3984.530029  3982.899902  3983.870117  3983.870117    14466923
2023-03-21 10:48:00-04:00  3983.889893  3985.419922  3983.850098  3984.800049  3984.800049    11098924
2023-03-21 10:50:00-04:00  3984.780029  3984.870117  3979.550049  3979.800049  3979.800049    11387774
2023-03-21 10:52:00-04:00  3979.850098  3979.850098  3976.139893  3977.229980  3977.229980    14218647
2023-03-21 10:54:00-04:00  3977.260010  3977.540039  3976.330078  3977.260010  3977.260010    12928149
2023-03-21 10:56:00-04:00  3977.250000  3977.629883  3976.260010  3976.979980  3976.979980    10573585
2023-03-21 10:58:00-04:00  3976.939941  3978.659912  3974.280029  3977.590088  3977.590088    13942386
2023-03-21 11:00:00-04:00  3977.739990  3979.159912  3976.989990  3979.159912  3979.159912    10274453
2023-03-21 11:02:00-04:00  3979.169922  3980.050049  3978.189941  3978.429932  3978.429932    10114784
2023-03-21 11:04:00-04:00  3978.590088  3979.669922  3977.479980  3979.500000  3979.500000    10753636
2023-03-21 11:06:00-04:00  3979.550049  3980.050049  3977.469971  3979.750000  3979.750000    10874833
2023-03-21 11:08:00-04:00  3979.889893  3981.820068  3979.459961  3981.330078  3981.330078    10017970
2023-03-21 11:10:00-04:00  3981.340088  3983.610107  3981.340088  3983.580078  3983.580078    11203624
2023-03-21 11:12:00-04:00  3983.550049  3984.760010  3983.060059  3984.580078  3984.580078    10784076
2023-03-21 11:14:00-04:00  3984.540039  3987.370117  3984.540039  3986.889893  3986.889893    12787241
2023-03-21 11:16:00-04:00  3986.830078  3987.760010  3986.649902  3986.959961  3986.959961    10550193
2023-03-21 11:18:00-04:00  3986.919922  3987.729980  3985.979980  3987.689941  3987.689941     9975121
2023-03-21 11:20:00-04:00  3987.629883  3988.120117  3985.959961  3986.030029  3986.030029    10778296
2023-03-21 11:22:00-04:00  3986.000000  3986.939941  3985.939941  3986.659912  3986.659912     9512858
2023-03-21 11:24:00-04:00  3986.639893  3987.459961  3986.290039  3986.820068  3986.820068    11790352
2023-03-21 11:26:00-04:00  3986.850098  3987.050049  3983.379883  3984.699951  3984.699951    11014016
2023-03-21 11:28:00-04:00  3984.679932  3986.360107  3983.929932  3984.419922  3984.419922    10298642
2023-03-21 11:30:00-04:00  3984.389893  3985.699951  3984.199951  3985.350098  3985.350098    10479137
2023-03-21 11:32:00-04:00  3985.320068  3987.939941  3985.300049  3987.239990  3987.239990     9411867
2023-03-21 11:34:00-04:00  3986.729980  3986.929932  3984.719971  3984.719971  3984.719971    13126817
2023-03-21 11:36:00-04:00  3984.719971  3984.959961  3982.350098  3984.540039  3984.540039    12077535
2023-03-21 11:38:00-04:00  3984.709961  3985.360107  3977.760010  3978.760010  3978.760010    14506662
2023-03-21 11:40:00-04:00  3978.860107  3979.620117  3973.770020  3975.459961  3975.459961    13469628
2023-03-21 11:42:00-04:00  3975.489990  3979.110107  3975.489990  3977.899902  3977.899902    10815314
2023-03-21 11:44:00-04:00  3977.820068  3978.030029  3973.409912  3974.709961  3974.709961    12749307
2023-03-21 11:46:00-04:00  3974.739990  3974.820068  3971.189941  3974.010010  3974.010010    12774325
2023-03-21 11:48:00-04:00  3973.979980  3975.209961  3973.629883  3975.060059  3975.060059    10129881
2023-03-21 11:50:00-04:00  3975.129883  3977.389893  3975.129883  3976.820068  3976.820068     2910811
2023-03-21 11:52:00-04:00  3974.879883  3975.600098  3974.540039  3975.540039  3975.540039    17970605
2023-03-21 11:54:00-04:00  3975.679932  3977.209961  3975.330078  3976.250000  3976.250000     9242227
2023-03-21 11:56:00-04:00  3976.120117  3976.669922  3974.719971  3975.290039  3975.290039     8466505
2023-03-21 11:58:00-04:00  3975.330078  3975.330078  3973.709961  3974.429932  3974.429932     8744165
2023-03-21 12:00:00-04:00  3974.340088  3975.300049  3972.090088  3972.540039  3972.540039    10391736
2023-03-21 12:02:00-04:00  3972.520020  3975.560059  3972.409912  3975.100098  3975.100098     8274039
2023-03-21 12:04:00-04:00  3975.139893  3975.510010  3973.159912  3975.449951  3975.449951     8274682
2023-03-21 12:06:00-04:00  3975.459961  3976.449951  3974.479980  3975.070068  3975.070068     9985542
2023-03-21 12:08:00-04:00  3975.129883  3976.439941  3974.939941  3976.129883  3976.129883     8129543
2023-03-21 12:10:00-04:00  3976.120117  3979.639893  3976.120117  3979.399902  3979.399902     8933101
2023-03-21 12:12:00-04:00  3979.320068  3979.429932  3978.229980  3979.120117  3979.120117     8032445
2023-03-21 12:14:00-04:00  3979.169922  3979.169922  3977.629883  3978.270020  3978.270020     8426143
2023-03-21 12:16:00-04:00  3978.429932  3980.010010  3978.429932  3979.379883  3979.379883     8558466
2023-03-21 12:18:00-04:00  3979.300049  3979.300049  3977.260010  3977.889893  3977.889893     7290379
2023-03-21 12:20:00-04:00  3978.010010  3978.830078  3977.239990  3978.830078  3978.830078     7249758
2023-03-21 12:22:00-04:00  3978.860107  3979.389893  3978.149902  3979.389893  3979.389893     7617181
2023-03-21 12:24:00-04:00  3979.439941  3980.000000  3978.429932  3978.850098  3978.850098     8140542
2023-03-21 12:26:00-04:00  3978.770020  3981.909912  3978.770020  3981.050049  3981.050049     9259916
2023-03-21 12:28:00-04:00  3980.820068  3981.350098  3980.689941  3980.800049  3980.800049     7374612
2023-03-21 12:30:00-04:00  3980.600098  3982.669922  3980.570068  3982.669922  3982.669922     8860972
2023-03-21 12:32:00-04:00  3982.610107  3984.280029  3982.610107  3983.179932  3983.179932     9803225
2023-03-21 12:34:00-04:00  3983.129883  3983.629883  3980.370117  3980.760010  3980.760010    10772963
2023-03-21 12:36:00-04:00  3980.850098  3982.310059  3980.409912  3981.629883  3981.629883     8414201
2023-03-21 12:38:00-04:00  3981.629883  3981.679932  3979.350098  3979.379883  3979.379883     7062764
2023-03-21 12:40:00-04:00  3979.449951  3979.629883  3978.199951  3979.169922  3979.169922     7671858
2023-03-21 12:42:00-04:00  3979.250000  3979.469971  3978.320068  3978.649902  3978.649902     7244829
2023-03-21 12:44:00-04:00  3978.770020  3978.919922  3977.239990  3977.250000  3977.250000     7409165
2023-03-21 12:46:00-04:00  3977.229980  3978.979980  3976.310059  3978.860107  3978.860107     7922270
2023-03-21 12:48:00-04:00  3978.889893  3979.620117  3977.840088  3978.500000  3978.500000     7936758
2023-03-21 12:50:00-04:00  3978.560059  3980.320068  3978.520020  3980.320068  3980.320068     7212562
2023-03-21 12:52:00-04:00  3980.379883  3981.729980  3980.350098  3981.629883  3981.629883     9070970
2023-03-21 12:54:00-04:00  3981.610107  3981.939941  3979.459961  3980.300049  3980.300049     8153429
2023-03-21 12:56:00-04:00  3980.310059  3981.629883  3980.199951  3981.629883  3981.629883     7715982
2023-03-21 12:58:00-04:00  3981.669922  3982.050049  3979.090088  3979.500000  3979.500000    11142246
2023-03-21 13:00:00-04:00  3979.479980  3980.159912  3977.750000  3977.750000  3977.750000     8384878
2023-03-21 13:02:00-04:00  3977.760010  3978.719971  3977.689941  3977.929932  3977.929932  1391473105
2023-03-21 13:04:00-04:00  3977.909912  3978.530029  3977.570068  3977.570068  3977.570068     7939445
2023-03-21 13:06:00-04:00  3977.540039  3979.729980  3977.129883  3979.530029  3979.530029     7800046
2023-03-21 13:08:00-04:00  3979.510010  3980.100098  3979.060059  3979.820068  3979.820068     7775084
2023-03-21 13:10:00-04:00  3979.790039  3982.820068  3979.560059  3981.840088  3981.840088    10742922
2023-03-21 13:12:00-04:00  3981.870117  3982.870117  3981.379883  3982.760010  3982.760010     8910657
2023-03-21 13:14:00-04:00  3982.719971  3983.360107  3981.959961  3982.679932  3982.679932     9027935
2023-03-21 13:16:00-04:00  3982.629883  3983.399902  3982.090088  3982.159912  3982.159912     7601635
2023-03-21 13:18:00-04:00  3982.169922  3984.129883  3981.709961  3983.409912  3983.409912    10577926
2023-03-21 13:20:00-04:00  3983.370117  3983.939941  3982.770020  3982.790039  3982.790039     8800591
2023-03-21 13:22:00-04:00  3982.939941  3983.469971  3982.080078  3982.300049  3982.300049     9153223
2023-03-21 13:24:00-04:00  3982.419922  3983.219971  3981.520020  3982.449951  3982.449951     8520155
2023-03-21 13:26:00-04:00  3982.429932  3983.729980  3982.350098  3983.060059  3983.060059     7546331
2023-03-21 13:28:00-04:00  3983.100098  3985.330078  3983.100098  3984.750000  3984.750000     7808708
2023-03-21 13:30:00-04:00  3984.770020  3987.070068  3984.770020  3986.070068  3986.070068     9258275
2023-03-21 13:32:00-04:00  3986.250000  3987.439941  3986.129883  3987.439941  3987.439941     8105703
2023-03-21 13:34:00-04:00  3987.530029  3987.659912  3986.629883  3987.360107  3987.360107     8366524
2023-03-21 13:36:00-04:00  3987.419922  3989.040039  3987.419922  3988.370117  3988.370117     8603158
2023-03-21 13:38:00-04:00  3988.360107  3988.419922  3986.290039  3986.570068  3986.570068     9117893
2023-03-21 13:40:00-04:00  3986.570068  3986.919922  3984.969971  3985.229980  3985.229980     8512503
2023-03-21 13:42:00-04:00  3985.250000  3987.310059  3985.250000  3986.919922  3986.919922     7583354
2023-03-21 13:44:00-04:00  3986.959961  3987.219971  3986.080078  3986.550049  3986.550049     7629204
2023-03-21 13:46:00-04:00  3986.600098  3987.199951  3986.199951  3986.489990  3986.489990     8533064
2023-03-21 13:48:00-04:00  3986.500000  3986.709961  3984.919922  3985.360107  3985.360107     7942010
2023-03-21 13:50:00-04:00  3985.320068  3985.320068  3983.639893  3984.530029  3984.530029     7552511
2023-03-21 13:52:00-04:00  3984.540039  3984.560059  3982.419922  3982.979980  3982.979980     9617365
2023-03-21 13:54:00-04:00  3982.979980  3983.280029  3982.290039  3982.520020  3982.520020     8835030
2023-03-21 13:56:00-04:00  3982.590088  3982.800049  3978.469971  3978.790039  3978.790039    12238216
2023-03-21 13:58:00-04:00  3978.780029  3979.379883  3978.120117  3978.129883  3978.129883     9714482
2023-03-21 14:00:00-04:00  3978.100098  3979.510010  3977.909912  3978.840088  3978.840088     9815254
2023-03-21 14:02:00-04:00  3978.919922  3979.199951  3978.189941  3978.479980  3978.479980     8576504
2023-03-21 14:04:00-04:00  3978.540039  3981.530029  3978.540039  3981.300049  3981.300049    10219967
2023-03-21 14:06:00-04:00  3981.080078  3981.350098  3979.010010  3979.010010  3979.010010     9290450
2023-03-21 14:08:00-04:00  3978.870117  3979.959961  3978.540039  3979.580078  3979.580078     7426141
2023-03-21 14:10:00-04:00  3979.570068  3980.399902  3979.510010  3979.939941  3979.939941     8168726
2023-03-21 14:12:00-04:00  3980.010010  3980.860107  3978.959961  3980.860107  3980.860107     9844031
2023-03-21 14:14:00-04:00  3981.000000  3981.000000  3979.860107  3980.399902  3980.399902     8379872
2023-03-21 14:16:00-04:00  3980.379883  3982.600098  3980.280029  3982.110107  3982.110107     9778546
2023-03-21 14:18:00-04:00  3982.120117  3982.780029  3981.360107  3981.550049  3981.550049     8606238
2023-03-21 14:20:00-04:00  3981.570068  3982.820068  3981.530029  3982.219971  3982.219971     9881123
2023-03-21 14:22:00-04:00  3982.219971  3983.389893  3982.219971  3983.389893  3983.389893     7516223
2023-03-21 14:24:00-04:00  3983.379883  3984.169922  3983.129883  3983.729980  3983.729980     9207588
2023-03-21 14:26:00-04:00  3983.770020  3985.699951  3983.330078  3985.659912  3985.659912     9182511
2023-03-21 14:28:00-04:00  3985.629883  3986.639893  3985.429932  3985.790039  3985.790039     9780388
2023-03-21 14:30:00-04:00  3985.810059  3986.790039  3985.729980  3985.820068  3985.820068     9799472
2023-03-21 14:32:00-04:00  3985.820068  3987.310059  3985.649902  3986.909912  3986.909912     9094613
2023-03-21 14:34:00-04:00  3986.919922  3987.489990  3986.159912  3986.860107  3986.860107     9936100
2023-03-21 14:36:00-04:00  3986.830078  3987.919922  3986.129883  3987.110107  3987.110107     9173594
2023-03-21 14:38:00-04:00  3987.129883  3987.290039  3984.479980  3984.850098  3984.850098     8561631
2023-03-21 14:40:00-04:00  3984.929932  3986.139893  3984.850098  3986.090088  3986.090088     8412123
2023-03-21 14:42:00-04:00  3986.050049  3987.389893  3986.030029  3986.750000  3986.750000     8583695
2023-03-21 14:44:00-04:00  3986.780029  3989.439941  3986.699951  3989.439941  3989.439941     8667431
2023-03-21 14:46:00-04:00  3989.520020  3989.699951  3988.580078  3988.860107  3988.860107     8757629
2023-03-21 14:48:00-04:00  3988.909912  3990.229980  3988.370117  3989.820068  3989.820068     8582274
2023-03-21 14:50:00-04:00  3989.780029  3990.080078  3989.360107  3989.639893  3989.639893     8792598
2023-03-21 14:52:00-04:00  3989.679932  3989.810059  3987.649902  3987.979980  3987.979980     9381380
2023-03-21 14:54:00-04:00  3987.989990  3989.780029  3987.989990  3989.770020  3989.770020     9636855
2023-03-21 14:56:00-04:00  3989.770020  3992.989990  3989.770020  3992.899902  3992.899902    10696348
2023-03-21 14:58:00-04:00  3992.899902  3994.239990  3992.090088  3992.100098  3992.100098    10342864
2023-03-21 15:00:00-04:00  3992.060059  3995.209961  3991.570068  3995.110107  3995.110107    10758128
2023-03-21 15:02:00-04:00  3995.040039  3995.320068  3994.070068  3995.189941  3995.189941     9993839
2023-03-21 15:04:00-04:00  3995.229980  3995.570068  3994.699951  3995.110107  3995.110107    11440503
2023-03-21 15:06:00-04:00  3995.090088  3995.370117  3994.199951  3994.929932  3994.929932    11351615
2023-03-21 15:08:00-04:00  3995.020020  3995.590088  3994.879883  3995.530029  3995.530029     9626180
2023-03-21 15:10:00-04:00  3995.510010  3995.830078  3995.010010  3995.610107  3995.610107     8714452
2023-03-21 15:12:00-04:00  3995.610107  3998.919922  3995.610107  3997.870117  3997.870117    13872169
2023-03-21 15:14:00-04:00  3997.879883  3998.469971  3995.959961  3995.959961  3995.959961    11198988
2023-03-21 15:16:00-04:00  3995.939941  3997.590088  3995.870117  3997.530029  3997.530029    10439159
2023-03-21 15:18:00-04:00  3997.370117  3998.899902  3997.290039  3998.629883  3998.629883    10392295
2023-03-21 15:20:00-04:00  3998.669922  3999.679932  3998.669922  3999.320068  3999.320068    11245654
2023-03-21 15:22:00-04:00  3999.350098  4000.159912  3998.310059  3998.320068  3998.320068    11936358
2023-03-21 15:24:00-04:00  3998.310059  3998.379883  3995.540039  3995.540039  3995.540039    12121482
2023-03-21 15:26:00-04:00  3995.469971  3996.800049  3995.080078  3996.649902  3996.649902    12240367
2023-03-21 15:28:00-04:00  3996.669922  3997.889893  3996.199951  3997.659912  3997.659912    11347765
2023-03-21 15:30:00-04:00  3997.620117  3998.889893  3997.540039  3998.479980  3998.479980    13348908
2023-03-21 15:32:00-04:00  3998.550049  3999.040039  3997.110107  3997.510010  3997.510010    13301347
2023-03-21 15:34:00-04:00  3997.500000  3997.639893  3995.879883  3996.389893  3996.389893    13660015
2023-03-21 15:36:00-04:00  3996.379883  3999.290039  3996.320068  3999.100098  3999.100098    14161019
2023-03-21 15:38:00-04:00  3999.080078  4003.669922  3999.040039  4003.669922  4003.669922    16629591
2023-03-21 15:40:00-04:00  4003.610107  4006.969971  4003.610107  4005.010010  4005.010010    19469987
2023-03-21 15:42:00-04:00  4004.969971  4006.699951  4004.550049  4006.699951  4006.699951    18874751
2023-03-21 15:44:00-04:00  4006.949951  4009.080078  4006.389893  4007.389893  4007.389893    23025354
2023-03-21 15:46:00-04:00  4007.469971  4008.389893  4006.530029  4008.320068  4008.320068    20147725
2023-03-21 15:48:00-04:00  4008.290039  4008.290039  4006.239990  4006.830078  4006.830078    20099184
2023-03-21 15:50:00-04:00  4006.850098  4006.850098  4003.889893  4005.189941  4005.189941    33705275
2023-03-21 15:52:00-04:00  4004.949951  4007.250000  4004.500000  4005.949951  4005.949951    30167871
2023-03-21 15:54:00-04:00  4005.889893  4006.159912  4004.120117  4004.199951  4004.199951    40125631
2023-03-21 15:56:00-04:00  4004.149902  4004.510010  4001.909912  4002.000000  4002.000000    46506754
2023-03-21 15:58:00-04:00  4002.120117  4002.409912  3999.929932  4002.409912  4002.409912    58109832
2023-03-22 09:30:00-04:00  4002.040039  4003.989990  3999.080078  3999.260010  3999.260010    10309978
2023-03-22 09:32:00-04:00  3999.409912  3999.409912  3996.659912  3996.790039  3996.790039    14961809
2023-03-22 09:34:00-04:00  3996.840088  3999.330078  3996.790039  3997.560059  3997.560059    15135445
2023-03-22 09:36:00-04:00  3997.500000  4001.949951  3997.129883  4001.760010  4001.760010    15142661
2023-03-22 09:38:00-04:00  4001.600098  4001.850098  4000.159912  4000.560059  4000.560059    13044292
2023-03-22 09:40:00-04:00  4000.729980  4000.879883  3997.600098  3997.830078  3997.830078    15748175
2023-03-22 09:42:00-04:00  3997.689941  3998.459961  3996.189941  3997.830078  3997.830078    14480430
2023-03-22 09:44:00-04:00  3997.909912  3998.540039  3995.699951  3997.500000  3997.500000    14555704
2023-03-22 09:46:00-04:00  3997.379883  3997.639893  3996.040039  3997.129883  3997.129883    12177886
2023-03-22 09:48:00-04:00  3997.129883  4000.290039  3996.409912  3998.610107  3998.610107    13773833
2023-03-22 09:50:00-04:00  3998.639893  4003.149902  3998.639893  4000.870117  4000.870117    15091018
2023-03-22 09:52:00-04:00  4000.899902  4000.979980  3998.239990  3998.600098  3998.600098    12290138
2023-03-22 09:54:00-04:00  3998.610107  3999.909912  3997.820068  3998.739990  3998.739990    12437290
2023-03-22 09:56:00-04:00  3998.780029  4000.879883  3998.100098  4000.489990  4000.489990    10708987
2023-03-22 09:58:00-04:00  4000.350098  4001.439941  4000.110107  4001.000000  4001.000000     9516119
2023-03-22 10:00:00-04:00  4000.899902  4002.199951  4000.550049  4001.100098  4001.100098    10781101
2023-03-22 10:02:00-04:00  4001.030029  4001.459961  3999.500000  4001.320068  4001.320068     9950779
2023-03-22 10:04:00-04:00  4001.270020  4001.979980  4000.399902  4000.550049  4000.550049    12274452
2023-03-22 10:06:00-04:00  4000.679932  4002.020020  4000.389893  4002.020020  4002.020020    11379222
2023-03-22 10:08:00-04:00  4002.020020  4002.729980  4000.370117  4001.600098  4001.600098    13729284
2023-03-22 10:10:00-04:00  4001.600098  4002.899902  4000.739990  4000.830078  4000.830078    11297676
2023-03-22 10:12:00-04:00  4000.860107  4000.860107  3998.919922  3999.229980  3999.229980    11161175
2023-03-22 10:14:00-04:00  3999.260010  4001.159912  3998.570068  4001.159912  4001.159912    11083507
2023-03-22 10:16:00-04:00  4001.330078  4002.540039  4000.620117  4002.350098  4002.350098     9156969
2023-03-22 10:18:00-04:00  4002.389893  4003.889893  4002.360107  4003.169922  4003.169922     8906771
2023-03-22 10:20:00-04:00  4003.199951  4007.419922  4003.199951  4006.209961  4006.209961    10711321
2023-03-22 10:22:00-04:00  4006.169922  4006.919922  4006.100098  4006.310059  4006.310059     8896983
2023-03-22 10:24:00-04:00  4006.310059  4007.000000  4006.050049  4006.570068  4006.570068     9329787
2023-03-22 10:26:00-04:00  4006.679932  4008.219971  4006.669922  4007.449951  4007.449951     9806468
2023-03-22 10:28:00-04:00  4007.439941  4013.429932  4007.399902  4013.030029  4013.030029    12820930
2023-03-22 10:30:00-04:00  4012.879883  4014.110107  4012.850098  4013.139893  4013.139893    12701603
2023-03-22 10:32:00-04:00  4013.199951  4013.550049  4010.979980  4011.399902  4011.399902    11084609
2023-03-22 10:34:00-04:00  4011.350098  4012.300049  4010.320068  4010.399902  4010.399902    10491677
2023-03-22 10:36:00-04:00  4010.389893  4011.090088  4009.739990  4010.149902  4010.149902     9112224
2023-03-22 10:38:00-04:00  4010.199951  4010.979980  4009.889893  4010.719971  4010.719971     8474907
2023-03-22 10:40:00-04:00  4010.709961  4011.000000  4010.000000  4010.600098  4010.600098     8205805
2023-03-22 10:42:00-04:00  4010.610107  4011.560059  4010.060059  4010.949951  4010.949951     7874614
2023-03-22 10:44:00-04:00  4011.090088  4012.000000  4010.590088  4011.989990  4011.989990     8374063
2023-03-22 10:46:00-04:00  4011.989990  4012.229980  4009.830078  4010.179932  4010.179932     8789278
2023-03-22 10:48:00-04:00  4010.199951  4010.959961  4008.580078  4009.260010  4009.260010     9740994
2023-03-22 10:50:00-04:00  4009.169922  4010.350098  4008.699951  4008.699951  4008.699951     9448317
2023-03-22 10:52:00-04:00  4008.620117  4008.860107  4006.719971  4008.229980  4008.229980     9238631
2023-03-22 10:54:00-04:00  4008.239990  4009.459961  4007.889893  4008.560059  4008.560059     8767268
2023-03-22 10:56:00-04:00  4008.530029  4009.060059  4007.590088  4007.750000  4007.750000     8118507
2023-03-22 10:58:00-04:00  4007.699951  4008.320068  4007.469971  4007.979980  4007.979980     7822092
2023-03-22 11:00:00-04:00  4007.899902  4008.969971  4006.520020  4007.070068  4007.070068     9388190
2023-03-22 11:02:00-04:00  4007.129883  4007.919922  4006.750000  4006.919922  4006.919922     9277182
2023-03-22 11:04:00-04:00  4006.860107  4006.879883  4005.850098  4006.360107  4006.360107     7223325
2023-03-22 11:06:00-04:00  4006.419922  4006.729980  4005.830078  4006.280029  4006.280029     7753429
2023-03-22 11:08:00-04:00  4006.330078  4006.689941  4004.149902  4004.179932  4004.179932     8409750
2023-03-22 11:10:00-04:00  4004.139893  4005.570068  4003.969971  4004.179932  4004.179932     7867255
2023-03-22 11:12:00-04:00  4004.199951  4004.270020  3999.820068  4000.469971  4000.469971    10638596
2023-03-22 11:14:00-04:00  4000.370117  4002.820068  4000.270020  4002.439941  4002.439941     9080214
2023-03-22 11:16:00-04:00  4002.389893  4003.090088  4001.750000  4002.850098  4002.850098     8049350
2023-03-22 11:18:00-04:00  4002.810059  4003.100098  4001.790039  4001.959961  4001.959961     7290828
2023-03-22 11:20:00-04:00  4001.969971  4003.179932  4001.800049  4003.010010  4003.010010     6912139
2023-03-22 11:22:00-04:00  4003.000000  4004.060059  4002.399902  4004.060059  4004.060059     6620426
2023-03-22 11:24:00-04:00  4003.979980  4005.899902  4003.979980  4005.030029  4005.030029     8259134
2023-03-22 11:26:00-04:00  4005.100098  4005.370117  4003.699951  4003.780029  4003.780029     7446050
2023-03-22 11:28:00-04:00  4003.770020  4004.659912  4003.260010  4003.860107  4003.860107     8271335
2023-03-22 11:30:00-04:00  4003.860107  4006.350098  4003.860107  4006.239990  4006.239990     8399546
2023-03-22 11:32:00-04:00  4006.209961  4006.639893  4005.439941  4005.550049  4005.550049     7128846
2023-03-22 11:34:00-04:00  4005.540039  4006.399902  4005.370117  4006.159912  4006.159912     7243651
2023-03-22 11:36:00-04:00  4006.189941  4006.469971  4004.189941  4004.419922  4004.419922     8755867
2023-03-22 11:38:00-04:00  4004.340088  4006.719971  4003.830078  4005.979980  4005.979980     8259046
2023-03-22 11:40:00-04:00  4005.979980  4006.679932  4005.379883  4005.379883  4005.379883     5964503
2023-03-22 11:42:00-04:00  4005.330078  4005.330078  4003.010010  4003.409912  4003.409912    10960528
2023-03-22 11:44:00-04:00  4003.419922  4003.909912  4002.760010  4003.629883  4003.629883     8151079
2023-03-22 11:46:00-04:00  4003.649902  4005.659912  4003.649902  4005.540039  4005.540039     8252545
2023-03-22 11:48:00-04:00  4005.520020  4005.949951  4004.439941  4004.620117  4004.620117     7605611
2023-03-22 11:50:00-04:00  4004.750000  4005.820068  4004.229980  4005.820068  4005.820068     7917893
2023-03-22 11:52:00-04:00  4005.739990  4005.780029  4004.989990  4005.429932  4005.429932     6411666
2023-03-22 11:54:00-04:00  4005.479980  4006.080078  4004.709961  4004.709961  4004.709961     7990769
2023-03-22 11:56:00-04:00  4004.790039  4005.429932  4004.030029  4005.310059  4005.310059     6975284
2023-03-22 11:58:00-04:00  4005.399902  4005.580078  4004.010010  4004.280029  4004.280029     7073274
2023-03-22 12:00:00-04:00  4004.270020  4004.580078  4002.620117  4002.780029  4002.780029     7801012
2023-03-22 12:02:00-04:00  4002.719971  4003.629883  4002.360107  4003.610107  4003.610107     6887088
2023-03-22 12:04:00-04:00  4003.620117  4003.620117  4002.350098  4002.629883  4002.629883     5913078
2023-03-22 12:06:00-04:00  4002.560059  4002.560059  4001.750000  4001.830078  4001.830078     4137728
2023-03-22 12:08:00-04:00  4000.870117  4001.270020  4000.139893  4000.520020  4000.520020   835953998
2023-03-22 12:10:00-04:00  4000.570068  4000.679932  3998.300049  3998.409912  3998.409912     7298491
2023-03-22 12:12:00-04:00  3998.429932  3998.760010  3997.820068  3997.820068  3997.820068     7312757
2023-03-22 12:14:00-04:00  3997.840088  3998.719971  3997.570068  3998.590088  3998.590088     6724088
2023-03-22 12:16:00-04:00  3998.600098  3998.610107  3996.590088  3997.419922  3997.419922     6860117
2023-03-22 12:18:00-04:00  3997.429932  3997.739990  3996.590088  3997.489990  3997.489990     6680336
2023-03-22 12:20:00-04:00  3997.479980  3998.340088  3996.409912  3996.889893  3996.889893     8911510
2023-03-22 12:22:00-04:00  3996.879883  3997.260010  3995.679932  3997.030029  3997.030029     8149334
2023-03-22 12:24:00-04:00  3997.010010  3998.830078  3996.860107  3997.979980  3997.979980     7153808
2023-03-22 12:26:00-04:00  3997.879883  3999.159912  3997.879883  3998.889893  3998.889893     7270169
2023-03-22 12:28:00-04:00  3998.850098  3999.840088  3997.770020  3997.770020  3997.770020     7564928
2023-03-22 12:30:00-04:00  3997.739990  3998.649902  3997.110107  3998.479980  3998.479980     7051254
2023-03-22 12:32:00-04:00  3998.530029  3998.530029  3995.969971  3995.969971  3995.969971     6618774
2023-03-22 12:34:00-04:00  3996.000000  3996.949951  3995.899902  3996.500000  3996.500000     6524640
2023-03-22 12:36:00-04:00  3996.479980  3996.870117  3995.229980  3995.679932  3995.679932     7734576
2023-03-22 12:38:00-04:00  3995.649902  3995.679932  3994.879883  3995.600098  3995.600098     6439524
2023-03-22 12:40:00-04:00  3995.629883  3996.120117  3994.699951  3996.100098  3996.100098     7005827
2023-03-22 12:42:00-04:00  3996.100098  3996.760010  3995.830078  3996.750000  3996.750000     6452141
2023-03-22 12:44:00-04:00  3996.770020  3996.939941  3996.199951  3996.840088  3996.840088     5679118
2023-03-22 12:46:00-04:00  3996.840088  3996.929932  3994.300049  3994.860107  3994.860107     6588428
2023-03-22 12:48:00-04:00  3994.929932  3995.370117  3994.590088  3995.340088  3995.340088     5200334
2023-03-22 12:50:00-04:00  3995.310059  3996.209961  3995.129883  3996.050049  3996.050049     6049067
2023-03-22 12:52:00-04:00  3996.020020  3997.040039  3995.870117  3996.610107  3996.610107     6033369
2023-03-22 12:54:00-04:00  3996.600098  3996.620117  3995.060059  3995.070068  3995.070068     6116003
2023-03-22 12:56:00-04:00  3995.070068  3995.189941  3993.780029  3994.280029  3994.280029     7099456
2023-03-22 12:58:00-04:00  3994.260010  3995.520020  3993.979980  3994.620117  3994.620117     6159731
2023-03-22 13:00:00-04:00  3994.620117  3994.699951  3992.610107  3992.679932  3992.679932     6298993
2023-03-22 13:02:00-04:00  3992.699951  3992.699951  3990.800049  3991.489990  3991.489990     7096563
2023-03-22 13:04:00-04:00  3991.469971  3992.330078  3990.669922  3990.939941  3990.939941     6950464
2023-03-22 13:06:00-04:00  3990.949951  3992.139893  3989.189941  3991.919922  3991.919922     7351422
2023-03-22 13:08:00-04:00  3991.969971  3991.969971  3990.030029  3990.570068  3990.570068     5420650
2023-03-22 13:10:00-04:00  3990.590088  3991.939941  3990.149902  3991.939941  3991.939941     6255253
2023-03-22 13:12:00-04:00  3991.959961  3992.459961  3991.610107  3992.229980  3992.229980     6694720
2023-03-22 13:14:00-04:00  3992.219971  3993.199951  3992.209961  3993.110107  3993.110107     5380397
2023-03-22 13:16:00-04:00  3993.129883  3994.510010  3993.080078  3993.689941  3993.689941     6243241
2023-03-22 13:18:00-04:00  3993.560059  3994.709961  3993.449951  3994.479980  3994.479980     5602828
2023-03-22 13:20:00-04:00  3994.489990  3995.989990  3994.110107  3995.860107  3995.860107     6203620
2023-03-22 13:22:00-04:00  3995.860107  3996.000000  3994.979980  3995.290039  3995.290039     6111636
2023-03-22 13:24:00-04:00  3995.280029  3995.840088  3995.070068  3995.229980  3995.229980     6485476
2023-03-22 13:26:00-04:00  3995.239990  3996.610107  3995.070068  3996.590088  3996.590088     6162678
2023-03-22 13:28:00-04:00  3996.600098  3997.479980  3996.389893  3997.149902  3997.149902     5769423
2023-03-22 13:30:00-04:00  3997.169922  3999.070068  3997.169922  3998.580078  3998.580078     7508044
2023-03-22 13:32:00-04:00  3998.590088  3999.379883  3997.459961  3998.129883  3998.129883     6518758
2023-03-22 13:34:00-04:00  3998.120117  3998.629883  3997.820068  3998.409912  3998.409912     6391760
2023-03-22 13:36:00-04:00  3998.389893  3998.530029  3996.429932  3997.399902  3997.399902     7518946
2023-03-22 13:38:00-04:00  3997.360107  3998.149902  3997.120117  3997.750000  3997.750000     5754997
2023-03-22 13:40:00-04:00  3997.699951  3997.879883  3996.870117  3997.330078  3997.330078     5836112
2023-03-22 13:42:00-04:00  3997.209961  3998.229980  3997.189941  3998.159912  3998.159912     7143977
2023-03-22 13:44:00-04:00  3998.090088  3999.370117  3997.800049  3998.989990  3998.989990     7034747
2023-03-22 13:46:00-04:00  3999.000000  3999.580078  3998.830078  3999.520020  3999.520020     6532076
2023-03-22 13:48:00-04:00  3999.520020  3999.590088  3998.879883  3999.300049  3999.300049     5812880
2023-03-22 13:50:00-04:00  3999.300049  4000.040039  3999.300049  3999.489990  3999.489990     6916103
2023-03-22 13:52:00-04:00  3999.469971  4000.260010  3999.429932  4000.129883  4000.129883     6763083
2023-03-22 13:54:00-04:00  4000.129883  4000.639893  3999.879883  4000.639893  4000.639893     6206876
2023-03-22 13:56:00-04:00  4000.590088  4002.360107  4000.310059  4001.189941  4001.189941     8184890
2023-03-22 13:58:00-04:00  4001.189941  4002.250000  4000.250000  4000.870117  4000.870117     8215520
2023-03-22 14:00:00-04:00  4000.909912  4019.739990  4000.489990  4016.060059  4016.060059    29004352
2023-03-22 14:02:00-04:00  4015.969971  4015.969971  4005.919922  4013.739990  4013.739990    13158311
2023-03-22 14:04:00-04:00  4013.860107  4025.820068  4013.860107  4025.379883  4025.379883    19945470
2023-03-22 14:06:00-04:00  4025.209961  4031.429932  4023.469971  4023.550049  4023.550049    19283991
2023-03-22 14:08:00-04:00  4023.429932  4023.429932  4015.330078  4015.550049  4015.550049    13553027
2023-03-22 14:10:00-04:00  4015.879883  4018.409912  4011.669922  4012.300049  4012.300049    13975768
2023-03-22 14:12:00-04:00  4012.350098  4017.129883  4004.459961  4006.370117  4006.370117    17600932
2023-03-22 14:14:00-04:00  4006.689941  4011.270020  4003.060059  4010.939941  4010.939941    14461253
2023-03-22 14:16:00-04:00  4010.860107  4010.899902  4006.639893  4008.110107  4008.110107    11025867
2023-03-22 14:18:00-04:00  4008.120117  4017.469971  4007.199951  4016.209961  4016.209961    12801673
2023-03-22 14:20:00-04:00  4016.189941  4016.399902  4009.379883  4012.750000  4012.750000    10992920
2023-03-22 14:22:00-04:00  4012.879883  4012.879883  4009.469971  4010.620117  4010.620117     7974062
2023-03-22 14:24:00-04:00  4010.610107  4010.810059  4005.899902  4009.340088  4009.340088    10209009
2023-03-22 14:26:00-04:00  4009.370117  4014.100098  4009.260010  4013.820068  4013.820068    11220366
2023-03-22 14:28:00-04:00  4013.870117  4015.469971  4013.060059  4014.540039  4014.540039     9734490
2023-03-22 14:30:00-04:00  4014.459961  4021.110107  4008.709961  4019.159912  4019.159912    18732740
2023-03-22 14:32:00-04:00  4019.060059  4022.439941  4007.770020  4010.260010  4010.260010    16310916
2023-03-22 14:34:00-04:00  4010.159912  4012.939941  3997.959961  3998.419922  3998.419922    16209375
2023-03-22 14:36:00-04:00  3998.729980  4008.310059  3990.590088  4007.350098  4007.350098    26095993
2023-03-22 14:38:00-04:00  4007.270020  4014.610107  4007.209961  4008.760010  4008.760010    13665592
2023-03-22 14:40:00-04:00  4008.770020  4023.360107  4008.530029  4023.149902  4023.149902    18601073
2023-03-22 14:42:00-04:00  4023.030029  4029.110107  4022.510010  4029.110107  4029.110107    17091262
2023-03-22 14:44:00-04:00  4028.870117  4030.040039  4022.639893  4026.389893  4026.389893    14650146
2023-03-22 14:46:00-04:00  4026.330078  4035.270020  4026.330078  4034.959961  4034.959961    18369591
2023-03-22 14:48:00-04:00  4036.719971  4039.489990  4032.899902  4033.409912  4033.409912    18839767
2023-03-22 14:50:00-04:00  4032.889893  4035.800049  4031.169922  4032.469971  4032.469971    13696946
2023-03-22 14:52:00-04:00  4032.489990  4034.949951  4022.439941  4022.770020  4022.770020    15783005
2023-03-22 14:54:00-04:00  4022.560059  4026.489990  4016.540039  4018.260010  4018.260010    16415079
2023-03-22 14:56:00-04:00  4018.159912  4018.159912  4010.820068  4010.820068  4010.820068    14014077
2023-03-22 14:58:00-04:00  4011.179932  4011.600098  4000.379883  4001.169922  4001.169922    17279479
2023-03-22 15:00:00-04:00  4001.199951  4005.040039  3993.169922  3995.020020  3995.020020    18418264
2023-03-22 15:02:00-04:00  3995.020020  3998.750000  3992.810059  3996.439941  3996.439941    15295962
2023-03-22 15:04:00-04:00  3996.020020  3996.020020  3984.020020  3984.320068  3984.320068    20854923
2023-03-22 15:06:00-04:00  3984.139893  3986.879883  3981.770020  3982.520020  3982.520020    16444748
2023-03-22 15:08:00-04:00  3982.280029  3982.280029  3972.810059  3978.689941  3978.689941    20195521
2023-03-22 15:10:00-04:00  3979.760010  3985.570068  3976.969971  3977.080078  3977.080078    18206698
2023-03-22 15:12:00-04:00  3977.199951  3982.820068  3975.270020  3980.840088  3980.840088    15276717
2023-03-22 15:14:00-04:00  3980.790039  3992.169922  3980.340088  3990.399902  3990.399902    17704605
2023-03-22 15:16:00-04:00  3990.810059  3999.780029  3990.169922  3998.570068  3998.570068    15982638
2023-03-22 15:18:00-04:00  3998.989990  3999.379883  3995.040039  3995.209961  3995.209961    13726184
2023-03-22 15:20:00-04:00  3995.459961  4012.080078  3994.010010  4009.840088  4009.840088    21628607
2023-03-22 15:22:00-04:00  4009.780029  4013.090088  4003.810059  4003.899902  4003.899902    15483651
2023-03-22 15:24:00-04:00  4004.250000  4006.760010  4001.070068  4001.370117  4001.370117    13437469
2023-03-22 15:26:00-04:00  4001.090088  4002.040039  3996.000000  4002.040039  4002.040039    15283831
2023-03-22 15:28:00-04:00  4001.929932  4007.100098  4001.919922  4004.500000  4004.500000    12489220
2023-03-22 15:30:00-04:00  4004.540039  4006.280029  3992.469971  3994.179932  3994.179932    18653267
2023-03-22 15:32:00-04:00  3994.050049  3996.050049  3990.600098  3991.020020  3991.020020    15273327
2023-03-22 15:34:00-04:00  3991.250000  3991.810059  3986.760010  3986.760010  3986.760010    18315859
2023-03-22 15:36:00-04:00  3986.629883  3986.629883  3979.939941  3983.649902  3983.649902    19291286
2023-03-22 15:38:00-04:00  3983.179932  3983.669922  3979.350098  3983.100098  3983.100098    17244163
2023-03-22 15:40:00-04:00  3983.179932  3987.790039  3981.469971  3982.270020  3982.270020    21309663
2023-03-22 15:42:00-04:00  3982.239990  3988.689941  3981.959961  3987.320068  3987.320068    18835729
2023-03-22 15:44:00-04:00  3987.379883  3987.580078  3971.820068  3972.580078  3972.580078    26548127
2023-03-22 15:46:00-04:00  3972.790039  3976.070068  3970.280029  3971.820068  3971.820068    25568738
2023-03-22 15:48:00-04:00  3971.709961  3971.709961  3966.679932  3971.340088  3971.340088    24541221
2023-03-22 15:50:00-04:00  3971.300049  3971.300049  3962.479980  3963.760010  3963.760010    33173913
2023-03-22 15:52:00-04:00  3963.010010  3963.010010  3951.919922  3955.139893  3955.139893    34988252
2023-03-22 15:54:00-04:00  3954.939941  3955.370117  3943.100098  3949.080078  3949.080078    47646761
2023-03-22 15:56:00-04:00  3948.929932  3951.969971  3947.199951  3948.570068  3948.570068    46632621
2023-03-22 15:58:00-04:00  3948.590088  3948.949951  3936.340088  3936.520020  3936.520020    53733126
2023-03-23 09:30:00-04:00  3959.209961  3971.810059  3959.209961  3970.770020  3970.770020    45083647
2023-03-23 09:32:00-04:00  3970.560059  3972.550049  3969.070068  3969.840088  3969.840088    19995878
2023-03-23 09:34:00-04:00  3970.020020  3971.050049  3968.419922  3968.580078  3968.580078    16261592
2023-03-23 09:36:00-04:00  3968.520020  3970.010010  3966.909912  3968.810059  3968.810059    15740721
2023-03-23 09:38:00-04:00  3968.889893  3970.479980  3968.050049  3968.139893  3968.139893    15381552
2023-03-23 09:40:00-04:00  3968.179932  3968.959961  3964.780029  3966.139893  3966.139893    17937612
2023-03-23 09:42:00-04:00  3966.070068  3975.320068  3966.070068  3974.040039  3974.040039    17252634
2023-03-23 09:44:00-04:00  3974.169922  3975.760010  3973.399902  3974.870117  3974.870117    16044775
2023-03-23 09:46:00-04:00  3974.979980  3976.709961  3971.850098  3971.850098  3971.850098    14454185
2023-03-23 09:48:00-04:00  3971.949951  3974.260010  3969.699951  3974.260010  3974.260010    13798247
2023-03-23 09:50:00-04:00  3974.310059  3975.669922  3972.409912  3974.149902  3974.149902    12503265
2023-03-23 09:52:00-04:00  3974.239990  3976.149902  3973.709961  3973.709961  3973.709961    11343249
2023-03-23 09:54:00-04:00  3973.750000  3975.649902  3973.209961  3973.780029  3973.780029    12629570
2023-03-23 09:56:00-04:00  3974.060059  3974.399902  3971.739990  3973.500000  3973.500000    13431491
2023-03-23 09:58:00-04:00  3973.520020  3975.300049  3973.520020  3974.310059  3974.310059    12402755
2023-03-23 10:00:00-04:00  3974.560059  3980.080078  3974.560059  3979.929932  3979.929932    14530360
2023-03-23 10:02:00-04:00  3979.969971  3980.469971  3976.889893  3979.149902  3979.149902    13583177
2023-03-23 10:04:00-04:00  3979.100098  3979.219971  3974.469971  3977.340088  3977.340088    14565521
2023-03-23 10:06:00-04:00  3977.300049  3978.550049  3976.310059  3977.459961  3977.459961    11485873
2023-03-23 10:08:00-04:00  3977.459961  3979.320068  3977.300049  3979.189941  3979.189941    11245210
2023-03-23 10:10:00-04:00  3979.290039  3984.919922  3979.219971  3983.979980  3983.979980    14371423
2023-03-23 10:12:00-04:00  3983.979980  3984.419922  3980.750000  3982.570068  3982.570068    12152939
2023-03-23 10:14:00-04:00  3982.629883  3986.610107  3981.949951  3986.310059  3986.310059    13599291
2023-03-23 10:16:00-04:00  3986.219971  3986.290039  3983.830078  3984.360107  3984.360107    11930505
2023-03-23 10:18:00-04:00  3984.270020  3984.669922  3982.689941  3982.909912  3982.909912    10925727
2023-03-23 10:20:00-04:00  3982.790039  3982.790039  3978.770020  3978.939941  3978.939941    12890377
2023-03-23 10:22:00-04:00  3978.939941  3980.449951  3978.479980  3979.770020  3979.770020    10000133
2023-03-23 10:24:00-04:00  3979.840088  3983.719971  3979.840088  3983.550049  3983.550049    10837128
2023-03-23 10:26:00-04:00  3983.550049  3987.330078  3983.419922  3985.370117  3985.370117    12786455
2023-03-23 10:28:00-04:00  3985.469971  3985.469971  3982.000000  3982.050049  3982.050049     9441263
2023-03-23 10:30:00-04:00  3982.060059  3983.500000  3981.100098  3981.199951  3981.199951    11373219
2023-03-23 10:32:00-04:00  3981.340088  3981.580078  3979.219971  3979.899902  3979.899902    13759933
2023-03-23 10:34:00-04:00  3979.919922  3981.169922  3979.020020  3981.169922  3981.169922     9650442
2023-03-23 10:36:00-04:00  3981.110107  3981.639893  3979.330078  3979.540039  3979.540039     9501330
2023-03-23 10:38:00-04:00  3979.580078  3983.469971  3979.050049  3983.030029  3983.030029     5975433