                                  Open         High          Low        Close    Adj Close      Volume
Datetime                                                                                              
2023-03-07 10:54:00-05:00  4016.260010  4016.409912  4016.260010  4016.389893  4016.389893           0
2023-03-07 10:56:00-05:00  4013.989990  4014.100098  4012.360107  4013.139893  4013.139893   578166703
2023-03-07 10:58:00-05:00  4013.060059  4014.840088  4007.790039  4007.810059  4007.810059    11674170
2023-03-07 11:00:00-05:00  4007.850098  4010.149902  4006.570068  4010.090088  4010.090088     9934600
2023-03-07 11:02:00-05:00  4010.129883  4014.389893  4009.610107  4014.310059  4014.310059     8359902
2023-03-07 11:04:00-05:00  4014.320068  4015.909912  4012.510010  4013.510010  4013.510010     9021925
2023-03-07 11:06:00-05:00  4013.449951  4015.360107  4012.120117  4012.679932  4012.679932     7355854
2023-03-07 11:08:00-05:00  4012.590088  4014.350098  4010.179932  4012.169922  4012.169922     7724864
2023-03-07 11:10:00-05:00  4012.129883  4016.419922  4012.129883  4013.179932  4013.179932     9279901
2023-03-07 11:12:00-05:00  4013.169922  4014.050049  4010.840088  4011.370117  4011.370117     6995292
2023-03-07 11:14:00-05:00  4011.330078  4011.330078  4007.129883  4007.489990  4007.489990     9098775
2023-03-07 11:16:00-05:00  4007.429932  4010.379883  4007.000000  4009.800049  4009.800049     7465055
2023-03-07 11:18:00-05:00  4009.780029  4010.929932  4008.110107  4010.060059  4010.060059     7809424
2023-03-07 11:20:00-05:00  4010.320068  4011.070068  4007.419922  4009.469971  4009.469971     7733178
2023-03-07 11:22:00-05:00  4009.439941  4009.510010  4006.689941  4008.939941  4008.939941     7186986
2023-03-07 11:24:00-05:00  4008.979980  4009.060059  4006.050049  4006.979980  4006.979980     7164350
2023-03-07 11:26:00-05:00  4007.110107  4010.770020  4007.110107  4009.469971  4009.469971     8365587
2023-03-07 11:28:00-05:00  4009.389893  4009.989990  4004.590088  4005.280029  4005.280029     8438915
2023-03-07 11:30:00-05:00  4005.090088  4007.510010  4004.469971  4007.229980  4007.229980     7752209
2023-03-07 11:32:00-05:00  4007.260010  4007.560059  4005.969971  4005.969971  4005.969971     6870254
2023-03-07 11:34:00-05:00  4005.780029  4006.949951  4004.830078  4006.649902  4006.649902     7921708
2023-03-07 11:36:00-05:00  4006.649902  4009.760010  4006.129883  4008.570068  4008.570068     7489399
2023-03-07 11:38:00-05:00  4008.550049  4009.090088  4007.639893  4008.100098  4008.100098     5860218
2023-03-07 11:40:00-05:00  4008.080078  4009.439941  4003.540039  4004.270020  4004.270020     9162831
2023-03-07 11:42:00-05:00  4004.229980  4008.159912  4004.120117  4008.159912  4008.159912    10482929
2023-03-07 11:44:00-05:00  4008.149902  4011.949951  4008.020020  4009.830078  4009.830078     9225403
2023-03-07 11:46:00-05:00  4009.719971  4012.010010  4009.570068  4011.250000  4011.250000     7169627
2023-03-07 11:48:00-05:00  4011.250000  4012.899902  4011.250000  4012.260010  4012.260010     7089872
2023-03-07 11:50:00-05:00  4012.270020  4014.010010  4011.500000  4011.500000  4011.500000     8230665
2023-03-07 11:52:00-05:00  4011.159912  4011.159912  4007.560059  4008.159912  4008.159912     8587148
2023-03-07 11:54:00-05:00  4008.139893  4008.139893  4004.260010  4005.260010  4005.260010     7935605
2023-03-07 11:56:00-05:00  4005.300049  4005.300049  4002.580078  4003.370117  4003.370117     7751425
2023-03-07 11:58:00-05:00  4003.340088  4003.439941  4001.909912  4003.000000  4003.000000     5934167
2023-03-07 12:00:00-05:00  4003.020020  4005.149902  4002.620117  4004.070068  4004.070068     7229155
2023-03-07 12:02:00-05:00  4004.090088  4005.340088  4003.320068  4003.899902  4003.899902     5679549
2023-03-07 12:04:00-05:00  4003.810059  4004.550049  4003.000000  4004.139893  4004.139893     6964803
2023-03-07 12:06:00-05:00  4004.199951  4004.389893  4002.060059  4004.080078  4004.080078     6152307
2023-03-07 12:08:00-05:00  4003.909912  4004.260010  4002.530029  4003.889893  4003.889893     6775741
2023-03-07 12:10:00-05:00  4003.939941  4004.879883  4003.110107  4004.879883  4004.879883     6686929
2023-03-07 12:12:00-05:00  4005.149902  4006.800049  4004.479980  4004.479980  4004.479980     6429341
2023-03-07 12:14:00-05:00  4004.489990  4004.489990  4003.320068  4003.399902  4003.399902     5589789
2023-03-07 12:16:00-05:00  4003.489990  4005.750000  4003.489990  4005.739990  4005.739990    10310409
2023-03-07 12:18:00-05:00  4005.840088  4011.350098  4005.820068  4011.350098  4011.350098     8179830
2023-03-07 12:20:00-05:00  4011.389893  4023.080078  4011.389893  4016.659912  4016.659912    18172815
2023-03-07 12:22:00-05:00  4016.689941  4016.750000  4012.820068  4013.540039  4013.540039     6609408
2023-03-07 12:24:00-05:00  4013.570068  4018.860107  4013.570068  4018.110107  4018.110107     8830346
2023-03-07 12:26:00-05:00  4018.280029  4022.239990  4018.229980  4020.989990  4020.989990     7964395
2023-03-07 12:28:00-05:00  4020.929932  4021.030029  4014.810059  4014.860107  4014.860107     8256270
2023-03-07 12:30:00-05:00  4014.899902  4015.340088  4013.610107  4014.840088  4014.840088     6333619
2023-03-07 12:32:00-05:00  4014.850098  4016.040039  4014.310059  4014.610107  4014.610107     6173445
2023-03-07 12:34:00-05:00  4014.600098  4016.899902  4014.560059  4015.449951  4015.449951     6611929
2023-03-07 12:36:00-05:00  4015.429932  4015.429932  4013.429932  4014.889893  4014.889893     6625064
2023-03-07 12:38:00-05:00  4014.739990  4014.739990  4011.800049  4013.840088  4013.840088     6747380
2023-03-07 12:40:00-05:00  4013.830078  4014.030029  4010.239990  4010.250000  4010.250000     6932916
2023-03-07 12:42:00-05:00  4010.149902  4010.590088  4009.580078  4010.209961  4010.209961     5586792
2023-03-07 12:44:00-05:00  4010.219971  4013.729980  4010.040039  4013.419922  4013.419922     7733969
2023-03-07 12:46:00-05:00  4013.340088  4013.340088  4011.429932  4012.399902  4012.399902     6211257
2023-03-07 12:48:00-05:00  4012.399902  4014.949951  4011.739990  4014.330078  4014.330078     6599413
2023-03-07 12:50:00-05:00  4014.310059  4015.939941  4012.919922  4014.429932  4014.429932     7770725
2023-03-07 12:52:00-05:00  4014.290039  4014.290039  4011.550049  4011.679932  4011.679932     6411531
2023-03-07 12:54:00-05:00  4011.719971  4011.750000  4009.050049  4009.570068  4009.570068     6774491
2023-03-07 12:56:00-05:00  4009.550049  4010.580078  4008.229980  4008.429932  4008.429932     5679783
2023-03-07 12:58:00-05:00  4008.370117  4009.360107  4007.129883  4007.610107  4007.610107     6780127
2023-03-07 13:00:00-05:00  4007.669922  4007.899902  4004.510010  4004.949951  4004.949951    10124852
2023-03-07 13:02:00-05:00  4005.080078  4007.550049  4004.899902  4005.239990  4005.239990     6182791
2023-03-07 13:04:00-05:00  4005.149902  4005.300049  4000.949951  4000.959961  4000.959961     8136595
2023-03-07 13:06:00-05:00  4000.979980  4001.439941  3999.310059  3999.310059  3999.310059     7045700
2023-03-07 13:08:00-05:00  3999.290039  4000.800049  3998.959961  4000.290039  4000.290039     5866275
2023-03-07 13:10:00-05:00  4000.310059  4001.139893  3999.010010  3999.219971  3999.219971     5611683
2023-03-07 13:12:00-05:00  3999.189941  4000.189941  3998.770020  3999.989990  3999.989990     7514706
2023-03-07 13:14:00-05:00  3999.949951  4000.899902  3998.909912  3999.330078  3999.330078     5934865
2023-03-07 13:16:00-05:00  3999.360107  4000.810059  3999.229980  3999.320068  3999.320068     5638698
2023-03-07 13:18:00-05:00  3999.340088  4000.340088  3999.219971  3999.600098  3999.600098     5633123
2023-03-07 13:20:00-05:00  3999.649902  4000.129883  3998.659912  3998.770020  3998.770020     6412343
2023-03-07 13:22:00-05:00  3998.709961  3999.250000  3997.719971  3998.149902  3998.149902     5986579
2023-03-07 13:24:00-05:00  3998.179932  3998.679932  3997.070068  3998.639893  3998.639893     6032625
2023-03-07 13:26:00-05:00  3998.620117  3999.760010  3998.050049  3999.219971  3999.219971     6664513
2023-03-07 13:28:00-05:00  3999.280029  3999.870117  3998.479980  3999.139893  3999.139893     4905621
2023-03-07 13:30:00-05:00  3999.179932  4001.959961  3998.000000  4001.379883  4001.379883     6451406
2023-03-07 13:32:00-05:00  4001.379883  4001.379883  3998.540039  3998.560059  3998.560059     6490335
2023-03-07 13:34:00-05:00  3998.510010  3998.510010  3994.320068  3996.070068  3996.070068     9085679
2023-03-07 13:36:00-05:00  3996.050049  3997.959961  3995.629883  3997.489990  3997.489990     5477435
2023-03-07 13:38:00-05:00  3997.469971  3997.469971  3995.139893  3995.270020  3995.270020     6137926
2023-03-07 13:40:00-05:00  3995.239990  3995.459961  3992.590088  3993.379883  3993.379883     8542095
2023-03-07 13:42:00-05:00  3993.350098  3993.350098  3991.010010  3991.040039  3991.040039     7342101
2023-03-07 13:44:00-05:00  3991.100098  3991.189941  3989.939941  3990.770020  3990.770020     6818310
2023-03-07 13:46:00-05:00  3990.760010  3991.020020  3988.800049  3989.139893  3989.139893     8319711
2023-03-07 13:48:00-05:00  3989.129883  3989.129883  3985.889893  3986.739990  3986.739990     8661205
2023-03-07 13:50:00-05:00  3986.689941  3988.110107  3986.000000  3988.110107  3988.110107     7957124
2023-03-07 13:52:00-05:00  3988.080078  3988.790039  3986.879883  3987.209961  3987.209961     7032138
2023-03-07 13:54:00-05:00  3987.169922  3987.340088  3985.750000  3986.610107  3986.610107     7034138
2023-03-07 13:56:00-05:00  3986.689941  3988.179932  3986.449951  3988.090088  3988.090088     6655695
2023-03-07 13:58:00-05:00  3988.090088  3989.100098  3987.610107  3987.870117  3987.870117     7358440
2023-03-07 14:00:00-05:00  3987.830078  3990.239990  3987.510010  3990.239990  3990.239990     7438032
2023-03-07 14:02:00-05:00  3990.330078  3991.770020  3989.040039  3989.070068  3989.070068     8209073
2023-03-07 14:04:00-05:00  3989.000000  3989.000000  3987.469971  3987.860107  3987.860107     6292166
2023-03-07 14:06:00-05:00  3987.840088  3989.260010  3987.800049  3988.909912  3988.909912     6025010
2023-03-07 14:08:00-05:00  3988.899902  3990.719971  3988.899902  3989.979980  3989.979980     5520999
2023-03-07 14:10:00-05:00  3989.939941  3991.060059  3989.090088  3990.550049  3990.550049     6442733
2023-03-07 14:12:00-05:00  3990.679932  3991.709961  3989.699951  3991.709961  3991.709961     6298618
2023-03-07 14:14:00-05:00  3991.750000  3992.510010  3989.399902  3990.370117  3990.370117     7241697
2023-03-07 14:16:00-05:00  3990.409912  3993.179932  3990.409912  3992.439941  3992.439941     6208276
2023-03-07 14:18:00-05:00  3992.459961  3992.899902  3991.159912  3991.989990  3991.989990     6121853
2023-03-07 14:20:00-05:00  3992.020020  3992.469971  3990.290039  3990.419922  3990.419922     6499830
2023-03-07 14:22:00-05:00  3990.419922  3990.469971  3986.639893  3986.639893  3986.639893     8449500
2023-03-07 14:24:00-05:00  3986.669922  3987.449951  3986.260010  3986.560059  3986.560059     7056073
2023-03-07 14:26:00-05:00  3986.510010  3988.659912  3986.179932  3987.610107  3987.610107     7634745
2023-03-07 14:28:00-05:00  3987.679932  3987.949951  3986.629883  3986.770020  3986.770020     6965312
2023-03-07 14:30:00-05:00  3986.780029  3988.439941  3986.649902  3987.590088  3987.590088     6621296
2023-03-07 14:32:00-05:00  3987.550049  3987.550049  3985.310059  3986.000000  3986.000000     7121998
2023-03-07 14:34:00-05:00  3985.969971  3986.469971  3984.919922  3985.629883  3985.629883     6675140
2023-03-07 14:36:00-05:00  3985.649902  3986.479980  3984.919922  3985.679932  3985.679932     6140340
2023-03-07 14:38:00-05:00  3985.679932  3986.360107  3985.139893  3985.139893  3985.139893     6111597
2023-03-07 14:40:00-05:00  3985.100098  3986.770020  3984.939941  3985.729980  3985.729980     7244175
2023-03-07 14:42:00-05:00  3985.610107  3985.610107  3983.659912  3983.659912  3983.659912     6395151
2023-03-07 14:44:00-05:00  3983.629883  3984.659912  3982.939941  3984.639893  3984.639893     7121656
2023-03-07 14:46:00-05:00  3984.649902  3985.979980  3983.419922  3983.419922  3983.419922     8464251
2023-03-07 14:48:00-05:00  3983.500000  3984.360107  3982.969971  3983.530029  3983.530029     6459455
2023-03-07 14:50:00-05:00  3983.459961  3983.469971  3982.530029  3983.169922  3983.169922     6481299
2023-03-07 14:52:00-05:00  3983.159912  3983.159912  3982.449951  3982.540039  3982.540039     6856223
2023-03-07 14:54:00-05:00  3982.520020  3982.540039  3981.129883  3981.189941  3981.189941     7566828
2023-03-07 14:56:00-05:00  3981.120117  3981.399902  3980.330078  3980.409912  3980.409912     8115415
2023-03-07 14:58:00-05:00  3980.439941  3981.459961  3980.310059  3981.290039  3981.290039     7371844
2023-03-07 15:00:00-05:00  3981.300049  3984.919922  3980.919922  3983.560059  3983.560059     8973758
2023-03-07 15:02:00-05:00  3983.580078  3985.820068  3983.550049  3985.159912  3985.159912     7688237
2023-03-07 15:04:00-05:00  3985.139893  3985.469971  3983.790039  3985.110107  3985.110107     8308224
2023-03-07 15:06:00-05:00  3985.040039  3986.520020  3984.840088  3984.840088  3984.840088     7298917
2023-03-07 15:08:00-05:00  3984.820068  3985.770020  3984.739990  3985.330078  3985.330078     7065313
2023-03-07 15:10:00-05:00  3985.330078  3986.850098  3985.330078  3986.850098  3986.850098     7600589
2023-03-07 15:12:00-05:00  3986.929932  3989.500000  3986.870117  3989.409912  3989.409912     9668142
2023-03-07 15:14:00-05:00  3989.379883  3989.389893  3987.649902  3989.300049  3989.300049     8152850
2023-03-07 15:16:00-05:00  3989.350098  3990.719971  3989.350098  3989.479980  3989.479980     9367257
2023-03-07 15:18:00-05:00  3989.419922  3991.350098  3989.379883  3991.219971  3991.219971     9276708
2023-03-07 15:20:00-05:00  3991.239990  3991.239990  3988.429932  3988.429932  3988.429932     9149867
2023-03-07 15:22:00-05:00  3988.540039  3989.510010  3988.290039  3988.489990  3988.489990     8519678
2023-03-07 15:24:00-05:00  3988.500000  3989.139893  3987.189941  3987.639893  3987.639893    10189743
2023-03-07 15:26:00-05:00  3987.699951  3988.050049  3986.000000  3986.000000  3986.000000     9598580
2023-03-07 15:28:00-05:00  3986.010010  3986.290039  3985.320068  3986.290039  3986.290039     9370420
2023-03-07 15:30:00-05:00  3986.280029  3987.120117  3985.959961  3986.780029  3986.780029    10732741
2023-03-07 15:32:00-05:00  3986.820068  3992.739990  3986.820068  3992.739990  3992.739990    12169151
2023-03-07 15:34:00-05:00  3992.760010  3992.850098  3991.340088  3992.149902  3992.149902    11896575
2023-03-07 15:36:00-05:00  3992.159912  3994.209961  3991.290039  3994.179932  3994.179932    11467492
2023-03-07 15:38:00-05:00  3994.179932  3995.659912  3993.479980  3993.510010  3993.510010    13837622
2023-03-07 15:40:00-05:00  3993.459961  3995.030029  3992.090088  3992.129883  3992.129883    14028340
2023-03-07 15:42:00-05:00  3992.060059  3993.139893  3991.790039  3992.139893  3992.139893    12032962
2023-03-07 15:44:00-05:00  3992.149902  3992.149902  3989.290039  3989.709961  3989.709961    15978602
2023-03-07 15:46:00-05:00  3989.729980  3989.739990  3987.459961  3987.459961  3987.459961    15423124
2023-03-07 15:48:00-05:00  3987.419922  3988.699951  3987.030029  3988.520020  3988.520020    15546843
2023-03-07 15:50:00-05:00  3988.530029  3988.580078  3985.830078  3985.870117  3985.870117    27007562
2023-03-07 15:52:00-05:00  3985.889893  3988.320068  3985.320068  3988.239990  3988.239990    25398146
2023-03-07 15:54:00-05:00  3988.290039  3988.709961  3986.199951  3986.560059  3986.560059    25477767
2023-03-07 15:56:00-05:00  3986.679932  3987.010010  3985.219971  3985.219971  3985.219971    26575753
2023-03-07 15:58:00-05:00  3985.169922  3986.810059  3985.169922  3986.709961  3986.709961    27407284
2023-03-08 09:30:00-05:00  3987.550049  3991.389893  3987.239990  3991.379883  3991.379883    37615916
2023-03-08 09:32:00-05:00  3991.459961  3993.729980  3988.429932  3988.600098  3988.600098    15255418
2023-03-08 09:34:00-05:00  3988.330078  3989.310059  3986.020020  3987.199951  3987.199951    13345768
2023-03-08 09:36:00-05:00  3987.040039  3987.729980  3985.270020  3986.239990  3986.239990    13803510
2023-03-08 09:38:00-05:00  3986.379883  3986.870117  3984.399902  3985.399902  3985.399902    12217969
2023-03-08 09:40:00-05:00  3985.360107  3987.889893  3983.399902  3986.590088  3986.590088    13794237
2023-03-08 09:42:00-05:00  3986.530029  3986.669922  3984.520020  3986.409912  3986.409912    11620851
2023-03-08 09:44:00-05:00  3986.419922  3987.949951  3983.370117  3986.580078  3986.580078    13028592
2023-03-08 09:46:00-05:00  3986.500000  3986.959961  3984.320068  3984.800049  3984.800049    11773309
2023-03-08 09:48:00-05:00  3984.879883  3988.540039  3984.879883  3986.590088  3986.590088    13287219
2023-03-08 09:50:00-05:00  3986.610107  3989.159912  3986.560059  3987.580078  3987.580078    11806203
2023-03-08 09:52:00-05:00  3987.850098  3989.040039  3986.830078  3988.090088  3988.090088     9518383
2023-03-08 09:54:00-05:00  3988.060059  3989.860107  3986.870117  3989.689941  3989.689941    11087008
2023-03-08 09:56:00-05:00  3989.520020  3992.679932  3989.280029  3992.679932  3992.679932    10917328
2023-03-08 09:58:00-05:00  3992.600098  3992.790039  3990.659912  3990.709961  3990.709961    10471294
2023-03-08 10:00:00-05:00  3990.840088  3991.500000  3973.280029  3975.570068  3975.570068    22827209
2023-03-08 10:02:00-05:00  3975.530029  3984.399902  3974.389893  3981.639893  3981.639893    13071699
2023-03-08 10:04:00-05:00  3981.629883  3986.060059  3981.629883  3985.010010  3985.010010     9768088
2023-03-08 10:06:00-05:00  3984.949951  3985.590088  3982.939941  3985.399902  3985.399902     9622959
2023-03-08 10:08:00-05:00  3985.310059  3989.149902  3981.899902  3988.510010  3988.510010    12398215
2023-03-08 10:10:00-05:00  3988.379883  3994.239990  3987.469971  3990.120117  3990.120117    12189738
2023-03-08 10:12:00-05:00  3990.139893  3992.639893  3988.679932  3988.739990  3988.739990    10000862
2023-03-08 10:14:00-05:00  3988.770020  3989.290039  3985.300049  3985.939941  3985.939941     9657494
2023-03-08 10:16:00-05:00  3985.979980  3987.040039  3984.820068  3986.129883  3986.129883     9609736
2023-03-08 10:18:00-05:00  3986.080078  3986.929932  3982.060059  3982.469971  3982.469971    10967491
2023-03-08 10:20:00-05:00  3982.620117  3983.929932  3978.459961  3980.179932  3980.179932    11139407
2023-03-08 10:22:00-05:00  3980.129883  3990.560059  3979.520020  3990.560059  3990.560059    13115284
2023-03-08 10:24:00-05:00  3991.919922  3995.360107  3991.649902  3993.709961  3993.709961    13464292
2023-03-08 10:26:00-05:00  3993.659912  3994.979980  3991.270020  3992.239990  3992.239990     9882692
2023-03-08 10:28:00-05:00  3991.919922  3991.919922  3989.090088  3990.520020  3990.520020     8308514
2023-03-08 10:30:00-05:00  3990.189941  3995.850098  3988.080078  3992.590088  3992.590088    12023727
2023-03-08 10:32:00-05:00  3992.479980  3998.969971  3991.820068  3998.639893  3998.639893    10473182
2023-03-08 10:34:00-05:00  3998.669922  3999.379883  3996.969971  3999.350098  3999.350098     9465037
2023-03-08 10:36:00-05:00  3999.320068  3999.899902  3996.760010  3996.800049  3996.800049     9133542
2023-03-08 10:38:00-05:00  3996.659912  3998.649902  3994.870117  3995.510010  3995.510010     9557133
2023-03-08 10:40:00-05:00  3995.790039  3996.570068  3992.939941  3993.350098  3993.350098     9431514
2023-03-08 10:42:00-05:00  3993.580078  3995.139893  3992.469971  3992.590088  3992.590088     8215621
2023-03-08 10:44:00-05:00  3992.550049  3993.560059  3990.820068  3991.389893  3991.389893   480210018
2023-03-08 10:46:00-05:00  3991.409912  3993.439941  3990.080078  3990.260010  3990.260010     7982315
2023-03-08 10:48:00-05:00  3990.280029  3990.780029  3986.780029  3986.860107  3986.860107     8113619
2023-03-08 10:50:00-05:00  3986.949951  3989.080078  3985.780029  3986.290039  3986.290039     8704669
2023-03-08 10:52:00-05:00  3986.479980  3987.679932  3984.780029  3987.320068  3987.320068     7781483
2023-03-08 10:54:00-05:00  3987.360107  3988.629883  3987.360107  3988.580078  3988.580078     7599941
2023-03-08 10:56:00-05:00  3988.540039  3988.639893  3985.429932  3985.790039  3985.790039     8000397
2023-03-08 10:58:00-05:00  3985.820068  3988.800049  3985.790039  3987.260010  3987.260010     7813592
2023-03-08 11:00:00-05:00  3989.050049  3989.050049  3987.250000  3988.179932  3988.179932     7227264
2023-03-08 11:02:00-05:00  3988.209961  3990.379883  3986.739990  3990.290039  3990.290039     7599435
2023-03-08 11:04:00-05:00  3989.850098  3992.590088  3988.389893  3992.590088  3992.590088     8568920
2023-03-08 11:06:00-05:00  3992.639893  3994.629883  3992.639893  3994.459961  3994.459961     8147746
2023-03-08 11:08:00-05:00  3994.500000  3995.169922  3993.090088  3993.330078  3993.330078     7731946
2023-03-08 11:10:00-05:00  3993.389893  3995.179932  3993.389893  3994.239990  3994.239990     6074980
2023-03-08 11:12:00-05:00  3994.239990  3994.239990  3990.469971  3993.340088  3993.340088     9106085
2023-03-08 11:14:00-05:00  3993.389893  3993.679932  3991.879883  3993.679932  3993.679932     6701083
2023-03-08 11:16:00-05:00  3993.729980  3994.560059  3992.090088  3992.199951  3992.199951     7098205
2023-03-08 11:18:00-05:00  3992.300049  3992.919922  3990.540039  3991.370117  3991.370117     7669423
2023-03-08 11:20:00-05:00  3991.350098  3992.870117  3990.449951  3991.969971  3991.969971     6741966
2023-03-08 11:22:00-05:00  3991.979980  3992.870117  3991.610107  3992.790039  3992.790039     6294432
2023-03-08 11:24:00-05:00  3992.760010  3992.909912  3990.040039  3992.090088  3992.090088     7780636
2023-03-08 11:26:00-05:00  3992.110107  3993.149902  3992.050049  3992.550049  3992.550049     6312514
2023-03-08 11:28:00-05:00  3992.550049  3992.550049  3988.489990  3989.199951  3989.199951     7743867
2023-03-08 11:30:00-05:00  3989.260010  3989.800049  3986.169922  3986.610107  3986.610107     7974818
2023-03-08 11:32:00-05:00  3986.639893  3986.639893  3984.500000  3985.989990  3985.989990     7796182
2023-03-08 11:34:00-05:00  3985.969971  3985.969971  3981.350098  3982.709961  3982.709961    10207755
2023-03-08 11:36:00-05:00  3982.699951  3984.840088  3982.040039  3984.489990  3984.489990     6446025
2023-03-08 11:38:00-05:00  3984.479980  3986.790039  3984.360107  3986.790039  3986.790039     6144577
2023-03-08 11:40:00-05:00  3986.850098  3990.820068  3986.850098  3990.820068  3990.820068     7854988
2023-03-08 11:42:00-05:00  3990.760010  3991.870117  3990.629883  3991.209961  3991.209961     7041343
2023-03-08 11:44:00-05:00  3991.139893  3991.800049  3990.389893  3991.370117  3991.370117     6131546
2023-03-08 11:46:00-05:00  3991.360107  3993.620117  3991.360107  3993.419922  3993.419922     6636811
2023-03-08 11:48:00-05:00  3993.469971  3999.739990  3993.449951  3998.800049  3998.800049    10465121
2023-03-08 11:50:00-05:00  3998.800049  4000.219971  3997.729980  4000.110107  4000.110107     7069879
2023-03-08 11:52:00-05:00  4000.250000  4000.409912  3998.360107  3998.969971  3998.969971     7243293
2023-03-08 11:54:00-05:00  3998.919922  3999.139893  3997.479980  3997.919922  3997.919922     7038595
2023-03-08 11:56:00-05:00  3997.929932  3998.870117  3997.620117  3997.939941  3997.939941     6239919
2023-03-08 11:58:00-05:00  3997.949951  3998.120117  3995.610107  3996.729980  3996.729980     6764357
2023-03-08 12:00:00-05:00  3996.739990  3998.209961  3996.739990  3997.760010  3997.760010     8460401
2023-03-08 12:02:00-05:00  3997.810059  3998.219971  3995.280029  3995.280029  3995.280029     6493734
2023-03-08 12:04:00-05:00  3995.229980  3995.439941  3994.860107  3995.250000  3995.250000     6567265
2023-03-08 12:06:00-05:00  3995.290039  3995.320068  3990.739990  3991.040039  3991.040039     7688288
2023-03-08 12:08:00-05:00  3991.030029  3991.179932  3989.189941  3989.370117  3989.370117     6862777
2023-03-08 12:10:00-05:00  3989.360107  3989.729980  3988.340088  3988.750000  3988.750000     6109864
2023-03-08 12:12:00-05:00  3988.780029  3988.810059  3985.070068  3986.179932  3986.179932     7895277
2023-03-08 12:14:00-05:00  3986.080078  3986.080078  3984.639893  3984.850098  3984.850098     5723495
2023-03-08 12:16:00-05:00  3984.870117  3985.649902  3984.209961  3984.909912  3984.909912     7080923
2023-03-08 12:18:00-05:00  3984.939941  3988.189941  3984.760010  3987.659912  3987.659912     6330409
2023-03-08 12:20:00-05:00  3987.719971  3987.929932  3986.860107  3987.409912  3987.409912     5845490
2023-03-08 12:22:00-05:00  3987.379883  3987.520020  3986.179932  3987.120117  3987.120117     6052436
2023-03-08 12:24:00-05:00  3987.120117  3987.750000  3986.689941  3987.040039  3987.040039     5467052
2023-03-08 12:26:00-05:00  3986.870117  3986.870117  3985.810059  3986.550049  3986.550049     5594684
2023-03-08 12:28:00-05:00  3986.620117  3986.620117  3982.889893  3983.379883  3983.379883     8063166
2023-03-08 12:30:00-05:00  3983.419922  3983.439941  3979.570068  3979.570068  3979.570068     8937082
2023-03-08 12:32:00-05:00  3979.540039  3980.189941  3976.439941  3980.070068  3980.070068     9399141
2023-03-08 12:34:00-05:00  3980.080078  3981.149902  3979.350098  3981.040039  3981.040039     6504016
2023-03-08 12:36:00-05:00  3981.010010  3983.770020  3981.010010  3983.540039  3983.540039     6480550
2023-03-08 12:38:00-05:00  3983.540039  3985.050049  3983.320068  3984.229980  3984.229980     5692153
2023-03-08 12:40:00-05:00  3984.370117  3986.560059  3984.340088  3985.649902  3985.649902     5766978
2023-03-08 12:42:00-05:00  3985.629883  3986.560059  3985.580078  3986.399902  3986.399902     4729487
2023-03-08 12:44:00-05:00  3986.439941  3987.010010  3985.860107  3986.520020  3986.520020     5359231
2023-03-08 12:46:00-05:00  3986.489990  3986.979980  3986.209961  3986.209961  3986.209961     5123912
2023-03-08 12:48:00-05:00  3986.149902  3986.149902  3983.959961  3985.790039  3985.790039     6265332
2023-03-08 12:50:00-05:00  3985.790039  3986.189941  3984.429932  3984.669922  3984.669922     4864259
2023-03-08 12:52:00-05:00  3984.669922  3985.070068  3984.300049  3984.610107  3984.610107     5013093
2023-03-08 12:54:00-05:00  3984.590088  3984.770020  3982.260010  3982.290039  3982.290039     7414902
2023-03-08 12:56:00-05:00  3982.340088  3983.260010  3981.010010  3983.260010  3983.260010     7130427
2023-03-08 12:58:00-05:00  3983.280029  3983.459961  3982.000000  3982.860107  3982.860107     5339062
2023-03-08 13:00:00-05:00  3982.889893  3984.649902  3981.889893  3983.780029  3983.780029     6524587
2023-03-08 13:02:00-05:00  3983.719971  3983.729980  3977.590088  3980.540039  3980.540039     9712770
2023-03-08 13:04:00-05:00  3980.719971  3981.459961  3978.120117  3978.550049  3978.550049     6246217
2023-03-08 13:06:00-05:00  3978.590088  3980.939941  3978.000000  3980.070068  3980.070068     6350824
2023-03-08 13:08:00-05:00  3980.080078  3980.080078  3977.560059  3977.679932  3977.679932     5925389
2023-03-08 13:10:00-05:00  3977.639893  3977.969971  3975.209961  3976.250000  3976.250000     7124340
2023-03-08 13:12:00-05:00  3976.340088  3978.659912  3976.209961  3978.659912  3978.659912     5195880
2023-03-08 13:14:00-05:00  3978.679932  3980.000000  3976.050049  3977.590088  3977.590088     7238277
2023-03-08 13:16:00-05:00  3977.620117  3977.959961  3974.010010  3974.010010  3974.010010     7176450
2023-03-08 13:18:00-05:00  3974.070068  3975.889893  3973.919922  3975.510010  3975.510010     5063025
2023-03-08 13:20:00-05:00  3975.469971  3976.260010  3974.229980  3975.949951  3975.949951     5562413
2023-03-08 13:22:00-05:00  3975.979980  3977.669922  3975.979980  3976.570068  3976.570068     5561111
2023-03-08 13:24:00-05:00  3976.590088  3977.379883  3975.610107  3975.830078  3975.830078     4967573
2023-03-08 13:26:00-05:00  3975.989990  3976.129883  3974.159912  3974.459961  3974.459961     5099290
2023-03-08 13:28:00-05:00  3974.469971  3974.820068  3971.330078  3971.590088  3971.590088     6141678
2023-03-08 13:30:00-05:00  3971.689941  3972.939941  3970.149902  3972.939941  3972.939941     7301078
2023-03-08 13:32:00-05:00  3973.000000  3973.709961  3972.310059  3972.689941  3972.689941     5699465
2023-03-08 13:34:00-05:00  3972.699951  3973.790039  3972.139893  3972.800049  3972.800049     7062758
2023-03-08 13:36:00-05:00  3972.800049  3972.800049  3970.929932  3971.540039  3971.540039     5974890
2023-03-08 13:38:00-05:00  3971.560059  3972.520020  3970.989990  3971.689941  3971.689941     4983070
2023-03-08 13:40:00-05:00  3971.590088  3971.590088  3969.989990  3970.530029  3970.530029     6727043
2023-03-08 13:42:00-05:00  3970.500000  3971.050049  3970.129883  3970.669922  3970.669922     5619837
2023-03-08 13:44:00-05:00  3970.659912  3972.000000  3970.540039  3971.310059  3971.310059     6638094
2023-03-08 13:46:00-05:00  3971.409912  3972.790039  3971.010010  3971.500000  3971.500000     5864476
2023-03-08 13:48:00-05:00  3971.520020  3972.350098  3971.030029  3971.340088  3971.340088     5563904
2023-03-08 13:50:00-05:00  3971.320068  3971.320068  3969.760010  3970.760010  3970.760010     6321291
2023-03-08 13:52:00-05:00  3970.729980  3973.889893  3970.639893  3973.820068  3973.820068     6423283
2023-03-08 13:54:00-05:00  3973.899902  3975.790039  3973.469971  3974.419922  3974.419922     7411469
2023-03-08 13:56:00-05:00  3974.399902  3975.199951  3971.870117  3972.020020  3972.020020     7269049
2023-03-08 13:58:00-05:00  3972.040039  3973.110107  3971.629883  3973.110107  3973.110107     5231553
2023-03-08 14:00:00-05:00  3973.169922  3975.600098  3973.149902  3975.250000  3975.250000     5566964
2023-03-08 14:02:00-05:00  3975.560059  3976.449951  3974.530029  3974.530029  3974.530029     5534248
2023-03-08 14:04:00-05:00  3974.510010  3975.010010  3973.219971  3973.709961  3973.709961     5717250
2023-03-08 14:06:00-05:00  3973.679932  3974.860107  3973.020020  3973.489990  3973.489990     5554612
2023-03-08 14:08:00-05:00  3973.510010  3976.810059  3973.459961  3976.699951  3976.699951     6711961
2023-03-08 14:10:00-05:00  3976.699951  3979.300049  3976.699951  3979.300049  3979.300049     7479164
2023-03-08 14:12:00-05:00  3979.300049  3980.310059  3978.739990  3978.810059  3978.810059     7572170
2023-03-08 14:14:00-05:00  3978.860107  3979.120117  3976.209961  3977.639893  3977.639893     7529810
2023-03-08 14:16:00-05:00  3977.659912  3978.590088  3976.530029  3977.510010  3977.510010     7380939
2023-03-08 14:18:00-05:00  3977.479980  3977.750000  3976.989990  3977.750000  3977.750000     4613659
2023-03-08 14:20:00-05:00  3977.780029  3980.070068  3977.590088  3980.040039  3980.040039     6695017
2023-03-08 14:22:00-05:00  3980.030029  3980.030029  3978.389893  3979.209961  3979.209961     5238468
2023-03-08 14:24:00-05:00  3979.219971  3979.510010  3978.199951  3979.399902  3979.399902     5837360
2023-03-08 14:26:00-05:00  3979.389893  3981.129883  3979.340088  3981.129883  3981.129883     5474542
2023-03-08 14:28:00-05:00  3981.149902  3981.889893  3980.429932  3981.399902  3981.399902     6981070
2023-03-08 14:30:00-05:00  3981.429932  3981.830078  3980.659912  3981.050049  3981.050049     6855564
2023-03-08 14:32:00-05:00  3981.090088  3982.270020  3979.770020  3980.360107  3980.360107     8398404
2023-03-08 14:34:00-05:00  3980.320068  3980.419922  3979.189941  3980.189941  3980.189941     5868572
2023-03-08 14:36:00-05:00  3980.370117  3982.459961  3980.179932  3981.879883  3981.879883     7004895
2023-03-08 14:38:00-05:00  3981.820068  3983.129883  3981.719971  3981.750000  3981.750000     6213392
2023-03-08 14:40:00-05:00  3981.719971  3982.870117  3981.219971  3981.260010  3981.260010     6280235
2023-03-08 14:42:00-05:00  3981.189941  3981.189941  3979.770020  3980.199951  3980.199951     7261781
2023-03-08 14:44:00-05:00  3980.199951  3980.270020  3978.810059  3978.810059  3978.810059     6304308
2023-03-08 14:46:00-05:00  3978.800049  3980.070068  3978.360107  3979.500000  3979.500000     5663760
2023-03-08 14:48:00-05:00  3979.479980  3980.000000  3979.080078  3979.179932  3979.179932     5607311
2023-03-08 14:50:00-05:00  3979.189941  3979.189941  3976.770020  3977.090088  3977.090088     7293516
2023-03-08 14:52:00-05:00  3977.129883  3977.919922  3976.870117  3977.770020  3977.770020     5112763
2023-03-08 14:54:00-05:00  3977.760010  3978.770020  3977.729980  3977.899902  3977.899902     5921429
2023-03-08 14:56:00-05:00  3977.889893  3978.000000  3977.090088  3977.350098  3977.350098     6017737
2023-03-08 14:58:00-05:00  3977.350098  3977.550049  3976.300049  3976.840088  3976.840088     6872396
2023-03-08 15:00:00-05:00  3976.889893  3978.659912  3976.439941  3976.449951  3976.449951     8689491
2023-03-08 15:02:00-05:00  3976.429932  3977.820068  3975.820068  3977.699951  3977.699951     7377067
2023-03-08 15:04:00-05:00  3977.709961  3977.889893  3974.899902  3975.100098  3975.100098     7910695
2023-03-08 15:06:00-05:00  3975.350098  3975.399902  3973.530029  3974.810059  3974.810059     6984029
2023-03-08 15:08:00-05:00  3974.780029  3976.389893  3974.040039  3976.239990  3976.239990     7203219
2023-03-08 15:10:00-05:00  3976.209961  3976.209961  3974.489990  3974.639893  3974.639893     7160573
2023-03-08 15:12:00-05:00  3974.639893  3975.939941  3974.409912  3975.540039  3975.540039     7614095
2023-03-08 15:14:00-05:00  3975.500000  3975.989990  3974.129883  3974.129883  3974.129883     8352889
2023-03-08 15:16:00-05:00  3973.889893  3974.929932  3973.580078  3974.830078  3974.830078     7125626
2023-03-08 15:18:00-05:00  3974.830078  3975.300049  3974.189941  3974.379883  3974.379883     6936778
2023-03-08 15:20:00-05:00  3974.419922  3976.300049  3974.199951  3975.889893  3975.889893     9026456
2023-03-08 15:22:00-05:00  3975.929932  3976.270020  3975.030029  3975.340088  3975.340088     8275351
2023-03-08 15:24:00-05:00  3975.379883  3975.639893  3973.250000  3974.219971  3974.219971     9503998
2023-03-08 15:26:00-05:00  3974.239990  3974.419922  3973.280029  3973.750000  3973.750000     8848033
2023-03-08 15:28:00-05:00  3973.760010  3975.570068  3973.179932  3975.489990  3975.489990     8719973
2023-03-08 15:30:00-05:00  3975.479980  3978.070068  3975.260010  3977.370117  3977.370117    11842033
2023-03-08 15:32:00-05:00  3977.409912  3977.830078  3976.820068  3977.629883  3977.629883     9769091
2023-03-08 15:34:00-05:00  3977.629883  3980.770020  3977.580078  3980.560059  3980.560059    12894664
2023-03-08 15:36:00-05:00  3980.570068  3984.290039  3980.560059  3983.919922  3983.919922    13918928
2023-03-08 15:38:00-05:00  3984.010010  3985.350098  3983.770020  3984.060059  3984.060059    11866909
2023-03-08 15:40:00-05:00  3984.070068  3985.520020  3984.070068  3985.510010  3985.510010    12877147
2023-03-08 15:42:00-05:00  3985.540039  3988.489990  3984.780029  3988.489990  3988.489990    14276133
2023-03-08 15:44:00-05:00  3988.580078  3992.330078  3988.580078  3992.320068  3992.320068    16698500
2023-03-08 15:46:00-05:00  3992.429932  3994.969971  3992.260010  3992.389893  3992.389893    18665326
2023-03-08 15:48:00-05:00  3992.330078  3993.620117  3990.600098  3992.070068  3992.070068    17120783
2023-03-08 15:50:00-05:00  3992.100098  3992.570068  3989.929932  3991.080078  3991.080078    24984944
2023-03-08 15:52:00-05:00  3991.000000  3993.000000  3990.969971  3991.560059  3991.560059    24278767
2023-03-08 15:54:00-05:00  3991.550049  3992.139893  3990.780029  3991.510010  3991.510010    25164197
2023-03-08 15:56:00-05:00  3991.709961  3992.820068  3990.879883  3991.350098  3991.350098    26302618
2023-03-08 15:58:00-05:00  3991.280029  3992.790039  3990.969971  3991.909912  3991.909912    26503727
2023-03-09 09:30:00-05:00  3998.659912  4001.280029  3998.239990  3999.139893  3999.139893     8346477
2023-03-09 09:32:00-05:00  3999.129883  4003.080078  3997.260010  4002.919922  4002.919922    15495388
2023-03-09 09:34:00-05:00  4003.080078  4007.129883  4002.429932  4006.570068  4006.570068    15249580
2023-03-09 09:36:00-05:00  4006.820068  4007.419922  4003.899902  4005.250000  4005.250000    13788233
2023-03-09 09:38:00-05:00  4005.340088  4007.479980  4004.429932  4007.479980  4007.479980    14301824
2023-03-09 09:40:00-05:00  4008.139893  4008.750000  4004.820068  4004.850098  4004.850098    13837241
2023-03-09 09:42:00-05:00  4004.820068  4006.310059  4003.320068  4005.399902  4005.399902    13848169
2023-03-09 09:44:00-05:00  4005.560059  4008.850098  4005.560059  4008.290039  4008.290039    14766970
2023-03-09 09:46:00-05:00  4008.229980  4013.939941  4008.229980  4012.810059  4012.810059    14994977
2023-03-09 09:48:00-05:00  4012.820068  4015.600098  4012.669922  4014.709961  4014.709961    13174475
2023-03-09 09:50:00-05:00  4014.810059  4017.810059  4014.310059  4014.310059  4014.310059    12740309
2023-03-09 09:52:00-05:00  4014.300049  4014.610107  4011.129883  4012.159912  4012.159912    14230870
2023-03-09 09:54:00-05:00  4012.040039  4012.790039  4010.639893  4011.739990  4011.739990    12561599
2023-03-09 09:56:00-05:00  4011.860107  4011.860107  4009.459961  4010.520020  4010.520020    12448918
2023-03-09 09:58:00-05:00  4010.419922  4011.919922  4009.520020  4010.560059  4010.560059    12358589
2023-03-09 10:00:00-05:00  4010.659912  4012.250000  4009.340088  4010.909912  4010.909912    14480988
2023-03-09 10:02:00-05:00  4010.959961  4013.989990  4010.270020  4013.929932  4013.929932    12906632
2023-03-09 10:04:00-05:00  4013.969971  4014.260010  4012.570068  4013.459961  4013.459961    12006592
2023-03-09 10:06:00-05:00  4013.479980  4015.590088  4009.239990  4009.239990  4009.239990    15215484
2023-03-09 10:08:00-05:00  4009.320068  4010.479980  4008.449951  4010.479980  4010.479980    11939030
2023-03-09 10:10:00-05:00  4010.419922  4011.409912  4005.239990  4006.250000  4006.250000    13607836
2023-03-09 10:12:00-05:00  4006.250000  4006.310059  4003.879883  4004.229980  4004.229980    11564059
2023-03-09 10:14:00-05:00  4004.219971  4005.439941  4003.800049  4005.439941  4005.439941    12005391
2023-03-09 10:16:00-05:00  4005.540039  4005.659912  3997.409912  3997.570068  3997.570068    14450967
2023-03-09 10:18:00-05:00  3997.370117  4001.239990  3997.260010  4000.590088  4000.590088    11858322
2023-03-09 10:20:00-05:00  4000.409912  4002.770020  4000.169922  4002.070068  4002.070068    11621910
2023-03-09 10:22:00-05:00  4002.060059  4002.639893  4000.600098  4002.290039  4002.290039     9855442
2023-03-09 10:24:00-05:00  4002.340088  4002.399902  3999.830078  4000.889893  4000.889893    11354306
2023-03-09 10:26:00-05:00  4000.909912  4001.020020  3999.780029  4000.699951  4000.699951     9301805
2023-03-09 10:28:00-05:00  4000.780029  4003.439941  4000.780029  4003.360107  4003.360107    10104088
2023-03-09 10:30:00-05:00  4003.469971  4005.340088  4003.209961  4005.159912  4005.159912    11372775
2023-03-09 10:32:00-05:00  4005.229980  4009.340088  4005.219971  4009.280029  4009.280029    11009366
2023-03-09 10:34:00-05:00  4009.129883  4010.879883  4008.919922  4010.840088  4010.840088     9838211
2023-03-09 10:36:00-05:00  4010.860107  4011.820068  4009.760010  4009.780029  4009.780029    10491361
2023-03-09 10:38:00-05:00  4009.770020  4011.989990  4009.719971  4010.020020  4010.020020     9603392
2023-03-09 10:40:00-05:00  4010.090088  4011.399902  4009.790039  4010.939941  4010.939941    10017049
2023-03-09 10:42:00-05:00  4010.989990  4012.260010  4010.459961  4011.620117  4011.620117     6929797
2023-03-09 10:44:00-05:00  4011.610107  4012.080078  4010.199951  4011.320068  4011.320068    11222986
2023-03-09 10:46:00-05:00  4011.439941  4012.489990  4009.919922  4011.439941  4011.439941     9485312
2023-03-09 10:48:00-05:00  4011.459961  4013.439941  4011.439941  4011.699951  4011.699951     9421280
2023-03-09 10:50:00-05:00  4011.719971  4011.729980  4009.040039  4010.189941  4010.189941     8431148
2023-03-09 10:52:00-05:00  4010.070068  4010.419922  4008.979980  4010.090088  4010.090088     7296497
2023-03-09 10:54:00-05:00  4010.120117  4010.120117  4006.360107  4006.439941  4006.439941     8588841
2023-03-09 10:56:00-05:00  4006.530029  4006.570068  4002.570068  4003.800049  4003.800049    10630856
2023-03-09 10:58:00-05:00  4003.810059  4005.300049  4002.239990  4002.370117  4002.370117     9247385
2023-03-09 11:00:00-05:00  4002.389893  4003.020020  4000.709961  4001.580078  4001.580078     9094119
2023-03-09 11:02:00-05:00  4001.620117  4002.199951  3998.820068  3999.810059  3999.810059     8791823
2023-03-09 11:04:00-05:00  4000.010010  4000.320068  3999.169922  4000.320068  4000.320068     9386471
2023-03-09 11:06:00-05:00  4000.360107  4000.600098  3997.909912  3998.199951  3998.199951     8663558
2023-03-09 11:08:00-05:00  3998.189941  3998.770020  3996.520020  3998.770020  3998.770020    11045031
2023-03-09 11:10:00-05:00  3998.639893  3999.949951  3997.540039  3999.209961  3999.209961     9755475
2023-03-09 11:12:00-05:00  3999.090088  3999.879883  3998.280029  3998.479980  3998.479980     7887567
2023-03-09 11:14:00-05:00  3998.510010  4000.790039  3998.510010  4000.750000  4000.750000     8835549
2023-03-09 11:16:00-05:00  4000.780029  4001.649902  3999.949951  4000.550049  4000.550049     8244719
2023-03-09 11:18:00-05:00  4000.669922  4001.330078  3998.709961  3999.729980  3999.729980     8715143
2023-03-09 11:20:00-05:00  3999.860107  4001.040039  3999.709961  3999.790039  3999.790039     7732385
2023-03-09 11:22:00-05:00  3999.840088  4001.939941  3998.469971  4001.820068  4001.820068     8593102
2023-03-09 11:24:00-05:00  4001.850098  4002.500000  3999.909912  4000.679932  4000.679932     8907256
2023-03-09 11:26:00-05:00  4000.679932  4000.810059  3997.260010  3997.409912  3997.409912     9213602
2023-03-09 11:28:00-05:00  3997.479980  3997.600098  3995.370117  3995.510010  3995.510010     8460038
2023-03-09 11:30:00-05:00  3995.510010  3998.540039  3995.399902  3996.889893  3996.889893     9720625
2023-03-09 11:32:00-05:00  3996.899902  3997.830078  3996.070068  3997.520020  3997.520020     8357139
2023-03-09 11:34:00-05:00  3997.479980  3997.979980  3996.149902  3996.629883  3996.629883     8623576
2023-03-09 11:36:00-05:00  3996.570068  3996.989990  3995.010010  3996.639893  3996.639893     7531055
2023-03-09 11:38:00-05:00  3996.560059  3996.560059  3994.560059  3995.010010  3995.010010     6799194
2023-03-09 11:40:00-05:00  3995.050049  3996.750000  3994.280029  3996.239990  3996.239990     7682089
2023-03-09 11:42:00-05:00  3996.310059  3997.250000  3995.459961  3995.750000  3995.750000     8697870
2023-03-09 11:44:00-05:00  3995.750000  3997.929932  3995.280029  3997.600098  3997.600098     7812370
2023-03-09 11:46:00-05:00  3997.659912  3998.580078  3996.620117  3996.620117  3996.620117     7445186
2023-03-09 11:48:00-05:00  3996.580078  3999.750000  3996.510010  3998.760010  3998.760010     7713882
2023-03-09 11:50:00-05:00  3998.729980  3999.770020  3998.560059  3999.139893  3999.139893     6678828
2023-03-09 11:52:00-05:00  3999.139893  3999.500000  3996.989990  3996.989990  3996.989990     7941331
2023-03-09 11:54:00-05:00  3997.020020  3998.270020  3995.689941  3995.899902  3995.899902     9120808
2023-03-09 11:56:00-05:00  3995.899902  3995.899902  3993.560059  3994.389893  3994.389893     7565714
2023-03-09 11:58:00-05:00  3994.379883  3994.870117  3993.510010  3993.639893  3993.639893     6645570
2023-03-09 12:00:00-05:00  3993.620117  3994.100098  3990.570068  3991.790039  3991.790039    10377658
2023-03-09 12:02:00-05:00  3991.590088  3991.590088  3984.949951  3986.020020  3986.020020    13850629
2023-03-09 12:04:00-05:00  3986.209961  3988.050049  3984.870117  3986.209961  3986.209961     9668011
2023-03-09 12:06:00-05:00  3986.229980  3989.929932  3985.889893  3989.360107  3989.360107     8195568
2023-03-09 12:08:00-05:00  3989.290039  3989.290039  3987.000000  3988.770020  3988.770020     6980079
2023-03-09 12:10:00-05:00  3988.800049  3990.760010  3988.629883  3990.360107  3990.360107     6597096
2023-03-09 12:12:00-05:00  3990.360107  3990.800049  3989.100098  3989.199951  3989.199951     6546325
2023-03-09 12:14:00-05:00  3989.139893  3989.919922  3988.090088  3989.659912  3989.659912     8145467
2023-03-09 12:16:00-05:00  3989.669922  3990.530029  3986.709961  3986.709961  3986.709961     8235180
2023-03-09 12:18:00-05:00  3986.790039  3991.100098  3986.790039  3990.770020  3990.770020     7958566
2023-03-09 12:20:00-05:00  3990.750000  3991.020020  3989.739990  3990.260010  3990.260010     6608968
2023-03-09 12:22:00-05:00  3990.320068  3994.270020  3990.320068  3993.659912  3993.659912     8153741
2023-03-09 12:24:00-05:00  3993.780029  3993.889893  3992.760010  3993.139893  3993.139893     6509833
2023-03-09 12:26:00-05:00  3993.129883  3994.629883  3992.169922  3994.469971  3994.469971     7176230
2023-03-09 12:28:00-05:00  3994.500000  3995.020020  3993.350098  3994.689941  3994.689941     6924622
2023-03-09 12:30:00-05:00  3994.699951  3995.550049  3994.260010  3995.350098  3995.350098     7310981
2023-03-09 12:32:00-05:00  3995.360107  3995.570068  3993.449951  3993.510010  3993.510010     7137750
2023-03-09 12:34:00-05:00  3993.479980  3993.620117  3990.439941  3990.479980  3990.479980     9766553
2023-03-09 12:36:00-05:00  3990.449951  3990.639893  3987.159912  3988.540039  3988.540039     8783036
2023-03-09 12:38:00-05:00  3988.610107  3989.370117  3987.800049  3988.300049  3988.300049     6552169
2023-03-09 12:40:00-05:00  3988.270020  3989.760010  3986.969971  3989.729980  3989.729980     7353939
2023-03-09 12:42:00-05:00  3989.729980  3990.320068  3987.310059  3987.310059  3987.310059     8275693
2023-03-09 12:44:00-05:00  3987.280029  3987.300049  3983.540039  3983.879883  3983.879883     9404136
2023-03-09 12:46:00-05:00  3983.820068  3985.090088  3983.469971  3984.750000  3984.750000     9420482
2023-03-09 12:48:00-05:00  3984.590088  3984.590088  3980.449951  3981.189941  3981.189941    11284405
2023-03-09 12:50:00-05:00  3981.149902  3983.570068  3980.669922  3982.620117  3982.620117     8526515
2023-03-09 12:52:00-05:00  3982.570068  3983.189941  3981.449951  3983.129883  3983.129883     7650328
2023-03-09 12:54:00-05:00  3983.139893  3983.600098  3981.840088  3982.189941  3982.189941     6742844
2023-03-09 12:56:00-05:00  3982.129883  3983.820068  3981.800049  3982.000000  3982.000000     7190105
2023-03-09 12:58:00-05:00  3982.020020  3983.370117  3981.870117  3982.310059  3982.310059     6210633
2023-03-09 13:00:00-05:00  3982.239990  3983.469971  3979.889893  3979.889893  3979.889893    10323479
2023-03-09 13:02:00-05:00  3979.929932  3984.600098  3979.929932  3984.500000  3984.500000     7855691
2023-03-09 13:04:00-05:00  3984.500000  3984.699951  3982.719971  3983.120117  3983.120117     7177795
2023-03-09 13:06:00-05:00  3982.879883  3983.610107  3982.179932  3983.250000  3983.250000     7264946
2023-03-09 13:08:00-05:00  3983.250000  3983.399902  3981.860107  3982.360107  3982.360107     7253053
2023-03-09 13:10:00-05:00  3982.360107  3982.620117  3977.770020  3978.300049  3978.300049     8552759
2023-03-09 13:12:00-05:00  3978.300049  3980.350098  3978.300049  3979.219971  3979.219971     7243792
2023-03-09 13:14:00-05:00  3979.189941  3979.790039  3977.139893  3977.139893  3977.139893     7444029
2023-03-09 13:16:00-05:00  3977.159912  3977.889893  3976.290039  3976.399902  3976.399902     6853055
2023-03-09 13:18:00-05:00  3976.399902  3976.399902  3974.959961  3974.959961  3974.959961     7593443
2023-03-09 13:20:00-05:00  3975.030029  3977.419922  3975.020020  3976.159912  3976.159912     8394259
2023-03-09 13:22:00-05:00  3976.189941  3976.239990  3971.629883  3971.629883  3971.629883     8013482
2023-03-09 13:24:00-05:00  3971.659912  3972.040039  3967.489990  3967.520020  3967.520020     9601453
2023-03-09 13:26:00-05:00  3967.520020  3967.989990  3966.070068  3966.820068  3966.820068     8421933
2023-03-09 13:28:00-05:00  3966.739990  3968.169922  3965.040039  3967.540039  3967.540039     9235704
2023-03-09 13:30:00-05:00  3967.510010  3967.550049  3965.860107  3965.860107  3965.860107     8591115
2023-03-09 13:32:00-05:00  3965.850098  3965.850098  3962.239990  3962.510010  3962.510010     8758382
2023-03-09 13:34:00-05:00  3962.520020  3963.449951  3961.929932  3962.120117  3962.120117     8912912
2023-03-09 13:36:00-05:00  3962.219971  3962.909912  3960.979980  3961.070068  3961.070068     7753031
2023-03-09 13:38:00-05:00  3961.120117  3961.919922  3958.580078  3958.800049  3958.800049    11118017
2023-03-09 13:40:00-05:00  3958.889893  3962.399902  3958.810059  3961.570068  3961.570068    10000384
2023-03-09 13:42:00-05:00  3961.580078  3964.360107  3961.439941  3964.360107  3964.360107     8631327
2023-03-09 13:44:00-05:00  3964.399902  3964.689941  3961.629883  3961.860107  3961.860107     9021799
2023-03-09 13:46:00-05:00  3961.939941  3963.360107  3959.899902  3959.899902  3959.899902     7679967
2023-03-09 13:48:00-05:00  3959.840088  3959.840088  3953.020020  3953.479980  3953.479980    13342501
2023-03-09 13:50:00-05:00  3953.459961  3956.040039  3950.719971  3956.040039  3956.040039    11877963
2023-03-09 13:52:00-05:00  3956.010010  3956.510010  3954.719971  3954.770020  3954.770020     8007672
2023-03-09 13:54:00-05:00  3954.699951  3955.120117  3953.929932  3954.000000  3954.000000     7260763
2023-03-09 13:56:00-05:00  3953.979980  3956.449951  3953.929932  3954.010010  3954.010010     7688372
2023-03-09 13:58:00-05:00  3953.959961  3954.510010  3953.580078  3954.360107  3954.360107     6913923
2023-03-09 14:00:00-05:00  3954.250000  3954.659912  3950.820068  3951.879883  3951.879883    10515701
2023-03-09 14:02:00-05:00  3951.800049  3954.540039  3948.860107  3948.860107  3948.860107    12688139
2023-03-09 14:04:00-05:00  3948.790039  3949.919922  3946.659912  3946.830078  3946.830078    11197520
2023-03-09 14:06:00-05:00  3947.000000  3948.830078  3946.889893  3948.750000  3948.750000     8710951
2023-03-09 14:08:00-05:00  3948.719971  3950.350098  3947.729980  3949.239990  3949.239990     9638327
2023-03-09 14:10:00-05:00  3949.239990  3950.370117  3948.030029  3948.419922  3948.419922     9551906
2023-03-09 14:12:00-05:00  3948.389893  3948.439941  3945.889893  3946.540039  3946.540039     9266857
2023-03-09 14:14:00-05:00  3946.610107  3950.270020  3946.610107  3949.699951  3949.699951     9422459
2023-03-09 14:16:00-05:00  3949.719971  3953.520020  3949.719971  3952.459961  3952.459961     9533129
2023-03-09 14:18:00-05:00  3952.500000  3952.500000  3950.110107  3951.360107  3951.360107     8214372
2023-03-09 14:20:00-05:00  3951.419922  3953.139893  3950.189941  3952.739990  3952.739990     8737908
2023-03-09 14:22:00-05:00  3952.739990  3952.989990  3950.100098  3952.899902  3952.899902     9599837
2023-03-09 14:24:00-05:00  3953.090088  3956.550049  3953.080078  3955.760010  3955.760010     9548749
2023-03-09 14:26:00-05:00  3955.810059  3955.810059  3952.409912  3952.709961  3952.709961     8004166
2023-03-09 14:28:00-05:00  3952.659912  3952.659912  3950.120117  3950.169922  3950.169922     8886739
2023-03-09 14:30:00-05:00  3950.149902  3950.169922  3944.629883  3946.100098  3946.100098    12671592
2023-03-09 14:32:00-05:00  3946.139893  3946.370117  3942.100098  3942.260010  3942.260010     9506700
2023-03-09 14:34:00-05:00  3942.250000  3947.709961  3942.219971  3947.709961  3947.709961    10606386
2023-03-09 14:36:00-05:00  3947.669922  3948.540039  3947.290039  3948.540039  3948.540039     7752629
2023-03-09 14:38:00-05:00  3948.510010  3949.110107  3946.909912  3947.030029  3947.030029     7558887
2023-03-09 14:40:00-05:00  3946.959961  3951.120117  3946.959961  3950.120117  3950.120117     9297695
2023-03-09 14:42:00-05:00  3950.070068  3950.070068  3947.919922  3948.389893  3948.389893     7019689
2023-03-09 14:44:00-05:00  3948.330078  3950.699951  3947.909912  3950.580078  3950.580078     7294252
2023-03-09 14:46:00-05:00  3950.550049  3951.350098  3950.139893  3950.139893  3950.139893     7560651
2023-03-09 14:48:00-05:00  3949.719971  3949.719971  3943.510010  3944.870117  3944.870117    11236268
2023-03-09 14:50:00-05:00  3945.120117  3945.120117  3942.489990  3943.360107  3943.360107     8466038
2023-03-09 14:52:00-05:00  3943.250000  3944.620117  3940.699951  3944.620117  3944.620117    10072404
2023-03-09 14:54:00-05:00  3944.629883  3944.879883  3940.739990  3941.439941  3941.439941     8305663
2023-03-09 14:56:00-05:00  3941.479980  3941.479980  3938.120117  3938.120117  3938.120117     9136696
2023-03-09 14:58:00-05:00  3937.679932  3938.409912  3936.810059  3937.050049  3937.050049     9516917
2023-03-09 15:00:00-05:00  3937.080078  3939.300049  3936.879883  3937.929932  3937.929932     9552357
2023-03-09 15:02:00-05:00  3937.909912  3938.429932  3934.790039  3934.909912  3934.909912    11407766
2023-03-09 15:04:00-05:00  3934.969971  3934.969971  3930.830078  3931.689941  3931.689941    13033673
2023-03-09 15:06:00-05:00  3931.739990  3931.899902  3930.340088  3930.689941  3930.689941    12111723
2023-03-09 15:08:00-05:00  3930.750000  3930.879883  3927.989990  3929.830078  3929.830078    10616113
2023-03-09 15:10:00-05:00  3929.820068  3931.820068  3928.090088  3929.389893  3929.389893    11581541
2023-03-09 15:12:00-05:00  3929.379883  3930.219971  3927.040039  3929.219971  3929.219971    14201903
2023-03-09 15:14:00-05:00  3929.209961  3929.520020  3926.379883  3926.449951  3926.449951    10891477
2023-03-09 15:16:00-05:00  3926.370117  3926.370117  3922.110107  3922.110107  3922.110107    14303444
2023-03-09 15:18:00-05:00  3921.979980  3922.540039  3915.669922  3915.699951  3915.699951    19198216
2023-03-09 15:20:00-05:00  3915.679932  3915.800049  3911.050049  3911.149902  3911.149902    18405643
2023-03-09 15:22:00-05:00  3911.179932  3919.689941  3908.699951  3919.290039  3919.290039    19451709
2023-03-09 15:24:00-05:00  3919.570068  3919.989990  3913.389893  3918.080078  3918.080078    15622907
2023-03-09 15:26:00-05:00  3918.060059  3923.689941  3917.879883  3923.260010  3923.260010    14125554
2023-03-09 15:28:00-05:00  3923.199951  3923.199951  3917.760010  3917.760010  3917.760010    13435895
2023-03-09 15:30:00-05:00  3917.449951  3920.989990  3915.080078  3920.629883  3920.629883    15761077
2023-03-09 15:32:00-05:00  3920.590088  3929.379883  3920.399902  3925.959961  3925.959961    22162110
2023-03-09 15:34:00-05:00  3925.979980  3928.439941  3925.879883  3926.709961  3926.709961    14138755
2023-03-09 15:36:00-05:00  3926.719971  3927.469971  3919.360107  3920.709961  3920.709961    18639901
2023-03-09 15:38:00-05:00  3920.729980  3928.250000  3920.000000  3927.870117  3927.870117    16261276
2023-03-09 15:40:00-05:00  3927.850098  3927.850098  3925.149902  3926.629883  3926.629883    15713165
2023-03-09 15:42:00-05:00  3926.439941  3929.540039  3925.719971  3927.629883  3927.629883    18038546
2023-03-09 15:44:00-05:00  3927.840088  3927.840088  3919.429932  3919.760010  3919.760010    21324317
2023-03-09 15:46:00-05:00  3919.810059  3921.449951  3918.159912  3921.270020  3921.270020    21111891
2023-03-09 15:48:00-05:00  3921.360107  3926.840088  3921.360107  3925.659912  3925.659912    24485244
2023-03-09 15:50:00-05:00  3925.649902  3932.159912  3924.699951  3927.850098  3927.850098    27270866
2023-03-09 15:52:00-05:00  3927.919922  3928.469971  3924.790039  3926.719971  3926.719971    28139549
2023-03-09 15:54:00-05:00  3926.689941  3928.649902  3922.060059  3922.439941  3922.439941    27110581
2023-03-09 15:56:00-05:00  3922.060059  3922.060059  3917.169922  3917.409912  3917.409912    29186977
2023-03-09 15:58:00-05:00  3917.919922  3920.510010  3916.500000  3919.379883  3919.379883    29543196
2023-03-10 09:30:00-05:00  3912.770020  3914.340088  3904.100098  3907.280029  3907.280029    16724848
2023-03-10 09:32:00-05:00  3907.060059  3914.199951  3906.179932  3907.300049  3907.300049    24413721
2023-03-10 09:34:00-05:00  3906.689941  3907.479980  3899.110107  3899.110107  3899.110107    24788904
2023-03-10 09:36:00-05:00  3899.090088  3903.250000  3898.250000  3902.560059  3902.560059    24350812
2023-03-10 09:38:00-05:00  3902.649902  3904.489990  3895.000000  3895.429932  3895.429932    23341801
2023-03-10 09:40:00-05:00  3895.379883  3896.179932  3888.429932  3890.320068  3890.320068    26995085
2023-03-10 09:42:00-05:00  3890.280029  3892.070068  3886.479980  3886.879883  3886.879883    25764010
2023-03-10 09:44:00-05:00  3886.810059  3888.600098  3884.639893  3884.870117  3884.870117    23756758
2023-03-10 09:46:00-05:00  3885.239990  3885.790039  3880.610107  3881.139893  3881.139893    24400882
2023-03-10 09:48:00-05:00  3880.870117  3884.889893  3878.010010  3883.870117  3883.870117    24821907
2023-03-10 09:50:00-05:00  3883.639893  3885.090088  3881.520020  3882.629883  3882.629883    23433492
2023-03-10 09:52:00-05:00  3883.020020  3895.699951  3883.020020  3894.810059  3894.810059    25868489
2023-03-10 09:54:00-05:00  3894.929932  3894.929932  3887.010010  3889.229980  3889.229980    19332118
2023-03-10 09:56:00-05:00  3889.090088  3893.879883  3888.449951  3893.879883  3893.879883    19323919
2023-03-10 09:58:00-05:00  3894.080078  3898.919922  3894.080078  3894.800049  3894.800049    20054842
2023-03-10 10:00:00-05:00  3894.510010  3905.949951  3894.429932  3905.469971  3905.469971    23180857
2023-03-10 10:02:00-05:00  3905.530029  3905.530029  3898.459961  3899.149902  3899.149902    18625187
2023-03-10 10:04:00-05:00  3898.899902  3905.110107  3898.659912  3903.530029  3903.530029    18515731
2023-03-10 10:06:00-05:00  3903.389893  3908.360107  3903.179932  3906.739990  3906.739990    18220378
2023-03-10 10:08:00-05:00  3906.830078  3907.350098  3901.510010  3906.010010  3906.010010    18624342
2023-03-10 10:10:00-05:00  3905.820068  3906.040039  3897.850098  3897.850098  3897.850098    19532346
2023-03-10 10:12:00-05:00  3898.360107  3907.629883  3898.260010  3905.229980  3905.229980    15649881
2023-03-10 10:14:00-05:00  3905.000000  3905.100098  3897.389893  3898.969971  3898.969971    15945349
2023-03-10 10:16:00-05:00  3898.739990  3900.110107  3893.159912  3896.040039  3896.040039    17721298
2023-03-10 10:18:00-05:00  3895.899902  3900.679932  3893.389893  3894.040039  3894.040039    17261445
2023-03-10 10:20:00-05:00  3893.459961  3896.659912  3890.899902  3891.719971  3891.719971    16927694
2023-03-10 10:22:00-05:00  3891.649902  3891.649902  3887.520020  3887.770020  3887.770020    14556614
2023-03-10 10:24:00-05:00  3887.760010  3896.699951  3887.330078  3893.770020  3893.770020    17199288
2023-03-10 10:26:00-05:00  3893.459961  3896.979980  3892.360107  3896.860107  3896.860107    15681789
2023-03-10 10:28:00-05:00  3896.530029  3896.530029  3889.469971  3891.530029  3891.530029    15164906
2023-03-10 10:30:00-05:00  3891.300049  3898.250000  3890.550049  3896.969971  3896.969971    16701814
2023-03-10 10:32:00-05:00  3897.000000  3903.280029  3895.129883  3895.949951  3895.949951    16155876
2023-03-10 10:34:00-05:00  3896.070068  3902.679932  3895.709961  3902.520020  3902.520020    14743487
2023-03-10 10:36:00-05:00  3902.689941  3904.020020  3898.209961  3899.379883  3899.379883    14148075
2023-03-10 10:38:00-05:00  3899.489990  3902.570068  3897.800049  3899.239990  3899.239990    14925494
2023-03-10 10:40:00-05:00  3899.439941  3903.419922  3893.699951  3894.810059  3894.810059    16913483
2023-03-10 10:42:00-05:00  3894.969971  3894.969971  3889.350098  3890.679932  3890.679932    14244378
2023-03-10 10:44:00-05:00  3890.840088  3892.149902  3888.510010  3891.889893  3891.889893    14270878
2023-03-10 10:46:00-05:00  3891.620117  3891.620117  3887.770020  3888.669922  3888.669922    13048293
2023-03-10 10:48:00-05:00  3888.689941  3891.689941  3888.250000  3891.620117  3891.620117    13435875
2023-03-10 10:50:00-05:00  3891.620117  3894.100098  3887.770020  3890.739990  3890.739990    14722834
2023-03-10 10:52:00-05:00  3891.020020  3896.969971  3890.949951  3896.969971  3896.969971    13254875
2023-03-10 10:54:00-05:00  3896.979980  3906.639893  3896.979980  3906.110107  3906.110107    15444875
2023-03-10 10:56:00-05:00  3906.600098  3912.709961  3904.060059  3910.169922  3910.169922    16784261
2023-03-10 10:58:00-05:00  3910.219971  3916.080078  3909.969971  3915.649902  3915.649902    15010237
2023-03-10 11:00:00-05:00  3915.409912  3915.409912  3910.389893  3913.520020  3913.520020    15735722
2023-03-10 11:02:00-05:00  3913.530029  3914.250000  3909.010010  3909.010010  3909.010010    14172573
2023-03-10 11:04:00-05:00  3908.949951  3911.510010  3908.419922  3910.780029  3910.780029    12481325
2023-03-10 11:06:00-05:00  3910.870117  3913.659912  3910.830078  3912.530029  3912.530029    12772674
2023-03-10 11:08:00-05:00  3912.520020  3915.250000  3910.659912  3914.360107  3914.360107    13069266
2023-03-10 11:10:00-05:00  3914.459961  3917.699951  3910.080078  3910.399902  3910.399902    15038950
2023-03-10 11:12:00-05:00  3910.469971  3911.810059  3908.429932  3909.790039  3909.790039     5887931
2023-03-10 11:14:00-05:00  3911.780029  3911.780029  3906.080078  3906.560059  3906.560059  1023455182
2023-03-10 11:16:00-05:00  3906.469971  3908.770020  3905.229980  3906.629883  3906.629883    12193823
2023-03-10 11:18:00-05:00  3906.600098  3910.610107  3904.989990  3910.530029  3910.530029    12664010
2023-03-10 11:20:00-05:00  3910.370117  3919.110107  3909.830078  3919.070068  3919.070068    13973399
2023-03-10 11:22:00-05:00  3919.020020  3920.659912  3917.939941  3918.929932  3918.929932    13753962
2023-03-10 11:24:00-05:00  3918.899902  3920.290039  3916.969971  3920.290039  3920.290039    12340535
2023-03-10 11:26:00-05:00  3920.379883  3925.370117  3920.270020  3924.750000  3924.750000    16108173
2023-03-10 11:28:00-05:00  3924.770020  3927.790039  3923.729980  3926.229980  3926.229980    15553786
2023-03-10 11:30:00-05:00  3926.270020  3930.850098  3925.979980  3930.320068  3930.320068    15469033
2023-03-10 11:32:00-05:00  3930.330078  3931.590088  3928.439941  3931.520020  3931.520020    14744279
2023-03-10 11:34:00-05:00  3931.560059  3934.050049  3931.530029  3933.629883  3933.629883    15141055
2023-03-10 11:36:00-05:00  3933.739990  3933.760010  3927.209961  3927.219971  3927.219971    14962432
2023-03-10 11:38:00-05:00  3926.679932  3931.439941  3925.110107  3927.000000  3927.000000    14719378
2023-03-10 11:40:00-05:00  3927.239990  3929.939941  3923.060059  3923.060059  3923.060059    11536157
2023-03-10 11:42:00-05:00  3922.939941  3925.689941  3922.939941  3924.459961  3924.459961    10209839
2023-03-10 11:44:00-05:00  3924.800049  3924.800049  3916.500000  3916.500000  3916.500000    14131639
2023-03-10 11:46:00-05:00  3915.659912  3915.659912  3907.840088  3908.889893  3908.889893    18227730
2023-03-10 11:48:00-05:00  3909.000000  3911.459961  3908.570068  3910.360107  3910.360107    11238257
2023-03-10 11:50:00-05:00  3910.239990  3910.239990  3905.000000  3906.290039  3906.290039    11892380
2023-03-10 11:52:00-05:00  3906.280029  3906.689941  3904.689941  3905.050049  3905.050049     9875308
2023-03-10 11:54:00-05:00  3905.020020  3908.129883  3903.520020  3903.850098  3903.850098    12066295
2023-03-10 11:56:00-05:00  3903.679932  3906.250000  3902.959961  3906.050049  3906.050049    11076101
2023-03-10 11:58:00-05:00  3906.030029  3906.260010  3900.120117  3900.989990  3900.989990    11461063
2023-03-10 12:00:00-05:00  3900.949951  3905.060059  3900.639893  3902.209961  3902.209961    10537460
2023-03-10 12:02:00-05:00  3902.030029  3903.530029  3901.360107  3902.550049  3902.550049     8412557
2023-03-10 12:04:00-05:00  3902.550049  3902.929932  3898.510010  3898.510010  3898.510010    10648915
2023-03-10 12:06:00-05:00  3898.340088  3899.979980  3896.739990  3896.739990  3896.739990     9716705
2023-03-10 12:08:00-05:00  3895.969971  3896.139893  3889.729980  3889.729980  3889.729980    13585262
2023-03-10 12:10:00-05:00  3889.760010  3890.540039  3887.310059  3890.330078  3890.330078    11865381
2023-03-10 12:12:00-05:00  3890.340088  3892.629883  3890.169922  3890.389893  3890.389893    10622422
2023-03-10 12:14:00-05:00  3890.419922  3894.370117  3889.780029  3892.189941  3892.189941    11841722
2023-03-10 12:16:00-05:00  3892.080078  3893.840088  3891.229980  3893.199951  3893.199951     9765027
2023-03-10 12:18:00-05:00  3893.110107  3893.260010  3889.909912  3890.000000  3890.000000     9204998
2023-03-10 12:20:00-05:00  3889.899902  3891.419922  3888.969971  3890.810059  3890.810059     9910325
2023-03-10 12:22:00-05:00  3890.790039  3892.739990  3890.790039  3890.989990  3890.989990     7268905
2023-03-10 12:24:00-05:00  3890.959961  3890.959961  3888.100098  3890.030029  3890.030029     8968946
2023-03-10 12:26:00-05:00  3889.689941  3890.050049  3888.389893  3889.489990  3889.489990     9365027
2023-03-10 12:28:00-05:00  3889.459961  3891.500000  3886.219971  3891.500000  3891.500000     9677047
2023-03-10 12:30:00-05:00  3891.649902  3894.360107  3890.149902  3893.939941  3893.939941    11022750
2023-03-10 12:32:00-05:00  3893.790039  3904.270020  3893.790039  3903.290039  3903.290039    13219474
2023-03-10 12:34:00-05:00  3903.129883  3904.050049  3900.189941  3902.030029  3902.030029     9472433
2023-03-10 12:36:00-05:00  3902.020020  3902.020020  3897.909912  3901.229980  3901.229980     9872323
2023-03-10 12:38:00-05:00  3901.169922  3903.919922  3899.800049  3902.270020  3902.270020     8941711
2023-03-10 12:40:00-05:00  3902.310059  3902.699951  3893.719971  3894.379883  3894.379883    10260939
2023-03-10 12:42:00-05:00  3894.050049  3895.989990  3892.350098  3893.750000  3893.750000     8010835
2023-03-10 12:44:00-05:00  3893.709961  3896.600098  3893.239990  3894.409912  3894.409912     7222442
2023-03-10 12:46:00-05:00  3894.320068  3898.139893  3893.429932  3894.120117  3894.120117     9120489
2023-03-10 12:48:00-05:00  3894.510010  3894.979980  3892.610107  3892.610107  3892.610107     7075378
2023-03-10 12:50:00-05:00  3892.179932  3893.379883  3890.000000  3890.379883  3890.379883     8547406
2023-03-10 12:52:00-05:00  3890.350098  3890.979980  3888.389893  3888.389893  3888.389893     8148941
2023-03-10 12:54:00-05:00  3888.300049  3888.429932  3883.800049  3883.879883  3883.879883     9863049
2023-03-10 12:56:00-05:00  3883.830078  3884.070068  3882.020020  3882.050049  3882.050049    10896039
2023-03-10 12:58:00-05:00  3882.050049  3882.060059  3880.330078  3881.139893  3881.139893     7981462
2023-03-10 13:00:00-05:00  3881.129883  3886.270020  3881.129883  3884.439941  3884.439941    10375856
2023-03-10 13:02:00-05:00  3884.270020  3884.600098  3881.739990  3882.060059  3882.060059     6972526
2023-03-10 13:04:00-05:00  3882.050049  3884.100098  3881.770020  3883.600098  3883.600098     9380931
2023-03-10 13:06:00-05:00  3883.580078  3884.399902  3880.300049  3880.550049  3880.550049     8156962
2023-03-10 13:08:00-05:00  3880.560059  3882.979980  3880.439941  3882.419922  3882.419922     7708486
2023-03-10 13:10:00-05:00  3882.429932  3883.379883  3880.540039  3880.540039  3880.540039     8350628
2023-03-10 13:12:00-05:00  3880.530029  3881.520020  3879.820068  3881.020020  3881.020020     7631810
2023-03-10 13:14:00-05:00  3881.189941  3881.340088  3873.729980  3874.879883  3874.879883    12411254
2023-03-10 13:16:00-05:00  3875.270020  3875.489990  3873.010010  3873.639893  3873.639893     9814189
2023-03-10 13:18:00-05:00  3873.600098  3874.820068  3872.179932  3872.179932  3872.179932     8866509
2023-03-10 13:20:00-05:00  3871.979980  3873.189941  3869.000000  3869.000000  3869.000000    14137033
2023-03-10 13:22:00-05:00  3868.729980  3868.729980  3865.939941  3868.439941  3868.439941    13590685
2023-03-10 13:24:00-05:00  3868.429932  3868.429932  3865.129883  3865.889893  3865.889893    10063681
2023-03-10 13:26:00-05:00  3865.939941  3866.120117  3858.739990  3858.739990  3858.739990    13176576
2023-03-10 13:28:00-05:00  3858.679932  3863.639893  3858.439941  3862.060059  3862.060059    10797451
2023-03-10 13:30:00-05:00  3861.870117  3863.010010  3859.489990  3860.889893  3860.889893     9590148
2023-03-10 13:32:00-05:00  3860.850098  3860.850098  3857.439941  3858.290039  3858.290039     9394525
2023-03-10 13:34:00-05:00  3858.219971  3859.379883  3855.729980  3855.729980  3855.729980    10922383
2023-03-10 13:36:00-05:00  3855.719971  3860.239990  3855.540039  3860.239990  3860.239990    13434328
2023-03-10 13:38:00-05:00  3860.310059  3860.310059  3856.090088  3856.889893  3856.889893     9723846
2023-03-10 13:40:00-05:00  3856.959961  3857.560059  3855.879883  3855.889893  3855.889893     9957872
2023-03-10 13:42:00-05:00  3855.800049  3855.800049  3853.250000  3854.000000  3854.000000    11450923
2023-03-10 13:44:00-05:00  3853.820068  3856.179932  3852.760010  3856.030029  3856.030029    10014421
2023-03-10 13:46:00-05:00  3856.139893  3856.550049  3852.510010  3852.909912  3852.909912     8318453
2023-03-10 13:48:00-05:00  3852.830078  3853.590088  3849.870117  3850.290039  3850.290039    11667419
2023-03-10 13:50:00-05:00  3850.229980  3850.860107  3847.780029  3848.000000  3848.000000    11432108
2023-03-10 13:52:00-05:00  3847.899902  3851.979980  3846.320068  3849.459961  3849.459961    14754928
2023-03-10 13:54:00-05:00  3849.219971  3851.100098  3848.389893  3849.459961  3849.459961    10529877
2023-03-10 13:56:00-05:00  3849.550049  3851.020020  3848.120117  3850.120117  3850.120117    10300135
2023-03-10 13:58:00-05:00  3850.120117  3851.379883  3848.820068  3850.739990  3850.739990     7680444
2023-03-10 14:00:00-05:00  3850.879883  3858.370117  3850.719971  3855.790039  3855.790039    13812411
2023-03-10 14:02:00-05:00  3855.790039  3859.959961  3853.909912  3859.570068  3859.570068    11717088
2023-03-10 14:04:00-05:00  3859.520020  3866.899902  3858.649902  3864.709961  3864.709961    14936766
2023-03-10 14:06:00-05:00  3864.770020  3865.610107  3860.530029  3861.909912  3861.909912    12395724
2023-03-10 14:08:00-05:00  3862.010010  3870.820068  3862.010010  3870.560059  3870.560059    14131487
2023-03-10 14:10:00-05:00  3871.020020  3876.379883  3868.870117  3870.500000  3870.500000    15593219
2023-03-10 14:12:00-05:00  3870.659912  3870.959961  3866.000000  3866.000000  3866.000000    10760012
2023-03-10 14:14:00-05:00  3865.979980  3867.409912  3865.209961  3865.209961  3865.209961     9222231
2023-03-10 14:16:00-05:00  3865.120117  3865.399902  3861.510010  3861.510010  3861.510010    10636702
2023-03-10 14:18:00-05:00  3861.530029  3865.199951  3859.000000  3865.199951  3865.199951    11385076
2023-03-10 14:20:00-05:00  3865.149902  3866.969971  3861.850098  3864.050049  3864.050049    11529526
2023-03-10 14:22:00-05:00  3864.030029  3864.030029  3858.250000  3859.030029  3859.030029    10254501
2023-03-10 14:24:00-05:00  3859.040039  3860.540039  3858.060059  3858.060059  3858.060059     8418570
2023-03-10 14:26:00-05:00  3857.790039  3858.070068  3856.540039  3856.540039  3856.540039     9024507
2023-03-10 14:28:00-05:00  3856.530029  3859.149902  3855.530029  3856.679932  3856.679932    11303586
2023-03-10 14:30:00-05:00  3856.600098  3865.889893  3856.379883  3864.350098  3864.350098    12590726
2023-03-10 14:32:00-05:00  3864.479980  3867.159912  3860.699951  3860.830078  3860.830078    10639956
2023-03-10 14:34:00-05:00  3860.879883  3866.199951  3860.879883  3863.469971  3863.469971    11102232
2023-03-10 14:36:00-05:00  3863.350098  3870.570068  3863.239990  3869.229980  3869.229980    12484587
2023-03-10 14:38:00-05:00  3869.540039  3872.909912  3868.979980  3871.060059  3871.060059    10831062
2023-03-10 14:40:00-05:00  3870.969971  3870.969971  3866.540039  3866.820068  3866.820068     9993505
2023-03-10 14:42:00-05:00  3866.699951  3875.820068  3866.639893  3869.070068  3869.070068    14195719
2023-03-10 14:44:00-05:00  3868.879883  3869.689941  3865.850098  3869.489990  3869.489990     8990435
2023-03-10 14:46:00-05:00  3869.159912  3876.979980  3868.060059  3876.979980  3876.979980    11926323
2023-03-10 14:48:00-05:00  3876.870117  3882.780029  3873.580078  3882.780029  3882.780029    15042255
2023-03-10 14:50:00-05:00  3882.419922  3882.419922  3878.260010  3878.989990  3878.989990    11279541
2023-03-10 14:52:00-05:00  3878.860107  3881.620117  3876.370117  3878.699951  3878.699951    11514672
2023-03-10 14:54:00-05:00  3878.219971  3884.310059  3876.989990  3883.560059  3883.560059    11075459
2023-03-10 14:56:00-05:00  3883.679932  3885.760010  3877.629883  3878.600098  3878.600098    12708239
2023-03-10 14:58:00-05:00  3878.600098  3878.610107  3872.620117  3876.790039  3876.790039    12190204
2023-03-10 15:00:00-05:00  3877.030029  3878.699951  3872.669922  3872.719971  3872.719971    10895251
2023-03-10 15:02:00-05:00  3872.679932  3875.199951  3870.050049  3873.790039  3873.790039    10249993
2023-03-10 15:04:00-05:00  3873.689941  3876.939941  3869.810059  3870.979980  3870.979980    13024590
2023-03-10 15:06:00-05:00  3871.409912  3871.409912  3865.729980  3866.209961  3866.209961    10033549
2023-03-10 15:08:00-05:00  3866.270020  3875.719971  3866.270020  3875.560059  3875.560059    12187032
2023-03-10 15:10:00-05:00  3875.510010  3880.780029  3870.629883  3878.580078  3878.580078    14438667
2023-03-10 15:12:00-05:00  3878.979980  3881.070068  3878.469971  3878.469971  3878.469971    11155014
2023-03-10 15:14:00-05:00  3878.330078  3878.459961  3871.889893  3874.250000  3874.250000    14300884
2023-03-10 15:16:00-05:00  3873.860107  3876.919922  3869.580078  3872.270020  3872.270020    14225343
2023-03-10 15:18:00-05:00  3872.060059  3872.060059  3863.679932  3863.679932  3863.679932    13780528
2023-03-10 15:20:00-05:00  3863.770020  3865.800049  3861.850098  3863.439941  3863.439941    14932848
2023-03-10 15:22:00-05:00  3863.330078  3865.320068  3862.790039  3863.100098  3863.100098    11914926
2023-03-10 15:24:00-05:00  3863.030029  3869.330078  3862.739990  3865.780029  3865.780029    12753558
2023-03-10 15:26:00-05:00  3865.790039  3870.649902  3865.750000  3870.000000  3870.000000    12279485
2023-03-10 15:28:00-05:00  3870.010010  3871.909912  3869.070068  3870.820068  3870.820068    12797134
2023-03-10 15:30:00-05:00  3870.040039  3870.139893  3866.979980  3868.129883  3868.129883    17236399
2023-03-10 15:32:00-05:00  3868.139893  3870.399902  3864.889893  3865.620117  3865.620117    13939093
2023-03-10 15:34:00-05:00  3865.399902  3866.639893  3861.260010  3861.260010  3861.260010    15469844
2023-03-10 15:36:00-05:00  3861.080078  3863.310059  3859.199951  3860.020020  3860.020020    16748198
2023-03-10 15:38:00-05:00  3859.989990  3860.989990  3856.979980  3857.300049  3857.300049    15784956
2023-03-10 15:40:00-05:00  3856.959961  3857.139893  3851.159912  3851.310059  3851.310059    21336848
2023-03-10 15:42:00-05:00  3851.379883  3853.629883  3850.479980  3852.959961  3852.959961    19634851
2023-03-10 15:44:00-05:00  3852.860107  3853.209961  3850.050049  3850.270020  3850.270020    19172990
2023-03-10 15:46:00-05:00  3850.489990  3852.909912  3850.060059  3850.500000  3850.500000    20840100
2023-03-10 15:48:00-05:00  3850.459961  3851.120117  3849.870117  3850.840088  3850.840088    19802050
2023-03-10 15:50:00-05:00  3850.770020  3854.889893  3849.709961  3853.500000  3853.500000    27299726
2023-03-10 15:52:00-05:00  3853.120117  3860.649902  3851.780029  3859.580078  3859.580078    27006155
2023-03-10 15:54:00-05:00  3859.580078  3859.699951  3854.600098  3857.010010  3857.010010    28441616
2023-03-10 15:56:00-05:00  3857.040039  3861.739990  3855.070068  3861.739990  3861.739990    27042720
2023-03-10 15:58:00-05:00  3861.739990  3863.179932  3860.060059  3861.679932  3861.679932    28613807
2023-03-13 09:30:00-04:00  3835.120117  3835.120117  3818.629883  3822.969971  3822.969971    69410152
2023-03-13 09:32:00-04:00  3823.550049  3827.949951  3817.669922  3826.300049  3826.300049    33006318
2023-03-13 09:34:00-04:00  3825.870117  3825.870117  3813.780029  3813.780029  3813.780029    28031982
2023-03-13 09:36:00-04:00  3814.080078  3819.020020  3813.100098  3813.520020  3813.520020    31621045
2023-03-13 09:38:00-04:00  3813.419922  3815.149902  3808.860107  3815.149902  3815.149902    30645479
2023-03-13 09:40:00-04:00  3815.929932  3819.530029  3810.669922  3812.139893  3812.139893    31050039
2023-03-13 09:42:00-04:00  3811.949951  3815.800049  3809.010010  3812.489990  3812.489990    28906103
2023-03-13 09:44:00-04:00  3812.560059  3819.149902  3810.800049  3818.729980  3818.729980    29597995
2023-03-13 09:46:00-04:00  3818.570068  3832.439941  3813.959961  3832.439941  3832.439941    30973754
2023-03-13 09:48:00-04:00  3833.600098  3846.540039  3831.790039  3844.750000  3844.750000    35538455
2023-03-13 09:50:00-04:00  3844.560059  3854.830078  3844.040039  3853.699951  3853.699951    28041494
2023-03-13 09:52:00-04:00  3853.739990  3855.090088  3841.949951  3842.479980  3842.479980    26740266
2023-03-13 09:54:00-04:00  3842.860107  3855.639893  3842.860107  3855.090088  3855.090088    27501002
2023-03-13 09:56:00-04:00  3854.840088  3861.929932  3853.570068  3860.110107  3860.110107    25217216
2023-03-13 09:58:00-04:00  3860.270020  3865.860107  3858.989990  3859.010010  3859.010010    26332961
2023-03-13 10:00:00-04:00  3859.120117  3859.469971  3852.689941  3853.179932  3853.179932    27949219
2023-03-13 10:02:00-04:00  3853.300049  3861.489990  3852.110107  3861.489990  3861.489990    22605595
2023-03-13 10:04:00-04:00  3860.679932  3863.310059  3856.179932  3857.090088  3857.090088    22883026
2023-03-13 10:06:00-04:00  3856.959961  3863.699951  3849.320068  3863.699951  3863.699951    27337084
2023-03-13 10:08:00-04:00  3864.449951  3873.929932  3864.320068  3867.040039  3867.040039    25084926
2023-03-13 10:10:00-04:00  3867.229980  3870.100098  3862.600098  3864.729980  3864.729980    21269845
2023-03-13 10:12:00-04:00  3864.280029  3865.479980  3852.669922  3857.300049  3857.300049    27169136
2023-03-13 10:14:00-04:00  3857.139893  3857.850098  3851.090088  3851.370117  3851.370117    19684635
2023-03-13 10:16:00-04:00  3851.399902  3853.959961  3846.709961  3849.360107  3849.360107    19944658
2023-03-13 10:18:00-04:00  3849.129883  3855.080078  3846.139893  3846.520020  3846.520020    32933723
2023-03-13 10:20:00-04:00  3847.040039  3854.040039  3844.379883  3847.699951  3847.699951    20929577
2023-03-13 10:22:00-04:00  3847.429932  3857.550049  3846.290039  3846.290039  3846.290039    21634044
2023-03-13 10:24:00-04:00  3846.040039  3849.520020  3843.620117  3843.729980  3843.729980    19699406
2023-03-13 10:26:00-04:00  3843.570068  3851.830078  3842.429932  3845.209961  3845.209961    12963860
2023-03-13 10:28:00-04:00  3845.229980  3847.560059  3840.899902  3842.750000  3842.750000    16310367
2023-03-13 10:30:00-04:00  3842.909912  3851.570068  3842.909912  3847.540039  3847.540039    22896828
2023-03-13 10:32:00-04:00  3847.659912  3863.510010  3846.780029  3862.030029  3862.030029    22555165
2023-03-13 10:34:00-04:00  3862.419922  3864.850098  3858.679932  3864.070068  3864.070068    27126161
2023-03-13 10:36:00-04:00  3863.530029  3863.889893  3854.939941  3859.540039  3859.540039    19677123
2023-03-13 10:38:00-04:00  3859.290039  3861.919922  3852.399902  3859.679932  3859.679932    19580947
2023-03-13 10:40:00-04:00  3859.909912  3861.729980  3855.489990  3855.489990  3855.489990    17003699
2023-03-13 10:42:00-04:00  3854.969971  3855.399902  3850.139893  3855.399902  3855.399902    19973350
2023-03-13 10:44:00-04:00  3855.780029  3864.360107  3855.780029  3864.360107  3864.360107    19776822
2023-03-13 10:46:00-04:00  3864.850098  3867.919922  3858.820068  3867.919922  3867.919922    19596629
2023-03-13 10:48:00-04:00  3867.760010  3868.209961  3862.689941  3863.560059  3863.560059    17521983
2023-03-13 10:50:00-04:00  3864.179932  3866.419922  3855.360107  3856.159912  3856.159912    19904744
2023-03-13 10:52:00-04:00  3856.100098  3858.780029  3848.330078  3852.810059  3852.810059    20273159
2023-03-13 10:54:00-04:00  3852.820068  3870.330078  3849.860107  3868.280029  3868.280029    24736237
2023-03-13 10:56:00-04:00  3868.560059  3880.100098  3868.350098  3877.919922  3877.919922    23279297
2023-03-13 10:58:00-04:00  3877.840088  3881.129883  3877.350098  3879.300049  3879.300049    20327928
2023-03-13 11:00:00-04:00  3879.649902  3881.879883  3876.280029  3879.389893  3879.389893    23009728
2023-03-13 11:02:00-04:00  3879.219971  3892.439941  3878.560059  3886.520020  3886.520020    23892863
2023-03-13 11:04:00-04:00  3886.399902  3886.679932  3881.250000  3883.659912  3883.659912    19786311
2023-03-13 11:06:00-04:00  3883.550049  3884.699951  3875.689941  3879.250000  3879.250000    21442313
2023-03-13 11:08:00-04:00  3878.959961  3885.060059  3877.260010  3880.300049  3880.300049    18462223
2023-03-13 11:10:00-04:00  3880.199951  3888.449951  3879.459961  3885.260010  3885.260010    21453657
2023-03-13 11:12:00-04:00  3885.179932  3894.770020  3883.040039  3883.520020  3883.520020    12799107
2023-03-13 11:14:00-04:00  3883.590088  3890.439941  3883.139893  3890.219971  3890.219971    19066940
2023-03-13 11:16:00-04:00  3890.020020  3892.060059  3888.979980  3891.429932  3891.429932    17583820
2023-03-13 11:18:00-04:00  3891.250000  3895.310059  3888.320068  3890.639893  3890.639893    20980495
2023-03-13 11:20:00-04:00  3890.719971  3896.330078  3890.719971  3893.699951  3893.699951    21464627
2023-03-13 11:22:00-04:00  3893.580078  3895.000000  3882.739990  3883.360107  3883.360107    20503844
2023-03-13 11:24:00-04:00  3883.370117  3891.340088  3883.370117  3888.209961  3888.209961    18283078
2023-03-13 11:26:00-04:00  3888.310059  3894.659912  3886.590088  3893.129883  3893.129883    20228549
2023-03-13 11:28:00-04:00  3893.070068  3900.830078  3893.070068  3899.659912  3899.659912    20693261
2023-03-13 11:30:00-04:00  3899.729980  3901.300049  3895.520020  3895.570068  3895.570068    19081772
2023-03-13 11:32:00-04:00  3895.689941  3895.689941  3890.679932  3893.229980  3893.229980    16018379
2023-03-13 11:34:00-04:00  3893.260010  3893.260010  3885.199951  3885.199951  3885.199951    17602055
2023-03-13 11:36:00-04:00  3884.949951  3885.389893  3880.300049  3880.300049  3880.300049    17615581
2023-03-13 11:38:00-04:00  3880.419922  3884.979980  3877.479980  3879.620117  3879.620117    19725531
2023-03-13 11:40:00-04:00  3879.620117  3887.129883  3879.620117  3884.330078  3884.330078    15875202
2023-03-13 11:42:00-04:00  3884.610107  3891.500000  3882.250000  3889.479980  3889.479980    15867389
2023-03-13 11:44:00-04:00  3889.439941  3891.080078  3886.419922  3889.080078  3889.080078    14068825
2023-03-13 11:46:00-04:00  3889.030029  3890.290039  3883.580078  3890.290039  3890.290039    15470368
2023-03-13 11:48:00-04:00  3890.370117  3897.760010  3886.639893  3896.489990  3896.489990    18033994
2023-03-13 11:50:00-04:00  3896.560059  3896.560059  3887.939941  3891.889893  3891.889893    15386672
2023-03-13 11:52:00-04:00  3891.840088  3893.310059  3884.979980  3886.620117  3886.620117    15875529
2023-03-13 11:54:00-04:00  3886.689941  3887.699951  3877.669922  3879.810059  3879.810059    16116315
2023-03-13 11:56:00-04:00  3879.399902  3886.270020  3879.399902  3885.629883  3885.629883  1730640979
2023-03-13 11:58:00-04:00  3885.340088  3892.360107  3883.060059  3891.360107  3891.360107    13455787
2023-03-13 12:00:00-04:00  3891.399902  3905.050049  3891.399902  3899.550049  3899.550049    21121457
2023-03-13 12:02:00-04:00  3899.590088  3899.590088  3885.110107  3885.699951  3885.699951    13478738
2023-03-13 12:04:00-04:00  3885.639893  3890.820068  3883.679932  3890.229980  3890.229980    13192497
2023-03-13 12:06:00-04:00  3889.979980  3897.580078  3889.149902  3895.709961  3895.709961    14910551
2023-03-13 12:08:00-04:00  3895.800049  3898.429932  3894.919922  3898.320068  3898.320068    12442886
2023-03-13 12:10:00-04:00  3898.199951  3898.199951  3887.520020  3887.760010  3887.760010    14657004
2023-03-13 12:12:00-04:00  3887.649902  3892.409912  3883.489990  3892.409912  3892.409912    13287914
2023-03-13 12:14:00-04:00  3892.709961  3895.090088  3886.629883  3891.959961  3891.959961    13589806
2023-03-13 12:16:00-04:00  3891.310059  3895.620117  3889.689941  3890.729980  3890.729980    11741010
2023-03-13 12:18:00-04:00  3890.669922  3890.669922  3885.219971  3885.649902  3885.649902    11847959
2023-03-13 12:20:00-04:00  3885.679932  3886.820068  3884.479980  3885.189941  3885.189941    10555466
2023-03-13 12:22:00-04:00  3885.070068  3887.939941  3884.439941  3884.870117  3884.870117    12602254
2023-03-13 12:24:00-04:00  3884.919922  3885.280029  3875.810059  3877.270020  3877.270020    17949341
2023-03-13 12:26:00-04:00  3877.360107  3880.199951  3874.530029  3880.199951  3880.199951    20369359
2023-03-13 12:28:00-04:00  3880.310059  3882.219971  3878.020020  3882.209961  3882.209961    13889142
2023-03-13 12:30:00-04:00  3881.840088  3882.550049  3877.719971  3879.959961  3879.959961    13063090
2023-03-13 12:32:00-04:00  3879.929932  3879.929932  3874.340088  3874.340088  3874.340088    11276262
2023-03-13 12:34:00-04:00  3874.300049  3876.260010  3871.080078  3873.340088  3873.340088    13902128
2023-03-13 12:36:00-04:00  3873.459961  3880.040039  3873.350098  3879.929932  3879.929932    12394064
2023-03-13 12:38:00-04:00  3879.929932  3883.370117  3879.810059  3880.239990  3880.239990    11603669
2023-03-13 12:40:00-04:00  3880.229980  3884.080078  3879.989990  3884.080078  3884.080078    12047558
2023-03-13 12:42:00-04:00  3884.050049  3889.649902  3884.050049  3887.469971  3887.469971    25746979
2023-03-13 12:44:00-04:00  3887.139893  3887.139893  3880.449951  3884.770020  3884.770020    13073564
2023-03-13 12:46:00-04:00  3884.820068  3884.820068  3872.379883  3873.179932  3873.179932    14503383
2023-03-13 12:48:00-04:00  3872.979980  3873.790039  3865.850098  3868.459961  3868.459961    15533849
2023-03-13 12:50:00-04:00  3868.689941  3869.100098  3865.209961  3865.350098  3865.350098    12180592
2023-03-13 12:52:00-04:00  3865.360107  3869.979980  3864.750000  3869.510010  3869.510010    13371781
2023-03-13 12:54:00-04:00  3869.389893  3873.929932  3869.389893  3870.919922  3870.919922    12528068
2023-03-13 12:56:00-04:00  3870.810059  3873.610107  3865.669922  3865.719971  3865.719971    12124086
2023-03-13 12:58:00-04:00  3865.770020  3868.669922  3865.100098  3868.669922  3868.669922    11273195
2023-03-13 13:00:00-04:00  3868.659912  3869.550049  3857.649902  3858.000000  3858.000000    15260029
2023-03-13 13:02:00-04:00  3858.010010  3864.639893  3857.639893  3864.639893  3864.639893    12092926
2023-03-13 13:04:00-04:00  3865.199951  3865.770020  3860.250000  3861.929932  3861.929932    10382060
2023-03-13 13:06:00-04:00  3861.929932  3863.350098  3857.469971  3860.770020  3860.770020    12334732
2023-03-13 13:08:00-04:00  3860.729980  3867.739990  3860.699951  3867.500000  3867.500000    10583208
2023-03-13 13:10:00-04:00  3867.959961  3869.870117  3865.810059  3867.260010  3867.260010    11264515
2023-03-13 13:12:00-04:00  3867.229980  3871.330078  3865.969971  3868.429932  3868.429932    12193310
2023-03-13 13:14:00-04:00  3868.429932  3869.840088  3865.689941  3867.510010  3867.510010    11396407
2023-03-13 13:16:00-04:00  3867.080078  3876.199951  3866.399902  3873.560059  3873.560059    13330103
2023-03-13 13:18:00-04:00  3873.620117  3873.620117  3868.229980  3870.540039  3870.540039    10016116
2023-03-13 13:20:00-04:00  3870.429932  3870.850098  3865.290039  3866.419922  3866.419922    11061426
2023-03-13 13:22:00-04:00  3866.379883  3868.239990  3864.669922  3866.040039  3866.040039     9869324
2023-03-13 13:24:00-04:00  3865.580078  3866.770020  3862.629883  3863.389893  3863.389893     9559052
2023-03-13 13:26:00-04:00  3863.209961  3868.580078  3862.030029  3862.639893  3862.639893    13044639
2023-03-13 13:28:00-04:00  3862.669922  3868.399902  3862.649902  3866.889893  3866.889893    10704875
2023-03-13 13:30:00-04:00  3866.879883  3868.290039  3864.510010  3864.510010  3864.510010    10808380
2023-03-13 13:32:00-04:00  3863.899902  3864.610107  3861.689941  3861.979980  3861.979980    12601046
2023-03-13 13:34:00-04:00  3861.649902  3865.280029  3858.760010  3864.750000  3864.750000    12511497
2023-03-13 13:36:00-04:00  3864.679932  3875.389893  3864.669922  3874.919922  3874.919922    13434791
2023-03-13 13:38:00-04:00  3874.770020  3880.239990  3873.750000  3877.449951  3877.449951    13309509
2023-03-13 13:40:00-04:00  3877.370117  3879.840088  3876.280029  3879.790039  3879.790039    11785643
2023-03-13 13:42:00-04:00  3879.689941  3879.949951  3873.709961  3875.310059  3875.310059    11553297
2023-03-13 13:44:00-04:00  3875.260010  3880.080078  3875.260010  3879.469971  3879.469971    12060044
2023-03-13 13:46:00-04:00  3879.370117  3880.629883  3874.939941  3875.209961  3875.209961    12122299
2023-03-13 13:48:00-04:00  3875.439941  3878.260010  3875.399902  3876.300049  3876.300049     9859267
2023-03-13 13:50:00-04:00  3876.459961  3877.699951  3876.110107  3877.110107  3877.110107     9524127
2023-03-13 13:52:00-04:00  3877.209961  3880.229980  3876.419922  3880.229980  3880.229980    14345458
2023-03-13 13:54:00-04:00  3881.379883  3882.370117  3876.590088  3882.340088  3882.340088    12518698
2023-03-13 13:56:00-04:00  3882.310059  3883.239990  3880.689941  3882.439941  3882.439941    10624490
2023-03-13 13:58:00-04:00  3882.500000  3883.459961  3879.879883  3881.350098  3881.350098    11775830
2023-03-13 14:00:00-04:00  3881.260010  3885.979980  3881.149902  3884.310059  3884.310059    12489925
2023-03-13 14:02:00-04:00  3884.379883  3890.949951  3882.929932  3884.629883  3884.629883    16037034
2023-03-13 14:04:00-04:00  3884.879883  3886.340088  3883.790039  3885.449951  3885.449951    11300390
2023-03-13 14:06:00-04:00  3885.629883  3888.139893  3883.199951  3884.669922  3884.669922    13526942
2023-03-13 14:08:00-04:00  3884.649902  3885.790039  3882.350098  3882.350098  3882.350098    11320039
2023-03-13 14:10:00-04:00  3882.360107  3885.560059  3880.370117  3880.489990  3880.489990    13338291
2023-03-13 14:12:00-04:00  3880.479980  3887.570068  3880.479980  3882.429932  3882.429932    14111312
2023-03-13 14:14:00-04:00  3882.689941  3889.679932  3882.689941  3888.899902  3888.899902    14030124
2023-03-13 14:16:00-04:00  3888.939941  3890.239990  3886.520020  3887.600098  3887.600098    12307206
2023-03-13 14:18:00-04:00  3887.689941  3891.030029  3885.370117  3887.350098  3887.350098    12308351
2023-03-13 14:20:00-04:00  3887.260010  3890.110107  3884.979980  3889.909912  3889.909912    12867981
2023-03-13 14:22:00-04:00  3889.889893  3889.889893  3884.659912  3887.820068  3887.820068    15009439
2023-03-13 14:24:00-04:00  3888.739990  3893.949951  3888.739990  3889.120117  3889.120117    13740523
2023-03-13 14:26:00-04:00  3888.959961  3888.959961  3883.409912  3887.939941  3887.939941    12944575
2023-03-13 14:28:00-04:00  3888.020020  3891.389893  3887.399902  3887.550049  3887.550049    11284989
2023-03-13 14:30:00-04:00  3887.699951  3893.070068  3887.699951  3891.300049  3891.300049    13675234
2023-03-13 14:32:00-04:00  3891.510010  3893.629883  3891.379883  3892.949951  3892.949951    10989299
2023-03-13 14:34:00-04:00  3893.399902  3897.570068  3889.449951  3889.909912  3889.909912    16540053
2023-03-13 14:36:00-04:00  3889.850098  3890.239990  3886.350098  3886.350098  3886.350098    11758847
2023-03-13 14:38:00-04:00  3885.909912  3885.909912  3880.649902  3883.760010  3883.760010    13795705
2023-03-13 14:40:00-04:00  3883.770020  3888.820068  3881.840088  3888.820068  3888.820068    11675042
2023-03-13 14:42:00-04:00  3888.830078  3892.040039  3885.370117  3888.340088  3888.340088    14716973
2023-03-13 14:44:00-04:00  3888.360107  3888.830078  3885.010010  3885.290039  3885.290039    12529331
2023-03-13 14:46:00-04:00  3885.429932  3885.580078  3881.320068  3884.159912  3884.159912    11236162
2023-03-13 14:48:00-04:00  3884.110107  3886.409912  3883.840088  3885.100098  3885.100098    12140321
2023-03-13 14:50:00-04:00  3885.090088  3887.689941  3884.040039  3884.280029  3884.280029    10096373
2023-03-13 14:52:00-04:00  3884.209961  3885.209961  3882.550049  3884.270020  3884.270020    11011025
2023-03-13 14:54:00-04:00  3884.310059  3887.909912  3884.310059  3887.229980  3887.229980    12173140
2023-03-13 14:56:00-04:00  3887.229980  3887.379883  3884.300049  3885.580078  3885.580078    11371153
2023-03-13 14:58:00-04:00  3885.590088  3888.780029  3885.510010  3887.810059  3887.810059    11873487
2023-03-13 15:00:00-04:00  3887.840088  3891.389893  3883.949951  3885.280029  3885.280029    15441727
2023-03-13 15:02:00-04:00  3885.280029  3885.770020  3883.600098  3883.739990  3883.739990    12335882
2023-03-13 15:04:00-04:00  3883.750000  3884.639893  3878.439941  3884.439941  3884.439941    16293926
2023-03-13 15:06:00-04:00  3884.320068  3888.729980  3884.320068  3886.739990  3886.739990    13672760
2023-03-13 15:08:00-04:00  3886.810059  3887.320068  3880.590088  3880.689941  3880.689941    13383682
2023-03-13 15:10:00-04:00  3880.649902  3885.010010  3880.610107  3883.199951  3883.199951    12956488
2023-03-13 15:12:00-04:00  3883.229980  3890.070068  3883.229980  3884.820068  3884.820068    15265999
2023-03-13 15:14:00-04:00  3885.060059  3889.159912  3885.060059  3888.449951  3888.449951    12491187
2023-03-13 15:16:00-04:00  3888.530029  3889.169922  3881.179932  3881.709961  3881.709961    15780682
2023-03-13 15:18:00-04:00  3881.780029  3882.840088  3880.159912  3880.360107  3880.360107    15024045
2023-03-13 15:20:00-04:00  3880.370117  3880.639893  3872.689941  3873.580078  3873.580078    18208813
2023-03-13 15:22:00-04:00  3873.429932  3873.820068  3870.459961  3870.899902  3870.899902    14767288
2023-03-13 15:24:00-04:00  3870.949951  3871.889893  3861.590088  3861.739990  3861.739990    18687636
2023-03-13 15:26:00-04:00  3861.810059  3863.959961  3859.219971  3860.510010  3860.510010    18680348
2023-03-13 15:28:00-04:00  3861.149902  3862.969971  3858.350098  3862.969971  3862.969971    16906313
2023-03-13 15:30:00-04:00  3862.689941  3866.850098  3862.260010  3864.669922  3864.669922    23152015
2023-03-13 15:32:00-04:00  3864.620117  3869.879883  3862.739990  3868.489990  3868.489990    20670935
2023-03-13 15:34:00-04:00  3868.679932  3870.899902  3867.129883  3870.899902  3870.899902    17280138
2023-03-13 15:36:00-04:00  3870.909912  3873.290039  3867.919922  3870.760010  3870.760010    21402734
2023-03-13 15:38:00-04:00  3870.419922  3873.659912  3870.110107  3873.659912  3873.659912    17326763
2023-03-13 15:40:00-04:00  3873.810059  3874.449951  3871.649902  3872.540039  3872.540039    20349793
2023-03-13 15:42:00-04:00  3872.560059  3879.689941  3872.229980  3875.709961  3875.709961    24483856
2023-03-13 15:44:00-04:00  3875.800049  3877.209961  3869.340088  3870.639893  3870.639893    25560605
2023-03-13 15:46:00-04:00  3870.760010  3872.280029  3869.310059  3870.350098  3870.350098    23162855
2023-03-13 15:48:00-04:00  3870.280029  3870.360107  3866.850098  3867.600098  3867.600098    26472794
2023-03-13 15:50:00-04:00  3867.590088  3867.590088  3859.699951  3862.850098  3862.850098    47573721
2023-03-13 15:52:00-04:00  3862.830078  3863.449951  3860.429932  3862.149902  3862.149902    36826155
2023-03-13 15:54:00-04:00  3862.149902  3864.760010  3856.469971  3856.469971  3856.469971    47083260
2023-03-13 15:56:00-04:00  3856.330078  3857.290039  3854.649902  3854.780029  3854.780029    54359098
2023-03-13 15:58:00-04:00  3854.810059  3856.790039  3854.100098  3855.540039  3855.540039    56774771
2023-03-14 09:30:00-04:00  3908.070068  3911.239990  3894.010010  3909.379883  3909.379883    62890234
2023-03-14 09:32:00-04:00  3909.610107  3911.639893  3907.219971  3907.219971  3907.219971    31555735
2023-03-14 09:34:00-04:00  3907.270020  3909.149902  3903.489990  3908.919922  3908.919922    28555008
2023-03-14 09:36:00-04:00  3909.209961  3913.959961  3908.870117  3913.659912  3913.659912    25016936
2023-03-14 09:38:00-04:00  3913.560059  3914.120117  3912.429932  3913.360107  3913.360107    22659297
2023-03-14 09:40:00-04:00  3913.570068  3918.179932  3913.570068  3917.090088  3917.090088    25466394
2023-03-14 09:42:00-04:00  3917.110107  3917.300049  3911.649902  3913.399902  3913.399902    21262560
2023-03-14 09:44:00-04:00  3913.540039  3914.929932  3912.560059  3913.379883  3913.379883    20746008
2023-03-14 09:46:00-04:00  3913.659912  3917.540039  3913.659912  3917.540039  3917.540039    21770029
2023-03-14 09:48:00-04:00  3917.659912  3921.280029  3914.439941  3914.439941  3914.439941    23484814
2023-03-14 09:50:00-04:00  3914.709961  3915.979980  3909.810059  3912.830078  3912.830078    21181047
2023-03-14 09:52:00-04:00  3912.760010  3915.760010  3910.370117  3912.139893  3912.139893    17304154
2023-03-14 09:54:00-04:00  3912.060059  3912.060059  3907.899902  3909.679932  3909.679932    19062844
2023-03-14 09:56:00-04:00  3909.580078  3912.459961  3907.780029  3912.459961  3912.459961    18372883
2023-03-14 09:58:00-04:00  3912.699951  3915.899902  3912.669922  3914.010010  3914.010010    17626456
2023-03-14 10:00:00-04:00  3914.020020  3916.110107  3910.050049  3915.669922  3915.669922    18598815
2023-03-14 10:02:00-04:00  3915.620117  3917.510010  3914.649902  3916.169922  3916.169922    16103482
2023-03-14 10:04:00-04:00  3916.159912  3919.600098  3915.209961  3919.409912  3919.409912    17895601
2023-03-14 10:06:00-04:00  3919.320068  3921.840088  3919.090088  3919.790039  3919.790039    15606437
2023-03-14 10:08:00-04:00  3920.010010  3921.570068  3916.189941  3917.629883  3917.629883    17932123
2023-03-14 10:10:00-04:00  3917.729980  3917.729980  3910.409912  3910.800049  3910.800049    18755703
2023-03-14 10:12:00-04:00  3910.590088  3915.409912  3909.080078  3915.409912  3915.409912    16700850
2023-03-14 10:14:00-04:00  3915.520020  3918.790039  3915.520020  3918.790039  3918.790039    16496849
2023-03-14 10:16:00-04:00  3918.580078  3920.469971  3915.149902  3917.280029  3917.280029    16386134
2023-03-14 10:18:00-04:00  3917.449951  3919.300049  3915.050049  3916.780029  3916.780029    13577477
2023-03-14 10:20:00-04:00  3916.760010  3920.600098  3915.689941  3920.050049  3920.050049    13844277
2023-03-14 10:22:00-04:00  3920.070068  3924.489990  3920.070068  3924.209961  3924.209961    15220493
2023-03-14 10:24:00-04:00  3924.219971  3924.870117  3922.189941  3923.419922  3923.419922    13901559
2023-03-14 10:26:00-04:00  3923.439941  3924.500000  3921.750000  3923.729980  3923.729980    15553431
2023-03-14 10:28:00-04:00  3923.689941  3925.469971  3923.350098  3925.469971  3925.469971    13632316
2023-03-14 10:30:00-04:00  3925.350098  3926.830078  3924.959961  3925.800049  3925.800049    21220563
2023-03-14 10:32:00-04:00  3925.949951  3926.729980  3924.729980  3926.689941  3926.689941    13723883
2023-03-14 10:34:00-04:00  3926.709961  3928.239990  3925.360107  3927.389893  3927.389893    14884584
2023-03-14 10:36:00-04:00  3927.429932  3928.709961  3926.739990  3928.439941  3928.439941    12852419
2023-03-14 10:38:00-04:00  3928.520020  3928.570068  3925.489990  3925.639893  3925.639893     6855443