                                  Open         High          Low        Close    Adj Close     Volume
Datetime                                                                                             
2022-12-27 10:54:00-05:00  3840.610107  3840.679932  3837.550049  3837.550049  3837.550049          0
2022-12-27 10:56:00-05:00  3837.389893  3838.469971  3837.090088  3837.659912  3837.659912    5412922
2022-12-27 10:58:00-05:00  3835.100098  3835.370117  3834.530029  3835.139893  3835.139893    8382697
2022-12-27 11:00:00-05:00  3835.169922  3836.929932  3834.300049  3834.830078  3834.830078    7661960
2022-12-27 11:02:00-05:00  3834.899902  3837.850098  3834.770020  3837.340088  3837.340088    8231489
2022-12-27 11:04:00-05:00  3837.340088  3837.909912  3835.909912  3836.169922  3836.169922    7402299
2022-12-27 11:06:00-05:00  3836.110107  3836.520020  3832.909912  3833.979980  3833.979980    7450640
2022-12-27 11:08:00-05:00  3833.929932  3838.639893  3833.810059  3838.639893  3838.639893    6394035
2022-12-27 11:10:00-05:00  3838.669922  3838.949951  3837.879883  3838.370117  3838.370117    5937816
2022-12-27 11:12:00-05:00  3838.379883  3839.149902  3837.750000  3838.199951  3838.199951    5541864
2022-12-27 11:14:00-05:00  3838.169922  3839.270020  3837.120117  3838.969971  3838.969971    6104004
2022-12-27 11:16:00-05:00  3838.919922  3838.919922  3835.409912  3835.409912  3835.409912    7316166
2022-12-27 11:18:00-05:00  3835.350098  3836.250000  3834.830078  3835.489990  3835.489990    5970044
2022-12-27 11:20:00-05:00  3835.350098  3836.570068  3832.830078  3832.979980  3832.979980    7026746
2022-12-27 11:22:00-05:00  3833.010010  3835.929932  3832.870117  3835.929932  3835.929932    6451697
2022-12-27 11:24:00-05:00  3835.850098  3839.399902  3835.699951  3838.020020  3838.020020    8568695
2022-12-27 11:26:00-05:00  3838.010010  3838.260010  3836.189941  3837.149902  3837.149902    5880587
2022-12-27 11:28:00-05:00  3837.159912  3838.760010  3837.129883  3838.760010  3838.760010    5422190
2022-12-27 11:30:00-05:00  3838.840088  3841.870117  3838.389893  3840.649902  3840.649902    8248630
2022-12-27 11:32:00-05:00  3840.739990  3841.800049  3839.129883  3839.149902  3839.149902    5726433
2022-12-27 11:34:00-05:00  3839.290039  3839.389893  3836.110107  3836.899902  3836.899902    7657163
2022-12-27 11:36:00-05:00  3836.870117  3838.929932  3835.929932  3838.919922  3838.919922    6234002
2022-12-27 11:38:00-05:00  3838.919922  3840.719971  3838.830078  3840.479980  3840.479980    5209020
2022-12-27 11:40:00-05:00  3840.580078  3840.979980  3838.949951  3839.860107  3839.860107    5609706
2022-12-27 11:42:00-05:00  3839.860107  3843.479980  3839.830078  3842.379883  3842.379883    6563490
2022-12-27 11:44:00-05:00  3842.409912  3843.310059  3841.510010  3843.219971  3843.219971    6179715
2022-12-27 11:46:00-05:00  3843.139893  3844.100098  3841.379883  3841.500000  3841.500000    6223998
2022-12-27 11:48:00-05:00  3841.520020  3842.070068  3840.969971  3841.780029  3841.780029    4903228
2022-12-27 11:50:00-05:00  3841.780029  3841.850098  3839.719971  3840.550049  3840.550049    5635519
2022-12-27 11:52:00-05:00  3840.459961  3841.250000  3839.800049  3839.800049  3839.800049    5025653
2022-12-27 11:54:00-05:00  3839.780029  3841.139893  3839.270020  3841.139893  3841.139893    5119948
2022-12-27 11:56:00-05:00  3841.209961  3842.219971  3839.610107  3839.929932  3839.929932    5815277
2022-12-27 11:58:00-05:00  3839.929932  3840.090088  3838.780029  3838.979980  3838.979980    5173163
2022-12-27 12:00:00-05:00  3839.030029  3840.489990  3839.030029  3840.489990  3840.489990    5449555
2022-12-27 12:02:00-05:00  3840.560059  3842.370117  3840.540039  3842.370117  3842.370117    4860226
2022-12-27 12:04:00-05:00  3842.379883  3842.790039  3841.899902  3842.040039  3842.040039    5025436
2022-12-27 12:06:00-05:00  3842.020020  3842.100098  3840.810059  3841.570068  3841.570068    5173939
2022-12-27 12:08:00-05:00  3841.639893  3841.770020  3840.090088  3840.439941  3840.439941    4638464
2022-12-27 12:10:00-05:00  3840.459961  3845.199951  3840.459961  3844.969971  3844.969971    6288687
2022-12-27 12:12:00-05:00  3845.010010  3846.510010  3844.550049  3845.899902  3845.899902    5026696
2022-12-27 12:14:00-05:00  3845.899902  3845.899902  3843.080078  3843.360107  3843.360107    6300840
2022-12-27 12:16:00-05:00  3843.389893  3843.389893  3840.899902  3841.229980  3841.229980    5509412
2022-12-27 12:18:00-05:00  3841.199951  3841.889893  3840.879883  3841.889893  3841.889893    4856522
2022-12-27 12:20:00-05:00  3841.929932  3841.929932  3839.129883  3839.590088  3839.590088    5652862
2022-12-27 12:22:00-05:00  3839.580078  3839.699951  3837.330078  3838.600098  3838.600098    6218295
2022-12-27 12:24:00-05:00  3838.600098  3839.280029  3837.949951  3838.090088  3838.090088    4330398
2022-12-27 12:26:00-05:00  3838.100098  3838.100098  3837.239990  3837.439941  3837.439941    4524182
2022-12-27 12:28:00-05:00  3837.479980  3838.100098  3836.949951  3837.350098  3837.350098    4946566
2022-12-27 12:30:00-05:00  3837.330078  3838.419922  3837.149902  3838.100098  3838.100098    4452057
2022-12-27 12:32:00-05:00  3838.100098  3838.429932  3837.689941  3837.879883  3837.879883    4865753
2022-12-27 12:34:00-05:00  3837.870117  3839.209961  3837.629883  3838.699951  3838.699951    6063966
2022-12-27 12:36:00-05:00  3838.699951  3839.629883  3838.070068  3838.520020  3838.520020    5777404
2022-12-27 12:38:00-05:00  3838.540039  3839.850098  3838.540039  3839.620117  3839.620117    4507122
2022-12-27 12:40:00-05:00  3839.449951  3839.820068  3836.189941  3836.260010  3836.260010    5960728
2022-12-27 12:42:00-05:00  3836.239990  3837.360107  3833.909912  3833.939941  3833.939941    5980392
2022-12-27 12:44:00-05:00  3833.969971  3834.479980  3832.030029  3832.120117  3832.120117    5395738
2022-12-27 12:46:00-05:00  3832.030029  3833.159912  3831.750000  3832.250000  3832.250000    4972873
2022-12-27 12:48:00-05:00  3832.270020  3832.489990  3831.139893  3831.709961  3831.709961    4760708
2022-12-27 12:50:00-05:00  3831.699951  3833.139893  3831.290039  3833.139893  3833.139893    4756203
2022-12-27 12:52:00-05:00  3833.110107  3834.739990  3833.040039  3834.239990  3834.239990    4828801
2022-12-27 12:54:00-05:00  3834.239990  3834.790039  3833.590088  3833.620117  3833.620117    4684023
2022-12-27 12:56:00-05:00  3833.590088  3835.550049  3833.530029  3835.449951  3835.449951    4553792
2022-12-27 12:58:00-05:00  3835.449951  3836.770020  3835.060059  3836.590088  3836.590088    4473805
2022-12-27 13:00:00-05:00  3836.610107  3839.179932  3836.229980  3839.179932  3839.179932    6028898
2022-12-27 13:02:00-05:00  3839.179932  3840.040039  3838.820068  3838.840088  3838.840088    4079226
2022-12-27 13:04:00-05:00  3838.850098  3839.229980  3838.330078  3838.459961  3838.459961    4401859
2022-12-27 13:06:00-05:00  3838.459961  3839.459961  3838.429932  3839.280029  3839.280029    4317346
2022-12-27 13:08:00-05:00  3839.270020  3841.340088  3839.229980  3839.830078  3839.830078    5866696
2022-12-27 13:10:00-05:00  3839.840088  3840.379883  3839.429932  3839.439941  3839.439941    4363632
2022-12-27 13:12:00-05:00  3839.429932  3840.129883  3839.020020  3839.679932  3839.679932    4588878
2022-12-27 13:14:00-05:00  3839.659912  3840.419922  3838.979980  3839.000000  3839.000000    4857136
2022-12-27 13:16:00-05:00  3839.080078  3839.320068  3837.280029  3837.280029  3837.280029    5112592
2022-12-27 13:18:00-05:00  3837.239990  3838.030029  3837.120117  3837.149902  3837.149902    4438550
2022-12-27 13:20:00-05:00  3837.129883  3837.149902  3836.189941  3836.610107  3836.610107    4791544
2022-12-27 13:22:00-05:00  3836.610107  3836.610107  3835.979980  3836.169922  3836.169922    3961958
2022-12-27 13:24:00-05:00  3836.000000  3837.370117  3835.570068  3836.989990  3836.989990    5647517
2022-12-27 13:26:00-05:00  3837.020020  3837.080078  3835.449951  3835.919922  3835.919922    4733900
2022-12-27 13:28:00-05:00  3835.929932  3836.520020  3835.449951  3835.500000  3835.500000    4327844
2022-12-27 13:30:00-05:00  3835.479980  3835.479980  3833.909912  3834.000000  3834.000000    5810386
2022-12-27 13:32:00-05:00  3834.030029  3834.179932  3833.320068  3833.909912  3833.909912    4041352
2022-12-27 13:34:00-05:00  3833.919922  3835.010010  3833.419922  3834.899902  3834.899902    4457521
2022-12-27 13:36:00-05:00  3834.919922  3835.719971  3834.679932  3834.679932  3834.679932    4531126
2022-12-27 13:38:00-05:00  3834.659912  3835.040039  3834.260010  3834.570068  3834.570068    4319330
2022-12-27 13:40:00-05:00  3834.570068  3834.750000  3833.590088  3834.709961  3834.709961    5076818
2022-12-27 13:42:00-05:00  3834.629883  3835.689941  3834.330078  3835.219971  3835.219971    4276860
2022-12-27 13:44:00-05:00  3835.229980  3835.370117  3832.320068  3832.320068  3832.320068    6104103
2022-12-27 13:46:00-05:00  3832.310059  3833.409912  3831.800049  3833.360107  3833.360107    5973671
2022-12-27 13:48:00-05:00  3833.340088  3834.159912  3833.000000  3833.939941  3833.939941    4882054
2022-12-27 13:50:00-05:00  3833.959961  3834.389893  3831.590088  3831.629883  3831.629883    5805767
2022-12-27 13:52:00-05:00  3831.649902  3831.810059  3830.179932  3831.149902  3831.149902    5281647
2022-12-27 13:54:00-05:00  3831.169922  3831.379883  3827.979980  3828.239990  3828.239990    6716415
2022-12-27 13:56:00-05:00  3828.199951  3828.350098  3826.760010  3827.429932  3827.429932    6144930
2022-12-27 13:58:00-05:00  3827.389893  3828.449951  3827.179932  3827.550049  3827.550049    4716594
2022-12-27 14:00:00-05:00  3827.570068  3830.340088  3827.060059  3830.340088  3830.340088    5317801
2022-12-27 14:02:00-05:00  3830.459961  3831.709961  3830.030029  3831.580078  3831.580078    4349414
2022-12-27 14:04:00-05:00  3831.560059  3832.129883  3831.050049  3831.090088  3831.090088    5132418
2022-12-27 14:06:00-05:00  3831.090088  3831.409912  3830.590088  3830.610107  3830.610107    4022889
2022-12-27 14:08:00-05:00  3830.629883  3830.659912  3829.350098  3830.000000  3830.000000    4676916
2022-12-27 14:10:00-05:00  3829.989990  3830.729980  3829.800049  3829.810059  3829.810059    4485293
2022-12-27 14:12:00-05:00  3829.800049  3829.800049  3828.320068  3828.370117  3828.370117    5121769
2022-12-27 14:14:00-05:00  3828.379883  3829.139893  3827.290039  3827.300049  3827.300049    4997034
2022-12-27 14:16:00-05:00  3827.310059  3827.310059  3825.780029  3826.449951  3826.449951    6149811
2022-12-27 14:18:00-05:00  3826.360107  3826.439941  3825.199951  3825.820068  3825.820068    4389455
2022-12-27 14:20:00-05:00  3825.830078  3825.830078  3824.489990  3825.270020  3825.270020    5398484
2022-12-27 14:22:00-05:00  3825.239990  3826.979980  3825.209961  3826.870117  3826.870117    4885688
2022-12-27 14:24:00-05:00  3826.870117  3827.919922  3826.669922  3827.590088  3827.590088    5055794
2022-12-27 14:26:00-05:00  3827.580078  3827.590088  3823.760010  3823.760010  3823.760010    5807497
2022-12-27 14:28:00-05:00  3823.750000  3824.060059  3822.610107  3823.389893  3823.389893    6449913
2022-12-27 14:30:00-05:00  3823.370117  3824.169922  3822.639893  3823.030029  3823.030029    5177836
2022-12-27 14:32:00-05:00  3823.030029  3824.879883  3823.000000  3824.750000  3824.750000    4811603
2022-12-27 14:34:00-05:00  3824.629883  3825.800049  3824.139893  3824.780029  3824.780029    5806989
2022-12-27 14:36:00-05:00  3824.780029  3825.649902  3824.459961  3825.419922  3825.419922    4444214
2022-12-27 14:38:00-05:00  3825.419922  3825.419922  3823.139893  3823.260010  3823.260010    5560134
2022-12-27 14:40:00-05:00  3823.320068  3823.330078  3821.209961  3822.020020  3822.020020    6714651
2022-12-27 14:42:00-05:00  3822.080078  3823.179932  3821.719971  3822.290039  3822.290039    5460754
2022-12-27 14:44:00-05:00  3822.239990  3825.159912  3822.219971  3825.060059  3825.060059    5512968
2022-12-27 14:46:00-05:00  3825.090088  3828.060059  3825.070068  3827.010010  3827.010010    6823144
2022-12-27 14:48:00-05:00  3827.000000  3828.649902  3827.000000  3828.629883  3828.629883    5094119
2022-12-27 14:50:00-05:00  3828.610107  3830.330078  3828.389893  3830.209961  3830.209961    5897019
2022-12-27 14:52:00-05:00  3830.189941  3830.389893  3828.169922  3828.270020  3828.270020    5971000
2022-12-27 14:54:00-05:00  3828.270020  3828.969971  3828.000000  3828.469971  3828.469971    5798604
2022-12-27 14:56:00-05:00  3828.439941  3828.449951  3827.010010  3827.560059  3827.560059    6520730
2022-12-27 14:58:00-05:00  3827.550049  3829.820068  3827.550049  3828.929932  3828.929932    7051955
2022-12-27 15:00:00-05:00  3828.949951  3831.229980  3828.949951  3829.919922  3829.919922    6588810
2022-12-27 15:02:00-05:00  3829.909912  3830.120117  3827.739990  3828.280029  3828.280029    6093776
2022-12-27 15:04:00-05:00  3828.260010  3829.729980  3827.459961  3829.729980  3829.729980    6310090
2022-12-27 15:06:00-05:00  3829.840088  3831.199951  3829.840088  3830.850098  3830.850098    5497177
2022-12-27 15:08:00-05:00  3830.860107  3833.040039  3830.820068  3832.949951  3832.949951    6239371
2022-12-27 15:10:00-05:00  3832.939941  3832.969971  3831.399902  3832.360107  3832.360107    6478485
2022-12-27 15:12:00-05:00  3832.340088  3833.800049  3832.189941  3832.239990  3832.239990    6827219
2022-12-27 15:14:00-05:00  3832.229980  3835.070068  3832.229980  3833.939941  3833.939941    7928969
2022-12-27 15:16:00-05:00  3834.000000  3836.530029  3834.000000  3835.949951  3835.949951    7780751
2022-12-27 15:18:00-05:00  3835.969971  3836.270020  3833.550049  3833.550049  3833.550049    8373555
2022-12-27 15:20:00-05:00  3833.389893  3834.239990  3832.719971  3832.780029  3832.780029    7799011
2022-12-27 15:22:00-05:00  3832.790039  3835.129883  3832.739990  3835.050049  3835.050049    7485421
2022-12-27 15:24:00-05:00  3834.969971  3835.459961  3834.209961  3834.840088  3834.840088    6618036
2022-12-27 15:26:00-05:00  3834.830078  3836.020020  3834.510010  3835.250000  3835.250000    7910639
2022-12-27 15:28:00-05:00  3835.209961  3836.399902  3835.040039  3835.550049  3835.550049    7251730
2022-12-27 15:30:00-05:00  3835.600098  3837.229980  3835.550049  3837.149902  3837.149902   10449703
2022-12-27 15:32:00-05:00  3837.169922  3838.629883  3835.500000  3835.620117  3835.620117   12337389
2022-12-27 15:34:00-05:00  3835.649902  3836.790039  3834.649902  3836.790039  3836.790039    8468363
2022-12-27 15:36:00-05:00  3836.810059  3838.300049  3836.810059  3837.770020  3837.770020    9178861
2022-12-27 15:38:00-05:00  3837.790039  3839.260010  3837.620117  3838.879883  3838.879883    9454933
2022-12-27 15:40:00-05:00  3838.889893  3838.919922  3836.500000  3836.500000  3836.500000    9415028
2022-12-27 15:42:00-05:00  3836.479980  3837.300049  3836.310059  3836.989990  3836.989990   10876395
2022-12-27 15:44:00-05:00  3836.979980  3836.989990  3834.080078  3834.649902  3834.649902   13071841
2022-12-27 15:46:00-05:00  3834.709961  3834.750000  3833.320068  3834.280029  3834.280029   12508911
2022-12-27 15:48:00-05:00  3834.239990  3834.580078  3833.209961  3834.169922  3834.169922   14234359
2022-12-27 15:50:00-05:00  3834.229980  3834.229980  3829.209961  3831.000000  3831.000000   23501846
2022-12-27 15:52:00-05:00  3831.010010  3831.340088  3828.919922  3829.850098  3829.850098   17634999
2022-12-27 15:54:00-05:00  3830.250000  3831.850098  3829.360107  3831.850098  3831.850098   25289056
2022-12-27 15:56:00-05:00  3831.810059  3831.840088  3828.189941  3828.590088  3828.590088   29515720
2022-12-27 15:58:00-05:00  3828.560059  3829.379883  3826.919922  3829.379883  3829.379883   46366193
2022-12-28 09:30:00-05:00  3828.100098  3832.110107  3823.010010  3827.370117  3827.370117    8533760
2022-12-28 09:32:00-05:00  3827.520020  3840.649902  3827.520020  3840.409912  3840.409912   15382195
2022-12-28 09:34:00-05:00  3840.179932  3847.389893  3839.860107  3847.199951  3847.199951   14963894
2022-12-28 09:36:00-05:00  3847.169922  3848.320068  3843.570068  3843.709961  3843.709961   11735388
2022-12-28 09:38:00-05:00  3843.800049  3844.379883  3841.739990  3843.899902  3843.899902   10835365
2022-12-28 09:40:00-05:00  3843.860107  3846.810059  3843.760010  3844.899902  3844.899902   12387518
2022-12-28 09:42:00-05:00  3845.050049  3847.409912  3844.750000  3845.090088  3845.090088   11724990
2022-12-28 09:44:00-05:00  3844.989990  3845.060059  3841.919922  3844.500000  3844.500000   10924340
2022-12-28 09:46:00-05:00  3844.340088  3845.850098  3842.239990  3845.000000  3845.000000    9304960
2022-12-28 09:48:00-05:00  3844.919922  3847.389893  3843.959961  3846.850098  3846.850098   12265679
2022-12-28 09:50:00-05:00  3846.659912  3846.729980  3837.399902  3838.889893  3838.889893   11105204
2022-12-28 09:52:00-05:00  3838.889893  3838.889893  3832.929932  3833.199951  3833.199951    8814064
2022-12-28 09:54:00-05:00  3833.129883  3838.580078  3832.469971  3837.899902  3837.899902    9243509
2022-12-28 09:56:00-05:00  3837.840088  3838.860107  3836.870117  3836.870117  3836.870117    7829792
2022-12-28 09:58:00-05:00  3836.850098  3837.590088  3834.580078  3835.969971  3835.969971    9680389
2022-12-28 10:00:00-05:00  3836.340088  3844.409912  3836.270020  3844.060059  3844.060059   10387489
2022-12-28 10:02:00-05:00  3844.030029  3844.030029  3836.520020  3838.870117  3838.870117    8632886
2022-12-28 10:04:00-05:00  3838.860107  3839.149902  3836.340088  3836.409912  3836.409912    6774602
2022-12-28 10:06:00-05:00  3836.530029  3838.280029  3835.340088  3835.439941  3835.439941    9199943
2022-12-28 10:08:00-05:00  3835.429932  3837.370117  3833.790039  3834.260010  3834.260010    8224328
2022-12-28 10:10:00-05:00  3834.270020  3835.399902  3832.409912  3832.679932  3832.679932    8552696
2022-12-28 10:12:00-05:00  3832.679932  3834.929932  3831.550049  3833.669922  3833.669922    7194568
2022-12-28 10:14:00-05:00  3833.520020  3837.810059  3833.409912  3836.969971  3836.969971    9204551
2022-12-28 10:16:00-05:00  3837.000000  3837.969971  3835.120117  3835.439941  3835.439941    7802204
2022-12-28 10:18:00-05:00  3835.260010  3837.159912  3833.629883  3837.159912  3837.159912    7968025
2022-12-28 10:20:00-05:00  3837.479980  3837.870117  3835.780029  3836.500000  3836.500000    7683515
2022-12-28 10:22:00-05:00  3836.419922  3838.129883  3835.669922  3836.040039  3836.040039    6805140
2022-12-28 10:24:00-05:00  3836.060059  3836.060059  3828.159912  3828.699951  3828.699951    9344339
2022-12-28 10:26:00-05:00  3828.750000  3828.800049  3824.800049  3826.219971  3826.219971    8429693
2022-12-28 10:28:00-05:00  3826.260010  3826.260010  3820.649902  3822.000000  3822.000000    9876099
2022-12-28 10:30:00-05:00  3821.979980  3823.560059  3819.830078  3822.929932  3822.929932    9420675
2022-12-28 10:32:00-05:00  3822.909912  3825.649902  3822.879883  3823.909912  3823.909912    7834806
2022-12-28 10:34:00-05:00  3823.929932  3824.520020  3823.040039  3823.219971  3823.219971    7298126
2022-12-28 10:36:00-05:00  3823.199951  3823.439941  3819.919922  3820.929932  3820.929932    9402677
2022-12-28 10:38:00-05:00  3820.929932  3821.209961  3819.270020  3821.129883  3821.129883    7863367
2022-12-28 10:40:00-05:00  3821.129883  3824.080078  3820.959961  3823.899902  3823.899902    7307535
2022-12-28 10:42:00-05:00  3823.889893  3823.889893  3821.350098  3821.550049  3821.550049    6646382
2022-12-28 10:44:00-05:00  3821.699951  3821.699951  3820.020020  3820.889893  3820.889893    7142124
2022-12-28 10:46:00-05:00  3821.020020  3822.139893  3819.639893  3821.790039  3821.790039    6075015
2022-12-28 10:48:00-05:00  3821.679932  3823.330078  3820.939941  3821.459961  3821.459961    7170571
2022-12-28 10:50:00-05:00  3821.389893  3821.590088  3816.719971  3818.070068  3818.070068    8774877
2022-12-28 10:52:00-05:00  3818.110107  3818.879883  3816.570068  3817.850098  3817.850098    7905223
2022-12-28 10:54:00-05:00  3817.830078  3818.199951  3815.399902  3815.439941  3815.439941    7793454
2022-12-28 10:56:00-05:00  3815.379883  3816.000000  3813.330078  3813.669922  3813.669922    8245091
2022-12-28 10:58:00-05:00  3813.610107  3814.090088  3809.260010  3809.870117  3809.870117    7111247
2022-12-28 11:00:00-05:00  3810.379883  3810.669922  3809.959961  3810.639893  3810.639893   12239768
2022-12-28 11:02:00-05:00  3810.379883  3810.379883  3806.530029  3807.830078  3807.830078   10175910
2022-12-28 11:04:00-05:00  3807.790039  3810.780029  3807.739990  3808.649902  3808.649902    7717369
2022-12-28 11:06:00-05:00  3808.959961  3808.959961  3806.179932  3806.179932  3806.179932    6560196
2022-12-28 11:08:00-05:00  3806.199951  3807.409912  3804.199951  3805.379883  3805.379883    7967759
2022-12-28 11:10:00-05:00  3805.350098  3807.360107  3804.110107  3806.580078  3806.580078    7352445
2022-12-28 11:12:00-05:00  3806.520020  3807.750000  3805.830078  3805.830078  3805.830078    6722274
2022-12-28 11:14:00-05:00  3805.750000  3805.830078  3801.850098  3802.010010  3802.010010    7471287
2022-12-28 11:16:00-05:00  3802.090088  3803.510010  3801.949951  3802.370117  3802.370117    5732279
2022-12-28 11:18:00-05:00  3802.159912  3807.060059  3802.120117  3807.060059  3807.060059    7715230
2022-12-28 11:20:00-05:00  3807.000000  3808.469971  3806.659912  3807.409912  3807.409912    6749897
2022-12-28 11:22:00-05:00  3807.479980  3807.659912  3804.889893  3807.449951  3807.449951    6766497
2022-12-28 11:24:00-05:00  3807.459961  3808.469971  3807.310059  3807.439941  3807.439941    6755665
2022-12-28 11:26:00-05:00  3807.330078  3808.679932  3807.110107  3807.260010  3807.260010    6260932
2022-12-28 11:28:00-05:00  3807.179932  3807.300049  3805.850098  3806.540039  3806.540039    6252880
2022-12-28 11:30:00-05:00  3806.699951  3807.590088  3806.610107  3806.969971  3806.969971    5573440
2022-12-28 11:32:00-05:00  3806.979980  3807.929932  3804.250000  3804.250000  3804.250000    8491368
2022-12-28 11:34:00-05:00  3803.850098  3804.189941  3802.909912  3803.010010  3803.010010    6988281
2022-12-28 11:36:00-05:00  3802.969971  3803.659912  3802.070068  3802.939941  3802.939941    5311993
2022-12-28 11:38:00-05:00  3802.919922  3803.199951  3801.409912  3802.479980  3802.479980    6087936
2022-12-28 11:40:00-05:00  3802.459961  3804.770020  3802.459961  3803.679932  3803.679932    7245011
2022-12-28 11:42:00-05:00  3803.649902  3804.540039  3802.510010  3802.850098  3802.850098    5198091
2022-12-28 11:44:00-05:00  3802.889893  3805.199951  3802.739990  3803.629883  3803.629883    6768189
2022-12-28 11:46:00-05:00  3803.629883  3804.090088  3801.560059  3802.050049  3802.050049    6050284
2022-12-28 11:48:00-05:00  3802.050049  3802.050049  3799.360107  3799.370117  3799.370117    6092797
2022-12-28 11:50:00-05:00  3799.360107  3799.570068  3798.639893  3799.149902  3799.149902    5931204
2022-12-28 11:52:00-05:00  3799.300049  3801.719971  3799.219971  3800.280029  3800.280029    5854987
2022-12-28 11:54:00-05:00  3800.290039  3800.800049  3797.320068  3797.659912  3797.659912    5817521
2022-12-28 11:56:00-05:00  3797.780029  3798.610107  3797.510010  3797.719971  3797.719971    4700958
2022-12-28 11:58:00-05:00  3797.739990  3798.370117  3797.129883  3797.729980  3797.729980    5625392
2022-12-28 12:00:00-05:00  3797.770020  3799.060059  3796.129883  3797.320068  3797.320068    7055254
2022-12-28 12:02:00-05:00  3797.459961  3797.469971  3793.129883  3794.469971  3794.469971    7455751
2022-12-28 12:04:00-05:00  3794.429932  3794.590088  3792.000000  3792.239990  3792.239990    5964480
2022-12-28 12:06:00-05:00  3792.330078  3792.949951  3791.419922  3791.959961  3791.959961    6047856
2022-12-28 12:08:00-05:00  3791.969971  3794.260010  3791.969971  3794.209961  3794.209961    7014695
2022-12-28 12:10:00-05:00  3794.219971  3794.600098  3792.689941  3792.909912  3792.909912    5058368
2022-12-28 12:12:00-05:00  3792.870117  3792.929932  3790.320068  3790.659912  3790.659912    5134055
2022-12-28 12:14:00-05:00  3790.570068  3790.879883  3789.429932  3789.429932  3789.429932    5718586
2022-12-28 12:16:00-05:00  3789.429932  3790.020020  3788.909912  3788.959961  3788.959961    4678901
2022-12-28 12:18:00-05:00  3788.989990  3791.669922  3788.919922  3791.000000  3791.000000    5842201
2022-12-28 12:20:00-05:00  3790.949951  3791.510010  3790.610107  3790.969971  3790.969971    4618722
2022-12-28 12:22:00-05:00  3790.939941  3791.090088  3789.320068  3789.760010  3789.760010    5474135
2022-12-28 12:24:00-05:00  3789.629883  3790.850098  3789.290039  3790.820068  3790.820068    4887059
2022-12-28 12:26:00-05:00  3790.820068  3793.709961  3790.270020  3793.639893  3793.639893    5708757
2022-12-28 12:28:00-05:00  3793.689941  3793.959961  3793.320068  3793.790039  3793.790039    5001536
2022-12-28 12:30:00-05:00  3793.790039  3796.179932  3793.790039  3795.810059  3795.810059    6066067
2022-12-28 12:32:00-05:00  3795.790039  3797.989990  3795.449951  3797.840088  3797.840088    5614124
2022-12-28 12:34:00-05:00  3797.739990  3798.889893  3796.969971  3798.379883  3798.379883    5533026
2022-12-28 12:36:00-05:00  3798.379883  3800.000000  3798.330078  3799.070068  3799.070068    5928189
2022-12-28 12:38:00-05:00  3799.080078  3799.080078  3796.860107  3797.949951  3797.949951    5330988
2022-12-28 12:40:00-05:00  3797.969971  3798.360107  3796.520020  3797.060059  3797.060059    4964292
2022-12-28 12:42:00-05:00  3797.070068  3799.300049  3796.959961  3799.020020  3799.020020    5293591
2022-12-28 12:44:00-05:00  3799.020020  3800.699951  3797.979980  3800.340088  3800.340088    5574304
2022-12-28 12:46:00-05:00  3800.300049  3804.060059  3800.300049  3804.040039  3804.040039    5850222
2022-12-28 12:48:00-05:00  3804.010010  3805.790039  3803.919922  3805.790039  3805.790039    6819116
2022-12-28 12:50:00-05:00  3805.860107  3805.939941  3804.419922  3804.419922  3804.419922    5776171
2022-12-28 12:52:00-05:00  3804.379883  3806.060059  3804.219971  3806.040039  3806.040039    5108401
2022-12-28 12:54:00-05:00  3806.020020  3807.270020  3805.659912  3807.270020  3807.270020    5556866
2022-12-28 12:56:00-05:00  3807.270020  3807.300049  3804.370117  3804.760010  3804.760010    5538419
2022-12-28 12:58:00-05:00  3804.790039  3810.280029  3804.790039  3809.159912  3809.159912    7889722
2022-12-28 13:00:00-05:00  3809.159912  3812.649902  3808.500000  3811.719971  3811.719971    7107127
2022-12-28 13:02:00-05:00  3811.729980  3813.750000  3811.610107  3813.750000  3813.750000    5871598
2022-12-28 13:04:00-05:00  3813.760010  3815.090088  3813.360107  3813.360107  3813.360107    6595486
2022-12-28 13:06:00-05:00  3813.270020  3815.840088  3813.100098  3814.510010  3814.510010    6346354
2022-12-28 13:08:00-05:00  3814.489990  3814.840088  3813.830078  3814.239990  3814.239990    5566454
2022-12-28 13:10:00-05:00  3814.270020  3817.479980  3814.270020  3816.340088  3816.340088    6704604
2022-12-28 13:12:00-05:00  3816.350098  3817.129883  3813.719971  3813.850098  3813.850098    5618968
2022-12-28 13:14:00-05:00  3813.840088  3814.340088  3812.459961  3814.000000  3814.000000    5383900
2022-12-28 13:16:00-05:00  3813.939941  3813.939941  3811.120117  3811.290039  3811.290039    5218190
2022-12-28 13:18:00-05:00  3811.290039  3813.060059  3811.219971  3812.540039  3812.540039    4594105
2022-12-28 13:20:00-05:00  3812.550049  3813.199951  3809.620117  3809.620117  3809.620117    5900200
2022-12-28 13:22:00-05:00  3809.270020  3809.590088  3807.540039  3807.570068  3807.570068    4769444
2022-12-28 13:24:00-05:00  3807.570068  3808.100098  3806.939941  3807.129883  3807.129883    4386264
2022-12-28 13:26:00-05:00  3807.139893  3808.939941  3806.919922  3807.469971  3807.469971    5509174
2022-12-28 13:28:00-05:00  3807.449951  3808.800049  3807.350098  3808.580078  3808.580078    4341470
2022-12-28 13:30:00-05:00  3808.590088  3808.739990  3804.889893  3804.889893  3804.889893    5443893
2022-12-28 13:32:00-05:00  3804.810059  3806.669922  3804.810059  3805.979980  3805.979980    4510649
2022-12-28 13:34:00-05:00  3805.939941  3806.020020  3804.120117  3805.510010  3805.510010    5213827
2022-12-28 13:36:00-05:00  3805.520020  3805.649902  3802.870117  3802.939941  3802.939941    5364505
2022-12-28 13:38:00-05:00  3802.969971  3803.239990  3801.760010  3801.870117  3801.870117    3940325
2022-12-28 13:40:00-05:00  3801.820068  3805.020020  3801.820068  3804.500000  3804.500000    5820432
2022-12-28 13:42:00-05:00  3804.520020  3806.120117  3804.520020  3805.139893  3805.139893    5267122
2022-12-28 13:44:00-05:00  3805.120117  3805.939941  3804.260010  3805.689941  3805.689941    4563018
2022-12-28 13:46:00-05:00  3805.729980  3806.520020  3803.439941  3803.439941  3803.439941    4885264
2022-12-28 13:48:00-05:00  3803.489990  3805.540039  3803.379883  3804.830078  3804.830078    4724232
2022-12-28 13:50:00-05:00  3804.820068  3804.969971  3802.239990  3802.239990  3802.239990    5314445
2022-12-28 13:52:00-05:00  3802.209961  3803.419922  3800.879883  3803.409912  3803.409912    5472758
2022-12-28 13:54:00-05:00  3803.409912  3804.939941  3803.100098  3803.840088  3803.840088    5673939
2022-12-28 13:56:00-05:00  3803.860107  3803.969971  3801.879883  3802.090088  3802.090088    4218650
2022-12-28 13:58:00-05:00  3801.919922  3803.100098  3801.469971  3802.449951  3802.449951    4970964
2022-12-28 14:00:00-05:00  3802.429932  3803.610107  3801.620117  3802.639893  3802.639893    5386221
2022-12-28 14:02:00-05:00  3802.649902  3803.729980  3801.729980  3803.679932  3803.679932    4523984
2022-12-28 14:04:00-05:00  3803.709961  3804.320068  3803.439941  3803.760010  3803.760010    5058527
2022-12-28 14:06:00-05:00  3803.639893  3805.149902  3803.610107  3804.469971  3804.469971    5648891
2022-12-28 14:08:00-05:00  3804.500000  3804.530029  3799.909912  3800.389893  3800.389893    6438181
2022-12-28 14:10:00-05:00  3800.370117  3801.159912  3799.610107  3799.610107  3799.610107    4818810
2022-12-28 14:12:00-05:00  3799.590088  3800.510010  3798.659912  3800.270020  3800.270020    5037951
2022-12-28 14:14:00-05:00  3800.219971  3802.169922  3797.820068  3798.239990  3798.239990    6874432
2022-12-28 14:16:00-05:00  3798.189941  3800.110107  3798.189941  3800.110107  3800.110107    5549765
2022-12-28 14:18:00-05:00  3800.110107  3802.449951  3800.110107  3802.429932  3802.429932    4617403
2022-12-28 14:20:00-05:00  3802.449951  3802.610107  3800.889893  3801.100098  3801.100098    4428300
2022-12-28 14:22:00-05:00  3801.159912  3801.159912  3799.969971  3800.070068  3800.070068    4585324
2022-12-28 14:24:00-05:00  3800.090088  3800.949951  3798.500000  3798.500000  3798.500000    6009303
2022-12-28 14:26:00-05:00  3798.520020  3800.929932  3798.399902  3800.919922  3800.919922    5739349
2022-12-28 14:28:00-05:00  3800.929932  3801.189941  3799.879883  3799.879883  3799.879883    4455037
2022-12-28 14:30:00-05:00  3799.699951  3802.229980  3799.040039  3802.229980  3802.229980    6059645
2022-12-28 14:32:00-05:00  3802.449951  3803.719971  3801.129883  3801.179932  3801.179932    5812178
2022-12-28 14:34:00-05:00  3801.149902  3801.229980  3797.560059  3798.149902  3798.149902    6751560
2022-12-28 14:36:00-05:00  3798.169922  3800.070068  3798.169922  3799.760010  3799.760010    5642124
2022-12-28 14:38:00-05:00  3799.790039  3799.879883  3798.790039  3799.659912  3799.659912    4986525
2022-12-28 14:40:00-05:00  3799.679932  3801.719971  3799.679932  3801.370117  3801.370117    5398001
2022-12-28 14:42:00-05:00  3801.360107  3805.239990  3801.310059  3805.239990  3805.239990    6450566
2022-12-28 14:44:00-05:00  3805.500000  3808.850098  3805.500000  3807.820068  3807.820068    7441023
2022-12-28 14:46:00-05:00  3807.949951  3808.189941  3806.770020  3807.899902  3807.899902    6018709
2022-12-28 14:48:00-05:00  3807.850098  3807.959961  3804.989990  3805.270020  3805.270020    5951410
2022-12-28 14:50:00-05:00  3805.290039  3805.290039  3802.389893  3802.389893  3802.389893    5016846
2022-12-28 14:52:00-05:00  3802.330078  3802.780029  3801.530029  3801.540039  3801.540039    4191558
2022-12-28 14:54:00-05:00  3801.550049  3802.360107  3800.229980  3800.260010  3800.260010    5913271
2022-12-28 14:56:00-05:00  3800.260010  3802.229980  3799.909912  3801.709961  3801.709961    5016183
2022-12-28 14:58:00-05:00  3801.689941  3802.100098  3799.189941  3799.699951  3799.699951    6102855
2022-12-28 15:00:00-05:00  3799.899902  3800.199951  3796.820068  3796.820068  3796.820068    7055922
2022-12-28 15:02:00-05:00  3796.840088  3796.840088  3793.629883  3794.530029  3794.530029    7453832
2022-12-28 15:04:00-05:00  3794.469971  3794.939941  3793.179932  3793.179932  3793.179932    6839505
2022-12-28 15:06:00-05:00  3793.169922  3795.270020  3792.879883  3795.139893  3795.139893    6029060
2022-12-28 15:08:00-05:00  3795.159912  3795.159912  3792.889893  3793.189941  3793.189941    6045924
2022-12-28 15:10:00-05:00  3793.110107  3793.290039  3790.780029  3790.949951  3790.949951    6813017
2022-12-28 15:12:00-05:00  3790.909912  3791.060059  3787.540039  3787.540039  3787.540039    7636320
2022-12-28 15:14:00-05:00  3787.479980  3787.479980  3785.560059  3786.830078  3786.830078    8149032
2022-12-28 15:16:00-05:00  3786.760010  3791.750000  3786.560059  3790.389893  3790.389893    9305158
2022-12-28 15:18:00-05:00  3790.500000  3791.699951  3788.489990  3788.729980  3788.729980    7263256
2022-12-28 15:20:00-05:00  3788.709961  3789.300049  3787.449951  3787.570068  3787.570068    6928196
2022-12-28 15:22:00-05:00  3787.560059  3787.560059  3785.760010  3786.090088  3786.090088    7533867
2022-12-28 15:24:00-05:00  3786.030029  3786.949951  3784.489990  3786.270020  3786.270020    8190526
2022-12-28 15:26:00-05:00  3786.270020  3788.689941  3786.270020  3788.280029  3788.280029    7943723
2022-12-28 15:28:00-05:00  3788.370117  3788.699951  3786.620117  3786.790039  3786.790039    8011340
2022-12-28 15:30:00-05:00  3786.800049  3788.969971  3786.399902  3788.969971  3788.969971   10036735
2022-12-28 15:32:00-05:00  3789.060059  3790.419922  3787.649902  3788.320068  3788.320068    9356993
2022-12-28 15:34:00-05:00  3788.229980  3789.120117  3788.050049  3789.060059  3789.060059    8518931
2022-12-28 15:36:00-05:00  3789.090088  3789.649902  3784.790039  3784.790039  3784.790039   11169623
2022-12-28 15:38:00-05:00  3784.810059  3787.500000  3784.800049  3787.060059  3787.060059   10179302
2022-12-28 15:40:00-05:00  3787.070068  3787.500000  3786.100098  3786.389893  3786.389893    9294545
2022-12-28 15:42:00-05:00  3786.449951  3787.639893  3783.379883  3783.399902  3783.399902   12468680
2022-12-28 15:44:00-05:00  3783.399902  3783.750000  3780.780029  3782.129883  3782.129883   14628705
2022-12-28 15:46:00-05:00  3781.949951  3783.469971  3781.239990  3783.409912  3783.409912   13489015
2022-12-28 15:48:00-05:00  3783.360107  3786.629883  3783.270020  3785.620117  3785.620117   15014622
2022-12-28 15:50:00-05:00  3785.600098  3787.189941  3784.080078  3785.570068  3785.570068   21882597
2022-12-28 15:52:00-05:00  3785.540039  3786.350098  3783.280029  3783.540039  3783.540039   21592441
2022-12-28 15:54:00-05:00  3783.520020  3785.719971  3783.459961  3784.360107  3784.360107   27187514
2022-12-28 15:56:00-05:00  3784.350098  3786.050049  3784.050049  3784.050049  3784.050049   28551212
2022-12-28 15:58:00-05:00  3784.149902  3785.469971  3783.050049  3783.149902  3783.149902   43438022
2022-12-29 09:30:00-05:00  3805.449951  3811.590088  3805.449951  3810.800049  3810.800049    7571259
2022-12-29 09:32:00-05:00  3810.580078  3810.659912  3807.179932  3809.729980  3809.729980   13529735
2022-12-29 09:34:00-05:00  3809.780029  3817.300049  3809.780029  3817.010010  3817.010010   13946508
2022-12-29 09:36:00-05:00  3816.899902  3822.120117  3816.429932  3821.860107  3821.860107   13364482
2022-12-29 09:38:00-05:00  3821.570068  3823.409912  3821.469971  3821.870117  3821.870117   12964511
2022-12-29 09:40:00-05:00  3821.969971  3827.889893  3821.969971  3827.679932  3827.679932   12864543
2022-12-29 09:42:00-05:00  3827.669922  3830.419922  3827.149902  3830.250000  3830.250000   12328838
2022-12-29 09:44:00-05:00  3830.179932  3830.389893  3826.439941  3826.639893  3826.639893   10874703
2022-12-29 09:46:00-05:00  3826.669922  3829.679932  3826.239990  3829.679932  3829.679932   11213739
2022-12-29 09:48:00-05:00  3829.729980  3830.100098  3828.469971  3829.600098  3829.600098   10425914
2022-12-29 09:50:00-05:00  3829.580078  3831.459961  3827.020020  3827.939941  3827.939941   11807758
2022-12-29 09:52:00-05:00  3827.929932  3828.199951  3824.310059  3826.050049  3826.050049    9394688
2022-12-29 09:54:00-05:00  3825.830078  3830.219971  3825.830078  3830.040039  3830.040039    8660359
2022-12-29 09:56:00-05:00  3830.020020  3831.489990  3828.709961  3831.120117  3831.120117    8007410
2022-12-29 09:58:00-05:00  3831.179932  3832.919922  3830.010010  3830.840088  3830.840088    8894263
2022-12-29 10:00:00-05:00  3830.820068  3834.889893  3830.820068  3832.530029  3832.530029   10546160
2022-12-29 10:02:00-05:00  3832.639893  3832.639893  3829.159912  3830.360107  3830.360107    8672358
2022-12-29 10:04:00-05:00  3830.389893  3831.530029  3829.889893  3831.530029  3831.530029    8426316
2022-12-29 10:06:00-05:00  3831.790039  3834.850098  3831.149902  3834.399902  3834.399902    9720573
2022-12-29 10:08:00-05:00  3834.510010  3837.560059  3834.129883  3835.620117  3835.620117   10133285
2022-12-29 10:10:00-05:00  3835.600098  3838.010010  3835.600098  3838.010010  3838.010010    8126296
2022-12-29 10:12:00-05:00  3838.050049  3838.770020  3837.030029  3838.189941  3838.189941    8884887
2022-12-29 10:14:00-05:00  3838.280029  3843.000000  3838.280029  3842.760010  3842.760010   10621330
2022-12-29 10:16:00-05:00  3842.629883  3842.629883  3840.000000  3840.229980  3840.229980    9522880
2022-12-29 10:18:00-05:00  3840.300049  3843.260010  3840.300049  3843.260010  3843.260010    9470772
2022-12-29 10:20:00-05:00  3843.270020  3844.149902  3841.830078  3842.280029  3842.280029    8794502
2022-12-29 10:22:00-05:00  3842.030029  3843.129883  3840.419922  3840.590088  3840.590088    8429457
2022-12-29 10:24:00-05:00  3840.590088  3841.719971  3840.469971  3841.350098  3841.350098    7505216
2022-12-29 10:26:00-05:00  3841.320068  3841.399902  3837.870117  3839.030029  3839.030029    8823257
2022-12-29 10:28:00-05:00  3839.149902  3840.340088  3838.189941  3838.260010  3838.260010    7271873
2022-12-29 10:30:00-05:00  3838.439941  3841.709961  3838.439941  3841.379883  3841.379883    8290001
2022-12-29 10:32:00-05:00  3841.389893  3843.729980  3841.330078  3841.919922  3841.919922    7515007
2022-12-29 10:34:00-05:00  3841.979980  3845.790039  3841.949951  3845.780029  3845.780029    7565142
2022-12-29 10:36:00-05:00  3845.919922  3845.919922  3843.739990  3844.419922  3844.419922    7310709
2022-12-29 10:38:00-05:00  3844.510010  3846.090088  3844.510010  3845.010010  3845.010010    6927499
2022-12-29 10:40:00-05:00  3845.090088  3845.370117  3844.100098  3844.659912  3844.659912    7561701
2022-12-29 10:42:00-05:00  3844.659912  3846.040039  3844.409912  3844.580078  3844.580078    7859710
2022-12-29 10:44:00-05:00  3844.709961  3845.540039  3842.780029  3843.909912  3843.909912    7639587
2022-12-29 10:46:00-05:00  3843.840088  3844.570068  3843.540039  3843.949951  3843.949951    6461662
2022-12-29 10:48:00-05:00  3843.959961  3843.959961  3840.959961  3841.350098  3841.350098    8114067
2022-12-29 10:50:00-05:00  3841.639893  3845.320068  3841.639893  3844.219971  3844.219971    7385169
2022-12-29 10:52:00-05:00  3844.219971  3844.530029  3843.550049  3844.530029  3844.530029    1604553
2022-12-29 10:54:00-05:00  3844.989990  3845.770020  3844.439941  3845.739990  3845.739990   12432427
2022-12-29 10:56:00-05:00  3845.719971  3847.350098  3845.500000  3847.350098  3847.350098    6928225
2022-12-29 10:58:00-05:00  3847.399902  3847.469971  3846.350098  3846.639893  3846.639893    7457085
2022-12-29 11:00:00-05:00  3846.639893  3847.639893  3846.629883  3846.770020  3846.770020    7664592
2022-12-29 11:02:00-05:00  3846.739990  3846.739990  3843.760010  3844.540039  3844.540039    7194874
2022-12-29 11:04:00-05:00  3844.550049  3845.159912  3843.949951  3844.790039  3844.790039    7698890
2022-12-29 11:06:00-05:00  3844.840088  3845.070068  3842.979980  3844.649902  3844.649902    7107694
2022-12-29 11:08:00-05:00  3844.580078  3844.580078  3840.949951  3841.590088  3841.590088    7243866
2022-12-29 11:10:00-05:00  3841.600098  3842.780029  3840.090088  3840.479980  3840.479980    6998879
2022-12-29 11:12:00-05:00  3840.449951  3841.100098  3838.520020  3839.070068  3839.070068    7016261
2022-12-29 11:14:00-05:00  3839.080078  3841.040039  3839.080078  3841.030029  3841.030029    8057055
2022-12-29 11:16:00-05:00  3841.050049  3842.969971  3841.050049  3842.689941  3842.689941    6412736
2022-12-29 11:18:00-05:00  3842.760010  3843.610107  3842.169922  3842.379883  3842.379883    5946685
2022-12-29 11:20:00-05:00  3842.340088  3843.399902  3842.250000  3842.510010  3842.510010    5781781
2022-12-29 11:22:00-05:00  3842.479980  3842.479980  3840.110107  3840.459961  3840.459961    6464562
2022-12-29 11:24:00-05:00  3840.469971  3843.560059  3840.110107  3843.560059  3843.560059    6695592
2022-12-29 11:26:00-05:00  3843.610107  3844.530029  3843.020020  3843.770020  3843.770020    6881598
2022-12-29 11:28:00-05:00  3843.739990  3844.510010  3843.639893  3844.050049  3844.050049    6313564
2022-12-29 11:30:00-05:00  3844.030029  3847.000000  3844.030029  3847.000000  3847.000000    6623565
2022-12-29 11:32:00-05:00  3847.020020  3849.979980  3847.020020  3849.399902  3849.399902    7929986
2022-12-29 11:34:00-05:00  3849.419922  3850.209961  3849.169922  3849.520020  3849.520020    6667813
2022-12-29 11:36:00-05:00  3849.500000  3849.500000  3848.250000  3848.250000  3848.250000    6223149
2022-12-29 11:38:00-05:00  3848.179932  3849.459961  3848.139893  3849.320068  3849.320068    5151027
2022-12-29 11:40:00-05:00  3849.320068  3849.979980  3848.830078  3849.120117  3849.120117    8982226
2022-12-29 11:42:00-05:00  3849.260010  3850.530029  3849.120117  3849.469971  3849.469971    5993738
2022-12-29 11:44:00-05:00  3849.510010  3851.120117  3849.510010  3851.030029  3851.030029    5400634
2022-12-29 11:46:00-05:00  3851.129883  3852.750000  3851.129883  3852.520020  3852.520020    6309186
2022-12-29 11:48:00-05:00  3852.540039  3853.919922  3852.540039  3853.489990  3853.489990    6624018
2022-12-29 11:50:00-05:00  3853.500000  3855.929932  3853.399902  3855.709961  3855.709961    6415923
2022-12-29 11:52:00-05:00  3855.679932  3856.719971  3855.629883  3856.439941  3856.439941    6080324
2022-12-29 11:54:00-05:00  3856.479980  3857.280029  3854.919922  3854.919922  3854.919922    6005653
2022-12-29 11:56:00-05:00  3854.929932  3855.389893  3854.449951  3854.760010  3854.760010    5409209
2022-12-29 11:58:00-05:00  3854.810059  3855.909912  3854.610107  3854.610107  3854.610107    5179440
2022-12-29 12:00:00-05:00  3854.489990  3855.399902  3854.489990  3854.879883  3854.879883    5675722
2022-12-29 12:02:00-05:00  3854.830078  3855.050049  3853.850098  3853.850098  3853.850098    5623929
2022-12-29 12:04:00-05:00  3853.830078  3853.899902  3852.280029  3852.350098  3852.350098    6112669
2022-12-29 12:06:00-05:00  3852.459961  3853.379883  3851.879883  3853.379883  3853.379883    6032122
2022-12-29 12:08:00-05:00  3853.350098  3854.649902  3853.270020  3854.580078  3854.580078    4919165
2022-12-29 12:10:00-05:00  3854.580078  3856.229980  3854.580078  3855.949951  3855.949951    6504997
2022-12-29 12:12:00-05:00  3855.969971  3856.020020  3854.560059  3854.810059  3854.810059    5664753
2022-12-29 12:14:00-05:00  3854.770020  3854.770020  3852.010010  3852.580078  3852.580078    6554295
2022-12-29 12:16:00-05:00  3852.629883  3854.689941  3852.530029  3854.419922  3854.419922    5817460
2022-12-29 12:18:00-05:00  3854.469971  3855.820068  3854.469971  3855.010010  3855.010010    5862352
2022-12-29 12:20:00-05:00  3855.020020  3855.639893  3854.550049  3855.600098  3855.600098    4474503
2022-12-29 12:22:00-05:00  3855.560059  3856.370117  3854.340088  3854.340088  3854.340088    5895650
2022-12-29 12:24:00-05:00  3854.300049  3854.989990  3853.439941  3853.439941  3853.439941    5258432
2022-12-29 12:26:00-05:00  3853.449951  3854.129883  3852.750000  3854.070068  3854.070068    5508326
2022-12-29 12:28:00-05:00  3854.030029  3854.409912  3853.330078  3853.330078  3853.330078    4815343
2022-12-29 12:30:00-05:00  3853.350098  3853.780029  3852.060059  3852.300049  3852.300049    6905915
2022-12-29 12:32:00-05:00  3852.300049  3854.540039  3852.300049  3853.860107  3853.860107    5396952
2022-12-29 12:34:00-05:00  3853.850098  3853.850098  3850.760010  3850.830078  3850.830078    5567107
2022-12-29 12:36:00-05:00  3850.830078  3851.020020  3848.989990  3849.010010  3849.010010    6036955
2022-12-29 12:38:00-05:00  3849.010010  3849.310059  3848.330078  3849.189941  3849.189941    5379903
2022-12-29 12:40:00-05:00  3849.219971  3851.469971  3849.219971  3850.540039  3850.540039    5717347
2022-12-29 12:42:00-05:00  3850.540039  3851.110107  3849.030029  3851.110107  3851.110107    5865195
2022-12-29 12:44:00-05:00  3851.149902  3851.639893  3850.669922  3851.000000  3851.000000    5184802
2022-12-29 12:46:00-05:00  3851.040039  3851.120117  3850.189941  3850.209961  3850.209961    4765382
2022-12-29 12:48:00-05:00  3850.219971  3850.850098  3850.100098  3850.290039  3850.290039    4294405
2022-12-29 12:50:00-05:00  3850.330078  3852.879883  3850.330078  3852.679932  3852.679932    6273095
2022-12-29 12:52:00-05:00  3852.750000  3853.610107  3852.540039  3853.419922  3853.419922    5944952
2022-12-29 12:54:00-05:00  3853.439941  3854.469971  3853.340088  3853.729980  3853.729980    5623822
2022-12-29 12:56:00-05:00  3853.699951  3854.179932  3853.620117  3853.810059  3853.810059    4605499
2022-12-29 12:58:00-05:00  3853.840088  3854.770020  3853.330078  3853.709961  3853.709961    5690083
2022-12-29 13:00:00-05:00  3853.709961  3854.739990  3853.060059  3853.830078  3853.830078    5678630
2022-12-29 13:02:00-05:00  3853.870117  3854.540039  3853.610107  3853.780029  3853.780029    4256561
2022-12-29 13:04:00-05:00  3853.780029  3853.899902  3850.300049  3850.300049  3850.300049    6562536
2022-12-29 13:06:00-05:00  3850.270020  3851.209961  3848.620117  3848.620117  3848.620117    5499240
2022-12-29 13:08:00-05:00  3848.580078  3849.000000  3847.659912  3848.379883  3848.379883    5137358
2022-12-29 13:10:00-05:00  3848.379883  3850.439941  3848.320068  3850.310059  3850.310059    5261805
2022-12-29 13:12:00-05:00  3850.290039  3851.679932  3850.080078  3851.510010  3851.510010    5296993
2022-12-29 13:14:00-05:00  3851.500000  3851.689941  3849.929932  3850.020020  3850.020020    4992885
2022-12-29 13:16:00-05:00  3849.989990  3852.629883  3849.899902  3852.629883  3852.629883    7081749
2022-12-29 13:18:00-05:00  3852.620117  3853.419922  3851.530029  3851.530029  3851.530029    5405297
2022-12-29 13:20:00-05:00  3851.449951  3851.469971  3849.889893  3849.949951  3849.949951    4804983
2022-12-29 13:22:00-05:00  3849.979980  3851.050049  3849.120117  3851.020020  3851.020020    7310530
2022-12-29 13:24:00-05:00  3851.040039  3851.729980  3850.969971  3851.479980  3851.479980    5203882
2022-12-29 13:26:00-05:00  3851.500000  3852.550049  3851.350098  3852.189941  3852.189941    5520277
2022-12-29 13:28:00-05:00  3852.189941  3852.189941  3850.969971  3851.229980  3851.229980    4932539
2022-12-29 13:30:00-05:00  3851.250000  3851.449951  3850.040039  3850.290039  3850.290039    5111625
2022-12-29 13:32:00-05:00  3850.250000  3850.600098  3849.179932  3850.469971  3850.469971    5012522
2022-12-29 13:34:00-05:00  3850.489990  3851.820068  3849.570068  3849.770020  3849.770020    5773507
2022-12-29 13:36:00-05:00  3849.760010  3850.530029  3849.100098  3850.530029  3850.530029    4737396
2022-12-29 13:38:00-05:00  3850.530029  3851.399902  3850.280029  3851.399902  3851.399902    4535583
2022-12-29 13:40:00-05:00  3851.389893  3853.629883  3851.389893  3853.270020  3853.270020    5561611
2022-12-29 13:42:00-05:00  3853.280029  3853.800049  3852.439941  3853.659912  3853.659912    4221330
2022-12-29 13:44:00-05:00  3853.659912  3854.100098  3852.600098  3852.639893  3852.639893    4749731
2022-12-29 13:46:00-05:00  3852.669922  3852.669922  3851.550049  3851.939941  3851.939941    5480580
2022-12-29 13:48:00-05:00  3851.919922  3852.449951  3851.830078  3852.350098  3852.350098    4326184
2022-12-29 13:50:00-05:00  3852.429932  3852.760010  3851.419922  3851.830078  3851.830078    4401802
2022-12-29 13:52:00-05:00  3851.830078  3852.649902  3851.360107  3852.060059  3852.060059    4554204
2022-12-29 13:54:00-05:00  3852.050049  3853.389893  3851.629883  3851.889893  3851.889893    6356428
2022-12-29 13:56:00-05:00  3852.060059  3852.770020  3852.060059  3852.649902  3852.649902    4681839
2022-12-29 13:58:00-05:00  3852.689941  3854.399902  3852.689941  3853.979980  3853.979980    4880367
2022-12-29 14:00:00-05:00  3853.969971  3856.409912  3853.889893  3855.659912  3855.659912    6844921
2022-12-29 14:02:00-05:00  3855.639893  3857.260010  3855.530029  3856.530029  3856.530029    5732409
2022-12-29 14:04:00-05:00  3856.520020  3857.199951  3856.520020  3857.199951  3857.199951    4765780
2022-12-29 14:06:00-05:00  3857.209961  3858.189941  3856.770020  3856.919922  3856.919922    5776668
2022-12-29 14:08:00-05:00  3856.969971  3857.090088  3854.050049  3854.850098  3854.850098    6159034
2022-12-29 14:10:00-05:00  3854.830078  3855.510010  3854.469971  3854.469971  3854.469971    4933125
2022-12-29 14:12:00-05:00  3854.459961  3854.489990  3852.800049  3853.679932  3853.679932    5657261
2022-12-29 14:14:00-05:00  3853.659912  3853.939941  3853.010010  3853.939941  3853.939941    4572363
2022-12-29 14:16:00-05:00  3854.010010  3854.159912  3853.000000  3853.550049  3853.550049    5041996
2022-12-29 14:18:00-05:00  3853.540039  3854.889893  3852.760010  3854.620117  3854.620117    5441922
2022-12-29 14:20:00-05:00  3854.570068  3854.570068  3853.280029  3854.000000  3854.000000    4575033
2022-12-29 14:22:00-05:00  3854.000000  3854.949951  3853.899902  3854.520020  3854.520020    4172215
2022-12-29 14:24:00-05:00  3854.479980  3854.639893  3853.750000  3854.610107  3854.610107    4812832
2022-12-29 14:26:00-05:00  3854.750000  3854.750000  3853.159912  3853.669922  3853.669922    5085205
2022-12-29 14:28:00-05:00  3853.649902  3853.709961  3851.449951  3851.500000  3851.500000    5454932
2022-12-29 14:30:00-05:00  3851.449951  3851.620117  3849.989990  3850.729980  3850.729980    5774175
2022-12-29 14:32:00-05:00  3850.709961  3852.580078  3850.709961  3852.389893  3852.389893    4867284
2022-12-29 14:34:00-05:00  3852.389893  3853.000000  3851.850098  3852.199951  3852.199951    4547614
2022-12-29 14:36:00-05:00  3852.179932  3853.110107  3851.879883  3852.669922  3852.669922    3922327
2022-12-29 14:38:00-05:00  3852.699951  3853.520020  3852.699951  3853.280029  3853.280029    4468004
2022-12-29 14:40:00-05:00  3853.280029  3854.989990  3852.939941  3854.310059  3854.310059    5833835
2022-12-29 14:42:00-05:00  3854.290039  3855.659912  3854.179932  3855.010010  3855.010010    5361122
2022-12-29 14:44:00-05:00  3854.889893  3854.939941  3853.860107  3854.570068  3854.570068    5282600
2022-12-29 14:46:00-05:00  3854.570068  3854.639893  3853.209961  3853.399902  3853.399902    4870708
2022-12-29 14:48:00-05:00  3853.399902  3854.540039  3853.100098  3853.419922  3853.419922    4743494
2022-12-29 14:50:00-05:00  3853.429932  3853.679932  3851.580078  3851.719971  3851.719971    4975664
2022-12-29 14:52:00-05:00  3851.719971  3852.060059  3851.149902  3851.889893  3851.889893    5119683
2022-12-29 14:54:00-05:00  3851.909912  3851.929932  3851.100098  3851.120117  3851.120117    4775367
2022-12-29 14:56:00-05:00  3851.090088  3851.239990  3850.100098  3850.989990  3850.989990    5260262
2022-12-29 14:58:00-05:00  3850.969971  3851.520020  3850.409912  3850.560059  3850.560059    4824504
2022-12-29 15:00:00-05:00  3850.580078  3850.899902  3850.120117  3850.600098  3850.600098    5867147
2022-12-29 15:02:00-05:00  3850.560059  3852.040039  3850.429932  3851.780029  3851.780029    6447394
2022-12-29 15:04:00-05:00  3851.879883  3854.000000  3851.860107  3853.939941  3853.939941    7540980
2022-12-29 15:06:00-05:00  3853.879883  3854.090088  3852.570068  3852.820068  3852.820068    6179746
2022-12-29 15:08:00-05:00  3852.820068  3852.840088  3851.520020  3852.790039  3852.790039    5947810
2022-12-29 15:10:00-05:00  3852.790039  3852.830078  3849.409912  3850.030029  3850.030029    7321211
2022-12-29 15:12:00-05:00  3850.000000  3852.270020  3850.000000  3852.020020  3852.020020    9016323
2022-12-29 15:14:00-05:00  3852.010010  3852.020020  3848.459961  3849.060059  3849.060059    8308881
2022-12-29 15:16:00-05:00  3849.070068  3850.340088  3849.070068  3850.050049  3850.050049    6900911
2022-12-29 15:18:00-05:00  3850.020020  3850.110107  3847.469971  3848.750000  3848.750000    7953461
2022-12-29 15:20:00-05:00  3848.770020  3850.889893  3848.000000  3850.729980  3850.729980    7565277
2022-12-29 15:22:00-05:00  3850.709961  3850.760010  3849.610107  3849.840088  3849.840088    6932667
2022-12-29 15:24:00-05:00  3849.840088  3850.719971  3848.909912  3848.909912  3848.909912    7544349
2022-12-29 15:26:00-05:00  3848.889893  3850.429932  3848.830078  3850.419922  3850.419922    7535971
2022-12-29 15:28:00-05:00  3850.449951  3851.530029  3849.050049  3849.659912  3849.659912    8457489
2022-12-29 15:30:00-05:00  3849.669922  3851.919922  3849.560059  3851.919922  3851.919922    8771879
2022-12-29 15:32:00-05:00  3852.000000  3852.000000  3850.439941  3850.879883  3850.879883    9528356
2022-12-29 15:34:00-05:00  3850.969971  3852.500000  3850.969971  3852.120117  3852.120117    8822063
2022-12-29 15:36:00-05:00  3852.139893  3852.989990  3851.879883  3851.949951  3851.949951    9893032
2022-12-29 15:38:00-05:00  3851.889893  3852.040039  3849.820068  3850.669922  3850.669922    8989927
2022-12-29 15:40:00-05:00  3850.699951  3850.699951  3849.659912  3850.070068  3850.070068    9301106
2022-12-29 15:42:00-05:00  3850.129883  3852.120117  3850.129883  3851.239990  3851.239990   10936217
2022-12-29 15:44:00-05:00  3851.239990  3853.169922  3851.239990  3852.149902  3852.149902   12544750
2022-12-29 15:46:00-05:00  3852.219971  3853.919922  3851.570068  3852.959961  3852.959961   12664623
2022-12-29 15:48:00-05:00  3852.919922  3854.050049  3851.850098  3854.000000  3854.000000   13090987
2022-12-29 15:50:00-05:00  3853.760010  3855.199951  3851.800049  3853.929932  3853.929932   21184315
2022-12-29 15:52:00-05:00  3853.989990  3854.459961  3853.040039  3854.280029  3854.280029   19140733
2022-12-29 15:54:00-05:00  3854.260010  3854.500000  3851.250000  3851.729980  3851.729980   28287721
2022-12-29 15:56:00-05:00  3851.739990  3851.939941  3849.929932  3849.929932  3849.929932   26411543
2022-12-29 15:58:00-05:00  3849.919922  3849.919922  3847.550049  3848.689941  3848.689941   45443188
2022-12-30 09:30:00-05:00  3829.060059  3829.060059  3820.790039  3820.889893  3820.889893    6469346
2022-12-30 09:32:00-05:00  3821.189941  3826.379883  3817.199951  3826.379883  3826.379883   12769699
2022-12-30 09:34:00-05:00  3826.459961  3830.020020  3826.270020  3829.159912  3829.159912   11174299
2022-12-30 09:36:00-05:00  3828.919922  3829.040039  3826.800049  3827.360107  3827.360107    9426089
2022-12-30 09:38:00-05:00  3827.479980  3829.290039  3826.629883  3826.629883  3826.629883    7643167
2022-12-30 09:40:00-05:00  3826.510010  3826.510010  3820.030029  3820.030029  3820.030029   10725607
2022-12-30 09:42:00-05:00  3820.300049  3824.229980  3818.500000  3822.620117  3822.620117   10020385
2022-12-30 09:44:00-05:00  3822.530029  3825.100098  3819.899902  3820.489990  3820.489990    9339669
2022-12-30 09:46:00-05:00  3820.570068  3821.510010  3814.620117  3814.770020  3814.770020    9434071
2022-12-30 09:48:00-05:00  3814.629883  3814.629883  3806.879883  3807.370117  3807.370117   12039564
2022-12-30 09:50:00-05:00  3807.510010  3809.729980  3807.239990  3808.939941  3808.939941   12825943
2022-12-30 09:52:00-05:00  3809.040039  3814.860107  3808.860107  3811.889893  3811.889893    8632167
2022-12-30 09:54:00-05:00  3811.919922  3814.520020  3811.659912  3811.919922  3811.919922    7294996
2022-12-30 09:56:00-05:00  3811.889893  3814.560059  3811.550049  3813.000000  3813.000000    6786275
2022-12-30 09:58:00-05:00  3812.979980  3818.629883  3812.969971  3818.570068  3818.570068    9513147
2022-12-30 10:00:00-05:00  3819.429932  3819.909912  3816.979980  3817.010010  3817.010010    9288202
2022-12-30 10:02:00-05:00  3817.080078  3817.850098  3815.260010  3816.479980  3816.479980    6797117
2022-12-30 10:04:00-05:00  3816.419922  3817.510010  3813.719971  3814.300049  3814.300049    8217004
2022-12-30 10:06:00-05:00  3814.270020  3816.300049  3813.439941  3813.469971  3813.469971    8173298
2022-12-30 10:08:00-05:00  3813.429932  3813.820068  3811.879883  3812.840088  3812.840088    6596410
2022-12-30 10:10:00-05:00  3812.810059  3815.820068  3812.810059  3815.669922  3815.669922    6814981
2022-12-30 10:12:00-05:00  3815.770020  3817.719971  3815.649902  3816.370117  3816.370117    7084833
2022-12-30 10:14:00-05:00  3816.570068  3818.280029  3815.639893  3817.719971  3817.719971    7030261
2022-12-30 10:16:00-05:00  3817.800049  3822.149902  3816.989990  3822.110107  3822.110107    5553972
2022-12-30 10:18:00-05:00  3821.969971  3826.580078  3821.820068  3826.520020  3826.520020   11180857
2022-12-30 10:20:00-05:00  3826.479980  3827.570068  3825.600098  3826.280029  3826.280029    7845294
2022-12-30 10:22:00-05:00  3826.300049  3826.300049  3824.070068  3824.159912  3824.159912    6666720
2022-12-30 10:24:00-05:00  3824.189941  3826.899902  3824.139893  3824.729980  3824.729980    7623075
2022-12-30 10:26:00-05:00  3824.820068  3825.479980  3824.590088  3825.050049  3825.050049    5109140
2022-12-30 10:28:00-05:00  3825.020020  3825.020020  3821.889893  3823.120117  3823.120117    6684020
2022-12-30 10:30:00-05:00  3823.159912  3823.159912  3821.479980  3821.479980  3821.479980    6229763
2022-12-30 10:32:00-05:00  3821.489990  3821.870117  3818.860107  3820.120117  3820.120117    7435294
2022-12-30 10:34:00-05:00  3820.159912  3822.520020  3819.840088  3820.929932  3820.929932    8138493
2022-12-30 10:36:00-05:00  3820.899902  3823.689941  3820.489990  3823.689941  3823.689941    6271231
2022-12-30 10:38:00-05:00  3823.699951  3823.709961  3821.520020  3821.699951  3821.699951    5945861
2022-12-30 10:40:00-05:00  3821.600098  3822.000000  3819.610107  3820.139893  3820.139893    7274223
2022-12-30 10:42:00-05:00  3820.139893  3822.780029  3819.300049  3822.780029  3822.780029    6473369
2022-12-30 10:44:00-05:00  3822.739990  3822.879883  3821.149902  3822.229980  3822.229980    7623677
2022-12-30 10:46:00-05:00  3822.280029  3826.939941  3820.979980  3826.889893  3826.889893    7738098
2022-12-30 10:48:00-05:00  3826.750000  3829.959961  3826.520020  3829.419922  3829.419922    7391581
2022-12-30 10:50:00-05:00  3829.419922  3829.419922  3824.620117  3824.620117  3824.620117    8236303
2022-12-30 10:52:00-05:00  3824.550049  3825.449951  3824.149902  3824.979980  3824.979980    3054307
2022-12-30 10:54:00-05:00  3821.969971  3822.250000  3821.080078  3822.250000  3822.250000  379691941
2022-12-30 10:56:00-05:00  3822.199951  3822.260010  3818.090088  3818.399902  3818.399902    6794028
2022-12-30 10:58:00-05:00  3818.379883  3819.350098  3817.689941  3819.219971  3819.219971    5245669
2022-12-30 11:00:00-05:00  3819.159912  3819.159912  3817.399902  3819.090088  3819.090088    6399262
2022-12-30 11:02:00-05:00  3819.129883  3819.979980  3818.959961  3819.620117  3819.620117    5892132
2022-12-30 11:04:00-05:00  3819.550049  3820.500000  3818.689941  3820.270020  3820.270020    4782310
2022-12-30 11:06:00-05:00  3820.149902  3820.530029  3819.760010  3819.929932  3819.929932    6608514
2022-12-30 11:08:00-05:00  3819.979980  3820.989990  3819.090088  3820.949951  3820.949951    5672580
2022-12-30 11:10:00-05:00  3820.919922  3821.530029  3818.530029  3818.530029  3818.530029    7054664
2022-12-30 11:12:00-05:00  3818.379883  3818.760010  3816.100098  3816.709961  3816.709961    7302495
2022-12-30 11:14:00-05:00  3816.629883  3817.560059  3815.020020  3815.110107  3815.110107    6643501
2022-12-30 11:16:00-05:00  3815.080078  3815.750000  3814.399902  3815.540039  3815.540039    5612154
2022-12-30 11:18:00-05:00  3815.199951  3815.699951  3814.810059  3815.139893  3815.139893    5607615
2022-12-30 11:20:00-05:00  3815.300049  3815.300049  3812.639893  3814.540039  3814.540039    6911169
2022-12-30 11:22:00-05:00  3814.550049  3814.899902  3813.000000  3813.360107  3813.360107    5448905
2022-12-30 11:24:00-05:00  3813.330078  3813.530029  3812.760010  3812.899902  3812.899902    5136335
2022-12-30 11:26:00-05:00  3812.870117  3814.209961  3812.770020  3813.270020  3813.270020    5893826
2022-12-30 11:28:00-05:00  3813.229980  3814.070068  3812.280029  3813.530029  3813.530029    5930068
2022-12-30 11:30:00-05:00  3813.590088  3817.159912  3812.159912  3817.159912  3817.159912    9082176
2022-12-30 11:32:00-05:00  3817.090088  3818.570068  3816.560059  3818.560059  3818.560059    5659952
2022-12-30 11:34:00-05:00  3818.540039  3818.570068  3817.360107  3817.949951  3817.949951    5076994
2022-12-30 11:36:00-05:00  3817.870117  3819.899902  3817.830078  3819.479980  3819.479980    5124367
2022-12-30 11:38:00-05:00  3819.479980  3820.449951  3819.060059  3819.649902  3819.649902    5424164
2022-12-30 11:40:00-05:00  3819.669922  3819.689941  3818.250000  3818.850098  3818.850098    5223161
2022-12-30 11:42:00-05:00  3818.860107  3819.889893  3818.459961  3818.830078  3818.830078    4604643
2022-12-30 11:44:00-05:00  3818.810059  3819.370117  3817.459961  3817.459961  3817.459961    5095193
2022-12-30 11:46:00-05:00  3817.439941  3818.570068  3817.300049  3818.030029  3818.030029    4665970
2022-12-30 11:48:00-05:00  3818.100098  3819.219971  3817.860107  3817.879883  3817.879883    4570481
2022-12-30 11:50:00-05:00  3817.959961  3818.780029  3817.580078  3818.550049  3818.550049    3979443
2022-12-30 11:52:00-05:00  3818.540039  3818.889893  3818.050049  3818.500000  3818.500000    4621858
2022-12-30 11:54:00-05:00  3818.540039  3819.229980  3817.760010  3817.760010  3817.760010    4850238
2022-12-30 11:56:00-05:00  3817.770020  3822.659912  3817.260010  3821.550049  3821.550049    6917377
2022-12-30 11:58:00-05:00  3821.600098  3822.830078  3821.600098  3822.260010  3822.260010    4254142
2022-12-30 12:00:00-05:00  3822.229980  3823.100098  3821.070068  3821.280029  3821.280029    4724683
2022-12-30 12:02:00-05:00  3821.280029  3822.360107  3821.209961  3822.360107  3822.360107    4090647
2022-12-30 12:04:00-05:00  3822.350098  3822.580078  3819.959961  3820.409912  3820.409912    5304821
2022-12-30 12:06:00-05:00  3820.449951  3820.820068  3819.760010  3820.540039  3820.540039    4879644
2022-12-30 12:08:00-05:00  3820.520020  3820.929932  3820.310059  3820.620117  3820.620117    3818375
2022-12-30 12:10:00-05:00  3820.610107  3822.810059  3820.540039  3822.290039  3822.290039    4943019
2022-12-30 12:12:00-05:00  3822.300049  3822.840088  3820.270020  3820.270020  3820.270020    4567817
2022-12-30 12:14:00-05:00  3820.280029  3822.320068  3819.110107  3822.260010  3822.260010    4976772
2022-12-30 12:16:00-05:00  3822.270020  3823.110107  3822.020020  3822.459961  3822.459961    3793528
2022-12-30 12:18:00-05:00  3822.459961  3822.679932  3821.560059  3821.949951  3821.949951    4081576
2022-12-30 12:20:00-05:00  3821.899902  3823.820068  3821.280029  3823.820068  3823.820068    5577329
2022-12-30 12:22:00-05:00  3823.850098  3823.919922  3822.659912  3823.250000  3823.250000    3738311
2022-12-30 12:24:00-05:00  3823.260010  3823.800049  3822.959961  3823.530029  3823.530029    4048916
2022-12-30 12:26:00-05:00  3823.479980  3823.840088  3821.500000  3821.629883  3821.629883    5357906
2022-12-30 12:28:00-05:00  3821.550049  3822.550049  3821.500000  3822.449951  3822.449951    3742512
2022-12-30 12:30:00-05:00  3822.439941  3823.330078  3821.979980  3822.000000  3822.000000    4714013
2022-12-30 12:32:00-05:00  3821.979980  3824.120117  3821.929932  3823.979980  3823.979980    4712414
2022-12-30 12:34:00-05:00  3823.969971  3824.560059  3823.379883  3824.510010  3824.510010    5207880
2022-12-30 12:36:00-05:00  3824.510010  3825.409912  3823.810059  3823.810059  3823.810059    4791419
2022-12-30 12:38:00-05:00  3823.649902  3823.739990  3821.669922  3821.750000  3821.750000    3880357
2022-12-30 12:40:00-05:00  3821.750000  3821.879883  3821.229980  3821.510010  3821.510010    3977860
2022-12-30 12:42:00-05:00  3821.530029  3822.250000  3821.050049  3821.280029  3821.280029    4534789
2022-12-30 12:44:00-05:00  3821.310059  3823.620117  3821.310059  3823.209961  3823.209961    5481772
2022-12-30 12:46:00-05:00  3823.229980  3823.689941  3822.250000  3823.449951  3823.449951    3879817
2022-12-30 12:48:00-05:00  3823.419922  3823.419922  3821.409912  3821.860107  3821.860107    4075601
2022-12-30 12:50:00-05:00  3821.909912  3823.459961  3821.870117  3821.879883  3821.879883    4385726
2022-12-30 12:52:00-05:00  3821.899902  3822.020020  3820.110107  3820.110107  3820.110107    4005853
2022-12-30 12:54:00-05:00  3820.120117  3820.340088  3819.629883  3820.159912  3820.159912    3826119
2022-12-30 12:56:00-05:00  3820.209961  3820.639893  3819.570068  3819.570068  3819.570068    3707857
2022-12-30 12:58:00-05:00  3819.600098  3823.649902  3819.100098  3823.649902  3823.649902    5623403
2022-12-30 13:00:00-05:00  3824.000000  3824.040039  3821.689941  3821.909912  3821.909912    4878749
2022-12-30 13:02:00-05:00  3821.850098  3823.459961  3820.610107  3823.280029  3823.280029    4636488
2022-12-30 13:04:00-05:00  3823.239990  3823.590088  3820.479980  3821.010010  3821.010010    4062208
2022-12-30 13:06:00-05:00  3821.020020  3821.879883  3820.510010  3821.050049  3821.050049    3646936
2022-12-30 13:08:00-05:00  3821.090088  3821.290039  3820.340088  3820.919922  3820.919922    3340246
2022-12-30 13:10:00-05:00  3820.820068  3821.330078  3819.719971  3820.610107  3820.610107    4103167
2022-12-30 13:12:00-05:00  3820.620117  3820.879883  3820.060059  3820.280029  3820.280029    3479841
2022-12-30 13:14:00-05:00  3820.129883  3820.449951  3818.610107  3818.610107  3818.610107    4321634
2022-12-30 13:16:00-05:00  3818.600098  3818.600098  3817.280029  3817.379883  3817.379883    4595041
2022-12-30 13:18:00-05:00  3817.370117  3817.520020  3814.489990  3814.699951  3814.699951    5472996
2022-12-30 13:20:00-05:00  3814.729980  3814.729980  3808.310059  3808.389893  3808.389893    8197468
2022-12-30 13:22:00-05:00  3808.370117  3808.370117  3804.550049  3805.570068  3805.570068    7169017
2022-12-30 13:24:00-05:00  3805.590088  3805.590088  3800.520020  3800.560059  3800.560059    7323624
2022-12-30 13:26:00-05:00  3800.379883  3804.739990  3800.340088  3804.689941  3804.689941    6932922
2022-12-30 13:28:00-05:00  3804.750000  3808.040039  3804.020020  3807.899902  3807.899902    5547077
2022-12-30 13:30:00-05:00  3807.919922  3812.600098  3807.530029  3811.939941  3811.939941    6660597
2022-12-30 13:32:00-05:00  3811.929932  3812.790039  3810.899902  3812.300049  3812.300049    5338540
2022-12-30 13:34:00-05:00  3812.280029  3814.800049  3812.189941  3813.929932  3813.929932    5425261
2022-12-30 13:36:00-05:00  3813.919922  3813.989990  3812.179932  3812.439941  3812.439941    4643827
2022-12-30 13:38:00-05:00  3812.429932  3812.649902  3811.780029  3812.169922  3812.169922    3790954
2022-12-30 13:40:00-05:00  3812.169922  3812.199951  3810.459961  3810.679932  3810.679932    4822950
2022-12-30 13:42:00-05:00  3810.679932  3811.449951  3809.439941  3810.010010  3810.010010    5060523
2022-12-30 13:44:00-05:00  3809.989990  3811.189941  3809.989990  3810.659912  3810.659912    4257182
2022-12-30 13:46:00-05:00  3810.629883  3810.629883  3808.469971  3808.540039  3808.540039    4538156
2022-12-30 13:48:00-05:00  3808.530029  3809.600098  3808.250000  3809.129883  3809.129883    4274060
2022-12-30 13:50:00-05:00  3809.080078  3809.219971  3808.040039  3808.399902  3808.399902    3689577
2022-12-30 13:52:00-05:00  3808.209961  3808.399902  3807.919922  3808.100098  3808.100098    3391650
2022-12-30 13:54:00-05:00  3808.139893  3810.629883  3808.139893  3809.689941  3809.689941    5354645
2022-12-30 13:56:00-05:00  3809.699951  3809.969971  3808.270020  3808.320068  3808.320068    3983019
2022-12-30 13:58:00-05:00  3808.290039  3809.340088  3807.929932  3808.510010  3808.510010    4800571
2022-12-30 14:00:00-05:00  3808.469971  3808.770020  3807.979980  3808.590088  3808.590088    3869688
2022-12-30 14:02:00-05:00  3808.610107  3809.620117  3805.699951  3805.949951  3805.949951    6541821
2022-12-30 14:04:00-05:00  3805.949951  3806.370117  3804.149902  3804.669922  3804.669922    4702721
2022-12-30 14:06:00-05:00  3804.679932  3805.620117  3803.689941  3804.429932  3804.429932    4702372
2022-12-30 14:08:00-05:00  3804.419922  3804.489990  3802.840088  3802.949951  3802.949951    4392079
2022-12-30 14:10:00-05:00  3802.979980  3803.219971  3801.870117  3801.870117  3801.870117    4340902
2022-12-30 14:12:00-05:00  3801.870117  3804.750000  3801.870117  3804.750000  3804.750000    5198776
2022-12-30 14:14:00-05:00  3804.810059  3804.959961  3801.889893  3801.949951  3801.949951    5209896
2022-12-30 14:16:00-05:00  3801.939941  3802.340088  3801.439941  3802.010010  3802.010010    4736566
2022-12-30 14:18:00-05:00  3802.010010  3803.560059  3802.010010  3803.429932  3803.429932    4808437
2022-12-30 14:20:00-05:00  3803.409912  3803.620117  3802.290039  3802.399902  3802.399902    4241459
2022-12-30 14:22:00-05:00  3802.459961  3803.840088  3802.149902  3803.840088  3803.840088    4880670
2022-12-30 14:24:00-05:00  3803.820068  3804.020020  3802.739990  3803.370117  3803.370117    4396011
2022-12-30 14:26:00-05:00  3803.330078  3804.270020  3802.629883  3804.260010  3804.260010    4867106
2022-12-30 14:28:00-05:00  3804.179932  3806.919922  3803.810059  3806.260010  3806.260010    5970352
2022-12-30 14:30:00-05:00  3806.310059  3808.560059  3805.989990  3808.419922  3808.419922    5211888
2022-12-30 14:32:00-05:00  3808.439941  3808.689941  3807.030029  3807.429932  3807.429932    4454648
2022-12-30 14:34:00-05:00  3807.439941  3808.280029  3806.969971  3806.969971  3806.969971    5137305
2022-12-30 14:36:00-05:00  3806.949951  3806.949951  3805.379883  3805.530029  3805.530029    4627967
2022-12-30 14:38:00-05:00  3805.570068  3806.840088  3805.560059  3806.570068  3806.570068    3829330
2022-12-30 14:40:00-05:00  3806.540039  3806.540039  3804.590088  3804.709961  3804.709961    4671301
2022-12-30 14:42:00-05:00  3804.820068  3806.010010  3804.500000  3805.139893  3805.139893    4227362
2022-12-30 14:44:00-05:00  3805.139893  3806.669922  3804.969971  3806.100098  3806.100098    4194273
2022-12-30 14:46:00-05:00  3806.100098  3806.100098  3804.610107  3804.709961  3804.709961    4271325
2022-12-30 14:48:00-05:00  3804.669922  3804.699951  3802.199951  3802.729980  3802.729980    5781436
2022-12-30 14:50:00-05:00  3802.669922  3804.949951  3802.629883  3804.939941  3804.939941    5318970
2022-12-30 14:52:00-05:00  3805.010010  3807.469971  3805.010010  3806.370117  3806.370117    5190743
2022-12-30 14:54:00-05:00  3806.370117  3806.370117  3804.770020  3804.919922  3804.919922    4557336
2022-12-30 14:56:00-05:00  3804.919922  3804.919922  3803.770020  3804.729980  3804.729980    4665137
2022-12-30 14:58:00-05:00  3804.729980  3806.780029  3804.729980  3805.659912  3805.659912    5481628
2022-12-30 15:00:00-05:00  3805.659912  3809.419922  3805.510010  3809.199951  3809.199951    6877271
2022-12-30 15:02:00-05:00  3809.159912  3812.560059  3808.459961  3812.209961  3812.209961    7088785
2022-12-30 15:04:00-05:00  3812.159912  3813.149902  3811.399902  3812.330078  3812.330078    6004358
2022-12-30 15:06:00-05:00  3812.300049  3812.449951  3811.159912  3811.239990  3811.239990    6601281
2022-12-30 15:08:00-05:00  3811.239990  3814.129883  3810.570068  3813.419922  3813.419922    7421171
2022-12-30 15:10:00-05:00  3813.409912  3816.149902  3813.030029  3816.149902  3816.149902    7250886
2022-12-30 15:12:00-05:00  3816.169922  3820.780029  3816.169922  3820.020020  3820.020020    9567361
2022-12-30 15:14:00-05:00  3820.000000  3824.300049  3818.820068  3823.629883  3823.629883   10896458
2022-12-30 15:16:00-05:00  3823.489990  3823.489990  3821.659912  3823.050049  3823.050049    6539013
2022-12-30 15:18:00-05:00  3823.060059  3823.110107  3820.530029  3820.530029  3820.530029    7170714
2022-12-30 15:20:00-05:00  3820.489990  3822.540039  3820.469971  3821.320068  3821.320068    6833780
2022-12-30 15:22:00-05:00  3821.310059  3821.379883  3819.320068  3819.320068  3819.320068    6358404
2022-12-30 15:24:00-05:00  3819.330078  3820.659912  3817.699951  3818.530029  3818.530029    7743902
2022-12-30 15:26:00-05:00  3818.530029  3819.229980  3817.389893  3817.750000  3817.750000    7597061
2022-12-30 15:28:00-05:00  3817.709961  3819.310059  3817.370117  3818.010010  3818.010010    7114193
2022-12-30 15:30:00-05:00  3817.969971  3821.949951  3817.110107  3821.929932  3821.929932    9757443
2022-12-30 15:32:00-05:00  3821.929932  3824.320068  3821.929932  3823.189941  3823.189941    8740438
2022-12-30 15:34:00-05:00  3823.159912  3824.979980  3822.719971  3823.050049  3823.050049    9865582
2022-12-30 15:36:00-05:00  3823.060059  3825.550049  3822.959961  3824.760010  3824.760010    7853707
2022-12-30 15:38:00-05:00  3824.810059  3825.510010  3823.209961  3825.060059  3825.060059    8557108
2022-12-30 15:40:00-05:00  3825.080078  3825.479980  3824.000000  3824.800049  3824.800049    8487647
2022-12-30 15:42:00-05:00  3824.800049  3827.459961  3824.179932  3827.159912  3827.159912   10212612
2022-12-30 15:44:00-05:00  3827.100098  3828.909912  3825.689941  3828.909912  3828.909912   13475002
2022-12-30 15:46:00-05:00  3828.909912  3832.479980  3827.889893  3832.340088  3832.340088   14931542
2022-12-30 15:48:00-05:00  3832.360107  3834.260010  3831.830078  3834.260010  3834.260010   14899842
2022-12-30 15:50:00-05:00  3834.219971  3837.830078  3834.219971  3837.419922  3837.419922   29565820
2022-12-30 15:52:00-05:00  3837.409912  3838.429932  3835.540039  3836.760010  3836.760010   20744860
2022-12-30 15:54:00-05:00  3836.760010  3838.870117  3835.850098  3836.429932  3836.429932   33054533
2022-12-30 15:56:00-05:00  3836.439941  3838.090088  3836.439941  3837.379883  3837.379883   31148174
2022-12-30 15:58:00-05:00  3837.389893  3839.850098  3836.189941  3839.850098  3839.850098   49360944
2023-01-03 09:30:00-05:00  3853.290039  3859.110107  3851.770020  3855.199951  3855.199951   11863808
2023-01-03 09:32:00-05:00  3855.280029  3865.310059  3855.280029  3865.310059  3865.310059   19494870
2023-01-03 09:34:00-05:00  3865.409912  3865.949951  3860.620117  3862.260010  3862.260010   20888240
2023-01-03 09:36:00-05:00  3862.159912  3863.300049  3858.899902  3862.790039  3862.790039   19708522
2023-01-03 09:38:00-05:00  3862.669922  3868.780029  3862.010010  3867.909912  3867.909912   17428742
2023-01-03 09:40:00-05:00  3868.100098  3876.149902  3867.280029  3876.149902  3876.149902   18784748
2023-01-03 09:42:00-05:00  3876.159912  3878.459961  3875.300049  3875.449951  3875.449951   14333522
2023-01-03 09:44:00-05:00  3875.320068  3875.899902  3859.699951  3859.729980  3859.729980   25012513
2023-01-03 09:46:00-05:00  3859.870117  3861.919922  3853.370117  3853.669922  3853.669922   14620550
2023-01-03 09:48:00-05:00  3853.629883  3854.429932  3846.040039  3849.800049  3849.800049   15851746
2023-01-03 09:50:00-05:00  3849.830078  3853.919922  3849.770020  3851.729980  3851.729980   13099071
2023-01-03 09:52:00-05:00  3852.050049  3852.290039  3841.300049  3842.830078  3842.830078   13972904
2023-01-03 09:54:00-05:00  3842.649902  3845.379883  3836.929932  3839.729980  3839.729980   17604811
2023-01-03 09:56:00-05:00  3839.879883  3840.870117  3837.020020  3837.320068  3837.320068   13387863
2023-01-03 09:58:00-05:00  3837.100098  3837.100098  3831.679932  3831.870117  3831.870117   12988008
2023-01-03 10:00:00-05:00  3831.919922  3840.270020  3831.919922  3837.610107  3837.610107   15440656
2023-01-03 10:02:00-05:00  3837.780029  3838.719971  3835.649902  3838.719971  3838.719971   12425161
2023-01-03 10:04:00-05:00  3838.719971  3839.500000  3835.669922  3837.790039  3837.790039   11918620
2023-01-03 10:06:00-05:00  3837.699951  3837.699951  3833.360107  3836.510010  3836.510010   11060935
2023-01-03 10:08:00-05:00  3836.570068  3837.969971  3834.429932  3834.860107  3834.860107    9722298
2023-01-03 10:10:00-05:00  3834.719971  3834.760010  3830.879883  3832.709961  3832.709961   11456263
2023-01-03 10:12:00-05:00  3832.620117  3832.620117  3825.370117  3825.370117  3825.370117   11611502
2023-01-03 10:14:00-05:00  3825.469971  3828.129883  3824.919922  3827.959961  3827.959961   12185864
2023-01-03 10:16:00-05:00  3828.000000  3828.120117  3825.709961  3825.709961  3825.709961    9839289
2023-01-03 10:18:00-05:00  3825.270020  3825.270020  3817.909912  3817.909912  3817.909912   12513170
2023-01-03 10:20:00-05:00  3817.889893  3821.739990  3817.229980  3820.870117  3820.870117   10397613
2023-01-03 10:22:00-05:00  3820.860107  3823.590088  3818.929932  3823.590088  3823.590088   10706318
2023-01-03 10:24:00-05:00  3823.510010  3824.020020  3822.709961  3823.010010  3823.010010    8965756
2023-01-03 10:26:00-05:00  3823.010010  3823.469971  3820.860107  3822.260010  3822.260010    9631349
2023-01-03 10:28:00-05:00  3822.330078  3823.179932  3819.760010  3823.179932  3823.179932    9452630
2023-01-03 10:30:00-05:00  3823.649902  3823.649902  3816.699951  3821.110107  3821.110107   11935644
2023-01-03 10:32:00-05:00  3821.169922  3822.820068  3819.290039  3819.580078  3819.580078    9661804
2023-01-03 10:34:00-05:00  3819.570068  3823.879883  3819.570068  3823.510010  3823.510010    9825185
2023-01-03 10:36:00-05:00  3823.610107  3824.120117  3822.979980  3824.030029  3824.030029    8776660
2023-01-03 10:38:00-05:00  3824.120117  3825.070068  3822.770020  3824.959961  3824.959961    4811681