                                  Open         High          Low        Close    Adj Close      Volume
Datetime                                                                                              
2023-01-05 10:54:00-05:00  3809.409912  3810.800049  3809.270020  3810.209961  3810.209961           0
2023-01-05 10:56:00-05:00  3810.139893  3810.189941  3808.320068  3809.580078  3809.580078     8092199
2023-01-05 10:58:00-05:00  3809.560059  3809.899902  3807.290039  3807.790039  3807.790039     7305209
2023-01-05 11:00:00-05:00  3808.020020  3809.570068  3807.260010  3808.330078  3808.330078     5161587
2023-01-05 11:02:00-05:00  3806.590088  3808.760010  3806.350098  3808.760010  3808.760010   604893941
2023-01-05 11:04:00-05:00  3808.760010  3811.500000  3808.530029  3811.129883  3811.129883     8108719
2023-01-05 11:06:00-05:00  3811.209961  3812.090088  3809.469971  3810.489990  3810.489990     7669351
2023-01-05 11:08:00-05:00  3810.429932  3810.610107  3809.209961  3810.610107  3810.610107     6171082
2023-01-05 11:10:00-05:00  3810.850098  3812.729980  3810.850098  3812.149902  3812.149902     9006861
2023-01-05 11:12:00-05:00  3812.110107  3816.820068  3811.229980  3814.850098  3814.850098    10585602
2023-01-05 11:14:00-05:00  3814.280029  3814.350098  3810.120117  3810.280029  3810.280029     9466417
2023-01-05 11:16:00-05:00  3810.290039  3812.510010  3809.959961  3811.689941  3811.689941     6241714
2023-01-05 11:18:00-05:00  3811.750000  3811.750000  3809.570068  3809.570068  3809.570068     6421386
2023-01-05 11:20:00-05:00  3809.360107  3809.520020  3805.689941  3805.689941  3805.689941     8663441
2023-01-05 11:22:00-05:00  3805.770020  3806.350098  3804.540039  3804.540039  3804.540039     7400921
2023-01-05 11:24:00-05:00  3804.479980  3804.770020  3803.050049  3804.469971  3804.469971     4247357
2023-01-05 11:26:00-05:00  3803.090088  3805.969971  3803.090088  3805.909912  3805.909912   701416108
2023-01-05 11:28:00-05:00  3806.120117  3807.070068  3804.629883  3807.070068  3807.070068     8246496
2023-01-05 11:30:00-05:00  3807.080078  3809.209961  3805.889893  3809.070068  3809.070068     8844592
2023-01-05 11:32:00-05:00  3809.090088  3809.090088  3807.350098  3807.659912  3807.659912     6330448
2023-01-05 11:34:00-05:00  3807.639893  3808.659912  3807.080078  3808.310059  3808.310059     7910037
2023-01-05 11:36:00-05:00  3808.290039  3810.669922  3807.689941  3807.689941  3807.689941     7731545
2023-01-05 11:38:00-05:00  3807.560059  3808.770020  3806.979980  3807.620117  3807.620117     8110743
2023-01-05 11:40:00-05:00  3807.580078  3809.209961  3806.489990  3809.179932  3809.179932     8424034
2023-01-05 11:42:00-05:00  3809.149902  3811.620117  3809.129883  3811.620117  3811.620117     8756781
2023-01-05 11:44:00-05:00  3811.649902  3814.409912  3811.620117  3814.209961  3814.209961     8443358
2023-01-05 11:46:00-05:00  3814.239990  3814.300049  3812.550049  3812.909912  3812.909912     7523126
2023-01-05 11:48:00-05:00  3812.939941  3813.479980  3812.239990  3812.780029  3812.780029     8467661
2023-01-05 11:50:00-05:00  3812.830078  3812.969971  3811.060059  3811.060059  3811.060059     7991102
2023-01-05 11:52:00-05:00  3811.090088  3811.800049  3809.540039  3809.540039  3809.540039     6394407
2023-01-05 11:54:00-05:00  3809.459961  3810.370117  3808.520020  3809.260010  3809.260010     6758448
2023-01-05 11:56:00-05:00  3809.260010  3809.330078  3806.840088  3807.239990  3807.239990     6252058
2023-01-05 11:58:00-05:00  3807.260010  3807.750000  3806.129883  3807.419922  3807.419922     6921796
2023-01-05 12:00:00-05:00  3807.260010  3808.840088  3806.689941  3808.649902  3808.649902     6872000
2023-01-05 12:02:00-05:00  3808.689941  3811.739990  3808.629883  3810.959961  3810.959961     7756929
2023-01-05 12:04:00-05:00  3811.010010  3811.590088  3810.419922  3810.419922  3810.419922     6357548
2023-01-05 12:06:00-05:00  3810.379883  3815.179932  3810.379883  3813.899902  3813.899902     9800003
2023-01-05 12:08:00-05:00  3814.040039  3814.909912  3813.830078  3814.280029  3814.280029     5502594
2023-01-05 12:10:00-05:00  3814.270020  3814.270020  3811.459961  3811.879883  3811.879883     7439192
2023-01-05 12:12:00-05:00  3811.889893  3812.070068  3811.020020  3811.120117  3811.120117     5238800
2023-01-05 12:14:00-05:00  3811.100098  3811.479980  3809.330078  3809.409912  3809.409912     6148892
2023-01-05 12:16:00-05:00  3809.379883  3811.959961  3809.379883  3811.939941  3811.939941     5775394
2023-01-05 12:18:00-05:00  3811.919922  3812.050049  3805.780029  3806.110107  3806.110107     8117442
2023-01-05 12:20:00-05:00  3806.139893  3807.800049  3805.560059  3807.689941  3807.689941     6954990
2023-01-05 12:22:00-05:00  3807.709961  3810.659912  3807.709961  3810.439941  3810.439941     6462979
2023-01-05 12:24:00-05:00  3810.439941  3813.340088  3810.419922  3813.020020  3813.020020     7797973
2023-01-05 12:26:00-05:00  3812.909912  3813.110107  3811.330078  3811.429932  3811.429932     5699203
2023-01-05 12:28:00-05:00  3811.429932  3811.800049  3811.010010  3811.629883  3811.629883     5600139
2023-01-05 12:30:00-05:00  3811.620117  3813.929932  3811.260010  3813.379883  3813.379883     6921827
2023-01-05 12:32:00-05:00  3813.429932  3814.889893  3813.419922  3814.520020  3814.520020     5465698
2023-01-05 12:34:00-05:00  3814.489990  3818.000000  3814.489990  3815.820068  3815.820068     9483630
2023-01-05 12:36:00-05:00  3815.810059  3815.820068  3814.429932  3814.750000  3814.750000     4563885
2023-01-05 12:38:00-05:00  3814.780029  3814.780029  3812.350098  3812.699951  3812.699951     6295164
2023-01-05 12:40:00-05:00  3812.719971  3812.830078  3811.449951  3811.820068  3811.820068     5327955
2023-01-05 12:42:00-05:00  3811.739990  3812.399902  3810.600098  3810.600098  3810.600098     5007148
2023-01-05 12:44:00-05:00  3810.580078  3811.370117  3809.320068  3811.229980  3811.229980     7244398
2023-01-05 12:46:00-05:00  3811.229980  3811.479980  3809.600098  3809.620117  3809.620117     6817872
2023-01-05 12:48:00-05:00  3809.639893  3811.270020  3809.439941  3810.969971  3810.969971     5648107
2023-01-05 12:50:00-05:00  3810.939941  3811.679932  3810.000000  3810.010010  3810.010010     5960363
2023-01-05 12:52:00-05:00  3809.979980  3810.040039  3808.479980  3808.939941  3808.939941     5805757
2023-01-05 12:54:00-05:00  3808.889893  3809.290039  3808.429932  3808.750000  3808.750000     4881152
2023-01-05 12:56:00-05:00  3808.719971  3808.800049  3808.080078  3808.330078  3808.330078     5530930
2023-01-05 12:58:00-05:00  3808.290039  3809.290039  3807.659912  3808.330078  3808.330078     5885816
2023-01-05 13:00:00-05:00  3808.270020  3808.500000  3807.239990  3807.389893  3807.389893     6002105
2023-01-05 13:02:00-05:00  3807.350098  3807.360107  3806.250000  3806.489990  3806.489990     5520937
2023-01-05 13:04:00-05:00  3806.540039  3808.570068  3806.330078  3808.439941  3808.439941     5372371
2023-01-05 13:06:00-05:00  3808.419922  3810.189941  3808.379883  3809.860107  3809.860107     6480759
2023-01-05 13:08:00-05:00  3809.899902  3810.510010  3809.300049  3810.300049  3810.300049     5820056
2023-01-05 13:10:00-05:00  3810.340088  3810.340088  3808.810059  3809.000000  3809.000000     5790667
2023-01-05 13:12:00-05:00  3809.040039  3809.040039  3807.040039  3807.340088  3807.340088     6132833
2023-01-05 13:14:00-05:00  3807.370117  3807.399902  3805.330078  3805.459961  3805.459961     6018148
2023-01-05 13:16:00-05:00  3805.459961  3806.209961  3804.860107  3806.090088  3806.090088     5563632
2023-01-05 13:18:00-05:00  3806.070068  3806.129883  3805.219971  3805.699951  3805.699951     5076031
2023-01-05 13:20:00-05:00  3805.729980  3816.439941  3805.729980  3814.919922  3814.919922    13880750
2023-01-05 13:22:00-05:00  3815.469971  3823.340088  3815.469971  3821.770020  3821.770020    13978464
2023-01-05 13:24:00-05:00  3822.189941  3823.689941  3820.239990  3820.590088  3820.590088     8526297
2023-01-05 13:26:00-05:00  3820.649902  3827.189941  3820.610107  3826.050049  3826.050049    11348777
2023-01-05 13:28:00-05:00  3826.219971  3827.209961  3821.879883  3821.969971  3821.969971     7706068
2023-01-05 13:30:00-05:00  3821.979980  3824.040039  3821.979980  3823.189941  3823.189941     6758953
2023-01-05 13:32:00-05:00  3823.159912  3828.229980  3823.159912  3825.969971  3825.969971    10119067
2023-01-05 13:34:00-05:00  3825.969971  3827.760010  3825.929932  3827.169922  3827.169922     6778709
2023-01-05 13:36:00-05:00  3827.090088  3827.120117  3822.520020  3822.530029  3822.530029     8582847
2023-01-05 13:38:00-05:00  3822.570068  3823.340088  3821.830078  3823.010010  3823.010010     6941644
2023-01-05 13:40:00-05:00  3823.030029  3825.800049  3823.030029  3825.340088  3825.340088     6975710
2023-01-05 13:42:00-05:00  3825.340088  3825.739990  3820.739990  3820.879883  3820.879883     7229939
2023-01-05 13:44:00-05:00  3820.889893  3821.800049  3819.790039  3820.909912  3820.909912     6822067
2023-01-05 13:46:00-05:00  3821.120117  3822.149902  3819.830078  3822.100098  3822.100098     6951526
2023-01-05 13:48:00-05:00  3822.129883  3823.110107  3820.840088  3820.870117  3820.870117     6442158
2023-01-05 13:50:00-05:00  3820.840088  3822.229980  3819.629883  3821.610107  3821.610107     7032940
2023-01-05 13:52:00-05:00  3821.580078  3821.989990  3820.739990  3821.979980  3821.979980     5918679
2023-01-05 13:54:00-05:00  3821.979980  3823.479980  3820.260010  3823.469971  3823.469971     8021709
2023-01-05 13:56:00-05:00  3823.469971  3823.500000  3821.629883  3821.739990  3821.739990     5696425
2023-01-05 13:58:00-05:00  3821.719971  3821.760010  3818.149902  3819.489990  3819.489990     8012909
2023-01-05 14:00:00-05:00  3819.510010  3822.659912  3818.739990  3821.530029  3821.530029     7359040
2023-01-05 14:02:00-05:00  3821.550049  3823.840088  3821.520020  3822.810059  3822.810059     5994868
2023-01-05 14:04:00-05:00  3822.689941  3822.689941  3821.469971  3821.989990  3821.989990     4769546
2023-01-05 14:06:00-05:00  3822.000000  3822.959961  3821.280029  3821.429932  3821.429932     6481795
2023-01-05 14:08:00-05:00  3821.399902  3824.030029  3821.399902  3823.570068  3823.570068     5917908
2023-01-05 14:10:00-05:00  3823.570068  3824.120117  3820.840088  3820.840088  3820.840088     6415263
2023-01-05 14:12:00-05:00  3820.810059  3822.280029  3820.600098  3820.989990  3820.989990     6720116
2023-01-05 14:14:00-05:00  3820.959961  3820.959961  3816.800049  3818.330078  3818.330078     7480667
2023-01-05 14:16:00-05:00  3818.350098  3820.750000  3818.350098  3820.620117  3820.620117     5772986
2023-01-05 14:18:00-05:00  3820.520020  3821.239990  3819.550049  3821.219971  3821.219971     5090726
2023-01-05 14:20:00-05:00  3821.229980  3821.679932  3819.449951  3819.489990  3819.489990     6057530
2023-01-05 14:22:00-05:00  3819.489990  3821.280029  3819.489990  3820.260010  3820.260010     6641317
2023-01-05 14:24:00-05:00  3820.330078  3820.840088  3818.919922  3819.280029  3819.280029     6574355
2023-01-05 14:26:00-05:00  3819.300049  3819.300049  3818.070068  3818.189941  3818.189941     6114285
2023-01-05 14:28:00-05:00  3818.189941  3818.189941  3815.280029  3815.649902  3815.649902     7779823
2023-01-05 14:30:00-05:00  3815.659912  3818.459961  3815.600098  3818.459961  3818.459961     7486802
2023-01-05 14:32:00-05:00  3818.459961  3818.979980  3817.560059  3818.110107  3818.110107     8080285
2023-01-05 14:34:00-05:00  3818.129883  3818.320068  3817.429932  3818.000000  3818.000000     5919148
2023-01-05 14:36:00-05:00  3818.080078  3827.199951  3818.080078  3826.659912  3826.659912    11562565
2023-01-05 14:38:00-05:00  3826.560059  3826.560059  3824.260010  3824.889893  3824.889893     6486143
2023-01-05 14:40:00-05:00  3824.949951  3826.830078  3824.949951  3826.100098  3826.100098     6062050
2023-01-05 14:42:00-05:00  3826.050049  3826.090088  3823.959961  3824.179932  3824.179932     6259971
2023-01-05 14:44:00-05:00  3824.199951  3826.229980  3823.989990  3826.229980  3826.229980     6225421
2023-01-05 14:46:00-05:00  3826.239990  3827.010010  3826.020020  3826.760010  3826.760010     6086053
2023-01-05 14:48:00-05:00  3826.699951  3830.350098  3826.429932  3828.540039  3828.540039     9051406
2023-01-05 14:50:00-05:00  3828.459961  3829.139893  3827.580078  3828.520020  3828.520020     7945909
2023-01-05 14:52:00-05:00  3828.530029  3828.530029  3826.560059  3827.909912  3827.909912     8412583
2023-01-05 14:54:00-05:00  3827.949951  3829.189941  3827.379883  3827.379883  3827.379883     8883872
2023-01-05 14:56:00-05:00  3827.419922  3827.449951  3825.070068  3825.219971  3825.219971     7025125
2023-01-05 14:58:00-05:00  3825.219971  3825.330078  3822.600098  3822.669922  3822.669922     7973946
2023-01-05 15:00:00-05:00  3822.629883  3822.629883  3819.830078  3820.330078  3820.330078     7995227
2023-01-05 15:02:00-05:00  3820.389893  3820.830078  3818.169922  3819.100098  3819.100098     6622398
2023-01-05 15:04:00-05:00  3819.189941  3819.500000  3818.330078  3818.429932  3818.429932     7119432
2023-01-05 15:06:00-05:00  3818.399902  3818.399902  3816.790039  3817.100098  3817.100098     6805505
2023-01-05 15:08:00-05:00  3816.979980  3817.659912  3816.770020  3816.830078  3816.830078     6716232
2023-01-05 15:10:00-05:00  3816.810059  3816.909912  3813.929932  3815.290039  3815.290039     8821410
2023-01-05 15:12:00-05:00  3815.310059  3816.010010  3813.629883  3813.780029  3813.780029     7400754
2023-01-05 15:14:00-05:00  3813.719971  3816.850098  3813.719971  3816.800049  3816.800049     9619365
2023-01-05 15:16:00-05:00  3816.780029  3816.780029  3814.090088  3815.010010  3815.010010    10288434
2023-01-05 15:18:00-05:00  3814.969971  3814.969971  3812.199951  3812.989990  3812.989990     9055988
2023-01-05 15:20:00-05:00  3812.879883  3814.290039  3812.350098  3812.659912  3812.659912     8705624
2023-01-05 15:22:00-05:00  3812.649902  3812.679932  3811.530029  3812.370117  3812.370117     7880020
2023-01-05 15:24:00-05:00  3812.370117  3812.479980  3809.110107  3809.149902  3809.149902     8772308
2023-01-05 15:26:00-05:00  3809.139893  3810.120117  3808.120117  3809.830078  3809.830078     9582717
2023-01-05 15:28:00-05:00  3809.840088  3811.409912  3809.679932  3810.189941  3810.189941     8180727
2023-01-05 15:30:00-05:00  3810.179932  3810.179932  3806.219971  3806.449951  3806.449951    12398560
2023-01-05 15:32:00-05:00  3806.469971  3809.219971  3806.330078  3809.219971  3809.219971    11548396
2023-01-05 15:34:00-05:00  3809.239990  3812.899902  3808.939941  3812.820068  3812.820068    12306002
2023-01-05 15:36:00-05:00  3812.909912  3813.260010  3811.120117  3811.260010  3811.260010    11199449
2023-01-05 15:38:00-05:00  3811.250000  3812.449951  3811.060059  3812.139893  3812.139893     9926713
2023-01-05 15:40:00-05:00  3812.139893  3812.179932  3810.489990  3810.969971  3810.969971    11945679
2023-01-05 15:42:00-05:00  3810.939941  3810.939941  3807.780029  3807.780029  3807.780029    12312647
2023-01-05 15:44:00-05:00  3807.729980  3811.649902  3806.989990  3811.149902  3811.149902    16712543
2023-01-05 15:46:00-05:00  3811.330078  3812.520020  3808.530029  3809.199951  3809.199951    16644468
2023-01-05 15:48:00-05:00  3809.219971  3809.600098  3806.010010  3807.360107  3807.360107    15988482
2023-01-05 15:50:00-05:00  3807.219971  3807.689941  3804.479980  3806.659912  3806.659912    29765774
2023-01-05 15:52:00-05:00  3806.830078  3806.989990  3804.050049  3804.860107  3804.860107    27175164
2023-01-05 15:54:00-05:00  3804.750000  3807.639893  3803.379883  3805.969971  3805.969971    37951543
2023-01-05 15:56:00-05:00  3805.879883  3808.620117  3805.590088  3808.209961  3808.209961    37288063
2023-01-05 15:58:00-05:00  3808.189941  3809.469971  3807.229980  3808.229980  3808.229980    57571912
2023-01-06 09:30:00-05:00  3823.370117  3837.070068  3823.370117  3834.709961  3834.709961    44731781
2023-01-06 09:32:00-05:00  3834.760010  3845.389893  3833.949951  3845.280029  3845.280029    19063313
2023-01-06 09:34:00-05:00  3845.439941  3852.389893  3845.439941  3851.250000  3851.250000    19458417
2023-01-06 09:36:00-05:00  3851.070068  3851.370117  3837.429932  3837.659912  3837.659912    19726299
2023-01-06 09:38:00-05:00  3837.290039  3837.580078  3825.810059  3827.040039  3827.040039    19370399
2023-01-06 09:40:00-05:00  3827.060059  3829.090088  3825.800049  3826.689941  3826.689941    17383197
2023-01-06 09:42:00-05:00  3826.689941  3827.189941  3818.189941  3818.300049  3818.300049    16233516
2023-01-06 09:44:00-05:00  3818.100098  3818.100098  3811.560059  3811.820068  3811.820068    18025587
2023-01-06 09:46:00-05:00  3811.899902  3815.989990  3809.560059  3814.879883  3814.879883    15667613
2023-01-06 09:48:00-05:00  3814.550049  3814.820068  3812.159912  3813.770020  3813.770020    19224959
2023-01-06 09:50:00-05:00  3813.870117  3820.340088  3813.179932  3818.959961  3818.959961    16553141
2023-01-06 09:52:00-05:00  3819.169922  3823.000000  3818.020020  3821.889893  3821.889893    13405248
2023-01-06 09:54:00-05:00  3821.540039  3827.270020  3820.590088  3827.020020  3827.020020    17057419
2023-01-06 09:56:00-05:00  3826.870117  3828.330078  3820.530029  3820.850098  3820.850098    13029473
2023-01-06 09:58:00-05:00  3820.919922  3822.159912  3820.010010  3821.080078  3821.080078    10244263
2023-01-06 10:00:00-05:00  3821.030029  3832.850098  3821.030029  3830.939941  3830.939941    23951668
2023-01-06 10:02:00-05:00  3830.949951  3841.340088  3830.800049  3830.800049  3830.800049    18841229
2023-01-06 10:04:00-05:00  3830.689941  3835.550049  3829.610107  3833.280029  3833.280029    12773568
2023-01-06 10:06:00-05:00  3833.229980  3837.489990  3832.030029  3837.479980  3837.479980    11566831
2023-01-06 10:08:00-05:00  3837.370117  3846.250000  3837.159912  3842.100098  3842.100098    15648298
2023-01-06 10:10:00-05:00  3842.129883  3846.459961  3841.659912  3843.780029  3843.780029    12565884
2023-01-06 10:12:00-05:00  3843.810059  3847.949951  3840.689941  3845.110107  3845.110107    12653284
2023-01-06 10:14:00-05:00  3845.129883  3847.310059  3840.679932  3845.689941  3845.689941    12570430
2023-01-06 10:16:00-05:00  3845.250000  3852.629883  3842.770020  3851.689941  3851.689941    13665071
2023-01-06 10:18:00-05:00  3851.409912  3851.659912  3848.060059  3850.580078  3850.580078    10590297
2023-01-06 10:20:00-05:00  3850.510010  3851.399902  3847.080078  3847.169922  3847.169922    10946370
2023-01-06 10:22:00-05:00  3847.100098  3848.479980  3843.949951  3844.560059  3844.560059     9974422
2023-01-06 10:24:00-05:00  3844.560059  3848.679932  3844.520020  3847.020020  3847.020020     9660345
2023-01-06 10:26:00-05:00  3847.070068  3847.070068  3841.729980  3842.770020  3842.770020    11181268
2023-01-06 10:28:00-05:00  3842.760010  3843.530029  3840.800049  3842.830078  3842.830078    10307633
2023-01-06 10:30:00-05:00  3842.800049  3849.189941  3842.800049  3848.110107  3848.110107    13522032
2023-01-06 10:32:00-05:00  3848.139893  3850.939941  3847.790039  3850.760010  3850.760010    10202728
2023-01-06 10:34:00-05:00  3850.790039  3851.899902  3849.949951  3851.850098  3851.850098    10151970
2023-01-06 10:36:00-05:00  3851.850098  3859.800049  3851.850098  3859.449951  3859.449951    15254476
2023-01-06 10:38:00-05:00  3859.530029  3860.300049  3858.379883  3859.719971  3859.719971     9885167
2023-01-06 10:40:00-05:00  3859.810059  3863.830078  3859.810059  3863.830078  3863.830078    12947813
2023-01-06 10:42:00-05:00  3863.870117  3863.919922  3860.149902  3860.179932  3860.179932    11777536
2023-01-06 10:44:00-05:00  3860.209961  3860.250000  3856.629883  3857.570068  3857.570068    11808130
2023-01-06 10:46:00-05:00  3857.550049  3860.110107  3857.469971  3859.669922  3859.669922    12060990
2023-01-06 10:48:00-05:00  3859.659912  3865.820068  3859.050049  3865.820068  3865.820068    13048884
2023-01-06 10:50:00-05:00  3865.719971  3866.989990  3864.719971  3866.989990  3866.989990     9073029
2023-01-06 10:52:00-05:00  3865.500000  3866.409912  3865.229980  3866.389893  3866.389893    12259898
2023-01-06 10:54:00-05:00  3866.399902  3867.020020  3863.449951  3864.949951  3864.949951    11616694
2023-01-06 10:56:00-05:00  3865.179932  3867.419922  3864.090088  3866.679932  3866.679932    10834312
2023-01-06 10:58:00-05:00  3866.679932  3869.239990  3866.679932  3866.879883  3866.879883    11333721
2023-01-06 11:00:00-05:00  3866.949951  3868.739990  3866.379883  3868.379883  3868.379883     9293015
2023-01-06 11:02:00-05:00  3868.459961  3871.010010  3868.459961  3869.699951  3869.699951     9411150
2023-01-06 11:04:00-05:00  3869.020020  3871.479980  3868.840088  3870.610107  3870.610107     8762216
2023-01-06 11:06:00-05:00  3870.199951  3874.639893  3870.120117  3871.719971  3871.719971     9279405
2023-01-06 11:08:00-05:00  3871.629883  3872.090088  3870.189941  3872.090088  3872.090088     8938557
2023-01-06 11:10:00-05:00  3872.090088  3872.840088  3869.979980  3870.020020  3870.020020    10022034
2023-01-06 11:12:00-05:00  3870.169922  3870.719971  3868.159912  3868.379883  3868.379883     8124514
2023-01-06 11:14:00-05:00  3868.500000  3869.699951  3866.860107  3869.699951  3869.699951    10418124
2023-01-06 11:16:00-05:00  3869.669922  3869.669922  3865.709961  3865.750000  3865.750000     8625229
2023-01-06 11:18:00-05:00  3865.879883  3866.879883  3865.409912  3866.750000  3866.750000     7189899
2023-01-06 11:20:00-05:00  3866.679932  3870.590088  3866.389893  3870.540039  3870.540039     9134440
2023-01-06 11:22:00-05:00  3870.719971  3871.199951  3869.909912  3870.939941  3870.939941     7960819
2023-01-06 11:24:00-05:00  3870.820068  3872.179932  3870.050049  3870.580078  3870.580078     8597570
2023-01-06 11:26:00-05:00  3870.580078  3871.550049  3866.149902  3866.520020  3866.520020     9812904
2023-01-06 11:28:00-05:00  3866.629883  3869.280029  3866.520020  3867.620117  3867.620117    10973020
2023-01-06 11:30:00-05:00  3867.560059  3869.080078  3865.479980  3865.830078  3865.830078     9110989
2023-01-06 11:32:00-05:00  3865.620117  3869.560059  3864.830078  3869.000000  3869.000000    10488382
2023-01-06 11:34:00-05:00  3869.120117  3872.409912  3868.919922  3872.100098  3872.100098    10461777
2023-01-06 11:36:00-05:00  3871.979980  3872.280029  3869.679932  3869.679932  3869.679932     8161914
2023-01-06 11:38:00-05:00  3869.679932  3872.179932  3869.560059  3872.179932  3872.179932     7208835
2023-01-06 11:40:00-05:00  3872.239990  3872.449951  3869.860107  3870.310059  3870.310059     9659033
2023-01-06 11:42:00-05:00  3870.320068  3871.110107  3868.760010  3868.820068  3868.820068    11617833
2023-01-06 11:44:00-05:00  3868.719971  3870.989990  3868.719971  3870.780029  3870.780029     6819186
2023-01-06 11:46:00-05:00  3870.780029  3871.610107  3869.219971  3871.120117  3871.120117     7625056
2023-01-06 11:48:00-05:00  3871.250000  3873.840088  3871.120117  3873.219971  3873.219971     8329719
2023-01-06 11:50:00-05:00  3873.199951  3879.530029  3873.189941  3879.530029  3879.530029    11763652
2023-01-06 11:52:00-05:00  3879.510010  3880.989990  3879.199951  3880.899902  3880.899902    10715843
2023-01-06 11:54:00-05:00  3880.919922  3880.919922  3878.840088  3879.429932  3879.429932     8626997
2023-01-06 11:56:00-05:00  3879.379883  3881.080078  3879.330078  3880.330078  3880.330078     7018677
2023-01-06 11:58:00-05:00  3880.310059  3880.530029  3876.699951  3876.729980  3876.729980     8019653
2023-01-06 12:00:00-05:00  3876.919922  3879.050049  3876.919922  3878.370117  3878.370117     7404440
2023-01-06 12:02:00-05:00  3878.379883  3878.540039  3877.290039  3878.280029  3878.280029     7866770
2023-01-06 12:04:00-05:00  3878.239990  3878.600098  3877.409912  3877.969971  3877.969971     6881529
2023-01-06 12:06:00-05:00  3877.850098  3878.689941  3877.189941  3877.810059  3877.810059     7998745
2023-01-06 12:08:00-05:00  3877.580078  3877.909912  3876.830078  3877.310059  3877.310059     6474511
2023-01-06 12:10:00-05:00  3877.229980  3878.860107  3877.179932  3877.179932  3877.179932     7528564
2023-01-06 12:12:00-05:00  3877.239990  3877.370117  3875.459961  3875.629883  3875.629883     7008189
2023-01-06 12:14:00-05:00  3875.600098  3875.600098  3873.669922  3874.379883  3874.379883     8670267
2023-01-06 12:16:00-05:00  3874.419922  3874.419922  3872.360107  3874.010010  3874.010010     7956681
2023-01-06 12:18:00-05:00  3873.969971  3876.340088  3873.909912  3875.840088  3875.840088     8338328
2023-01-06 12:20:00-05:00  3875.800049  3875.989990  3874.810059  3874.949951  3874.949951     7786924
2023-01-06 12:22:00-05:00  3874.899902  3874.939941  3871.179932  3871.260010  3871.260010     8310574
2023-01-06 12:24:00-05:00  3871.209961  3871.209961  3868.649902  3871.030029  3871.030029     9321730
2023-01-06 12:26:00-05:00  3870.929932  3870.929932  3869.229980  3869.429932  3869.429932     8063253
2023-01-06 12:28:00-05:00  3869.439941  3870.939941  3869.409912  3870.050049  3870.050049     6522294
2023-01-06 12:30:00-05:00  3870.030029  3872.260010  3870.030029  3872.260010  3872.260010     8081482
2023-01-06 12:32:00-05:00  3872.330078  3872.639893  3869.760010  3870.790039  3870.790039     7641827
2023-01-06 12:34:00-05:00  3870.770020  3870.770020  3869.159912  3870.229980  3870.229980     5329506
2023-01-06 12:36:00-05:00  3870.189941  3870.419922  3869.270020  3869.280029  3869.280029     5499841
2023-01-06 12:38:00-05:00  3869.239990  3870.449951  3867.580078  3870.449951  3870.449951     7142091
2023-01-06 12:40:00-05:00  3870.429932  3870.479980  3867.229980  3868.110107  3868.110107     5925883
2023-01-06 12:42:00-05:00  3868.209961  3868.340088  3867.000000  3867.120117  3867.120117     4977441
2023-01-06 12:44:00-05:00  3867.159912  3870.100098  3866.989990  3870.100098  3870.100098     6379801
2023-01-06 12:46:00-05:00  3870.100098  3870.399902  3869.540039  3870.090088  3870.090088     6032175
2023-01-06 12:48:00-05:00  3870.129883  3871.060059  3870.129883  3870.350098  3870.350098     5386753
2023-01-06 12:50:00-05:00  3870.350098  3870.639893  3868.709961  3868.709961  3868.709961     6011352
2023-01-06 12:52:00-05:00  3868.449951  3868.699951  3867.209961  3868.689941  3868.689941     9081041
2023-01-06 12:54:00-05:00  3868.729980  3868.969971  3866.750000  3867.260010  3867.260010     5471432
2023-01-06 12:56:00-05:00  3867.290039  3867.679932  3865.379883  3867.580078  3867.580078     6311810
2023-01-06 12:58:00-05:00  3867.639893  3868.439941  3866.810059  3868.429932  3868.429932     5925556
2023-01-06 13:00:00-05:00  3868.340088  3870.090088  3868.330078  3868.840088  3868.840088     6733256
2023-01-06 13:02:00-05:00  3868.669922  3868.760010  3866.840088  3868.500000  3868.500000     5958601
2023-01-06 13:04:00-05:00  3868.459961  3869.820068  3867.699951  3869.770020  3869.770020     5726961
2023-01-06 13:06:00-05:00  3869.790039  3872.149902  3869.790039  3871.120117  3871.120117     6070071
2023-01-06 13:08:00-05:00  3871.139893  3871.550049  3870.030029  3870.520020  3870.520020     5071705
2023-01-06 13:10:00-05:00  3870.479980  3871.129883  3869.560059  3869.629883  3869.629883     5797990
2023-01-06 13:12:00-05:00  3869.649902  3873.409912  3869.649902  3872.879883  3872.879883     7647774
2023-01-06 13:14:00-05:00  3872.929932  3873.050049  3872.250000  3873.050049  3873.050049     5554619
2023-01-06 13:16:00-05:00  3873.060059  3873.449951  3870.750000  3871.419922  3871.419922     7138259
2023-01-06 13:18:00-05:00  3871.449951  3872.139893  3870.929932  3871.320068  3871.320068     4966024
2023-01-06 13:20:00-05:00  3871.300049  3871.800049  3870.719971  3871.780029  3871.780029     5383797
2023-01-06 13:22:00-05:00  3871.770020  3872.459961  3870.979980  3871.719971  3871.719971     5945900
2023-01-06 13:24:00-05:00  3871.729980  3873.310059  3871.500000  3873.310059  3873.310059     5908236
2023-01-06 13:26:00-05:00  3873.310059  3875.929932  3873.270020  3874.929932  3874.929932     6656553
2023-01-06 13:28:00-05:00  3874.909912  3875.350098  3874.459961  3875.070068  3875.070068     5626387
2023-01-06 13:30:00-05:00  3875.050049  3876.110107  3875.050049  3875.689941  3875.689941     6520198
2023-01-06 13:32:00-05:00  3875.629883  3877.860107  3875.590088  3877.770020  3877.770020     7725883
2023-01-06 13:34:00-05:00  3877.760010  3878.729980  3876.989990  3877.030029  3877.030029     7527776
2023-01-06 13:36:00-05:00  3877.080078  3878.820068  3877.050049  3878.770020  3878.770020     7653655
2023-01-06 13:38:00-05:00  3878.729980  3879.500000  3878.389893  3879.469971  3879.469971     6725440
2023-01-06 13:40:00-05:00  3879.469971  3882.159912  3879.429932  3881.520020  3881.520020     7806082
2023-01-06 13:42:00-05:00  3881.489990  3882.159912  3879.060059  3879.060059  3879.060059     7140667
2023-01-06 13:44:00-05:00  3879.120117  3879.520020  3878.669922  3879.219971  3879.219971     6750022
2023-01-06 13:46:00-05:00  3879.199951  3879.350098  3877.899902  3879.350098  3879.350098     6859099
2023-01-06 13:48:00-05:00  3879.500000  3879.919922  3878.699951  3879.270020  3879.270020     5856054
2023-01-06 13:50:00-05:00  3879.260010  3879.290039  3877.020020  3877.020020  3877.020020     6835715
2023-01-06 13:52:00-05:00  3877.040039  3878.520020  3877.040039  3878.199951  3878.199951     5544132
2023-01-06 13:54:00-05:00  3878.239990  3879.810059  3878.100098  3879.810059  3879.810059     6718583
2023-01-06 13:56:00-05:00  3879.820068  3881.350098  3879.800049  3881.280029  3881.280029     6657162
2023-01-06 13:58:00-05:00  3881.300049  3882.010010  3880.169922  3881.250000  3881.250000     7276491
2023-01-06 14:00:00-05:00  3881.260010  3883.850098  3881.260010  3883.550049  3883.550049     7720019
2023-01-06 14:02:00-05:00  3883.629883  3883.629883  3882.580078  3883.399902  3883.399902     6149986
2023-01-06 14:04:00-05:00  3883.449951  3884.550049  3883.419922  3884.229980  3884.229980     7613046
2023-01-06 14:06:00-05:00  3884.229980  3884.530029  3883.590088  3883.590088  3883.590088     6636815
2023-01-06 14:08:00-05:00  3883.620117  3884.709961  3882.429932  3884.709961  3884.709961     7900172
2023-01-06 14:10:00-05:00  3884.729980  3886.860107  3884.699951  3886.300049  3886.300049     7441496
2023-01-06 14:12:00-05:00  3886.379883  3889.860107  3886.379883  3888.840088  3888.840088     8842370
2023-01-06 14:14:00-05:00  3888.850098  3890.060059  3888.439941  3889.899902  3889.899902     7166706
2023-01-06 14:16:00-05:00  3889.820068  3889.879883  3889.070068  3889.820068  3889.820068     6877057
2023-01-06 14:18:00-05:00  3889.830078  3891.370117  3889.780029  3891.010010  3891.010010     8136930
2023-01-06 14:20:00-05:00  3891.010010  3894.500000  3890.989990  3894.409912  3894.409912     9606845
2023-01-06 14:22:00-05:00  3894.429932  3894.629883  3893.510010  3893.739990  3893.739990     8082403
2023-01-06 14:24:00-05:00  3893.770020  3894.739990  3893.439941  3894.360107  3894.360107     7458267
2023-01-06 14:26:00-05:00  3894.360107  3894.489990  3891.750000  3892.080078  3892.080078     8689017
2023-01-06 14:28:00-05:00  3892.040039  3893.040039  3890.969971  3891.239990  3891.239990     7755078
2023-01-06 14:30:00-05:00  3891.260010  3892.489990  3891.260010  3892.320068  3892.320068     7293636
2023-01-06 14:32:00-05:00  3892.379883  3893.729980  3892.379883  3893.729980  3893.729980     6693364
2023-01-06 14:34:00-05:00  3894.080078  3894.110107  3892.250000  3892.669922  3892.669922     7768687
2023-01-06 14:36:00-05:00  3892.719971  3894.219971  3892.719971  3894.020020  3894.020020     6577718
2023-01-06 14:38:00-05:00  3894.020020  3896.979980  3894.020020  3896.479980  3896.479980     8723761
2023-01-06 14:40:00-05:00  3896.389893  3896.389893  3894.379883  3895.510010  3895.510010     7506722
2023-01-06 14:42:00-05:00  3895.540039  3896.459961  3895.149902  3896.270020  3896.270020     6751460
2023-01-06 14:44:00-05:00  3896.280029  3897.260010  3894.989990  3895.010010  3895.010010     8322068
2023-01-06 14:46:00-05:00  3895.000000  3895.870117  3892.909912  3894.050049  3894.050049     8858977
2023-01-06 14:48:00-05:00  3894.209961  3896.159912  3894.159912  3896.139893  3896.139893     7878796
2023-01-06 14:50:00-05:00  3896.159912  3898.060059  3895.500000  3898.000000  3898.000000     8644139
2023-01-06 14:52:00-05:00  3898.030029  3898.800049  3897.780029  3898.639893  3898.639893     7819154
2023-01-06 14:54:00-05:00  3898.629883  3901.040039  3898.629883  3900.889893  3900.889893     8510316
2023-01-06 14:56:00-05:00  3900.850098  3900.850098  3899.010010  3899.159912  3899.159912     8426888
2023-01-06 14:58:00-05:00  3899.090088  3900.090088  3899.090088  3899.189941  3899.189941     8579834
2023-01-06 15:00:00-05:00  3899.159912  3902.199951  3899.159912  3902.199951  3902.199951    10224590
2023-01-06 15:02:00-05:00  3902.100098  3904.399902  3901.860107  3904.209961  3904.209961     9902851
2023-01-06 15:04:00-05:00  3904.199951  3905.209961  3903.320068  3904.949951  3904.949951    10356995
2023-01-06 15:06:00-05:00  3905.000000  3905.489990  3903.679932  3904.330078  3904.330078     9653200
2023-01-06 15:08:00-05:00  3904.350098  3905.510010  3904.350098  3905.090088  3905.090088     7954730
2023-01-06 15:10:00-05:00  3905.229980  3905.790039  3903.010010  3903.010010  3903.010010     9356042
2023-01-06 15:12:00-05:00  3902.949951  3904.050049  3902.120117  3904.000000  3904.000000    10566958
2023-01-06 15:14:00-05:00  3903.979980  3906.189941  3903.260010  3905.669922  3905.669922    10215929
2023-01-06 15:16:00-05:00  3905.699951  3905.969971  3903.699951  3904.100098  3904.100098     8989650
2023-01-06 15:18:00-05:00  3904.070068  3904.070068  3901.110107  3901.669922  3901.669922     9716690
2023-01-06 15:20:00-05:00  3901.679932  3901.739990  3897.350098  3898.050049  3898.050049    12557395
2023-01-06 15:22:00-05:00  3898.070068  3900.570068  3897.620117  3899.750000  3899.750000     9626428
2023-01-06 15:24:00-05:00  3899.800049  3900.669922  3899.070068  3899.510010  3899.510010    10163761
2023-01-06 15:26:00-05:00  3899.560059  3899.790039  3897.669922  3897.939941  3897.939941    10064546
2023-01-06 15:28:00-05:00  3897.949951  3899.330078  3897.610107  3897.879883  3897.879883     9451836
2023-01-06 15:30:00-05:00  3897.870117  3902.550049  3897.780029  3902.550049  3902.550049    12435512
2023-01-06 15:32:00-05:00  3902.580078  3903.520020  3900.620117  3901.010010  3901.010010    13952107
2023-01-06 15:34:00-05:00  3901.050049  3902.219971  3900.580078  3902.110107  3902.110107    11260108
2023-01-06 15:36:00-05:00  3902.129883  3902.129883  3899.979980  3900.110107  3900.110107    12237380
2023-01-06 15:38:00-05:00  3900.229980  3901.510010  3898.810059  3901.510010  3901.510010    12981559
2023-01-06 15:40:00-05:00  3901.510010  3902.919922  3901.280029  3902.909912  3902.909912    12281330
2023-01-06 15:42:00-05:00  3902.879883  3903.510010  3902.260010  3902.429932  3902.429932    14308997
2023-01-06 15:44:00-05:00  3902.350098  3904.320068  3902.229980  3904.320068  3904.320068    16990574
2023-01-06 15:46:00-05:00  3904.280029  3904.669922  3903.229980  3903.830078  3903.830078    17089352
2023-01-06 15:48:00-05:00  3903.750000  3903.750000  3900.010010  3900.010010  3900.010010    20824178
2023-01-06 15:50:00-05:00  3899.790039  3899.790039  3894.129883  3895.439941  3895.439941    31349272
2023-01-06 15:52:00-05:00  3895.469971  3896.419922  3894.629883  3894.889893  3894.889893    27151611
2023-01-06 15:54:00-05:00  3894.939941  3897.310059  3893.020020  3894.560059  3894.560059    44411434
2023-01-06 15:56:00-05:00  3894.379883  3894.679932  3892.090088  3892.729980  3892.729980    40633651
2023-01-06 15:58:00-05:00  3892.780029  3895.310059  3891.870117  3894.199951  3894.199951    63196924
2023-01-09 09:30:00-05:00  3910.820068  3917.169922  3910.820068  3916.699951  3916.699951    51546311
2023-01-09 09:32:00-05:00  3917.149902  3920.949951  3915.600098  3915.600098  3915.600098    19382798
2023-01-09 09:34:00-05:00  3915.530029  3916.320068  3911.399902  3912.219971  3912.219971    18907952
2023-01-09 09:36:00-05:00  3912.189941  3912.590088  3908.669922  3909.989990  3909.989990    16080198
2023-01-09 09:38:00-05:00  3909.929932  3912.129883  3907.810059  3912.129883  3912.129883    16229154
2023-01-09 09:40:00-05:00  3912.070068  3914.729980  3911.189941  3914.729980  3914.729980    15336093
2023-01-09 09:42:00-05:00  3914.610107  3915.139893  3910.419922  3914.360107  3914.360107    14224096
2023-01-09 09:44:00-05:00  3914.459961  3921.639893  3914.340088  3921.409912  3921.409912    15214937
2023-01-09 09:46:00-05:00  3921.449951  3923.280029  3921.129883  3921.330078  3921.330078    27818737
2023-01-09 09:48:00-05:00  3921.239990  3924.760010  3921.219971  3924.199951  3924.199951    15548862
2023-01-09 09:50:00-05:00  3924.310059  3924.810059  3922.489990  3924.229980  3924.229980    14796501
2023-01-09 09:52:00-05:00  3924.439941  3929.320068  3924.439941  3927.739990  3927.739990    15190715
2023-01-09 09:54:00-05:00  3927.719971  3928.239990  3925.679932  3927.409912  3927.409912    13488755
2023-01-09 09:56:00-05:00  3927.419922  3928.320068  3925.570068  3927.290039  3927.290039    12860006
2023-01-09 09:58:00-05:00  3927.330078  3930.229980  3926.879883  3930.120117  3930.120117    15421462
2023-01-09 10:00:00-05:00  3930.219971  3932.110107  3930.129883  3930.129883  3930.129883    17530463
2023-01-09 10:02:00-05:00  3929.840088  3934.229980  3929.840088  3933.879883  3933.879883    13710479
2023-01-09 10:04:00-05:00  3934.050049  3934.199951  3930.820068  3932.600098  3932.600098    12969838
2023-01-09 10:06:00-05:00  3932.649902  3933.760010  3931.139893  3932.030029  3932.030029    13218280
2023-01-09 10:08:00-05:00  3931.979980  3932.419922  3930.149902  3931.219971  3931.219971    12224455
2023-01-09 10:10:00-05:00  3931.239990  3933.750000  3931.239990  3932.899902  3932.899902    12629846
2023-01-09 10:12:00-05:00  3932.889893  3933.129883  3926.919922  3928.149902  3928.149902    13518510
2023-01-09 10:14:00-05:00  3928.120117  3931.300049  3927.939941  3931.300049  3931.300049    12155658
2023-01-09 10:16:00-05:00  3931.239990  3933.719971  3931.090088  3931.449951  3931.449951    12851620
2023-01-09 10:18:00-05:00  3931.360107  3933.120117  3929.750000  3932.469971  3932.469971    10740515
2023-01-09 10:20:00-05:00  3932.500000  3934.939941  3928.439941  3928.659912  3928.659912    12266108
2023-01-09 10:22:00-05:00  3928.679932  3930.090088  3927.969971  3929.010010  3929.010010    10711437
2023-01-09 10:24:00-05:00  3928.899902  3929.570068  3926.919922  3927.560059  3927.560059    11010869
2023-01-09 10:26:00-05:00  3927.520020  3929.169922  3927.229980  3928.780029  3928.780029    10527349
2023-01-09 10:28:00-05:00  3928.820068  3930.500000  3928.409912  3928.600098  3928.600098    11489326
2023-01-09 10:30:00-05:00  3928.500000  3931.800049  3928.419922  3931.800049  3931.800049    11057846
2023-01-09 10:32:00-05:00  3931.729980  3936.780029  3931.729980  3936.780029  3936.780029    12755428
2023-01-09 10:34:00-05:00  3936.879883  3938.120117  3936.179932  3937.409912  3937.409912    11217046
2023-01-09 10:36:00-05:00  3937.709961  3940.939941  3937.709961  3940.760010  3940.760010    12766370
2023-01-09 10:38:00-05:00  3940.669922  3940.969971  3939.439941  3939.610107  3939.610107     9675833
2023-01-09 10:40:00-05:00  3939.620117  3940.850098  3937.989990  3938.050049  3938.050049    11860056
2023-01-09 10:42:00-05:00  3938.070068  3939.590088  3936.750000  3939.449951  3939.449951     9782932
2023-01-09 10:44:00-05:00  3939.459961  3942.409912  3939.000000  3942.260010  3942.260010     9805894
2023-01-09 10:46:00-05:00  3942.330078  3945.149902  3942.290039  3943.850098  3943.850098    10857099
2023-01-09 10:48:00-05:00  3943.860107  3945.870117  3943.860107  3945.600098  3945.600098     9440285
2023-01-09 10:50:00-05:00  3945.639893  3946.050049  3944.340088  3944.620117  3944.620117    10955100
2023-01-09 10:52:00-05:00  3944.610107  3944.939941  3943.800049  3944.889893  3944.889893     9560581
2023-01-09 10:54:00-05:00  3944.830078  3945.409912  3943.929932  3945.179932  3945.179932     9962235
2023-01-09 10:56:00-05:00  3945.209961  3945.419922  3942.760010  3943.010010  3943.010010     9553444
2023-01-09 10:58:00-05:00  3942.959961  3942.959961  3939.959961  3939.969971  3939.969971    11237991
2023-01-09 11:00:00-05:00  3939.959961  3941.870117  3939.959961  3941.320068  3941.320068     9813719
2023-01-09 11:02:00-05:00  3941.330078  3944.479980  3941.209961  3944.120117  3944.120117     8759862
2023-01-09 11:04:00-05:00  3944.129883  3945.020020  3943.909912  3944.929932  3944.929932     8961910
2023-01-09 11:06:00-05:00  3945.020020  3946.860107  3945.020020  3945.760010  3945.760010     9033312
2023-01-09 11:08:00-05:00  3945.729980  3946.090088  3945.070068  3945.780029  3945.780029     8716733
2023-01-09 11:10:00-05:00  3945.739990  3947.229980  3945.300049  3947.040039  3947.040039     9395502
2023-01-09 11:12:00-05:00  3947.090088  3947.820068  3946.590088  3947.290039  3947.290039     8757897
2023-01-09 11:14:00-05:00  3947.229980  3949.850098  3947.219971  3949.409912  3949.409912    10613067
2023-01-09 11:16:00-05:00  3949.340088  3950.449951  3948.360107  3948.469971  3948.469971     9782016
2023-01-09 11:18:00-05:00  3948.419922  3948.479980  3947.239990  3947.409912  3947.409912     9249770
2023-01-09 11:20:00-05:00  3947.389893  3948.830078  3946.879883  3948.570068  3948.570068     9110327
2023-01-09 11:22:00-05:00  3948.560059  3949.909912  3948.040039  3949.580078  3949.580078     8777326
2023-01-09 11:24:00-05:00  3949.520020  3950.350098  3949.050049  3949.899902  3949.899902     9371118
2023-01-09 11:26:00-05:00  3950.020020  3950.570068  3949.679932  3949.879883  3949.879883     9452379
2023-01-09 11:28:00-05:00  3949.810059  3950.270020  3949.199951  3949.310059  3949.310059     9041632
2023-01-09 11:30:00-05:00  3949.350098  3950.080078  3947.620117  3947.879883  3947.879883     9705466
2023-01-09 11:32:00-05:00  3947.840088  3947.860107  3946.139893  3946.139893  3946.139893     8087459
2023-01-09 11:34:00-05:00  3946.229980  3946.419922  3944.239990  3944.399902  3944.399902    16841083
2023-01-09 11:36:00-05:00  3944.429932  3946.649902  3944.429932  3945.939941  3945.939941     8512535
2023-01-09 11:38:00-05:00  3945.909912  3945.929932  3942.820068  3943.050049  3943.050049     8828599
2023-01-09 11:40:00-05:00  3943.020020  3943.889893  3943.020020  3943.169922  3943.169922     7437581
2023-01-09 11:42:00-05:00  3943.169922  3944.479980  3942.409912  3944.479980  3944.479980     7683974
2023-01-09 11:44:00-05:00  3944.540039  3946.310059  3944.449951  3946.310059  3946.310059     7201692
2023-01-09 11:46:00-05:00  3946.320068  3946.320068  3944.750000  3944.790039  3944.790039     8085914
2023-01-09 11:48:00-05:00  3944.770020  3945.620117  3944.000000  3945.530029  3945.530029    11490271
2023-01-09 11:50:00-05:00  3945.590088  3946.649902  3945.229980  3945.739990  3945.739990     7897560
2023-01-09 11:52:00-05:00  3945.719971  3947.189941  3945.409912  3946.310059  3946.310059     7096947
2023-01-09 11:54:00-05:00  3946.409912  3949.479980  3946.389893  3947.510010  3947.510010     9735780
2023-01-09 11:56:00-05:00  3947.600098  3947.620117  3945.959961  3947.040039  3947.040039     7913584
2023-01-09 11:58:00-05:00  3946.979980  3947.979980  3946.889893  3947.330078  3947.330078     6617696
2023-01-09 12:00:00-05:00  3947.290039  3947.290039  3944.020020  3944.520020  3944.520020     9011746
2023-01-09 12:02:00-05:00  3944.560059  3945.429932  3943.500000  3943.780029  3943.780029     6648951
2023-01-09 12:04:00-05:00  3943.780029  3944.969971  3943.639893  3944.209961  3944.209961     7430917
2023-01-09 12:06:00-05:00  3944.129883  3944.399902  3942.290039  3942.290039  3942.290039     5887855
2023-01-09 12:08:00-05:00  3942.260010  3942.939941  3941.389893  3942.939941  3942.939941     6630849
2023-01-09 12:10:00-05:00  3942.919922  3944.610107  3942.919922  3944.159912  3944.159912     6653600
2023-01-09 12:12:00-05:00  3944.260010  3944.399902  3942.800049  3942.889893  3942.889893     7535157
2023-01-09 12:14:00-05:00  3942.879883  3943.110107  3940.260010  3940.260010  3940.260010     8413808
2023-01-09 12:16:00-05:00  3940.219971  3941.879883  3940.090088  3940.610107  3940.610107     7771810
2023-01-09 12:18:00-05:00  3940.560059  3940.560059  3938.459961  3939.209961  3939.209961     7496512
2023-01-09 12:20:00-05:00  3939.250000  3940.199951  3939.090088  3939.570068  3939.570068     7231572
2023-01-09 12:22:00-05:00  3939.679932  3940.850098  3939.679932  3939.959961  3939.959961     6123544
2023-01-09 12:24:00-05:00  3939.949951  3940.879883  3939.770020  3940.040039  3940.040039     7100228
2023-01-09 12:26:00-05:00  3940.020020  3940.419922  3939.770020  3940.000000  3940.000000     6510130
2023-01-09 12:28:00-05:00  3940.100098  3942.959961  3940.100098  3942.659912  3942.659912     7535432
2023-01-09 12:30:00-05:00  3942.659912  3943.040039  3942.010010  3942.620117  3942.620117     6560350
2023-01-09 12:32:00-05:00  3942.639893  3942.649902  3941.510010  3942.060059  3942.060059     5443874
2023-01-09 12:34:00-05:00  3942.110107  3942.139893  3936.080078  3936.330078  3936.330078     7844559
2023-01-09 12:36:00-05:00  3936.350098  3937.179932  3934.419922  3935.100098  3935.100098     7867153
2023-01-09 12:38:00-05:00  3935.209961  3935.540039  3934.409912  3934.510010  3934.510010     5880273
2023-01-09 12:40:00-05:00  3934.560059  3934.689941  3933.540039  3933.580078  3933.580078     6381899
2023-01-09 12:42:00-05:00  3933.580078  3934.689941  3933.580078  3933.699951  3933.699951     7002051
2023-01-09 12:44:00-05:00  3933.679932  3934.399902  3932.610107  3934.320068  3934.320068     7861455
2023-01-09 12:46:00-05:00  3934.379883  3934.699951  3933.439941  3933.590088  3933.590088     7761220
2023-01-09 12:48:00-05:00  3933.610107  3936.969971  3933.530029  3935.100098  3935.100098     6960875
2023-01-09 12:50:00-05:00  3935.149902  3936.850098  3934.810059  3936.820068  3936.820068     5925427
2023-01-09 12:52:00-05:00  3936.820068  3937.340088  3935.570068  3936.409912  3936.409912     7426263
2023-01-09 12:54:00-05:00  3936.370117  3936.750000  3935.629883  3936.139893  3936.139893     6789274
2023-01-09 12:56:00-05:00  3936.139893  3937.090088  3935.409912  3937.010010  3937.010010     7288102
2023-01-09 12:58:00-05:00  3936.989990  3937.590088  3936.959961  3937.010010  3937.010010     6657500
2023-01-09 13:00:00-05:00  3936.959961  3937.840088  3936.719971  3937.370117  3937.370117     6530049
2023-01-09 13:02:00-05:00  3937.360107  3937.439941  3935.100098  3936.830078  3936.830078     6753688
2023-01-09 13:04:00-05:00  3936.879883  3936.879883  3933.409912  3933.719971  3933.719971     7205238
2023-01-09 13:06:00-05:00  3933.709961  3933.750000  3930.610107  3931.899902  3931.899902     8632287
2023-01-09 13:08:00-05:00  3931.879883  3932.419922  3930.820068  3930.820068  3930.820068     6271623
2023-01-09 13:10:00-05:00  3930.870117  3930.870117  3929.370117  3929.840088  3929.840088     7968883
2023-01-09 13:12:00-05:00  3929.939941  3932.320068  3929.699951  3932.310059  3932.310059     7413863
2023-01-09 13:14:00-05:00  3932.370117  3933.270020  3931.969971  3932.149902  3932.149902     6814270
2023-01-09 13:16:00-05:00  3932.149902  3934.370117  3932.100098  3933.739990  3933.739990     6988078
2023-01-09 13:18:00-05:00  3933.750000  3933.800049  3932.709961  3933.669922  3933.669922     5811220
2023-01-09 13:20:00-05:00  3933.659912  3934.729980  3933.110107  3934.459961  3934.459961     6691949
2023-01-09 13:22:00-05:00  3934.459961  3936.639893  3934.429932  3935.110107  3935.110107     8233701
2023-01-09 13:24:00-05:00  3935.129883  3935.739990  3933.879883  3934.090088  3934.090088     6713006
2023-01-09 13:26:00-05:00  3934.090088  3934.090088  3932.540039  3932.540039  3932.540039     6773805
2023-01-09 13:28:00-05:00  3932.479980  3934.100098  3931.669922  3933.790039  3933.790039     7330875
2023-01-09 13:30:00-05:00  3933.790039  3933.800049  3932.350098  3932.350098  3932.350098     7216860
2023-01-09 13:32:00-05:00  3932.149902  3932.159912  3929.919922  3930.189941  3930.189941     6671720
2023-01-09 13:34:00-05:00  3930.179932  3930.179932  3925.709961  3925.979980  3925.979980     9743934
2023-01-09 13:36:00-05:00  3925.909912  3925.909912  3922.280029  3923.639893  3923.639893     9395384
2023-01-09 13:38:00-05:00  3923.649902  3925.879883  3923.229980  3925.010010  3925.010010     6745174
2023-01-09 13:40:00-05:00  3925.010010  3925.010010  3919.879883  3919.879883  3919.879883     9360829
2023-01-09 13:42:00-05:00  3919.870117  3921.639893  3918.070068  3918.800049  3918.800049     8488580
2023-01-09 13:44:00-05:00  3918.810059  3918.810059  3915.419922  3916.479980  3916.479980     8005622
2023-01-09 13:46:00-05:00  3916.429932  3916.429932  3913.600098  3914.739990  3914.739990     9487852
2023-01-09 13:48:00-05:00  3914.659912  3917.040039  3913.000000  3916.860107  3916.860107     8784973
2023-01-09 13:50:00-05:00  3916.919922  3916.919922  3914.620117  3916.429932  3916.429932     7479203
2023-01-09 13:52:00-05:00  3916.409912  3918.530029  3916.389893  3918.149902  3918.149902     7579666
2023-01-09 13:54:00-05:00  3918.149902  3918.229980  3916.729980  3917.169922  3917.169922     6748690
2023-01-09 13:56:00-05:00  3917.239990  3917.969971  3915.040039  3917.969971  3917.969971     8056986
2023-01-09 13:58:00-05:00  3918.629883  3918.800049  3917.280029  3918.399902  3918.399902     6020490
2023-01-09 14:00:00-05:00  3918.370117  3924.030029  3918.239990  3923.510010  3923.510010     8186774
2023-01-09 14:02:00-05:00  3923.530029  3924.330078  3922.709961  3922.719971  3922.719971     6235994
2023-01-09 14:04:00-05:00  3922.719971  3923.189941  3915.989990  3916.169922  3916.169922    11325317
2023-01-09 14:06:00-05:00  3916.030029  3918.000000  3913.479980  3918.000000  3918.000000     7952536
2023-01-09 14:08:00-05:00  3918.010010  3919.239990  3917.639893  3919.179932  3919.179932     5332935
2023-01-09 14:10:00-05:00  3919.199951  3921.120117  3919.080078  3920.719971  3920.719971     6348777
2023-01-09 14:12:00-05:00  3920.590088  3920.939941  3917.120117  3918.639893  3918.639893     8980563
2023-01-09 14:14:00-05:00  3918.610107  3919.419922  3916.199951  3917.590088  3917.590088     6875080
2023-01-09 14:16:00-05:00  3917.659912  3918.550049  3916.959961  3917.370117  3917.370117     5550120
2023-01-09 14:18:00-05:00  3917.290039  3918.820068  3917.179932  3918.729980  3918.729980     6243050
2023-01-09 14:20:00-05:00  3918.790039  3921.030029  3918.439941  3920.459961  3920.459961     8257356
2023-01-09 14:22:00-05:00  3920.340088  3921.090088  3918.689941  3921.060059  3921.060059     5881138
2023-01-09 14:24:00-05:00  3921.139893  3921.800049  3920.939941  3921.320068  3921.320068     5781754
2023-01-09 14:26:00-05:00  3921.340088  3921.340088  3916.780029  3919.620117  3919.620117     9445915
2023-01-09 14:28:00-05:00  3919.629883  3921.659912  3919.629883  3919.669922  3919.669922     6048645
2023-01-09 14:30:00-05:00  3919.659912  3920.669922  3917.919922  3920.459961  3920.459961     6623129
2023-01-09 14:32:00-05:00  3920.449951  3920.500000  3917.750000  3917.929932  3917.929932     6185029
2023-01-09 14:34:00-05:00  3917.989990  3917.989990  3914.969971  3914.969971  3914.969971     7308360
2023-01-09 14:36:00-05:00  3914.979980  3915.879883  3914.610107  3915.120117  3915.120117     5615860
2023-01-09 14:38:00-05:00  3914.959961  3914.959961  3912.520020  3913.360107  3913.360107     8336297
2023-01-09 14:40:00-05:00  3913.350098  3914.959961  3912.429932  3914.760010  3914.760010     7344218
2023-01-09 14:42:00-05:00  3914.719971  3914.719971  3912.330078  3912.419922  3912.419922     5939301
2023-01-09 14:44:00-05:00  3912.419922  3914.959961  3911.929932  3913.860107  3913.860107     6941732
2023-01-09 14:46:00-05:00  3913.909912  3915.899902  3913.909912  3914.060059  3914.060059     6091102
2023-01-09 14:48:00-05:00  3914.090088  3914.129883  3911.560059  3912.899902  3912.899902     7267844
2023-01-09 14:50:00-05:00  3912.889893  3913.149902  3911.770020  3912.610107  3912.610107     6129331
2023-01-09 14:52:00-05:00  3912.629883  3913.199951  3911.399902  3911.429932  3911.429932     6584879
2023-01-09 14:54:00-05:00  3911.439941  3912.000000  3910.489990  3910.830078  3910.830078     6428840
2023-01-09 14:56:00-05:00  3910.850098  3911.040039  3908.340088  3908.350098  3908.350098     7555321
2023-01-09 14:58:00-05:00  3908.340088  3908.429932  3902.080078  3903.000000  3903.000000    11208969
2023-01-09 15:00:00-05:00  3902.840088  3905.439941  3902.090088  3905.209961  3905.209961     9386535
2023-01-09 15:02:00-05:00  3905.199951  3905.340088  3902.219971  3902.790039  3902.790039     8614426
2023-01-09 15:04:00-05:00  3902.750000  3905.469971  3902.340088  3905.290039  3905.290039     8869240
2023-01-09 15:06:00-05:00  3905.159912  3905.159912  3902.860107  3902.860107  3902.860107     8168375
2023-01-09 15:08:00-05:00  3902.899902  3904.260010  3901.219971  3904.010010  3904.010010     9848198
2023-01-09 15:10:00-05:00  3904.010010  3904.699951  3901.800049  3901.800049  3901.800049     8337440
2023-01-09 15:12:00-05:00  3901.770020  3901.800049  3899.419922  3899.830078  3899.830078     9647413
2023-01-09 15:14:00-05:00  3899.879883  3899.879883  3896.189941  3897.989990  3897.989990    11168644
2023-01-09 15:16:00-05:00  3898.020020  3899.429932  3897.189941  3897.669922  3897.669922    11909494
2023-01-09 15:18:00-05:00  3897.659912  3901.040039  3897.639893  3900.189941  3900.189941     9108260
2023-01-09 15:20:00-05:00  3900.199951  3903.669922  3899.919922  3903.620117  3903.620117     9035257
2023-01-09 15:22:00-05:00  3903.639893  3904.010010  3902.429932  3903.439941  3903.439941     3999523
2023-01-09 15:24:00-05:00  3902.860107  3902.860107  3899.209961  3899.330078  3899.330078  1699726930
2023-01-09 15:26:00-05:00  3899.229980  3900.270020  3899.129883  3899.229980  3899.229980     8843065
2023-01-09 15:28:00-05:00  3899.199951  3899.320068  3897.010010  3897.320068  3897.320068    11509166
2023-01-09 15:30:00-05:00  3897.409912  3898.449951  3894.649902  3894.800049  3894.800049    13094955
2023-01-09 15:32:00-05:00  3894.820068  3896.909912  3892.330078  3896.810059  3896.810059    13758399
2023-01-09 15:34:00-05:00  3896.830078  3898.310059  3895.590088  3895.929932  3895.929932    11136487
2023-01-09 15:36:00-05:00  3895.959961  3897.189941  3895.550049  3896.179932  3896.179932    10487027
2023-01-09 15:38:00-05:00  3896.159912  3896.169922  3893.659912  3894.169922  3894.169922    12100621
2023-01-09 15:40:00-05:00  3893.989990  3896.860107  3892.620117  3896.669922  3896.669922    15244546
2023-01-09 15:42:00-05:00  3896.679932  3898.139893  3896.560059  3896.969971  3896.969971    12087942
2023-01-09 15:44:00-05:00  3897.010010  3898.909912  3897.010010  3898.340088  3898.340088    15753591
2023-01-09 15:46:00-05:00  3898.330078  3898.330078  3891.889893  3892.250000  3892.250000    17600586
2023-01-09 15:48:00-05:00  3891.610107  3893.639893  3890.570068  3893.639893  3893.639893    20712084
2023-01-09 15:50:00-05:00  3893.669922  3897.719971  3893.669922  3897.449951  3897.449951    29993638
2023-01-09 15:52:00-05:00  3897.570068  3897.699951  3893.929932  3895.399902  3895.399902    29232114
2023-01-09 15:54:00-05:00  3895.409912  3896.560059  3891.629883  3891.709961  3891.709961    37642464
2023-01-09 15:56:00-05:00  3891.709961  3893.330078  3890.419922  3892.379883  3892.379883    40353705
2023-01-09 15:58:00-05:00  3892.320068  3894.149902  3891.919922  3892.149902  3892.149902    66263469
2023-01-10 09:30:00-05:00  3888.570068  3894.149902  3886.870117  3893.979980  3893.979980    41139396
2023-01-10 09:32:00-05:00  3894.080078  3898.810059  3893.479980  3898.300049  3898.300049    18030888
2023-01-10 09:34:00-05:00  3898.330078  3905.699951  3898.330078  3904.479980  3904.479980    16089942
2023-01-10 09:36:00-05:00  3904.419922  3904.510010  3899.169922  3903.270020  3903.270020    14945498
2023-01-10 09:38:00-05:00  3903.360107  3903.439941  3898.419922  3899.780029  3899.780029    13525730
2023-01-10 09:40:00-05:00  3899.820068  3901.129883  3895.780029  3897.600098  3897.600098    15370859
2023-01-10 09:42:00-05:00  3897.739990  3899.939941  3894.629883  3897.149902  3897.149902    16057688
2023-01-10 09:44:00-05:00  3897.310059  3900.780029  3896.629883  3897.879883  3897.879883    13833662
2023-01-10 09:46:00-05:00  3897.689941  3897.689941  3886.479980  3889.110107  3889.110107    17571642
2023-01-10 09:48:00-05:00  3889.149902  3892.780029  3887.719971  3892.530029  3892.530029    13933013
2023-01-10 09:50:00-05:00  3892.479980  3892.590088  3888.840088  3890.449951  3890.449951    13604217
2023-01-10 09:52:00-05:00  3890.520020  3898.719971  3885.000000  3898.719971  3898.719971    15316151
2023-01-10 09:54:00-05:00  3899.020020  3902.370117  3898.020020  3902.370117  3902.370117    13183536
2023-01-10 09:56:00-05:00  3902.610107  3902.610107  3898.320068  3900.260010  3900.260010    11095295
2023-01-10 09:58:00-05:00  3900.290039  3903.590088  3895.590088  3898.189941  3898.189941    13605546
2023-01-10 10:00:00-05:00  3898.300049  3899.020020  3896.020020  3896.310059  3896.310059    11788045
2023-01-10 10:02:00-05:00  3896.189941  3899.379883  3893.229980  3895.739990  3895.739990    11402801
2023-01-10 10:04:00-05:00  3895.820068  3897.540039  3894.800049  3897.540039  3897.540039    10347898
2023-01-10 10:06:00-05:00  3897.580078  3900.139893  3897.510010  3899.320068  3899.320068    10302673
2023-01-10 10:08:00-05:00  3899.320068  3900.800049  3897.919922  3898.060059  3898.060059    11175800
2023-01-10 10:10:00-05:00  3898.479980  3901.060059  3897.540039  3900.669922  3900.669922     9785323
2023-01-10 10:12:00-05:00  3900.669922  3909.830078  3900.520020  3909.429932  3909.429932    14376888
2023-01-10 10:14:00-05:00  3909.510010  3910.649902  3907.570068  3909.110107  3909.110107    11509990
2023-01-10 10:16:00-05:00  3909.219971  3913.580078  3909.020020  3911.989990  3911.989990    12876103
2023-01-10 10:18:00-05:00  3912.020020  3912.100098  3905.149902  3905.149902  3905.149902    11724659
2023-01-10 10:20:00-05:00  3905.149902  3906.189941  3899.860107  3901.580078  3901.580078    11865676
2023-01-10 10:22:00-05:00  3901.879883  3901.879883  3899.090088  3899.610107  3899.610107     9286572
2023-01-10 10:24:00-05:00  3899.580078  3904.409912  3899.360107  3904.229980  3904.229980    10583285
2023-01-10 10:26:00-05:00  3904.310059  3905.239990  3902.580078  3904.250000  3904.250000     8579773
2023-01-10 10:28:00-05:00  3904.010010  3904.010010  3894.610107  3896.280029  3896.280029    11413218
2023-01-10 10:30:00-05:00  3896.280029  3896.409912  3885.750000  3885.750000  3885.750000    15773659
2023-01-10 10:32:00-05:00  3885.780029  3888.379883  3882.719971  3883.449951  3883.449951    12629449
2023-01-10 10:34:00-05:00  3883.639893  3886.939941  3883.250000  3883.909912  3883.909912    10195690
2023-01-10 10:36:00-05:00  3883.899902  3884.360107  3882.659912  3883.820068  3883.820068     9235571
2023-01-10 10:38:00-05:00  3883.739990  3888.000000  3883.489990  3887.040039  3887.040039    10160816
2023-01-10 10:40:00-05:00  3887.000000  3888.659912  3885.520020  3885.689941  3885.689941     8473342
2023-01-10 10:42:00-05:00  3885.850098  3885.850098  3881.449951  3882.590088  3882.590088    11588858
2023-01-10 10:44:00-05:00  3882.260010  3882.260010  3877.290039  3878.159912  3878.159912    12263332
2023-01-10 10:46:00-05:00  3878.340088  3884.409912  3878.139893  3883.919922  3883.919922    11760174
2023-01-10 10:48:00-05:00  3883.699951  3884.879883  3882.760010  3883.239990  3883.239990     8702713
2023-01-10 10:50:00-05:00  3883.209961  3890.459961  3883.030029  3890.439941  3890.439941     9887016
2023-01-10 10:52:00-05:00  3890.510010  3893.169922  3890.510010  3892.659912  3892.659912    10163368
2023-01-10 10:54:00-05:00  3892.639893  3892.929932  3891.439941  3891.669922  3891.669922     8819001
2023-01-10 10:56:00-05:00  3891.699951  3898.729980  3891.629883  3897.090088  3897.090088    10857166
2023-01-10 10:58:00-05:00  3897.260010  3897.949951  3896.689941  3897.419922  3897.419922     8686673
2023-01-10 11:00:00-05:00  3897.399902  3898.280029  3896.000000  3896.790039  3896.790039     9379478
2023-01-10 11:02:00-05:00  3896.739990  3898.919922  3895.770020  3898.790039  3898.790039     7202044
2023-01-10 11:04:00-05:00  3898.719971  3899.899902  3897.550049  3897.600098  3897.600098     7272319
2023-01-10 11:06:00-05:00  3897.649902  3898.639893  3897.479980  3898.580078  3898.580078     6567435
2023-01-10 11:08:00-05:00  3898.479980  3899.139893  3896.820068  3896.939941  3896.939941     8414068
2023-01-10 11:10:00-05:00  3896.840088  3898.260010  3896.000000  3897.739990  3897.739990     7681388
2023-01-10 11:12:00-05:00  3897.739990  3901.379883  3896.840088  3898.879883  3898.879883     9697785
2023-01-10 11:14:00-05:00  3898.889893  3899.669922  3897.649902  3899.219971  3899.219971     8397019
2023-01-10 11:16:00-05:00  3899.199951  3900.709961  3895.570068  3896.820068  3896.820068     9221990
2023-01-10 11:18:00-05:00  3896.870117  3897.449951  3896.520020  3896.669922  3896.669922     5923210
2023-01-10 11:20:00-05:00  3896.699951  3899.439941  3896.699951  3899.159912  3899.159912     7138613
2023-01-10 11:22:00-05:00  3899.179932  3900.649902  3896.179932  3899.050049  3899.050049     8560034
2023-01-10 11:24:00-05:00  3899.040039  3900.139893  3897.459961  3897.459961  3897.459961     8379336
2023-01-10 11:26:00-05:00  3897.540039  3898.149902  3894.250000  3895.790039  3895.790039    10530259
2023-01-10 11:28:00-05:00  3895.959961  3896.580078  3892.800049  3893.949951  3893.949951     7889085
2023-01-10 11:30:00-05:00  3893.969971  3895.709961  3893.209961  3893.209961  3893.209961     7430687
2023-01-10 11:32:00-05:00  3893.169922  3895.479980  3890.790039  3890.790039  3890.790039     7936891
2023-01-10 11:34:00-05:00  3890.090088  3892.580078  3889.590088  3891.239990  3891.239990     7660424
2023-01-10 11:36:00-05:00  3891.209961  3894.189941  3890.810059  3892.570068  3892.570068     7506613
2023-01-10 11:38:00-05:00  3892.560059  3892.969971  3890.290039  3890.360107  3890.360107     6594903
2023-01-10 11:40:00-05:00  3890.360107  3892.870117  3890.360107  3891.310059  3891.310059     6122773
2023-01-10 11:42:00-05:00  3891.500000  3891.719971  3890.379883  3891.530029  3891.530029     5745766
2023-01-10 11:44:00-05:00  3891.500000  3892.669922  3887.860107  3888.610107  3888.610107     7594848
2023-01-10 11:46:00-05:00  3888.669922  3892.820068  3888.669922  3892.449951  3892.449951     6997462
2023-01-10 11:48:00-05:00  3892.409912  3892.979980  3890.360107  3892.979980  3892.979980     7263290
2023-01-10 11:50:00-05:00  3893.010010  3894.820068  3892.060059  3893.209961  3893.209961     6366929
2023-01-10 11:52:00-05:00  3893.169922  3893.169922  3891.560059  3891.959961  3891.959961     5465180
2023-01-10 11:54:00-05:00  3891.989990  3894.820068  3891.989990  3894.479980  3894.479980     5791751
2023-01-10 11:56:00-05:00  3894.479980  3897.040039  3894.459961  3896.070068  3896.070068     7741391
2023-01-10 11:58:00-05:00  3896.060059  3896.439941  3894.350098  3894.860107  3894.860107     6177947
2023-01-10 12:00:00-05:00  3894.850098  3894.850098  3886.560059  3888.300049  3888.300049    10666275
2023-01-10 12:02:00-05:00  3888.300049  3891.649902  3888.229980  3891.570068  3891.570068     6776198
2023-01-10 12:04:00-05:00  3891.530029  3891.530029  3889.340088  3890.199951  3890.199951     5637185
2023-01-10 12:06:00-05:00  3890.149902  3891.810059  3890.120117  3891.800049  3891.800049     5177600
2023-01-10 12:08:00-05:00  3891.830078  3895.149902  3891.800049  3895.000000  3895.000000     6875392
2023-01-10 12:10:00-05:00  3895.050049  3896.070068  3893.969971  3896.030029  3896.030029     5601095
2023-01-10 12:12:00-05:00  3896.010010  3899.750000  3895.879883  3898.139893  3898.139893     7571353
2023-01-10 12:14:00-05:00  3898.179932  3898.729980  3894.709961  3895.020020  3895.020020     6873076
2023-01-10 12:16:00-05:00  3895.000000  3896.239990  3894.989990  3895.600098  3895.600098     4649015
2023-01-10 12:18:00-05:00  3895.629883  3895.659912  3893.239990  3893.500000  3893.500000     6454873
2023-01-10 12:20:00-05:00  3893.479980  3893.520020  3891.219971  3892.850098  3892.850098     7011219
2023-01-10 12:22:00-05:00  3892.850098  3894.149902  3892.040039  3893.929932  3893.929932     5875802
2023-01-10 12:24:00-05:00  3893.949951  3895.719971  3893.510010  3895.250000  3895.250000     4792036
2023-01-10 12:26:00-05:00  3895.280029  3895.510010  3893.600098  3895.449951  3895.449951     5237290
2023-01-10 12:28:00-05:00  3895.379883  3895.399902  3893.310059  3893.870117  3893.870117     5147134
2023-01-10 12:30:00-05:00  3893.979980  3895.969971  3893.669922  3895.889893  3895.889893     5536913
2023-01-10 12:32:00-05:00  3895.810059  3897.050049  3895.040039  3895.459961  3895.459961     6492977
2023-01-10 12:34:00-05:00  3895.459961  3897.040039  3895.459961  3896.199951  3896.199951     5187454
2023-01-10 12:36:00-05:00  3896.260010  3898.739990  3896.260010  3898.649902  3898.649902     6165596
2023-01-10 12:38:00-05:00  3898.629883  3904.790039  3898.379883  3904.790039  3904.790039     8971174
2023-01-10 12:40:00-05:00  3904.729980  3904.810059  3903.449951  3903.729980  3903.729980     5575921
2023-01-10 12:42:00-05:00  3903.770020  3904.179932  3901.649902  3903.179932  3903.179932     6057478
2023-01-10 12:44:00-05:00  3903.189941  3903.219971  3899.929932  3900.030029  3900.030029     6250213
2023-01-10 12:46:00-05:00  3900.100098  3901.860107  3900.100098  3901.709961  3901.709961     5400052
2023-01-10 12:48:00-05:00  3901.719971  3901.850098  3901.110107  3901.139893  3901.139893     4616793
2023-01-10 12:50:00-05:00  3901.129883  3902.699951  3900.760010  3902.669922  3902.669922     5278885
2023-01-10 12:52:00-05:00  3902.649902  3903.010010  3901.010010  3901.399902  3901.399902     5802502
2023-01-10 12:54:00-05:00  3901.409912  3901.540039  3899.929932  3901.330078  3901.330078     5253357
2023-01-10 12:56:00-05:00  3901.479980  3901.790039  3900.830078  3900.929932  3900.929932     4725872
2023-01-10 12:58:00-05:00  3900.939941  3902.250000  3900.939941  3901.590088  3901.590088     4933530
2023-01-10 13:00:00-05:00  3901.600098  3903.489990  3900.600098  3903.370117  3903.370117     8314006
2023-01-10 13:02:00-05:00  3903.320068  3904.060059  3901.979980  3903.280029  3903.280029     6438520
2023-01-10 13:04:00-05:00  3903.419922  3904.500000  3903.179932  3903.600098  3903.600098     5529622
2023-01-10 13:06:00-05:00  3903.580078  3905.949951  3903.580078  3905.949951  3905.949951     5486867
2023-01-10 13:08:00-05:00  3905.939941  3906.969971  3905.689941  3906.830078  3906.830078     5820622
2023-01-10 13:10:00-05:00  3906.790039  3907.060059  3905.229980  3905.229980  3905.229980     6075393
2023-01-10 13:12:00-05:00  3905.159912  3905.679932  3904.419922  3905.489990  3905.489990     4916903
2023-01-10 13:14:00-05:00  3905.500000  3905.620117  3901.580078  3901.580078  3901.580078     7550097
2023-01-10 13:16:00-05:00  3901.570068  3902.530029  3901.350098  3901.520020  3901.520020     4787807
2023-01-10 13:18:00-05:00  3901.510010  3901.929932  3900.080078  3901.209961  3901.209961     5797928
2023-01-10 13:20:00-05:00  3901.189941  3901.370117  3899.469971  3900.129883  3900.129883     4810137
2023-01-10 13:22:00-05:00  3900.120117  3902.810059  3900.120117  3902.649902  3902.649902     4952777
2023-01-10 13:24:00-05:00  3902.669922  3903.659912  3902.310059  3903.629883  3903.629883     5587153
2023-01-10 13:26:00-05:00  3903.520020  3904.500000  3902.860107  3902.860107  3902.860107     5163160
2023-01-10 13:28:00-05:00  3902.860107  3903.659912  3902.810059  3903.139893  3903.139893     4611282
2023-01-10 13:30:00-05:00  3903.110107  3904.439941  3902.070068  3904.439941  3904.439941     6152113
2023-01-10 13:32:00-05:00  3904.429932  3906.129883  3904.179932  3906.120117  3906.120117     6147493
2023-01-10 13:34:00-05:00  3906.120117  3907.780029  3905.350098  3907.780029  3907.780029     7194154
2023-01-10 13:36:00-05:00  3907.820068  3908.659912  3907.560059  3908.139893  3908.139893     6681184
2023-01-10 13:38:00-05:00  3908.030029  3908.280029  3907.250000  3907.620117  3907.620117     5381116
2023-01-10 13:40:00-05:00  3907.649902  3909.250000  3907.399902  3907.840088  3907.840088     6736517
2023-01-10 13:42:00-05:00  3907.939941  3908.219971  3907.149902  3907.350098  3907.350098     5683805
2023-01-10 13:44:00-05:00  3907.310059  3907.360107  3905.449951  3906.149902  3906.149902     7159789
2023-01-10 13:46:00-05:00  3906.139893  3906.699951  3905.810059  3905.810059  3905.810059     5392324
2023-01-10 13:48:00-05:00  3905.810059  3907.080078  3904.469971  3907.080078  3907.080078     6746299
2023-01-10 13:50:00-05:00  3907.120117  3907.379883  3906.169922  3906.169922  3906.169922     5896438
2023-01-10 13:52:00-05:00  3906.110107  3906.340088  3905.360107  3905.659912  3905.659912     5091236
2023-01-10 13:54:00-05:00  3905.629883  3905.879883  3903.360107  3903.580078  3903.580078     6986281
2023-01-10 13:56:00-05:00  3903.540039  3906.909912  3903.500000  3906.879883  3906.879883     6560300
2023-01-10 13:58:00-05:00  3906.889893  3909.489990  3906.620117  3909.010010  3909.010010     6821373
2023-01-10 14:00:00-05:00  3909.030029  3912.320068  3909.030029  3911.919922  3911.919922     8961819
2023-01-10 14:02:00-05:00  3911.929932  3912.570068  3911.209961  3911.340088  3911.340088     6183106
2023-01-10 14:04:00-05:00  3911.229980  3911.229980  3908.120117  3908.379883  3908.379883     7442147
2023-01-10 14:06:00-05:00  3908.429932  3910.860107  3908.330078  3910.860107  3910.860107     6399217
2023-01-10 14:08:00-05:00  3911.050049  3911.830078  3910.790039  3911.209961  3911.209961     6285116
2023-01-10 14:10:00-05:00  3911.270020  3911.969971  3910.580078  3911.550049  3911.550049     8699354
2023-01-10 14:12:00-05:00  3911.550049  3913.979980  3911.159912  3912.290039  3912.290039     8145474
2023-01-10 14:14:00-05:00  3912.270020  3912.939941  3912.040039  3912.560059  3912.560059     6829938
2023-01-10 14:16:00-05:00  3912.600098  3913.520020  3912.560059  3912.590088  3912.590088     7487821
2023-01-10 14:18:00-05:00  3912.550049  3913.949951  3912.550049  3913.629883  3913.629883     6244540
2023-01-10 14:20:00-05:00  3913.639893  3914.820068  3912.419922  3913.000000  3913.000000     7503524
2023-01-10 14:22:00-05:00  3912.969971  3912.969971  3911.169922  3911.169922  3911.169922     6500328
2023-01-10 14:24:00-05:00  3911.199951  3912.229980  3909.889893  3910.110107  3910.110107     6564803
2023-01-10 14:26:00-05:00  3910.129883  3911.310059  3909.830078  3911.159912  3911.159912     5616435
2023-01-10 14:28:00-05:00  3911.179932  3913.060059  3910.570068  3912.870117  3912.870117     8255518
2023-01-10 14:30:00-05:00  3912.870117  3913.620117  3911.830078  3913.500000  3913.500000     7921511
2023-01-10 14:32:00-05:00  3913.550049  3915.649902  3913.550049  3914.689941  3914.689941     6881593
2023-01-10 14:34:00-05:00  3914.639893  3914.889893  3913.590088  3913.590088  3913.590088     7081191
2023-01-10 14:36:00-05:00  3913.580078  3914.040039  3912.820068  3912.820068  3912.820068     6000052
2023-01-10 14:38:00-05:00  3912.850098  3912.850098  3910.870117  3910.929932  3910.929932     7511423
2023-01-10 14:40:00-05:00  3910.909912  3911.050049  3910.169922  3910.540039  3910.540039     6183804
2023-01-10 14:42:00-05:00  3910.550049  3910.760010  3909.199951  3909.229980  3909.229980     6536263
2023-01-10 14:44:00-05:00  3909.229980  3910.020020  3906.770020  3908.080078  3908.080078     7640550
2023-01-10 14:46:00-05:00  3908.050049  3909.540039  3907.679932  3909.540039  3909.540039     6010750
2023-01-10 14:48:00-05:00  3909.530029  3909.850098  3908.939941  3909.360107  3909.360107     5802729
2023-01-10 14:50:00-05:00  3909.409912  3909.830078  3907.879883  3907.879883  3907.879883     6859750
2023-01-10 14:52:00-05:00  3907.590088  3908.199951  3907.350098  3908.199951  3908.199951     5932373
2023-01-10 14:54:00-05:00  3908.199951  3909.320068  3907.560059  3909.189941  3909.189941     7077084
2023-01-10 14:56:00-05:00  3909.179932  3909.870117  3908.060059  3908.530029  3908.530029     6289101
2023-01-10 14:58:00-05:00  3908.510010  3909.350098  3907.570068  3908.620117  3908.620117     6397998
2023-01-10 15:00:00-05:00  3908.629883  3909.270020  3906.939941  3907.060059  3907.060059     7744497
2023-01-10 15:02:00-05:00  3906.760010  3907.219971  3904.530029  3905.120117  3905.120117     9814636
2023-01-10 15:04:00-05:00  3905.080078  3906.770020  3905.040039  3905.770020  3905.770020     6880896
2023-01-10 15:06:00-05:00  3905.790039  3905.800049  3901.889893  3903.780029  3903.780029    10892897
2023-01-10 15:08:00-05:00  3903.790039  3906.399902  3903.760010  3906.229980  3906.229980     8917895
2023-01-10 15:10:00-05:00  3906.270020  3906.270020  3903.649902  3904.090088  3904.090088     8206974
2023-01-10 15:12:00-05:00  3904.300049  3905.780029  3904.239990  3905.739990  3905.739990     7803911
2023-01-10 15:14:00-05:00  3905.760010  3911.070068  3905.610107  3910.780029  3910.780029    11916132
2023-01-10 15:16:00-05:00  3910.659912  3910.959961  3909.550049  3909.889893  3909.889893     7104150
2023-01-10 15:18:00-05:00  3909.879883  3911.199951  3909.870117  3910.810059  3910.810059     8966277
2023-01-10 15:20:00-05:00  3910.800049  3910.979980  3908.459961  3908.679932  3908.679932     8849109
2023-01-10 15:22:00-05:00  3908.639893  3909.350098  3907.989990  3909.100098  3909.100098     8059236
2023-01-10 15:24:00-05:00  3909.090088  3909.699951  3908.540039  3909.429932  3909.429932     8492918
2023-01-10 15:26:00-05:00  3909.449951  3910.610107  3908.739990  3910.449951  3910.449951     8769174
2023-01-10 15:28:00-05:00  3910.449951  3910.459961  3908.659912  3908.919922  3908.919922     8798876
2023-01-10 15:30:00-05:00  3908.959961  3909.510010  3908.570068  3909.290039  3909.290039    10755102
2023-01-10 15:32:00-05:00  3909.050049  3909.219971  3907.110107  3909.219971  3909.219971    12957370
2023-01-10 15:34:00-05:00  3909.330078  3911.330078  3909.300049  3910.389893  3910.389893    11320961
2023-01-10 15:36:00-05:00  3910.379883  3910.469971  3909.239990  3910.469971  3910.469971    10078466
2023-01-10 15:38:00-05:00  3910.419922  3910.820068  3909.729980  3910.310059  3910.310059    10025216
2023-01-10 15:40:00-05:00  3910.310059  3910.550049  3908.889893  3909.659912  3909.659912    12444015
2023-01-10 15:42:00-05:00  3909.659912  3910.040039  3908.459961  3909.250000  3909.250000    13169396
2023-01-10 15:44:00-05:00  3909.270020  3910.870117  3908.139893  3910.870117  3910.870117    15392789
2023-01-10 15:46:00-05:00  3910.820068  3912.350098  3910.820068  3912.260010  3912.260010    14614405
2023-01-10 15:48:00-05:00  3912.290039  3912.419922  3910.929932  3911.379883  3911.379883    15645403
2023-01-10 15:50:00-05:00  3911.449951  3915.179932  3911.449951  3915.179932  3915.179932    29879735
2023-01-10 15:52:00-05:00  3915.800049  3915.800049  3913.510010  3914.820068  3914.820068    24015673
2023-01-10 15:54:00-05:00  3914.729980  3919.830078  3913.939941  3918.760010  3918.760010    38378508
2023-01-10 15:56:00-05:00  3918.780029  3918.949951  3917.439941  3918.949951  3918.949951    37253316
2023-01-10 15:58:00-05:00  3919.000000  3919.409912  3917.860107  3919.409912  3919.409912    56698759
2023-01-11 09:30:00-05:00  3932.350098  3939.100098  3932.350098  3936.689941  3936.689941    12790378
2023-01-11 09:32:00-05:00  3936.659912  3938.090088  3932.489990  3935.159912  3935.159912    17419722
2023-01-11 09:34:00-05:00  3934.969971  3938.379883  3934.030029  3936.669922  3936.669922    16173103
2023-01-11 09:36:00-05:00  3936.889893  3940.689941  3936.889893  3940.580078  3940.580078    15973112
2023-01-11 09:38:00-05:00  3940.750000  3941.629883  3938.770020  3939.629883  3939.629883    15092000
2023-01-11 09:40:00-05:00  3939.590088  3941.330078  3938.770020  3938.850098  3938.850098    15117565
2023-01-11 09:42:00-05:00  3939.060059  3945.239990  3939.000000  3944.350098  3944.350098    13210614
2023-01-11 09:44:00-05:00  3944.290039  3944.979980  3941.330078  3943.020020  3943.020020    13739566
2023-01-11 09:46:00-05:00  3942.889893  3943.610107  3941.209961  3942.780029  3942.780029    12977843
2023-01-11 09:48:00-05:00  3942.750000  3945.070068  3941.149902  3941.179932  3941.179932    13820841
2023-01-11 09:50:00-05:00  3941.290039  3942.070068  3940.219971  3941.790039  3941.790039    12723832
2023-01-11 09:52:00-05:00  3941.780029  3942.280029  3935.300049  3936.340088  3936.340088    14522636
2023-01-11 09:54:00-05:00  3936.379883  3937.649902  3935.500000  3936.669922  3936.669922    12110098
2023-01-11 09:56:00-05:00  3936.669922  3939.080078  3936.360107  3937.770020  3937.770020    12827893
2023-01-11 09:58:00-05:00  3937.570068  3937.580078  3934.399902  3937.439941  3937.439941    13537553
2023-01-11 10:00:00-05:00  3937.310059  3938.540039  3934.909912  3935.149902  3935.149902    14304701
2023-01-11 10:02:00-05:00  3935.169922  3937.110107  3934.959961  3936.729980  3936.729980    11772803
2023-01-11 10:04:00-05:00  3936.780029  3939.889893  3936.379883  3939.580078  3939.580078    13727420
2023-01-11 10:06:00-05:00  3939.629883  3940.610107  3937.810059  3940.110107  3940.110107    12317871
2023-01-11 10:08:00-05:00  3940.159912  3942.030029  3940.100098  3941.590088  3941.590088    11818165
2023-01-11 10:10:00-05:00  3941.570068  3942.760010  3940.179932  3941.489990  3941.489990    11211973
2023-01-11 10:12:00-05:00  3941.510010  3941.739990  3938.199951  3939.010010  3939.010010    10999439
2023-01-11 10:14:00-05:00  3938.929932  3940.239990  3938.610107  3939.159912  3939.159912    12746913
2023-01-11 10:16:00-05:00  3939.209961  3940.149902  3936.169922  3939.679932  3939.679932    12670835
2023-01-11 10:18:00-05:00  3939.510010  3939.679932  3938.010010  3938.729980  3938.729980    11476486
2023-01-11 10:20:00-05:00  3938.729980  3938.850098  3937.229980  3937.709961  3937.709961    29667182
2023-01-11 10:22:00-05:00  3937.780029  3942.219971  3937.770020  3941.709961  3941.709961    11398936
2023-01-11 10:24:00-05:00  3941.689941  3942.229980  3939.909912  3940.879883  3940.879883    11756351
2023-01-11 10:26:00-05:00  3940.879883  3943.370117  3940.879883  3943.010010  3943.010010    11995367
2023-01-11 10:28:00-05:00  3943.209961  3944.669922  3942.979980  3944.389893  3944.389893    10191213
2023-01-11 10:30:00-05:00  3944.489990  3944.489990  3940.270020  3940.479980  3940.479980    13302200
2023-01-11 10:32:00-05:00  3940.510010  3941.399902  3938.310059  3939.429932  3939.429932    11298875
2023-01-11 10:34:00-05:00  3939.419922  3939.520020  3935.219971  3936.389893  3936.389893    12463768
2023-01-11 10:36:00-05:00  3936.429932  3936.429932  3932.590088  3934.879883  3934.879883    13027982
2023-01-11 10:38:00-05:00  3935.120117  3936.139893  3934.040039  3935.409912  3935.409912     9589247
2023-01-11 10:40:00-05:00  3935.429932  3937.360107  3935.300049  3937.189941  3937.189941     9800178
2023-01-11 10:42:00-05:00  3937.179932  3937.389893  3935.449951  3936.250000  3936.250000     8776076
2023-01-11 10:44:00-05:00  3936.260010  3938.330078  3934.600098  3938.030029  3938.030029     9993700
2023-01-11 10:46:00-05:00  3938.070068  3938.379883  3937.449951  3938.379883  3938.379883     8068972
2023-01-11 10:48:00-05:00  3938.389893  3939.459961  3937.760010  3938.510010  3938.510010     9532279
2023-01-11 10:50:00-05:00  3938.459961  3938.600098  3935.399902  3937.159912  3937.159912    11123262
2023-01-11 10:52:00-05:00  3937.199951  3937.300049  3931.129883  3931.129883  3931.129883    10548075
2023-01-11 10:54:00-05:00  3931.280029  3932.899902  3931.260010  3931.750000  3931.750000    10146213
2023-01-11 10:56:00-05:00  3931.719971  3931.739990  3928.540039  3928.949951  3928.949951    11152914
2023-01-11 10:58:00-05:00  3929.060059  3930.159912  3928.820068  3929.689941  3929.689941     9508415
2023-01-11 11:00:00-05:00  3929.649902  3930.649902  3929.370117  3930.290039  3930.290039     9138849
2023-01-11 11:02:00-05:00  3930.330078  3932.389893  3929.919922  3932.260010  3932.260010     8875014
2023-01-11 11:04:00-05:00  3932.179932  3932.899902  3931.620117  3931.949951  3931.949951     8386534
2023-01-11 11:06:00-05:00  3931.959961  3934.370117  3931.709961  3934.209961  3934.209961     8568667
2023-01-11 11:08:00-05:00  3934.250000  3934.250000  3932.810059  3933.070068  3933.070068     8836853
2023-01-11 11:10:00-05:00  3933.100098  3935.179932  3932.469971  3934.860107  3934.860107     9753064
2023-01-11 11:12:00-05:00  3934.860107  3935.760010  3934.689941  3935.760010  3935.760010     8637664
2023-01-11 11:14:00-05:00  3935.750000  3939.239990  3935.750000  3939.239990  3939.239990     9228885
2023-01-11 11:16:00-05:00  3939.270020  3940.770020  3938.760010  3939.179932  3939.179932     9056644
2023-01-11 11:18:00-05:00  3939.179932  3939.979980  3938.429932  3938.899902  3938.899902     8796624
2023-01-11 11:20:00-05:00  3938.879883  3938.969971  3938.040039  3938.399902  3938.399902     8982822
2023-01-11 11:22:00-05:00  3938.699951  3940.620117  3938.489990  3939.709961  3939.709961     9295506
2023-01-11 11:24:00-05:00  3939.610107  3939.679932  3938.709961  3939.449951  3939.449951     8210919
2023-01-11 11:26:00-05:00  3939.459961  3939.929932  3938.889893  3939.760010  3939.760010     7753930
2023-01-11 11:28:00-05:00  3939.739990  3940.020020  3939.300049  3939.729980  3939.729980     7847175
2023-01-11 11:30:00-05:00  3939.810059  3941.510010  3939.449951  3941.209961  3941.209961     8884318
2023-01-11 11:32:00-05:00  3941.209961  3941.590088  3939.590088  3939.590088  3939.590088     8209699
2023-01-11 11:34:00-05:00  3939.540039  3940.719971  3939.100098  3939.100098  3939.100098     9405451
2023-01-11 11:36:00-05:00  3939.080078  3939.110107  3937.239990  3938.129883  3938.129883     7685377
2023-01-11 11:38:00-05:00  3938.129883  3939.120117  3938.129883  3938.760010  3938.760010     6767227
2023-01-11 11:40:00-05:00  3938.760010  3941.040039  3938.699951  3940.040039  3940.040039     8492794
2023-01-11 11:42:00-05:00  3940.050049  3940.679932  3939.270020  3939.419922  3939.419922     8923614
2023-01-11 11:44:00-05:00  3939.409912  3941.979980  3939.409912  3941.510010  3941.510010     9088744
2023-01-11 11:46:00-05:00  3941.510010  3942.090088  3941.120117  3941.260010  3941.260010     8399479
2023-01-11 11:48:00-05:00  3941.360107  3942.629883  3941.360107  3942.500000  3942.500000     7115449
2023-01-11 11:50:00-05:00  3942.550049  3942.550049  3940.820068  3941.340088  3941.340088     7866602
2023-01-11 11:52:00-05:00  3941.350098  3943.469971  3941.350098  3943.110107  3943.110107     7582157
2023-01-11 11:54:00-05:00  3943.139893  3943.889893  3942.820068  3943.780029  3943.780029     7420797
2023-01-11 11:56:00-05:00  3943.790039  3943.889893  3942.949951  3943.340088  3943.340088     6934409
2023-01-11 11:58:00-05:00  3943.330078  3943.379883  3941.080078  3941.429932  3941.429932     7003550
2023-01-11 12:00:00-05:00  3941.439941  3942.850098  3941.439941  3942.850098  3942.850098     8429981
2023-01-11 12:02:00-05:00  3942.800049  3944.090088  3942.750000  3943.219971  3943.219971     7699548
2023-01-11 12:04:00-05:00  3943.219971  3943.709961  3942.879883  3943.629883  3943.629883     7815847
2023-01-11 12:06:00-05:00  3943.570068  3944.000000  3942.810059  3943.850098  3943.850098     7116992
2023-01-11 12:08:00-05:00  3943.860107  3944.320068  3943.639893  3943.840088  3943.840088     6164909
2023-01-11 12:10:00-05:00  3943.830078  3947.300049  3943.699951  3946.899902  3946.899902    10575765
2023-01-11 12:12:00-05:00  3946.830078  3946.879883  3946.090088  3946.879883  3946.879883     5676963
2023-01-11 12:14:00-05:00  3946.879883  3947.860107  3946.820068  3947.169922  3947.169922     7877064
2023-01-11 12:16:00-05:00  3947.159912  3947.600098  3946.120117  3947.479980  3947.479980     7809708
2023-01-11 12:18:00-05:00  3947.360107  3948.770020  3947.149902  3947.159912  3947.159912     6954783
2023-01-11 12:20:00-05:00  3947.139893  3949.189941  3946.199951  3948.750000  3948.750000     8374485
2023-01-11 12:22:00-05:00  3948.800049  3949.889893  3948.669922  3949.570068  3949.570068     6156497
2023-01-11 12:24:00-05:00  3949.449951  3949.449951  3947.000000  3947.000000  3947.000000     6899393
2023-01-11 12:26:00-05:00  3947.010010  3947.500000  3946.860107  3947.199951  3947.199951     6877982
2023-01-11 12:28:00-05:00  3947.189941  3948.909912  3947.189941  3948.350098  3948.350098     6870406
2023-01-11 12:30:00-05:00  3948.379883  3949.080078  3947.110107  3947.409912  3947.409912     6979511
2023-01-11 12:32:00-05:00  3947.360107  3947.360107  3944.969971  3945.000000  3945.000000     7543123
2023-01-11 12:34:00-05:00  3945.000000  3945.679932  3944.040039  3944.040039  3944.040039     6616147
2023-01-11 12:36:00-05:00  3944.050049  3945.000000  3943.679932  3944.929932  3944.929932     8148862
2023-01-11 12:38:00-05:00  3944.909912  3945.350098  3944.350098  3944.949951  3944.949951     5932034
2023-01-11 12:40:00-05:00  3944.939941  3945.739990  3944.870117  3945.510010  3945.510010     5672646
2023-01-11 12:42:00-05:00  3945.610107  3946.080078  3944.949951  3944.949951  3944.949951     6311180
2023-01-11 12:44:00-05:00  3944.979980  3945.340088  3944.600098  3945.159912  3945.159912     6643972
2023-01-11 12:46:00-05:00  3945.129883  3946.149902  3944.620117  3946.129883  3946.129883     6521499
2023-01-11 12:48:00-05:00  3946.330078  3946.419922  3945.590088  3946.340088  3946.340088     5822268
2023-01-11 12:50:00-05:00  3946.320068  3947.199951  3945.899902  3947.050049  3947.050049     6361872
2023-01-11 12:52:00-05:00  3947.100098  3947.810059  3946.870117  3946.870117  3946.870117     5906465
2023-01-11 12:54:00-05:00  3946.850098  3946.909912  3945.479980  3946.159912  3946.159912     6130884
2023-01-11 12:56:00-05:00  3946.199951  3946.590088  3944.889893  3944.889893  3944.889893     5533744
2023-01-11 12:58:00-05:00  3944.929932  3946.100098  3944.399902  3945.659912  3945.659912     5764151
2023-01-11 13:00:00-05:00  3945.649902  3946.719971  3945.550049  3946.719971  3946.719971     6428785
2023-01-11 13:02:00-05:00  3946.750000  3949.800049  3946.689941  3949.770020  3949.770020     7341099
2023-01-11 13:04:00-05:00  3949.790039  3950.540039  3948.629883  3948.739990  3948.739990     6840438
2023-01-11 13:06:00-05:00  3948.820068  3950.229980  3948.820068  3949.899902  3949.899902     5702535
2023-01-11 13:08:00-05:00  3949.860107  3951.060059  3949.820068  3951.040039  3951.040039     6515073
2023-01-11 13:10:00-05:00  3951.050049  3952.469971  3950.939941  3951.689941  3951.689941     6637343
2023-01-11 13:12:00-05:00  3951.659912  3951.879883  3951.030029  3951.860107  3951.860107     5316226
2023-01-11 13:14:00-05:00  3951.879883  3955.189941  3950.850098  3950.949951  3950.949951    14189273
2023-01-11 13:16:00-05:00  3950.909912  3950.939941  3944.189941  3948.219971  3948.219971    12216429
2023-01-11 13:18:00-05:00  3948.270020  3948.989990  3947.479980  3947.479980  3947.479980     6184996
2023-01-11 13:20:00-05:00  3947.449951  3947.709961  3946.149902  3946.729980  3946.729980     5845630
2023-01-11 13:22:00-05:00  3946.739990  3947.129883  3946.370117  3947.010010  3947.010010     5326354
2023-01-11 13:24:00-05:00  3947.060059  3949.570068  3947.060059  3949.219971  3949.219971     6082046
2023-01-11 13:26:00-05:00  3949.219971  3950.000000  3948.399902  3950.000000  3950.000000     5843434
2023-01-11 13:28:00-05:00  3949.979980  3952.629883  3949.969971  3952.080078  3952.080078     7488235
2023-01-11 13:30:00-05:00  3952.070068  3953.139893  3951.540039  3953.139893  3953.139893     6244586
2023-01-11 13:32:00-05:00  3953.129883  3953.250000  3952.320068  3953.229980  3953.229980     6803953
2023-01-11 13:34:00-05:00  3953.250000  3953.729980  3952.070068  3952.899902  3952.899902     6913570
2023-01-11 13:36:00-05:00  3952.889893  3953.290039  3951.860107  3951.919922  3951.919922     5915111
2023-01-11 13:38:00-05:00  3951.909912  3952.629883  3951.909912  3952.520020  3952.520020     5697044
2023-01-11 13:40:00-05:00  3952.489990  3954.590088  3952.489990  3953.659912  3953.659912     7052220
2023-01-11 13:42:00-05:00  3953.689941  3954.149902  3952.959961  3954.149902  3954.149902     5831380
2023-01-11 13:44:00-05:00  3954.219971  3954.310059  3952.320068  3952.320068  3952.320068     7829531
2023-01-11 13:46:00-05:00  3952.280029  3953.300049  3952.250000  3952.560059  3952.560059     6689113
2023-01-11 13:48:00-05:00  3952.469971  3953.120117  3952.310059  3952.310059  3952.310059     6583577
2023-01-11 13:50:00-05:00  3952.320068  3952.459961  3949.429932  3949.770020  3949.770020     7630576
2023-01-11 13:52:00-05:00  3949.850098  3950.030029  3948.199951  3948.479980  3948.479980     6201534
2023-01-11 13:54:00-05:00  3948.510010  3949.959961  3948.110107  3949.729980  3949.729980     6429942
2023-01-11 13:56:00-05:00  3949.699951  3949.699951  3948.840088  3949.070068  3949.070068     4604062
2023-01-11 13:58:00-05:00  3949.080078  3949.909912  3949.000000  3949.909912  3949.909912     5309013
2023-01-11 14:00:00-05:00  3949.929932  3951.110107  3949.929932  3950.340088  3950.340088     7300055
2023-01-11 14:02:00-05:00  3950.409912  3950.429932  3949.199951  3949.590088  3949.590088     6187516
2023-01-11 14:04:00-05:00  3949.610107  3949.729980  3947.540039  3947.629883  3947.629883     6441614
2023-01-11 14:06:00-05:00  3947.699951  3947.800049  3945.870117  3946.510010  3946.510010     6375897
2023-01-11 14:08:00-05:00  3946.590088  3948.540039  3946.590088  3948.540039  3948.540039     6524594
2023-01-11 14:10:00-05:00  3948.560059  3949.750000  3948.560059  3949.639893  3949.639893     5475720
2023-01-11 14:12:00-05:00  3949.639893  3949.969971  3948.949951  3949.780029  3949.780029     7252868
2023-01-11 14:14:00-05:00  3949.790039  3949.879883  3948.399902  3948.699951  3948.699951     6086157
2023-01-11 14:16:00-05:00  3948.739990  3950.629883  3948.709961  3950.469971  3950.469971     5588847
2023-01-11 14:18:00-05:00  3950.449951  3952.060059  3950.260010  3951.610107  3951.610107     6623301
2023-01-11 14:20:00-05:00  3951.629883  3952.189941  3951.040039  3951.820068  3951.820068     7720067
2023-01-11 14:22:00-05:00  3951.820068  3952.649902  3951.820068  3952.459961  3952.459961     6089213
2023-01-11 14:24:00-05:00  3952.459961  3952.469971  3951.810059  3952.449951  3952.449951     6372459
2023-01-11 14:26:00-05:00  3952.510010  3953.090088  3952.179932  3952.669922  3952.669922     6149939
2023-01-11 14:28:00-05:00  3952.639893  3953.060059  3951.699951  3951.830078  3951.830078     5769050
2023-01-11 14:30:00-05:00  3951.780029  3954.709961  3951.600098  3954.040039  3954.040039     7421171
2023-01-11 14:32:00-05:00  3953.989990  3954.889893  3953.550049  3954.820068  3954.820068     6587950
2023-01-11 14:34:00-05:00  3954.790039  3955.280029  3953.919922  3954.110107  3954.110107     5924420
2023-01-11 14:36:00-05:00  3954.060059  3956.520020  3953.610107  3956.280029  3956.280029     7466714
2023-01-11 14:38:00-05:00  3956.300049  3956.429932  3955.879883  3956.020020  3956.020020     5726455
2023-01-11 14:40:00-05:00  3956.040039  3956.070068  3955.120117  3955.899902  3955.899902     6664772
2023-01-11 14:42:00-05:00  3955.889893  3957.790039  3955.860107  3957.790039  3957.790039     7379750
2023-01-11 14:44:00-05:00  3957.820068  3959.030029  3957.689941  3957.689941  3957.689941     7704830
2023-01-11 14:46:00-05:00  3957.739990  3958.459961  3957.489990  3958.219971  3958.219971     8390676
2023-01-11 14:48:00-05:00  3958.179932  3958.179932  3956.879883  3957.050049  3957.050049     6795487
2023-01-11 14:50:00-05:00  3957.050049  3957.050049  3955.889893  3956.219971  3956.219971     7306401
2023-01-11 14:52:00-05:00  3956.199951  3956.330078  3955.610107  3956.110107  3956.110107     6607071
2023-01-11 14:54:00-05:00  3956.090088  3956.340088  3955.560059  3955.820068  3955.820068     6944759
2023-01-11 14:56:00-05:00  3955.810059  3956.120117  3954.830078  3955.780029  3955.780029     6919776
2023-01-11 14:58:00-05:00  3955.810059  3956.689941  3955.600098  3956.659912  3956.659912     7740510
2023-01-11 15:00:00-05:00  3956.639893  3957.580078  3956.320068  3957.560059  3957.560059     9073556
2023-01-11 15:02:00-05:00  3957.600098  3958.189941  3957.120117  3957.320068  3957.320068     7023087
2023-01-11 15:04:00-05:00  3957.340088  3958.959961  3957.209961  3957.239990  3957.239990     9508346
2023-01-11 15:06:00-05:00  3957.330078  3958.070068  3956.750000  3957.919922  3957.919922     7435115
2023-01-11 15:08:00-05:00  3957.919922  3958.489990  3957.320068  3957.429932  3957.429932     8269288
2023-01-11 15:10:00-05:00  3957.459961  3959.919922  3957.330078  3959.919922  3959.919922     9564458
2023-01-11 15:12:00-05:00  3959.939941  3961.379883  3958.389893  3959.629883  3959.629883    10860870
2023-01-11 15:14:00-05:00  3959.649902  3960.479980  3959.560059  3960.120117  3960.120117     8181747
2023-01-11 15:16:00-05:00  3960.129883  3961.179932  3959.800049  3960.449951  3960.449951    10349604
2023-01-11 15:18:00-05:00  3960.449951  3962.709961  3960.449951  3962.179932  3962.179932    10359829
2023-01-11 15:20:00-05:00  3962.239990  3962.699951  3961.600098  3961.750000  3961.750000     9457262
2023-01-11 15:22:00-05:00  3961.729980  3962.199951  3961.620117  3961.620117  3961.620117     9132727
2023-01-11 15:24:00-05:00  3961.639893  3962.500000  3960.620117  3961.409912  3961.409912    11835500
2023-01-11 15:26:00-05:00  3961.389893  3961.389893  3959.429932  3959.429932  3959.429932     9562931
2023-01-11 15:28:00-05:00  3959.409912  3960.050049  3959.360107  3959.770020  3959.770020     9497573
2023-01-11 15:30:00-05:00  3959.750000  3959.780029  3957.580078  3958.250000  3958.250000    13016353
2023-01-11 15:32:00-05:00  3958.250000  3958.449951  3957.330078  3957.330078  3957.330078    10741918
2023-01-11 15:34:00-05:00  3957.300049  3957.929932  3956.909912  3957.070068  3957.070068    12693338
2023-01-11 15:36:00-05:00  3957.070068  3957.330078  3956.540039  3956.800049  3956.800049    11934634
2023-01-11 15:38:00-05:00  3956.800049  3956.800049  3955.540039  3955.989990  3955.989990    11843576
2023-01-11 15:40:00-05:00  3956.020020  3956.179932  3954.520020  3956.129883  3956.129883    14487566
2023-01-11 15:42:00-05:00  3956.179932  3958.090088  3955.889893  3958.080078  3958.080078    12793234
2023-01-11 15:44:00-05:00  3958.129883  3959.360107  3957.699951  3958.449951  3958.449951    18057138
2023-01-11 15:46:00-05:00  3958.530029  3960.070068  3958.300049  3959.399902  3959.399902    16323150
2023-01-11 15:48:00-05:00  3959.409912  3961.689941  3959.090088  3961.629883  3961.629883    19710544
2023-01-11 15:50:00-05:00  3961.620117  3962.489990  3960.050049  3962.419922  3962.419922    29558938
2023-01-11 15:52:00-05:00  3962.310059  3964.189941  3961.830078  3963.340088  3963.340088    29683047
2023-01-11 15:54:00-05:00  3963.250000  3967.409912  3963.250000  3967.409912  3967.409912    42597273
2023-01-11 15:56:00-05:00  3967.469971  3967.719971  3966.169922  3966.510010  3966.510010    46562604
2023-01-11 15:58:00-05:00  3966.550049  3970.070068  3966.550049  3969.129883  3969.129883    69097132
2023-01-12 09:30:00-05:00  3977.570068  3981.959961  3977.389893  3977.899902  3977.899902    12508111
2023-01-12 09:32:00-05:00  3977.620117  3977.620117  3966.929932  3967.429932  3967.429932    18754764
2023-01-12 09:34:00-05:00  3967.290039  3969.080078  3963.780029  3964.870117  3964.870117    17165421
2023-01-12 09:36:00-05:00  3964.790039  3967.070068  3959.419922  3961.110107  3961.110107    17816278
2023-01-12 09:38:00-05:00  3962.060059  3966.909912  3962.060059  3964.250000  3964.250000    16165667
2023-01-12 09:40:00-05:00  3964.100098  3965.270020  3956.030029  3957.409912  3957.409912    19359116
2023-01-12 09:42:00-05:00  3957.310059  3957.780029  3948.979980  3949.489990  3949.489990    17046709
2023-01-12 09:44:00-05:00  3949.760010  3950.909912  3943.189941  3943.760010  3943.760010    18211648
2023-01-12 09:46:00-05:00  3943.800049  3948.090088  3943.290039  3946.330078  3946.330078    16445920
2023-01-12 09:48:00-05:00  3946.449951  3947.320068  3941.169922  3941.169922  3941.169922    15801228
2023-01-12 09:50:00-05:00  3941.040039  3945.959961  3939.510010  3945.530029  3945.530029    16315813
2023-01-12 09:52:00-05:00  3945.469971  3945.469971  3938.860107  3938.939941  3938.939941    12381322
2023-01-12 09:54:00-05:00  3938.909912  3942.489990  3937.560059  3942.489990  3942.489990    14017259
2023-01-12 09:56:00-05:00  3942.760010  3948.209961  3941.610107  3948.209961  3948.209961    14293110
2023-01-12 09:58:00-05:00  3948.330078  3951.620117  3947.469971  3949.389893  3949.389893    14279368
2023-01-12 10:00:00-05:00  3950.659912  3959.429932  3950.449951  3958.669922  3958.669922    17859836
2023-01-12 10:02:00-05:00  3958.379883  3960.090088  3956.429932  3956.429932  3956.429932    12791510
2023-01-12 10:04:00-05:00  3956.290039  3961.330078  3955.719971  3960.439941  3960.439941    14140497
2023-01-12 10:06:00-05:00  3959.989990  3963.860107  3957.669922  3957.669922  3957.669922    12743766
2023-01-12 10:08:00-05:00  3957.739990  3959.179932  3952.760010  3957.340088  3957.340088    13918509
2023-01-12 10:10:00-05:00  3957.530029  3970.389893  3957.530029  3970.139893  3970.139893    14315055
2023-01-12 10:12:00-05:00  3970.050049  3980.000000  3969.870117  3977.030029  3977.030029    17643720
2023-01-12 10:14:00-05:00  3977.110107  3979.629883  3974.370117  3979.219971  3979.219971    12689014
2023-01-12 10:16:00-05:00  3979.639893  3980.719971  3978.139893  3978.449951  3978.449951    11719550
2023-01-12 10:18:00-05:00  3978.489990  3981.949951  3976.860107  3978.830078  3978.830078    13990207
2023-01-12 10:20:00-05:00  3978.870117  3981.000000  3976.909912  3977.179932  3977.179932    11709989
2023-01-12 10:22:00-05:00  3977.189941  3978.159912  3973.330078  3974.679932  3974.679932    11880409
2023-01-12 10:24:00-05:00  3974.780029  3979.810059  3972.939941  3979.810059  3979.810059    10947069
2023-01-12 10:26:00-05:00  3979.669922  3980.159912  3974.360107  3974.360107  3974.360107    10184781
2023-01-12 10:28:00-05:00  3974.300049  3974.959961  3970.149902  3973.600098  3973.600098    11426581
2023-01-12 10:30:00-05:00  3973.239990  3973.520020  3966.280029  3967.729980  3967.729980    11717217
2023-01-12 10:32:00-05:00  3967.750000  3974.810059  3967.750000  3972.750000  3972.750000    11016517
2023-01-12 10:34:00-05:00  3972.699951  3978.899902  3971.909912  3978.629883  3978.629883    12039892
2023-01-12 10:36:00-05:00  3978.429932  3981.169922  3977.639893  3980.879883  3980.879883     9399576
2023-01-12 10:38:00-05:00  3980.820068  3981.070068  3979.810059  3980.510010  3980.510010     4386807