                                   Open      High       Low     Close  Adj Close  Volume
Datetime                                                                                
2023-02-19 18:00:00-05:00  12380.000000  12383.25  12353.75  12357.25   12357.25     772
2023-02-19 18:05:00-05:00  12358.000000  12361.25  12347.75  12352.00   12352.00     691
2023-02-19 18:10:00-05:00  12352.750000  12358.25  12349.50  12357.75   12357.75     406
2023-02-19 18:15:00-05:00  12358.000000  12358.50  12346.50  12353.00   12353.00     410
2023-02-19 18:20:00-05:00  12353.250000  12360.25  12351.25  12358.75   12358.75     300
2023-02-19 18:25:00-05:00  12359.250000  12361.75  12354.75  12358.00   12358.00     255
2023-02-19 18:30:00-05:00  12357.250000  12361.75  12356.00  12356.75   12356.75     279
2023-02-19 18:35:00-05:00  12357.000000  12359.25  12353.50  12355.75   12355.75     168
2023-02-19 18:40:00-05:00  12356.250000  12359.50  12354.00  12358.00   12358.00     172
2023-02-19 18:45:00-05:00  12359.000000  12360.50  12356.00  12357.75   12357.75     173
2023-02-19 18:50:00-05:00  12358.000000  12359.00  12355.25  12358.00   12358.00     103
2023-02-19 18:55:00-05:00  12359.000000  12360.00  12356.00  12359.75   12359.75     103
2023-02-19 19:00:00-05:00  12359.250000  12360.50  12351.00  12353.50   12353.50     355
2023-02-19 19:05:00-05:00  12353.500000  12355.75  12351.50  12352.25   12352.25     236
2023-02-19 19:10:00-05:00  12352.500000  12356.00  12351.50  12351.75   12351.75     152
2023-02-19 19:15:00-05:00  12351.750000  12352.25  12348.00  12349.00   12349.00     329
2023-02-19 19:20:00-05:00  12349.500000  12350.25  12346.75  12350.25   12350.25     244
2023-02-19 19:25:00-05:00  12350.250000  12355.00  12349.75  12353.25   12353.25     200
2023-02-19 19:30:00-05:00  12353.750000  12358.00  12352.00  12357.00   12357.00     219
2023-02-19 19:35:00-05:00  12356.750000  12358.50  12352.75  12353.75   12353.75     164
2023-02-19 19:40:00-05:00  12354.250000  12356.25  12353.25  12353.25   12353.25      95
2023-02-19 19:45:00-05:00  12353.000000  12355.50  12351.75  12355.00   12355.00      98
2023-02-19 19:50:00-05:00  12356.000000  12356.25  12349.00  12350.75   12350.75     185
2023-02-19 19:55:00-05:00  12352.000000  12355.00  12350.00  12354.75   12354.75     155
2023-02-19 20:00:00-05:00  12354.500000  12357.00  12352.50  12355.50   12355.50     154
2023-02-19 20:05:00-05:00  12356.500000  12368.50  12356.50  12367.25   12367.25     583
2023-02-19 20:10:00-05:00  12368.000000  12368.00  12364.00  12364.75   12364.75     216
2023-02-19 20:15:00-05:00  12364.750000  12372.00  12364.75  12370.75   12370.75     288
2023-02-19 20:20:00-05:00  12370.750000  12375.75  12369.00  12371.00   12371.00     334
2023-02-19 20:25:00-05:00  12370.000000  12372.25  12367.75  12370.75   12370.75     203
2023-02-19 20:30:00-05:00  12371.000000  12375.50  12371.00  12372.50   12372.50     140
2023-02-19 20:35:00-05:00  12372.250000  12375.50  12367.50  12368.25   12368.25     213
2023-02-19 20:40:00-05:00  12369.500000  12375.00  12368.00  12373.75   12373.75     137
2023-02-19 20:45:00-05:00  12372.500000  12372.50  12367.25  12371.50   12371.50     185
2023-02-19 20:50:00-05:00  12372.500000  12372.50  12368.00  12368.00   12368.00     137
2023-02-19 20:55:00-05:00  12369.000000  12371.75  12367.25  12369.25   12369.25     164
2023-02-19 21:00:00-05:00  12369.500000  12372.00  12367.25  12367.75   12367.75     141
2023-02-19 21:05:00-05:00  12367.500000  12372.00  12366.25  12370.00   12370.00     146
2023-02-19 21:10:00-05:00  12370.250000  12372.00  12368.50  12372.00   12372.00     123
2023-02-19 21:15:00-05:00  12372.000000  12375.75  12371.00  12372.50   12372.50     196
2023-02-19 21:20:00-05:00  12372.000000  12376.25  12372.00  12374.50   12374.50     185
2023-02-19 21:25:00-05:00  12374.000000  12376.00  12373.75  12373.75   12373.75     108
2023-02-19 21:30:00-05:00  12373.500000  12378.50  12373.50  12378.00   12378.00     219
2023-02-19 21:35:00-05:00  12378.000000  12384.25  12377.50  12381.50   12381.50     418
2023-02-19 21:40:00-05:00  12382.250000  12383.75  12380.25  12383.00   12383.00     149
2023-02-19 21:45:00-05:00  12383.250000  12390.00  12383.25  12386.25   12386.25     570
2023-02-19 21:50:00-05:00  12386.000000  12392.00  12386.00  12387.50   12387.50     420
2023-02-19 21:55:00-05:00  12388.000000  12389.75  12386.25  12389.00   12389.00     181
2023-02-19 22:00:00-05:00  12389.500000  12390.75  12385.50  12386.50   12386.50     170
2023-02-19 22:05:00-05:00  12386.500000  12389.00  12384.50  12385.50   12385.50     142
2023-02-19 22:10:00-05:00  12384.750000  12387.00  12383.00  12386.00   12386.00     177
2023-02-19 22:15:00-05:00  12385.500000  12386.25  12383.75  12385.00   12385.00     108
2023-02-19 22:20:00-05:00  12384.500000  12385.25  12383.75  12385.25   12385.25      91
2023-02-19 22:25:00-05:00  12385.000000  12391.25  12383.75  12390.75   12390.75     200
2023-02-19 22:30:00-05:00  12390.000000  12391.50  12387.00  12391.00   12391.00     225
2023-02-19 22:35:00-05:00  12392.000000  12399.00  12390.75  12393.25   12393.25     602
2023-02-19 22:40:00-05:00  12393.000000  12394.50  12392.00  12393.00   12393.00     107
2023-02-19 22:45:00-05:00  12393.500000  12397.00  12392.00  12396.25   12396.25     138
2023-02-19 22:50:00-05:00  12395.500000  12395.75  12392.00  12394.00   12394.00     115
2023-02-19 22:55:00-05:00  12393.750000  12393.75  12390.25  12391.75   12391.75     106
2023-02-19 23:00:00-05:00  12391.000000  12394.25  12390.75  12394.25   12394.25     120
2023-02-19 23:05:00-05:00  12393.500000  12394.25  12391.50  12394.00   12394.00      84
2023-02-19 23:10:00-05:00  12393.500000  12396.75  12393.50  12395.75   12395.75      95
2023-02-19 23:15:00-05:00  12396.000000  12398.00  12394.75  12395.00   12395.00     122
2023-02-19 23:20:00-05:00  12394.750000  12406.50  12394.75  12404.00   12404.00     489
2023-02-19 23:25:00-05:00  12403.250000  12403.75  12400.50  12401.50   12401.50     226
2023-02-19 23:30:00-05:00  12401.000000  12402.00  12398.50  12401.00   12401.00      94
2023-02-19 23:35:00-05:00  12400.500000  12400.50  12398.25  12399.00   12399.00      88
2023-02-19 23:40:00-05:00  12399.000000  12399.75  12392.75  12393.50   12393.50     288
2023-02-19 23:45:00-05:00  12393.250000  12396.25  12392.25  12394.75   12394.75     110
2023-02-19 23:50:00-05:00  12394.250000  12395.25  12392.75  12393.50   12393.50      94
2023-02-19 23:55:00-05:00  12393.250000  12395.00  12392.25  12393.75   12393.75      59
2023-02-21 00:00:00-05:00  12345.500000  12346.00  12344.00  12345.50   12345.50      86
2023-02-21 00:05:00-05:00  12346.000000  12360.50  12345.25  12357.00   12357.00     635
2023-02-21 00:10:00-05:00  12357.250000  12358.25  12351.00  12352.25   12352.25     332
2023-02-21 00:15:00-05:00  12352.000000  12353.00  12347.25  12349.00   12349.00     205
2023-02-21 00:20:00-05:00  12348.500000  12348.75  12343.75  12345.75   12345.75     322
2023-02-21 00:25:00-05:00  12345.500000  12345.50  12341.00  12342.00   12342.00     209
2023-02-21 00:30:00-05:00  12342.250000  12344.00  12340.50  12341.25   12341.25     213
2023-02-21 00:35:00-05:00  12341.000000  12346.50  12341.00  12344.00   12344.00     220
2023-02-21 00:40:00-05:00  12344.250000  12348.25  12343.75  12345.75   12345.75     198
2023-02-21 00:45:00-05:00  12345.750000  12346.25  12340.75  12344.00   12344.00     183
2023-02-21 00:50:00-05:00  12344.500000  12352.75  12343.50  12350.50   12350.50     260
2023-02-21 00:55:00-05:00  12350.250000  12353.00  12349.75  12350.50   12350.50     160
2023-02-21 01:00:00-05:00  12350.250000  12351.25  12347.00  12348.75   12348.75     226
2023-02-21 01:05:00-05:00  12349.500000  12350.75  12348.00  12349.00   12349.00      82
2023-02-21 01:10:00-05:00  12348.000000  12350.75  12348.00  12349.75   12349.75     100
2023-02-21 01:15:00-05:00  12349.750000  12351.75  12348.75  12350.75   12350.75     135
2023-02-21 01:20:00-05:00  12350.250000  12354.75  12350.25  12354.25   12354.25     243
2023-02-21 01:25:00-05:00  12353.500000  12355.50  12352.25  12353.50   12353.50     172
2023-02-21 01:30:00-05:00  12353.500000  12353.75  12350.75  12353.00   12353.00     134
2023-02-21 01:35:00-05:00  12351.750000  12352.50  12347.25  12348.25   12348.25     115
2023-02-21 01:40:00-05:00  12348.750000  12351.00  12345.75  12346.50   12346.50     148
2023-02-21 01:45:00-05:00  12346.750000  12350.75  12346.00  12349.50   12349.50     121
2023-02-21 01:50:00-05:00  12350.000000  12353.25  12349.25  12351.50   12351.50     263
2023-02-21 01:55:00-05:00  12351.750000  12357.75  12351.25  12354.25   12354.25     346
2023-02-21 02:00:00-05:00  12354.500000  12355.00  12344.00  12345.75   12345.75     528
2023-02-21 02:05:00-05:00  12345.750000  12346.25  12323.75  12327.00   12327.00    1220
2023-02-21 02:10:00-05:00  12327.000000  12335.25  12326.25  12330.50   12330.50     659
2023-02-21 02:15:00-05:00  12329.500000  12329.50  12321.00  12323.25   12323.25     653
2023-02-21 02:20:00-05:00  12323.000000  12329.25  12322.75  12327.75   12327.75     303
2023-02-21 02:25:00-05:00  12328.000000  12328.50  12322.25  12327.50   12327.50     274
2023-02-21 02:30:00-05:00  12326.500000  12332.00  12322.25  12328.75   12328.75     446
2023-02-21 02:35:00-05:00  12328.250000  12332.00  12326.25  12329.00   12329.00     159
2023-02-21 02:40:00-05:00  12328.500000  12332.25  12328.25  12331.25   12331.25     132
2023-02-21 02:45:00-05:00  12331.750000  12332.50  12319.25  12323.50   12323.50     555
2023-02-21 02:50:00-05:00  12323.000000  12331.25  12322.50  12328.75   12328.75     256
2023-02-21 02:55:00-05:00  12328.750000  12329.25  12319.50  12320.00   12320.00     397
2023-02-21 03:00:00-05:00  12319.750000  12328.00  12314.75  12320.00   12320.00     920
2023-02-21 03:05:00-05:00  12321.000000  12333.75  12320.00  12327.25   12327.25     887
2023-02-21 03:10:00-05:00  12328.000000  12329.50  12314.00  12317.25   12317.25     911
2023-02-21 03:15:00-05:00  12316.500000  12317.00  12297.00  12303.75   12303.75    1566
2023-02-21 03:20:00-05:00  12303.250000  12306.50  12292.75  12301.00   12301.00    1190
2023-02-21 03:25:00-05:00  12301.250000  12310.00  12292.00  12296.75   12296.75    1300
2023-02-21 03:30:00-05:00  12295.750000  12302.00  12295.50  12296.50   12296.50     181
2023-02-21 03:40:00-05:00  12276.200195  12282.00  12268.00  12275.50   12275.50    4307
2023-02-21 03:45:00-05:00  12274.750000  12275.50  12233.00  12242.00   12242.00    3971
2023-02-21 03:50:00-05:00  12242.000000  12243.00  12230.25  12242.00   12242.00    1651
2023-02-21 03:55:00-05:00  12241.000000  12243.50  12228.00  12233.00   12233.00    1325
2023-02-21 04:00:00-05:00  12233.750000  12237.75  12229.00  12237.50   12237.50    1678
2023-02-21 04:05:00-05:00  12236.000000  12248.25  12232.00  12241.50   12241.50    1589
2023-02-21 04:10:00-05:00  12241.750000  12262.25  12239.25  12255.00   12255.00    1846
2023-02-21 04:15:00-05:00  12254.750000  12264.25  12246.75  12248.00   12248.00    1211
2023-02-21 04:20:00-05:00  12248.250000  12251.00  12230.00  12242.00   12242.00    1591
2023-02-21 04:25:00-05:00  12241.750000  12264.00  12241.25  12256.50   12256.50    1468
2023-02-21 04:30:00-05:00  12255.750000  12273.50  12252.00  12267.75   12267.75    1443
2023-02-21 04:35:00-05:00  12267.750000  12275.75  12257.00  12269.50   12269.50    1246
2023-02-21 04:40:00-05:00  12269.500000  12281.25  12268.25  12277.50   12277.50    1068
2023-02-21 04:45:00-05:00  12277.000000  12282.00  12268.00  12279.00   12279.00     875
2023-02-21 04:50:00-05:00  12278.000000  12318.00  12275.75  12308.75   12308.75    2433
2023-02-21 04:55:00-05:00  12309.000000  12312.75  12293.50  12293.50   12293.50    1406
2023-02-21 05:00:00-05:00  12293.250000  12299.75  12284.75  12286.00   12286.00    1247
2023-02-21 05:05:00-05:00  12286.000000  12289.00  12282.75  12287.00   12287.00     526
2023-02-21 05:10:00-05:00  12287.500000  12292.00  12281.00  12282.75   12282.75     615
2023-02-21 05:15:00-05:00  12282.000000  12282.00  12273.75  12276.50   12276.50     851
2023-02-21 05:20:00-05:00  12276.750000  12285.00  12276.75  12276.75   12276.75     529
2023-02-21 05:25:00-05:00  12276.500000  12284.50  12267.00  12282.25   12282.25    1145
2023-02-21 05:30:00-05:00  12282.250000  12284.50  12279.00  12279.50   12279.50     112
2023-02-21 05:40:00-05:00  12278.500000  12284.25  12276.50  12278.00   12278.00    1221
2023-02-21 05:45:00-05:00  12278.250000  12282.50  12273.50  12279.25   12279.25     585
2023-02-21 05:50:00-05:00  12278.750000  12290.50  12276.75  12276.75   12276.75     800
2023-02-21 05:55:00-05:00  12276.500000  12277.75  12264.75  12266.75   12266.75     920
2023-02-21 06:00:00-05:00  12267.250000  12275.50  12258.75  12268.00   12268.00    1234
2023-02-21 06:05:00-05:00  12268.000000  12276.75  12265.00  12270.50   12270.50     615
2023-02-21 06:10:00-05:00  12271.250000  12275.75  12268.00  12271.25   12271.25     433
2023-02-21 06:15:00-05:00  12271.000000  12285.25  12270.50  12285.00   12285.00     812
2023-02-21 06:20:00-05:00  12285.000000  12292.00  12280.75  12288.25   12288.25     846
2023-02-21 06:25:00-05:00  12288.000000  12290.75  12282.25  12284.00   12284.00     399
2023-02-21 06:30:00-05:00  12283.750000  12287.50  12278.75  12280.75   12280.75     426
2023-02-21 06:35:00-05:00  12280.750000  12289.75  12280.75  12289.00   12289.00     498
2023-02-21 06:40:00-05:00  12288.750000  12289.25  12280.50  12281.75   12281.75     366
2023-02-21 06:45:00-05:00  12282.000000  12292.00  12280.25  12285.25   12285.25     701
2023-02-21 06:50:00-05:00  12285.500000  12289.75  12282.00  12283.75   12283.75     575
2023-02-21 06:55:00-05:00  12284.500000  12285.25  12275.50  12283.00   12283.00     631
2023-02-21 07:00:00-05:00  12282.500000  12285.75  12268.75  12273.00   12273.00    1489
2023-02-21 07:05:00-05:00  12272.750000  12273.00  12253.00  12258.50   12258.50    1109
2023-02-21 07:10:00-05:00  12258.750000  12263.75  12255.25  12261.75   12261.75     961
2023-02-21 07:15:00-05:00  12261.500000  12265.00  12258.00  12258.00   12258.00     693
2023-02-21 07:20:00-05:00  12258.500000  12263.75  12251.50  12252.75   12252.75    1186
2023-02-21 07:25:00-05:00  12253.000000  12261.50  12249.00  12260.00   12260.00    1075
2023-02-21 07:30:00-05:00  12260.000000  12272.00  12258.75  12267.00   12267.00     906
2023-02-21 07:35:00-05:00  12267.250000  12273.50  12264.75  12270.00   12270.00     741
2023-02-21 07:40:00-05:00  12269.750000  12270.50  12259.50  12266.00   12266.00     681
2023-02-21 07:45:00-05:00  12266.250000  12274.50  12265.00  12271.50   12271.50     526
2023-02-21 07:50:00-05:00  12271.750000  12275.75  12268.75  12271.75   12271.75     783
2023-02-21 07:55:00-05:00  12271.750000  12272.75  12263.50  12263.50   12263.50     556
2023-02-21 08:00:00-05:00  12263.500000  12265.25  12252.00  12255.00   12255.00    1478
2023-02-21 08:05:00-05:00  12255.250000  12256.00  12249.25  12250.25   12250.25     969
2023-02-21 08:10:00-05:00  12250.750000  12259.25  12246.25  12252.00   12252.00    1271
2023-02-21 08:15:00-05:00  12251.750000  12262.00  12250.25  12259.00   12259.00     808
2023-02-21 08:20:00-05:00  12259.250000  12260.00  12245.75  12250.50   12250.50    1178
2023-02-21 08:25:00-05:00  12250.250000  12251.75  12241.00  12250.25   12250.25    1394
2023-02-21 08:30:00-05:00  12250.000000  12266.50  12250.00  12264.00   12264.00    1747
2023-02-21 08:35:00-05:00  12263.250000  12266.00  12253.25  12256.00   12256.00    1056
2023-02-21 08:40:00-05:00  12255.750000  12263.25  12244.25  12245.50   12245.50    1615
2023-02-21 08:45:00-05:00  12245.750000  12256.50  12242.50  12255.25   12255.25    1487
2023-02-21 08:50:00-05:00  12254.750000  12255.75  12239.25  12245.75   12245.75    1733
2023-02-21 08:55:00-05:00  12246.250000  12251.50  12239.50  12240.50   12240.50    1031
2023-02-21 09:00:00-05:00  12240.500000  12246.50  12237.25  12243.00   12243.00    1428
2023-02-21 09:05:00-05:00  12243.000000  12252.50  12243.00  12245.50   12245.50    1053
2023-02-21 09:10:00-05:00  12245.500000  12247.00  12237.50  12243.75   12243.75    1381
2023-02-21 09:15:00-05:00  12244.000000  12250.00  12238.25  12239.75   12239.75    1149
2023-02-21 09:20:00-05:00  12239.250000  12247.00  12235.50  12241.25   12241.25    1271
2023-02-21 09:25:00-05:00  12241.000000  12241.00  12224.50  12228.50   12228.50    3600
2023-02-21 09:30:00-05:00  12229.000000  12252.25  12220.50  12248.25   12248.25   13945
2023-02-21 09:35:00-05:00  12248.750000  12267.50  12245.00  12267.25   12267.25    9431
2023-02-21 09:40:00-05:00  12267.500000  12288.75  12263.75  12280.50   12280.50    8404
2023-02-21 09:45:00-05:00  12280.000000  12290.00  12245.25  12251.00   12251.00   14491
2023-02-21 09:50:00-05:00  12252.250000  12268.50  12226.50  12252.25   12252.25   12237
2023-02-21 09:55:00-05:00  12252.750000  12264.75  12216.50  12228.50   12228.50   10208
2023-02-21 10:00:00-05:00  12228.250000  12241.50  12214.00  12222.25   12222.25    9949
2023-02-21 10:05:00-05:00  12222.500000  12238.50  12210.50  12217.50   12217.50    8687
2023-02-21 10:10:00-05:00  12217.500000  12224.50  12184.00  12191.00   12191.00   12443
2023-02-21 10:15:00-05:00  12191.500000  12205.25  12184.25  12200.75   12200.75    7987
2023-02-21 10:20:00-05:00  12200.500000  12217.25  12192.00  12202.50   12202.50    6665
2023-02-21 10:25:00-05:00  12202.250000  12202.50  12181.75  12186.75   12186.75    7294
2023-02-21 10:30:00-05:00  12187.000000  12203.75  12181.00  12197.25   12197.25    6699
2023-02-21 10:35:00-05:00  12197.250000  12216.50  12192.75  12196.25   12196.25    6786
2023-02-21 10:40:00-05:00  12196.750000  12228.00  12195.50  12202.50   12202.50    8197
2023-02-21 10:45:00-05:00  12202.500000  12214.75  12186.50  12195.25   12195.25    5939
2023-02-21 10:50:00-05:00  12195.000000  12202.50  12182.00  12185.50   12185.50    5056
2023-02-21 10:55:00-05:00  12185.250000  12192.50  12180.50  12186.75   12186.75    4182
2023-02-21 11:00:00-05:00  12188.000000  12204.00  12186.75  12188.50   12188.50    5033
2023-02-21 11:05:00-05:00  12189.000000  12189.75  12173.00  12173.50   12173.50    6775
2023-02-21 11:10:00-05:00  12174.000000  12183.00  12168.00  12182.50   12182.50    5563
2023-02-21 11:15:00-05:00  12182.500000  12187.50  12164.75  12170.25   12170.25    5259
2023-02-21 11:20:00-05:00  12169.500000  12175.75  12164.00  12168.75   12168.75    3747
2023-02-21 11:25:00-05:00  12168.250000  12177.25  12155.50  12161.25   12161.25    6070
2023-02-21 11:30:00-05:00  12161.250000  12168.50  12146.25  12156.00   12156.00    7623
2023-02-21 11:35:00-05:00  12156.250000  12171.25  12154.00  12154.00   12154.00    6231
2023-02-21 11:40:00-05:00  12154.500000  12174.00  12149.25  12169.25   12169.25    4620
2023-02-21 11:45:00-05:00  12169.750000  12175.25  12163.00  12167.00   12167.00    3615
2023-02-21 11:50:00-05:00  12167.000000  12167.00  12152.50  12157.50   12157.50    3404
2023-02-21 11:55:00-05:00  12157.000000  12162.50  12144.75  12151.00   12151.00    3589
2023-02-21 12:00:00-05:00  12150.500000  12158.50  12145.25  12150.00   12150.00    3166
2023-02-21 12:05:00-05:00  12150.000000  12165.50  12150.00  12158.25   12158.25    2953
2023-02-21 12:10:00-05:00  12158.750000  12159.50  12143.25  12152.00   12152.00    3154
2023-02-21 12:15:00-05:00  12152.000000  12160.00  12144.00  12159.50   12159.50    3340
2023-02-21 12:20:00-05:00  12159.500000  12164.75  12152.00  12155.75   12155.75    2428
2023-02-21 12:25:00-05:00  12155.750000  12155.75  12142.75  12144.75   12144.75    3297
2023-02-21 12:30:00-05:00  12145.500000  12156.75  12141.25  12155.50   12155.50    3125
2023-02-21 12:35:00-05:00  12154.750000  12161.50  12147.00  12155.50   12155.50    2572
2023-02-21 12:40:00-05:00  12155.000000  12163.25  12149.00  12154.50   12154.50    2268
2023-02-21 12:45:00-05:00  12154.750000  12162.50  12149.25  12160.50   12160.50    2159
2023-02-21 12:50:00-05:00  12160.250000  12171.00  12157.75  12167.75   12167.75    2912
2023-02-21 12:55:00-05:00  12168.250000  12174.50  12163.25  12171.00   12171.00    2314
2023-02-21 13:00:00-05:00  12171.500000  12174.50  12165.50  12172.25   12172.25    2400
2023-02-21 13:05:00-05:00  12172.250000  12175.00  12156.75  12158.75   12158.75    2954
2023-02-21 13:10:00-05:00  12158.750000  12160.50  12146.50  12148.50   12148.50    3453
2023-02-21 13:15:00-05:00  12148.750000  12155.75  12145.00  12149.00   12149.00    2570
2023-02-21 13:20:00-05:00  12149.000000  12158.50  12145.75  12149.75   12149.75    1866
2023-02-21 13:25:00-05:00  12150.500000  12153.00  12137.00  12146.75   12146.75    4495
2023-02-21 13:30:00-05:00  12147.000000  12147.75  12135.00  12135.25   12135.25    3559
2023-02-21 13:35:00-05:00  12135.750000  12141.75  12134.75  12135.75   12135.75    2533
2023-02-21 13:40:00-05:00  12135.750000  12145.00  12132.50  12142.00   12142.00    3084
2023-02-21 13:45:00-05:00  12142.250000  12151.50  12139.50  12140.50   12140.50    2504
2023-02-21 13:50:00-05:00  12140.250000  12141.50  12133.50  12137.25   12137.25    2401
2023-02-21 13:55:00-05:00  12136.750000  12138.50  12132.50  12138.00   12138.00    1845
2023-02-21 14:00:00-05:00  12138.250000  12139.00  12126.00  12131.25   12131.25    3903
2023-02-21 14:05:00-05:00  12131.000000  12134.00  12122.25  12124.75   12124.75    3353
2023-02-21 14:10:00-05:00  12124.250000  12126.00  12116.25  12122.00   12122.00    5169
2023-02-21 14:15:00-05:00  12122.500000  12125.75  12108.75  12109.25   12109.25    4128
2023-02-21 14:20:00-05:00  12109.250000  12114.75  12106.50  12110.00   12110.00    4241
2023-02-21 14:25:00-05:00  12110.000000  12127.50  12107.50  12119.50   12119.50    4650
2023-02-21 14:30:00-05:00  12119.500000  12133.50  12115.50  12132.75   12132.75    4453
2023-02-21 14:35:00-05:00  12133.250000  12137.00  12122.00  12132.50   12132.50    3681
2023-02-21 14:40:00-05:00  12132.500000  12140.75  12118.00  12137.25   12137.25    4885
2023-02-21 14:45:00-05:00  12138.000000  12145.25  12131.50  12136.75   12136.75    2995
2023-02-21 14:50:00-05:00  12136.000000  12136.50  12123.50  12129.25   12129.25    2522
2023-02-21 14:55:00-05:00  12129.500000  12134.25  12116.50  12124.00   12124.00    2810
2023-02-21 15:00:00-05:00  12124.500000  12139.50  12118.00  12139.00   12139.00    3322
2023-02-21 15:05:00-05:00  12139.500000  12141.50  12116.50  12118.00   12118.00    3391
2023-02-21 15:10:00-05:00  12118.000000  12120.25  12109.00  12110.75   12110.75    3662
2023-02-21 15:15:00-05:00  12111.000000  12117.00  12105.25  12110.75   12110.75    2954
2023-02-21 15:20:00-05:00  12110.500000  12120.75  12102.25  12117.50   12117.50    3611
2023-02-21 15:25:00-05:00  12117.500000  12119.75  12101.75  12110.25   12110.25    3923
2023-02-21 15:30:00-05:00  12110.250000  12128.00  12109.50  12126.00   12126.00    5213
2023-02-21 15:35:00-05:00  12125.750000  12128.00  12103.75  12108.25   12108.25    3982
2023-02-21 15:40:00-05:00  12108.250000  12113.25  12101.00  12112.25   12112.25    4279
2023-02-21 15:45:00-05:00  12112.500000  12125.75  12110.50  12120.50   12120.50    4743
2023-02-21 15:50:00-05:00  12119.750000  12127.50  12097.75  12102.75   12102.75    9380
2023-02-21 15:55:00-05:00  12103.250000  12111.00  12090.25  12098.00   12098.00   18992
2023-02-21 16:00:00-05:00  12099.000000  12116.50  12098.25  12116.50   12116.50    6792
2023-02-21 16:05:00-05:00  12116.000000  12118.50  12107.50  12109.00   12109.00    2191
2023-02-21 16:10:00-05:00  12109.250000  12115.25  12108.75  12112.00   12112.00    1481
2023-02-21 16:15:00-05:00  12112.000000  12113.00  12107.00  12108.75   12108.75     461
2023-02-21 16:20:00-05:00  12108.250000  12117.00  12105.50  12112.25   12112.25     728
2023-02-21 16:25:00-05:00  12112.750000  12116.25  12111.25  12112.25   12112.25     297
2023-02-21 16:30:00-05:00  12112.000000  12115.25  12110.25  12111.00   12111.00     271
2023-02-21 16:35:00-05:00  12111.000000  12113.25  12108.00  12109.25   12109.25     212
2023-02-21 16:40:00-05:00  12109.250000  12111.25  12107.25  12109.00   12109.00     248
2023-02-21 16:45:00-05:00  12109.000000  12111.75  12107.25  12109.50   12109.50     246
2023-02-21 16:50:00-05:00  12110.000000  12112.50  12109.00  12112.00   12112.00     208
2023-02-21 16:55:00-05:00  12111.750000  12114.25  12111.00  12111.50   12111.50     355
2023-02-21 18:00:00-05:00  12108.000000  12113.25  12102.00  12110.75   12110.75       0
2023-02-21 18:05:00-05:00  12112.500000  12113.00  12106.50  12107.00   12107.00     371
2023-02-21 18:10:00-05:00  12107.500000  12109.50  12103.25  12105.00   12105.00     231
2023-02-21 18:15:00-05:00  12104.750000  12107.25  12101.50  12101.75   12101.75     260
2023-02-21 18:20:00-05:00  12101.750000  12108.25  12098.25  12106.25   12106.25     563
2023-02-21 18:25:00-05:00  12106.000000  12109.75  12105.50  12109.25   12109.25     169
2023-02-21 18:30:00-05:00  12109.250000  12112.50  12103.25  12104.00   12104.00     449
2023-02-21 18:35:00-05:00  12103.500000  12110.00  12103.00  12108.75   12108.75     166
2023-02-21 18:40:00-05:00  12107.750000  12111.50  12104.50  12111.25   12111.25     222
2023-02-21 18:45:00-05:00  12110.250000  12112.25  12104.00  12106.00   12106.00     328
2023-02-21 18:50:00-05:00  12106.000000  12111.00  12106.00  12108.00   12108.00     165
2023-02-21 18:55:00-05:00  12108.000000  12117.00  12107.75  12114.25   12114.25     458
2023-02-21 19:00:00-05:00  12113.500000  12123.50  12113.50  12120.50   12120.50     768
2023-02-21 19:05:00-05:00  12120.500000  12122.00  12117.75  12120.00   12120.00     307
2023-02-21 19:10:00-05:00  12119.000000  12119.00  12111.00  12115.50   12115.50     377
2023-02-21 19:15:00-05:00  12114.750000  12116.25  12112.00  12114.75   12114.75     214
2023-02-21 19:20:00-05:00  12114.000000  12114.75  12110.50  12113.00   12113.00     234
2023-02-21 19:25:00-05:00  12113.000000  12115.75  12109.00  12115.50   12115.50     305
2023-02-21 19:30:00-05:00  12116.000000  12123.00  12111.75  12111.75   12111.75     604
2023-02-21 19:35:00-05:00  12112.500000  12113.75  12109.25  12109.75   12109.75     360
2023-02-21 19:40:00-05:00  12109.750000  12113.50  12108.25  12112.00   12112.00     335
2023-02-21 19:45:00-05:00  12111.500000  12118.50  12111.25  12118.50   12118.50     280
2023-02-21 19:50:00-05:00  12118.500000  12119.25  12114.75  12118.50   12118.50     423
2023-02-21 19:55:00-05:00  12118.500000  12122.75  12117.00  12122.00   12122.00     415
2023-02-21 20:00:00-05:00  12122.500000  12122.75  12116.75  12117.50   12117.50     316
2023-02-21 20:05:00-05:00  12117.250000  12121.00  12114.50  12115.25   12115.25     308
2023-02-21 20:10:00-05:00  12115.500000  12119.75  12113.00  12119.50   12119.50     222
2023-02-21 20:15:00-05:00  12119.750000  12127.50  12119.00  12121.00   12121.00     587
2023-02-21 20:20:00-05:00  12121.250000  12125.50  12121.25  12122.00   12122.00     322
2023-02-21 20:25:00-05:00  12121.750000  12129.75  12119.50  12128.50   12128.50     511
2023-02-21 20:30:00-05:00  12128.750000  12130.00  12122.00  12123.75   12123.75     515
2023-02-21 20:35:00-05:00  12123.250000  12126.00  12121.50  12125.50   12125.50     339
2023-02-21 20:40:00-05:00  12125.250000  12125.25  12118.00  12120.50   12120.50     287
2023-02-21 20:45:00-05:00  12120.750000  12121.50  12116.25  12116.75   12116.75     210
2023-02-21 20:50:00-05:00  12116.750000  12119.50  12114.50  12117.50   12117.50     249
2023-02-21 20:55:00-05:00  12118.250000  12125.75  12116.50  12122.25   12122.25     306
2023-02-21 21:00:00-05:00  12122.250000  12126.50  12120.75  12121.25   12121.25     288
2023-02-21 21:05:00-05:00  12121.250000  12127.00  12119.25  12124.75   12124.75     296
2023-02-21 21:10:00-05:00  12125.250000  12125.50  12118.50  12119.50   12119.50     211
2023-02-21 21:15:00-05:00  12119.750000  12123.25  12119.25  12122.50   12122.50     140
2023-02-21 21:20:00-05:00  12122.250000  12128.25  12122.00  12127.00   12127.00     292
2023-02-21 21:25:00-05:00  12126.500000  12133.25  12125.25  12130.50   12130.50     663
2023-02-21 21:30:00-05:00  12130.750000  12132.00  12126.75  12129.75   12129.75     301
2023-02-21 21:35:00-05:00  12130.500000  12132.00  12128.50  12131.25   12131.25     185
2023-02-21 21:40:00-05:00  12131.250000  12139.00  12131.25  12138.00   12138.00     428
2023-02-21 21:45:00-05:00  12138.000000  12138.75  12134.25  12136.25   12136.25     338
2023-02-21 21:50:00-05:00  12136.500000  12142.50  12134.75  12140.75   12140.75     578
2023-02-21 21:55:00-05:00  12140.750000  12143.25  12140.25  12141.75   12141.75     425
2023-02-21 22:00:00-05:00  12142.000000  12142.25  12136.25  12139.00   12139.00     309
2023-02-21 22:05:00-05:00  12139.000000  12141.75  12134.00  12136.25   12136.25     205
2023-02-21 22:10:00-05:00  12137.000000  12138.25  12135.50  12137.50   12137.50     122
2023-02-21 22:15:00-05:00  12137.500000  12140.25  12137.50  12138.25   12138.25     126
2023-02-21 22:20:00-05:00  12139.000000  12141.00  12138.25  12138.50   12138.50     120
2023-02-21 22:25:00-05:00  12138.750000  12139.00  12136.25  12136.50   12136.50      61
2023-02-21 22:30:00-05:00  12136.250000  12137.25  12133.00  12133.25   12133.25     124
2023-02-21 22:35:00-05:00  12133.500000  12135.75  12131.75  12131.75   12131.75     220
2023-02-21 22:40:00-05:00  12131.500000  12135.50  12131.50  12135.25   12135.25     133
2023-02-21 22:45:00-05:00  12135.500000  12139.00  12134.50  12135.00   12135.00     211
2023-02-21 22:50:00-05:00  12136.000000  12138.50  12135.25  12138.00   12138.00     102
2023-02-21 22:55:00-05:00  12138.250000  12139.75  12137.25  12139.00   12139.00     102
2023-02-21 23:00:00-05:00  12139.750000  12140.75  12136.00  12136.50   12136.50     172
2023-02-21 23:05:00-05:00  12136.000000  12136.75  12134.00  12136.75   12136.75     109
2023-02-21 23:10:00-05:00  12135.500000  12136.75  12135.25  12135.25   12135.25      35
2023-02-21 23:15:00-05:00  12135.500000  12137.75  12135.00  12137.25   12137.25      72
2023-02-21 23:20:00-05:00  12136.500000  12137.00  12132.50  12133.00   12133.00     124
2023-02-21 23:25:00-05:00  12132.750000  12136.00  12132.50  12133.50   12133.50     108
2023-02-21 23:30:00-05:00  12133.250000  12133.25  12128.50  12130.00   12130.00     223
2023-02-21 23:35:00-05:00  12130.750000  12134.00  12130.75  12134.00   12134.00      90
2023-02-21 23:40:00-05:00  12134.250000  12134.25  12129.00  12131.00   12131.00     142
2023-02-21 23:45:00-05:00  12131.000000  12131.25  12128.50  12129.25   12129.25     144
2023-02-21 23:50:00-05:00  12129.750000  12129.75  12121.75  12126.25   12126.25     528
2023-02-21 23:55:00-05:00  12126.500000  12129.75  12125.75  12129.00   12129.00      78
2023-02-22 00:00:00-05:00  12128.750000  12128.75  12128.75  12128.75   12128.75     200
2023-02-22 00:05:00-05:00  12128.750000  12128.75  12126.50  12126.75   12126.75      93
2023-02-22 00:10:00-05:00  12127.500000  12127.75  12121.75  12122.75   12122.75     275
2023-02-22 00:15:00-05:00  12122.750000  12124.25  12120.50  12123.50   12123.50     248
2023-02-22 00:20:00-05:00  12123.500000  12124.75  12122.00  12122.25   12122.25     120
2023-02-22 00:25:00-05:00  12122.000000  12124.50  12119.25  12122.00   12122.00     317
2023-02-22 00:30:00-05:00  12122.000000  12125.00  12121.75  12123.50   12123.50     147
2023-02-22 00:35:00-05:00  12123.500000  12125.00  12122.75  12123.25   12123.25     110
2023-02-22 00:40:00-05:00  12123.250000  12127.75  12122.25  12126.75   12126.75     110
2023-02-22 00:45:00-05:00  12127.500000  12127.50  12125.75  12127.00   12127.00      68
2023-02-22 00:50:00-05:00  12126.250000  12127.25  12120.50  12122.75   12122.75     173
2023-02-22 00:55:00-05:00  12123.000000  12123.75  12120.00  12122.00   12122.00     136
2023-02-22 01:00:00-05:00  12122.000000  12128.75  12120.75  12124.00   12124.00     237
2023-02-22 01:05:00-05:00  12123.750000  12124.00  12120.00  12121.25   12121.25     162
2023-02-22 01:10:00-05:00  12121.500000  12127.50  12121.50  12124.25   12124.25     161
2023-02-22 01:15:00-05:00  12125.000000  12125.00  12121.00  12123.50   12123.50     121
2023-02-22 01:20:00-05:00  12123.750000  12123.75  12120.75  12121.75   12121.75     114
2023-02-22 01:25:00-05:00  12122.000000  12122.25  12110.00  12110.00   12110.00     651
2023-02-22 01:30:00-05:00  12110.500000  12116.25  12110.00  12113.00   12113.00     365
2023-02-22 01:35:00-05:00  12113.500000  12115.75  12113.00  12114.75   12114.75     153
2023-02-22 01:40:00-05:00  12114.750000  12119.00  12114.50  12118.00   12118.00     160
2023-02-22 01:45:00-05:00  12117.750000  12118.00  12114.00  12114.50   12114.50     142
2023-02-22 01:50:00-05:00  12115.000000  12117.75  12115.00  12117.00   12117.00      73
2023-02-22 01:55:00-05:00  12117.000000  12120.25  12115.50  12118.75   12118.75     168
2023-02-22 02:00:00-05:00  12118.500000  12127.00  12118.00  12124.00   12124.00     475
2023-02-22 02:05:00-05:00  12124.750000  12125.50  12105.00  12109.50   12109.50     650
2023-02-22 02:10:00-05:00  12108.750000  12126.00  12107.75  12124.50   12124.50     635
2023-02-22 02:15:00-05:00  12124.750000  12124.75  12116.75  12118.75   12118.75     381
2023-02-22 02:20:00-05:00  12118.750000  12129.25  12117.00  12127.25   12127.25     472
2023-02-22 02:25:00-05:00  12127.250000  12129.50  12123.25  12129.25   12129.25     245
2023-02-22 02:30:00-05:00  12129.750000  12132.75  12125.75  12131.75   12131.75     487
2023-02-22 02:35:00-05:00  12131.750000  12136.75  12131.00  12135.00   12135.00     419
2023-02-22 02:40:00-05:00  12134.000000  12140.50  12133.75  12136.25   12136.25     453
2023-02-22 02:45:00-05:00  12136.500000  12138.75  12133.50  12135.75   12135.75     300
2023-02-22 02:50:00-05:00  12136.250000  12137.25  12131.25  12135.50   12135.50     562
2023-02-22 02:55:00-05:00  12135.750000  12135.75  12123.75  12124.25   12124.25     545
2023-02-22 03:00:00-05:00  12125.000000  12133.50  12117.50  12121.00   12121.00    1087
2023-02-22 03:05:00-05:00  12121.250000  12145.00  12120.50  12127.00   12127.00    1674
2023-02-22 03:10:00-05:00  12126.250000  12127.00  12116.25  12121.75   12121.75     949
2023-02-22 03:15:00-05:00  12122.250000  12129.50  12119.00  12124.50   12124.50     736
2023-02-22 03:20:00-05:00  12124.750000  12129.25  12117.75  12118.75   12118.75     598
2023-02-22 03:25:00-05:00  12117.750000  12122.75  12093.25  12098.00   12098.00    2017
2023-02-22 03:30:00-05:00  12098.500000  12099.50  12096.25  12096.75   12096.75     132
2023-02-22 03:40:00-05:00  12094.500000  12096.25  12066.25  12070.25   12070.25    4725
2023-02-22 03:45:00-05:00  12069.250000  12080.50  12064.50  12075.25   12075.25    1327
2023-02-22 03:50:00-05:00  12074.500000  12092.25  12074.50  12087.00   12087.00    1385
2023-02-22 03:55:00-05:00  12087.750000  12098.00  12086.00  12094.50   12094.50     860
2023-02-22 04:00:00-05:00  12096.000000  12109.50  12095.25  12107.25   12107.25    1541
2023-02-22 04:05:00-05:00  12107.500000  12117.75  12105.00  12109.50   12109.50    1421
2023-02-22 04:10:00-05:00  12109.500000  12114.50  12103.50  12110.75   12110.75     833
2023-02-22 04:15:00-05:00  12112.000000  12112.00  12099.00  12105.25   12105.25     788
2023-02-22 04:20:00-05:00  12105.000000  12117.00  12103.50  12104.50   12104.50     837
2023-02-22 04:25:00-05:00  12104.250000  12107.50  12097.25  12099.00   12099.00     872
2023-02-22 04:30:00-05:00  12098.750000  12101.75  12087.00  12089.75   12089.75     987
2023-02-22 04:35:00-05:00  12090.250000  12091.75  12070.50  12086.25   12086.25    1711
2023-02-22 04:40:00-05:00  12086.250000  12092.75  12080.25  12088.75   12088.75     576
2023-02-22 04:45:00-05:00  12089.750000  12105.25  12089.75  12105.25   12105.25     700
2023-02-22 04:50:00-05:00  12104.500000  12119.75  12104.25  12116.00   12116.00    1187
2023-02-22 04:55:00-05:00  12116.000000  12121.25  12106.50  12110.00   12110.00     977
2023-02-22 05:00:00-05:00  12110.000000  12111.50  12100.50  12105.00   12105.00     580
2023-02-22 05:05:00-05:00  12104.500000  12112.50  12098.50  12099.75   12099.75     619
2023-02-22 05:10:00-05:00  12099.250000  12101.50  12085.25  12086.25   12086.25     749
2023-02-22 05:15:00-05:00  12086.250000  12101.75  12086.25  12099.00   12099.00     896
2023-02-22 05:20:00-05:00  12099.250000  12099.25  12081.50  12091.25   12091.25     867
2023-02-22 05:25:00-05:00  12090.750000  12099.75  12090.75  12092.00   12092.00     526
2023-02-22 05:30:00-05:00  12091.500000  12095.50  12086.75  12089.75   12089.75     493
2023-02-22 05:35:00-05:00  12091.500000  12098.00  12088.75  12097.50   12097.50     457
2023-02-22 05:40:00-05:00  12096.250000  12110.75  12095.25  12106.75   12106.75     848
2023-02-22 05:45:00-05:00  12106.500000  12113.75  12102.00  12103.00   12103.00     570
2023-02-22 05:50:00-05:00  12103.000000  12107.25  12097.50  12102.50   12102.50     377
2023-02-22 05:55:00-05:00  12102.250000  12104.00  12098.50  12101.50   12101.50     242
2023-02-22 06:00:00-05:00  12101.500000  12104.00  12098.00  12103.00   12103.00     288
2023-02-22 06:05:00-05:00  12102.500000  12106.00  12098.25  12103.50   12103.50     326
2023-02-22 06:10:00-05:00  12102.500000  12102.75  12090.75  12092.00   12092.00     544
2023-02-22 06:15:00-05:00  12092.750000  12099.00  12088.50  12093.50   12093.50     614
2023-02-22 06:20:00-05:00  12094.000000  12095.75  12086.75  12093.25   12093.25     530
2023-02-22 06:25:00-05:00  12093.250000  12095.50  12080.75  12083.00   12083.00     903
2023-02-22 06:30:00-05:00  12083.750000  12088.50  12071.00  12075.75   12075.75     812
2023-02-22 06:35:00-05:00  12075.750000  12081.25  12063.25  12069.50   12069.50    1290
2023-02-22 06:40:00-05:00  12069.500000  12074.00  12067.00  12072.75   12072.75     835
2023-02-22 06:45:00-05:00  12073.250000  12081.25  12065.75  12070.75   12070.75     957
2023-02-22 06:50:00-05:00  12071.250000  12092.75  12071.25  12091.00   12091.00    1369
2023-02-22 06:55:00-05:00  12090.000000  12097.00  12088.50  12096.00   12096.00     695
2023-02-22 07:00:00-05:00  12096.000000  12103.25  12090.50  12098.00   12098.00     925
2023-02-22 07:05:00-05:00  12097.750000  12117.00  12095.25  12110.00   12110.00    2296
2023-02-22 07:10:00-05:00  12109.500000  12112.00  12106.00  12110.25   12110.25     775
2023-02-22 07:15:00-05:00  12110.250000  12117.00  12106.00  12116.25   12116.25    1066
2023-02-22 07:20:00-05:00  12116.750000  12140.50  12115.00  12138.25   12138.25    2847
2023-02-22 07:25:00-05:00  12138.750000  12147.00  12134.75  12141.50   12141.50    1825
2023-02-22 07:30:00-05:00  12141.250000  12150.50  12137.75  12147.25   12147.25    1539
2023-02-22 07:35:00-05:00  12147.500000  12160.50  12146.75  12147.25   12147.25    2509
2023-02-22 07:40:00-05:00  12147.000000  12163.25  12143.50  12143.75   12143.75    1937
2023-02-22 07:45:00-05:00  12144.250000  12147.25  12140.00  12143.00   12143.00    1373
2023-02-22 07:50:00-05:00  12142.000000  12143.50  12136.50  12138.75   12138.75     924
2023-02-22 07:55:00-05:00  12138.750000  12149.00  12137.25  12144.25   12144.25    1151
2023-02-22 08:00:00-05:00  12144.250000  12148.00  12134.75  12137.50   12137.50    1513
2023-02-22 08:05:00-05:00  12137.250000  12138.25  12130.25  12134.50   12134.50    1473
2023-02-22 08:10:00-05:00  12134.750000  12135.25  12125.50  12130.25   12130.25    1031
2023-02-22 08:15:00-05:00  12130.750000  12143.25  12128.75  12133.00   12133.00    1136
2023-02-22 08:20:00-05:00  12132.750000  12140.75  12131.75  12138.25   12138.25     818
2023-02-22 08:25:00-05:00  12138.250000  12139.25  12118.75  12120.25   12120.25    1600
2023-02-22 08:30:00-05:00  12119.750000  12137.00  12118.75  12135.75   12135.75    1560
2023-02-22 08:35:00-05:00  12136.000000  12136.00  12124.00  12125.00   12125.00     975
2023-02-22 08:40:00-05:00  12125.000000  12130.00  12122.25  12123.75   12123.75     736
2023-02-22 08:45:00-05:00  12123.500000  12129.50  12123.25  12126.75   12126.75     706
2023-02-22 08:50:00-05:00  12127.000000  12139.25  12124.75  12135.25   12135.25    1213
2023-02-22 08:55:00-05:00  12134.750000  12136.25  12126.25  12130.75   12130.75    1233
2023-02-22 09:00:00-05:00  12130.750000  12136.00  12121.00  12129.25   12129.25    1583
2023-02-22 09:05:00-05:00  12129.750000  12135.50  12128.25  12128.50   12128.50    1140
2023-02-22 09:10:00-05:00  12128.750000  12131.50  12122.00  12122.75   12122.75     946
2023-02-22 09:15:00-05:00  12123.000000  12127.25  12120.25  12125.00   12125.00     962
2023-02-22 09:20:00-05:00  12124.750000  12133.00  12124.25  12130.75   12130.75    1030
2023-02-22 09:25:00-05:00  12130.750000  12130.75  12118.75  12120.00   12120.00    2407
2023-02-22 09:30:00-05:00  12120.250000  12153.75  12115.50  12137.25   12137.25   14495
2023-02-22 09:35:00-05:00  12137.500000  12151.00  12119.00  12148.25   12148.25   11132
2023-02-22 09:40:00-05:00  12148.000000  12163.00  12140.00  12153.50   12153.50    8941
2023-02-22 09:45:00-05:00  12153.750000  12174.50  12151.00  12165.25   12165.25    9726
2023-02-22 09:50:00-05:00  12165.250000  12168.00  12134.25  12139.25   12139.25    9156
2023-02-22 09:55:00-05:00  12139.250000  12141.75  12120.00  12122.50   12122.50    7439
2023-02-22 10:00:00-05:00  12122.750000  12125.75  12092.25  12094.00   12094.00   11006
2023-02-22 10:05:00-05:00  12094.000000  12106.00  12084.25  12086.50   12086.50    9270
2023-02-22 10:10:00-05:00  12086.750000  12086.75  12052.00  12059.50   12059.50   14550
2023-02-22 10:15:00-05:00  12059.250000  12064.25  12040.00  12050.00   12050.00   12343
2023-02-22 10:20:00-05:00  12049.750000  12083.75  12048.75  12080.75   12080.75   10605
2023-02-22 10:25:00-05:00  12080.250000  12089.00  12059.00  12059.50   12059.50    8329
2023-02-22 10:30:00-05:00  12059.250000  12066.25  12034.00  12038.50   12038.50   10431
2023-02-22 10:35:00-05:00  12039.000000  12059.00  12037.50  12045.25   12045.25    6753
2023-02-22 10:40:00-05:00  12046.000000  12075.00  12045.50  12072.25   12072.25    6375
2023-02-22 10:45:00-05:00  12071.750000  12086.25  12070.00  12081.75   12081.75    6401
2023-02-22 10:50:00-05:00  12082.000000  12098.50  12076.25  12094.00   12094.00    6839
2023-02-22 10:55:00-05:00  12094.250000  12112.75  12090.75  12100.25   12100.25    7587
2023-02-22 11:00:00-05:00  12100.500000  12113.50  12096.25  12103.50   12103.50    5210
2023-02-22 11:05:00-05:00  12103.750000  12114.75  12095.50  12106.75   12106.75    4525
2023-02-22 11:10:00-05:00  12106.750000  12110.25  12082.50  12086.75   12086.75    5606
2023-02-22 11:15:00-05:00  12086.500000  12089.50  12076.50  12088.50   12088.50    3712
2023-02-22 11:20:00-05:00  12088.750000  12109.50  12088.25  12103.25   12103.25    5460
2023-02-22 11:25:00-05:00  12103.250000  12105.50  12086.50  12089.75   12089.75    3731
2023-02-22 11:30:00-05:00  12090.000000  12108.00  12086.00  12106.50   12106.50    3511
2023-02-22 11:35:00-05:00  12106.500000  12117.50  12083.75  12086.25   12086.25    5972
2023-02-22 11:40:00-05:00  12086.750000  12103.00  12085.50  12100.75   12100.75    4104
2023-02-22 11:45:00-05:00  12100.500000  12103.25  12079.50  12085.75   12085.75    3981
2023-02-22 11:50:00-05:00  12086.250000  12103.00  12083.25  12088.25   12088.25    3432
2023-02-22 11:55:00-05:00  12088.750000  12110.25  12083.75  12108.50   12108.50    3531
2023-02-22 12:00:00-05:00  12108.750000  12110.25  12090.75  12100.00   12100.00    3691
2023-02-22 12:05:00-05:00  12099.750000  12115.75  12099.25  12102.75   12102.75    4166
2023-02-22 12:10:00-05:00  12102.750000  12104.25  12089.50  12096.00   12096.00    3142
2023-02-22 12:15:00-05:00  12096.000000  12125.00  12095.50  12120.50   12120.50    5120
2023-02-22 12:20:00-05:00  12120.500000  12123.50  12116.50  12123.00   12123.00    3234
2023-02-22 12:25:00-05:00  12123.250000  12132.00  12117.75  12118.75   12118.75    4166
2023-02-22 12:30:00-05:00  12119.000000  12131.75  12118.75  12127.25   12127.25    2867
2023-02-22 12:35:00-05:00  12127.000000  12140.25  12123.50  12135.00   12135.00    4167
2023-02-22 12:40:00-05:00  12135.000000  12146.50  12133.00  12143.25   12143.25    4081
2023-02-22 12:45:00-05:00  12143.500000  12149.00  12133.50  12137.00   12137.00    3691
2023-02-22 12:50:00-05:00  12137.500000  12140.00  12130.25  12135.75   12135.75    2878
2023-02-22 12:55:00-05:00  12136.250000  12140.25  12130.25  12134.00   12134.00    2411
2023-02-22 13:00:00-05:00  12134.250000  12138.50  12124.50  12137.50   12137.50    4289
2023-02-22 13:05:00-05:00  12137.000000  12152.00  12135.50  12149.75   12149.75    3505
2023-02-22 13:10:00-05:00  12149.500000  12152.00  12137.25  12142.75   12142.75    2280
2023-02-22 13:15:00-05:00  12142.750000  12150.75  12141.25  12146.50   12146.50    1851
2023-02-22 13:20:00-05:00  12146.500000  12156.50  12143.50  12155.00   12155.00    2659
2023-02-22 13:25:00-05:00  12154.750000  12167.25  12152.75  12163.50   12163.50    2772
2023-02-22 13:30:00-05:00  12163.000000  12166.75  12145.00  12153.75   12153.75    3819
2023-02-22 13:35:00-05:00  12153.500000  12169.25  12144.75  12166.50   12166.50    2863
2023-02-22 13:40:00-05:00  12166.750000  12169.00  12160.50  12165.25   12165.25    1711
2023-02-22 13:45:00-05:00  12165.500000  12166.50  12151.75  12160.00   12160.00    2273
2023-02-22 13:50:00-05:00  12159.750000  12160.25  12135.75  12141.00   12141.00    3256
2023-02-22 13:55:00-05:00  12141.500000  12154.00  12141.25  12150.00   12150.00    2127
2023-02-22 14:00:00-05:00  12148.250000  12173.00  12099.50  12160.00   12160.00   19725
2023-02-22 14:05:00-05:00  12159.500000  12190.50  12133.00  12162.25   12162.25   15423
2023-02-22 14:10:00-05:00  12161.750000  12177.00  12109.00  12125.50   12125.50   11612
2023-02-22 14:15:00-05:00  12124.750000  12141.75  12088.50  12138.75   12138.75   11207
2023-02-22 14:20:00-05:00  12140.000000  12157.75  12112.50  12121.25   12121.25    7919
2023-02-22 14:25:00-05:00  12120.500000  12131.50  12105.00  12116.00   12116.00    5915
2023-02-22 14:30:00-05:00  12116.250000  12118.50  12082.00  12095.50   12095.50    9524
2023-02-22 14:35:00-05:00  12095.500000  12115.25  12087.75  12098.25   12098.25    7395
2023-02-22 14:40:00-05:00  12099.000000  12105.50  12072.00  12094.50   12094.50    6396
2023-02-22 14:45:00-05:00  12094.250000  12126.75  12075.50  12122.75   12122.75    6559
2023-02-22 14:50:00-05:00  12123.250000  12128.50  12088.75  12091.00   12091.00    6913
2023-02-22 14:55:00-05:00  12090.750000  12090.75  12060.00  12062.50   12062.50    8308
2023-02-22 15:00:00-05:00  12063.250000  12073.25  12053.50  12066.25   12066.25    6239
2023-02-22 15:05:00-05:00  12066.750000  12080.25  12060.00  12077.50   12077.50    5082
2023-02-22 15:10:00-05:00  12077.000000  12089.50  12066.50  12073.50   12073.50    5621
2023-02-22 15:15:00-05:00  12073.250000  12097.00  12068.00  12080.50   12080.50    5364
2023-02-22 15:20:00-05:00  12080.750000  12100.75  12065.75  12096.75   12096.75    6486
2023-02-22 15:25:00-05:00  12096.500000  12104.75  12072.75  12072.75   12072.75    6643
2023-02-22 15:30:00-05:00  12073.000000  12091.50  12064.00  12085.75   12085.75    5319
2023-02-22 15:35:00-05:00  12085.500000  12093.00  12058.50  12061.00   12061.00    5385
2023-02-22 15:40:00-05:00  12060.250000  12078.25  12056.50  12064.50   12064.50    6329
2023-02-22 15:45:00-05:00  12064.250000  12077.75  12056.00  12072.00   12072.00    5590
2023-02-22 15:50:00-05:00  12072.250000  12086.75  12048.25  12079.25   12079.25    8787
2023-02-22 15:55:00-05:00  12079.500000  12103.50  12068.50  12102.25   12102.25   14062
2023-02-22 16:00:00-05:00  12102.750000  12112.25  12098.00  12111.25   12111.25    5047
2023-02-22 16:05:00-05:00  12111.000000  12118.25  12107.25  12108.25   12108.25    3217
2023-02-22 16:10:00-05:00  12108.250000  12113.75  12104.50  12105.50   12105.50    1609
2023-02-22 16:15:00-05:00  12105.750000  12108.50  12102.25  12102.25   12102.25     682
2023-02-22 16:20:00-05:00  12103.000000  12111.00  12101.50  12109.75   12109.75     498
2023-02-22 16:25:00-05:00  12109.750000  12111.50  12105.00  12106.00   12106.00     333
2023-02-22 16:30:00-05:00  12106.500000  12107.00  12093.75  12101.50   12101.50    1446
2023-02-22 16:35:00-05:00  12100.750000  12108.00  12099.25  12105.00   12105.00     339
2023-02-22 16:40:00-05:00  12104.750000  12107.75  12101.75  12105.75   12105.75     277
2023-02-22 16:45:00-05:00  12106.500000  12109.75  12102.00  12103.75   12103.75     353
2023-02-22 16:50:00-05:00  12104.000000  12179.00  12102.50  12176.00   12176.00    4560
2023-02-22 16:55:00-05:00  12175.500000  12175.50  12161.00  12166.50   12166.50    1529
2023-02-22 18:00:00-05:00  12176.250000  12179.25  12156.25  12158.50   12158.50       0
2023-02-22 18:05:00-05:00  12158.750000  12160.00  12152.00  12155.00   12155.00     943
2023-02-22 18:10:00-05:00  12155.500000  12159.50  12154.25  12157.25   12157.25     286
2023-02-22 18:15:00-05:00  12157.250000  12161.75  12154.50  12160.25   12160.25     380
2023-02-22 18:20:00-05:00  12161.000000  12163.50  12157.25  12157.25   12157.25     378
2023-02-22 18:25:00-05:00  12158.000000  12164.75  12158.00  12163.50   12163.50     204
2023-02-22 18:30:00-05:00  12163.500000  12169.00  12160.25  12166.75   12166.75     563
2023-02-22 18:35:00-05:00  12166.500000  12167.00  12158.50  12160.00   12160.00     490
2023-02-22 18:40:00-05:00  12160.000000  12167.00  12160.00  12166.75   12166.75     305
2023-02-22 18:45:00-05:00  12167.000000  12169.50  12165.75  12166.50   12166.50     339
2023-02-22 18:50:00-05:00  12166.750000  12168.00  12161.00  12163.25   12163.25     316
2023-02-22 18:55:00-05:00  12164.000000  12169.75  12163.25  12167.50   12167.50     223
2023-02-22 19:00:00-05:00  12167.000000  12173.50  12166.75  12172.75   12172.75     330
2023-02-22 19:05:00-05:00  12173.250000  12177.50  12171.00  12172.25   12172.25     489
2023-02-22 19:10:00-05:00  12172.000000  12178.00  12172.00  12177.75   12177.75     294
2023-02-22 19:15:00-05:00  12177.500000  12177.50  12171.75  12173.00   12173.00     405
2023-02-22 19:20:00-05:00  12172.500000  12173.75  12169.25  12171.50   12171.50     268
2023-02-22 19:25:00-05:00  12171.000000  12176.50  12171.00  12174.25   12174.25     161
2023-02-22 19:30:00-05:00  12174.750000  12176.50  12172.00  12173.25   12173.25     192
2023-02-22 19:35:00-05:00  12173.250000  12174.00  12167.50  12169.50   12169.50     347
2023-02-22 19:40:00-05:00  12170.000000  12171.50  12165.25  12167.00   12167.00     357
2023-02-22 19:45:00-05:00  12167.250000  12171.00  12167.25  12169.50   12169.50     211
2023-02-22 19:50:00-05:00  12169.500000  12171.25  12167.50  12169.00   12169.00     236
2023-02-22 19:55:00-05:00  12169.250000  12171.50  12167.00  12168.75   12168.75     261
2023-02-22 20:00:00-05:00  12169.000000  12170.00  12164.75  12168.00   12168.00     284
2023-02-22 20:05:00-05:00  12168.500000  12171.25  12165.00  12165.25   12165.25     429
2023-02-22 20:10:00-05:00  12165.250000  12168.25  12164.75  12167.50   12167.50     180
2023-02-22 20:15:00-05:00  12167.750000  12173.50  12167.50  12173.50   12173.50     294
2023-02-22 20:20:00-05:00  12174.000000  12176.25  12172.50  12175.75   12175.75     329
2023-02-22 20:25:00-05:00  12175.500000  12179.25  12175.00  12177.50   12177.50     297
2023-02-22 20:30:00-05:00  12177.250000  12186.75  12173.50  12185.00   12185.00     734
2023-02-22 20:35:00-05:00  12184.750000  12186.75  12181.00  12186.75   12186.75     400
2023-02-22 20:40:00-05:00  12186.750000  12197.25  12186.25  12196.50   12196.50    1037
2023-02-22 20:45:00-05:00  12196.500000  12198.00  12195.00  12196.00   12196.00     515
2023-02-22 20:50:00-05:00  12195.750000  12199.00  12194.25  12195.75   12195.75     436
2023-02-22 20:55:00-05:00  12196.250000  12198.75  12194.50  12198.50   12198.50     193
2023-02-22 21:00:00-05:00  12198.500000  12206.50  12197.75  12199.00   12199.00     905
2023-02-22 21:05:00-05:00  12199.750000  12202.00  12195.75  12196.75   12196.75     323
2023-02-22 21:10:00-05:00  12197.250000  12198.25  12193.75  12195.75   12195.75     361
2023-02-22 21:15:00-05:00  12196.000000  12209.00  12195.50  12206.50   12206.50     614
2023-02-22 21:20:00-05:00  12206.500000  12209.50  12205.25  12205.25   12205.25     420
2023-02-22 21:25:00-05:00  12205.500000  12206.00  12199.75  12201.50   12201.50     511
2023-02-22 21:30:00-05:00  12202.000000  12204.00  12200.25  12202.25   12202.25     222
2023-02-22 21:35:00-05:00  12202.750000  12204.25  12200.25  12201.25   12201.25     175
2023-02-22 21:40:00-05:00  12201.250000  12203.25  12200.00  12202.25   12202.25     207
2023-02-22 21:45:00-05:00  12202.000000  12205.25  12202.00  12204.75   12204.75     188
2023-02-22 21:50:00-05:00  12204.750000  12207.25  12204.50  12206.00   12206.00     283
2023-02-22 21:55:00-05:00  12206.500000  12207.75  12205.00  12207.75   12207.75     216
2023-02-22 22:00:00-05:00  12207.750000  12209.25  12203.25  12203.25   12203.25     276
2023-02-22 22:05:00-05:00  12203.000000  12206.25  12199.00  12203.50   12203.50     791
2023-02-22 22:10:00-05:00  12203.500000  12212.75  12203.50  12207.25   12207.25     431
2023-02-22 22:15:00-05:00  12207.250000  12208.25  12205.00  12207.00   12207.00     225
2023-02-22 22:20:00-05:00  12207.000000  12211.50  12206.75  12208.25   12208.25     207
2023-02-22 22:25:00-05:00  12208.000000  12211.50  12207.75  12210.00   12210.00     164
2023-02-22 22:30:00-05:00  12208.750000  12209.50  12205.00  12206.00   12206.00     158
2023-02-22 22:35:00-05:00  12206.250000  12207.75  12204.00  12204.75   12204.75     120
2023-02-22 22:40:00-05:00  12204.750000  12206.00  12201.50  12202.00   12202.00     173
2023-02-22 22:45:00-05:00  12202.250000  12203.00  12198.50  12201.50   12201.50     244
2023-02-22 22:50:00-05:00  12201.000000  12204.50  12200.00  12203.00   12203.00     133
2023-02-22 22:55:00-05:00  12203.250000  12204.50  12202.00  12202.00   12202.00     149
2023-02-22 23:00:00-05:00  12202.750000  12203.75  12201.75  12202.75   12202.75      48
2023-02-22 23:05:00-05:00  12203.000000  12204.00  12201.50  12202.25   12202.25      76
2023-02-22 23:10:00-05:00  12202.000000  12203.25  12200.50  12200.75   12200.75      89
2023-02-22 23:15:00-05:00  12200.250000  12201.25  12199.75  12201.00   12201.00      77
2023-02-22 23:20:00-05:00  12200.750000  12202.75  12197.50  12199.00   12199.00     180
2023-02-22 23:25:00-05:00  12199.500000  12203.50  12199.25  12203.50   12203.50     103
2023-02-22 23:30:00-05:00  12203.750000  12204.00  12201.00  12201.00   12201.00      77
2023-02-22 23:35:00-05:00  12201.500000  12202.00  12200.25  12201.25   12201.25      67
2023-02-22 23:40:00-05:00  12200.250000  12203.75  12200.25  12203.75   12203.75      87
2023-02-22 23:45:00-05:00  12203.750000  12206.00  12202.50  12203.00   12203.00     130
2023-02-22 23:50:00-05:00  12202.750000  12203.75  12202.00  12203.00   12203.00      43
2023-02-22 23:55:00-05:00  12203.750000  12206.75  12203.75  12206.00   12206.00      88
2023-02-23 00:00:00-05:00  12206.500000  12206.50  12206.50  12206.50   12206.50     230
2023-02-23 00:05:00-05:00  12206.500000  12206.50  12202.75  12204.50   12204.50     154
2023-02-23 00:10:00-05:00  12204.500000  12205.00  12201.75  12202.00   12202.00     167
2023-02-23 00:15:00-05:00  12202.250000  12203.00  12200.50  12201.50   12201.50     136
2023-02-23 00:20:00-05:00  12201.750000  12203.00  12200.50  12201.75   12201.75      65
2023-02-23 00:25:00-05:00  12201.500000  12202.25  12198.75  12200.25   12200.25     224
2023-02-23 00:30:00-05:00  12200.250000  12201.00  12193.25  12194.00   12194.00     442
2023-02-23 00:35:00-05:00  12193.750000  12198.00  12190.25  12193.75   12193.75     445
2023-02-23 00:40:00-05:00  12193.000000  12196.75  12193.00  12194.25   12194.25     148
2023-02-23 00:45:00-05:00  12194.000000  12195.75  12193.00  12194.00   12194.00     101
2023-02-23 00:50:00-05:00  12194.250000  12194.25  12190.50  12191.75   12191.75     320
2023-02-23 00:55:00-05:00  12191.750000  12191.75  12187.00  12190.75   12190.75     399
2023-02-23 01:00:00-05:00  12190.750000  12196.50  12190.75  12193.00   12193.00     216
2023-02-23 01:05:00-05:00  12193.000000  12194.25  12191.50  12192.25   12192.25     143
2023-02-23 01:10:00-05:00  12192.000000  12192.00  12187.25  12189.25   12189.25     166
2023-02-23 01:15:00-05:00  12189.250000  12193.75  12188.00  12192.50   12192.50     152
2023-02-23 01:20:00-05:00  12192.250000  12194.50  12192.25  12194.25   12194.25      93
2023-02-23 01:25:00-05:00  12193.750000  12196.00  12192.50  12193.50   12193.50     132
2023-02-23 01:30:00-05:00  12194.000000  12199.25  12194.00  12195.75   12195.75     322
2023-02-23 01:35:00-05:00  12195.000000  12195.25  12191.25  12192.75   12192.75     156
2023-02-23 01:40:00-05:00  12192.250000  12196.25  12190.50  12194.50   12194.50     235
2023-02-23 01:45:00-05:00  12194.750000  12195.75  12192.00  12193.75   12193.75      83
2023-02-23 01:50:00-05:00  12192.750000  12197.00  12192.75  12196.00   12196.00     124
2023-02-23 01:55:00-05:00  12195.500000  12196.00  12189.75  12189.75   12189.75     214
2023-02-23 02:00:00-05:00  12189.750000  12192.50  12186.00  12187.00   12187.00     538
2023-02-23 02:05:00-05:00  12187.250000  12189.50  12182.00  12183.25   12183.25     413
2023-02-23 02:10:00-05:00  12184.000000  12191.75  12183.00  12191.50   12191.50     313
2023-02-23 02:15:00-05:00  12190.750000  12194.25  12187.50  12187.50   12187.50     323
2023-02-23 02:20:00-05:00  12187.500000  12190.50  12186.50  12187.00   12187.00     236
2023-02-23 02:25:00-05:00  12186.750000  12187.00  12183.50  12185.00   12185.00     212
2023-02-23 02:30:00-05:00  12184.500000  12187.25  12182.00  12185.00   12185.00     299
2023-02-23 02:35:00-05:00  12185.500000  12188.00  12182.00  12186.50   12186.50     435
2023-02-23 02:40:00-05:00  12186.750000  12188.00  12182.50  12183.75   12183.75     380
2023-02-23 02:45:00-05:00  12183.750000  12187.00  12183.00  12185.00   12185.00     213
2023-02-23 02:50:00-05:00  12185.500000  12186.25  12182.00  12184.25   12184.25     206
2023-02-23 02:55:00-05:00  12184.500000  12187.75  12181.00  12182.25   12182.25     282
2023-02-23 03:00:00-05:00  12182.750000  12195.00  12179.75  12183.50   12183.50     976
2023-02-23 03:05:00-05:00  12183.750000  12188.25  12174.50  12184.75   12184.75     980
2023-02-23 03:10:00-05:00  12185.500000  12191.25  12178.00  12190.50   12190.50     748
2023-02-23 03:15:00-05:00  12191.250000  12200.00  12191.25  12195.50   12195.50    1090
2023-02-23 03:20:00-05:00  12196.000000  12207.25  12196.00  12205.25   12205.25    1119
2023-02-23 03:25:00-05:00  12205.750000  12205.75  12193.50  12200.00   12200.00    1084
2023-02-23 03:30:00-05:00  12199.500000  12202.75  12198.00  12201.50   12201.50      67
2023-02-23 03:40:00-05:00  12215.500000  12218.25  12209.75  12210.00   12210.00    4148
2023-02-23 03:45:00-05:00  12210.500000  12217.50  12208.25  12208.25   12208.25     649
2023-02-23 03:50:00-05:00  12208.000000  12212.50  12204.00  12206.25   12206.25     694
2023-02-23 03:55:00-05:00  12206.250000  12209.25  12202.50  12206.00   12206.00     568
2023-02-23 04:00:00-05:00  12206.000000  12219.00  12206.00  12219.00   12219.00    1007
2023-02-23 04:05:00-05:00  12218.000000  12219.00  12211.50  12216.50   12216.50     613
2023-02-23 04:10:00-05:00  12216.000000  12217.25  12210.75  12211.75   12211.75     456
2023-02-23 04:15:00-05:00  12212.000000  12224.25  12211.50  12213.00   12213.00     679
2023-02-23 04:20:00-05:00  12213.250000  12215.50  12150.75  12163.50   12163.50    4763
2023-02-23 04:25:00-05:00  12163.250000  12189.00  12162.25  12179.50   12179.50    1749
2023-02-23 04:30:00-05:00  12179.500000  12182.50  12163.75  12169.00   12169.00    1063
2023-02-23 04:35:00-05:00  12170.250000  12187.00  12169.75  12181.50   12181.50     757
2023-02-23 04:40:00-05:00  12181.500000  12186.00  12176.75  12178.50   12178.50     487
2023-02-23 04:45:00-05:00  12177.500000  12183.75  12177.00  12182.00   12182.00     382
2023-02-23 04:50:00-05:00  12182.750000  12186.50  12179.50  12182.00   12182.00     427
2023-02-23 04:55:00-05:00  12180.500000  12184.25  12174.25  12183.00   12183.00     483
2023-02-23 05:00:00-05:00  12182.750000  12185.75  12177.00  12177.25   12177.25     521
2023-02-23 05:05:00-05:00  12178.250000  12184.50  12177.50  12181.50   12181.50     417
2023-02-23 05:10:00-05:00  12180.750000  12185.00  12178.25  12183.75   12183.75     385
2023-02-23 05:15:00-05:00  12183.500000  12190.00  12179.75  12189.00   12189.00     449
2023-02-23 05:20:00-05:00  12188.750000  12189.00  12182.50  12184.50   12184.50     377
2023-02-23 05:25:00-05:00  12184.250000  12186.50  12180.25  12183.75   12183.75     427
2023-02-23 05:30:00-05:00  12183.750000  12185.00  12183.50  12184.50   12184.50      30
2023-02-23 05:40:00-05:00  12183.000000  12183.75  12171.75  12177.75   12177.75    1295
2023-02-23 05:45:00-05:00  12177.500000  12180.75  12175.50  12179.25   12179.25     250
2023-02-23 05:50:00-05:00  12179.000000  12181.75  12176.50  12180.75   12180.75     270
2023-02-23 05:55:00-05:00  12181.000000  12190.75  12180.00  12188.50   12188.50     459
2023-02-23 06:00:00-05:00  12188.000000  12203.00  12188.00  12201.00   12201.00     794
2023-02-23 06:05:00-05:00  12201.250000  12204.00  12197.00  12199.75   12199.75     642
2023-02-23 06:10:00-05:00  12200.250000  12200.50  12188.50  12188.75   12188.75     477
2023-02-23 06:15:00-05:00  12188.000000  12189.50  12182.00  12183.25   12183.25     422
2023-02-23 06:20:00-05:00  12182.750000  12184.25  12178.00  12182.75   12182.75     546
2023-02-23 06:25:00-05:00  12182.500000  12187.50  12181.50  12183.75   12183.75     375
2023-02-23 06:30:00-05:00  12184.250000  12187.25  12182.50  12186.00   12186.00     280
2023-02-23 06:35:00-05:00  12186.500000  12197.75  12185.75  12196.50   12196.50     667
2023-02-23 06:40:00-05:00  12196.250000  12202.25  12195.75  12200.75   12200.75     671
2023-02-23 06:45:00-05:00  12200.750000  12206.75  12199.25  12202.25   12202.25     498
2023-02-23 06:50:00-05:00  12202.500000  12208.75  12200.75  12202.25   12202.25     659
2023-02-23 06:55:00-05:00  12202.250000  12207.75  12198.25  12207.75   12207.75     691
2023-02-23 07:00:00-05:00  12207.500000  12215.75  12202.50  12211.25   12211.25    1092
2023-02-23 07:05:00-05:00  12211.000000  12211.50  12196.50  12201.25   12201.25     986
2023-02-23 07:10:00-05:00  12202.000000  12211.50  12202.00  12208.00   12208.00     605
2023-02-23 07:15:00-05:00  12209.000000  12209.25  12201.00  12208.50   12208.50     650
2023-02-23 07:20:00-05:00  12208.500000  12215.25  12206.75  12215.00   12215.00     633
2023-02-23 07:25:00-05:00  12214.500000  12219.25  12211.50  12217.00   12217.00     771
2023-02-23 07:30:00-05:00  12216.000000  12219.00  12212.50  12214.50   12214.50     850
2023-02-23 07:35:00-05:00  12214.500000  12219.75  12208.00  12218.75   12218.75     844
2023-02-23 07:40:00-05:00  12218.250000  12218.75  12209.50  12210.50   12210.50     743
2023-02-23 07:45:00-05:00  12210.000000  12214.25  12206.25  12210.50   12210.50     632
2023-02-23 07:50:00-05:00  12209.750000  12211.25  12204.00  12205.00   12205.00     534
2023-02-23 07:55:00-05:00  12205.000000  12217.50  12203.00  12214.25   12214.25    1109
2023-02-23 08:00:00-05:00  12214.000000  12220.75  12205.75  12209.25   12209.25    1199
2023-02-23 08:05:00-05:00  12209.500000  12213.00  12206.00  12212.50   12212.50     616
2023-02-23 08:10:00-05:00  12213.000000  12223.75  12212.50  12217.25   12217.25    1242
2023-02-23 08:15:00-05:00  12218.250000  12228.25  12214.50  12227.25   12227.25    1246
2023-02-23 08:20:00-05:00  12226.750000  12232.25  12224.50  12231.25   12231.25    1315
2023-02-23 08:25:00-05:00  12231.000000  12231.50  12218.75  12223.25   12223.25    1259
2023-02-23 08:30:00-05:00  12224.250000  12238.00  12185.25  12194.50   12194.50    8429
2023-02-23 08:35:00-05:00  12195.250000  12203.50  12189.50  12195.00   12195.00    3275
2023-02-23 08:40:00-05:00  12194.250000  12211.50  12188.75  12207.25   12207.25    3240
2023-02-23 08:45:00-05:00  12207.500000  12210.25  12194.75  12200.50   12200.50    2189
2023-02-23 08:50:00-05:00  12200.000000  12215.50  12198.75  12214.00   12214.00    1978
2023-02-23 08:55:00-05:00  12213.750000  12225.75  12211.50  12221.50   12221.50    2224
2023-02-23 09:00:00-05:00  12221.000000  12232.75  12220.50  12230.25   12230.25    2325
2023-02-23 09:05:00-05:00  12231.000000  12244.50  12226.25  12241.25   12241.25    2861
2023-02-23 09:10:00-05:00  12241.000000  12257.00  12239.50  12253.25   12253.25    3405
2023-02-23 09:15:00-05:00  12253.750000  12260.50  12244.50  12256.75   12256.75    3186
2023-02-23 09:20:00-05:00  12257.000000  12261.00  12249.25  12250.75   12250.75    2251
2023-02-23 09:25:00-05:00  12251.000000  12259.50  12245.75  12252.00   12252.00    3832
2023-02-23 09:30:00-05:00  12252.000000  12259.75  12226.75  12229.00   12229.00   16562
2023-02-23 09:35:00-05:00  12228.750000  12236.25  12197.25  12212.75   12212.75   14528
2023-02-23 09:40:00-05:00  12212.750000  12228.00  12202.50  12215.00   12215.00   10261
2023-02-23 09:45:00-05:00  12215.750000  12251.50  12209.25  12240.75   12240.75   14180
2023-02-23 09:50:00-05:00  12241.500000  12251.00  12222.50  12248.00   12248.00    7501
2023-02-23 09:55:00-05:00  12248.000000  12255.25  12225.50  12231.75   12231.75    7683
2023-02-23 10:00:00-05:00  12232.000000  12247.25  12204.00  12207.00   12207.00    9706
2023-02-23 10:05:00-05:00  12207.500000  12210.25  12170.50  12188.50   12188.50   12150
2023-02-23 10:10:00-05:00  12188.250000  12191.00  12164.75  12188.25   12188.25    8990
2023-02-23 10:15:00-05:00  12188.000000  12195.75  12174.00  12177.75   12177.75    7116
2023-02-23 10:20:00-05:00  12177.750000  12191.75  12168.50  12189.75   12189.75    5902
2023-02-23 10:25:00-05:00  12190.000000  12199.75  12178.50  12190.25   12190.25    6073
2023-02-23 10:30:00-05:00  12190.000000  12202.00  12151.75  12196.75   12196.75   11538
2023-02-23 10:35:00-05:00  12197.000000  12204.50  12184.75  12187.25   12187.25    6025
2023-02-23 10:40:00-05:00  12186.250000  12186.25  12162.00  12165.50   12165.50    6547
2023-02-23 10:45:00-05:00  12165.500000  12170.25  12110.50  12116.50   12116.50   14303
2023-02-23 10:50:00-05:00  12117.000000  12122.75  12109.25  12118.50   12118.50    7877
2023-02-23 10:55:00-05:00  12118.250000  12119.00  12102.25  12113.00   12113.00    6900
2023-02-23 11:00:00-05:00  12113.500000  12134.75  12106.75  12129.00   12129.00    7737
2023-02-23 11:05:00-05:00  12129.250000  12131.50  12084.75  12093.50   12093.50    9992
2023-02-23 11:10:00-05:00  12093.500000  12111.00  12093.50  12098.75   12098.75    5656
2023-02-23 11:15:00-05:00  12099.000000  12102.50  12082.75  12087.75   12087.75    6517
2023-02-23 11:20:00-05:00  12088.000000  12089.25  12077.25  12088.00   12088.00    5594
2023-02-23 11:25:00-05:00  12088.250000  12097.50  12072.00  12081.50   12081.50    6383
2023-02-23 11:30:00-05:00  12081.500000  12087.75  12074.00  12084.25   12084.25    4146
2023-02-23 11:35:00-05:00  12084.250000  12091.75  12071.25  12075.50   12075.50    5155
2023-02-23 11:40:00-05:00  12075.500000  12076.50  12037.25  12047.25   12047.25   12104
2023-02-23 11:45:00-05:00  12046.750000  12065.25  12044.50  12051.25   12051.25    7520
2023-02-23 11:50:00-05:00  12051.000000  12056.50  12036.50  12042.00   12042.00    7310
2023-02-23 11:55:00-05:00  12042.000000  12047.25  12030.00  12032.50   12032.50    7058
2023-02-23 12:00:00-05:00  12032.000000  12042.75  12028.50  12040.50   12040.50    6327
2023-02-23 12:05:00-05:00  12040.750000  12052.50  12039.50  12049.25   12049.25    4923
2023-02-23 12:10:00-05:00  12049.250000  12052.00  12033.25  12049.75   12049.75    4313
2023-02-23 12:15:00-05:00  12049.750000  12065.00  12048.75  12054.25   12054.25    5895
2023-02-23 12:20:00-05:00  12054.500000  12063.00  12038.25  12062.50   12062.50    4157
2023-02-23 12:25:00-05:00  12062.250000  12068.50  12055.75  12060.75   12060.75    3140
2023-02-23 12:30:00-05:00  12061.500000  12077.75  12053.75  12072.75   12072.75    4448
2023-02-23 12:35:00-05:00  12072.000000  12082.00  12064.50  12066.00   12066.00    4422
2023-02-23 12:40:00-05:00  12065.750000  12077.75  12055.25  12075.50   12075.50    3992
2023-02-23 12:45:00-05:00  12075.750000  12078.50  12065.00  12072.00   12072.00    2946
2023-02-23 12:50:00-05:00  12071.750000  12080.75  12066.75  12069.25   12069.25    2924
2023-02-23 12:55:00-05:00  12069.250000  12082.50  12064.25  12079.00   12079.00    3461
2023-02-23 13:00:00-05:00  12079.500000  12098.00  12062.00  12072.00   12072.00    8604
2023-02-23 13:05:00-05:00  12071.250000  12073.00  12058.50  12066.25   12066.25    2716
2023-02-23 13:10:00-05:00  12065.250000  12071.75  12059.50  12063.00   12063.00    2112
2023-02-23 13:15:00-05:00  12062.750000  12077.00  12055.50  12076.50   12076.50    2965
2023-02-23 13:20:00-05:00  12076.750000  12078.50  12067.25  12071.50   12071.50    2453
2023-02-23 13:25:00-05:00  12071.750000  12083.50  12066.75  12083.00   12083.00    1921
2023-02-23 13:30:00-05:00  12082.750000  12083.00  12070.00  12079.75   12079.75    2083
2023-02-23 13:35:00-05:00  12079.500000  12088.50  12073.25  12087.25   12087.25    2520
2023-02-23 13:40:00-05:00  12087.250000  12113.00  12085.50  12100.00   12100.00    7518
2023-02-23 13:45:00-05:00  12100.750000  12123.25  12095.50  12122.00   12122.00    4801
2023-02-23 13:50:00-05:00  12122.000000  12125.00  12111.00  12113.25   12113.25    4763
2023-02-23 13:55:00-05:00  12113.500000  12120.25  12102.50  12116.25   12116.25    3039
2023-02-23 14:00:00-05:00  12116.250000  12121.75  12104.50  12116.75   12116.75    3170
2023-02-23 14:05:00-05:00  12116.500000  12134.50  12116.00  12130.00   12130.00    4171
2023-02-23 14:10:00-05:00  12129.750000  12153.75  12125.50  12149.50   12149.50    5514
2023-02-23 14:15:00-05:00  12149.500000  12182.50  12149.50  12177.00   12177.00   11063
2023-02-23 14:20:00-05:00  12177.000000  12188.50  12173.50  12182.75   12182.75    7061
2023-02-23 14:25:00-05:00  12183.000000  12191.25  12177.75  12183.75   12183.75    4568
2023-02-23 14:30:00-05:00  12183.500000  12214.25  12183.50  12204.50   12204.50    8486
2023-02-23 14:35:00-05:00  12204.750000  12213.75  12202.25  12206.75   12206.75    4758
2023-02-23 14:40:00-05:00  12207.250000  12211.50  12197.25  12204.50   12204.50    4118
2023-02-23 14:45:00-05:00  12204.750000  12213.25  12194.50  12203.25   12203.25    5093
2023-02-23 14:50:00-05:00  12203.250000  12207.25  12188.50  12199.50   12199.50    3657
2023-02-23 14:55:00-05:00  12199.250000  12202.25  12182.25  12190.00   12190.00    5207
2023-02-23 15:00:00-05:00  12191.250000  12220.00  12191.00  12218.75   12218.75    6184
2023-02-23 15:05:00-05:00  12219.000000  12223.00  12200.25  12204.00   12204.00    5188
2023-02-23 15:10:00-05:00  12203.500000  12226.75  12200.75  12221.25   12221.25    5331
2023-02-23 15:15:00-05:00  12221.500000  12228.75  12215.50  12216.75   12216.75    5208
2023-02-23 15:20:00-05:00  12216.750000  12232.50  12211.25  12228.75   12228.75    5235
2023-02-23 15:25:00-05:00  12229.250000  12244.25  12221.25  12241.75   12241.75    5698
2023-02-23 15:30:00-05:00  12241.750000  12248.75  12233.25  12241.50   12241.50    6064
2023-02-23 15:35:00-05:00  12241.750000  12242.00  12229.50  12235.50   12235.50    4674
2023-02-23 15:40:00-05:00  12235.250000  12242.00  12227.00  12237.25   12237.25    4702
2023-02-23 15:45:00-05:00  12237.250000  12237.50  12217.00  12223.50   12223.50    5670
2023-02-23 15:50:00-05:00  12223.000000  12232.25  12206.00  12209.00   12209.00    7780
2023-02-23 15:55:00-05:00  12209.250000  12218.00  12202.75  12205.75   12205.75   13367
2023-02-23 16:00:00-05:00  12205.750000  12210.75  12193.50  12195.00   12195.00    5545
2023-02-23 16:05:00-05:00  12194.500000  12200.00  12193.50  12195.75   12195.75    2193
2023-02-23 16:10:00-05:00  12196.000000  12197.00  12189.00  12192.00   12192.00    1263
2023-02-23 16:15:00-05:00  12192.500000  12199.00  12192.00  12197.50   12197.50     667
2023-02-23 16:20:00-05:00  12197.750000  12197.75  12190.25  12192.00   12192.00     355
2023-02-23 16:25:00-05:00  12192.500000  12193.00  12189.50  12192.00   12192.00     309
2023-02-23 16:30:00-05:00  12192.500000  12197.00  12191.50  12196.50   12196.50     558
2023-02-23 16:35:00-05:00  12196.500000  12200.75  12191.25  12192.25   12192.25     385
2023-02-23 16:40:00-05:00  12192.000000  12192.00  12189.00  12189.75   12189.75     224
2023-02-23 16:45:00-05:00  12190.000000  12193.25  12188.25  12191.50   12191.50     268
2023-02-23 16:50:00-05:00  12191.500000  12192.50  12189.00  12191.25   12191.25     329
2023-02-23 16:55:00-05:00  12191.500000  12194.50  12191.25  12193.00   12193.00     246
2023-02-23 18:00:00-05:00  12190.000000  12192.25  12183.50  12187.75   12187.75       0
2023-02-23 18:05:00-05:00  12187.750000  12191.00  12186.50  12189.50   12189.50     259
2023-02-23 18:10:00-05:00  12190.000000  12190.25  12183.00  12183.50   12183.50     200
2023-02-23 18:15:00-05:00  12184.000000  12185.00  12177.75  12179.00   12179.00     450
2023-02-23 18:20:00-05:00  12178.750000  12180.00  12173.75  12175.25   12175.25     346
2023-02-23 18:25:00-05:00  12175.250000  12176.00  12171.75  12174.50   12174.50     376
2023-02-23 18:30:00-05:00  12174.500000  12177.00  12172.00  12172.50   12172.50     261
2023-02-23 18:35:00-05:00  12173.000000  12177.75  12173.00  12177.75   12177.75     312
2023-02-23 18:40:00-05:00  12177.500000  12178.00  12174.25  12175.25   12175.25     254
2023-02-23 18:45:00-05:00  12175.250000  12178.00  12174.75  12177.00   12177.00     138
2023-02-23 18:50:00-05:00  12176.250000  12180.75  12176.25  12180.75   12180.75     286
2023-02-23 18:55:00-05:00  12180.500000  12180.50  12172.75  12173.75   12173.75     200
2023-02-23 19:00:00-05:00  12173.500000  12180.75  12170.50  12178.50   12178.50     482
2023-02-23 19:05:00-05:00  12178.250000  12182.50  12173.00  12181.25   12181.25     321
2023-02-23 19:10:00-05:00  12180.750000  12183.50  12179.00  12181.00   12181.00     278
2023-02-23 19:15:00-05:00  12181.000000  12184.00  12178.75  12182.25   12182.25     186
2023-02-23 19:20:00-05:00  12182.500000  12188.00  12182.50  12186.00   12186.00     338
2023-02-23 19:25:00-05:00  12185.500000  12191.50  12185.25  12189.25   12189.25     337
2023-02-23 19:30:00-05:00  12188.750000  12194.00  12185.75  12191.50   12191.50     403
2023-02-23 19:35:00-05:00  12191.750000  12198.25  12190.50  12195.50   12195.50     762
2023-02-23 19:40:00-05:00  12196.000000  12198.50  12190.50  12191.75   12191.75     262
2023-02-23 19:45:00-05:00  12191.500000  12196.25  12190.50  12192.25   12192.25     258
2023-02-23 19:50:00-05:00  12193.500000  12195.75  12191.25  12194.25   12194.25     160
2023-02-23 19:55:00-05:00  12193.750000  12195.50  12191.25  12194.00   12194.00     238
2023-02-23 20:00:00-05:00  12194.750000  12214.50  12194.75  12208.75   12208.75    1196
2023-02-23 20:05:00-05:00  12209.250000  12209.75  12196.25  12198.50   12198.50     555
2023-02-23 20:10:00-05:00  12198.250000  12200.50  12194.25  12196.25   12196.25     308
2023-02-23 20:15:00-05:00  12196.500000  12199.00  12193.50  12197.75   12197.75     309
2023-02-23 20:20:00-05:00  12197.250000  12199.75  12195.75  12199.25   12199.25     200
2023-02-23 20:25:00-05:00  12199.500000  12201.00  12183.50  12187.25   12187.25     521
2023-02-23 20:30:00-05:00  12187.250000  12187.75  12162.75  12172.75   12172.75    1362
2023-02-23 20:35:00-05:00  12173.750000  12177.50  12171.25  12175.25   12175.25     298
2023-02-23 20:40:00-05:00  12174.750000  12178.75  12173.25  12177.00   12177.00     276
2023-02-23 20:45:00-05:00  12176.500000  12183.75  12174.75  12182.75   12182.75     416
2023-02-23 20:50:00-05:00  12183.250000  12187.25  12182.25  12184.00   12184.00     289
2023-02-23 20:55:00-05:00  12183.500000  12187.00  12181.75  12184.50   12184.50     303
2023-02-23 21:00:00-05:00  12184.000000  12186.75  12180.00  12185.00   12185.00     295
2023-02-23 21:05:00-05:00  12185.000000  12188.50  12180.00  12188.00   12188.00     322
2023-02-23 21:10:00-05:00  12188.500000  12190.00  12183.75  12184.00   12184.00     274
2023-02-23 21:15:00-05:00  12184.000000  12186.25  12176.75  12179.00   12179.00     342
2023-02-23 21:20:00-05:00  12179.750000  12180.75  12175.00  12179.25   12179.25     214
2023-02-23 21:25:00-05:00  12179.750000  12181.50  12179.00  12180.00   12180.00     147
2023-02-23 21:30:00-05:00  12179.000000  12179.50  12175.50  12176.25   12176.25     187
2023-02-23 21:35:00-05:00  12176.500000  12178.25  12174.50  12177.50   12177.50     165
2023-02-23 21:40:00-05:00  12177.500000  12183.25  12177.50  12178.25   12178.25     164
2023-02-23 21:45:00-05:00  12178.000000  12182.75  12177.50  12181.50   12181.50     140
2023-02-23 21:50:00-05:00  12181.250000  12182.00  12177.00  12177.00   12177.00     161
2023-02-23 21:55:00-05:00  12177.250000  12180.50  12175.00  12180.25   12180.25     141
2023-02-23 22:00:00-05:00  12179.750000  12185.00  12179.00  12183.00   12183.00     170
2023-02-23 22:05:00-05:00  12183.000000  12186.00  12180.75  12185.25   12185.25     140
2023-02-23 22:10:00-05:00  12185.500000  12187.00  12184.00  12187.00   12187.00     156
2023-02-23 22:15:00-05:00  12187.000000  12190.00  12185.25  12186.50   12186.50     289
2023-02-23 22:20:00-05:00  12186.500000  12188.00  12183.25  12185.00   12185.00     248
2023-02-23 22:25:00-05:00  12185.000000  12188.50  12184.75  12187.50   12187.50      85
2023-02-23 22:30:00-05:00  12187.500000  12194.50  12187.50  12191.50   12191.50     372
2023-02-23 22:35:00-05:00  12190.500000  12192.75  12188.50  12189.75   12189.75     147
2023-02-23 22:40:00-05:00  12189.500000  12191.00  12188.75  12190.00   12190.00      84
2023-02-23 22:45:00-05:00  12190.500000  12190.75  12187.50  12190.50   12190.50      92
2023-02-23 22:50:00-05:00  12190.500000  12191.25  12188.50  12190.75   12190.75      94
2023-02-23 22:55:00-05:00  12190.000000  12192.50  12188.00  12190.00   12190.00     113
2023-02-23 23:00:00-05:00  12190.500000  12192.75  12189.50  12191.50   12191.50      96
2023-02-23 23:05:00-05:00  12191.250000  12191.75  12187.50  12188.50   12188.50     158
2023-02-23 23:10:00-05:00  12188.000000  12188.00  12182.25  12184.50   12184.50     232
2023-02-23 23:15:00-05:00  12184.250000  12184.25  12180.00  12180.75   12180.75     137
2023-02-23 23:20:00-05:00  12180.250000  12182.50  12178.00  12181.00   12181.00     192
2023-02-23 23:25:00-05:00  12181.500000  12183.25  12181.00  12182.25   12182.25      98
2023-02-23 23:30:00-05:00  12182.250000  12184.00  12181.50  12183.00   12183.00     124
2023-02-23 23:35:00-05:00  12183.500000  12183.50  12173.75  12176.00   12176.00     391
2023-02-23 23:40:00-05:00  12175.500000  12179.25  12174.75  12176.75   12176.75      74
2023-02-23 23:45:00-05:00  12176.250000  12178.50  12175.50  12178.25   12178.25      75
2023-02-23 23:50:00-05:00  12178.500000  12180.00  12176.25  12178.00   12178.00     109
2023-02-23 23:55:00-05:00  12178.750000  12179.25  12176.50  12177.00   12177.00      55
2023-02-24 00:00:00-05:00  12177.500000  12177.50  12177.50  12177.50   12177.50     131
2023-02-24 00:05:00-05:00  12177.500000  12178.50  12177.50  12178.50   12178.50     102
2023-02-24 00:10:00-05:00  12179.250000  12185.50  12178.50  12185.00   12185.00     453
2023-02-24 00:15:00-05:00  12184.000000  12187.50  12183.00  12183.75   12183.75     138
2023-02-24 00:20:00-05:00  12183.750000  12186.50  12183.25  12184.50   12184.50     131
2023-02-24 00:25:00-05:00  12185.500000  12186.25  12182.25  12183.00   12183.00     148
2023-02-24 00:30:00-05:00  12182.750000  12182.75  12177.00  12177.50   12177.50     249
2023-02-24 00:35:00-05:00  12178.500000  12182.25  12178.50  12181.00   12181.00      97
2023-02-24 00:40:00-05:00  12180.750000  12180.75  12177.75  12179.00   12179.00     132
2023-02-24 00:45:00-05:00  12179.250000  12179.75  12177.00  12179.00   12179.00     102
2023-02-24 00:50:00-05:00  12178.000000  12179.25  12177.25  12178.75   12178.75     109
2023-02-24 00:55:00-05:00  12178.750000  12181.25  12176.25  12177.00   12177.00     123
2023-02-24 01:00:00-05:00  12177.750000  12180.50  12175.75  12176.25   12176.25     191
2023-02-24 01:05:00-05:00  12176.000000  12177.75  12174.00  12174.75   12174.75     175
2023-02-24 01:10:00-05:00  12175.250000  12177.50  12171.00  12171.75   12171.75     249
2023-02-24 01:15:00-05:00  12171.500000  12171.75  12166.25  12167.50   12167.50     271
2023-02-24 01:20:00-05:00  12167.750000  12174.50  12167.00  12174.00   12174.00     213
2023-02-24 01:25:00-05:00  12174.000000  12177.50  12174.00  12177.50   12177.50     177
2023-02-24 01:30:00-05:00  12178.000000  12179.25  12176.00  12178.75   12178.75     193
2023-02-24 01:35:00-05:00  12179.000000  12179.50  12174.50  12175.50   12175.50      94
2023-02-24 01:40:00-05:00  12176.500000  12180.50  12176.50  12178.25   12178.25     102
2023-02-24 01:45:00-05:00  12178.750000  12179.25  12177.75  12178.25   12178.25      51
2023-02-24 01:50:00-05:00  12178.750000  12183.75  12178.25  12182.50   12182.50     219
2023-02-24 01:55:00-05:00  12182.000000  12182.50  12176.25  12178.00   12178.00     228
2023-02-24 02:00:00-05:00  12178.750000  12178.75  12167.75  12169.50   12169.50     503
2023-02-24 02:05:00-05:00  12169.000000  12170.00  12156.50  12163.50   12163.50    1127
2023-02-24 02:10:00-05:00  12163.500000  12167.25  12160.75  12163.50   12163.50     343
2023-02-24 02:15:00-05:00  12163.000000  12165.50  12160.50  12164.00   12164.00     234
2023-02-24 02:20:00-05:00  12164.250000  12165.00  12154.25  12157.75   12157.75     545
2023-02-24 02:25:00-05:00  12157.000000  12163.50  12156.50  12160.50   12160.50     413
2023-02-24 02:30:00-05:00  12160.500000  12162.50  12154.00  12158.00   12158.00     331
2023-02-24 02:35:00-05:00  12158.000000  12162.00  12154.75  12157.25   12157.25     341
2023-02-24 02:40:00-05:00  12157.250000  12161.50  12156.50  12157.50   12157.50     227
2023-02-24 02:45:00-05:00  12156.750000  12159.75  12150.50  12157.75   12157.75     547
2023-02-24 02:50:00-05:00  12158.000000  12158.75  12153.50  12155.75   12155.75     284
2023-02-24 02:55:00-05:00  12155.000000  12155.75  12153.00  12154.75   12154.75     165
2023-02-24 03:00:00-05:00  12154.000000  12162.75  12148.50  12158.25   12158.25    1131
2023-02-24 03:05:00-05:00  12159.000000  12162.75  12147.75  12149.25   12149.25     839
2023-02-24 03:10:00-05:00  12150.250000  12150.25  12141.50  12144.75   12144.75     858
2023-02-24 03:15:00-05:00  12144.250000  12145.25  12134.25  12143.00   12143.00    1027
2023-02-24 03:20:00-05:00  12141.250000  12142.50  12135.75  12139.25   12139.25     465
2023-02-24 03:25:00-05:00  12139.000000  12148.75  12136.50  12147.00   12147.00     527
2023-02-24 03:30:00-05:00  12147.500000  12155.00  12145.00  12148.50   12148.50     693
2023-02-24 03:35:00-05:00  12148.500000  12151.25  12146.00  12149.50   12149.50     509
2023-02-24 03:40:00-05:00  12149.500000  12153.50  12143.00  12146.75   12146.75     500
2023-02-24 03:45:00-05:00  12146.750000  12146.75  12136.50  12139.25   12139.25     549
2023-02-24 03:50:00-05:00  12140.000000  12143.25  12136.75  12139.00   12139.00     441
2023-02-24 03:55:00-05:00  12137.750000  12138.75  12135.00  12136.25   12136.25     413
2023-02-24 04:00:00-05:00  12136.500000  12141.00  12133.75  12138.50   12138.50     650
2023-02-24 04:05:00-05:00  12138.500000  12139.50  12130.25  12135.50   12135.50     610
2023-02-24 04:10:00-05:00  12135.250000  12148.00  12135.25  12140.75   12140.75     682
2023-02-24 04:15:00-05:00  12140.500000  12147.00  12136.75  12143.50   12143.50     412
2023-02-24 04:20:00-05:00  12143.250000  12144.25  12132.50  12135.00   12135.00     573
2023-02-24 04:25:00-05:00  12135.250000  12136.75  12131.75  12132.75   12132.75     328
2023-02-24 04:30:00-05:00  12131.250000  12136.75  12131.00  12135.75   12135.75     324
2023-02-24 04:35:00-05:00  12135.000000  12138.00  12132.00  12137.50   12137.50     414
2023-02-24 04:40:00-05:00  12137.250000  12138.75  12130.75  12130.75   12130.75     319
2023-02-24 04:45:00-05:00  12131.000000  12131.25  12122.25  12125.50   12125.50     812
2023-02-24 04:50:00-05:00  12125.000000  12128.25  12125.00  12127.50   12127.50     257
2023-02-24 04:55:00-05:00  12127.000000  12127.00  12123.25  12126.25   12126.25     240
2023-02-24 05:00:00-05:00  12126.000000  12128.00  12122.25  12125.75   12125.75     308
2023-02-24 05:05:00-05:00  12126.000000  12134.00  12125.00  12130.50   12130.50     643
2023-02-24 05:10:00-05:00  12130.500000  12132.75  12117.50  12119.50   12119.50     652
2023-02-24 05:15:00-05:00  12119.000000  12120.75  12114.50  12115.50   12115.50     586
2023-02-24 05:20:00-05:00  12115.750000  12117.50  12111.25  12116.25   12116.25     426
2023-02-24 05:25:00-05:00  12116.250000  12123.50  12116.25  12121.25   12121.25     385
2023-02-24 05:30:00-05:00  12121.000000  12121.75  12116.25  12118.00   12118.00     257
2023-02-24 05:35:00-05:00  12118.500000  12122.25  12112.25  12115.25   12115.25     550
2023-02-24 05:40:00-05:00  12115.000000  12115.25  12110.25  12112.75   12112.75     534
2023-02-24 05:45:00-05:00  12112.500000  12117.75  12108.75  12115.50   12115.50     521
2023-02-24 05:50:00-05:00  12115.000000  12121.25  12115.00  12119.50   12119.50     423
2023-02-24 05:55:00-05:00  12119.250000  12124.00  12117.00  12121.50   12121.50     369
2023-02-24 06:00:00-05:00  12121.000000  12121.00  12111.50  12115.00   12115.00     543
2023-02-24 06:05:00-05:00  12113.750000  12113.75  12104.25  12107.25   12107.25     858
2023-02-24 06:10:00-05:00  12107.500000  12109.75  12098.00  12099.25   12099.25     761
2023-02-24 06:15:00-05:00  12099.250000  12103.75  12093.00  12095.75   12095.75    1009
2023-02-24 06:20:00-05:00  12095.500000  12102.75  12093.50  12101.00   12101.00     640
2023-02-24 06:25:00-05:00  12101.750000  12107.25  12096.75  12098.50   12098.50     857
2023-02-24 06:30:00-05:00  12098.750000  12103.25  12095.25  12096.50   12096.50     637
2023-02-24 06:35:00-05:00  12097.000000  12102.75  12095.75  12100.25   12100.25     537
2023-02-24 06:40:00-05:00  12099.750000  12100.00  12090.25  12092.50   12092.50     771
2023-02-24 06:45:00-05:00  12092.250000  12093.75  12081.50  12087.50   12087.50    1176
2023-02-24 06:50:00-05:00  12087.000000  12092.25  12084.75  12089.25   12089.25     711
2023-02-24 06:55:00-05:00  12090.000000  12100.00  12089.50  12099.25   12099.25     842
2023-02-24 07:00:00-05:00  12099.500000  12100.50  12088.25  12096.00   12096.00     857
2023-02-24 07:05:00-05:00  12095.500000  12100.00  12091.25  12097.75   12097.75     603
2023-02-24 07:10:00-05:00  12098.250000  12102.75  12092.75  12102.75   12102.75     669
2023-02-24 07:15:00-05:00  12102.750000  12108.25  12100.75  12102.75   12102.75    1213
2023-02-24 07:20:00-05:00  12102.500000  12107.50  12095.25  12100.00   12100.00     770
2023-02-24 07:25:00-05:00  12100.250000  12105.75  12098.75  12103.25   12103.25     563
2023-02-24 07:30:00-05:00  12103.000000  12105.50  12098.50  12100.00   12100.00     561
2023-02-24 07:35:00-05:00  12100.250000  12102.25  12093.50  12096.50   12096.50     663
2023-02-24 07:40:00-05:00  12096.000000  12109.00  12095.50  12106.25   12106.25     656
2023-02-24 07:45:00-05:00  12106.250000  12106.25  12096.75  12101.25   12101.25     593
2023-02-24 07:50:00-05:00  12100.250000  12105.50  12097.75  12099.75   12099.75     473
2023-02-24 07:55:00-05:00  12099.750000  12102.00  12096.25  12097.50   12097.50     463
2023-02-24 08:00:00-05:00  12097.000000  12100.25  12090.50  12094.25   12094.25    1246
2023-02-24 08:05:00-05:00  12094.000000  12095.50  12088.50  12091.00   12091.00     966
2023-02-24 08:10:00-05:00  12091.250000  12098.00  12087.00  12088.50   12088.50    1272
2023-02-24 08:15:00-05:00  12088.250000  12095.25  12084.50  12094.25   12094.25    1441
2023-02-24 08:20:00-05:00  12094.000000  12096.75  12091.25  12095.75   12095.75    1082
2023-02-24 08:25:00-05:00  12095.500000  12104.00  12091.25  12093.00   12093.00    1729
2023-02-24 08:30:00-05:00  12091.250000  12091.25  12023.75  12033.00   12033.00   14331
2023-02-24 08:35:00-05:00  12031.000000  12032.50  11984.75  11988.75   11988.75    7663
2023-02-24 08:40:00-05:00  11988.250000  11999.50  11974.50  11978.00   11978.00    5253
2023-02-24 08:45:00-05:00  11977.750000  11995.25  11974.25  11993.25   11993.25    5530
2023-02-24 08:50:00-05:00  11993.250000  12001.00  11990.00  11999.25   11999.25    4093
2023-02-24 08:55:00-05:00  11999.500000  12016.25  11997.00  11998.75   11998.75    5668
2023-02-24 09:00:00-05:00  11998.250000  12004.75  11992.25  12002.00   12002.00    3735
2023-02-24 09:05:00-05:00  12001.500000  12010.25  11991.75  11999.75   11999.75    3089
2023-02-24 09:10:00-05:00  11999.500000  12000.75  11986.75  11991.25   11991.25    2019
2023-02-24 09:15:00-05:00  11991.500000  11991.50  11973.50  11976.25   11976.25    3553
2023-02-24 09:20:00-05:00  11976.250000  11991.25  11975.00  11985.00   11985.00    2634
2023-02-24 09:25:00-05:00  11985.750000  11995.75  11983.00  11994.25   11994.25    3255
2023-02-24 09:30:00-05:00  11994.000000  12020.50  11981.00  12016.00   12016.00   17627
2023-02-24 09:35:00-05:00  12016.500000  12039.25  11999.00  12037.25   12037.25   11940
2023-02-24 09:40:00-05:00  12037.750000  12043.00  11983.00  11984.75   11984.75   13068
2023-02-24 09:45:00-05:00  11985.250000  11985.25  11955.25  11967.50   11967.50   14725
2023-02-24 09:50:00-05:00  11968.250000  11982.75  11963.00  11978.25   11978.25    9252
2023-02-24 09:55:00-05:00  11978.500000  11997.50  11964.75  11976.50   11976.50    7764
2023-02-24 10:00:00-05:00  11973.000000  11992.75  11956.50  11980.25   11980.25   12565
2023-02-24 10:05:00-05:00  11980.750000  11988.75  11944.25  11956.00   11956.00   11677
2023-02-24 10:10:00-05:00  11955.250000  11961.00  11939.25  11944.50   11944.50    9218
2023-02-24 10:15:00-05:00  11944.750000  11956.50  11934.00  11945.00   11945.00   10366
2023-02-24 10:20:00-05:00  11945.000000  11953.00  11936.25  11943.25   11943.25    7248
2023-02-24 10:25:00-05:00  11943.250000  11959.75  11941.00  11959.00   11959.00    6689
2023-02-24 10:30:00-05:00  11959.000000  11960.50  11938.00  11956.25   11956.25    7578
2023-02-24 10:35:00-05:00  11955.750000  11963.25  11937.00  11941.00   11941.00    6356
2023-02-24 10:40:00-05:00  11940.250000  11954.50  11932.00  11952.50   11952.50    7693
2023-02-24 10:45:00-05:00  11952.500000  11963.75  11942.00  11942.75   11942.75    6446
2023-02-24 10:50:00-05:00  11942.750000  11944.50  11928.25  11930.00   11930.00    6667
2023-02-24 10:55:00-05:00  11930.250000  11940.00  11923.00  11935.75   11935.75    6290
2023-02-24 11:00:00-05:00  11936.250000  11941.25  11923.75  11926.50   11926.50    5700
2023-02-24 11:05:00-05:00  11926.750000  11947.75  11925.00  11943.75   11943.75    4745
2023-02-24 11:10:00-05:00  11944.250000  11956.00  11942.25  11946.25   11946.25    4905
2023-02-24 11:15:00-05:00  11946.500000  11963.75  11944.50  11954.00   11954.00    5594
2023-02-24 11:20:00-05:00  11953.750000  11965.75  11945.75  11958.00   11958.00    5489
2023-02-24 11:25:00-05:00  11959.000000  11986.25  11956.75  11973.50   11973.50    7403
2023-02-24 11:30:00-05:00  11973.750000  11983.25  11961.00  11968.50   11968.50    6681
2023-02-24 11:35:00-05:00  11968.000000  11970.75  11950.75  11955.00   11955.00    5675
2023-02-24 11:40:00-05:00  11954.500000  11982.50  11953.50  11976.50   11976.50    6923
2023-02-24 11:45:00-05:00  11977.000000  11998.00  11975.75  11993.50   11993.50    7041
2023-02-24 11:50:00-05:00  11994.250000  12018.25  11988.75  11990.75   11990.75    9908
2023-02-24 11:55:00-05:00  11991.500000  11997.50  11982.25  11990.75   11990.75    5965
2023-02-24 12:00:00-05:00  11991.000000  11998.25  11976.50  11979.00   11979.00    4702
2023-02-24 12:05:00-05:00  11978.750000  11981.25  11967.00  11976.50   11976.50    5534
2023-02-24 12:10:00-05:00  11976.500000  11984.75  11972.50  11983.50   11983.50    3402
2023-02-24 12:15:00-05:00  11984.500000  11986.50  11963.00  11967.50   11967.50    4466
2023-02-24 12:20:00-05:00  11967.250000  11979.25  11964.00  11974.00   11974.00    3447
2023-02-24 12:25:00-05:00  11974.250000  11979.75  11961.50  11972.00   11972.00    4484
2023-02-24 12:30:00-05:00  11972.500000  11984.75  11963.25  11963.75   11963.75    5345
2023-02-24 12:35:00-05:00  11964.250000  11971.50  11956.25  11958.25   11958.25    3498
2023-02-24 12:40:00-05:00  11958.250000  11960.00  11946.75  11951.00   11951.00    4706
2023-02-24 12:45:00-05:00  11950.500000  11951.00  11937.75  11940.50   11940.50    4834
2023-02-24 12:50:00-05:00  11940.250000  11947.75  11938.25  11946.50   11946.50    3463
2023-02-24 12:55:00-05:00  11946.250000  11949.75  11941.00  11945.00   11945.00    3105
2023-02-24 13:00:00-05:00  11945.250000  11952.00  11938.50  11941.50   11941.50    4197
2023-02-24 13:05:00-05:00  11941.750000  11944.75  11931.00  11936.00   11936.00    3947
2023-02-24 13:10:00-05:00  11935.750000  11939.25  11931.25  11935.75   11935.75    2938
2023-02-24 13:15:00-05:00  11936.000000  11946.00  11934.00  11944.00   11944.00    2852
2023-02-24 13:20:00-05:00  11944.250000  11964.25  11943.00  11959.00   11959.00    5491
2023-02-24 13:25:00-05:00  11959.000000  11965.50  11955.75  11958.25   11958.25    3277
2023-02-24 13:30:00-05:00  11958.750000  11959.25  11936.25  11951.00   11951.00    5090
2023-02-24 13:35:00-05:00  11951.000000  11958.50  11947.50  11956.75   11956.75    2933
2023-02-24 13:40:00-05:00  11956.750000  11967.00  11953.75  11959.50   11959.50    3673
2023-02-24 13:45:00-05:00  11959.750000  11970.00  11956.25  11963.00   11963.00    3380
2023-02-24 13:50:00-05:00  11963.250000  11972.75  11961.50  11971.00   11971.00    2831
2023-02-24 13:55:00-05:00  11971.750000  11975.00  11959.25  11965.75   11965.75    4220
2023-02-24 14:00:00-05:00  11966.000000  11976.75  11960.75  11970.25   11970.25    4038
2023-02-24 14:05:00-05:00  11971.000000  11980.50  11967.25  11973.00   11973.00    2595
2023-02-24 14:10:00-05:00  11971.750000  11972.75  11954.00  11963.75   11963.75    4435
2023-02-24 14:15:00-05:00  11964.250000  11978.00  11964.25  11975.25   11975.25    3749
2023-02-24 14:20:00-05:00  11975.500000  11978.50  11957.25  11968.00   11968.00    5170
2023-02-24 14:25:00-05:00  11967.750000  11979.75  11966.00  11969.25   11969.25    3525
2023-02-24 14:30:00-05:00  11970.000000  11973.50  11956.00  11962.50   11962.50    3684
2023-02-24 14:35:00-05:00  11963.000000  11966.00  11956.50  11962.75   11962.75    3101
2023-02-24 14:40:00-05:00  11963.000000  11963.25  11946.75  11952.25   11952.25    4133
2023-02-24 14:45:00-05:00  11952.750000  11980.00  11949.00  11977.25   11977.25    5099
2023-02-24 14:50:00-05:00  11977.250000  11993.00  11975.50  11988.50   11988.50    5913
2023-02-24 14:55:00-05:00  11989.000000  12013.25  11984.75  12006.00   12006.00    7303
2023-02-24 15:00:00-05:00  12006.000000  12021.00  11987.50  11990.75   11990.75    8037
2023-02-24 15:05:00-05:00  11990.500000  12007.50  11989.75  12003.25   12003.25    4876
2023-02-24 15:10:00-05:00  12003.250000  12006.75  11986.50  11988.50   11988.50    4318
2023-02-24 15:15:00-05:00  11988.250000  11996.00  11980.50  11994.75   11994.75    4517
2023-02-24 15:20:00-05:00  11994.750000  12002.75  11991.00  11994.75   11994.75    4124
2023-02-24 15:25:00-05:00  11995.250000  12001.50  11974.25  11976.50   11976.50    4898
2023-02-24 15:30:00-05:00  11976.500000  11981.25  11964.75  11965.25   11965.25    6789
2023-02-24 15:35:00-05:00  11965.000000  11967.50  11952.00  11957.00   11957.00    6804
2023-02-24 15:40:00-05:00  11956.750000  11967.25  11953.00  11962.25   11962.25    5704
2023-02-24 15:45:00-05:00  11962.000000  11967.25  11953.75  11962.50   11962.50    5505
2023-02-24 15:50:00-05:00  11962.500000  11978.25  11945.25  11976.00   11976.00   11373
2023-02-24 15:55:00-05:00  11976.000000  12003.75  11975.25  11997.50   11997.50   20939
2023-02-24 16:00:00-05:00  11998.000000  12001.25  11989.50  11999.50   11999.50    6053
2023-02-24 16:05:00-05:00  11999.250000  12000.75  11993.75  11999.75   11999.75    1565
2023-02-24 16:10:00-05:00  11999.500000  12003.25  11997.00  11999.50   11999.50    1411
2023-02-24 16:15:00-05:00  11998.750000  12002.25  11998.75  12001.00   12001.00     272
2023-02-24 16:20:00-05:00  12001.500000  12004.25  12001.25  12004.00   12004.00     292
2023-02-24 16:25:00-05:00  12003.500000  12004.25  12001.75  12003.25   12003.25     212
2023-02-24 16:30:00-05:00  12003.500000  12005.25  12000.25  12001.00   12001.00     278
2023-02-24 16:35:00-05:00  12001.000000  12003.25  11998.75  12000.00   12000.00     315
2023-02-24 16:40:00-05:00  11999.500000  12000.50  11997.75  12000.25   12000.25     244
2023-02-24 16:45:00-05:00  12000.250000  12002.25  11999.75  12002.25   12002.25     243
2023-02-24 16:50:00-05:00  12001.750000  12002.75  12000.00  12000.50   12000.50     255
2023-02-24 16:55:00-05:00  12000.500000  12001.00  11999.25  11999.75   11999.75     186